0 0.29725
1 0.4777
2 0.2906
3 0.5376
4 0.57455
5 0.56165
6 1.6521
7 2.07235
8 1.80865
9 0.52715
10 2.2524
11 2.0186
12 2.45175
13 1.25195
14 1.029
15 1.0492
16 1.09315
17 0.87075
18 1.15625
19 0.8643
20 0.70355
21 0.7114
22 0.71525
23 0.34525
24 0.33765
25 0.44085
26 1.51355
27 0.4916
28 1.47045
29 1.4968
30 0.59925
31 2.0415
32 0.5502
33 2.00235
34 2.7457
35 3.47385
36 1.84825
37 3.03295
38 2.0865
39 4.5582
40 0.56685
41 4.47935
42 2.67055
43 3.3671
44 2.52885
45 3.23105
46 2.7482
47 3.76805
48 1.03915
49 3.20855
50 1.2627
51 3.9746
52 0.96175
53 3.52085
54 2.72045
55 1.281
56 0.88205
57 1.22155
58 1.38915
59 0.684
60 0.7224
61 0.6027
62 0.4601
63 1.62415
64 1.6268
65 1.4179
66 1.649
67 3.65665
68 2.9912
69 0.55925
70 2.94745
71 2.52845
72 1.7694
73 2.5589
74 1.5548
75 3.00195
76 4.28245
77 2.0214
78 3.94425
79 3.94885
80 3.1448
81 2.5424
82 2.66355
83 2.2062
84 3.63775
85 2.3807
86 3.0286
87 3.0974
88 1.1126
89 2.9696
90 3.0075
91 2.43815
92 2.8079
93 2.29475
94 2.59005
95 1.387
96 2.4063
97 1.52815
98 3.5423
99 2.1201
100 2.20295
101 2.74145
102 4.98495
103 2.40415
104 3.31625
105 2.0724
106 1.8958
107 4.1504
108 2.1127
109 3.99985
110 6.26215
111 4.7873
112 2.4344
113 4.59905
114 3.83865
115 4.1207
116 3.2432
117 3.88655
118 3.2624
119 2.12455
120 1.75295
121 1.9854
122 5.0934
123 4.40695
124 3.9949
125 3.4504
126 2.40865
127 2.66725
128 2.18655
129 2.3668
130 2.03115
131 2.0453
132 3.39115
133 3.5703
134 0.9276
135 2.16785
136 3.2539
137 0.92845
138 2.60635
139 1.7346
140 4.32535
141 1.7182
142 2.7756
143 1.6445
144 1.4162
145 1.3571
146 7.9464
147 4.6437
148 5.42365
149 3.76605
150 7.3667
151 4.32215
152 2.6576
153 4.05025
154 4.1814
155 5.14965
156 2.5395
157 4.77235
158 6.92095
159 3.82825
160 3.9785
161 3.9055
162 4.06395
163 3.00115
164 3.64945
165 5.45015
166 1.89345
167 2.10775
168 1.79095
169 3.27425
170 4.24645
171 1.52685
172 2.7943
173 4.48835
174 1.64075
175 3.59875
176 2.50885
177 3.5431
178 5.61265
179 5.47405
180 2.2339
181 4.3113
182 4.97425
183 6.8655
184 6.43505
185 6.51075
186 4.05505
187 3.5403
188 6.0754
189 3.83355
190 3.57795
191 4.83165
192 3.4287
193 4.36835
194 3.99175
195 2.48055
196 6.07265
197 2.58645
198 1.33225
199 1.6527
200 1.72805
201 3.8003
202 1.28105
203 4.5701
204 1.263
205 3.82335
206 2.40565
207 2.2739
208 4.0555
209 1.77575
210 2.19325
211 1.47875
212 3.585
213 2.70225
214 4.80955
215 2.2135
216 1.9453
217 6.05745
218 5.3202
219 5.38685
220 5.8494
221 5.5669
222 4.23015
223 5.74225
224 4.49985
225 3.04425
226 3.50345
227 3.23385
228 3.37095
229 3.0696
230 4.45505
231 2.7526
232 2.81275
233 1.4007
234 3.19065
235 4.7618
236 2.41775
237 4.1176
238 2.4013
239 2.6928
240 1.74505
241 0.68195
242 1.8468
243 1.3973
244 0.67375
245 1.34865
246 0.56045
247 1.61865
248 0.54655
249 3.3342
250 3.1833
251 3.7917
252 2.7407
253 3.70005
254 6.7043
255 2.3658
256 6.18605
257 4.3852
258 6.1716
259 5.8442
260 6.2332
261 4.88075
262 3.64855
263 4.77365
264 3.8651
265 3.07905
266 3.7659
267 3.8467
268 3.49085
269 1.6389
270 3.3299
271 3.2455
272 1.3386
273 1.36395
274 4.4592
275 1.34175
276 1.81045
277 0.73605
278 2.18715
279 1.4015
280 1.2177
281 2.19695
282 0.54625
283 3.3121
284 1.3783
285 3.3058
286 3.42275
287 3.1253
288 3.31955
289 1.88475
290 4.5776
291 3.4531
292 4.32325
293 1.3588
294 3.2947
295 4.658
296 3.1781
297 1.55905
298 5.0723
299 5.00785
300 4.91615
301 2.07725
302 2.843
303 3.1358
304 2.81795
305 1.1678
306 2.13905
307 1.7282
308 2.0335
309 0.7547
310 1.0086
311 1.4437
312 0.9878
313 0.7449
314 1.0303
315 1.1391
316 0.95515
317 0.4962
318 1.0194
319 0.8683
320 1.04035
321 0.9108
322 1.7971
323 2.22735
324 1.88995
325 1.42345
326 3.3063
327 3.1498
328 1.5333
329 2.29255
330 2.3318
331 2.06195
332 1.20715
333 1.17005
334 1.2029
335 0.49405
336 0.47715
337 0.73675
338 0.39745
339 0.38485
340 3.2362
341 3.965
342 1.24235
343 1.2068
344 3.45635
345 3.7093
346 3.46385
347 3.49515
348 4.7842
349 5.54485
350 2.7604
351 2.7376
352 4.9458
353 4.70925
354 4.37655
355 3.8985
356 7.55345
357 6.23115
358 0.95265
359 0.9469
