0 0.3575
1 0.5241
2 0.3456
3 0.7903
4 0.9182
5 0.7995
6 2.6097
7 3.8033
8 3.2502
9 1.9693
10 4.8314
11 4.5702
12 3.8395
13 2.9582
14 2.9496
15 2.6066
16 2.4108
17 2.063
18 2.4601
19 1.2516
20 0.9946
21 1.0635
22 1.0619
23 0.4268
24 0.4293
25 0.4317
26 1.933
27 0.5206
28 1.8268
29 1.9426
30 1.361
31 2.9025
32 0.8583
33 3.0114
34 3.9568
35 5.1475
36 3.0687
37 4.4295
38 4.1366
39 6.6889
40 2.0417
41 6.3002
42 4.5155
43 4.713
44 4.085
45 4.9119
46 4.9906
47 5.0426
48 2.6205
49 4.3879
50 3.2948
51 6.4274
52 2.5168
53 5.7734
54 3.7655
55 2.0291
56 1.1791
57 2.1329
58 2.0926
59 1.2271
60 1.0795
61 1.1101
62 0.442
63 2.1727
64 2.2507
65 1.7284
66 2.5533
67 5.6914
68 4.2
69 1.2452
70 3.8016
71 5.3419
72 3.9973
73 3.3881
74 3.2222
75 5.561
76 6.7186
77 3.8574
78 6.3007
79 6.4815
80 5.5547
81 4.2816
82 4.7798
83 4.9018
84 5.1341
85 4.1854
86 4.7574
87 5.5133
88 2.8876
89 5.4749
90 5.4236
91 3.11
92 3.6146
93 3.2907
94 3.1269
95 2.0301
96 2.7857
97 1.9392
98 5.2564
99 2.7573
100 2.9187
101 4.0628
102 6.3704
103 5.0168
104 4.8611
105 3.9456
106 4.743
107 6.2215
108 4.0674
109 5.346
110 7.7484
111 6.8917
112 3.969
113 6.2026
114 6.1812
115 6.0525
116 4.8299
117 5.8045
118 6.5209
119 4.4056
120 3.5971
121 3.9858
122 7.1629
123 6.1612
124 6.2728
125 5.1154
126 4.0005
127 4.7921
128 4.0978
129 4.1341
130 3.3233
131 3.416
132 5.0226
133 4.7588
134 2.0625
135 2.9996
136 4.9806
137 2.1069
138 4.2073
139 4.0229
140 5.2586
141 3.6578
142 5.7263
143 4.3827
144 3.4401
145 3.2155
146 8.7994
147 7.4832
148 6.6515
149 5.7475
150 7.9439
151 6.3504
152 4.5895
153 5.9497
154 6.3891
155 6.5571
156 4.7212
157 6.3376
158 7.6556
159 4.9232
160 5.5455
161 5.7258
162 4.8064
163 4.3034
164 5.1567
165 7.0733
166 3.6665
167 3.6832
168 3.3702
169 4.225
170 6.057
171 2.9461
172 4.004
173 6.6474
174 3.1163
175 5.6162
176 3.8628
177 5.5278
178 7.2012
179 7.3978
180 4.9093
181 5.7068
182 6.2212
183 8.136
184 7.2465
185 7.221
186 5.4291
187 5.6211
188 7.0426
189 5.872
190 5.2691
191 6.0534
192 5.9871
193 6.263
194 5.4031
195 4.2135
196 7.7642
197 5.1427
198 2.7357
199 3.4929
200 3.8158
201 4.9461
202 2.9429
203 6.8649
204 2.8102
205 6.205
206 3.6952
207 3.0225
208 7.1199
209 2.4078
210 3.3456
211 2.1591
212 4.9043
213 4.7827
214 7.3479
215 3.705
216 3.5478
217 7.4768
218 7.5388
219 6.2893
220 6.3603
221 6.6789
222 6.3295
223 6.9037
224 5.8301
225 4.9385
226 6.1459
227 5.6732
228 4.864
229 4.6684
230 6.3902
231 4.5437
232 3.8873
233 3.0254
234 4.8666
235 5.6379
236 3.7679
237 5.6099
238 3.7772
239 4.6026
240 3.3801
241 1.1862
242 3.1558
243 1.7425
244 1.233
245 1.8991
246 1.3329
247 2.7797
248 1.158
249 4.0995
250 5.6896
251 6.1661
252 4.4124
253 4.9583
254 7.9157
255 4.9981
256 6.5799
257 5.419
258 7.0292
259 7.3066
260 7.3375
261 5.7067
262 5.0899
263 6.6721
264 6.1753
265 4.174
266 4.4596
267 6.0756
268 4.8499
269 2.4346
270 4.3221
271 4.0962
272 2.0682
273 2.1781
274 5.9413
275 2.0943
276 3.9236
277 1.3172
278 2.7107
279 1.869
280 1.6309
281 2.7353
282 1.2052
283 3.9381
284 2.0872
285 3.8472
286 4.9472
287 3.8461
288 4.5561
289 2.964
290 6.3603
291 5.2335
292 5.6013
293 2.8867
294 5.5835
295 6.3714
296 5.5652
297 3.2135
298 6.0239
299 6.3686
300 6.5341
301 3.2458
302 3.901
303 4.5032
304 4.1451
305 2.3074
306 3.3722
307 2.6275
308 3.2594
309 1.1045
310 1.7389
311 2.1958
312 1.5864
313 1.4
314 1.4816
315 1.5897
316 1.4495
317 1.1081
318 2.5153
319 1.8262
320 2.1698
321 1.9743
322 2.9642
323 4.7372
324 3.8152
325 3.1
326 5.3967
327 5.4968
328 3.1827
329 3.9877
330 4.4588
331 3.1215
332 2.4219
333 2.5898
334 2.1591
335 0.9146
336 0.9083
337 1.1061
338 0.4138
339 0.4155
340 4.8215
341 6.4465
342 2.2231
343 2.3985
344 5.4831
345 5.0814
346 4.6834
347 5.2732
348 5.7068
349 7.5044
350 4.4485
351 4.6629
352 5.4092
353 4.6366
354 6.1242
355 6.1718
356 8.0943
357 8.4626
358 1.6678
359 1.8233
