482
494
795
1123
1182
956
1698
2584
3117
2543
1481
3879
707
3339
5418
385
4752
283
1046
3568
915
676
463
4963
2778
6460
1148
920
5887
4131
5301
13020
519
13793
266
2404
1177
704
447
5652
406
1248
1161
263
1586
341
4063
310
416
617
499
854
1018
1212
394
2263
2653
2088
2594
696
1665
4784
1256
4685
4195
2412
4338
518
2319
471
271
415
2365
1495
286
1733
1613
3358
5228
703
745
11539
853
506
5393
595
11844
1632
3503
4035
3035
10015
7245
1602
5996
802
598
1895
1983
2444
1410
2729
373
1140
3287
1808
1482
2444
1106
362
521
1086
281
280
225
2086
1123
3960
2548
1765
1145
8018
579
1137
235
5611
1647
7303
12279
8823
3980
516
8105
294
5169
498
492
3733
1282
227
2392
5834
206
276
360
914
1077
471
2100
1625
3053
955
3347
3409
1041
960
392
3097
2213
5655
1504
4862
2850
1286
199
3382
423
2606
2286
268
4148
5952
5167
9719
12615
6008
760
2952
2803
672
3936
4405
5107
7814
5192
13006
4758
14696
4243
9873
9655
605
2012
1651
2968
1368
133
3611
259
2228
1422
6270
3871
7449
7791
2073
3716
215
233
381
3774
508
7170
1098
387
1189
9249
4610
2201
1583
4049
3912
293
2375
7908
4590
2877
7335
3078
1312
1301
3398
757
2820
2232
3116
2004
1881
1261
4610
7689
2263
1332
2550
2315
3849
1773
2913
3911
265
2902
635
6292
408
354
3689
1055
4562
797
2585
1062
477
238
3294
2953
1092
6560
2136
2862
3380
1819
9637
304
2778
1581
3618
231
834
9439
4315
228
226
582
1121
1528
2843
3126
3148
3552
6165
449
3638
6163
779
1397
1632
1096
7216
1017
230
8057
6367
363
1328
707
230
642
2002
3656
6186
2848
6117
3116
323
5659
9593
2243
452
8711
1848
6410
345
1684
3128
527
2176
933
1803
4487
2187
759
3844
1170
468
1592
9982
3297
2735
1063
7892
1931
4858
4445
278
1868
2625
1075
1303
257
9929
251
1219
3160
547
1402
4514
5056
4984
646
514
344
1486
4312
3611
5945
2048
358
4507
462
7954
5847
219
549
368
1224
1532
1759
533
2206
2481
2690
3397
3472
344
3252
290
571
300
321
1149
338
6428
2088
1036
5999
3326
1098
659
3345
2040
302
241
534
855
7350
2227
3218
325
269
3807
5711
3012
1044
5849
532
1284
9524
6088
2529
658
678
5915
980
9928
5848
1504
849
2294
992
337
1457
1443
4400
444
2504
333
3447
367
525
302
1864
740
2632
3126
2719
3982
1306
1409
2692
5553
2419
3191
6264
6014
1701
7042
3336
5599
7959
5725
2830
