1998
2152
378
3475
1543
3920
736
1218
6030
5770
5137
8752
5012
8010
4982
15022
13582
1791
4153
5055
620
16391
3933
1364
759
10050
11929
609
7759
17849
15631
6329
7526
2695
12366
7880
15266
413
465
1216
2501
3132
3022
677
2538
5622
5580
6173
1251
4827
7000
3114
7615
464
2170
425
4899
5258
10097
613
3091
16684
17299
8294
3605
19021
3069
2132
9346
8519
2115
9323
2378
309
351
391
2223
2356
4529
2997
5802
4256
414
6854
6943
2903
4823
2554
1245
3928
8182
6903
14021
8430
5660
2205
3929
14270
7125
8716
7192
4653
6342
6753
3441
4137
9330
3507
16940
8268
16648
1885
2949
3386
3767
457
5244
4585
6791
4770
341
528
2099
2646
5868
11782
5290
1265
5997
5781
1893
13576
3863
8129
4559
2790
3458
6897
4445
11301
7243
12770
4860
12413
8524
10199
509
11674
878
2373
3226
3985
4120
6339
1784
10997
11806
368
12538
1810
1968
4210
1386
650
14475
597
3794
794
19459
17590
1959
1304
1471
9287
1274
17208
13313
9293
4061
1155
334
6109
6031
2601
11541
654
967
1504
2370
6343
8888
10206
12503
744
13058
2899
5747
17681
18178
5862
1092
1406
4801
2446
845
15855
13664
845
504
5607
3172
7347
5489
5199
5082
13807
4219
11285
3560
1229
5353
5304
18018
2373
4024
9272
4772
14194
6523
3702
3497
314
756
909
990
606
2159
2172
2789
2086
5467
5573
1345
659
7571
4846
479
6557
4327
2886
1268
6458
4964
1386
8333
2569
4855
4637
1525
9507
464
7529
4664
3574
1302
3382
1041
5874
1557
1124
452
2750
1977
2932
3565
485
2979
5339
1158
2325
3287
408
3074
1610
2112
412
2713
6361
562
5110
541
7418
7455
631
3460
8017
908
582
2627
5676
6304
4428
4302
1559
2214
