277
296
224
254
286
293
859
1820
1918
1518
284
210
172
2151
301
300
574
2354
214
189
242
190
221
875
607
2485
339
330
366
238
827
1540
290
3239
1122
1090
6265
300
177
271
516
223
4755
212
2865
316
7038
501
210
393
326
322
429
411
181
841
196
195
294
243
240
199
1480
1783
285
263
932
3030
3302
221
2900
1307
234
3396
5767
4340
1317
3322
196
179
374
227
160
1380
1467
7443
206
221
228
3825
231
598
1797
3178
6136
1867
245
279
280
366
276
189
264
367
509
429
194
291
835
408
1868
2504
3097
3416
3283
2745
268
3274
700
866
146
3561
5082
431
218
306
1414
211
236
2694
1141
803
2802
225
4798
524
271
525
1820
820
178
5701
1776
252
227
211
324
277
353
1183
1232
204
1446
1422
899
547
164
155
588
214
2419
153
2834
517
748
212
2058
151
3647
2137
330
591
601
4028
1823
2239
5952
269
260
236
2500
2873
239
729
5754
336
635
212
3013
4877
1821
2670
213
228
213
275
378
190
210
298
488
317
249
1184
1069
632
2131
242
1716
554
277
656
3346
224
3468
244
3711
2756
361
268
175
598
681
292
1738
220
221
171
208
1637
191
963
430
227
216
2473
277
1173
3928
4049
255
307
6913
3015
1386
161
4216
434
208
2618
321
2820
2139
462
222
12177
189
6560
257
258
247
297
241
1212
2542
273
155
4237
3025
13545
242
11060
155
209
222
236
215
428
216
288
603
522
1470
1356
1921
708
1335
2641
1900
4039
2520
2200
4675
444
314
587
277
213
1246
192
273
918
2515
4899
179
247
194
257
1466
192
5156
2346
216
7778
3713
1496
3978
183
1058
174
1605
251
301
1013
341
7522
1596
303
261
1232
413
1746
1601
131
290
216
1977
283
421
1898
1522
1833
203
397
275
5750
8724
1313
4110
2651
2269
11104
202
191
314
236
250
480
210
975
195
304
1424
192
196
1355
1806
226
1910
246
205
515
1394
1020
434
248
198
2763
260
262
579
1862
1125
4372
4249
3375
1392
2542
529
3187
231
2743
304
254
207
2042
1101
4131
2838
1499
2085
276
4280
221
176
836
6608
196
6227
3252
5429
1541
2398
1393
6267
210
298
10415
270
3019
7091
211
3632
6265
170
346
1352
617
12951
518
232
445
180
206
227
256
217
373
269
219
275
230
734
142
176
1033
1238
460
578
206
475
235
1773
1620
258
1980
265
2048
195
211
222
251
2209
205
227
2257
223
185
2361
212
176
277
348
481
226
241
289
234
311
293
1589
1705
243
173
697
235
3972
4566
289
268
4004
291
2878
249
198
1107
2895
160
1214
817
3530
201
376
207
4910
156
353
2094
5344
4450
5831
247
1037
162
866
220
1318
8337
349
176
8517
214
1492
1354
174
190
300
287
3875
3076
212
3115
183
403
259
152
1417
1196
1953
264
1519
398
162
220
2130
388
1821
226
274
2870
177
2029
230
294
265
7838
1747
265
1623
203
389
10931
498
3965
815
1139
5799
6315
372
384
584
275
8240
7519
312
2577
232
328
3341
182
3292
252
202
1003
4442
1818
201
3636
278
1329
232
199
568
237
270
251
432
6464
2199
156
1024
1647
404
211
247
602
4053
1357
329
2798
224
4389
3088
486
450
286
1901
4240
1791
206
5799
4704
7890
2026
1373
303
556
338
4272
7254
4612
5625
274
185
1871
7969
1702
4341
3400
4786
208
661
239
199
1281
4137
3095
240
1149
4598
317
197
282
222
212
6106
181
229
482
726
393
259
179
182
3132
554
526
134
4233
8696
5493
2214
147
197
267
319
250
171
398
334
221
274
806
221
281
304
221
1205
176
323
153
218
1404
193
346
173
553
471
220
272
178
512
306
396
1832
2569
310
206
527
3261
4244
938
729
234
5514
192
2508
6410
237
244
309
196
198
273
343
3841
4614
677
472
242
276
1372
365
221
724
464
3663
823
251
1868
1966
318
308
1196
186
1020
1108
223
2198
7101
294
183
1350
278
1075
294
326
3203
607
216
250
3899
290
310
1619
3799
153
298
308
562
756
306
1091
199
193
446
754
934
193
254
228
2409
167
2863
1610
3591
225
3586
222
820
1511
2933
2247
284
176
1976
237
214
361
173
1689
1348
304
2473
325
159
6651
259
245
3489
319
932
1222
6165
389
148
553
164
213
297
3628
219
243
199
2534
1277
870
3814
399
180
3059
209
384
227
216
1306
2079
3311
329
5097
594
4346
391
9629
1298
7173
842
273
270
277
2696
2400
1013
247
7952
196
352
505
3563
222
205
3259
