276
274
275
273
274
256
273
272
283
271
274
257
269
261
273
274
275
259
276
270
263
261
262
259
271
255
241
276
269
267
278
271
256
265
285
271
231
285
278
250
267
289
275
263
277
271
264
263
258
282
260
260
259
283
276
280
262
271
275
270
276
244
286
265
265
276
278
264
262
274
265
272
277
267
256
260
257
277
273
268
261
272
264
267
263
279
279
273
257
271
279
255
272
241
255
280
269
277
257
281
254
274
283
268
250
271
261
267
261
267
273
275
286
278
272
265
269
260
259
247
244
269
279
267
254
265
276
262
275
263
257
268
270
265
253
260
267
272
268
255
270
277
277
252
272
266
268
263
267
288
229
248
296
265
276
258
264
264
270
263
284
272
259
263
257
256
269
271
273
267
264
275
268
274
261
264
265
269
268
275
254
262
275
271
275
266
253
254
268
285
277
275
265
270
272
259
265
254
280
267
263
277
238
267
272
258
266
257
268
261
265
244
275
265
274
258
270
270
278
257
257
272
275
265
264
281
275
257
277
248
264
256
278
271
264
273
242
278
269
261
253
261
257
266
264
258
263
271
248
259
268
271
255
258
263
267
267
272
267
253
256
254
275
275
246
267
282
251
268
276
267
268
267
268
275
255
271
285
269
258
250
273
268
267
251
290
270
269
271
266
269
265
260
269
271
280
246
268
275
252
271
255
250
269
267
266
269
271
273
263
270
276
255
270
270
280
263
292
271
271
246
279
273
270
253
256
255
275
270
287
254
250
274
259
279
263
271
262
281
294
243
278
246
270
269
239
261
266
263
253
258
272
270
278
282
262
249
252
281
270
270
258
279
251
261
265
255
267
277
262
267
285
283
273
259
265
263
270
277
277
275
252
277
261
257
254
278
275
278
266
270
260
279
245
267
254
254
281
273
265
263
264
272
279
264
265
262
280
259
271
273
255
259
286
241
261
243
259
261
273
251
254
238
272
262
266
263
251
283
274
275
278
257
281
261
266
277
269
265
257
266
273
268
254
271
264
261
274
277
287
258
286
270
256
281
260
252
266
261
260
253
