0 4
1 1
2 0
3 0
4 0
5 0
6 0
7 0
8 0
9 1
10 0
11 0
12 0
13 1
14 4
15 3
16 3
17 2
18 2
19 5
20 5
21 6
22 8
23 8
24 7
25 5
26 2
27 4
28 7
29 8
30 6
31 4
32 5
33 4
34 3
35 2
36 1
37 0
38 2
39 3
40 2
41 4
42 1
43 4
44 4
45 2
46 2
47 3
48 3
49 1
50 2
51 2
52 7
53 7
54 9
55 11
56 8
57 6
58 6
59 5
60 6
61 4
62 4
63 5
64 4
65 2
66 1
67 3
68 3
69 3
70 3
71 3
72 3
73 4
74 3
75 3
76 0
77 2
78 2
79 0
80 1
81 1
82 1
83 1
84 2
85 2
86 0
87 1
88 2
89 2
90 3
91 6
92 8
93 8
94 7
95 8
96 9
97 6
98 7
99 9
100 10
101 10
102 11
103 8
104 9
105 7
106 6
107 3
108 4
109 4
110 6
111 5
112 7
113 8
114 6
115 5
116 5
117 4
118 3
119 1
120 0
121 2
122 1
123 1
124 0
125 0
126 2
127 3
128 4
129 7
130 7
131 7
132 6
133 7
134 9
135 7
136 8
137 7
138 6
139 7
140 6
141 6
142 6
143 4
144 1
145 3
146 2
147 3
148 1
149 1
150 5
151 3
152 1
153 1
154 1
155 1
156 0
157 1
158 0
159 1
160 1
161 4
162 3
163 3
164 4
165 5
166 6
167 5
168 5
169 9
170 12
171 13
172 16
173 13
174 13
175 12
176 13
177 12
178 10
179 8
180 6
181 4
182 1
183 1
184 0
185 2
186 1
187 1
188 3
189 4
190 4
191 3
192 2
193 0
194 2
195 5
196 5
197 4
198 4
199 4
200 2
201 1
202 0
203 2
204 2
205 1
206 4
207 6
208 7
209 6
210 6
211 6
212 4
213 3
214 2
215 1
216 4
217 4
218 3
219 0
220 4
221 4
222 3
223 1
224 2
225 1
226 1
227 2
228 3
229 5
230 5
231 5
232 6
233 7
234 6
235 7
236 8
237 11
238 10
239 12
240 12
241 13
242 11
243 10
244 10
245 8
246 7
247 7
248 5
249 4
250 1
251 3
252 2
253 7
254 7
255 7
256 6
257 5
258 5
259 4
260 3
261 1
262 3
263 2
264 3
265 0
266 1
267 2
268 3
269 3
270 3
271 3
272 3
273 2
274 1
275 3
276 1
277 1
278 1
279 1
280 2
281 0
282 1
283 3
284 3
285 2
286 3
287 3
288 2
289 2
290 7
291 8
292 6
293 6
294 6
295 7
296 6
297 6
298 5
299 4
300 4
301 6
302 6
303 7
304 5
305 4
306 3
307 4
308 3
309 3
310 1
311 0
312 2
313 3
314 4
315 5
316 5
317 8
318 10
319 10
320 9
321 7
322 7
323 5
324 4
325 3
326 2
327 4
328 5
329 5
330 3
331 3
332 1
333 4
334 5
335 4
336 1
337 3
338 1
339 4
340 3
341 2
342 0
343 2
344 3
345 3
346 3
347 5
348 5
349 6
350 6
351 6
352 6
353 6
354 5
355 4
356 3
357 3
358 3
359 4
360 5
361 8
362 10
363 14
364 16
365 14
366 17
367 14
368 17
369 14
370 17
371 14
372 17
373 15
374 12
375 15
376 12
377 14
378 16
379 13
380 16
381 13
382 13
383 13
384 15
385 12
386 12
387 13
388 12
389 12
390 11
391 9
392 9
393 6
394 5
395 3
396 1
397 2
398 2
399 4
400 4
401 3
402 3
403 2
404 5
405 5
406 4
407 5
408 6
409 6
410 8
411 9
412 9
413 13
414 12
415 12
416 13
417 13
418 15
419 12
420 12
421 13
422 11
423 12
424 11
425 9
426 6
427 3
428 2
429 5
430 3
431 4
432 7
433 8
434 10
435 13
436 12
437 14
438 16
439 13
440 14
441 15
442 12
443 15
444 12
445 15
446 13
447 13
448 13
449 12
450 11
451 10
452 8
453 6
454 7
455 6
456 4
457 2
458 2
459 3
460 3
461 2
462 1
463 0
464 2
465 0
466 1
467 1
468 4
469 1
470 3
471 0
472 1
473 1
474 3
475 1
476 6
477 5
478 5
479 5
480 7
481 5
482 3
483 3
484 3
485 4
486 4
487 4
488 4
489 3
490 5
491 4
492 7
493 8
494 7
495 7
496 6
497 6
498 5
499 4
500 3
501 1
502 3
503 1
504 2
505 0
506 0
507 1
508 0
509 0
510 1
511 1
512 3
513 2
514 1
515 2
516 1
517 2
518 1
519 3
520 4
521 3
522 0
523 2
524 2
525 3
526 2
527 2
528 2
529 3
530 3
531 4
532 3
533 4
534 9
535 9
536 8
537 10
538 11
539 12
540 11
541 9
542 8
543 7
544 7
545 5
546 5
547 2
548 2
549 2
550 1
551 2
552 4
553 4
554 6
555 7
556 7
557 10
558 11
559 11
560 11
561 10
562 11
563 11
564 10
565 8
566 9
567 9
568 7
569 7
570 6
571 7
572 8
573 7
574 7
575 5
576 3
577 2
578 1
579 0
580 2
581 0
582 0
583 2
584 1
585 7
586 9
587 7
588 5
589 2
590 1
591 1
592 2
593 2
594 0
595 3
596 4
597 6
598 6
599 10
600 10
601 12
602 12
603 13
604 13
605 13
606 12
607 11
608 9
609 6
610 5
611 4
612 2
613 1
614 1
615 5
616 5
617 5
618 4
619 2
620 2
621 4
622 3
623 3
624 2
625 4
626 4
627 5
628 7
629 5
630 4
631 5
632 5
633 3
634 3
635 2
636 0
637 1
638 3
639 1
640 2
641 1
642 3
643 3
644 3
645 2
646 3
647 3
648 2
649 2
650 3
651 3
652 3
653 1
654 2
655 0
656 2
657 1
658 4
659 1
660 4
661 4
662 4
663 5
664 6
665 6
666 6
667 5
668 7
669 9
670 7
671 5
672 7
673 8
674 7
675 7
676 6
677 7
678 7
679 8
680 10
681 11
682 10
683 8
684 8
685 8
686 5
687 7
688 7
689 4
690 4
691 5
692 4
693 3
694 2
695 4
696 3
697 1
698 2
699 3
700 3
701 2
702 2
703 1
704 2
705 2
706 4
707 4
708 7
709 8
710 7
711 5
712 4
713 6
714 3
715 0
716 3
717 6
718 5
719 2
720 4
721 1
722 0
723 2
724 0
725 3
726 4
727 6
728 7
729 10
730 9
731 6
732 3
733 2
734 0
735 1
736 1
737 0
738 1
739 4
740 1
741 1
742 1
743 4
744 6
745 6
746 6
747 8
748 9
749 7
750 7
751 9
752 13
753 13
754 14
755 13
756 11
757 9
758 8
759 5
760 2
761 1
762 1
763 3
764 1
765 4
766 4
767 2
768 3
769 1
770 2
771 1
772 3
773 3
774 3
775 5
776 8
777 9
778 11
779 12
780 12
781 13
782 14
783 13
784 15
785 12
786 14
787 16
788 13
789 13
790 10
791 9
792 6
793 3
794 2
795 0
796 1
797 0
798 0
799 3
800 0
801 1
802 1
803 2
804 4
805 3
806 5
807 5
808 6
809 5
810 7
811 8
812 10
813 9
814 8
815 7
816 4
817 2
818 2
819 2
820 4
821 5
822 2
823 3
824 3
825 1
826 2
827 3
828 1
829 1
830 2
831 0
832 2
833 2
834 1
835 4
836 2
837 4
838 4
839 3
840 6
841 4
842 4
843 3
844 1
845 1
846 1
847 3
848 1
849 3
850 2
851 2
852 4
853 4
854 5
855 6
856 6
857 8
858 8
859 9
860 9
861 9
862 7
863 6
864 9
865 7
866 6
867 6
868 3
869 2
870 2
871 2
872 3
873 1
874 4
875 3
876 1
877 0
878 0
879 0
880 0
881 1
882 1
883 2
884 3
885 1
886 3
887 1
888 3
889 2
890 2
891 2
892 3
893 3
894 3
895 3
896 2
897 4
898 5
899 7
900 9
901 9
902 7
903 8
904 8
905 5
906 4
907 5
908 3
909 1
910 1
911 3
912 0
913 0
914 1
915 2
916 2
917 3
918 0
919 2
920 3
921 3
922 0
923 2
924 1
925 1
926 4
927 2
928 0
929 2
930 1
931 2
932 4
933 5
934 6
935 6
936 6
937 4
938 3
939 4
940 4
941 5
942 7
943 7
944 11
945 13
946 11
947 12
948 13
949 14
950 14
951 12
952 12
953 15
954 12
955 13
956 12
957 13
958 10
959 8
960 7
961 4
962 1
963 0
964 1
965 0
966 1
967 0
968 5
969 4
970 6
971 5
972 6
973 6
974 6
975 3
976 5
977 5
978 2
979 3
980 5
981 7
982 6
983 7
984 5
985 5
986 6
987 6
988 5
989 3
990 5
991 4
992 4
993 6
994 5
995 3
996 3
997 3
998 0
999 3
1000 2
1001 5
1002 5
1003 5
1004 5
1005 6
1006 4
1007 4
1008 7
1009 6
1010 6
1011 10
1012 9
1013 10
1014 11
1015 14
1016 13
1017 11
1018 10
1019 10
1020 7
1021 7
1022 6
1023 5
1024 6
1025 3
1026 1
1027 1
1028 3
1029 1
1030 1
1031 2
1032 1
1033 1
1034 1
1035 1
1036 4
1037 3
1038 5
1039 5
1040 4
1041 1
1042 2
1043 2
1044 0
1045 4
1046 3
1047 3
1048 2
1049 3
1050 1
1051 4
1052 5
1053 2
1054 2
1055 1
1056 3
1057 6
1058 6
1059 7
1060 6
1061 7
1062 5
1063 6
1064 9
1065 6
1066 6
1067 5
1068 5
1069 7
1070 7
1071 7
1072 7
1073 7
1074 6
1075 4
1076 7
1077 6
1078 6
1079 3
1080 3
1081 1
1082 1
1083 4
1084 4
1085 4
1086 2
1087 5
1088 4
1089 4
1090 4
1091 2
1092 1
1093 4
1094 3
1095 2
1096 1
1097 2
1098 6
1099 5
1100 4
1101 3
1102 2
1103 2
1104 4
1105 2
1106 1
1107 2
1108 2
1109 5
1110 4
1111 3
1112 3
1113 4
1114 4
1115 6
1116 4
1117 2
1118 4
1119 1
1120 3
1121 2
1122 0
1123 5
1124 5
1125 10
1126 8
1127 7
1128 6
1129 5
1130 3
1131 3
1132 5
1133 4
1134 3
1135 1
1136 3
1137 5
1138 3
1139 3
1140 2
1141 1
1142 3
1143 6
1144 6
1145 5
1146 2
1147 2
1148 2
1149 2
1150 3
1151 5
1152 6
1153 8
1154 5
1155 5
1156 7
1157 6
1158 5
1159 6
1160 8
1161 10
1162 10
1163 9
1164 8
1165 7
1166 5
1167 4
1168 6
1169 4
1170 4
1171 2
1172 3
1173 0
1174 0
1175 0
1176 0
1177 2
1178 2
1179 2
1180 1
1181 2
1182 2
1183 2
1184 1
1185 1
1186 5
1187 5
1188 3
1189 4
1190 4
1191 5
1192 3
1193 2
1194 2
1195 2
1196 2
1197 3
1198 3
1199 1
1200 3
1201 1
1202 1
1203 1
1204 3
1205 3
1206 1
1207 1
1208 1
1209 3
1210 4
1211 5
1212 4
1213 2
1214 3
1215 3
1216 2
1217 3
1218 1
1219 3
1220 5
1221 2
1222 5
1223 7
1224 7
1225 7
1226 7
1227 5
1228 6
1229 6
1230 3
1231 1
1232 0
1233 3
1234 1
1235 0
1236 2
1237 4
1238 6
1239 7
1240 7
1241 5
1242 4
1243 4
1244 2
1245 0
1246 3
1247 4
1248 6
1249 6
1250 8
1251 7
1252 7
1253 7
1254 7
1255 6
1256 6
1257 4
1258 3
1259 2
1260 2
1261 0
1262 0
1263 1
1264 1
1265 0
1266 1
1267 0
1268 3
1269 4
1270 4
1271 5
1272 5
1273 3
1274 4
1275 4
1276 3
1277 3
1278 4
1279 4
1280 4
1281 4
1282 5
1283 6
1284 5
1285 4
1286 4
1287 3
1288 1
1289 2
1290 2
1291 3
1292 2
1293 1
1294 1
1295 4
1296 7
1297 7
1298 5
1299 5
1300 2
1301 3
1302 5
1303 5
1304 5
1305 7
1306 6
1307 6
1308 6
1309 3
1310 2
1311 2
1312 0
1313 3
1314 4
1315 3
1316 3
1317 3
1318 4
1319 2
1320 3
1321 2
1322 4
1323 3
1324 5
1325 4
1326 3
1327 2
1328 3
1329 1
1330 3
1331 4
1332 4
1333 5
1334 6
1335 7
1336 8
1337 8
1338 9
1339 11
1340 9
1341 9
1342 7
1343 5
1344 5
1345 5
1346 4
1347 4
1348 4
1349 4
1350 2
1351 3
1352 3
1353 2
1354 2
1355 1
1356 1
1357 1
1358 1
1359 4
1360 4
1361 4
1362 1
1363 3
1364 4
1365 6
1366 5
1367 5
1368 4
1369 6
1370 5
1371 4
1372 2
1373 1
1374 5
1375 5
1376 5
1377 5
1378 5
1379 5
1380 4
1381 3
1382 3
1383 5
1384 7
1385 7
1386 6
1387 4
1388 1
1389 2
1390 1
1391 1
1392 2
1393 1
1394 3
1395 4
1396 3
1397 5
1398 5
1399 3
1400 2
1401 2
1402 3
1403 2
1404 3
1405 2
1406 4
1407 5
1408 5
1409 3
1410 2
1411 3
1412 3
1413 3
1414 1
1415 1
1416 1
1417 2
1418 0
1419 1
1420 3
1421 3
1422 3
1423 2
1424 2
1425 5
1426 7
1427 5
1428 6
1429 6
1430 3
1431 4
1432 8
1433 10
1434 9
1435 8
1436 8
1437 7
1438 7
1439 9
1440 9
1441 7
1442 5
1443 4
1444 3
1445 2
1446 1
1447 3
1448 2
1449 4
1450 4
1451 4
1452 5
1453 6
1454 4
1455 4
1456 4
1457 3
1458 3
1459 5
1460 6
1461 8
1462 8
1463 7
1464 6
1465 5
1466 6
1467 3
1468 1
1469 6
1470 6
1471 4
1472 2
1473 4
1474 5
1475 6
1476 8
1477 7
1478 8
1479 6
1480 5
1481 4
1482 5
1483 4
1484 6
1485 6
1486 6
1487 6
1488 6
1489 5
1490 7
1491 7
1492 4
1493 5
1494 2
1495 3
1496 0
1497 1
1498 1
1499 1
1500 4
1501 4
1502 2
1503 0
1504 2
1505 2
1506 2
1507 3
1508 4
1509 3
1510 2
1511 0
1512 4
1513 2
1514 1
1515 3
1516 1
1517 2
1518 1
1519 3
1520 4
1521 6
1522 6
1523 6
1524 7
1525 7
1526 7
1527 6
1528 6
1529 5
1530 3
1531 2
1532 1
1533 0
1534 2
1535 0
1536 4
1537 5
1538 3
1539 3
1540 0
1541 0
1542 2
1543 5
1544 8
1545 7
1546 5
1547 6
1548 7
1549 5
1550 7
1551 6
1552 5
1553 5
1554 4
1555 4
1556 4
1557 6
1558 4
1559 2
1560 1
1561 2
1562 2
1563 2
1564 5
1565 5
1566 7
1567 6
1568 6
1569 7
1570 7
1571 8
1572 5
1573 4
1574 3
1575 0
1576 2
1577 1
1578 0
1579 1
1580 1
1581 0
1582 5
1583 5
1584 6
1585 5
1586 3
1587 1
1588 1
1589 1
1590 1
1591 1
1592 1
1593 1
1594 1
1595 1
1596 1
1597 2
1598 2
1599 2
1600 3
1601 4
1602 8
1603 10
1604 12
1605 13
1606 15
1607 12
1608 12
1609 11
1610 10
1611 8
1612 9
1613 7
1614 4
1615 3
1616 2
1617 2
1618 0
1619 2
1620 0
1621 2
1622 1
1623 3
1624 3
1625 3
1626 0
1627 3
1628 2
1629 2
1630 1
1631 5
1632 4
1633 1
1634 4
1635 3
1636 3
1637 4
1638 5
1639 3
1640 4
1641 5
1642 4
1643 2
1644 3
1645 1
1646 2
1647 0
1648 2
1649 1
1650 2
1651 2
1652 4
1653 5
1654 3
1655 5
1656 7
1657 9
1658 12
1659 13
1660 15
1661 12
1662 15
1663 12
1664 15
1665 12
1666 14
1667 15
1668 12
1669 12
1670 10
1671 8
1672 5
1673 3
1674 0
1675 2
1676 2
1677 1
1678 0
1679 3
1680 3
1681 4
1682 2
1683 3
1684 0
1685 2
1686 4
1687 3
1688 2
1689 2
1690 6
1691 5
1692 5
1693 5
1694 4
1695 5
1696 4
1697 6
1698 7
1699 7
1700 6
1701 4
1702 2
1703 0
1704 1
1705 2
1706 4
1707 3
1708 2
1709 2
1710 3
1711 5
1712 5
1713 5
1714 7
1715 6
1716 5
1717 6
1718 3
1719 3
1720 4
1721 3
1722 1
1723 1
1724 2
1725 3
1726 3
1727 1
1728 4
1729 2
1730 2
1731 1
1732 3
1733 3
1734 1
1735 3
1736 3
1737 3
1738 2
1739 2
1740 2
1741 4
1742 7
1743 8
1744 8
1745 9
1746 10
1747 10
1748 10
1749 11
1750 10
1751 7
1752 9
1753 8
1754 7
1755 9
1756 7
1757 5
1758 3
1759 1
1760 2
1761 4
1762 3
1763 0
1764 4
1765 4
1766 4
1767 5
1768 7
1769 9
1770 9
1771 9
1772 8
1773 9
1774 10
1775 10
1776 9
1777 10
1778 10
1779 9
1780 10
1781 11
1782 11
1783 11
1784 13
1785 13
1786 13
1787 11
1788 10
1789 10
1790 9
1791 6
1792 6
1793 5
1794 3
1795 2
1796 2
1797 3
1798 4
1799 6
1800 7
1801 8
1802 8
1803 8
1804 8
1805 7
1806 7
1807 5
1808 5
1809 5
1810 5
1811 6
1812 4
1813 4
1814 5
1815 4
1816 7
1817 6
1818 8
1819 8
1820 10
1821 11
1822 12
1823 9
1824 7
1825 7
1826 4
1827 3
1828 2
1829 1
1830 3
1831 2
1832 2
1833 3
1834 1
1835 1
1836 5
1837 3
1838 1
1839 2
1840 1
1841 2
1842 1
1843 3
1844 1
1845 2
1846 4
1847 4
1848 1
1849 2
1850 1
1851 1
1852 2
1853 2
1854 2
1855 3
1856 4
1857 5
1858 5
1859 6
1860 7
1861 7
1862 7
1863 7
1864 6
1865 6
1866 6
1867 7
1868 6
1869 9
1870 11
1871 9
1872 9
1873 10
1874 7
1875 4
1876 2
1877 2
1878 2
1879 0
1880 4
1881 3
1882 2
1883 3
1884 2
1885 3
1886 2
1887 4
1888 4
1889 4
1890 5
1891 4
1892 4
1893 3
1894 6
1895 10
1896 9
1897 7
1898 8
1899 8
1900 6
1901 3
1902 0
1903 1
1904 0
1905 3
1906 1
1907 2
1908 1
1909 6
1910 5
1911 5
1912 3
1913 4
1914 5
1915 4
1916 5
1917 4
1918 6
1919 7
1920 6
1921 7
1922 7
1923 7
1924 9
1925 8
1926 6
1927 3
1928 1
1929 1
1930 2
1931 2
1932 4
1933 3
1934 0
1935 6
1936 4
1937 4
1938 3
1939 2
1940 1
1941 2
1942 0
1943 2
1944 3
1945 3
1946 4
1947 4
1948 6
1949 8
1950 9
1951 10
1952 10
1953 9
1954 7
1955 7
1956 8
1957 5
1958 7
1959 5
1960 5
1961 6
1962 4
1963 6
1964 3
1965 5
1966 6
1967 8
1968 8
1969 7
1970 8
1971 7
1972 6
1973 6
1974 4
1975 2
1976 2
1977 3
1978 1
1979 3
1980 3
1981 1
1982 3
1983 3
1984 4
1985 5
1986 2
1987 2
1988 2
1989 5
1990 4
1991 2
1992 4
1993 5
1994 5
1995 4
1996 3
1997 0
1998 2
1999 2
2000 5
2001 5
2002 5
2003 5
2004 5
2005 4
2006 5
2007 5
2008 5
2009 4
2010 5
2011 3
2012 1
2013 4
2014 3
2015 3
2016 2
2017 3
2018 3
2019 0
2020 0
2021 0
2022 1
2023 2
2024 2
2025 3
2026 2
2027 4
2028 7
2029 6
2030 9
2031 10
2032 9
2033 10
2034 11
2035 12
2036 11
2037 10
2038 10
2039 9
2040 7
2041 6
2042 4
2043 1
2044 1
2045 2
2046 1
2047 2
2048 1
2049 5
2050 4
2051 5
2052 6
2053 4
2054 6
2055 6
2056 5
2057 3
2058 2
2059 3
2060 6
2061 7
2062 7
2063 11
2064 10
2065 11
2066 12
2067 12
2068 12
2069 11
2070 11
2071 10
2072 10
2073 10
2074 8
2075 6
2076 5
2077 5
2078 5
2079 3
2080 0
2081 2
2082 0
2083 2
2084 1
2085 6
2086 4
2087 7
2088 6
2089 8
2090 6
2091 7
2092 6
2093 6
2094 5
2095 6
2096 6
2097 5
2098 8
2099 6
2100 8
2101 6
2102 5
2103 3
2104 0
2105 1
2106 3
2107 2
2108 1
2109 2
2110 1
2111 1
2112 6
2113 3
2114 3
2115 3
2116 4
2117 4
2118 7
2119 9
2120 9
2121 9
2122 10
2123 9
2124 9
2125 9
2126 8
2127 8
2128 8
2129 8
2130 8
2131 7
2132 7
2133 7
2134 7
2135 7
2136 6
2137 6
2138 5
2139 3
2140 1
2141 2
2142 0
2143 1
2144 0
2145 3
2146 0
2147 1
2148 2
2149 0
2150 1
2151 2
2152 5
2153 5
2154 3
2155 2
2156 3
2157 1
2158 1
2159 3
2160 1
2161 2
2162 2
2163 3
2164 3
2165 3
2166 6
2167 6
2168 3
2169 2
2170 1
2171 6
2172 7
2173 4
2174 6
2175 3
2176 3
2177 2
2178 3
2179 2
2180 2
2181 1
2182 1
2183 5
2184 5
2185 4
2186 5
2187 5
2188 4
2189 3
2190 2
2191 4
2192 4
2193 2
2194 1
2195 0
2196 0
2197 0
2198 3
2199 0
2200 1
2201 1
2202 2
2203 2
2204 2
2205 2
2206 4
2207 6
2208 7
2209 7
2210 8
2211 8
2212 10
2213 10
2214 10
2215 11
2216 10
2217 9
2218 7
2219 4
2220 3
2221 2
2222 2
2223 1
2224 1
2225 3
2226 3
2227 4
2228 3
2229 1
2230 4
2231 3
2232 4
2233 4
2234 5
2235 4
2236 4
2237 5
2238 3
2239 3
2240 2
2241 3
2242 2
2243 1
2244 2
2245 2
2246 0
2247 2
2248 1
2249 3
2250 2
2251 5
2252 3
2253 1
2254 3
2255 0
2256 2
2257 2
2258 3
2259 2
2260 4
2261 2
2262 6
2263 5
2264 4
2265 4
2266 3
2267 3
2268 3
2269 2
2270 2
2271 3
2272 2
2273 4
2274 6
2275 7
2276 6
2277 6
2278 4
2279 5
2280 4
2281 4
2282 4
2283 6
2284 4
2285 3
2286 1
2287 3
2288 5
2289 6
2290 7
2291 7
2292 9
2293 9
2294 9
2295 7
2296 7
2297 5
2298 4
2299 3
2300 3
2301 2
2302 3
2303 2
2304 5
2305 5
2306 4
2307 4
2308 3
2309 3
2310 3
2311 5
2312 4
2313 4
2314 6
2315 5
2316 5
2317 5
2318 7
2319 5
2320 5
2321 2
2322 3
2323 1
2324 2
2325 2
2326 4
2327 2
2328 3
2329 2
2330 2
2331 3
2332 0
2333 1
2334 5
2335 5
2336 5
2337 8
2338 9
2339 10
2340 10
2341 11
2342 10
2343 7
2344 5
2345 3
2346 0
2347 0
2348 1
2349 1
2350 3
2351 5
2352 6
2353 5
2354 3
2355 1
2356 2
2357 4
2358 5
2359 4
2360 5
2361 7
2362 6
2363 7
2364 6
2365 6
2366 5
2367 4
2368 1
2369 1
2370 3
2371 0
2372 3
2373 4
2374 4
2375 1
2376 3
2377 0
2378 0
2379 0
2380 1
2381 0
2382 2
2383 2
2384 4
2385 5
2386 6
2387 7
2388 7
2389 7
2390 5
2391 4
2392 3
2393 2
2394 0
2395 0
2396 3
2397 2
2398 2
2399 2
2400 1
2401 2
2402 2
2403 4
2404 2
2405 1
2406 3
2407 1
2408 2
2409 3
2410 2
2411 2
2412 2
2413 0
2414 1
2415 3
2416 0
2417 5
2418 6
2419 6
2420 8
2421 11
2422 13
2423 14
2424 14
2425 13
2426 11
2427 11
2428 9
2429 6
2430 5
2431 3
2432 0
2433 1
2434 4
2435 3
2436 1
2437 2
2438 6
2439 7
2440 7
2441 7
2442 6
2443 4
2444 6
2445 6
2446 5
2447 7
2448 8
2449 9
2450 11
2451 11
2452 9
2453 9
2454 6
2455 5
2456 5
2457 2
2458 3
2459 4
2460 3
2461 3
2462 1
2463 2
2464 4
2465 3
2466 4
2467 8
2468 8
2469 11
2470 11
2471 12
2472 12
2473 11
2474 10
2475 10
2476 10
2477 10
2478 9
2479 8
2480 7
2481 5
2482 5
2483 5
2484 2
2485 3
2486 1
2487 1
2488 1
2489 2
2490 1
2491 4
2492 5
2493 4
2494 2
2495 3
2496 4
2497 2
2498 3
2499 0
2500 6
2501 5
2502 6
2503 7
2504 8
2505 8
2506 9
2507 11
2508 10
2509 7
2510 6
2511 4
2512 1
2513 2
2514 2
2515 1
2516 0
2517 3
2518 1
2519 3
2520 3
2521 3
2522 4
2523 2
2524 4
2525 3
2526 4
2527 5
2528 6
2529 5
2530 7
2531 6
2532 6
2533 8
2534 9
2535 9
2536 6
2537 3
2538 2
2539 2
2540 5
2541 5
2542 7
2543 9
2544 8
2545 9
2546 11
2547 11
2548 13
2549 13
2550 11
2551 9
2552 6
2553 3
2554 0
2555 2
2556 0
2557 2
2558 1
2559 4
2560 4
2561 4
2562 4
2563 2
2564 3
2565 3
2566 3
2567 2
2568 3
2569 2
2570 2
2571 1
2572 4
2573 2
2574 0
2575 4
2576 3
2577 2
2578 0
2579 1
2580 3
2581 2
2582 3
2583 3
2584 5
2585 6
2586 5
2587 3
2588 3
2589 1
2590 5
2591 4
2592 4
2593 3
2594 6
2595 5
2596 7
2597 8
2598 5
2599 7
2600 7
2601 6
2602 6
2603 6
2604 6
2605 5
2606 5
2607 5
2608 4
2609 3
2610 2
2611 1
2612 0
2613 3
2614 1
2615 2
2616 2
2617 2
2618 2
2619 5
2620 7
2621 10
2622 10
2623 11
2624 10
2625 9
2626 8
2627 5
2628 4
2629 1
2630 0
2631 0
2632 1
2633 3
2634 2
2635 0
2636 4
2637 6
2638 7
2639 7
2640 5
2641 2
2642 0
2643 2
2644 2
2645 5
2646 7
2647 10
2648 12
2649 11
2650 11
2651 12
2652 12
2653 11
2654 10
2655 10
2656 9
2657 6
2658 3
2659 0
2660 0
2661 2
2662 2
2663 1
2664 0
2665 4
2666 2
2667 0
2668 1
2669 1
2670 2
2671 0
2672 2
2673 1
2674 0
2675 1
2676 3
2677 3
2678 1
2679 4
2680 5
2681 4
2682 5
2683 5
2684 7
2685 8
2686 9
2687 6
2688 7
2689 4
2690 4
2691 3
2692 1
2693 2
2694 3
2695 2
2696 5
2697 5
2698 3
2699 2
2700 1
2701 2
2702 2
2703 2
2704 3
2705 2
2706 2
2707 1
2708 4
2709 2
2710 2
2711 2
2712 3
2713 2
2714 5
2715 4
2716 3
2717 3
2718 1
2719 3
2720 4
2721 2
2722 3
2723 2
2724 2
2725 1
2726 2
2727 1
2728 1
2729 2
2730 1
2731 0
2732 3
2733 2
2734 0
2735 3
2736 5
2737 5
2738 6
2739 5
2740 5
2741 5
2742 6
2743 5
2744 6
2745 6
2746 5
2747 2
2748 2
2749 4
2750 5
2751 6
2752 8
2753 11
2754 13
2755 12
2756 12
2757 11
2758 11
2759 10
2760 10
2761 9
2762 7
2763 4
2764 2
2765 1
2766 2
2767 0
2768 1
2769 0
2770 2
2771 3
2772 2
2773 3
2774 1
2775 3
2776 3
2777 6
2778 7
2779 8
2780 10
2781 10
2782 10
2783 11
2784 12
2785 13
2786 12
2787 12
2788 11
2789 9
2790 12
2791 12
2792 11
2793 13
2794 11
2795 9
2796 9
2797 10
2798 9
2799 7
2800 8
2801 7
2802 5
2803 5
2804 5
2805 7
2806 6
2807 6
2808 6
2809 5
2810 5
2811 3
2812 5
2813 3
2814 3
2815 3
2816 2
2817 2
2818 1
2819 2
2820 4
2821 1
2822 2
2823 3
2824 2
2825 3
2826 2
2827 5
2828 4
2829 6
2830 5
2831 5
2832 3
2833 2
2834 1
2835 4
2836 2
2837 2
2838 2
2839 2
2840 1
2841 1
2842 4
2843 3
2844 3
2845 1
2846 2
2847 5
2848 4
2849 4
2850 4
2851 5
2852 6
2853 8
2854 10
2855 9
2856 8
2857 8
2858 10
2859 11
2860 10
2861 10
2862 9
2863 7
2864 7
2865 8
2866 9
2867 7
2868 5
2869 3
2870 2
2871 1
2872 2
2873 4
2874 2
2875 2
2876 5
2877 5
2878 5
2879 4
2880 4
2881 7
2882 7
2883 6
2884 7
2885 6
2886 5
2887 3
2888 3
2889 3
2890 1
2891 0
2892 1
2893 2
2894 4
2895 2
2896 2
2897 3
2898 3
2899 3
2900 2
2901 2
2902 3
2903 1
2904 2
2905 4
2906 2
2907 3
2908 1
2909 1
2910 1
2911 2
2912 3
2913 1
2914 3
2915 4
2916 4
2917 4
2918 4
2919 5
2920 5
2921 7
2922 6
2923 6
2924 6
2925 5
2926 4
2927 2
2928 1
2929 1
2930 3
2931 2
2932 2
2933 2
2934 0
2935 3
2936 0
2937 2
2938 2
2939 4
2940 6
2941 6
2942 7
2943 5
2944 7
2945 8
2946 8
2947 7
2948 7
2949 6
2950 6
2951 5
2952 4
2953 3
2954 0
2955 1
2956 4
2957 3
2958 3
2959 0
2960 1
2961 2
2962 1
2963 2
2964 2
2965 2
2966 2
2967 3
2968 2
2969 2
2970 3
2971 2
2972 3
2973 3
2974 3
2975 2
2976 2
2977 4
2978 5
2979 3
2980 2
2981 1
2982 0
2983 3
2984 3
2985 1
2986 0
2987 1
2988 2
2989 1
2990 2
2991 0
2992 0
2993 0
2994 0
2995 1
2996 3
2997 3
2998 2
2999 0
3000 3
3001 2
3002 3
3003 1
3004 3
3005 1
3006 3
3007 4
3008 4
3009 3
3010 3
3011 2
3012 2
3013 3
3014 2
3015 2
3016 2
3017 1
3018 0
3019 3
3020 3
3021 4
3022 4
3023 4
3024 4
3025 4
3026 4
3027 3
3028 2
3029 1
3030 2
3031 3
3032 1
3033 2
3034 1
3035 2
3036 3
3037 3
3038 3
3039 5
3040 4
3041 5
3042 5
3043 4
3044 3
3045 3
3046 1
3047 0
3048 2
3049 3
3050 3
3051 2
3052 2
3053 1
3054 3
3055 1
3056 4
3057 4
3058 4
3059 5
3060 3
3061 4
3062 2
3063 3
3064 5
3065 4
3066 4
3067 3
3068 5
3069 4
3070 4
3071 5
3072 6
3073 6
3074 7
3075 7
3076 9
3077 9
3078 7
3079 7
3080 9
3081 10
3082 8
3083 9
3084 8
3085 5
3086 5
3087 3
3088 1
3089 3
3090 0
3091 5
3092 3
3093 5
3094 7
3095 7
3096 9
3097 10
3098 11
3099 12
3100 11
3101 15
3102 12
3103 13
3104 13
3105 14
3106 13
3107 12
3108 11
3109 11
3110 10
3111 8
3112 5
3113 2
3114 1
3115 0
3116 1
3117 1
3118 3
3119 4
3120 6
3121 8
3122 9
3123 11
3124 12
3125 11
3126 11
3127 13
3128 10
3129 9
3130 7
3131 5
3132 5
3133 3
3134 2
3135 2
3136 6
3137 7
3138 4
3139 4
3140 6
3141 5
3142 5
3143 4
3144 2
3145 6
3146 5
3147 7
3148 6
3149 5
3150 3
3151 2
3152 0
3153 0
3154 2
3155 0
3156 1
3157 2
3158 2
3159 2
3160 0
3161 0
3162 2
3163 3
3164 4
3165 2
3166 2
3167 1
3168 1
3169 0
3170 0
3171 6
3172 8
3173 8
3174 7
3175 7
3176 7
3177 6
3178 6
3179 4
3180 4
3181 6
3182 3
3183 2
3184 1
3185 3
3186 1
3187 1
3188 0
3189 0
3190 6
3191 6
3192 7
3193 10
3194 10
3195 10
3196 12
3197 10
3198 10
3199 10
3200 11
3201 11
3202 10
3203 10
3204 10
3205 8
3206 7
3207 5
3208 5
3209 3
3210 1
3211 3
3212 2
3213 2
3214 3
3215 2
3216 3
3217 3
3218 1
3219 0
3220 3
3221 2
3222 1
3223 2
3224 2
3225 2
3226 3
3227 3
3228 2
3229 2
3230 2
3231 1
3232 5
3233 5
3234 5
3235 5
3236 4
3237 5
3238 3
3239 2
3240 2
3241 3
3242 4
3243 5
3244 4
3245 5
3246 2
3247 3
3248 4
3249 4
3250 6
3251 7
3252 6
3253 7
3254 6
3255 7
3256 6
3257 5
3258 4
3259 4
3260 4
3261 5
3262 6
3263 5
3264 6
3265 5
3266 4
3267 3
3268 3
3269 1
3270 5
3271 5
3272 3
3273 3
3274 3
3275 3
3276 6
3277 6
3278 10
3279 12
3280 12
3281 11
3282 13
3283 13
3284 14
3285 15
3286 12
3287 15
3288 12
3289 14
3290 15
3291 14
3292 17
3293 14
3294 17
3295 14
3296 17
3297 15
3298 12
3299 13
3300 11
3301 8
3302 5
3303 2
3304 0
3305 2
3306 3
3307 3
3308 1
3309 4
3310 3
3311 2
3312 0
3313 2
3314 5
3315 6
3316 6
3317 7
3318 5
3319 7
3320 5
3321 5
3322 5
3323 2
3324 1
3325 3
3326 2
3327 5
3328 6
3329 4
3330 3
3331 2
3332 2
3333 6
3334 6
3335 10
3336 8
3337 8
3338 6
3339 7
3340 6
3341 6
3342 5
3343 6
3344 6
3345 6
3346 4
3347 3
3348 2
3349 3
3350 2
3351 3
3352 5
3353 6
3354 4
3355 3
3356 4
3357 5
3358 4
3359 4
3360 1
3361 4
3362 4
3363 5
3364 4
3365 2
3366 0
3367 3
3368 2
3369 2
3370 4
3371 2
3372 1
3373 8
3374 9
3375 8
3376 9
3377 7
3378 5
3379 4
3380 3
3381 1
3382 2
3383 1
3384 6
3385 7
3386 7
3387 9
3388 10
3389 11
3390 9
3391 8
3392 6
3393 4
3394 4
3395 6
3396 5
3397 6
3398 7
3399 5
3400 4
3401 3
3402 4
3403 3
3404 2
3405 2
3406 1
3407 5
3408 5
3409 4
3410 4
3411 2
3412 1
3413 0
3414 1
3415 1
3416 3
3417 2
3418 0
3419 3
3420 5
3421 6
3422 7
3423 6
3424 5
3425 3
3426 5
3427 4
3428 4
3429 4
3430 3
3431 1
3432 2
3433 3
3434 1
3435 1
3436 2
3437 2
3438 1
3439 4
3440 4
3441 1
3442 4
3443 3
3444 2
3445 0
3446 1
3447 5
3448 5
3449 8
3450 7
3451 7
3452 6
3453 8
3454 8
3455 6
3456 3
3457 1
3458 0
3459 2
3460 1
3461 1
3462 1
3463 1
3464 1
3465 2
3466 3
3467 1
3468 3
3469 5
3470 7
3471 7
3472 9
3473 7
3474 7
3475 8
3476 7
3477 7
3478 7
3479 11
3480 10
3481 9
3482 8
3483 9
3484 8
3485 9
3486 8
3487 8
3488 6
3489 6
3490 6
3491 5
3492 5
3493 3
3494 3
3495 4
3496 2
3497 4
3498 4
3499 2
3500 2
3501 4
3502 4
3503 4
3504 4
3505 3
3506 4
3507 4
3508 3
3509 5
3510 6
3511 7
3512 8
3513 7
3514 7
3515 4
3516 4
3517 5
3518 3
3519 4
3520 1
3521 1
3522 1
3523 1
3524 1
3525 4
3526 3
3527 4
3528 4
3529 6
3530 6
3531 5
3532 5
3533 5
3534 7
3535 8
3536 11
3537 12
3538 14
3539 14
3540 13
3541 12
3542 10
3543 8
3544 6
3545 4
3546 2
3547 0
3548 0
3549 1
3550 0
3551 2
3552 1
3553 4
3554 2
3555 1
3556 3
3557 2
3558 4
3559 4
3560 5
3561 7
3562 9
3563 9
3564 12
3565 12
3566 12
3567 12
3568 11
3569 9
3570 6
3571 5
3572 3
3573 1
3574 3
3575 4
3576 4
3577 4
3578 2
3579 2
3580 1
3581 1
3582 3
3583 2
3584 3
3585 1
3586 2
3587 1
3588 2
3589 0
3590 0
3591 3
3592 2
3593 3
3594 2
3595 0
3596 5
3597 4
3598 4
3599 3
3600 3
3601 3
3602 2
3603 3
3604 3
3605 2
3606 3
3607 2
3608 4
3609 6
3610 7
3611 5
3612 3
3613 3
3614 0
3615 1
3616 2
3617 1
3618 1
3619 1
3620 3
3621 1
3622 2
3623 2
3624 3
3625 6
3626 4
3627 3
3628 4
3629 5
3630 5
3631 5
3632 3
3633 4
3634 6
3635 9
3636 12
3637 12
3638 12
3639 13
3640 13
3641 12
3642 10
3643 10
3644 9
3645 8
3646 7
3647 4
3648 3
3649 1
3650 3
3651 3
3652 4
3653 4
3654 5
3655 6
3656 6
3657 4
3658 3
3659 1
3660 0
3661 1
3662 1
3663 3
3664 3
3665 4
3666 6
3667 4
3668 3
3669 0
3670 5
3671 3
3672 2
3673 1
3674 0
3675 2
3676 4
3677 4
3678 1
3679 1
3680 4
3681 4
3682 3
3683 3
3684 0
3685 4
3686 7
3687 6
3688 6
3689 7
3690 5
3691 4
3692 4
3693 1
3694 4
3695 2
3696 2
3697 3
3698 2
3699 4
3700 4
3701 6
3702 6
3703 6
3704 5
3705 6
3706 7
3707 6
3708 9
3709 8
3710 6
3711 6
3712 5
3713 4
3714 3
3715 2
3716 2
3717 5
3718 6
3719 6
3720 6
3721 4
3722 5
3723 4
3724 1
3725 1
3726 3
3727 2
3728 2
3729 5
3730 2
3731 2
3732 6
3733 4
3734 3
3735 1
3736 4
3737 3
3738 4
3739 3
3740 3
3741 2
3742 2
3743 2
3744 3
3745 0
3746 5
3747 5
3748 5
3749 8
3750 9
3751 10
3752 12
3753 12
3754 12
3755 14
3756 11
3757 9
3758 7
3759 4
3760 2
3761 1
3762 0
3763 1
3764 2
3765 3
3766 3
3767 0
3768 1
3769 0
3770 5
3771 3
3772 2
3773 1
3774 3
3775 1
3776 2
3777 2
3778 2
3779 3
3780 2
3781 1
3782 0
3783 0
3784 2
3785 3
3786 2
3787 2
3788 1
3789 2
3790 3
3791 2
3792 1
3793 4
3794 4
3795 6
3796 8
3797 6
3798 5
3799 5
3800 6
3801 6
3802 4
3803 4
3804 1
3805 2
3806 3
3807 0
3808 0
3809 1
3810 5
3811 4
3812 2
3813 1
3814 2
3815 3
3816 1
3817 4
3818 4
3819 7
3820 8
3821 8
3822 8
3823 7
3824 7
3825 6
3826 7
3827 7
3828 5
3829 6
3830 4
3831 2
3832 3
3833 0
3834 3
3835 1
3836 3
3837 3
3838 0
3839 2
3840 3
3841 4
3842 4
3843 4
3844 6
3845 7
3846 8
3847 6
3848 6
3849 7
3850 7
3851 9
3852 12
3853 10
3854 9
3855 7
3856 7
3857 6
3858 4
3859 3
3860 1
3861 3
3862 3
3863 2
3864 2
3865 1
3866 0
3867 3
3868 2
3869 2
3870 1
3871 7
3872 8
3873 8
3874 11
3875 11
3876 10
3877 9
3878 8
3879 9
3880 8
3881 7
3882 4
3883 3
3884 4
3885 3
3886 1
3887 2
3888 3
3889 2
3890 1
3891 4
3892 5
3893 6
3894 6
3895 8
3896 8
3897 11
3898 9
3899 8
3900 6
3901 5
3902 3
3903 0
3904 2
3905 5
3906 2
3907 3
3908 3
3909 0
3910 2
3911 1
3912 3
3913 3
3914 2
3915 4
3916 3
3917 5
3918 5
3919 4
3920 4
3921 3
3922 3
3923 3
3924 3
3925 1
3926 4
3927 4
3928 7
3929 9
3930 10
3931 9
3932 10
3933 11
3934 11
3935 13
3936 12
3937 13
3938 15
3939 12
3940 15
3941 12
3942 12
3943 11
3944 10
3945 7
3946 5
3947 4
3948 2
3949 1
3950 2
3951 2
3952 2
3953 1
3954 1
3955 3
3956 1
3957 3
3958 1
3959 1
3960 3
3961 2
3962 3
3963 3
3964 3
3965 0
3966 2
3967 2
3968 2
3969 3
3970 1
3971 4
3972 1
3973 2
3974 1
3975 2
3976 6
3977 5
3978 7
3979 10
3980 11
3981 11
3982 11
3983 11
3984 11
3985 12
3986 12
3987 13
3988 14
3989 16
3990 13
3991 13
3992 11
3993 9
3994 11
3995 10
3996 8
3997 6
3998 3
3999 1
4000 2
4001 2
4002 3
4003 1
4004 1
4005 0
4006 1
4007 1
4008 1
4009 2
4010 3
4011 0
4012 1
4013 2
4014 2
4015 3
4016 5
4017 8
4018 6
4019 9
4020 13
4021 13
4022 13
4023 13
4024 14
4025 14
4026 13
4027 12
4028 12
4029 11
4030 11
4031 10
4032 9
4033 7
4034 5
4035 3
4036 1
4037 1
4038 1
4039 1
4040 2
4041 0
4042 1
4043 2
4044 2
4045 4
4046 2
4047 2
4048 3
4049 1
4050 3
4051 2
4052 1
4053 6
4054 6
4055 7
4056 6
4057 5
4058 4
4059 4
4060 2
4061 1
4062 1
4063 2
4064 3
4065 2
4066 1
4067 0
4068 2
4069 4
4070 5
4071 5
4072 5
4073 5
4074 6
4075 8
4076 11
4077 12
4078 13
4079 13
4080 12
4081 14
4082 14
4083 12
4084 12
4085 9
4086 6
4087 5
4088 3
4089 1
4090 1
4091 4
4092 4
4093 4
4094 3
4095 2
4096 1
4097 4
4098 2
4099 2
4100 2
4101 0
4102 2
4103 3
4104 2
4105 1
4106 3
4107 5
4108 5
4109 6
4110 5
4111 7
4112 7
4113 6
4114 5
4115 5
4116 4
4117 3
4118 3
4119 2
4120 3
4121 4
4122 5
4123 4
4124 5
4125 7
4126 10
4127 13
4128 11
4129 10
4130 9
4131 6
4132 4
4133 3
4134 1
4135 2
4136 4
4137 3
4138 3
4139 2
4140 3
4141 3
4142 4
4143 3
4144 2
4145 4
4146 5
4147 5
4148 3
4149 1
4150 2
4151 0
4152 2
4153 0
4154 3
4155 2
4156 2
4157 0
4158 2
4159 4
4160 3
4161 3
4162 3
4163 2
4164 3
4165 2
4166 4
4167 3
4168 4
4169 3
4170 3
4171 2
4172 1
4173 6
4174 6
4175 9
4176 9
4177 7
4178 6
4179 5
4180 5
4181 4
4182 3
4183 1
4184 1
4185 2
4186 4
4187 6
4188 6
4189 6
4190 7
4191 7
4192 8
4193 7
4194 9
4195 8
4196 6
4197 5
4198 2
4199 2
4200 1
4201 2
4202 4
4203 3
4204 1
4205 1
4206 4
4207 3
4208 1
4209 2
4210 2
4211 2
4212 1
4213 1
4214 2
4215 4
4216 7
4217 5
4218 7
4219 4
4220 2
4221 1
4222 2
4223 1
4224 2
4225 4
4226 5
4227 7
4228 5
4229 4
4230 2
4231 4
4232 3
4233 3
4234 4
4235 3
4236 3
4237 3
4238 4
4239 3
4240 3
4241 2
4242 1
4243 3
4244 3
4245 1
4246 1
4247 2
4248 1
4249 3
4250 4
4251 4
4252 3
4253 4
4254 5
4255 6
4256 5
4257 4
4258 3
4259 5
4260 6
4261 6
4262 6
4263 5
4264 6
4265 6
4266 6
4267 7
4268 8
4269 7
4270 9
4271 11
4272 11
4273 10
4274 8
4275 5
4276 3
4277 3
4278 0
4279 4
4280 5
4281 3
4282 3
4283 3
4284 3
4285 4
4286 3
4287 6
4288 4
4289 4
4290 2
4291 0
4292 4
4293 3
4294 2
4295 1
4296 0
4297 3
4298 3
4299 1
4300 1
4301 2
4302 2
4303 2
4304 3
4305 4
4306 3
4307 5
4308 4
4309 5
4310 4
4311 3
4312 4
4313 7
4314 8
4315 11
4316 11
4317 12
4318 10
4319 8
4320 7
4321 5
4322 3
4323 2
4324 1
4325 3
4326 2
4327 3
4328 3
4329 3
4330 4
4331 3
4332 3
4333 5
4334 6
4335 8
4336 10
4337 9
4338 12
4339 13
4340 13
4341 10
4342 9
4343 6
4344 4
4345 4
4346 4
4347 4
4348 1
4349 1
4350 2
4351 0
4352 1
4353 2
4354 0
4355 6
4356 6
4357 6
4358 6
4359 9
4360 8
4361 9
4362 9
4363 8
4364 8
4365 8
4366 7
4367 7
4368 5
4369 2
4370 0
4371 2
4372 3
4373 2
4374 0
4375 3
4376 1
4377 2
4378 2
4379 2
4380 2
4381 5
4382 5
4383 4
4384 2
4385 1
4386 2
4387 4
4388 4
4389 8
4390 10
4391 10
4392 10
4393 11
4394 9
4395 8
4396 9
4397 8
4398 10
4399 8
4400 7
4401 7
4402 7
4403 4
4404 3
4405 2
4406 1
4407 1
4408 1
4409 1
4410 4
4411 3
4412 3
4413 1
4414 4
4415 4
4416 3
4417 2
4418 4
4419 4
4420 3
4421 5
4422 8
4423 7
4424 6
4425 4
4426 5
4427 2
4428 1
4429 1
4430 2
4431 4
4432 5
4433 5
4434 4
4435 3
4436 3
4437 3
4438 3
4439 4
4440 5
4441 8
4442 10
4443 12
4444 14
4445 14
4446 15
4447 12
4448 14
4449 13
4450 15
4451 12
4452 12
4453 12
4454 11
4455 12
4456 12
4457 12
4458 11
4459 9
4460 8
4461 7
4462 4
4463 4
4464 2
4465 1
4466 1
4467 1
4468 1
4469 4
4470 6
4471 8
4472 7
4473 8
4474 9
4475 9
4476 10
4477 12
4478 12
4479 11
4480 11
4481 10
4482 9
4483 8
4484 5
4485 4
4486 2
4487 2
4488 5
4489 3
4490 2
4491 0
4492 0
4493 1
4494 2
4495 2
4496 2
4497 5
4498 5
4499 7
4500 7
4501 9
4502 6
4503 5
4504 2
4505 2
4506 2
4507 0
4508 2
4509 1
4510 4
4511 2
4512 1
4513 1
4514 2
4515 5
4516 4
4517 3
4518 2
4519 1
4520 3
4521 2
4522 2
4523 0
4524 1
4525 1
4526 4
4527 4
4528 4
4529 3
4530 3
4531 3
4532 2
4533 4
4534 4
4535 1
4536 2
4537 2
4538 4
4539 1
4540 1
4541 2
4542 2
4543 3
4544 4
4545 3
4546 3
4547 3
4548 4
4549 1
4550 3
4551 0
4552 3
4553 3
4554 2
4555 4
4556 2
4557 3
4558 1
4559 7
4560 8
4561 6
4562 4
4563 3
4564 3
4565 1
4566 1
4567 3
4568 1
4569 2
4570 2
4571 4
4572 3
4573 5
4574 6
4575 6
4576 3
4577 4
4578 2
4579 1
4580 3
4581 1
4582 0
4583 4
4584 4
4585 3
4586 1
4587 2
4588 1
4589 3
4590 0
4591 1
4592 2
4593 3
4594 2
4595 3
4596 5
4597 5
4598 5
4599 5
4600 4
4601 5
4602 6
4603 6
4604 7
4605 7
4606 6
4607 8
4608 9
4609 11
4610 10
4611 12
4612 9
4613 7
4614 4
4615 1
4616 1
4617 1
4618 3
4619 2
4620 2
4621 0
4622 1
4623 2
4624 2
4625 3
4626 1
4627 1
4628 1
4629 2
4630 2
4631 2
4632 0
4633 0
4634 0
4635 3
4636 0
4637 2
4638 5
4639 6
4640 5
4641 4
4642 4
4643 5
4644 6
4645 5
4646 4
4647 4
4648 4
4649 3
4650 0
4651 2
4652 0
4653 1
4654 0
4655 2
4656 1
4657 1
4658 3
4659 0
4660 3
4661 1
4662 3
4663 1
4664 1
4665 2
4666 2
4667 1
4668 2
4669 2
4670 0
4671 3
4672 0
4673 2
4674 3
4675 3
4676 2
4677 1
4678 2
4679 2
4680 5
4681 2
4682 3
4683 2
4684 4
4685 5
4686 5
4687 6
4688 4
4689 3
4690 5
4691 6
4692 5
4693 4
4694 3
4695 2
4696 1
4697 3
4698 2
4699 2
4700 3
4701 2
4702 4
4703 3
4704 3
4705 0
4706 1
4707 4
4708 7
4709 5
4710 5
4711 5
4712 4
4713 4
4714 5
4715 5
4716 5
4717 6
4718 7
4719 7
4720 7
4721 5
4722 5
4723 6
4724 8
4725 6
4726 5
4727 2
4728 0
4729 1
4730 5
4731 7
4732 5
4733 7
4734 6
4735 7
4736 5
4737 5
4738 5
4739 6
4740 6
4741 4
4742 4
4743 3
4744 2
4745 2
4746 2
4747 1
4748 2
4749 4
4750 4
4751 5
4752 4
4753 5
4754 5
4755 6
4756 6
4757 4
4758 3
4759 2
4760 3
4761 4
4762 4
4763 6
4764 6
4765 8
4766 9
4767 10
4768 9
4769 9
4770 9
4771 6
4772 5
4773 3
4774 2
4775 1
4776 2
4777 0
4778 4
4779 2
4780 6
4781 5
4782 8
4783 9
4784 10
4785 10
4786 10
4787 7
4788 6
4789 4
4790 3
4791 3
4792 3
4793 1
4794 1
4795 6
4796 7
4797 5
4798 5
4799 5
4800 3
4801 2
4802 1
4803 2
4804 6
4805 6
4806 5
4807 5
4808 4
4809 5
4810 5
4811 5
4812 3
4813 4
4814 4
4815 4
4816 4
4817 5
4818 2
4819 1
4820 0
4821 0
4822 1
4823 1
4824 2
4825 2
4826 1
4827 1
4828 1
4829 3
4830 1
4831 4
4832 3
4833 1
4834 4
4835 5
4836 3
4837 2
4838 4
4839 5
4840 4
4841 1
4842 0
4843 2
4844 0
4845 1
4846 1
4847 2
4848 6
4849 5
4850 6
4851 5
4852 5
4853 6
4854 5
4855 3
4856 1
4857 2
4858 2
4859 7
4860 7
4861 8
4862 7
4863 12
4864 13
4865 12
4866 12
4867 12
4868 11
4869 10
4870 7
4871 7
4872 5
4873 4
4874 4
4875 2
4876 3
4877 1
4878 3
4879 1
4880 5
4881 6
4882 4
4883 3
4884 1
4885 4
4886 3
4887 3
4888 3
4889 0
4890 5
4891 6
4892 9
4893 10
4894 11
4895 12
4896 13
4897 13
4898 12
4899 10
4900 9
4901 8
4902 5
4903 4
4904 3
4905 0
4906 2
4907 2
4908 1
4909 0
4910 3
4911 2
4912 1
4913 4
4914 3
4915 1
4916 1
4917 3
4918 3
4919 3
4920 0
4921 4
4922 3
4923 2
4924 0
4925 0
4926 3
4927 2
4928 4
4929 4
4930 6
4931 5
4932 4
4933 4
4934 6
4935 6
4936 4
4937 5
4938 4
4939 3
4940 1
4941 1
4942 4
4943 5
4944 6
4945 7
4946 5
4947 5
4948 2
4949 2
4950 0
4951 1
4952 1
4953 1
4954 3
4955 3
4956 5
4957 5
4958 4
4959 4
4960 2
4961 4
4962 6
4963 7
4964 9
4965 10
4966 8
4967 8
4968 9
4969 10
4970 10
4971 11
4972 12
4973 12
4974 11
4975 9
4976 7
4977 5
4978 4
4979 1
4980 1
4981 0
4982 0
4983 1
4984 0
4985 1
4986 1
4987 4
4988 5
4989 4
4990 3
4991 3
4992 2
4993 1
4994 2
4995 6
4996 5
4997 5
4998 8
4999 8
5000 8
5001 9
5002 9
5003 6
5004 4
5005 2
5006 0
5007 2
5008 1
5009 1
5010 4
5011 1
5012 2
5013 3
5014 1
5015 4
5016 2
5017 3
5018 3
5019 3
5020 3
5021 3
5022 4
5023 3
5024 4
5025 3
5026 5
5027 5
5028 4
5029 2
5030 1
5031 0
5032 3
5033 0
5034 0
5035 1
5036 2
5037 1
5038 2
5039 0
5040 2
5041 4
5042 5
5043 5
5044 5
5045 5
5046 3
5047 2
5048 2
5049 1
5050 2
5051 6
5052 3
5053 3
5054 2
5055 3
5056 1
5057 2
5058 4
5059 5
5060 4
5061 4
5062 5
5063 3
5064 4
5065 3
5066 1
5067 1
5068 3
5069 4
5070 2
5071 2
5072 2
5073 2
5074 1
5075 5
5076 2
5077 1
5078 2
5079 4
5080 5
5081 4
5082 4
5083 5
5084 8
5085 8
5086 7
5087 5
5088 5
5089 4
5090 5
5091 4
5092 2
5093 6
5094 6
5095 6
5096 8
5097 6
5098 6
5099 4
5100 5
5101 4
5102 2
5103 1
5104 3
5105 6
5106 7
5107 5
5108 6
5109 6
5110 9
5111 10
5112 10
5113 10
5114 10
5115 10
5116 11
5117 10
5118 9
5119 8
5120 7
5121 5
5122 2
5123 2
5124 3
5125 3
5126 5
5127 5
5128 7
5129 9
5130 6
5131 5
5132 8
5133 7
5134 7
5135 4
5136 4
5137 3
5138 2
5139 4
5140 4
5141 4
5142 5
5143 4
5144 3
5145 3
5146 3
5147 1
5148 3
5149 2
5150 4
5151 5
5152 7
5153 7
5154 8
5155 10
5156 11
5157 14
5158 14
5159 13
5160 10
5161 9
5162 7
5163 5
5164 5
5165 2
5166 3
5167 2
5168 3
5169 2
5170 2
5171 1
5172 2
5173 3
5174 0
5175 4
5176 5
5177 4
5178 3
5179 3
5180 4
5181 3
5182 5
5183 3
5184 3
5185 3
5186 1
5187 3
5188 3
5189 4
5190 3
5191 3
5192 2
5193 2
5194 1
5195 1
5196 3
5197 4
5198 8
5199 9
5200 10
5201 10
5202 11
5203 14
5204 14
5205 14
5206 12
5207 12
5208 13
5209 13
5210 13
5211 11
5212 9
5213 10
5214 8
5215 7
5216 5
5217 5
5218 3
5219 3
5220 1
5221 3
5222 5
5223 3
5224 3
5225 2
5226 2
5227 2
5228 3
5229 3
5230 3
5231 3
5232 3
5233 0
5234 1
5235 3
5236 7
5237 8
5238 6
5239 5
5240 3
5241 4
5242 4
5243 3
5244 2
5245 4
5246 4
5247 2
5248 3
5249 4
5250 2
5251 2
5252 0
5253 1
5254 2
5255 1
5256 2
5257 4
5258 3
5259 2
5260 6
5261 7
5262 7
5263 8
5264 7
5265 5
5266 4
5267 3
5268 3
5269 4
5270 3
5271 1
5272 0
5273 0
5274 1
5275 0
5276 4
5277 1
5278 3
5279 2
5280 3
5281 1
5282 4
5283 4
5284 3
5285 2
5286 1
5287 2
5288 1
5289 2
5290 1
5291 1
5292 2
5293 1
5294 3
5295 2
5296 2
5297 2
5298 3
5299 2
5300 1
5301 3
5302 4
5303 6
5304 8
5305 10
5306 12
5307 14
5308 12
5309 12
5310 9
5311 8
5312 7
5313 7
5314 4
5315 4
5316 3
5317 1
5318 0
5319 2
5320 2
5321 1
5322 3
5323 2
5324 1
5325 1
5326 2
5327 3
5328 6
5329 7
5330 8
5331 10
5332 12
5333 12
5334 12
5335 15
5336 12
5337 11
5338 9
5339 7
5340 6
5341 3
5342 0
5343 1
5344 2
5345 2
5346 1
5347 2
5348 4
5349 2
5350 5
5351 3
5352 1
5353 3
5354 0
5355 1
5356 1
5357 1
5358 2
5359 1
5360 3
5361 5
5362 4
5363 4
5364 4
5365 4
5366 5
5367 5
5368 8
5369 8
5370 7
5371 7
5372 7
5373 6
5374 3
5375 2
5376 2
5377 0
5378 0
5379 2
5380 3
5381 4
5382 4
5383 3
5384 1
5385 2
5386 3
5387 2
5388 1
5389 3
5390 1
5391 3
5392 2
5393 0
5394 1
5395 5
5396 5
5397 5
5398 6
5399 6
5400 5
5401 4
5402 4
5403 2
5404 2
5405 2
5406 4
5407 5
5408 5
5409 4
5410 1
5411 1
5412 3
5413 2
5414 5
5415 5
5416 7
5417 9
5418 9
5419 10
5420 9
5421 12
5422 10
5423 8
5424 8
5425 7
5426 6
5427 4
5428 1
5429 1
5430 1
5431 4
5432 1
5433 1
5434 0
5435 0
5436 6
5437 9
5438 12
5439 15
5440 12
5441 14
5442 15
5443 12
5444 13
5445 13
5446 12
5447 11
5448 12
5449 12
5450 11
5451 9
5452 8
5453 7
5454 5
5455 4
5456 5
5457 2
5458 2
5459 0
5460 4
5461 4
5462 4
5463 6
5464 5
5465 6
5466 5
5467 4
5468 6
5469 6
5470 7
5471 7
5472 8
5473 8
5474 10
5475 8
5476 6
5477 4
5478 2
5479 0
5480 3
5481 2
5482 2
5483 3
5484 5
5485 5
5486 6
5487 5
5488 4
5489 4
5490 2
5491 3
5492 3
5493 4
5494 1
5495 3
5496 1
5497 4
5498 5
5499 5
5500 5
5501 4
5502 7
5503 9
5504 9
5505 10
5506 8
5507 7
5508 9
5509 9
5510 7
5511 5
5512 5
5513 2
5514 3
5515 1
5516 3
5517 3
5518 3
5519 1
5520 2
5521 2
5522 2
5523 1
5524 3
5525 5
5526 5
5527 6
5528 5
5529 4
5530 5
5531 4
5532 3
5533 3
5534 3
5535 2
5536 3
5537 3
5538 3
5539 3
5540 1
5541 2
5542 2
5543 1
5544 0
5545 1
5546 1
5547 0
5548 2
5549 2
5550 2
5551 4
5552 2
5553 1
5554 3
5555 2
5556 1
5557 2
5558 3
5559 3
5560 1
5561 1
5562 3
5563 4
5564 3
5565 4
5566 4
5567 3
5568 4
5569 3
5570 3
5571 2
5572 3
5573 1
5574 2
5575 4
5576 2
5577 2
5578 2
5579 1
5580 0
5581 1
5582 5
5583 4
5584 5
5585 4
5586 4
5587 5
5588 4
5589 3
5590 0
5591 4
5592 4
5593 4
5594 3
5595 1
5596 3
5597 4
5598 2
5599 3
5600 4
5601 4
5602 2
5603 5
5604 3
5605 3
5606 2
5607 2
5608 0
5609 3
5610 4
5611 3
5612 3
5613 1
5614 2
5615 1
5616 3
5617 3
5618 2
5619 2
5620 4
5621 3
5622 2
5623 2
5624 4
5625 5
5626 4
5627 1
5628 2
5629 2
5630 3
5631 2
5632 4
5633 4
5634 4
5635 2
5636 5
5637 6
5638 4
5639 2
5640 2
5641 1
5642 0
5643 1
5644 2
5645 4
5646 3
5647 0
5648 3
5649 3
5650 2
5651 1
5652 3
5653 2
5654 3
5655 4
5656 4
5657 3
5658 5
5659 6
5660 9
5661 11
5662 13
5663 12
5664 12
5665 13
5666 12
5667 13
5668 11
5669 11
5670 9
5671 9
5672 7
5673 7
5674 6
5675 4
5676 1
5677 0
5678 1
5679 3
5680 1
5681 4
5682 5
5683 6
5684 7
5685 5
5686 6
5687 7
5688 7
5689 8
5690 7
5691 7
5692 5
5693 2
5694 1
5695 2
5696 2
5697 2
5698 1
5699 2
5700 1
5701 1
5702 0
5703 2
5704 1
5705 3
5706 3
5707 1
5708 3
5709 1
5710 0
5711 2
5712 3
5713 4
5714 1
5715 1
5716 1
5717 1
5718 3
5719 2
5720 3
5721 5
5722 4
5723 5
5724 4
5725 1
5726 5
5727 5
5728 7
5729 5
5730 4
5731 4
5732 4
5733 4
5734 3
5735 0
5736 2
5737 2
5738 2
5739 2
5740 1
5741 1
5742 3
5743 1
5744 0
5745 2
5746 3
5747 1
5748 3
5749 2
5750 3
5751 3
5752 4
5753 2
5754 1
5755 3
5756 3
5757 2
5758 4
5759 3
5760 1
5761 2
5762 3
5763 3
5764 3
5765 0
5766 3
5767 1
5768 0
5769 2
5770 3
5771 4
5772 2
5773 1
5774 2
5775 3
5776 4
5777 4
5778 1
5779 3
5780 3
5781 1
5782 1
5783 3
5784 0
5785 4
5786 2
5787 3
5788 3
5789 2
5790 4
5791 5
5792 6
5793 8
5794 7
5795 6
5796 6
5797 4
5798 4
5799 2
5800 3
5801 0
5802 3
5803 1
5804 2
5805 3
5806 3
5807 2
5808 3
5809 2
5810 1
5811 3
5812 2
5813 1
5814 1
5815 1
5816 1
5817 5
5818 3
5819 0
5820 2
5821 2
5822 2
5823 4
5824 2
5825 5
5826 5
5827 6
5828 5
5829 4
5830 4
5831 3
5832 4
5833 2
5834 2
5835 2
5836 4
5837 1
5838 0
5839 2
5840 6
5841 5
5842 4
5843 2
5844 3
5845 1
5846 2
5847 1
5848 3
5849 2
5850 2
5851 1
5852 1
5853 0
5854 2
5855 5
5856 6
5857 3
5858 3
5859 5
5860 8
5861 9
5862 7
5863 5
5864 4
5865 8
5866 6
5867 5
5868 5
5869 3
5870 2
5871 0
5872 6
5873 5
5874 7
5875 6
5876 5
5877 7
5878 8
5879 9
5880 8
5881 9
5882 9
5883 9
5884 7
5885 6
5886 3
5887 2
5888 4
5889 3
5890 4
5891 1
5892 4
5893 4
5894 3
5895 4
5896 3
5897 4
5898 3
5899 4
5900 9
5901 9
5902 8
5903 7
5904 8
5905 5
5906 2
5907 0
5908 3
5909 3
5910 2
5911 2
5912 1
5913 1
5914 2
5915 4
5916 3
5917 1
5918 2
5919 1
5920 3
5921 3
5922 2
5923 2
5924 6
5925 6
5926 8
5927 9
5928 10
5929 7
5930 4
5931 5
5932 5
5933 3
5934 2
5935 1
5936 3
5937 1
5938 3
5939 5
5940 5
5941 5
5942 6
5943 6
5944 5
5945 7
5946 6
5947 4
5948 4
5949 3
5950 3
5951 2
5952 4
5953 3
5954 4
5955 3
5956 3
5957 2
5958 1
5959 1
5960 1
5961 2
5962 4
5963 5
5964 5
5965 2
5966 0
5967 1
5968 0
5969 0
5970 0
5971 2
5972 2
5973 3
5974 1
5975 5
5976 3
5977 5
5978 5
5979 4
5980 5
5981 4
5982 3
5983 3
5984 2
5985 3
5986 2
5987 1
5988 2
5989 2
5990 3
5991 5
5992 3
5993 2
5994 4
5995 4
5996 5
5997 5
5998 4
5999 5
6000 7
6001 6
6002 8
6003 8
6004 10
6005 10
6006 12
6007 12
6008 13
6009 13
6010 13
6011 13
6012 12
6013 12
6014 14
6015 12
6016 10
6017 12
6018 12
6019 11
6020 8
6021 6
6022 4
6023 1
6024 2
6025 2
6026 1
6027 3
6028 3
6029 2
6030 5
6031 2
6032 4
6033 2
6034 5
6035 3
6036 2
6037 4
6038 5
6039 4
6040 3
6041 3
6042 3
6043 1
6044 4
6045 5
6046 4
6047 4
6048 4
6049 3
6050 3
6051 3
6052 2
6053 2
6054 4
6055 5
6056 6
6057 7
6058 8
6059 6
6060 6
6061 7
6062 7
6063 7
6064 4
6065 3
6066 1
6067 0
6068 0
6069 0
6070 1
6071 4
6072 2
6073 0
6074 2
6075 2
6076 0
6077 3
6078 2
6079 1
6080 1
6081 1
6082 2
6083 2
6084 3
6085 4
6086 2
6087 1
6088 4
6089 4
6090 6
6091 5
6092 5
6093 5
6094 5
6095 5
6096 3
6097 1
6098 1
6099 6
6100 4
6101 5
6102 4
6103 4
6104 3
6105 0
6106 2
6107 3
6108 1
6109 3
6110 1
6111 2
6112 4
6113 4
6114 4
6115 6
6116 7
6117 7
6118 7
6119 8
6120 8
6121 8
6122 8
6123 7
6124 9
6125 8
6126 7
6127 6
6128 5
6129 3
6130 3
6131 1
6132 5
6133 3
6134 4
6135 4
6136 4
6137 4
6138 3
6139 1
6140 3
6141 2
6142 4
6143 4
6144 3
6145 1
6146 4
6147 5
6148 3
6149 3
6150 3
6151 3
6152 1
6153 3
6154 4
6155 5
6156 5
6157 5
6158 4
6159 2
6160 2
6161 1
6162 3
6163 0
6164 2
6165 3
6166 1
6167 2
6168 4
6169 8
6170 7
6171 8
6172 6
6173 7
6174 5
6175 4
6176 3
6177 1
6178 0
6179 4
6180 3
6181 4
6182 2
6183 1
6184 1
6185 4
6186 3
6187 3
6188 2
6189 1
6190 4
6191 5
6192 6
6193 7
6194 10
6195 11
6196 12
6197 14
6198 12
6199 12
6200 14
6201 14
6202 14
6203 13
6204 12
6205 13
6206 12
6207 9
6208 8
6209 6
6210 5
6211 3
6212 2
6213 0
6214 0
6215 1
6216 0
6217 1
6218 0
6219 0
6220 5
6221 4
6222 4
6223 5
6224 5
6225 6
6226 5
6227 4
6228 3
6229 4
6230 3
6231 3
6232 3
6233 1
6234 1
6235 3
6236 3
6237 1
6238 1
6239 4
6240 2
6241 5
6242 5
6243 3
6244 0
6245 3
6246 2
6247 1
6248 3
6249 2
6250 2
6251 1
6252 2
6253 2
6254 5
6255 7
6256 7
6257 5
6258 8
6259 8
6260 7
6261 7
6262 8
6263 9
6264 8
6265 9
6266 11
6267 10
6268 8
6269 5
6270 6
6271 6
6272 6
6273 5
6274 5
6275 6
6276 7
6277 5
6278 3
6279 1
6280 0
6281 2
6282 0
6283 0
6284 1
6285 6
6286 5
6287 4
6288 1
6289 6
6290 8
6291 8
6292 9
6293 11
6294 13
6295 14
6296 15
6297 12
6298 14
6299 14
6300 15
6301 12
6302 9
6303 8
6304 7
6305 4
6306 4
6307 1
6308 0
6309 1
6310 2
6311 3
6312 2
6313 3
6314 2
6315 4
6316 5
6317 3
6318 2
6319 6
6320 6
6321 6
6322 5
6323 6
6324 5
6325 6
6326 7
6327 8
6328 7
6329 8
6330 6
6331 3
6332 3
6333 3
6334 2
6335 2
6336 2
6337 2
6338 3
6339 3
6340 4
6341 4
6342 5
6343 4
6344 4
6345 4
6346 4
6347 5
6348 6
6349 6
6350 6
6351 6
6352 5
6353 5
6354 4
6355 1
6356 2
6357 0
6358 0
6359 1
6360 2
6361 1
6362 3
6363 4
6364 3
6365 1
6366 2
6367 2
6368 2
6369 4
6370 1
6371 4
6372 4
6373 4
6374 6
6375 7
6376 7
6377 8
6378 9
6379 9
6380 8
6381 6
6382 6
6383 5
6384 2
6385 0
6386 2
6387 3
6388 1
6389 1
6390 2
6391 1
6392 4
6393 3
6394 5
6395 5
6396 4
6397 2
6398 3
6399 1
6400 3
6401 2
6402 3
6403 3
6404 5
6405 5
6406 5
6407 4
6408 3
6409 4
6410 7
6411 9
6412 10
6413 10
6414 10
6415 10
6416 10
6417 8
6418 8
6419 8
6420 6
6421 5
6422 5
6423 3
6424 1
6425 3
6426 1
6427 3
6428 2
6429 0
6430 4
6431 6
6432 3
6433 6
6434 6
6435 5
6436 3
6437 3
6438 2
6439 3
6440 4
6441 4
6442 4
6443 7
6444 8
6445 8
6446 8
6447 9
6448 7
6449 7
6450 4
6451 1
6452 1
6453 3
6454 3
6455 4
6456 4
6457 4
6458 2
6459 6
6460 4
6461 4
6462 5
6463 3
6464 2
6465 1
6466 1
6467 2
6468 0
6469 3
6470 2
6471 2
6472 3
6473 1
6474 1
6475 2
6476 3
6477 3
6478 1
6479 0
6480 1
6481 5
6482 4
6483 3
6484 2
6485 4
6486 3
6487 0
6488 2
6489 2
6490 2
6491 4
6492 4
6493 4
6494 5
6495 4
6496 4
6497 4
6498 4
6499 5
6500 3
6501 5
6502 7
6503 8
6504 9
6505 9
6506 7
6507 6
6508 4
6509 3
6510 0
6511 3
6512 1
6513 3
6514 3
6515 2
6516 3
6517 0
6518 3
6519 1
6520 2
6521 3
6522 4
6523 6
6524 8
6525 10
6526 12
6527 11
6528 11
6529 12
6530 12
6531 12
6532 12
6533 13
6534 12
6535 10
6536 7
6537 4
6538 3
6539 1
6540 0
6541 2
6542 1
6543 3
6544 2
6545 0
6546 3
6547 4
6548 2
6549 4
6550 4
6551 5
6552 6
6553 7
6554 8
6555 7
6556 7
6557 7
6558 7
6559 7
6560 9
6561 11
6562 12
6563 12
6564 10
6565 9
6566 9
6567 9
6568 8
6569 7
6570 6
6571 4
6572 2
6573 0
6574 0
6575 1
6576 6
6577 3
6578 1
6579 2
6580 2
6581 3
6582 2
6583 0
6584 3
6585 3
6586 2
6587 3
6588 4
6589 5
6590 6
6591 5
6592 4
6593 4
6594 5
6595 6
6596 7
6597 6
6598 4
6599 5
6600 4
6601 3
6602 5
6603 6
6604 4
6605 3
6606 3
6607 4
6608 5
6609 3
6610 2
6611 4
6612 1
6613 0
6614 2
6615 2
6616 3
6617 2
6618 2
6619 3
6620 4
6621 3
6622 1
6623 2
6624 3
6625 4
6626 2
6627 1
6628 3
6629 4
6630 3
6631 3
6632 5
6633 3
6634 1
6635 1
6636 3
6637 3
6638 1
6639 3
6640 4
6641 3
6642 6
6643 6
6644 6
6645 7
6646 7
6647 7
6648 7
6649 7
6650 6
6651 7
6652 8
6653 8
6654 10
6655 8
6656 6
6657 3
6658 0
6659 2
6660 0
6661 1
6662 1
6663 0
6664 0
6665 3
6666 1
6667 4
6668 4
6669 5
6670 5
6671 6
6672 7
6673 7
6674 7
6675 6
6676 5
6677 3
6678 4
6679 8
6680 8
6681 7
6682 4
6683 3
6684 2
6685 1
6686 2
6687 4
6688 4
6689 3
6690 3
6691 5
6692 3
6693 1
6694 2
6695 2
6696 3
6697 1
6698 4
6699 5
6700 4
6701 5
6702 6
6703 9
6704 10
6705 11
6706 11
6707 14
6708 16
6709 13
6710 15
6711 13
6712 15
6713 12
6714 15
6715 12
6716 16
6717 13
6718 14
6719 15
6720 12
6721 9
6722 6
6723 3
6724 2
6725 2
6726 1
6727 3
6728 0
6729 2
6730 1
6731 4
6732 3
6733 1
6734 3
6735 0
6736 3
6737 7
6738 10
6739 15
6740 12
6741 15
6742 12
6743 14
6744 15
6745 12
6746 15
6747 12
6748 12
6749 12
6750 10
6751 11
6752 10
6753 10
6754 9
6755 8
6756 9
6757 8
6758 9
6759 8
6760 9
6761 6
6762 7
6763 5
6764 2
6765 0
6766 1
6767 2
6768 1
6769 2
6770 1
6771 4
6772 3
6773 4
6774 5
6775 7
6776 7
6777 6
6778 7
6779 6
6780 6
6781 8
6782 7
6783 7
6784 6
6785 4
6786 3
6787 2
6788 2
6789 1
6790 1
6791 3
6792 3
6793 6
6794 7
6795 6
6796 6
6797 6
6798 6
6799 6
6800 4
6801 3
6802 2
6803 2
6804 5
6805 2
6806 3
6807 1
6808 1
6809 2
6810 2
6811 5
6812 5
6813 5
6814 7
6815 5
6816 6
6817 5
6818 7
6819 5
6820 4
6821 2
6822 2
6823 5
6824 5
6825 5
6826 5
6827 3
6828 3
6829 1
6830 4
6831 5
6832 4
6833 5
6834 8
6835 9
6836 11
6837 13
6838 14
6839 14
6840 15
6841 12
6842 13
6843 12
6844 11
6845 14
6846 11
6847 12
6848 10
6849 9
6850 8
6851 6
6852 3
6853 2
6854 2
6855 3
6856 2
6857 1
6858 2
6859 3
6860 3
6861 3
6862 4
6863 6
6864 6
6865 5
6866 4
6867 3
6868 7
6869 6
6870 7
6871 10
6872 9
6873 9
6874 11
6875 10
6876 10
6877 9
6878 8
6879 8
6880 8
6881 6
6882 5
6883 3
6884 0
6885 2
6886 3
6887 3
6888 3
6889 3
6890 2
6891 3
6892 3
6893 3
6894 4
6895 8
6896 9
6897 9
6898 11
6899 13
6900 15
6901 12
6902 14
6903 14
6904 14
6905 14
6906 14
6907 15
6908 12
6909 13
6910 13
6911 14
6912 13
6913 12
6914 14
6915 14
6916 12
6917 11
6918 11
6919 11
6920 11
6921 10
6922 9
6923 9
6924 7
6925 4
6926 2
6927 0
6928 0
6929 2
6930 2
6931 0
6932 2
6933 3
6934 3
6935 2
6936 4
6937 4
6938 6
6939 6
6940 9
6941 10
6942 13
6943 12
6944 12
6945 13
6946 14
6947 13
6948 11
6949 13
6950 11
6951 10
6952 9
6953 8
6954 7
6955 6
6956 4
6957 2
6958 2
6959 1
6960 1
6961 1
6962 3
6963 4
6964 2
6965 5
6966 6
6967 6
6968 6
6969 6
6970 5
6971 6
6972 8
6973 8
6974 7
6975 6
6976 5
6977 6
6978 7
6979 7
6980 6
6981 7
6982 6
6983 4
6984 2
6985 1
6986 1
6987 3
6988 3
6989 3
6990 4
6991 5
6992 5
6993 8
6994 9
6995 7
6996 9
6997 8
6998 8
6999 9
7000 6
7001 5
7002 3
7003 1
7004 2
7005 1
7006 1
7007 2
7008 2
7009 2
7010 5
7011 6
7012 6
7013 5
7014 5
7015 3
7016 3
7017 3
7018 2
7019 2
7020 4
7021 2
7022 5
7023 4
7024 2
7025 3
7026 3
7027 4
7028 4
7029 3
7030 1
7031 4
7032 2
7033 1
7034 3
7035 2
7036 0
7037 3
7038 5
7039 5
7040 4
7041 7
7042 8
7043 7
7044 6
7045 5
7046 5
7047 4
7048 2
7049 0
7050 0
7051 0
7052 4
7053 2
7054 1
7055 1
7056 3
7057 2
7058 1
7059 1
7060 1
7061 3
7062 4
7063 2
7064 3
7065 2
7066 3
7067 2
7068 4
7069 4
7070 4
7071 3
7072 3
7073 7
7074 7
7075 8
7076 6
7077 3
7078 0
7079 0
7080 1
7081 1
7082 1
7083 1
7084 1
7085 0
7086 1
7087 3
7088 0
7089 0
7090 4
7091 5
7092 2
7093 0
7094 1
7095 0
7096 2
7097 0
7098 1
7099 0
7100 5
7101 3
7102 4
7103 1
7104 1
7105 4
7106 2
7107 0
7108 1
7109 1
7110 3
7111 2
7112 4
7113 2
7114 4
7115 1
7116 6
7117 9
7118 9
7119 11
7120 12
7121 10
7122 10
7123 11
7124 14
7125 15
7126 12
7127 14
7128 14
7129 16
7130 13
7131 13
7132 13
7133 13
7134 12
7135 10
7136 8
7137 10
7138 11
7139 8
7140 8
7141 8
7142 7
7143 5
7144 5
7145 4
7146 4
7147 4
7148 3
7149 3
7150 1
7151 4
7152 4
7153 5
7154 6
7155 4
7156 5
7157 4
7158 4
7159 3
7160 2
7161 4
7162 3
7163 2
7164 2
7165 4
7166 4
7167 5
7168 5
7169 5
7170 5
7171 5
7172 7
7173 9
7174 9
7175 9
7176 12
7177 15
7178 12
7179 15
7180 14
7181 15
7182 12
7183 12
7184 14
7185 14
7186 14
7187 12
7188 10
7189 8
7190 7
7191 5
7192 4
7193 1
7194 0
7195 5
7196 4
7197 2
7198 2
7199 1
7200 0
7201 1
7202 0
7203 1
7204 0
7205 3
7206 3
7207 2
7208 0
7209 1
7210 2
7211 1
7212 1
7213 0
7214 4
7215 2
7216 3
7217 0
7218 3
7219 3
7220 4
7221 5
7222 3
7223 3
7224 2
7225 2
7226 3
7227 3
7228 2
7229 1
7230 2
7231 2
7232 4
7233 3
7234 1
7235 5
7236 6
7237 9
7238 8
7239 9
7240 9
7241 11
7242 11
7243 11
7244 10
7245 10
7246 10
7247 10
7248 8
7249 8
7250 8
7251 6
7252 7
7253 7
7254 8
7255 8
7256 7
7257 6
7258 5
7259 3
7260 2
7261 2
7262 2
7263 2
7264 0
7265 0
7266 1
7267 1
7268 2
7269 2
7270 2
7271 2
7272 4
7273 3
7274 3
7275 3
7276 3
7277 2
7278 3
7279 6
7280 7
7281 6
7282 7
7283 7
7284 6
7285 6
7286 5
7287 3
7288 4
7289 4
7290 1
7291 0
7292 0
7293 1
7294 1
7295 3
7296 3
7297 4
7298 6
7299 9
7300 10
7301 11
7302 10
7303 10
7304 12
7305 12
7306 11
7307 9
7308 8
7309 8
7310 7
7311 5
7312 2
7313 1
7314 0
7315 3
7316 3
7317 1
7318 3
7319 4
7320 1
7321 1
7322 1
7323 1
7324 1
7325 2
7326 0
7327 1
7328 4
7329 5
7330 5
7331 5
7332 7
7333 8
7334 9
7335 9
7336 7
7337 4
7338 1
7339 1
7340 1
7341 0
7342 1
7343 3
7344 4
7345 4
7346 3
7347 5
7348 4
7349 6
7350 6
7351 5
7352 6
7353 6
7354 4
7355 2
7356 3
7357 0
7358 1
7359 2
7360 2
7361 3
7362 4
7363 4
7364 3
7365 0
7366 1
7367 3
7368 4
7369 2
7370 2
7371 3
7372 4
7373 4
7374 3
7375 4
7376 4
7377 5
7378 5
7379 4
7380 6
7381 6
7382 4
7383 4
7384 6
7385 6
7386 4
7387 3
7388 3
7389 3
7390 2
7391 1
7392 3
7393 3
7394 3
7395 0
7396 3
7397 2
7398 2
7399 4
7400 2
7401 2
7402 1
7403 1
7404 2
7405 3
7406 3
7407 6
7408 7
7409 7
7410 7
7411 7
7412 8
7413 8
7414 8
7415 9
7416 8
7417 8
7418 7
7419 6
7420 5
7421 5
7422 3
7423 0
7424 1
7425 3
7426 0
7427 0
7428 1
7429 1
7430 0
7431 1
7432 1
7433 2
7434 3
7435 1
7436 1
7437 2
7438 2
7439 2
7440 4
7441 2
7442 3
7443 4
7444 5
7445 3
7446 0
7447 0
7448 4
7449 2
7450 7
7451 6
7452 4
7453 6
7454 5
7455 5
7456 6
7457 5
7458 5
7459 6
7460 6
7461 5
7462 4
7463 3
7464 3
7465 1
7466 3
7467 3
7468 6
7469 5
7470 5
7471 3
7472 3
7473 1
7474 1
7475 1
7476 0
7477 1
7478 1
7479 4
7480 6
7481 6
7482 6
7483 5
7484 4
7485 4
7486 2
7487 2
7488 2
7489 1
7490 2
7491 0
7492 1
7493 0
7494 2
7495 6
7496 5
7497 2
7498 2
7499 1
7500 2
7501 0
7502 3
7503 2
7504 1
7505 2
7506 4
7507 4
7508 6
7509 6
7510 6
7511 4
7512 3
7513 4
7514 4
7515 5
7516 4
7517 3
7518 4
7519 5
7520 8
7521 7
7522 6
7523 6
7524 5
7525 4
7526 3
7527 2
7528 2
7529 3
7530 2
7531 0
7532 1
7533 1
7534 1
7535 0
7536 1
7537 4
7538 3
7539 2
7540 1
7541 1
7542 0
7543 3
7544 4
7545 3
7546 2
7547 5
7548 4
7549 4
7550 7
7551 5
7552 5
7553 8
7554 9
7555 8
7556 9
7557 8
7558 11
7559 10
7560 7
7561 6
7562 7
7563 7
7564 8
7565 9
7566 9
7567 9
7568 11
7569 12
7570 12
7571 13
7572 11
7573 10
7574 8
7575 5
7576 4
7577 4
7578 2
7579 1
7580 0
7581 2
7582 1
7583 1
7584 2
7585 2
7586 5
7587 5
7588 4
7589 2
7590 0
7591 4
7592 5
7593 5
7594 3
7595 3
7596 4
7597 1
7598 3
7599 1
7600 2
7601 3
7602 1
7603 0
7604 2
7605 3
7606 2
7607 1
7608 5
7609 5
7610 5
7611 3
7612 1
7613 1
7614 1
7615 3
7616 1
7617 2
7618 5
7619 4
7620 3
7621 4
7622 4
7623 6
7624 6
7625 4
7626 6
7627 6
7628 6
7629 4
7630 4
7631 2
7632 1
7633 1
7634 0
7635 0
7636 2
7637 1
7638 3
7639 1
7640 2
7641 2
7642 2
7643 3
7644 2
7645 1
7646 4
7647 3
7648 1
7649 3
7650 2
7651 1
7652 3
7653 3
7654 4
7655 6
7656 10
7657 9
7658 10
7659 8
7660 6
7661 4
7662 4
7663 4
7664 3
7665 2
7666 1
7667 2
7668 6
7669 6
7670 6
7671 5
7672 5
7673 3
7674 2
7675 1
7676 2
7677 2
7678 1
7679 1
7680 1
7681 1
7682 0
7683 2
7684 5
7685 4
7686 2
7687 5
7688 3
7689 4
7690 4
7691 5
7692 4
7693 4
7694 3
7695 0
7696 5
7697 4
7698 3
7699 2
7700 5
7701 5
7702 6
7703 7
7704 8
7705 9
7706 9
7707 8
7708 6
7709 4
7710 4
7711 3
7712 2
7713 4
7714 5
7715 5
7716 3
7717 3
7718 2
7719 3
7720 1
7721 6
7722 5
7723 7
7724 9
7725 7
7726 7
7727 6
7728 6
7729 5
7730 4
7731 4
7732 3
7733 2
7734 3
7735 2
7736 5
7737 3
7738 4
7739 3
7740 3
7741 3
7742 3
7743 3
7744 2
7745 1
7746 6
7747 3
7748 3
7749 1
7750 4
7751 4
7752 2
7753 4
7754 4
7755 6
7756 6
7757 6
7758 4
7759 6
7760 5
7761 3
7762 2
7763 1
7764 0
7765 4
7766 2
7767 2
7768 2
7769 1
7770 2
7771 3
7772 6
7773 8
7774 10
7775 8
7776 6
7777 6
7778 4
7779 2
7780 2
7781 1
7782 3
7783 3
7784 1
7785 1
7786 2
7787 1
7788 3
7789 2
7790 0
7791 3
7792 4
7793 5
7794 6
7795 7
7796 9
7797 9
7798 8
7799 8
7800 7
7801 8
7802 6
7803 4
7804 6
7805 6
7806 8
7807 8
7808 9
7809 8
7810 8
7811 8
7812 7
7813 5
7814 3
7815 2
7816 1
7817 4
7818 2
7819 0
7820 4
7821 3
7822 4
7823 3
7824 0
7825 3
7826 1
7827 2
7828 4
7829 1
7830 2
7831 3
7832 3
7833 2
7834 1
7835 1
7836 2
7837 2
7838 3
7839 5
7840 4
7841 5
7842 4
7843 5
7844 6
7845 6
7846 7
7847 8
7848 9
7849 8
7850 8
7851 7
7852 5
7853 6
7854 6
7855 5
7856 2
7857 0
7858 0
7859 2
7860 0
7861 1
7862 1
7863 2
7864 0
7865 1
7866 3
7867 5
7868 5
7869 5
7870 4
7871 5
7872 3
7873 2
7874 3
7875 3
7876 4
7877 3
7878 0
7879 3
7880 2
7881 3
7882 1
7883 3
7884 3
7885 5
7886 5
7887 4
7888 3
7889 4
7890 3
7891 1
7892 4
7893 6
7894 7
7895 6
7896 8
7897 8
7898 11
7899 13
7900 13
7901 11
7902 9
7903 6
7904 4
7905 2
7906 0
7907 0
7908 1
7909 3
7910 1
7911 1
7912 3
7913 4
7914 4
7915 6
7916 6
7917 3
7918 2
7919 4
7920 4
7921 3
7922 6
7923 4
7924 5
7925 5
7926 5
7927 5
7928 3
7929 3
7930 0
7931 1
7932 0
7933 3
7934 1
7935 3
7936 2
7937 3
7938 4
7939 3
7940 0
7941 4
7942 5
7943 7
7944 7
7945 8
7946 8
7947 10
7948 9
7949 8
7950 7
7951 5
7952 4
7953 4
7954 5
7955 4
7956 3
7957 1
7958 3
7959 3
7960 2
7961 3
7962 5
7963 4
7964 4
7965 6
7966 4
7967 3
7968 3
7969 2
7970 3
7971 4
7972 4
7973 3
7974 3
7975 0
7976 0
7977 2
7978 1
7979 0
7980 0
7981 0
7982 1
7983 2
7984 6
7985 6
7986 5
7987 3
7988 1
7989 1
7990 1
7991 1
7992 2
7993 3
7994 2
7995 3
7996 2
7997 1
7998 5
7999 7
8000 8
8001 6
8002 5
8003 3
8004 1
8005 2
8006 2
8007 2
8008 3
8009 5
8010 3
8011 1
8012 4
8013 4
8014 2
8015 2
8016 4
8017 4
8018 3
8019 2
8020 1
8021 1
8022 4
8023 4
8024 2
8025 3
8026 3
8027 3
8028 6
8029 4
8030 2
8031 1
8032 2
8033 3
8034 5
8035 7
8036 9
8037 10
8038 9
8039 10
8040 11
8041 12
8042 13
8043 12
8044 12
8045 11
8046 10
8047 12
8048 10
8049 11
8050 8
8051 8
8052 6
8053 6
8054 3
8055 4
8056 1
8057 0
8058 1
8059 0
8060 1
8061 1
8062 1
8063 0
8064 2
8065 5
8066 6
8067 6
8068 6
8069 5
8070 3
8071 4
8072 4
8073 4
8074 3
8075 3
8076 2
8077 3
8078 3
8079 2
8080 2
8081 4
8082 2
8083 2
8084 3
8085 4
8086 5
8087 7
8088 7
8089 6
8090 4
8091 5
8092 4
8093 5
8094 7
8095 6
8096 7
8097 5
8098 5
8099 5
8100 4
8101 1
8102 1
8103 2
8104 4
8105 3
8106 2
8107 1
8108 0
8109 2
8110 4
8111 2
8112 2
8113 1
8114 3
8115 2
8116 4
8117 4
8118 3
8119 2
8120 1
8121 1
8122 3
8123 2
8124 3
8125 3
8126 4
8127 3
8128 3
8129 2
8130 3
8131 0
8132 2
8133 2
8134 3
8135 2
8136 2
8137 2
8138 4
8139 4
8140 3
8141 3
8142 2
8143 4
8144 6
8145 5
8146 4
8147 3
8148 3
8149 5
8150 5
8151 4
8152 6
8153 5
8154 5
8155 5
8156 5
8157 4
8158 4
8159 3
8160 3
8161 1
8162 3
8163 0
8164 0
8165 1
8166 0
8167 2
8168 2
8169 4
8170 5
8171 6
8172 6
8173 6
8174 5
8175 6
8176 6
8177 6
8178 5
8179 5
8180 2
8181 3
8182 1
8183 3
8184 2
8185 0
8186 4
8187 1
8188 2
8189 3
8190 5
8191 5
8192 5
8193 4
8194 6
8195 6
8196 6
8197 5
8198 4
8199 2
8200 3
8201 3
8202 1
8203 4
8204 5
8205 6
8206 6
8207 7
8208 5
8209 5
8210 2
8211 1
8212 4
8213 5
8214 7
8215 8
8216 10
8217 12
8218 13
8219 15
8220 12
8221 16
8222 13
8223 16
8224 13
8225 16
8226 13
8227 15
8228 12
8229 16
8230 13
8231 16
8232 13
8233 13
8234 13
8235 11
8236 9
8237 8
8238 5
8239 2
8240 2
8241 1
8242 1
8243 2
8244 3
8245 0
8246 1
8247 1
8248 1
8249 0
8250 0
8251 0
8252 1
8253 2
8254 4
8255 4
8256 4
8257 5
8258 3
8259 4
8260 7
8261 8
8262 8
8263 8
8264 6
8265 6
8266 7
8267 8
8268 8
8269 5
8270 4
8271 3
8272 3
8273 2
8274 3
8275 3
8276 3
8277 3
8278 2
8279 1
8280 1
8281 4
8282 4
8283 3
8284 2
8285 3
8286 3
8287 6
8288 5
8289 4
8290 4
8291 4
8292 4
8293 4
8294 3
8295 3
8296 2
8297 5
8298 4
8299 5
8300 7
8301 5
8302 3
8303 1
8304 1
8305 2
8306 2
8307 1
8308 2
8309 0
8310 0
8311 4
8312 3
8313 0
8314 3
8315 2
8316 2
8317 2
8318 1
8319 2
8320 2
8321 4
8322 4
8323 3
8324 2
8325 3
8326 4
8327 3
8328 2
8329 3
8330 3
8331 3
8332 2
8333 4
8334 6
8335 5
8336 5
8337 4
8338 2
8339 0
8340 3
8341 2
8342 4
8343 2
8344 3
8345 3
8346 4
8347 5
8348 4
8349 2
8350 2
8351 1
8352 2
8353 1
8354 3
8355 2
8356 1
8357 2
8358 1
8359 2
8360 2
8361 3
8362 1
8363 2
8364 2
8365 1
8366 4
8367 5
8368 5
8369 3
8370 3
8371 2
8372 6
8373 6
8374 7
8375 6
8376 5
8377 2
8378 1
8379 2
8380 3
8381 2
8382 2
8383 1
8384 3
8385 0
8386 4
8387 3
8388 3
8389 1
8390 4
8391 4
8392 6
8393 7
8394 8
8395 8
8396 10
8397 12
8398 11
8399 11
8400 10
8401 10
8402 10
8403 10
8404 10
8405 10
8406 11
8407 11
8408 10
8409 11
8410 8
8411 6
8412 4
8413 2
8414 1
8415 1
8416 1
8417 2
8418 3
8419 2
8420 1
8421 1
8422 1
8423 1
8424 2
8425 2
8426 4
8427 5
8428 4
8429 4
8430 4
8431 5
8432 4
8433 3
8434 4
8435 4
8436 3
8437 4
8438 2
8439 5
8440 4
8441 3
8442 5
8443 6
8444 5
8445 3
8446 1
8447 0
8448 3
8449 2
8450 3
8451 4
8452 4
8453 5
8454 4
8455 3
8456 1
8457 1
8458 3
8459 1
8460 3
8461 1
8462 0
8463 1
8464 3
8465 1
8466 2
8467 2
8468 1
8469 2
8470 0
8471 2
8472 2
8473 0
8474 1
8475 1
8476 1
8477 2
8478 2
8479 1
8480 1
8481 1
8482 2
8483 3
8484 3
8485 1
8486 1
8487 3
8488 1
8489 5
8490 4
8491 3
8492 2
8493 3
8494 2
8495 3
8496 3
8497 3
8498 2
8499 2
8500 2
8501 2
8502 3
8503 0
8504 2
8505 1
8506 4
8507 4
8508 4
8509 3
8510 4
8511 4
8512 5
8513 5
8514 5
8515 4
8516 2
8517 4
8518 3
8519 3
8520 3
8521 5
8522 2
8523 1
8524 1
8525 1
8526 2
8527 0
8528 1
8529 1
8530 2
8531 1
8532 2
8533 1
8534 3
8535 2
8536 2
8537 2
8538 2
8539 3
8540 1
8541 3
8542 4
8543 3
8544 2
8545 1
8546 1
8547 4
8548 3
8549 1
8550 3
8551 1
8552 4
8553 3
8554 2
8555 2
8556 3
8557 4
8558 6
8559 6
8560 7
8561 4
8562 5
8563 4
8564 6
8565 5
8566 5
8567 5
8568 6
8569 5
8570 4
8571 5
8572 3
8573 2
8574 0
8575 2
8576 2
8577 1
8578 3
8579 2
8580 2
8581 1
8582 2
8583 4
8584 4
8585 5
8586 6
8587 5
8588 4
8589 3
8590 0
8591 2
8592 2
8593 2
8594 5
8595 5
8596 5
8597 5
8598 4
8599 2
8600 3
8601 3
8602 4
8603 5
8604 5
8605 7
8606 6
8607 5
8608 4
8609 2
8610 3
8611 2
8612 3
8613 3
8614 3
8615 4
8616 4
8617 3
8618 4
8619 3
8620 4
8621 3
8622 4
8623 4
8624 5
8625 4
8626 5
8627 3
8628 2
8629 3
8630 2
8631 2
8632 2
8633 2
8634 4
8635 4
8636 2
8637 2
8638 2
8639 1
8640 2
8641 1
8642 2
8643 2
8644 2
8645 0
8646 2
8647 3
8648 3
8649 3
8650 3
8651 4
8652 4
8653 5
8654 4
8655 6
8656 6
8657 4
8658 4
8659 2
8660 3
8661 1
8662 1
8663 3
8664 3
8665 2
8666 2
8667 3
8668 3
8669 2
8670 4
8671 4
8672 4
8673 3
8674 2
8675 0
8676 2
8677 3
8678 3
8679 5
8680 4
8681 2
8682 1
8683 2
8684 4
8685 1
8686 2
8687 5
8688 3
8689 2
8690 6
8691 6
8692 7
8693 7
8694 7
8695 8
8696 9
8697 11
8698 13
8699 13
8700 14
8701 13
8702 14
8703 13
8704 10
8705 9
8706 9
8707 6
8708 4
8709 3
8710 2
8711 1
8712 1
8713 1
8714 1
8715 3
8716 2
8717 2
8718 3
8719 2
8720 2
8721 5
8722 4
8723 6
8724 9
8725 10
8726 11
8727 12
8728 10
8729 10
8730 11
8731 11
8732 10
8733 10
8734 8
8735 7
8736 5
8737 3
8738 0
8739 2
8740 3
8741 1
8742 3
8743 1
8744 0
8745 3
8746 1
8747 3
8748 2
8749 2
8750 4
8751 3
8752 2
8753 4
8754 4
8755 3
8756 3
8757 3
8758 6
8759 7
8760 9
8761 9
8762 7
8763 10
8764 7
8765 6
8766 5
8767 5
8768 4
8769 7
8770 5
8771 4
8772 2
8773 5
8774 6
8775 7
8776 7
8777 6
8778 6
8779 5
8780 4
8781 3
8782 2
8783 2
8784 1
8785 2
8786 2
8787 3
8788 2
8789 4
8790 3
8791 4
8792 6
8793 5
8794 6
8795 4
8796 2
8797 3
8798 1
8799 3
8800 4
8801 4
8802 4
8803 3
8804 3
8805 2
8806 3
8807 3
8808 2
8809 1
8810 2
8811 4
8812 5
8813 5
8814 4
8815 4
8816 4
8817 4
8818 3
8819 3
8820 3
8821 4
8822 2
8823 4
8824 4
8825 4
8826 3
8827 1
8828 0
8829 2
8830 2
8831 0
8832 1
8833 0
8834 3
8835 3
8836 1
8837 3
8838 3
8839 6
8840 6
8841 7
8842 10
8843 12
8844 15
8845 12
8846 15
8847 13
8848 15
8849 12
8850 15
8851 12
8852 14
8853 15
8854 12
8855 15
8856 12
8857 14
8858 13
8859 11
8860 11
8861 8
8862 7
8863 5
8864 2
8865 1
8866 0
8867 1
8868 2
8869 2
8870 2
8871 1
8872 4
8873 3
8874 5
8875 5
8876 7
8877 8
8878 8
8879 9
8880 9
8881 8
8882 7
8883 5
8884 3
8885 0
8886 3
8887 2
8888 3
8889 4
8890 4
8891 3
8892 3
8893 3
8894 2
8895 1
8896 3
8897 4
8898 3
8899 3
8900 1
8901 1
8902 1
8903 0
8904 1
8905 4
8906 4
8907 3
8908 2
8909 3
8910 5
8911 5
8912 5
8913 7
8914 10
8915 10
8916 12
8917 11
8918 13
8919 14
8920 15
8921 13
8922 15
8923 12
8924 15
8925 13
8926 15
8927 12
8928 10
8929 8
8930 5
8931 3
8932 3
8933 1
8934 2
8935 0
8936 3
8937 3
8938 5
8939 7
8940 9
8941 9
8942 9
8943 8
8944 8
8945 8
8946 7
8947 7
8948 7
8949 8
8950 8
8951 7
8952 6
8953 3
8954 0
8955 1
8956 1
8957 2
8958 1
8959 1
8960 1
8961 0
8962 1
8963 1
8964 1
8965 0
8966 1
8967 3
8968 4
8969 8
8970 10
8971 11
8972 11
8973 8
8974 8
8975 7
8976 6
8977 4
8978 3
8979 1
8980 2
8981 0
8982 1
8983 5
8984 3
8985 1
8986 0
8987 4
8988 5
8989 4
8990 4
8991 3
8992 2
8993 1
8994 5
8995 6
8996 7
8997 5
8998 6
8999 7
9000 7
9001 6
9002 4
9003 3
9004 0
9005 1
9006 1
9007 4
9008 1
9009 2
9010 2
9011 1
9012 3
9013 1
9014 1
9015 2
9016 3
9017 3
9018 3
9019 2
9020 4
9021 3
9022 3
9023 3
9024 4
9025 5
9026 6
9027 6
9028 7
9029 8
9030 9
9031 9
9032 11
9033 11
9034 10
9035 8
9036 7
9037 5
9038 3
9039 0
9040 3
9041 4
9042 3
9043 4
9044 2
9045 1
9046 3
9047 0
9048 3
9049 3
9050 2
9051 4
9052 2
9053 2
9054 3
9055 2
9056 2
9057 2
9058 3
9059 8
9060 11
9061 11
9062 13
9063 14
9064 12
9065 12
9066 11
9067 12
9068 10
9069 8
9070 6
9071 4
9072 1
9073 1
9074 5
9075 3
9076 2
9077 1
9078 1
9079 0
9080 1
9081 0
9082 5
9083 4
9084 5
9085 5
9086 4
9087 4
9088 4
9089 3
9090 3
9091 3
9092 2
9093 1
9094 4
9095 3
9096 2
9097 3
9098 1
9099 1
9100 0
9101 3
9102 5
9103 6
9104 7
9105 5
9106 3
9107 1
9108 1
9109 2
9110 3
9111 2
9112 5
9113 3
9114 2
9115 1
9116 5
9117 6
9118 6
9119 6
9120 4
9121 1
9122 2
9123 4
9124 4
9125 3
9126 3
9127 3
9128 2
9129 4
9130 3
9131 3
9132 2
9133 3
9134 1
9135 0
9136 4
9137 4
9138 3
9139 2
9140 1
9141 2
9142 5
9143 6
9144 5
9145 5
9146 5
9147 5
9148 4
9149 2
9150 2
9151 1
9152 4
9153 4
9154 3
9155 3
9156 1
9157 2
9158 3
9159 5
9160 3
9161 4
9162 2
9163 3
9164 4
9165 4
9166 5
9167 5
9168 5
9169 4
9170 5
9171 4
9172 4
9173 4
9174 5
9175 4
9176 2
9177 2
9178 4
9179 5
9180 4
9181 6
9182 5
9183 3
9184 4
9185 3
9186 1
9187 3
9188 1
9189 2
9190 1
9191 4
9192 4
9193 5
9194 6
9195 10
9196 11
9197 12
9198 11
9199 10
9200 10
9201 9
9202 9
9203 7
9204 5
9205 2
9206 1
9207 1
9208 2
9209 2
9210 1
9211 5
9212 7
9213 9
9214 9
9215 8
9216 6
9217 4
9218 2
9219 2
9220 1
9221 1
9222 1
9223 1
9224 1
9225 1
9226 2
9227 3
9228 1
9229 4
9230 5
9231 8
9232 8
9233 6
9234 4
9235 3
9236 1
9237 4
9238 3
9239 0
9240 3
9241 1
9242 5
9243 3
9244 2
9245 1
9246 2
9247 2
9248 0
9249 2
9250 0
9251 3
9252 1
9253 6
9254 4
9255 5
9256 5
9257 7
9258 9
9259 11
9260 13
9261 14
9262 16
9263 13
9264 14
9265 14
9266 13
9267 11
9268 8
9269 7
9270 7
9271 5
9272 3
9273 1
9274 2
9275 4
9276 4
9277 1
9278 2
9279 4
9280 3
9281 3
9282 4
9283 5
9284 6
9285 6
9286 7
9287 7
9288 4
9289 4
9290 2
9291 2
9292 2
9293 2
9294 3
9295 1
9296 1
9297 1
9298 3
9299 3
9300 2
9301 4
9302 6
9303 7
9304 7
9305 8
9306 5
9307 4
9308 1
9309 2
9310 1
9311 1
9312 1
9313 0
9314 4
9315 3
9316 4
9317 5
9318 3
9319 3
9320 1
9321 4
9322 4
9323 4
9324 3
9325 4
9326 4
9327 5
9328 6
9329 7
9330 5
9331 3
9332 1
9333 1
9334 2
9335 3
9336 3
9337 0
9338 3
9339 3
9340 2
9341 2
9342 1
9343 4
9344 4
9345 3
9346 0
9347 1
9348 1
9349 4
9350 2
9351 3
9352 3
9353 2
9354 4
9355 2
9356 2
9357 2
9358 1
9359 3
9360 2
9361 2
9362 3
9363 3
9364 1
9365 0
9366 1
9367 0
9368 1
9369 4
9370 1
9371 2
9372 2
9373 3
9374 1
9375 2
9376 4
9377 4
9378 5
9379 4
9380 5
9381 7
9382 6
9383 4
9384 4
9385 5
9386 4
9387 5
9388 2
9389 0
9390 3
9391 1
9392 2
9393 1
9394 1
9395 1
9396 2
9397 2
9398 0
9399 4
9400 3
9401 3
9402 0
9403 3
9404 2
9405 6
9406 8
9407 7
9408 7
9409 8
9410 9
9411 8
9412 7
9413 8
9414 5
9415 5
9416 5
9417 3
9418 3
9419 3
9420 2
9421 3
9422 2
9423 6
9424 5
9425 5
9426 4
9427 3
9428 3
9429 4
9430 4
9431 2
9432 0
9433 3
9434 3
9435 3
9436 3
9437 1
9438 5
9439 6
9440 4
9441 4
9442 2
9443 0
9444 4
9445 4
9446 5
9447 4
9448 3
9449 3
9450 3
9451 0
9452 3
9453 3
9454 3
9455 0
9456 3
9457 2
9458 3
9459 1
9460 2
9461 0
9462 3
9463 2
9464 3
9465 1
9466 4
9467 5
9468 6
9469 6
9470 5
9471 5
9472 3
9473 1
9474 2
9475 1
9476 2
9477 3
9478 4
9479 3
9480 2
9481 4
9482 3
9483 0
9484 0
9485 1
9486 3
9487 2
9488 1
9489 2
9490 5
9491 5
9492 7
9493 11
9494 10
9495 11
9496 12
9497 11
9498 12
9499 10
9500 9
9501 7
9502 6
9503 5
9504 6
9505 6
9506 6
9507 6
9508 6
9509 4
9510 3
9511 3
9512 4
9513 4
9514 4
9515 3
9516 3
9517 2
9518 1
9519 2
9520 2
9521 2
9522 1
9523 1
9524 4
9525 3
9526 2
9527 2
9528 5
9529 4
9530 3
9531 2
9532 3
9533 3
9534 3
9535 5
9536 5
9537 7
9538 6
9539 5
9540 7
9541 7
9542 6
9543 5
9544 5
9545 7
9546 6
9547 5
9548 2
9549 0
9550 0
9551 3
9552 0
9553 0
9554 3
9555 0
9556 0
9557 2
9558 0
9559 2
9560 2
9561 2
9562 1
9563 3
9564 2
9565 2
9566 2
9567 3
9568 2
9569 1
9570 1
9571 2
9572 1
9573 2
9574 3
9575 2
9576 2
9577 0
9578 2
9579 1
9580 0
9581 2
9582 1
9583 2
9584 2
9585 2
9586 2
9587 2
9588 3
9589 3
9590 2
9591 1
9592 5
9593 3
9594 6
9595 7
9596 6
9597 5
9598 4
9599 6
9600 5
9601 3
9602 4
9603 8
9604 9
9605 9
9606 8
9607 7
9608 7
9609 8
9610 8
9611 10
9612 11
9613 12
9614 11
9615 10
9616 7
9617 4
9618 1
9619 1
9620 1
9621 2
9622 0
9623 1
9624 3
9625 5
9626 4
9627 5
9628 4
9629 3
9630 4
9631 2
9632 2
9633 2
9634 7
9635 9
9636 12
9637 12
9638 12
9639 13
9640 11
9641 10
9642 10
9643 10
9644 9
9645 7
9646 6
9647 4
9648 2
9649 0
9650 0
9651 2
9652 2
9653 0
9654 5
9655 5
9656 5
9657 5
9658 7
9659 6
9660 6
9661 5
9662 6
9663 3
9664 2
9665 4
9666 4
9667 4
9668 1
9669 0
9670 2
9671 3
9672 3
9673 4
9674 5
9675 3
9676 3
9677 5
9678 4
9679 5
9680 4
9681 3
9682 3
9683 5
9684 8
9685 8
9686 8
9687 7
9688 7
9689 5
9690 3
9691 1
9692 1
9693 2
9694 1
9695 2
9696 1
9697 2
9698 0
9699 1
9700 2
9701 1
9702 4
9703 6
9704 5
9705 5
9706 3
9707 2
9708 3
9709 4
9710 4
9711 5
9712 4
9713 3
9714 0
9715 4
9716 4
9717 2
9718 3
9719 0
9720 2
9721 1
9722 1
9723 3
9724 3
9725 1
9726 1
9727 1
9728 4
9729 6
9730 5
9731 6
9732 6
9733 7
9734 6
9735 6
9736 6
9737 4
9738 3
9739 3
9740 4
9741 1
9742 2
9743 1
9744 3
9745 3
9746 1
9747 1
9748 1
9749 3
9750 5
9751 6
9752 6
9753 6
9754 6
9755 6
9756 6
9757 7
9758 7
9759 8
9760 7
9761 6
9762 3
9763 0
9764 3
9765 2
9766 1
9767 0
9768 3
9769 2
9770 3
9771 3
9772 2
9773 4
9774 3
9775 5
9776 5
9777 5
9778 4
9779 2
9780 1
9781 2
9782 2
9783 2
9784 4
9785 4
9786 1
9787 3
9788 2
9789 4
9790 2
9791 3
9792 3
9793 3
9794 2
9795 3
9796 2
9797 4
9798 4
9799 4
9800 1
9801 2
9802 3
9803 2
9804 2
9805 3
9806 3
9807 1
9808 4
9809 4
9810 3
9811 3
9812 0
9813 2
9814 3
9815 2
9816 2
9817 5
9818 4
9819 6
9820 4
9821 2
9822 3
9823 2
9824 1
9825 2
9826 1
9827 3
9828 3
9829 4
9830 7
9831 8
9832 7
9833 7
9834 6
9835 5
9836 4
9837 4
9838 2
9839 1
9840 2
9841 3
9842 2
9843 3
9844 1
9845 0
9846 3
9847 3
9848 5
9849 6
9850 5
9851 5
9852 3
9853 5
9854 4
9855 4
9856 4
9857 2
9858 2
9859 4
9860 2
9861 2
9862 3
9863 3
9864 5
9865 7
9866 8
9867 12
9868 14
9869 14
9870 14
9871 15
9872 12
9873 14
9874 14
9875 13
9876 14
9877 14
9878 13
9879 12
9880 10
9881 7
9882 4
9883 1
9884 0
9885 1
9886 1
9887 1
9888 3
9889 5
9890 7
9891 9
9892 9
9893 9
9894 10
9895 11
9896 8
9897 6
9898 5
9899 3
9900 3
9901 2
9902 1
9903 2
9904 1
9905 2
9906 1
9907 2
9908 0
9909 2
9910 3
9911 2
9912 6
9913 4
9914 6
9915 7
9916 7
9917 6
9918 7
9919 5
9920 2
9921 1
9922 3
9923 1
9924 3
9925 0
9926 2
9927 1
9928 2
9929 1
9930 1
9931 2
9932 2
9933 1
9934 2
9935 3
9936 3
9937 3
9938 2
9939 3
9940 3
9941 4
9942 5
9943 4
9944 4
9945 2
9946 2
9947 5
9948 6
9949 5
9950 6
9951 4
9952 5
9953 4
9954 2
9955 3
9956 2
9957 3
9958 3
9959 5
9960 6
9961 8
9962 7
9963 5
9964 4
9965 3
9966 3
9967 2
9968 3
9969 1
9970 2
9971 4
9972 3
9973 4
9974 2
9975 3
9976 1
9977 2
9978 1
9979 3
9980 3
9981 4
9982 6
9983 8
9984 8
9985 9
9986 9
9987 12
9988 11
9989 11
9990 11
9991 10
9992 9
9993 8
9994 7
9995 6
9996 5
9997 3
9998 1
9999 2
