0 2
1 0
2 0
3 0
4 0
5 1
6 0
7 2
8 0
9 1
10 1
11 0
12 1
13 3
14 3
15 2
16 1
17 2
18 2
19 3
20 0
21 1
22 2
23 3
24 2
25 1
26 2
27 3
28 1
29 1
30 2
31 4
32 5
33 4
34 4
35 4
36 2
37 1
38 2
39 0
40 1
41 3
42 2
43 3
44 2
45 3
46 2
47 3
48 4
49 4
50 4
51 2
52 4
53 1
54 3
55 2
56 0
57 0
58 3
59 2
60 1
61 0
62 3
63 4
64 3
65 3
66 1
67 1
68 3
69 3
70 4
71 1
72 1
73 2
74 2
75 3
76 1
77 3
78 1
79 3
80 3
81 5
82 4
83 2
84 2
85 1
86 3
87 3
88 5
89 5
90 6
91 3
92 1
93 1
94 0
95 0
96 1
97 5
98 4
99 1
100 2
101 1
102 1
103 1
104 0
105 3
106 1
107 1
108 3
109 0
110 1
111 2
112 2
113 4
114 4
115 3
116 0
117 3
118 2
119 1
120 3
121 3
122 5
123 5
124 4
125 4
126 3
127 2
128 2
129 2
130 2
131 2
132 1
133 2
134 2
135 1
136 1
137 0
138 5
139 4
140 1
141 0
142 2
143 3
144 2
145 0
146 0
147 2
148 3
149 3
150 0
151 1
152 1
153 2
154 2
155 1
156 1
157 3
158 3
159 4
160 3
161 6
162 5
163 5
164 4
165 4
166 2
167 0
168 1
169 2
170 0
171 5
172 4
173 2
174 2
175 0
176 3
177 3
178 2
179 2
180 0
181 2
182 4
183 1
184 2
185 0
186 3
187 3
188 2
189 2
190 3
191 2
192 0
193 2
194 1
195 1
196 1
197 2
198 0
199 1
200 4
201 2
202 2
203 1
204 2
205 1
206 2
207 0
208 1
209 0
210 1
211 1
212 3
213 3
214 2
215 2
216 1
217 1
218 4
219 2
220 1
221 1
222 1
223 3
224 1
225 1
226 1
227 1
228 3
229 3
230 1
231 2
232 2
233 5
234 4
235 4
236 3
237 1
238 0
239 1
240 2
241 2
242 1
243 2
244 3
245 1
246 2
247 4
248 5
249 6
250 6
251 7
252 6
253 6
254 6
255 4
256 4
257 4
258 2
259 2
260 2
261 2
262 3
263 3
264 3
265 2
266 1
267 1
268 2
269 4
270 3
271 1
272 3
273 3
274 2
275 1
276 0
277 1
278 3
279 0
280 0
281 0
282 1
283 3
284 4
285 3
286 0
287 2
288 3
289 2
290 1
291 2
292 3
293 2
294 0
295 1
296 3
297 2
298 5
299 5
300 6
301 4
302 4
303 3
304 2
305 1
306 1
307 1
308 2
309 4
310 5
311 5
312 6
313 4
314 4
315 1
316 2
317 1
318 4
319 3
320 7
321 5
322 3
323 1
324 2
325 1
326 0
327 1
328 2
329 3
330 2
331 2
332 3
333 0
334 2
335 1
336 2
337 3
338 2
339 0
340 3
341 2
342 2
343 0
344 3
345 0
346 4
347 2
348 3
349 2
350 1
351 1
352 4
353 2
354 1
355 3
356 3
357 3
358 2
359 4
360 2
361 2
362 3
363 3
364 4
365 3
366 2
367 2
368 1
369 1
370 1
371 1
372 2
373 1
374 1
375 1
376 3
377 3
378 2
379 2
380 2
381 5
382 3
383 1
384 1
385 3
386 0
387 1
388 1
389 3
390 0
391 1
392 2
393 1
394 1
395 3
396 0
397 3
398 1
399 1
400 2
401 1
402 2
403 3
404 5
405 3
406 2
407 1
408 0
409 0
410 1
411 2
412 2
413 4
414 3
415 2
416 2
417 0
418 3
419 3
420 3
421 2
422 2
423 1
424 1
425 1
426 2
427 3
428 1
429 2
430 1
431 3
432 2
433 4
434 1
435 3
436 1
437 1
438 1
439 2
440 1
441 3
442 2
443 1
444 2
445 4
446 3
447 3
448 2
449 3
450 3
451 3
452 2
453 3
454 1
455 2
456 3
457 3
458 4
459 2
460 2
461 0
462 1
463 3
464 3
465 3
466 2
467 2
468 4
469 4
470 4
471 4
472 4
473 4
474 1
475 0
476 1
477 2
478 0
479 3
480 1
481 2
482 2
483 1
484 0
485 2
486 2
487 2
488 4
489 3
490 1
491 2
492 1
493 1
494 3
495 2
496 3
497 2
498 3
499 0
500 2
501 2
502 2
503 4
504 4
505 1
506 1
507 3
508 0
509 0
510 2
511 2
512 2
513 1
514 2
515 4
516 2
517 1
518 2
519 5
520 3
521 1
522 3
523 3
524 3
525 1
526 1
527 2
528 2
529 3
530 3
531 3
532 1
533 4
534 3
535 2
536 1
537 1
538 1
539 1
540 2
541 1
542 1
543 3
544 1
545 2
546 0
547 2
548 1
549 0
550 2
551 1
552 3
553 1
554 2
555 1
556 2
557 2
558 2
559 2
560 2
561 4
562 3
563 2
564 3
565 3
566 2
567 1
568 1
569 2
570 2
571 2
572 2
573 2
574 2
575 1
576 3
577 1
578 2
579 2
580 2
581 1
582 0
583 1
584 3
585 2
586 1
587 0
588 2
589 5
590 2
591 1
592 0
593 2
594 1
595 2
596 2
597 1
598 1
599 0
600 3
601 2
602 3
603 3
604 3
605 5
606 5
607 3
608 3
609 2
610 1
611 2
612 2
613 3
614 1
615 3
616 3
617 3
618 2
619 1
620 1
621 0
622 1
623 1
624 0
625 0
626 0
627 1
628 2
629 1
630 1
631 4
632 4
633 4
634 2
635 1
636 1
637 3
638 4
639 6
640 4
641 3
642 1
643 0
644 1
645 0
646 0
647 2
648 1
649 2
650 1
651 3
652 2
653 2
654 1
655 2
656 1
657 3
658 1
659 2
660 3
661 2
662 4
663 2
664 0
665 1
666 2
667 0
668 1
669 3
670 0
671 1
672 2
673 3
674 1
675 1
676 1
677 4
678 4
679 2
680 2
681 1
682 1
683 1
684 2
685 3
686 2
687 4
688 3
689 0
690 4
691 1
692 0
693 0
694 0
695 3
696 0
697 1
698 2
699 2
700 3
701 1
702 0
703 2
704 0
705 3
706 1
707 3
708 1
709 2
710 2
711 1
712 0
713 2
714 2
715 1
716 5
717 4
718 3
719 1
720 0
721 4
722 6
723 6
724 4
725 1
726 6
727 3
728 2
729 1
730 2
731 2
732 2
733 2
734 1
735 2
736 1
737 2
738 0
739 2
740 3
741 2
742 4
743 4
744 3
745 2
746 4
747 4
748 4
749 3
750 2
751 4
752 4
753 2
754 3
755 0
756 1
757 1
758 3
759 2
760 0
761 5
762 3
763 0
764 3
765 1
766 1
767 1
768 2
769 2
770 1
771 1
772 1
773 1
774 0
775 1
776 3
777 1
778 1
779 3
780 1
781 2
782 0
783 3
784 2
785 5
786 5
787 4
788 1
789 4
790 3
791 2
792 2
793 5
794 3
795 2
796 1
797 1
798 2
799 1
800 2
801 3
802 1
803 0
804 2
805 2
806 1
807 1
808 2
809 3
810 2
811 3
812 2
813 2
814 1
815 1
816 2
817 0
818 4
819 4
820 3
821 1
822 2
823 1
824 2
825 3
826 0
827 3
828 0
829 2
830 2
831 2
832 2
833 1
834 2
835 0
836 4
837 2
838 2
839 2
840 2
841 1
842 1
843 1
844 0
845 1
846 2
847 0
848 4
849 2
850 3
851 2
852 2
853 4
854 4
855 2
856 4
857 3
858 3
859 3
860 0
861 2
862 2
863 1
864 1
865 2
866 3
867 0
868 1
869 2
870 1
871 2
872 3
873 1
874 2
875 2
876 1
877 2
878 0
879 1
880 1
881 2
882 3
883 2
884 4
885 4
886 3
887 3
888 3
889 2
890 3
891 2
892 2
893 4
894 4
895 4
896 3
897 2
898 3
899 4
900 3
901 2
902 2
903 2
904 3
905 3
906 1
907 2
908 3
909 4
910 4
911 2
912 2
913 3
914 3
915 3
916 4
917 4
918 5
919 5
920 5
921 2
922 0
923 0
924 0
925 0
926 1
927 0
928 1
929 2
930 1
931 3
932 2
933 3
934 1
935 3
936 1
937 1
938 4
939 4
940 5
941 4
942 5
943 5
944 5
945 3
946 0
947 0
948 3
949 1
950 5
951 3
952 2
953 2
954 1
955 2
956 3
957 2
958 3
959 2
960 4
961 5
962 5
963 3
964 2
965 3
966 2
967 1
968 3
969 3
970 0
971 4
972 2
973 0
974 1
975 1
976 4
977 4
978 4
979 2
980 1
981 3
982 4
983 1
984 2
985 0
986 0
987 0
988 3
989 2
990 1
991 1
992 1
993 2
994 3
995 2
996 2
997 0
998 1
999 3
1000 3
1001 0
1002 2
1003 2
1004 3
1005 3
1006 3
1007 1
1008 1
1009 3
1010 2
1011 2
1012 2
1013 1
1014 2
1015 2
1016 2
1017 2
1018 4
1019 4
1020 2
1021 0
1022 4
1023 4
1024 4
1025 5
1026 4
1027 4
1028 5
1029 3
1030 1
1031 0
1032 0
1033 0
1034 1
1035 3
1036 2
1037 2
1038 0
1039 1
1040 4
1041 1
1042 1
1043 1
1044 1
1045 2
1046 0
1047 2
1048 1
1049 1
1050 0
1051 3
1052 2
1053 1
1054 3
1055 2
1056 2
1057 3
1058 2
1059 1
1060 3
1061 1
1062 1
1063 3
1064 2
1065 3
1066 4
1067 5
1068 5
1069 5
1070 5
1071 4
1072 4
1073 1
1074 2
1075 0
1076 0
1077 0
1078 0
1079 2
1080 2
1081 1
1082 3
1083 1
1084 0
1085 5
1086 2
1087 3
1088 4
1089 3
1090 3
1091 1
1092 4
1093 2
1094 1
1095 1
1096 1
1097 3
1098 1
1099 0
1100 2
1101 3
1102 1
1103 3
1104 3
1105 2
1106 1
1107 1
1108 1
1109 5
1110 5
1111 5
1112 4
1113 2
1114 3
1115 3
1116 2
1117 1
1118 1
1119 0
1120 2
1121 2
1122 0
1123 1
1124 2
1125 0
1126 1
1127 0
1128 1
1129 0
1130 1
1131 2
1132 0
1133 2
1134 2
1135 0
1136 2
1137 3
1138 0
1139 2
1140 2
1141 1
1142 3
1143 3
1144 1
1145 4
1146 2
1147 1
1148 3
1149 1
1150 1
1151 0
1152 1
1153 0
1154 2
1155 1
1156 2
1157 0
1158 0
1159 0
1160 4
1161 3
1162 2
1163 2
1164 2
1165 2
1166 2
1167 2
1168 2
1169 1
1170 1
1171 3
1172 2
1173 1
1174 2
1175 0
1176 3
1177 1
1178 2
1179 0
1180 1
1181 4
1182 1
1183 2
1184 2
1185 1
1186 1
1187 4
1188 2
1189 1
1190 2
1191 4
1192 3
1193 1
1194 0
1195 2
1196 1
1197 0
1198 1
1199 1
1200 0
1201 0
1202 1
1203 0
1204 2
1205 2
1206 0
1207 3
1208 0
1209 6
1210 5
1211 3
1212 2
1213 0
1214 3
1215 2
1216 1
1217 0
1218 1
1219 1
1220 3
1221 3
1222 3
1223 0
1224 1
1225 0
1226 2
1227 1
1228 0
1229 3
1230 0
1231 2
1232 3
1233 3
1234 1
1235 0
1236 0
1237 1
1238 3
1239 3
1240 2
1241 2
1242 2
1243 2
1244 4
1245 2
1246 2
1247 4
1248 4
1249 4
1250 4
1251 2
1252 3
1253 2
1254 2
1255 2
1256 3
1257 3
1258 3
1259 4
1260 4
1261 4
1262 3
1263 2
1264 2
1265 2
1266 1
1267 2
1268 3
1269 0
1270 2
1271 1
1272 3
1273 2
1274 1
1275 3
1276 3
1277 3
1278 1
1279 2
1280 2
1281 2
1282 2
1283 2
1284 1
1285 0
1286 1
1287 2
1288 2
1289 3
1290 3
1291 3
1292 3
1293 2
1294 2
1295 4
1296 1
1297 3
1298 3
1299 3
1300 4
1301 3
1302 2
1303 2
1304 1
1305 3
1306 1
1307 2
1308 0
1309 2
1310 0
1311 1
1312 4
1313 2
1314 2
1315 1
1316 3
1317 0
1318 3
1319 3
1320 3
1321 1
1322 0
1323 3
1324 0
1325 1
1326 3
1327 3
1328 3
1329 0
1330 1
1331 2
1332 2
1333 2
1334 2
1335 1
1336 1
1337 1
1338 3
1339 2
1340 1
1341 1
1342 1
1343 1
1344 1
1345 4
1346 2
1347 2
1348 2
1349 2
1350 0
1351 2
1352 2
1353 2
1354 1
1355 6
1356 4
1357 2
1358 2
1359 4
1360 2
1361 3
1362 3
1363 4
1364 4
1365 2
1366 0
1367 1
1368 3
1369 3
1370 1
1371 3
1372 2
1373 3
1374 3
1375 2
1376 1
1377 1
1378 2
1379 1
1380 0
1381 0
1382 0
1383 0
1384 1
1385 0
1386 0
1387 1
1388 1
1389 3
1390 2
1391 1
1392 1
1393 0
1394 1
1395 2
1396 3
1397 2
1398 1
1399 3
1400 2
1401 0
1402 2
1403 2
1404 0
1405 2
1406 3
1407 4
1408 4
1409 3
1410 3
1411 3
1412 3
1413 3
1414 2
1415 3
1416 2
1417 3
1418 3
1419 2
1420 2
1421 4
1422 3
1423 1
1424 2
1425 2
1426 1
1427 3
1428 1
1429 1
1430 3
1431 3
1432 0
1433 0
1434 1
1435 1
1436 1
1437 1
1438 1
1439 2
1440 3
1441 2
1442 0
1443 1
1444 1
1445 1
1446 4
1447 4
1448 3
1449 2
1450 2
1451 2
1452 2
1453 1
1454 0
1455 2
1456 3
1457 1
1458 0
1459 2
1460 2
1461 2
1462 0
1463 1
1464 2
1465 1
1466 1
1467 0
1468 2
1469 3
1470 3
1471 2
1472 2
1473 3
1474 4
1475 4
1476 4
1477 4
1478 4
1479 4
1480 4
1481 3
1482 2
1483 3
1484 3
1485 2
1486 2
1487 2
1488 2
1489 1
1490 2
1491 2
1492 1
1493 2
1494 3
1495 2
1496 2
1497 3
1498 3
1499 2
1500 1
1501 1
1502 1
1503 4
1504 2
1505 0
1506 2
1507 0
1508 1
1509 1
1510 3
1511 4
1512 3
1513 2
1514 2
1515 4
1516 3
1517 2
1518 1
1519 2
1520 2
1521 5
1522 4
1523 3
1524 1
1525 2
1526 1
1527 1
1528 2
1529 1
1530 3
1531 1
1532 1
1533 2
1534 1
1535 1
1536 0
1537 2
1538 1
1539 0
1540 1
1541 1
1542 3
1543 1
1544 2
1545 5
1546 5
1547 3
1548 2
1549 2
1550 3
1551 1
1552 2
1553 1
1554 0
1555 1
1556 1
1557 0
1558 2
1559 1
1560 2
1561 1
1562 3
1563 3
1564 2
1565 0
1566 2
1567 2
1568 0
1569 0
1570 1
1571 0
1572 0
1573 1
1574 2
1575 2
1576 1
1577 1
1578 2
1579 0
1580 1
1581 0
1582 5
1583 4
1584 2
1585 1
1586 4
1587 4
1588 3
1589 2
1590 3
1591 0
1592 3
1593 1
1594 1
1595 2
1596 2
1597 2
1598 4
1599 2
1600 1
1601 1
1602 3
1603 3
1604 0
1605 0
1606 3
1607 1
1608 0
1609 1
1610 1
1611 3
1612 1
1613 0
1614 3
1615 1
1616 0
1617 1
1618 4
1619 2
1620 1
1621 2
1622 1
1623 1
1624 1
1625 0
1626 2
1627 2
1628 2
1629 3
1630 2
1631 0
1632 3
1633 2
1634 3
1635 3
1636 2
1637 2
1638 3
1639 0
1640 1
1641 2
1642 2
1643 1
1644 4
1645 4
1646 3
1647 2
1648 2
1649 2
1650 2
1651 2
1652 3
1653 2
1654 1
1655 2
1656 0
1657 1
1658 1
1659 1
1660 3
1661 3
1662 2
1663 5
1664 5
1665 5
1666 6
1667 4
1668 3
1669 0
1670 1
1671 1
1672 3
1673 1
1674 1
1675 2
1676 0
1677 2
1678 1
1679 2
1680 2
1681 2
1682 1
1683 2
1684 4
1685 4
1686 3
1687 1
1688 3
1689 3
1690 0
1691 0
1692 2
1693 0
1694 0
1695 0
1696 2
1697 1
1698 0
1699 1
1700 0
1701 0
1702 2
1703 1
1704 2
1705 1
1706 2
1707 0
1708 2
1709 2
1710 1
1711 0
1712 0
1713 2
1714 3
1715 0
1716 1
1717 1
1718 1
1719 3
1720 3
1721 1
1722 0
1723 3
1724 3
1725 1
1726 1
1727 2
1728 4
1729 1
1730 3
1731 3
1732 5
1733 2
1734 2
1735 2
1736 1
1737 1
1738 1
1739 2
1740 5
1741 3
1742 1
1743 1
1744 2
1745 1
1746 1
1747 3
1748 2
1749 0
1750 1
1751 1
1752 3
1753 3
1754 1
1755 1
1756 1
1757 2
1758 2
1759 3
1760 1
1761 0
1762 1
1763 2
1764 2
1765 0
1766 1
1767 1
1768 0
1769 2
1770 1
1771 0
1772 1
1773 3
1774 2
1775 0
1776 1
1777 1
1778 2
1779 1
1780 3
1781 3
1782 1
1783 2
1784 2
1785 1
1786 2
1787 5
1788 3
1789 2
1790 1
1791 1
1792 1
1793 1
1794 2
1795 2
1796 1
1797 1
1798 3
1799 1
1800 5
1801 2
1802 1
1803 1
1804 4
1805 1
1806 3
1807 0
1808 3
1809 1
1810 3
1811 4
1812 3
1813 0
1814 0
1815 2
1816 0
1817 4
1818 3
1819 1
1820 4
1821 3
1822 2
1823 2
1824 2
1825 5
1826 4
1827 4
1828 3
1829 1
1830 1
1831 1
1832 1
1833 1
1834 2
1835 3
1836 1
1837 4
1838 3
1839 2
1840 2
1841 2
1842 2
1843 3
1844 2
1845 2
1846 4
1847 2
1848 0
1849 3
1850 3
1851 2
1852 3
1853 2
1854 4
1855 2
1856 1
1857 3
1858 2
1859 1
1860 0
1861 0
1862 1
1863 1
1864 0
1865 2
1866 4
1867 2
1868 0
1869 3
1870 3
1871 3
1872 2
1873 4
1874 1
1875 2
1876 1
1877 2
1878 1
1879 3
1880 2
1881 1
1882 2
1883 1
1884 2
1885 3
1886 2
1887 3
1888 2
1889 1
1890 2
1891 1
1892 1
1893 3
1894 0
1895 4
1896 3
1897 5
1898 7
1899 9
1900 10
1901 10
1902 11
1903 10
1904 10
1905 9
1906 10
1907 10
1908 10
1909 9
1910 8
1911 7
1912 4
1913 2
1914 3
1915 1
1916 1
1917 1
1918 1
1919 0
1920 0
1921 2
1922 2
1923 2
1924 2
1925 2
1926 1
1927 3
1928 4
1929 2
1930 2
1931 0
1932 2
1933 0
1934 2
1935 2
1936 1
1937 3
1938 1
1939 4
1940 3
1941 4
1942 3
1943 0
1944 0
1945 1
1946 0
1947 0
1948 0
1949 0
1950 2
1951 3
1952 1
1953 1
1954 1
1955 2
1956 1
1957 2
1958 1
1959 3
1960 4
1961 2
1962 2
1963 1
1964 2
1965 0
1966 3
1967 3
1968 4
1969 3
1970 1
1971 2
1972 0
1973 1
1974 3
1975 0
1976 0
1977 1
1978 3
1979 2
1980 1
1981 3
1982 2
1983 4
1984 2
1985 1
1986 1
1987 4
1988 3
1989 2
1990 0
1991 1
1992 1
1993 1
1994 1
1995 3
1996 2
1997 1
1998 1
1999 1
2000 1
2001 2
2002 3
2003 2
2004 1
2005 0
2006 3
2007 2
2008 2
2009 3
2010 2
2011 2
2012 2
2013 0
2014 2
2015 0
2016 2
2017 0
2018 3
2019 4
2020 4
2021 4
2022 2
2023 2
2024 2
2025 3
2026 3
2027 3
2028 1
2029 4
2030 2
2031 1
2032 4
2033 2
2034 2
2035 3
2036 4
2037 3
2038 3
2039 0
2040 1
2041 1
2042 0
2043 0
2044 1
2045 1
2046 1
2047 1
2048 3
2049 1
2050 1
2051 3
2052 3
2053 1
2054 1
2055 1
2056 3
2057 1
2058 0
2059 1
2060 2
2061 3
2062 1
2063 3
2064 4
2065 4
2066 3
2067 5
2068 4
2069 4
2070 4
2071 4
2072 2
2073 2
2074 1
2075 1
2076 3
2077 1
2078 2
2079 2
2080 1
2081 4
2082 4
2083 5
2084 5
2085 4
2086 2
2087 3
2088 4
2089 3
2090 1
2091 1
2092 3
2093 1
2094 5
2095 3
2096 2
2097 4
2098 2
2099 2
2100 1
2101 2
2102 1
2103 0
2104 1
2105 3
2106 1
2107 4
2108 3
2109 2
2110 1
2111 2
2112 2
2113 1
2114 1
2115 1
2116 1
2117 2
2118 3
2119 1
2120 2
2121 1
2122 2
2123 1
2124 0
2125 1
2126 2
2127 1
2128 1
2129 1
2130 2
2131 2
2132 1
2133 0
2134 4
2135 1
2136 2
2137 0
2138 2
2139 1
2140 0
2141 2
2142 2
2143 1
2144 2
2145 0
2146 1
2147 4
2148 3
2149 5
2150 4
2151 4
2152 3
2153 3
2154 2
2155 1
2156 3
2157 2
2158 3
2159 2
2160 4
2161 3
2162 2
2163 4
2164 1
2165 0
2166 3
2167 1
2168 4
2169 2
2170 1
2171 4
2172 2
2173 2
2174 2
2175 1
2176 1
2177 4
2178 2
2179 1
2180 2
2181 2
2182 2
2183 2
2184 2
2185 0
2186 5
2187 5
2188 2
2189 3
2190 1
2191 2
2192 2
2193 4
2194 2
2195 4
2196 2
2197 1
2198 0
2199 2
2200 4
2201 3
2202 2
2203 2
2204 1
2205 1
2206 2
2207 2
2208 2
2209 2
2210 2
2211 1
2212 2
2213 2
2214 2
2215 0
2216 3
2217 0
2218 3
2219 2
2220 1
2221 1
2222 1
2223 2
2224 1
2225 3
2226 1
2227 1
2228 2
2229 2
2230 3
2231 2
2232 1
2233 4
2234 2
2235 2
2236 0
2237 4
2238 3
2239 1
2240 3
2241 0
2242 2
2243 4
2244 2
2245 1
2246 2
2247 2
2248 2
2249 3
2250 2
2251 2
2252 2
2253 0
2254 2
2255 1
2256 1
2257 2
2258 1
2259 2
2260 1
2261 0
2262 2
2263 3
2264 2
2265 1
2266 1
2267 1
2268 2
2269 2
2270 2
2271 1
2272 0
2273 1
2274 2
2275 2
2276 4
2277 2
2278 2
2279 2
2280 3
2281 1
2282 1
2283 3
2284 1
2285 1
2286 1
2287 3
2288 1
2289 0
2290 3
2291 1
2292 2
2293 3
2294 2
2295 1
2296 1
2297 0
2298 2
2299 1
2300 1
2301 1
2302 1
2303 1
2304 3
2305 2
2306 3
2307 5
2308 4
2309 3
2310 3
2311 3
2312 2
2313 0
2314 4
2315 4
2316 4
2317 4
2318 3
2319 2
2320 2
2321 1
2322 1
2323 4
2324 2
2325 2
2326 1
2327 4
2328 2
2329 3
2330 3
2331 0
2332 1
2333 0
2334 1
2335 3
2336 2
2337 3
2338 3
2339 2
2340 1
2341 0
2342 1
2343 2
2344 4
2345 3
2346 1
2347 4
2348 3
2349 3
2350 3
2351 3
2352 3
2353 3
2354 3
2355 1
2356 1
2357 0
2358 0
2359 1
2360 0
2361 1
2362 1
2363 1
2364 1
2365 1
2366 3
2367 3
2368 1
2369 2
2370 3
2371 2
2372 4
2373 4
2374 3
2375 3
2376 2
2377 3
2378 3
2379 3
2380 3
2381 3
2382 1
2383 4
2384 2
2385 3
2386 2
2387 2
2388 2
2389 2
2390 3
2391 2
2392 3
2393 1
2394 3
2395 2
2396 2
2397 2
2398 2
2399 0
2400 3
2401 0
2402 3
2403 3
2404 3
2405 3
2406 2
2407 3
2408 2
2409 3
2410 2
2411 2
2412 2
2413 1
2414 2
2415 2
2416 1
2417 2
2418 1
2419 0
2420 2
2421 2
2422 0
2423 2
2424 4
2425 3
2426 2
2427 0
2428 2
2429 2
2430 5
2431 6
2432 6
2433 6
2434 7
2435 7
2436 6
2437 5
2438 3
2439 0
2440 1
2441 0
2442 3
2443 1
2444 3
2445 0
2446 0
2447 1
2448 1
2449 2
2450 2
2451 1
2452 4
2453 3
2454 3
2455 6
2456 5
2457 3
2458 2
2459 1
2460 1
2461 2
2462 1
2463 3
2464 1
2465 3
2466 3
2467 3
2468 2
2469 2
2470 1
2471 2
2472 0
2473 2
2474 1
2475 3
2476 2
2477 2
2478 1
2479 2
2480 3
2481 3
2482 1
2483 2
2484 3
2485 1
2486 3
2487 1
2488 2
2489 2
2490 3
2491 1
2492 3
2493 1
2494 2
2495 2
2496 1
2497 1
2498 2
2499 0
2500 3
2501 3
2502 3
2503 0
2504 3
2505 3
2506 2
2507 2
2508 4
2509 4
2510 2
2511 6
2512 5
2513 6
2514 6
2515 4
2516 2
2517 3
2518 3
2519 2
2520 2
2521 1
2522 2
2523 1
2524 2
2525 1
2526 2
2527 2
2528 2
2529 2
2530 2
2531 2
2532 2
2533 0
2534 3
2535 2
2536 2
2537 3
2538 2
2539 4
2540 3
2541 4
2542 3
2543 2
2544 1
2545 2
2546 3
2547 0
2548 1
2549 0
2550 1
2551 3
2552 4
2553 1
2554 2
2555 2
2556 2
2557 2
2558 3
2559 1
2560 1
2561 2
2562 2
2563 1
2564 3
2565 4
2566 2
2567 1
2568 1
2569 1
2570 1
2571 0
2572 1
2573 3
2574 1
2575 2
2576 1
2577 2
2578 1
2579 0
2580 2
2581 1
2582 2
2583 2
2584 0
2585 2
2586 2
2587 0
2588 3
2589 4
2590 5
2591 4
2592 2
2593 2
2594 2
2595 1
2596 2
2597 1
2598 3
2599 2
2600 2
2601 1
2602 4
2603 4
2604 1
2605 1
2606 0
2607 2
2608 0
2609 4
2610 2
2611 3
2612 3
2613 1
2614 3
2615 1
2616 0
2617 2
2618 0
2619 1
2620 1
2621 1
2622 2
2623 3
2624 1
2625 1
2626 2
2627 2
2628 1
2629 2
2630 0
2631 1
2632 1
2633 2
2634 2
2635 2
2636 3
2637 1
2638 1
2639 3
2640 2
2641 1
2642 2
2643 4
2644 3
2645 3
2646 1
2647 1
2648 3
2649 1
2650 2
2651 1
2652 1
2653 0
2654 1
2655 1
2656 1
2657 2
2658 3
2659 3
2660 3
2661 1
2662 3
2663 3
2664 3
2665 3
2666 3
2667 1
2668 1
2669 2
2670 1
2671 3
2672 1
2673 0
2674 3
2675 5
2676 4
2677 3
2678 3
2679 1
2680 1
2681 1
2682 2
2683 1
2684 0
2685 1
2686 3
2687 3
2688 2
2689 2
2690 3
2691 4
2692 3
2693 4
2694 2
2695 1
2696 3
2697 3
2698 1
2699 2
2700 1
2701 1
2702 2
2703 2
2704 6
2705 6
2706 6
2707 4
2708 4
2709 1
2710 2
2711 4
2712 3
2713 0
2714 2
2715 0
2716 1
2717 3
2718 1
2719 3
2720 0
2721 1
2722 0
2723 2
2724 1
2725 0
2726 2
2727 2
2728 1
2729 1
2730 0
2731 1
2732 2
2733 1
2734 2
2735 2
2736 1
2737 3
2738 2
2739 2
2740 2
2741 1
2742 0
2743 1
2744 4
2745 2
2746 1
2747 3
2748 2
2749 1
2750 1
2751 2
2752 2
2753 1
2754 1
2755 0
2756 3
2757 1
2758 4
2759 3
2760 0
2761 2
2762 2
2763 2
2764 2
2765 3
2766 1
2767 2
2768 2
2769 2
2770 2
2771 3
2772 1
2773 4
2774 3
2775 3
2776 1
2777 1
2778 1
2779 2
2780 2
2781 0
2782 1
2783 1
2784 3
2785 2
2786 1
2787 0
2788 0
2789 0
2790 0
2791 3
2792 3
2793 4
2794 2
2795 0
2796 0
2797 0
2798 1
2799 0
2800 1
2801 1
2802 0
2803 1
2804 2
2805 0
2806 1
2807 3
2808 4
2809 2
2810 4
2811 4
2812 3
2813 3
2814 2
2815 1
2816 2
2817 1
2818 2
2819 2
2820 1
2821 2
2822 0
2823 2
2824 1
2825 3
2826 0
2827 1
2828 1
2829 0
2830 4
2831 2
2832 5
2833 5
2834 3
2835 3
2836 1
2837 2
2838 1
2839 1
2840 2
2841 2
2842 2
2843 0
2844 1
2845 0
2846 3
2847 3
2848 2
2849 0
2850 5
2851 3
2852 2
2853 2
2854 2
2855 2
2856 2
2857 1
2858 3
2859 1
2860 1
2861 1
2862 2
2863 1
2864 3
2865 2
2866 2
2867 2
2868 3
2869 1
2870 0
2871 2
2872 3
2873 0
2874 3
2875 2
2876 3
2877 2
2878 2
2879 5
2880 3
2881 4
2882 3
2883 2
2884 1
2885 1
2886 4
2887 3
2888 2
2889 2
2890 4
2891 5
2892 5
2893 3
2894 2
2895 3
2896 3
2897 1
2898 3
2899 1
2900 4
2901 3
2902 2
2903 1
2904 2
2905 3
2906 0
2907 1
2908 1
2909 1
2910 1
2911 1
2912 0
2913 2
2914 0
2915 3
2916 2
2917 2
2918 1
2919 2
2920 1
2921 3
2922 1
2923 1
2924 2
2925 3
2926 1
2927 2
2928 3
2929 0
2930 1
2931 3
2932 1
2933 3
2934 1
2935 2
2936 3
2937 3
2938 2
2939 2
2940 1
2941 1
2942 2
2943 1
2944 1
2945 4
2946 3
2947 2
2948 1
2949 3
2950 2
2951 0
2952 2
2953 3
2954 1
2955 4
2956 1
2957 4
2958 2
2959 2
2960 1
2961 4
2962 2
2963 2
2964 2
2965 1
2966 2
2967 2
2968 2
2969 4
2970 2
2971 3
2972 2
2973 1
2974 2
2975 1
2976 3
2977 3
2978 2
2979 3
2980 3
2981 0
2982 3
2983 3
2984 3
2985 3
2986 2
2987 3
2988 2
2989 2
2990 1
2991 1
2992 0
2993 0
2994 2
2995 2
2996 2
2997 1
2998 1
2999 2
3000 1
3001 1
3002 1
3003 3
3004 2
3005 3
3006 1
3007 2
3008 2
3009 2
3010 2
3011 3
3012 3
3013 3
3014 3
3015 2
3016 3
3017 1
3018 3
3019 0
3020 2
3021 1
3022 0
3023 1
3024 0
3025 1
3026 4
3027 5
3028 4
3029 3
3030 1
3031 2
3032 1
3033 2
3034 2
3035 0
3036 3
3037 2
3038 1
3039 2
3040 3
3041 3
3042 0
3043 4
3044 1
3045 3
3046 2
3047 0
3048 2
3049 2
3050 1
3051 0
3052 2
3053 3
3054 2
3055 2
3056 1
3057 1
3058 2
3059 2
3060 1
3061 1
3062 1
3063 3
3064 1
3065 2
3066 3
3067 3
3068 2
3069 3
3070 2
3071 4
3072 3
3073 5
3074 3
3075 2
3076 3
3077 4
3078 2
3079 2
3080 2
3081 2
3082 2
3083 2
3084 0
3085 4
3086 2
3087 2
3088 3
3089 1
3090 2
3091 2
3092 2
3093 3
3094 3
3095 1
3096 2
3097 2
3098 4
3099 2
3100 3
3101 2
3102 2
3103 3
3104 2
3105 1
3106 2
3107 1
3108 3
3109 1
3110 0
3111 2
3112 4
3113 1
3114 2
3115 1
3116 1
3117 3
3118 2
3119 2
3120 3
3121 3
3122 1
3123 0
3124 1
3125 1
3126 2
3127 1
3128 1
3129 0
3130 1
3131 0
3132 1
3133 2
3134 3
3135 2
3136 3
3137 3
3138 2
3139 2
3140 2
3141 2
3142 1
3143 2
3144 4
3145 4
3146 4
3147 2
3148 3
3149 4
3150 5
3151 5
3152 2
3153 1
3154 3
3155 3
3156 2
3157 1
3158 2
3159 4
3160 2
3161 1
3162 1
3163 1
3164 2
3165 4
3166 4
3167 3
3168 0
3169 2
3170 1
3171 0
3172 0
3173 1
3174 2
3175 2
3176 3
3177 2
3178 1
3179 2
3180 4
3181 3
3182 1
3183 2
3184 0
3185 4
3186 3
3187 5
3188 3
3189 3
3190 2
3191 1
3192 3
3193 2
3194 2
3195 4
3196 4
3197 4
3198 3
3199 2
3200 1
3201 2
3202 6
3203 3
3204 1
3205 3
3206 3
3207 3
3208 1
3209 4
3210 2
3211 2
3212 2
3213 2
3214 1
3215 2
3216 1
3217 3
3218 0
3219 2
3220 1
3221 4
3222 3
3223 2
3224 3
3225 1
3226 2
3227 1
3228 1
3229 0
3230 2
3231 2
3232 3
3233 0
3234 4
3235 2
3236 3
3237 1
3238 0
3239 2
3240 2
3241 2
3242 0
3243 1
3244 2
3245 2
3246 0
3247 0
3248 0
3249 3
3250 2
3251 2
3252 2
3253 2
3254 0
3255 0
3256 4
3257 3
3258 1
3259 2
3260 4
3261 3
3262 3
3263 2
3264 2
3265 0
3266 4
3267 4
3268 2
3269 1
3270 0
3271 0
3272 1
3273 4
3274 4
3275 2
3276 4
3277 4
3278 3
3279 3
3280 2
3281 3
3282 4
3283 2
3284 1
3285 2
3286 3
3287 2
3288 3
3289 4
3290 3
3291 5
3292 3
3293 2
3294 3
3295 1
3296 2
3297 3
3298 1
3299 2
3300 0
3301 1
3302 1
3303 1
3304 3
3305 3
3306 3
3307 1
3308 3
3309 3
3310 4
3311 3
3312 2
3313 1
3314 3
3315 3
3316 2
3317 3
3318 1
3319 2
3320 2
3321 2
3322 4
3323 7
3324 6
3325 6
3326 4
3327 2
3328 3
3329 2
3330 1
3331 1
3332 3
3333 1
3334 1
3335 1
3336 1
3337 3
3338 1
3339 2
3340 3
3341 2
3342 4
3343 2
3344 2
3345 2
3346 3
3347 2
3348 1
3349 1
3350 2
3351 0
3352 2
3353 1
3354 2
3355 1
3356 1
3357 0
3358 2
3359 0
3360 1
3361 2
3362 0
3363 1
3364 2
3365 0
3366 1
3367 1
3368 0
3369 0
3370 0
3371 1
3372 0
3373 1
3374 2
3375 2
3376 2
3377 2
3378 2
3379 2
3380 3
3381 2
3382 1
3383 2
3384 2
3385 3
3386 2
3387 1
3388 0
3389 3
3390 0
3391 1
3392 2
3393 3
3394 1
3395 1
3396 0
3397 1
3398 1
3399 0
3400 2
3401 0
3402 1
3403 1
3404 1
3405 4
3406 2
3407 1
3408 2
3409 0
3410 1
3411 0
3412 1
3413 3
3414 1
3415 3
3416 3
3417 1
3418 1
3419 3
3420 2
3421 3
3422 1
3423 1
3424 3
3425 3
3426 2
3427 3
3428 2
3429 2
3430 3
3431 4
3432 5
3433 3
3434 1
3435 2
3436 2
3437 4
3438 5
3439 5
3440 3
3441 1
3442 0
3443 1
3444 3
3445 1
3446 1
3447 2
3448 2
3449 3
3450 1
3451 2
3452 3
3453 3
3454 2
3455 1
3456 0
3457 2
3458 3
3459 3
3460 1
3461 0
3462 2
3463 2
3464 2
3465 1
3466 2
3467 2
3468 1
3469 1
3470 0
3471 1
3472 2
3473 2
3474 2
3475 2
3476 2
3477 2
3478 0
3479 4
3480 6
3481 5
3482 3
3483 2
3484 6
3485 7
3486 7
3487 9
3488 11
3489 11
3490 10
3491 7
3492 9
3493 11
3494 8
3495 5
3496 3
3497 0
3498 0
3499 1
3500 0
3501 0
3502 3
3503 2
3504 0
3505 1
3506 0
3507 1
3508 3
3509 4
3510 2
3511 1
3512 2
3513 0
3514 1
3515 2
3516 2
3517 0
3518 3
3519 1
3520 2
3521 1
3522 0
3523 1
3524 2
3525 0
3526 0
3527 0
3528 1
3529 0
3530 2
3531 3
3532 3
3533 1
3534 1
3535 1
3536 3
3537 2
3538 2
3539 3
3540 2
3541 1
3542 1
3543 3
3544 2
3545 3
3546 3
3547 1
3548 3
3549 3
3550 4
3551 2
3552 1
3553 0
3554 2
3555 1
3556 2
3557 2
3558 1
3559 0
3560 0
3561 2
3562 1
3563 2
3564 3
3565 2
3566 1
3567 0
3568 2
3569 5
3570 4
3571 4
3572 5
3573 5
3574 4
3575 1
3576 3
3577 4
3578 4
3579 1
3580 0
3581 2
3582 2
3583 2
3584 1
3585 2
3586 3
3587 1
3588 3
3589 2
3590 1
3591 3
3592 2
3593 4
3594 4
3595 2
3596 2
3597 3
3598 1
3599 3
3600 2
3601 1
3602 0
3603 1
3604 1
3605 3
3606 3
3607 2
3608 1
3609 0
3610 2
3611 2
3612 1
3613 1
3614 2
3615 3
3616 1
3617 2
3618 2
3619 0
3620 0
3621 1
3622 3
3623 2
3624 1
3625 2
3626 1
3627 4
3628 2
3629 1
3630 2
3631 3
3632 1
3633 2
3634 3
3635 3
3636 3
3637 2
3638 4
3639 4
3640 6
3641 6
3642 5
3643 4
3644 4
3645 5
3646 5
3647 4
3648 3
3649 2
3650 1
3651 1
3652 3
3653 2
3654 2
3655 2
3656 0
3657 3
3658 2
3659 4
3660 3
3661 0
3662 1
3663 4
3664 4
3665 6
3666 3
3667 3
3668 2
3669 1
3670 2
3671 1
3672 2
3673 2
3674 4
3675 2
3676 1
3677 2
3678 2
3679 1
3680 3
3681 1
3682 2
3683 4
3684 3
3685 3
3686 3
3687 2
3688 0
3689 0
3690 1
3691 3
3692 3
3693 1
3694 0
3695 2
3696 2
3697 1
3698 4
3699 4
3700 4
3701 4
3702 4
3703 4
3704 3
3705 2
3706 3
3707 3
3708 4
3709 3
3710 2
3711 3
3712 2
3713 3
3714 0
3715 2
3716 4
3717 2
3718 4
3719 2
3720 1
3721 3
3722 2
3723 2
3724 1
3725 2
3726 0
3727 3
3728 1
3729 1
3730 2
3731 0
3732 3
3733 0
3734 1
3735 0
3736 1
3737 1
3738 2
3739 0
3740 5
3741 4
3742 4
3743 1
3744 5
3745 2
3746 0
3747 1
3748 1
3749 2
3750 0
3751 2
3752 3
3753 1
3754 2
3755 0
3756 1
3757 2
3758 3
3759 0
3760 0
3761 0
3762 3
3763 0
3764 1
3765 3
3766 1
3767 3
3768 2
3769 5
3770 4
3771 5
3772 5
3773 4
3774 2
3775 2
3776 2
3777 2
3778 1
3779 3
3780 2
3781 2
3782 3
3783 1
3784 4
3785 4
3786 2
3787 1
3788 1
3789 1
3790 2
3791 2
3792 2
3793 3
3794 2
3795 2
3796 2
3797 3
3798 2
3799 2
3800 4
3801 4
3802 4
3803 4
3804 4
3805 4
3806 2
3807 3
3808 1
3809 4
3810 4
3811 3
3812 2
3813 0
3814 0
3815 3
3816 1
3817 4
3818 3
3819 0
3820 0
3821 1
3822 3
3823 2
3824 2
3825 3
3826 5
3827 5
3828 4
3829 4
3830 4
3831 4
3832 4
3833 3
3834 1
3835 3
3836 0
3837 2
3838 5
3839 4
3840 2
3841 0
3842 1
3843 1
3844 3
3845 3
3846 0
3847 3
3848 2
3849 0
3850 3
3851 2
3852 1
3853 0
3854 0
3855 4
3856 3
3857 1
3858 3
3859 0
3860 2
3861 1
3862 2
3863 2
3864 2
3865 1
3866 3
3867 3
3868 2
3869 0
3870 0
3871 2
3872 2
3873 1
3874 3
3875 2
3876 0
3877 1
3878 4
3879 3
3880 3
3881 3
3882 1
3883 1
3884 3
3885 0
3886 3
3887 2
3888 0
3889 2
3890 5
3891 4
3892 1
3893 1
3894 3
3895 2
3896 2
3897 2
3898 4
3899 2
3900 2
3901 3
3902 2
3903 2
3904 2
3905 3
3906 6
3907 3
3908 2
3909 1
3910 4
3911 5
3912 7
3913 7
3914 9
3915 9
3916 8
3917 5
3918 2
3919 0
3920 0
3921 1
3922 0
3923 1
3924 2
3925 1
3926 2
3927 1
3928 0
3929 1
3930 0
3931 1
3932 1
3933 0
3934 1
3935 1
3936 3
3937 2
3938 3
3939 3
3940 3
3941 2
3942 3
3943 2
3944 3
3945 2
3946 4
3947 3
3948 2
3949 1
3950 1
3951 1
3952 1
3953 1
3954 5
3955 5
3956 3
3957 1
3958 3
3959 1
3960 1
3961 1
3962 0
3963 1
3964 2
3965 0
3966 1
3967 0
3968 1
3969 3
3970 1
3971 3
3972 2
3973 2
3974 3
3975 3
3976 3
3977 3
3978 3
3979 2
3980 1
3981 1
3982 2
3983 3
3984 2
3985 0
3986 3
3987 2
3988 2
3989 1
3990 2
3991 1
3992 3
3993 0
3994 6
3995 4
3996 2
3997 1
3998 2
3999 1
4000 0
4001 1
4002 2
4003 2
4004 2
4005 1
4006 2
4007 4
4008 5
4009 4
4010 3
4011 3
4012 0
4013 4
4014 4
4015 2
4016 2
4017 3
4018 2
4019 3
4020 2
4021 1
4022 1
4023 0
4024 1
4025 2
4026 0
4027 1
4028 0
4029 0
4030 1
4031 0
4032 2
4033 0
4034 1
4035 1
4036 1
4037 2
4038 1
4039 2
4040 2
4041 1
4042 3
4043 5
4044 4
4045 3
4046 0
4047 0
4048 2
4049 0
4050 3
4051 0
4052 0
4053 3
4054 3
4055 6
4056 6
4057 5
4058 2
4059 0
4060 0
4061 2
4062 4
4063 3
4064 0
4065 2
4066 4
4067 3
4068 4
4069 2
4070 1
4071 0
4072 2
4073 1
4074 0
4075 1
4076 2
4077 2
4078 2
4079 1
4080 3
4081 2
4082 3
4083 3
4084 2
4085 3
4086 2
4087 0
4088 0
4089 3
4090 2
4091 1
4092 3
4093 3
4094 1
4095 1
4096 1
4097 2
4098 4
4099 3
4100 3
4101 4
4102 3
4103 4
4104 3
4105 2
4106 1
4107 1
4108 1
4109 0
4110 1
4111 1
4112 0
4113 1
4114 3
4115 2
4116 3
4117 1
4118 3
4119 3
4120 2
4121 3
4122 5
4123 3
4124 2
4125 2
4126 2
4127 1
4128 2
4129 3
4130 1
4131 5
4132 4
4133 3
4134 1
4135 2
4136 3
4137 0
4138 0
4139 0
4140 1
4141 2
4142 3
4143 1
4144 3
4145 4
4146 3
4147 3
4148 1
4149 2
4150 1
4151 5
4152 5
4153 4
4154 3
4155 0
4156 1
4157 2
4158 3
4159 1
4160 0
4161 2
4162 1
4163 3
4164 1
4165 2
4166 1
4167 3
4168 1
4169 1
4170 2
4171 3
4172 0
4173 1
4174 1
4175 1
4176 2
4177 2
4178 3
4179 4
4180 2
4181 1
4182 1
4183 2
4184 0
4185 2
4186 1
4187 2
4188 4
4189 4
4190 3
4191 4
4192 1
4193 2
4194 0
4195 1
4196 1
4197 0
4198 1
4199 1
4200 0
4201 0
4202 1
4203 0
4204 2
4205 1
4206 1
4207 1
4208 0
4209 1
4210 2
4211 1
4212 4
4213 1
4214 3
4215 0
4216 2
4217 3
4218 2
4219 0
4220 3
4221 4
4222 5
4223 2
4224 2
4225 2
4226 2
4227 2
4228 2
4229 3
4230 1
4231 0
4232 0
4233 1
4234 1
4235 0
4236 2
4237 1
4238 1
4239 0
4240 3
4241 5
4242 5
4243 2
4244 3
4245 3
4246 2
4247 2
4248 0
4249 3
4250 1
4251 3
4252 3
4253 2
4254 1
4255 2
4256 2
4257 0
4258 1
4259 1
4260 0
4261 0
4262 0
4263 0
4264 1
4265 4
4266 2
4267 1
4268 1
4269 2
4270 3
4271 2
4272 0
4273 1
4274 0
4275 1
4276 2
4277 1
4278 2
4279 1
4280 2
4281 2
4282 1
4283 5
4284 3
4285 0
4286 3
4287 1
4288 3
4289 1
4290 0
4291 3
4292 3
4293 1
4294 0
4295 0
4296 1
4297 1
4298 0
4299 2
4300 1
4301 0
4302 2
4303 3
4304 1
4305 3
4306 1
4307 4
4308 4
4309 3
4310 1
4311 0
4312 0
4313 1
4314 0
4315 0
4316 3
4317 4
4318 4
4319 5
4320 3
4321 1
4322 1
4323 1
4324 0
4325 2
4326 2
4327 1
4328 3
4329 1
4330 1
4331 2
4332 1
4333 1
4334 3
4335 1
4336 0
4337 3
4338 3
4339 2
4340 2
4341 2
4342 1
4343 1
4344 2
4345 2
4346 0
4347 2
4348 3
4349 2
4350 2
4351 4
4352 1
4353 3
4354 1
4355 2
4356 2
4357 2
4358 3
4359 3
4360 1
4361 2
4362 3
4363 2
4364 3
4365 2
4366 2
4367 3
4368 2
4369 0
4370 0
4371 0
4372 3
4373 2
4374 2
4375 2
4376 3
4377 4
4378 2
4379 1
4380 0
4381 1
4382 2
4383 0
4384 1
4385 2
4386 3
4387 4
4388 3
4389 3
4390 3
4391 3
4392 2
4393 1
4394 3
4395 3
4396 3
4397 2
4398 3
4399 3
4400 2
4401 0
4402 3
4403 2
4404 3
4405 2
4406 1
4407 2
4408 2
4409 3
4410 4
4411 3
4412 1
4413 4
4414 4
4415 3
4416 4
4417 4
4418 4
4419 5
4420 2
4421 0
4422 2
4423 2
4424 2
4425 0
4426 1
4427 1
4428 2
4429 1
4430 3
4431 1
4432 4
4433 4
4434 2
4435 2
4436 3
4437 0
4438 2
4439 1
4440 4
4441 2
4442 3
4443 2
4444 3
4445 2
4446 3
4447 0
4448 3
4449 2
4450 1
4451 1
4452 1
4453 1
4454 3
4455 3
4456 3
4457 1
4458 1
4459 5
4460 2
4461 4
4462 3
4463 1
4464 2
4465 1
4466 3
4467 4
4468 5
4469 6
4470 5
4471 6
4472 5
4473 4
4474 5
4475 4
4476 2
4477 2
4478 1
4479 0
4480 3
4481 1
4482 3
4483 3
4484 3
4485 1
4486 0
4487 1
4488 2
4489 1
4490 1
4491 2
4492 3
4493 2
4494 2
4495 1
4496 1
4497 1
4498 3
4499 3
4500 5
4501 5
4502 4
4503 3
4504 3
4505 3
4506 3
4507 1
4508 2
4509 3
4510 2
4511 2
4512 1
4513 2
4514 3
4515 0
4516 5
4517 4
4518 2
4519 2
4520 3
4521 4
4522 5
4523 5
4524 5
4525 4
4526 4
4527 4
4528 2
4529 1
4530 2
4531 1
4532 2
4533 3
4534 1
4535 2
4536 0
4537 2
4538 4
4539 3
4540 1
4541 3
4542 1
4543 0
4544 3
4545 3
4546 3
4547 2
4548 3
4549 1
4550 2
4551 2
4552 0
4553 1
4554 2
4555 0
4556 2
4557 1
4558 3
4559 1
4560 1
4561 0
4562 2
4563 4
4564 4
4565 4
4566 2
4567 2
4568 2
4569 3
4570 1
4571 2
4572 3
4573 2
4574 0
4575 1
4576 1
4577 2
4578 3
4579 2
4580 1
4581 1
4582 4
4583 4
4584 3
4585 3
4586 1
4587 3
4588 1
4589 3
4590 2
4591 1
4592 3
4593 4
4594 3
4595 1
4596 1
4597 3
4598 0
4599 2
4600 0
4601 3
4602 3
4603 2
4604 3
4605 1
4606 3
4607 2
4608 2
4609 1
4610 4
4611 3
4612 5
4613 4
4614 3
4615 2
4616 1
4617 2
4618 0
4619 1
4620 0
4621 1
4622 2
4623 0
4624 1
4625 2
4626 1
4627 0
4628 0
4629 2
4630 3
4631 2
4632 2
4633 1
4634 0
4635 1
4636 2
4637 4
4638 3
4639 3
4640 4
4641 1
4642 1
4643 2
4644 1
4645 1
4646 1
4647 3
4648 2
4649 2
4650 1
4651 2
4652 3
4653 1
4654 1
4655 2
4656 3
4657 0
4658 1
4659 1
4660 2
4661 1
4662 2
4663 2
4664 1
4665 1
4666 1
4667 3
4668 3
4669 3
4670 2
4671 1
4672 2
4673 3
4674 2
4675 2
4676 0
4677 2
4678 1
4679 2
4680 1
4681 0
4682 2
4683 3
4684 3
4685 2
4686 1
4687 2
4688 4
4689 3
4690 3
4691 1
4692 2
4693 3
4694 0
4695 4
4696 2
4697 3
4698 2
4699 1
4700 1
4701 1
4702 2
4703 2
4704 1
4705 1
4706 2
4707 4
4708 2
4709 2
4710 3
4711 1
4712 3
4713 3
4714 2
4715 2
4716 0
4717 1
4718 3
4719 2
4720 3
4721 4
4722 1
4723 1
4724 2
4725 2
4726 3
4727 3
4728 1
4729 2
4730 1
4731 3
4732 3
4733 5
4734 6
4735 6
4736 5
4737 5
4738 7
4739 6
4740 6
4741 4
4742 4
4743 2
4744 3
4745 2
4746 3
4747 2
4748 2
4749 2
4750 0
4751 1
4752 2
4753 0
4754 1
4755 1
4756 1
4757 3
4758 0
4759 1
4760 1
4761 2
4762 1
4763 0
4764 2
4765 2
4766 2
4767 2
4768 3
4769 0
4770 2
4771 3
4772 4
4773 5
4774 4
4775 2
4776 3
4777 3
4778 3
4779 0
4780 2
4781 2
4782 3
4783 0
4784 0
4785 2
4786 0
4787 1
4788 0
4789 1
4790 1
4791 3
4792 1
4793 1
4794 1
4795 1
4796 1
4797 2
4798 1
4799 3
4800 2
4801 2
4802 1
4803 1
4804 2
4805 3
4806 0
4807 0
4808 3
4809 2
4810 1
4811 1
4812 1
4813 3
4814 4
4815 3
4816 0
4817 1
4818 3
4819 0
4820 2
4821 1
4822 3
4823 2
4824 2
4825 1
4826 1
4827 0
4828 2
4829 3
4830 0
4831 1
4832 1
4833 1
4834 3
4835 1
4836 0
4837 1
4838 2
4839 1
4840 1
4841 1
4842 3
4843 2
4844 2
4845 1
4846 0
4847 1
4848 1
4849 3
4850 1
4851 2
4852 3
4853 1
4854 0
4855 0
4856 2
4857 1
4858 0
4859 1
4860 1
4861 1
4862 2
4863 3
4864 0
4865 2
4866 0
4867 2
4868 2
4869 2
4870 1
4871 1
4872 1
4873 2
4874 2
4875 1
4876 2
4877 2
4878 1
4879 2
4880 3
4881 2
4882 3
4883 3
4884 3
4885 3
4886 2
4887 4
4888 3
4889 2
4890 2
4891 2
4892 0
4893 1
4894 2
4895 1
4896 2
4897 0
4898 1
4899 1
4900 2
4901 2
4902 3
4903 2
4904 1
4905 2
4906 2
4907 2
4908 3
4909 1
4910 2
4911 3
4912 0
4913 2
4914 0
4915 4
4916 3
4917 2
4918 3
4919 3
4920 1
4921 1
4922 3
4923 2
4924 2
4925 2
4926 2
4927 3
4928 2
4929 2
4930 3
4931 2
4932 3
4933 3
4934 2
4935 1
4936 1
4937 1
4938 1
4939 2
4940 2
4941 2
4942 2
4943 2
4944 3
4945 4
4946 3
4947 1
4948 2
4949 3
4950 0
4951 2
4952 1
4953 1
4954 3
4955 0
4956 2
4957 1
4958 2
4959 3
4960 2
4961 1
4962 3
4963 1
4964 2
4965 1
4966 1
4967 1
4968 2
4969 2
4970 1
4971 1
4972 2
4973 1
4974 3
4975 2
4976 1
4977 2
4978 1
4979 3
4980 1
4981 4
4982 2
4983 2
4984 2
4985 3
4986 3
4987 0
4988 2
4989 1
4990 1
4991 1
4992 2
4993 4
4994 3
4995 2
4996 1
4997 1
4998 3
4999 3
5000 2
5001 4
5002 2
5003 2
5004 1
5005 3
5006 1
5007 0
5008 2
5009 2
5010 2
5011 3
5012 3
5013 1
5014 3
5015 0
5016 2
5017 2
5018 4
5019 4
5020 4
5021 3
5022 0
5023 2
5024 2
5025 3
5026 0
5027 1
5028 3
5029 4
5030 3
5031 1
5032 0
5033 2
5034 2
5035 0
5036 0
5037 0
5038 0
5039 1
5040 0
5041 0
5042 4
5043 4
5044 3
5045 3
5046 0
5047 3
5048 5
5049 4
5050 3
5051 2
5052 2
5053 2
5054 0
5055 2
5056 3
5057 1
5058 1
5059 1
5060 0
5061 1
5062 0
5063 1
5064 1
5065 2
5066 2
5067 3
5068 2
5069 0
5070 2
5071 0
5072 2
5073 0
5074 3
5075 0
5076 1
5077 2
5078 2
5079 1
5080 2
5081 2
5082 3
5083 5
5084 4
5085 2
5086 1
5087 1
5088 1
5089 3
5090 3
5091 1
5092 2
5093 0
5094 1
5095 2
5096 1
5097 2
5098 2
5099 3
5100 3
5101 3
5102 2
5103 1
5104 3
5105 1
5106 3
5107 1
5108 3
5109 1
5110 2
5111 0
5112 2
5113 0
5114 0
5115 1
5116 1
5117 0
5118 1
5119 2
5120 0
5121 0
5122 1
5123 0
5124 0
5125 2
5126 1
5127 1
5128 2
5129 1
5130 3
5131 2
5132 1
5133 3
5134 1
5135 0
5136 0
5137 3
5138 4
5139 4
5140 2
5141 1
5142 1
5143 1
5144 3
5145 2
5146 3
5147 0
5148 1
5149 1
5150 2
5151 4
5152 3
5153 1
5154 2
5155 3
5156 0
5157 1
5158 2
5159 3
5160 2
5161 1
5162 1
5163 1
5164 0
5165 0
5166 0
5167 1
5168 0
5169 1
5170 0
5171 2
5172 2
5173 3
5174 0
5175 2
5176 0
5177 2
5178 2
5179 1
5180 1
5181 2
5182 1
5183 2
5184 2
5185 4
5186 3
5187 2
5188 2
5189 4
5190 4
5191 4
5192 4
5193 3
5194 2
5195 3
5196 1
5197 1
5198 2
5199 2
5200 1
5201 2
5202 3
5203 1
5204 0
5205 2
5206 2
5207 1
5208 1
5209 2
5210 1
5211 1
5212 2
5213 3
5214 3
5215 1
5216 5
5217 5
5218 3
5219 2
5220 1
5221 1
5222 2
5223 3
5224 1
5225 2
5226 3
5227 2
5228 2
5229 2
5230 1
5231 3
5232 1
5233 1
5234 4
5235 3
5236 3
5237 3
5238 1
5239 2
5240 1
5241 2
5242 3
5243 1
5244 1
5245 0
5246 0
5247 3
5248 0
5249 3
5250 0
5251 3
5252 0
5253 1
5254 1
5255 5
5256 3
5257 1
5258 2
5259 0
5260 1
5261 0
5262 0
5263 0
5264 1
5265 0
5266 1
5267 4
5268 3
5269 3
5270 2
5271 3
5272 2
5273 1
5274 1
5275 3
5276 1
5277 1
5278 1
5279 3
5280 3
5281 1
5282 3
5283 2
5284 3
5285 1
5286 1
5287 1
5288 2
5289 4
5290 3
5291 3
5292 2
5293 2
5294 3
5295 3
5296 3
5297 2
5298 3
5299 3
5300 3
5301 0
5302 2
5303 3
5304 4
5305 4
5306 3
5307 0
5308 2
5309 3
5310 1
5311 2
5312 3
5313 4
5314 4
5315 1
5316 2
5317 1
5318 1
5319 1
5320 0
5321 3
5322 1
5323 1
5324 2
5325 2
5326 0
5327 0
5328 1
5329 1
5330 1
5331 1
5332 1
5333 2
5334 1
5335 1
5336 1
5337 1
5338 2
5339 3
5340 1
5341 2
5342 1
5343 0
5344 2
5345 3
5346 3
5347 0
5348 2
5349 2
5350 0
5351 1
5352 1
5353 3
5354 2
5355 4
5356 2
5357 1
5358 1
5359 0
5360 0
5361 3
5362 1
5363 0
5364 1
5365 3
5366 2
5367 1
5368 1
5369 2
5370 4
5371 3
5372 3
5373 5
5374 3
5375 3
5376 1
5377 3
5378 3
5379 2
5380 2
5381 0
5382 2
5383 2
5384 3
5385 2
5386 2
5387 1
5388 2
5389 1
5390 0
5391 1
5392 3
5393 3
5394 2
5395 2
5396 2
5397 2
5398 2
5399 2
5400 2
5401 3
5402 1
5403 1
5404 3
5405 3
5406 1
5407 2
5408 2
5409 1
5410 2
5411 2
5412 3
5413 0
5414 4
5415 3
5416 2
5417 3
5418 2
5419 1
5420 1
5421 2
5422 0
5423 1
5424 1
5425 1
5426 1
5427 0
5428 3
5429 0
5430 1
5431 1
5432 0
5433 1
5434 1
5435 3
5436 2
5437 1
5438 1
5439 3
5440 3
5441 1
5442 3
5443 2
5444 0
5445 2
5446 2
5447 1
5448 2
5449 4
5450 3
5451 1
5452 4
5453 3
5454 3
5455 2
5456 3
5457 3
5458 1
5459 3
5460 3
5461 3
5462 1
5463 3
5464 4
5465 6
5466 5
5467 5
5468 4
5469 2
5470 2
5471 1
5472 2
5473 2
5474 2
5475 3
5476 1
5477 2
5478 1
5479 2
5480 0
5481 2
5482 2
5483 0
5484 3
5485 1
5486 1
5487 0
5488 0
5489 1
5490 1
5491 0
5492 3
5493 2
5494 2
5495 2
5496 3
5497 2
5498 3
5499 3
5500 2
5501 3
5502 1
5503 2
5504 3
5505 1
5506 0
5507 1
5508 3
5509 2
5510 1
5511 2
5512 3
5513 1
5514 1
5515 1
5516 1
5517 1
5518 2
5519 2
5520 1
5521 2
5522 3
5523 1
5524 2
5525 0
5526 0
5527 2
5528 0
5529 0
5530 0
5531 1
5532 2
5533 0
5534 2
5535 2
5536 3
5537 3
5538 0
5539 3
5540 1
5541 1
5542 2
5543 3
5544 2
5545 2
5546 0
5547 1
5548 1
5549 4
5550 1
5551 1
5552 1
5553 0
5554 1
5555 3
5556 1
5557 2
5558 1
5559 2
5560 2
5561 1
5562 0
5563 1
5564 0
5565 3
5566 2
5567 4
5568 2
5569 2
5570 1
5571 3
5572 2
5573 2
5574 2
5575 3
5576 2
5577 1
5578 3
5579 2
5580 4
5581 2
5582 2
5583 4
5584 4
5585 3
5586 1
5587 0
5588 0
5589 0
5590 2
5591 1
5592 0
5593 1
5594 2
5595 1
5596 0
5597 1
5598 2
5599 2
5600 3
5601 2
5602 4
5603 2
5604 1
5605 3
5606 1
5607 2
5608 2
5609 3
5610 1
5611 3
5612 0
5613 0
5614 1
5615 1
5616 0
5617 4
5618 2
5619 5
5620 4
5621 1
5622 1
5623 4
5624 2
5625 2
5626 1
5627 0
5628 3
5629 1
5630 0
5631 3
5632 1
5633 1
5634 0
5635 2
5636 0
5637 2
5638 1
5639 1
5640 1
5641 1
5642 2
5643 4
5644 3
5645 3
5646 1
5647 2
5648 1
5649 2
5650 4
5651 2
5652 0
5653 2
5654 1
5655 3
5656 2
5657 2
5658 1
5659 0
5660 1
5661 3
5662 1
5663 2
5664 2
5665 2
5666 0
5667 4
5668 3
5669 1
5670 0
5671 0
5672 3
5673 2
5674 2
5675 2
5676 2
5677 1
5678 3
5679 3
5680 1
5681 3
5682 2
5683 3
5684 3
5685 2
5686 5
5687 5
5688 5
5689 6
5690 8
5691 7
5692 7
5693 5
5694 5
5695 3
5696 2
5697 0
5698 4
5699 3
5700 2
5701 1
5702 4
5703 3
5704 2
5705 3
5706 3
5707 3
5708 2
5709 3
5710 3
5711 1
5712 2
5713 5
5714 4
5715 3
5716 2
5717 1
5718 1
5719 1
5720 1
5721 1
5722 2
5723 2
5724 1
5725 3
5726 2
5727 3
5728 2
5729 4
5730 3
5731 4
5732 2
5733 4
5734 4
5735 3
5736 3
5737 5
5738 4
5739 3
5740 1
5741 1
5742 1
5743 2
5744 2
5745 3
5746 0
5747 3
5748 1
5749 1
5750 0
5751 2
5752 2
5753 1
5754 2
5755 3
5756 2
5757 3
5758 0
5759 5
5760 4
5761 3
5762 1
5763 1
5764 2
5765 1
5766 0
5767 3
5768 3
5769 1
5770 3
5771 1
5772 2
5773 2
5774 3
5775 2
5776 2
5777 4
5778 6
5779 5
5780 4
5781 4
5782 2
5783 2
5784 3
5785 3
5786 3
5787 2
5788 4
5789 4
5790 4
5791 4
5792 2
5793 1
5794 3
5795 2
5796 3
5797 4
5798 2
5799 0
5800 1
5801 1
5802 0
5803 2
5804 2
5805 1
5806 3
5807 1
5808 2
5809 1
5810 0
5811 1
5812 1
5813 2
5814 0
5815 3
5816 2
5817 2
5818 5
5819 2
5820 2
5821 3
5822 0
5823 3
5824 2
5825 0
5826 2
5827 3
5828 1
5829 3
5830 2
5831 1
5832 1
5833 1
5834 2
5835 1
5836 2
5837 4
5838 4
5839 5
5840 4
5841 3
5842 1
5843 0
5844 1
5845 0
5846 0
5847 0
5848 3
5849 0
5850 1
5851 4
5852 2
5853 2
5854 3
5855 1
5856 0
5857 2
5858 0
5859 1
5860 0
5861 0
5862 1
5863 2
5864 2
5865 1
5866 2
5867 0
5868 3
5869 1
5870 2
5871 1
5872 4
5873 5
5874 3
5875 3
5876 0
5877 3
5878 4
5879 4
5880 3
5881 3
5882 2
5883 0
5884 1
5885 3
5886 2
5887 1
5888 2
5889 4
5890 2
5891 2
5892 2
5893 2
5894 3
5895 1
5896 1
5897 3
5898 2
5899 1
5900 2
5901 2
5902 3
5903 2
5904 0
5905 0
5906 3
5907 1
5908 1
5909 3
5910 1
5911 1
5912 1
5913 0
5914 3
5915 2
5916 2
5917 1
5918 3
5919 3
5920 5
5921 3
5922 1
5923 3
5924 2
5925 1
5926 2
5927 2
5928 0
5929 2
5930 3
5931 2
5932 2
5933 2
5934 3
5935 4
5936 2
5937 3
5938 2
5939 3
5940 3
5941 4
5942 2
5943 3
5944 1
5945 1
5946 2
5947 1
5948 2
5949 2
5950 2
5951 4
5952 2
5953 0
5954 1
5955 1
5956 0
5957 3
5958 3
5959 1
5960 1
5961 2
5962 1
5963 4
5964 4
5965 4
5966 3
5967 3
5968 2
5969 2
5970 2
5971 3
5972 1
5973 2
5974 4
5975 3
5976 1
5977 2
5978 3
5979 2
5980 1
5981 1
5982 1
5983 1
5984 3
5985 2
5986 2
5987 6
5988 6
5989 4
5990 3
5991 1
5992 0
5993 0
5994 2
5995 2
5996 2
5997 0
5998 2
5999 1
6000 3
6001 2
6002 2
6003 0
6004 3
6005 1
6006 2
6007 3
6008 2
6009 3
6010 1
6011 1
6012 3
6013 0
6014 4
6015 2
6016 2
6017 1
6018 1
6019 1
6020 1
6021 2
6022 3
6023 1
6024 2
6025 2
6026 3
6027 4
6028 2
6029 0
6030 0
6031 1
6032 1
6033 0
6034 0
6035 0
6036 2
6037 1
6038 2
6039 0
6040 4
6041 2
6042 2
6043 2
6044 1
6045 1
6046 2
6047 2
6048 2
6049 2
6050 4
6051 3
6052 1
6053 3
6054 3
6055 0
6056 1
6057 3
6058 4
6059 4
6060 4
6061 5
6062 4
6063 4
6064 1
6065 2
6066 1
6067 0
6068 0
6069 2
6070 2
6071 0
6072 2
6073 0
6074 3
6075 2
6076 3
6077 2
6078 2
6079 2
6080 0
6081 1
6082 2
6083 2
6084 4
6085 3
6086 1
6087 1
6088 1
6089 1
6090 2
6091 1
6092 4
6093 3
6094 2
6095 3
6096 3
6097 1
6098 3
6099 3
6100 1
6101 3
6102 3
6103 6
6104 6
6105 4
6106 2
6107 2
6108 2
6109 2
6110 1
6111 2
6112 1
6113 2
6114 1
6115 1
6116 0
6117 2
6118 3
6119 1
6120 1
6121 1
6122 1
6123 1
6124 3
6125 2
6126 3
6127 3
6128 2
6129 2
6130 0
6131 2
6132 1
6133 1
6134 2
6135 2
6136 5
6137 3
6138 0
6139 2
6140 0
6141 2
6142 1
6143 0
6144 1
6145 3
6146 1
6147 0
6148 3
6149 1
6150 4
6151 2
6152 2
6153 0
6154 1
6155 0
6156 3
6157 2
6158 2
6159 1
6160 2
6161 2
6162 1
6163 3
6164 3
6165 0
6166 2
6167 3
6168 1
6169 2
6170 2
6171 3
6172 1
6173 3
6174 1
6175 2
6176 2
6177 3
6178 1
6179 1
6180 1
6181 2
6182 1
6183 0
6184 0
6185 2
6186 2
6187 2
6188 2
6189 0
6190 1
6191 2
6192 2
6193 3
6194 3
6195 3
6196 3
6197 2
6198 5
6199 4
6200 4
6201 2
6202 1
6203 1
6204 0
6205 1
6206 1
6207 0
6208 2
6209 3
6210 2
6211 3
6212 3
6213 4
6214 5
6215 3
6216 0
6217 1
6218 0
6219 0
6220 0
6221 0
6222 2
6223 2
6224 2
6225 3
6226 1
6227 2
6228 1
6229 1
6230 4
6231 2
6232 5
6233 3
6234 3
6235 1
6236 0
6237 3
6238 3
6239 1
6240 4
6241 3
6242 3
6243 3
6244 1
6245 3
6246 2
6247 3
6248 1
6249 2
6250 2
6251 1
6252 3
6253 2
6254 2
6255 4
6256 3
6257 3
6258 2
6259 1
6260 5
6261 3
6262 2
6263 2
6264 2
6265 1
6266 1
6267 1
6268 1
6269 1
6270 2
6271 1
6272 2
6273 1
6274 0
6275 2
6276 2
6277 1
6278 1
6279 2
6280 3
6281 1
6282 1
6283 1
6284 3
6285 2
6286 2
6287 4
6288 2
6289 1
6290 1
6291 1
6292 0
6293 2
6294 1
6295 2
6296 2
6297 2
6298 1
6299 2
6300 3
6301 2
6302 3
6303 2
6304 1
6305 2
6306 0
6307 3
6308 1
6309 1
6310 0
6311 3
6312 1
6313 1
6314 5
6315 3
6316 2
6317 2
6318 2
6319 1
6320 0
6321 1
6322 0
6323 2
6324 2
6325 2
6326 0
6327 2
6328 1
6329 1
6330 1
6331 4
6332 3
6333 3
6334 2
6335 3
6336 3
6337 3
6338 4
6339 4
6340 3
6341 3
6342 1
6343 2
6344 0
6345 0
6346 2
6347 1
6348 1
6349 4
6350 4
6351 3
6352 3
6353 3
6354 1
6355 1
6356 1
6357 1
6358 2
6359 1
6360 2
6361 2
6362 4
6363 5
6364 4
6365 2
6366 1
6367 2
6368 0
6369 1
6370 2
6371 2
6372 0
6373 2
6374 2
6375 0
6376 1
6377 3
6378 1
6379 2
6380 5
6381 3
6382 4
6383 4
6384 3
6385 3
6386 4
6387 3
6388 1
6389 4
6390 2
6391 2
6392 2
6393 1
6394 3
6395 4
6396 2
6397 2
6398 4
6399 2
6400 1
6401 1
6402 3
6403 2
6404 0
6405 1
6406 2
6407 3
6408 3
6409 2
6410 4
6411 4
6412 4
6413 6
6414 3
6415 3
6416 3
6417 1
6418 1
6419 3
6420 3
6421 2
6422 3
6423 2
6424 2
6425 3
6426 4
6427 1
6428 4
6429 5
6430 4
6431 4
6432 4
6433 3
6434 2
6435 3
6436 3
6437 2
6438 2
6439 3
6440 2
6441 1
6442 2
6443 3
6444 1
6445 2
6446 3
6447 3
6448 1
6449 3
6450 2
6451 4
6452 2
6453 2
6454 1
6455 2
6456 4
6457 3
6458 2
6459 4
6460 3
6461 3
6462 3
6463 2
6464 2
6465 1
6466 0
6467 1
6468 3
6469 0
6470 1
6471 4
6472 3
6473 4
6474 4
6475 4
6476 2
6477 2
6478 2
6479 0
6480 1
6481 0
6482 0
6483 2
6484 2
6485 1
6486 2
6487 2
6488 2
6489 3
6490 2
6491 3
6492 3
6493 3
6494 4
6495 3
6496 1
6497 1
6498 3
6499 1
6500 2
6501 3
6502 2
6503 2
6504 1
6505 3
6506 3
6507 2
6508 3
6509 1
6510 4
6511 3
6512 3
6513 1
6514 3
6515 3
6516 1
6517 1
6518 3
6519 3
6520 2
6521 2
6522 2
6523 2
6524 0
6525 2
6526 4
6527 1
6528 0
6529 0
6530 0
6531 2
6532 0
6533 2
6534 0
6535 2
6536 2
6537 2
6538 2
6539 1
6540 2
6541 3
6542 3
6543 3
6544 2
6545 1
6546 2
6547 1
6548 2
6549 4
6550 4
6551 4
6552 4
6553 4
6554 4
6555 1
6556 2
6557 2
6558 4
6559 3
6560 1
6561 1
6562 0
6563 3
6564 1
6565 2
6566 1
6567 2
6568 4
6569 4
6570 2
6571 2
6572 2
6573 4
6574 4
6575 3
6576 2
6577 1
6578 1
6579 4
6580 3
6581 1
6582 3
6583 1
6584 4
6585 5
6586 8
6587 7
6588 5
6589 4
6590 2
6591 2
6592 0
6593 0
6594 0
6595 0
6596 0
6597 1
6598 1
6599 2
6600 3
6601 3
6602 2
6603 3
6604 0
6605 2
6606 0
6607 2
6608 1
6609 2
6610 1
6611 1
6612 1
6613 3
6614 2
6615 4
6616 2
6617 5
6618 4
6619 3
6620 4
6621 4
6622 4
6623 3
6624 6
6625 6
6626 7
6627 5
6628 4
6629 3
6630 1
6631 3
6632 0
6633 0
6634 1
6635 2
6636 3
6637 2
6638 1
6639 1
6640 2
6641 4
6642 5
6643 4
6644 2
6645 0
6646 1
6647 0
6648 3
6649 0
6650 0
6651 4
6652 2
6653 3
6654 1
6655 1
6656 1
6657 3
6658 3
6659 2
6660 1
6661 4
6662 2
6663 2
6664 2
6665 2
6666 2
6667 1
6668 2
6669 2
6670 1
6671 4
6672 2
6673 2
6674 0
6675 2
6676 1
6677 2
6678 2
6679 0
6680 2
6681 3
6682 3
6683 2
6684 2
6685 1
6686 1
6687 2
6688 2
6689 0
6690 2
6691 2
6692 0
6693 2
6694 0
6695 2
6696 2
6697 2
6698 3
6699 1
6700 1
6701 0
6702 0
6703 3
6704 2
6705 2
6706 1
6707 0
6708 2
6709 3
6710 2
6711 3
6712 3
6713 3
6714 0
6715 3
6716 4
6717 2
6718 2
6719 0
6720 0
6721 0
6722 2
6723 5
6724 3
6725 1
6726 1
6727 1
6728 0
6729 1
6730 1
6731 2
6732 1
6733 3
6734 1
6735 0
6736 1
6737 2
6738 3
6739 1
6740 1
6741 2
6742 2
6743 1
6744 2
6745 3
6746 3
6747 2
6748 2
6749 2
6750 4
6751 5
6752 3
6753 4
6754 3
6755 3
6756 2
6757 2
6758 0
6759 3
6760 1
6761 0
6762 1
6763 1
6764 0
6765 1
6766 0
6767 1
6768 0
6769 0
6770 1
6771 0
6772 1
6773 1
6774 1
6775 2
6776 3
6777 1
6778 4
6779 4
6780 5
6781 4
6782 3
6783 2
6784 2
6785 2
6786 0
6787 2
6788 1
6789 2
6790 4
6791 2
6792 1
6793 0
6794 1
6795 1
6796 3
6797 0
6798 1
6799 0
6800 1
6801 0
6802 0
6803 3
6804 2
6805 2
6806 2
6807 2
6808 0
6809 1
6810 1
6811 0
6812 0
6813 2
6814 2
6815 2
6816 0
6817 1
6818 3
6819 1
6820 1
6821 2
6822 2
6823 2
6824 4
6825 3
6826 2
6827 1
6828 0
6829 4
6830 3
6831 0
6832 2
6833 0
6834 3
6835 2
6836 1
6837 2
6838 1
6839 0
6840 3
6841 1
6842 0
6843 1
6844 1
6845 1
6846 3
6847 1
6848 1
6849 0
6850 3
6851 2
6852 1
6853 1
6854 4
6855 4
6856 3
6857 2
6858 0
6859 1
6860 1
6861 2
6862 4
6863 2
6864 3
6865 2
6866 0
6867 0
6868 1
6869 2
6870 2
6871 1
6872 1
6873 0
6874 2
6875 0
6876 1
6877 2
6878 2
6879 2
6880 3
6881 1
6882 3
6883 2
6884 2
6885 0
6886 4
6887 3
6888 1
6889 3
6890 2
6891 2
6892 1
6893 2
6894 1
6895 3
6896 2
6897 3
6898 2
6899 2
6900 2
6901 0
6902 1
6903 1
6904 0
6905 1
6906 2
6907 2
6908 1
6909 2
6910 3
6911 1
6912 3
6913 1
6914 1
6915 3
6916 3
6917 3
6918 2
6919 2
6920 3
6921 2
6922 2
6923 1
6924 2
6925 2
6926 1
6927 2
6928 2
6929 3
6930 2
6931 2
6932 2
6933 3
6934 1
6935 1
6936 1
6937 1
6938 5
6939 3
6940 3
6941 3
6942 2
6943 2
6944 1
6945 3
6946 2
6947 4
6948 3
6949 2
6950 1
6951 3
6952 1
6953 2
6954 2
6955 1
6956 1
6957 2
6958 4
6959 2
6960 1
6961 4
6962 4
6963 2
6964 2
6965 3
6966 1
6967 2
6968 2
6969 3
6970 2
6971 3
6972 4
6973 6
6974 5
6975 6
6976 5
6977 4
6978 2
6979 3
6980 2
6981 1
6982 0
6983 2
6984 4
6985 3
6986 0
6987 2
6988 2
6989 0
6990 1
6991 2
6992 3
6993 2
6994 1
6995 2
6996 1
6997 1
6998 0
6999 2
7000 3
7001 3
7002 2
7003 1
7004 2
7005 0
7006 0
7007 2
7008 2
7009 4
7010 2
7011 2
7012 2
7013 1
7014 0
7015 0
7016 1
7017 3
7018 3
7019 3
7020 2
7021 1
7022 3
7023 3
7024 3
7025 0
7026 4
7027 4
7028 3
7029 2
7030 1
7031 2
7032 2
7033 2
7034 1
7035 3
7036 1
7037 4
7038 3
7039 4
7040 2
7041 1
7042 3
7043 1
7044 0
7045 0
7046 1
7047 2
7048 3
7049 3
7050 0
7051 3
7052 0
7053 2
7054 0
7055 1
7056 1
7057 1
7058 2
7059 1
7060 2
7061 3
7062 3
7063 5
7064 5
7065 5
7066 4
7067 4
7068 4
7069 4
7070 4
7071 4
7072 3
7073 4
7074 3
7075 2
7076 4
7077 4
7078 4
7079 3
7080 3
7081 2
7082 1
7083 0
7084 5
7085 3
7086 0
7087 2
7088 0
7089 2
7090 1
7091 3
7092 1
7093 4
7094 4
7095 4
7096 3
7097 3
7098 3
7099 4
7100 4
7101 4
7102 4
7103 5
7104 5
7105 4
7106 3
7107 4
7108 4
7109 3
7110 3
7111 4
7112 4
7113 4
7114 4
7115 4
7116 3
7117 3
7118 2
7119 1
7120 1
7121 1
7122 0
7123 1
7124 0
7125 2
7126 0
7127 0
7128 0
7129 0
7130 2
7131 4
7132 2
7133 1
7134 2
7135 1
7136 1
7137 3
7138 2
7139 1
7140 2
7141 3
7142 1
7143 2
7144 2
7145 1
7146 3
7147 3
7148 3
7149 2
7150 3
7151 1
7152 0
7153 0
7154 2
7155 2
7156 0
7157 3
7158 3
7159 6
7160 6
7161 4
7162 4
7163 5
7164 2
7165 1
7166 2
7167 3
7168 1
7169 3
7170 2
7171 1
7172 3
7173 4
7174 5
7175 6
7176 3
7177 3
7178 2
7179 1
7180 1
7181 1
7182 0
7183 3
7184 2
7185 1
7186 2
7187 1
7188 2
7189 1
7190 1
7191 0
7192 3
7193 3
7194 4
7195 2
7196 4
7197 3
7198 1
7199 1
7200 2
7201 1
7202 2
7203 0
7204 0
7205 3
7206 6
7207 4
7208 3
7209 3
7210 4
7211 4
7212 4
7213 4
7214 3
7215 4
7216 3
7217 2
7218 3
7219 2
7220 2
7221 2
7222 0
7223 3
7224 2
7225 2
7226 1
7227 1
7228 1
7229 2
7230 3
7231 2
7232 1
7233 1
7234 1
7235 2
7236 1
7237 1
7238 0
7239 2
7240 2
7241 1
7242 0
7243 2
7244 2
7245 4
7246 2
7247 2
7248 1
7249 2
7250 3
7251 3
7252 2
7253 2
7254 1
7255 2
7256 3
7257 2
7258 2
7259 2
7260 3
7261 1
7262 4
7263 2
7264 0
7265 1
7266 0
7267 2
7268 1
7269 2
7270 1
7271 3
7272 2
7273 3
7274 5
7275 5
7276 4
7277 3
7278 1
7279 2
7280 1
7281 3
7282 0
7283 2
7284 1
7285 3
7286 3
7287 1
7288 1
7289 3
7290 1
7291 1
7292 2
7293 1
7294 1
7295 2
7296 3
7297 3
7298 2
7299 1
7300 1
7301 0
7302 3
7303 1
7304 2
7305 2
7306 4
7307 3
7308 3
7309 2
7310 4
7311 3
7312 2
7313 1
7314 1
7315 2
7316 1
7317 2
7318 1
7319 3
7320 2
7321 3
7322 0
7323 1
7324 3
7325 1
7326 3
7327 2
7328 3
7329 2
7330 3
7331 5
7332 6
7333 4
7334 3
7335 1
7336 2
7337 2
7338 1
7339 4
7340 1
7341 2
7342 1
7343 0
7344 0
7345 3
7346 3
7347 3
7348 3
7349 2
7350 2
7351 1
7352 2
7353 3
7354 4
7355 1
7356 2
7357 2
7358 4
7359 3
7360 3
7361 2
7362 0
7363 2
7364 1
7365 2
7366 3
7367 1
7368 1
7369 0
7370 4
7371 2
7372 2
7373 1
7374 0
7375 3
7376 2
7377 2
7378 2
7379 3
7380 2
7381 1
7382 2
7383 1
7384 2
7385 4
7386 4
7387 3
7388 1
7389 1
7390 3
7391 2
7392 0
7393 1
7394 3
7395 2
7396 5
7397 3
7398 1
7399 4
7400 5
7401 5
7402 3
7403 1
7404 2
7405 1
7406 0
7407 0
7408 1
7409 2
7410 3
7411 2
7412 2
7413 3
7414 3
7415 2
7416 2
7417 3
7418 2
7419 3
7420 2
7421 2
7422 3
7423 3
7424 1
7425 4
7426 4
7427 4
7428 3
7429 2
7430 2
7431 2
7432 3
7433 1
7434 2
7435 3
7436 3
7437 2
7438 0
7439 2
7440 0
7441 0
7442 1
7443 1
7444 0
7445 0
7446 2
7447 2
7448 3
7449 4
7450 4
7451 4
7452 3
7453 3
7454 0
7455 1
7456 3
7457 2
7458 2
7459 1
7460 5
7461 6
7462 3
7463 0
7464 2
7465 1
7466 2
7467 1
7468 4
7469 1
7470 3
7471 0
7472 1
7473 2
7474 3
7475 0
7476 2
7477 1
7478 0
7479 1
7480 1
7481 2
7482 4
7483 1
7484 3
7485 1
7486 3
7487 3
7488 0
7489 0
7490 1
7491 1
7492 2
7493 1
7494 1
7495 2
7496 1
7497 3
7498 2
7499 3
7500 1
7501 3
7502 3
7503 1
7504 0
7505 1
7506 2
7507 1
7508 4
7509 2
7510 1
7511 5
7512 3
7513 2
7514 1
7515 2
7516 1
7517 1
7518 3
7519 1
7520 0
7521 2
7522 0
7523 1
7524 2
7525 0
7526 0
7527 0
7528 1
7529 2
7530 3
7531 2
7532 1
7533 0
7534 1
7535 0
7536 2
7537 1
7538 2
7539 0
7540 1
7541 3
7542 1
7543 2
7544 1
7545 3
7546 1
7547 3
7548 3
7549 2
7550 4
7551 2
7552 2
7553 2
7554 2
7555 3
7556 0
7557 1
7558 3
7559 2
7560 1
7561 0
7562 0
7563 1
7564 3
7565 2
7566 2
7567 2
7568 2
7569 5
7570 6
7571 4
7572 3
7573 0
7574 2
7575 0
7576 1
7577 2
7578 0
7579 0
7580 1
7581 1
7582 1
7583 1
7584 3
7585 3
7586 1
7587 2
7588 3
7589 2
7590 0
7591 1
7592 3
7593 3
7594 0
7595 3
7596 3
7597 1
7598 2
7599 3
7600 0
7601 3
7602 1
7603 2
7604 2
7605 1
7606 1
7607 1
7608 2
7609 1
7610 3
7611 1
7612 4
7613 4
7614 5
7615 3
7616 2
7617 3
7618 3
7619 1
7620 3
7621 4
7622 3
7623 2
7624 3
7625 2
7626 2
7627 1
7628 4
7629 5
7630 5
7631 7
7632 6
7633 7
7634 7
7635 5
7636 3
7637 0
7638 1
7639 0
7640 2
7641 0
7642 0
7643 0
7644 2
7645 2
7646 2
7647 0
7648 1
7649 2
7650 1
7651 2
7652 1
7653 1
7654 3
7655 4
7656 6
7657 5
7658 5
7659 4
7660 3
7661 1
7662 1
7663 4
7664 4
7665 4
7666 3
7667 1
7668 1
7669 1
7670 2
7671 2
7672 2
7673 0
7674 2
7675 1
7676 0
7677 1
7678 1
7679 0
7680 2
7681 0
7682 2
7683 3
7684 0
7685 2
7686 1
7687 0
7688 2
7689 3
7690 3
7691 3
7692 3
7693 2
7694 2
7695 3
7696 0
7697 3
7698 4
7699 6
7700 5
7701 3
7702 2
7703 2
7704 1
7705 1
7706 2
7707 3
7708 2
7709 2
7710 2
7711 0
7712 3
7713 1
7714 1
7715 2
7716 1
7717 3
7718 1
7719 1
7720 1
7721 1
7722 1
7723 2
7724 0
7725 0
7726 2
7727 2
7728 2
7729 2
7730 1
7731 3
7732 4
7733 3
7734 2
7735 1
7736 4
7737 5
7738 2
7739 2
7740 2
7741 3
7742 3
7743 1
7744 3
7745 1
7746 3
7747 2
7748 1
7749 2
7750 2
7751 1
7752 2
7753 2
7754 4
7755 2
7756 0
7757 2
7758 3
7759 2
7760 4
7761 4
7762 1
7763 1
7764 2
7765 2
7766 4
7767 4
7768 3
7769 3
7770 2
7771 2
7772 3
7773 1
7774 1
7775 1
7776 2
7777 0
7778 1
7779 2
7780 2
7781 1
7782 3
7783 1
7784 1
7785 4
7786 3
7787 3
7788 5
7789 4
7790 4
7791 7
7792 8
7793 8
7794 6
7795 7
7796 7
7797 4
7798 2
7799 2
7800 2
7801 0
7802 2
7803 2
7804 2
7805 0
7806 0
7807 3
7808 0
7809 2
7810 1
7811 0
7812 2
7813 0
7814 0
7815 3
7816 2
7817 1
7818 2
7819 0
7820 2
7821 2
7822 2
7823 4
7824 4
7825 3
7826 2
7827 1
7828 0
7829 2
7830 1
7831 2
7832 1
7833 2
7834 1
7835 5
7836 6
7837 3
7838 0
7839 2
7840 1
7841 2
7842 2
7843 2
7844 2
7845 2
7846 1
7847 3
7848 0
7849 3
7850 1
7851 0
7852 4
7853 2
7854 0
7855 2
7856 2
7857 2
7858 1
7859 2
7860 3
7861 1
7862 2
7863 2
7864 3
7865 2
7866 3
7867 5
7868 4
7869 4
7870 4
7871 3
7872 3
7873 1
7874 2
7875 1
7876 1
7877 3
7878 4
7879 2
7880 3
7881 4
7882 1
7883 2
7884 3
7885 1
7886 0
7887 3
7888 2
7889 1
7890 1
7891 2
7892 2
7893 1
7894 1
7895 3
7896 3
7897 2
7898 2
7899 2
7900 2
7901 2
7902 1
7903 2
7904 2
7905 3
7906 4
7907 3
7908 2
7909 2
7910 2
7911 1
7912 3
7913 2
7914 2
7915 2
7916 2
7917 0
7918 0
7919 2
7920 1
7921 1
7922 1
7923 1
7924 2
7925 3
7926 2
7927 1
7928 1
7929 2
7930 2
7931 1
7932 2
7933 3
7934 1
7935 1
7936 2
7937 2
7938 2
7939 1
7940 2
7941 1
7942 3
7943 3
7944 2
7945 3
7946 3
7947 1
7948 2
7949 1
7950 2
7951 0
7952 1
7953 0
7954 0
7955 0
7956 2
7957 3
7958 0
7959 1
7960 0
7961 2
7962 1
7963 2
7964 3
7965 2
7966 3
7967 2
7968 2
7969 3
7970 2
7971 1
7972 2
7973 1
7974 2
7975 1
7976 2
7977 2
7978 2
7979 2
7980 2
7981 0
7982 1
7983 1
7984 2
7985 0
7986 0
7987 3
7988 3
7989 3
7990 2
7991 0
7992 2
7993 1
7994 2
7995 3
7996 2
7997 2
7998 1
7999 1
8000 1
8001 1
8002 2
8003 1
8004 1
8005 2
8006 1
8007 3
8008 2
8009 2
8010 3
8011 2
8012 1
8013 1
8014 2
8015 0
8016 2
8017 1
8018 2
8019 2
8020 1
8021 1
8022 0
8023 2
8024 0
8025 3
8026 1
8027 3
8028 2
8029 1
8030 2
8031 4
8032 3
8033 1
8034 2
8035 1
8036 4
8037 2
8038 2
8039 3
8040 1
8041 1
8042 2
8043 3
8044 0
8045 1
8046 1
8047 2
8048 1
8049 2
8050 1
8051 2
8052 1
8053 3
8054 2
8055 3
8056 1
8057 2
8058 3
8059 3
8060 2
8061 4
8062 3
8063 2
8064 3
8065 1
8066 2
8067 1
8068 1
8069 1
8070 3
8071 2
8072 2
8073 2
8074 1
8075 1
8076 2
8077 2
8078 3
8079 1
8080 0
8081 1
8082 1
8083 0
8084 1
8085 1
8086 1
8087 2
8088 2
8089 3
8090 2
8091 3
8092 4
8093 4
8094 2
8095 2
8096 0
8097 2
8098 2
8099 3
8100 3
8101 3
8102 2
8103 3
8104 2
8105 3
8106 3
8107 1
8108 3
8109 2
8110 1
8111 2
8112 2
8113 2
8114 2
8115 1
8116 2
8117 3
8118 4
8119 2
8120 2
8121 1
8122 3
8123 0
8124 2
8125 2
8126 2
8127 0
8128 2
8129 3
8130 0
8131 3
8132 0
8133 1
8134 2
8135 4
8136 4
8137 1
8138 1
8139 3
8140 2
8141 2
8142 2
8143 1
8144 1
8145 1
8146 2
8147 2
8148 6
8149 3
8150 1
8151 1
8152 4
8153 3
8154 2
8155 2
8156 3
8157 2
8158 2
8159 5
8160 2
8161 2
8162 1
8163 2
8164 0
8165 2
8166 3
8167 1
8168 3
8169 2
8170 0
8171 0
8172 3
8173 2
8174 2
8175 2
8176 0
8177 2
8178 1
8179 2
8180 2
8181 2
8182 4
8183 3
8184 3
8185 1
8186 2
8187 4
8188 3
8189 2
8190 2
8191 1
8192 3
8193 3
8194 1
8195 3
8196 0
8197 2
8198 1
8199 3
8200 2
8201 3
8202 3
8203 2
8204 3
8205 3
8206 5
8207 5
8208 5
8209 5
8210 4
8211 2
8212 4
8213 4
8214 4
8215 4
8216 3
8217 3
8218 2
8219 3
8220 0
8221 1
8222 0
8223 0
8224 1
8225 1
8226 0
8227 2
8228 2
8229 2
8230 1
8231 0
8232 4
8233 3
8234 1
8235 2
8236 4
8237 3
8238 0
8239 2
8240 4
8241 1
8242 3
8243 0
8244 1
8245 1
8246 3
8247 4
8248 2
8249 3
8250 2
8251 1
8252 1
8253 4
8254 3
8255 1
8256 2
8257 2
8258 2
8259 4
8260 3
8261 1
8262 0
8263 2
8264 3
8265 2
8266 1
8267 3
8268 2
8269 2
8270 2
8271 2
8272 1
8273 2
8274 3
8275 3
8276 2
8277 1
8278 0
8279 3
8280 4
8281 3
8282 2
8283 2
8284 4
8285 2
8286 0
8287 1
8288 0
8289 1
8290 1
8291 2
8292 1
8293 1
8294 1
8295 2
8296 2
8297 0
8298 3
8299 3
8300 2
8301 3
8302 2
8303 0
8304 1
8305 0
8306 0
8307 2
8308 3
8309 3
8310 1
8311 0
8312 1
8313 2
8314 1
8315 0
8316 1
8317 5
8318 6
8319 5
8320 2
8321 1
8322 1
8323 1
8324 0
8325 2
8326 4
8327 4
8328 2
8329 2
8330 1
8331 2
8332 1
8333 1
8334 1
8335 1
8336 3
8337 4
8338 4
8339 3
8340 0
8341 1
8342 1
8343 3
8344 2
8345 0
8346 3
8347 3
8348 2
8349 1
8350 4
8351 4
8352 5
8353 5
8354 4
8355 4
8356 1
8357 1
8358 1
8359 2
8360 1
8361 1
8362 0
8363 2
8364 1
8365 4
8366 2
8367 3
8368 1
8369 1
8370 2
8371 1
8372 3
8373 1
8374 2
8375 2
8376 4
8377 2
8378 1
8379 0
8380 0
8381 2
8382 1
8383 0
8384 3
8385 4
8386 2
8387 4
8388 2
8389 0
8390 0
8391 2
8392 2
8393 1
8394 3
8395 2
8396 3
8397 2
8398 1
8399 0
8400 2
8401 2
8402 3
8403 3
8404 3
8405 0
8406 0
8407 4
8408 5
8409 6
8410 4
8411 5
8412 4
8413 3
8414 1
8415 4
8416 2
8417 3
8418 1
8419 2
8420 1
8421 2
8422 1
8423 2
8424 0
8425 3
8426 0
8427 0
8428 0
8429 1
8430 4
8431 4
8432 3
8433 2
8434 2
8435 3
8436 3
8437 3
8438 2
8439 0
8440 1
8441 2
8442 0
8443 2
8444 2
8445 5
8446 6
8447 4
8448 3
8449 0
8450 1
8451 2
8452 1
8453 0
8454 0
8455 1
8456 2
8457 3
8458 2
8459 1
8460 3
8461 3
8462 2
8463 1
8464 1
8465 3
8466 1
8467 2
8468 1
8469 1
8470 1
8471 2
8472 4
8473 2
8474 2
8475 2
8476 1
8477 3
8478 2
8479 2
8480 2
8481 2
8482 3
8483 2
8484 1
8485 2
8486 4
8487 3
8488 2
8489 0
8490 1
8491 4
8492 2
8493 1
8494 1
8495 4
8496 2
8497 2
8498 2
8499 1
8500 4
8501 3
8502 2
8503 2
8504 1
8505 1
8506 1
8507 0
8508 0
8509 2
8510 1
8511 1
8512 2
8513 1
8514 1
8515 1
8516 2
8517 4
8518 3
8519 1
8520 1
8521 3
8522 2
8523 2
8524 2
8525 2
8526 4
8527 5
8528 2
8529 1
8530 3
8531 2
8532 2
8533 3
8534 2
8535 1
8536 0
8537 2
8538 4
8539 1
8540 2
8541 2
8542 2
8543 1
8544 0
8545 2
8546 2
8547 1
8548 3
8549 1
8550 2
8551 0
8552 2
8553 1
8554 1
8555 3
8556 2
8557 1
8558 2
8559 0
8560 1
8561 3
8562 0
8563 3
8564 2
8565 3
8566 2
8567 1
8568 0
8569 1
8570 3
8571 4
8572 3
8573 0
8574 5
8575 4
8576 3
8577 2
8578 3
8579 1
8580 1
8581 0
8582 0
8583 2
8584 1
8585 0
8586 2
8587 2
8588 2
8589 1
8590 1
8591 2
8592 0
8593 2
8594 3
8595 2
8596 1
8597 2
8598 2
8599 2
8600 2
8601 2
8602 2
8603 1
8604 1
8605 2
8606 2
8607 3
8608 3
8609 3
8610 4
8611 4
8612 3
8613 1
8614 1
8615 2
8616 5
8617 5
8618 5
8619 5
8620 6
8621 5
8622 4
8623 3
8624 2
8625 1
8626 4
8627 3
8628 1
8629 3
8630 4
8631 2
8632 0
8633 0
8634 3
8635 4
8636 4
8637 2
8638 3
8639 5
8640 5
8641 3
8642 3
8643 0
8644 2
8645 3
8646 0
8647 0
8648 2
8649 1
8650 2
8651 0
8652 0
8653 2
8654 3
8655 3
8656 1
8657 1
8658 1
8659 0
8660 1
8661 1
8662 1
8663 1
8664 1
8665 1
8666 2
8667 1
8668 1
8669 0
8670 0
8671 2
8672 2
8673 2
8674 2
8675 0
8676 0
8677 5
8678 3
8679 2
8680 0
8681 3
8682 2
8683 3
8684 2
8685 3
8686 3
8687 4
8688 3
8689 1
8690 0
8691 2
8692 4
8693 1
8694 4
8695 3
8696 2
8697 2
8698 1
8699 1
8700 0
8701 2
8702 0
8703 1
8704 2
8705 1
8706 1
8707 3
8708 2
8709 1
8710 1
8711 2
8712 2
8713 3
8714 3
8715 1
8716 3
8717 2
8718 2
8719 2
8720 3
8721 2
8722 1
8723 1
8724 1
8725 1
8726 1
8727 2
8728 0
8729 2
8730 3
8731 1
8732 4
8733 5
8734 3
8735 2
8736 2
8737 5
8738 2
8739 2
8740 1
8741 2
8742 2
8743 0
8744 4
8745 4
8746 5
8747 2
8748 1
8749 1
8750 0
8751 1
8752 2
8753 1
8754 4
8755 1
8756 3
8757 1
8758 1
8759 2
8760 2
8761 3
8762 3
8763 3
8764 0
8765 0
8766 1
8767 2
8768 1
8769 3
8770 3
8771 1
8772 2
8773 2
8774 1
8775 3
8776 4
8777 2
8778 2
8779 1
8780 3
8781 2
8782 1
8783 0
8784 1
8785 2
8786 1
8787 2
8788 1
8789 2
8790 3
8791 1
8792 3
8793 1
8794 2
8795 5
8796 3
8797 2
8798 3
8799 3
8800 2
8801 2
8802 3
8803 3
8804 2
8805 3
8806 2
8807 1
8808 1
8809 0
8810 2
8811 0
8812 1
8813 2
8814 2
8815 0
8816 1
8817 2
8818 1
8819 2
8820 1
8821 2
8822 3
8823 2
8824 1
8825 0
8826 0
8827 0
8828 3
8829 2
8830 2
8831 0
8832 1
8833 0
8834 0
8835 0
8836 0
8837 2
8838 2
8839 3
8840 1
8841 1
8842 3
8843 3
8844 1
8845 1
8846 0
8847 2
8848 1
8849 2
8850 2
8851 3
8852 2
8853 2
8854 2
8855 4
8856 2
8857 2
8858 1
8859 1
8860 2
8861 1
8862 3
8863 0
8864 2
8865 0
8866 1
8867 3
8868 3
8869 2
8870 2
8871 2
8872 1
8873 5
8874 3
8875 0
8876 2
8877 2
8878 0
8879 0
8880 1
8881 1
8882 2
8883 5
8884 5
8885 4
8886 4
8887 3
8888 3
8889 4
8890 4
8891 4
8892 4
8893 4
8894 3
8895 2
8896 4
8897 2
8898 1
8899 1
8900 1
8901 1
8902 2
8903 2
8904 1
8905 1
8906 1
8907 3
8908 2
8909 0
8910 1
8911 1
8912 2
8913 3
8914 0
8915 1
8916 1
8917 3
8918 2
8919 0
8920 3
8921 3
8922 2
8923 2
8924 1
8925 0
8926 3
8927 1
8928 2
8929 4
8930 3
8931 1
8932 2
8933 1
8934 0
8935 1
8936 3
8937 1
8938 2
8939 1
8940 0
8941 3
8942 1
8943 1
8944 1
8945 1
8946 2
8947 3
8948 2
8949 1
8950 4
8951 2
8952 2
8953 2
8954 1
8955 2
8956 4
8957 3
8958 4
8959 2
8960 3
8961 2
8962 1
8963 2
8964 3
8965 3
8966 1
8967 2
8968 4
8969 3
8970 2
8971 0
8972 0
8973 2
8974 1
8975 5
8976 4
8977 4
8978 3
8979 1
8980 1
8981 1
8982 2
8983 0
8984 4
8985 2
8986 3
8987 2
8988 3
8989 3
8990 1
8991 3
8992 1
8993 2
8994 1
8995 1
8996 2
8997 3
8998 1
8999 2
9000 1
9001 3
9002 2
9003 2
9004 2
9005 0
9006 1
9007 0
9008 3
9009 3
9010 2
9011 1
9012 2
9013 2
9014 3
9015 0
9016 1
9017 1
9018 0
9019 1
9020 1
9021 0
9022 1
9023 3
9024 2
9025 3
9026 0
9027 0
9028 1
9029 1
9030 3
9031 1
9032 1
9033 3
9034 2
9035 2
9036 0
9037 1
9038 1
9039 1
9040 1
9041 1
9042 2
9043 2
9044 0
9045 1
9046 3
9047 1
9048 5
9049 4
9050 3
9051 2
9052 1
9053 1
9054 2
9055 1
9056 1
9057 1
9058 1
9059 3
9060 3
9061 2
9062 1
9063 4
9064 3
9065 3
9066 1
9067 3
9068 1
9069 3
9070 2
9071 2
9072 3
9073 2
9074 2
9075 0
9076 3
9077 1
9078 3
9079 3
9080 4
9081 2
9082 2
9083 2
9084 3
9085 2
9086 0
9087 2
9088 1
9089 1
9090 0
9091 2
9092 2
9093 2
9094 4
9095 2
9096 2
9097 5
9098 3
9099 2
9100 3
9101 2
9102 2
9103 2
9104 3
9105 0
9106 0
9107 2
9108 1
9109 2
9110 1
9111 1
9112 4
9113 2
9114 3
9115 1
9116 2
9117 2
9118 1
9119 2
9120 0
9121 2
9122 0
9123 1
9124 2
9125 2
9126 4
9127 4
9128 3
9129 1
9130 1
9131 1
9132 0
9133 3
9134 2
9135 1
9136 1
9137 3
9138 2
9139 2
9140 2
9141 2
9142 2
9143 3
9144 0
9145 0
9146 1
9147 5
9148 3
9149 3
9150 3
9151 3
9152 0
9153 2
9154 2
9155 3
9156 2
9157 3
9158 2
9159 0
9160 0
9161 0
9162 0
9163 0
9164 0
9165 1
9166 0
9167 1
9168 1
9169 2
9170 3
9171 2
9172 1
9173 2
9174 2
9175 1
9176 3
9177 2
9178 2
9179 4
9180 3
9181 3
9182 3
9183 2
9184 2
9185 0
9186 1
9187 3
9188 2
9189 4
9190 4
9191 3
9192 2
9193 2
9194 2
9195 0
9196 2
9197 3
9198 2
9199 2
9200 0
9201 2
9202 1
9203 0
9204 2
9205 1
9206 3
9207 4
9208 4
9209 4
9210 2
9211 4
9212 2
9213 3
9214 2
9215 1
9216 2
9217 1
9218 2
9219 3
9220 1
9221 2
9222 2
9223 1
9224 2
9225 4
9226 6
9227 4
9228 2
9229 1
9230 1
9231 1
9232 2
9233 1
9234 2
9235 1
9236 2
9237 4
9238 5
9239 4
9240 3
9241 2
9242 1
9243 3
9244 2
9245 4
9246 4
9247 2
9248 2
9249 5
9250 5
9251 3
9252 0
9253 3
9254 1
9255 4
9256 4
9257 3
9258 1
9259 1
9260 3
9261 1
9262 3
9263 2
9264 2
9265 1
9266 3
9267 2
9268 3
9269 1
9270 3
9271 1
9272 2
9273 3
9274 1
9275 1
9276 1
9277 2
9278 2
9279 1
9280 2
9281 2
9282 0
9283 1
9284 1
9285 3
9286 2
9287 2
9288 1
9289 1
9290 2
9291 2
9292 2
9293 3
9294 2
9295 2
9296 0
9297 2
9298 2
9299 2
9300 1
9301 3
9302 1
9303 0
9304 3
9305 0
9306 2
9307 1
9308 4
9309 5
9310 3
9311 4
9312 2
9313 2
9314 1
9315 0
9316 2
9317 2
9318 0
9319 1
9320 1
9321 0
9322 2
9323 1
9324 1
9325 0
9326 2
9327 0
9328 3
9329 3
9330 1
9331 1
9332 0
9333 0
9334 1
9335 2
9336 1
9337 0
9338 2
9339 3
9340 0
9341 2
9342 3
9343 1
9344 1
9345 4
9346 3
9347 2
9348 3
9349 0
9350 0
9351 3
9352 3
9353 2
9354 3
9355 1
9356 2
9357 2
9358 3
9359 2
9360 1
9361 3
9362 4
9363 5
9364 5
9365 4
9366 3
9367 2
9368 3
9369 0
9370 1
9371 3
9372 2
9373 6
9374 6
9375 6
9376 6
9377 5
9378 3
9379 0
9380 2
9381 1
9382 3
9383 3
9384 1
9385 1
9386 2
9387 1
9388 3
9389 0
9390 2
9391 2
9392 2
9393 2
9394 2
9395 2
9396 3
9397 2
9398 2
9399 3
9400 2
9401 3
9402 1
9403 2
9404 2
9405 2
9406 2
9407 3
9408 3
9409 2
9410 1
9411 1
9412 4
9413 1
9414 2
9415 1
9416 2
9417 0
9418 1
9419 3
9420 2
9421 2
9422 1
9423 1
9424 1
9425 1
9426 1
9427 0
9428 3
9429 1
9430 1
9431 2
9432 4
9433 4
9434 3
9435 2
9436 2
9437 1
9438 1
9439 1
9440 2
9441 0
9442 3
9443 0
9444 0
9445 2
9446 3
9447 2
9448 1
9449 2
9450 2
9451 3
9452 2
9453 2
9454 0
9455 4
9456 2
9457 1
9458 1
9459 1
9460 3
9461 3
9462 2
9463 1
9464 2
9465 2
9466 3
9467 1
9468 1
9469 0
9470 0
9471 1
9472 2
9473 0
9474 3
9475 2
9476 0
9477 2
9478 7
9479 4
9480 3
9481 4
9482 3
9483 2
9484 2
9485 2
9486 3
9487 2
9488 2
9489 2
9490 4
9491 4
9492 3
9493 0
9494 1
9495 0
9496 0
9497 1
9498 0
9499 0
9500 1
9501 1
9502 0
9503 3
9504 2
9505 4
9506 1
9507 2
9508 1
9509 3
9510 2
9511 0
9512 2
9513 1
9514 1
9515 2
9516 0
9517 1
9518 2
9519 1
9520 1
9521 1
9522 3
9523 1
9524 1
9525 3
9526 1
9527 3
9528 3
9529 2
9530 2
9531 1
9532 2
9533 1
9534 0
9535 1
9536 1
9537 2
9538 1
9539 2
9540 2
9541 2
9542 1
9543 4
9544 2
9545 1
9546 0
9547 1
9548 1
9549 2
9550 2
9551 0
9552 1
9553 2
9554 1
9555 1
9556 3
9557 3
9558 3
9559 3
9560 2
9561 4
9562 2
9563 3
9564 3
9565 5
9566 4
9567 3
9568 1
9569 1
9570 3
9571 1
9572 1
9573 2
9574 3
9575 1
9576 3
9577 1
9578 4
9579 1
9580 2
9581 2
9582 1
9583 3
9584 2
9585 1
9586 1
9587 3
9588 2
9589 3
9590 3
9591 1
9592 2
9593 1
9594 1
9595 0
9596 1
9597 2
9598 0
9599 3
9600 1
9601 5
9602 4
9603 4
9604 3
9605 1
9606 1
9607 1
9608 1
9609 2
9610 2
9611 3
9612 3
9613 2
9614 2
9615 1
9616 2
9617 1
9618 1
9619 1
9620 3
9621 2
9622 2
9623 4
9624 4
9625 1
9626 0
9627 0
9628 0
9629 1
9630 2
9631 1
9632 0
9633 1
9634 0
9635 2
9636 3
9637 1
9638 3
9639 2
9640 2
9641 3
9642 2
9643 2
9644 2
9645 0
9646 1
9647 2
9648 0
9649 3
9650 1
9651 0
9652 1
9653 1
9654 1
9655 1
9656 1
9657 1
9658 3
9659 4
9660 3
9661 2
9662 2
9663 1
9664 2
9665 3
9666 2
9667 2
9668 3
9669 2
9670 2
9671 2
9672 4
9673 3
9674 3
9675 1
9676 1
9677 1
9678 4
9679 1
9680 3
9681 2
9682 4
9683 2
9684 2
9685 1
9686 2
9687 0
9688 3
9689 1
9690 0
9691 1
9692 3
9693 1
9694 2
9695 2
9696 2
9697 4
9698 5
9699 5
9700 6
9701 4
9702 2
9703 2
9704 1
9705 2
9706 1
9707 2
9708 0
9709 2
9710 1
9711 0
9712 1
9713 2
9714 2
9715 1
9716 1
9717 1
9718 2
9719 1
9720 4
9721 2
9722 0
9723 0
9724 0
9725 3
9726 1
9727 2
9728 1
9729 1
9730 3
9731 1
9732 2
9733 1
9734 1
9735 2
9736 2
9737 1
9738 2
9739 3
9740 2
9741 1
9742 1
9743 0
9744 0
9745 2
9746 2
9747 6
9748 5
9749 3
9750 2
9751 1
9752 1
9753 2
9754 3
9755 0
9756 4
9757 4
9758 4
9759 4
9760 3
9761 0
9762 2
9763 1
9764 1
9765 3
9766 3
9767 3
9768 1
9769 2
9770 3
9771 5
9772 3
9773 5
9774 4
9775 1
9776 1
9777 2
9778 2
9779 1
9780 1
9781 3
9782 2
9783 1
9784 1
9785 2
9786 1
9787 2
9788 4
9789 3
9790 2
9791 3
9792 2
9793 1
9794 2
9795 3
9796 2
9797 2
9798 4
9799 1
9800 2
9801 2
9802 3
9803 2
9804 3
9805 3
9806 3
9807 2
9808 2
9809 3
9810 2
9811 4
9812 2
9813 2
9814 5
9815 3
9816 0
9817 0
9818 4
9819 3
9820 3
9821 2
9822 3
9823 2
9824 0
9825 2
9826 3
9827 4
9828 3
9829 1
9830 3
9831 1
9832 2
9833 0
9834 2
9835 2
9836 2
9837 2
9838 0
9839 1
9840 3
9841 2
9842 1
9843 3
9844 2
9845 0
9846 1
9847 3
9848 1
9849 2
9850 1
9851 4
9852 5
9853 5
9854 4
9855 2
9856 1
9857 3
9858 1
9859 0
9860 4
9861 1
9862 2
9863 1
9864 4
9865 2
9866 2
9867 1
9868 0
9869 2
9870 2
9871 1
9872 2
9873 3
9874 2
9875 0
9876 3
9877 5
9878 3
9879 3
9880 3
9881 4
9882 2
9883 0
9884 2
9885 4
9886 5
9887 4
9888 6
9889 4
9890 1
9891 1
9892 2
9893 0
9894 0
9895 0
9896 1
9897 0
9898 2
9899 1
9900 1
9901 2
9902 1
9903 2
9904 2
9905 3
9906 2
9907 1
9908 3
9909 3
9910 3
9911 3
9912 1
9913 2
9914 2
9915 2
9916 1
9917 2
9918 3
9919 3
9920 2
9921 2
9922 2
9923 3
9924 0
9925 3
9926 0
9927 0
9928 0
9929 2
9930 2
9931 2
9932 1
9933 2
9934 3
9935 4
9936 5
9937 4
9938 4
9939 4
9940 4
9941 2
9942 2
9943 4
9944 4
9945 6
9946 5
9947 4
9948 3
9949 1
9950 2
9951 1
9952 1
9953 3
9954 1
9955 0
9956 1
9957 5
9958 3
9959 2
9960 0
9961 1
9962 1
9963 1
9964 3
9965 2
9966 2
9967 3
9968 1
9969 1
9970 3
9971 2
9972 1
9973 3
9974 2
9975 3
9976 3
9977 1
9978 2
9979 3
9980 4
9981 3
9982 2
9983 0
9984 1
9985 2
9986 4
9987 3
9988 2
9989 2
9990 4
9991 4
9992 3
9993 3
9994 2
9995 3
9996 3
9997 2
9998 2
9999 2
