0 2
1 0
2 0
3 1
4 2
5 1
6 1
7 1
8 1
9 2
10 0
11 6
12 8
13 7
14 5
15 5
16 6
17 6
18 8
19 10
20 10
21 10
22 10
23 11
24 10
25 11
26 12
27 11
28 12
29 9
30 8
31 9
32 6
33 6
34 7
35 8
36 11
37 11
38 10
39 10
40 11
41 11
42 11
43 12
44 13
45 12
46 13
47 12
48 11
49 10
50 8
51 5
52 3
53 1
54 1
55 0
56 4
57 4
58 4
59 4
60 6
61 6
62 7
63 7
64 7
65 7
66 8
67 9
68 12
69 14
70 16
71 13
72 15
73 12
74 15
75 12
76 14
77 14
78 14
79 14
80 13
81 14
82 14
83 13
84 13
85 12
86 10
87 7
88 5
89 2
90 5
91 5
92 7
93 8
94 9
95 8
96 7
97 6
98 6
99 5
100 5
101 3
102 2
103 5
104 7
105 9
106 11
107 12
108 9
109 8
110 8
111 7
112 6
113 6
114 6
115 7
116 8
117 10
118 10
119 12
120 14
121 15
122 12
123 13
124 11
125 8
126 7
127 6
128 4
129 3
130 3
131 1
132 4
133 1
134 3
135 6
136 9
137 8
138 9
139 8
140 8
141 8
142 7
143 5
144 2
145 3
146 3
147 3
148 6
149 8
150 10
151 12
152 13
153 11
154 9
155 9
156 10
157 10
158 7
159 6
160 4
161 1
162 3
163 2
164 4
165 6
166 7
167 10
168 11
169 13
170 15
171 12
172 12
173 11
174 8
175 9
176 6
177 3
178 2
179 1
180 5
181 7
182 6
183 8
184 7
185 6
186 7
187 8
188 7
189 7
190 8
191 8
192 9
193 10
194 12
195 12
196 12
197 10
198 8
199 7
200 4
201 3
202 6
203 8
204 8
205 9
206 9
207 9
208 9
209 10
210 9
211 10
212 10
213 8
214 6
215 4
216 2
217 2
218 3
219 2
220 3
221 2
222 4
223 5
224 5
225 2
226 3
227 3
228 2
229 3
230 3
231 4
232 7
233 6
234 5
235 6
236 8
237 8
238 8
239 8
240 7
241 6
242 7
243 5
244 4
245 2
246 3
247 3
248 5
249 5
250 3
251 3
252 5
253 6
254 6
255 6
256 5
257 5
258 6
259 6
260 8
261 9
262 12
263 12
264 10
265 8
266 5
267 6
268 3
269 1
270 2
271 1
272 6
273 7
274 6
275 7
276 10
277 11
278 12
279 13
280 13
281 13
282 14
283 12
284 9
285 7
286 4
287 1
288 1
289 2
290 4
291 5
292 5
293 2
294 3
295 1
296 2
297 6
298 7
299 10
300 11
301 11
302 14
303 15
304 12
305 14
306 12
307 12
308 9
309 6
310 3
311 1
312 1
313 6
314 6
315 5
316 7
317 8
318 9
319 6
320 3
321 1
322 3
323 4
324 5
325 3
326 3
327 4
328 4
329 3
330 0
331 3
332 3
333 1
334 3
335 3
336 4
337 8
338 11
339 12
340 12
341 9
342 7
343 7
344 7
345 9
346 8
347 9
348 12
349 13
350 14
351 16
352 13
353 14
354 14
355 13
356 12
357 10
358 7
359 4
360 3
361 2
362 1
363 4
364 3
365 3
366 4
367 5
368 5
369 8
370 7
371 7
372 7
373 4
374 4
375 4
376 2
377 3
378 4
379 2
380 5
381 3
382 3
383 4
384 3
385 7
386 10
387 13
388 14
389 13
390 12
391 11
392 10
393 10
394 9
395 7
396 4
397 2
398 0
399 5
400 7
401 10
402 11
403 9
404 7
405 4
406 3
407 1
408 3
409 3
410 6
411 8
412 10
413 12
414 14
415 15
416 12
417 13
418 15
419 13
420 13
421 14
422 13
423 10
424 7
425 6
426 5
427 3
428 2
429 3
430 1
431 4
432 3
433 5
434 5
435 8
436 9
437 9
438 10
439 9
440 7
441 9
442 8
443 6
444 5
445 2
446 0
447 1
448 2
449 6
450 6
451 5
452 7
453 8
454 9
455 10
456 11
457 9
458 9
459 7
460 6
461 8
462 6
463 5
464 5
465 3
466 2
467 1
468 3
469 2
470 5
471 6
472 5
473 6
474 7
475 7
476 4
477 3
478 1
479 3
480 3
481 4
482 4
483 3
484 4
485 6
486 4
487 3
488 3
489 5
490 7
491 8
492 11
493 12
494 13
495 15
496 13
497 14
498 14
499 13
500 12
501 11
502 9
503 7
504 4
505 1
506 2
507 5
508 4
509 2
510 4
511 6
512 7
513 10
514 10
515 9
516 8
517 5
518 5
519 5
520 4
521 4
522 5
523 4
524 3
525 3
526 4
527 3
528 7
529 8
530 11
531 14
532 17
533 15
534 12
535 14
536 14
537 14
538 14
539 15
540 12
541 11
542 8
543 6
544 5
545 3
546 1
547 0
548 1
549 6
550 6
551 4
552 3
553 2
554 6
555 6
556 7
557 7
558 10
559 11
560 11
561 13
562 14
563 13
564 14
565 15
566 12
567 13
568 13
569 15
570 12
571 12
572 12
573 12
574 9
575 9
576 11
577 9
578 10
579 7
580 7
581 4
582 7
583 6
584 5
585 3
586 1
587 5
588 6
589 5
590 5
591 3
592 1
593 2
594 0
595 1
596 0
597 2
598 2
599 1
600 5
601 7
602 9
603 11
604 12
605 12
606 12
607 13
608 10
609 9
610 8
611 7
612 5
613 5
614 5
615 6
616 6
617 7
618 9
619 10
620 12
621 10
622 11
623 8
624 8
625 6
626 6
627 5
628 3
629 2
630 3
631 0
632 3
633 3
634 4
635 5
636 4
637 3
638 3
639 4
640 2
641 4
642 6
643 6
644 4
645 6
646 8
647 9
648 8
649 8
650 6
651 5
652 4
653 6
654 4
655 6
656 5
657 5
658 4
659 5
660 6
661 5
662 7
663 7
664 10
665 9
666 8
667 8
668 7
669 7
670 7
671 5
672 4
673 2
674 1
675 0
676 3
677 4
678 4
679 4
680 4
681 1
682 4
683 8
684 9
685 12
686 14
687 15
688 12
689 15
690 12
691 13
692 13
693 12
694 13
695 10
696 8
697 5
698 4
699 1
700 0
701 0
702 2
703 4
704 4
705 6
706 7
707 8
708 7
709 7
710 5
711 2
712 3
713 2
714 2
715 6
716 9
717 8
718 7
719 8
720 7
721 8
722 8
723 9
724 8
725 9
726 8
727 10
728 9
729 8
730 6
731 4
732 4
733 1
734 2
735 2
736 5
737 4
738 5
739 5
740 3
741 2
742 4
743 1
744 4
745 5
746 6
747 7
748 10
749 8
750 5
751 3
752 2
753 5
754 7
755 9
756 9
757 11
758 10
759 9
760 8
761 6
762 5
763 4
764 5
765 5
766 6
767 6
768 7
769 5
770 3
771 1
772 2
773 3
774 2
775 5
776 5
777 4
778 7
779 8
780 10
781 11
782 15
783 12
784 13
785 13
786 10
787 8
788 7
789 5
790 3
791 2
792 3
793 3
794 4
795 4
796 8
797 7
798 9
799 11
800 10
801 10
802 10
803 8
804 7
805 9
806 9
807 7
808 4
809 3
810 0
811 2
812 4
813 3
814 5
815 2
816 1
817 3
818 1
819 2
820 1
821 3
822 6
823 7
824 8
825 9
826 8
827 6
828 4
829 2
830 2
831 7
832 8
833 12
834 12
835 14
836 15
837 12
838 15
839 13
840 15
841 12
842 13
843 14
844 14
845 14
846 15
847 12
848 11
849 9
850 6
851 4
852 2
853 4
854 1
855 1
856 3
857 3
858 5
859 7
860 9
861 10
862 10
863 10
864 8
865 5
866 4
867 2
868 1
869 0
870 3
871 5
872 7
873 9
874 7
875 6
876 4
877 4
878 4
879 4
880 3
881 4
882 5
883 7
884 7
885 5
886 6
887 5
888 3
889 4
890 3
891 4
892 5
893 6
894 6
895 6
896 7
897 8
898 6
899 6
900 5
901 5
902 5
903 5
904 7
905 8
906 6
907 5
908 3
909 2
910 2
911 1
912 3
913 4
914 3
915 4
916 3
917 3
918 2
919 2
920 3
921 2
922 2
923 1
924 1
925 5
926 5
927 7
928 9
929 12
930 14
931 15
932 13
933 16
934 13
935 13
936 10
937 7
938 5
939 2
940 1
941 0
942 5
943 6
944 7
945 9
946 7
947 5
948 3
949 6
950 5
951 7
952 8
953 11
954 11
955 12
956 10
957 11
958 11
959 10
960 10
961 11
962 8
963 5
964 4
965 1
966 3
967 1
968 2
969 3
970 0
971 2
972 3
973 5
974 4
975 3
976 1
977 0
978 1
979 6
980 9
981 11
982 11
983 13
984 13
985 13
986 12
987 11
988 11
989 12
990 12
991 11
992 9
993 7
994 5
995 3
996 1
997 0
998 2
999 5
1000 7
1001 6
1002 6
1003 7
1004 6
1005 5
1006 4
1007 2
1008 1
1009 1
1010 4
1011 8
1012 12
1013 14
1014 15
1015 12
1016 14
1017 15
1018 13
1019 13
1020 13
1021 12
1022 10
1023 7
1024 5
1025 3
1026 1
1027 1
1028 3
1029 5
1030 3
1031 3
1032 1
1033 5
1034 9
1035 12
1036 13
1037 15
1038 12
1039 15
1040 12
1041 12
1042 10
1043 8
1044 5
1045 4
1046 2
1047 2
1048 6
1049 6
1050 8
1051 10
1052 12
1053 12
1054 13
1055 15
1056 14
1057 15
1058 12
1059 13
1060 14
1061 14
1062 15
1063 14
1064 14
1065 16
1066 13
1067 13
1068 13
1069 12
1070 10
1071 8
1072 5
1073 3
1074 0
1075 3
1076 0
1077 1
1078 2
1079 3
1080 3
1081 3
1082 1
1083 2
1084 5
1085 5
1086 6
1087 8
1088 5
1089 4
1090 6
1091 9
1092 10
1093 12
1094 13
1095 15
1096 13
1097 14
1098 13
1099 11
1100 9
1101 6
1102 3
1103 3
1104 4
1105 6
1106 6
1107 7
1108 7
1109 7
1110 7
1111 5
1112 4
1113 3
1114 3
1115 3
1116 3
1117 4
1118 6
1119 6
1120 7
1121 6
1122 5
1123 4
1124 6
1125 5
1126 2
1127 2
1128 2
1129 3
1130 2
1131 2
1132 1
1133 4
1134 6
1135 7
1136 10
1137 14
1138 16
1139 13
1140 16
1141 13
1142 16
1143 13
1144 17
1145 14
1146 17
1147 14
1148 17
1149 15
1150 12
1151 15
1152 12
1153 13
1154 12
1155 9
1156 8
1157 6
1158 4
1159 2
1160 2
1161 1
1162 4
1163 3
1164 3
1165 6
1166 6
1167 7
1168 8
1169 11
1170 14
1171 15
1172 12
1173 15
1174 12
1175 15
1176 13
1177 16
1178 15
1179 13
1180 15
1181 13
1182 14
1183 14
1184 15
1185 12
1186 13
1187 10
1188 9
1189 6
1190 7
1191 4
1192 4
1193 3
1194 3
1195 2
1196 2
1197 2
1198 2
1199 3
1200 4
1201 8
1202 10
1203 12
1204 13
1205 11
1206 11
1207 10
1208 11
1209 10
1210 7
1211 4
1212 4
1213 2
1214 3
1215 2
1216 3
1217 5
1218 7
1219 8
1220 9
1221 12
1222 15
1223 12
1224 15
1225 12
1226 15
1227 12
1228 11
1229 9
1230 6
1231 4
1232 1
1233 0
1234 3
1235 5
1236 7
1237 8
1238 7
1239 6
1240 4
1241 2
1242 0
1243 1
1244 1
1245 5
1246 6
1247 6
1248 3
1249 1
1250 5
1251 5
1252 5
1253 7
1254 6
1255 9
1256 9
1257 7
1258 8
1259 9
1260 10
1261 9
1262 8
1263 7
1264 6
1265 4
1266 6
1267 7
1268 7
1269 7
1270 6
1271 7
1272 6
1273 8
1274 6
1275 3
1276 2
1277 2
1278 3
1279 3
1280 5
1281 6
1282 4
1283 5
1284 5
1285 5
1286 6
1287 5
1288 3
1289 5
1290 4
1291 3
1292 3
1293 3
1294 3
1295 3
1296 5
1297 6
1298 8
1299 10
1300 10
1301 9
1302 8
1303 5
1304 3
1305 1
1306 4
1307 3
1308 5
1309 6
1310 4
1311 2
1312 2
1313 2
1314 1
1315 1
1316 1
1317 3
1318 3
1319 2
1320 1
1321 1
1322 2
1323 3
1324 1
1325 7
1326 7
1327 5
1328 5
1329 3
1330 2
1331 3
1332 3
1333 5
1334 8
1335 9
1336 10
1337 12
1338 12
1339 12
1340 12
1341 10
1342 9
1343 8
1344 6
1345 3
1346 1
1347 2
1348 2
1349 3
1350 3
1351 2
1352 1
1353 4
1354 6
1355 6
1356 7
1357 8
1358 6
1359 5
1360 8
1361 8
1362 9
1363 7
1364 5
1365 3
1366 3
1367 5
1368 4
1369 1
1370 1
1371 0
1372 5
1373 5
1374 3
1375 5
1376 3
1377 5
1378 4
1379 5
1380 4
1381 1
1382 0
1383 2
1384 0
1385 1
1386 3
1387 4
1388 5
1389 5
1390 3
1391 4
1392 2
1393 1
1394 1
1395 5
1396 3
1397 4
1398 5
1399 6
1400 9
1401 8
1402 9
1403 10
1404 12
1405 13
1406 15
1407 12
1408 14
1409 14
1410 16
1411 13
1412 14
1413 12
1414 9
1415 6
1416 4
1417 4
1418 2
1419 1
1420 3
1421 7
1422 9
1423 12
1424 13
1425 13
1426 15
1427 13
1428 14
1429 15
1430 12
1431 15
1432 12
1433 14
1434 14
1435 14
1436 14
1437 14
1438 14
1439 14
1440 13
1441 13
1442 13
1443 12
1444 13
1445 12
1446 10
1447 8
1448 6
1449 5
1450 2
1451 2
1452 0
1453 0
1454 0
1455 3
1456 3
1457 2
1458 2
1459 1
1460 5
1461 5
1462 8
1463 13
1464 13
1465 12
1466 11
1467 13
1468 12
1469 12
1470 11
1471 10
1472 7
1473 4
1474 3
1475 3
1476 4
1477 6
1478 9
1479 12
1480 12
1481 11
1482 14
1483 14
1484 13
1485 11
1486 10
1487 10
1488 7
1489 6
1490 6
1491 6
1492 7
1493 7
1494 7
1495 7
1496 9
1497 7
1498 5
1499 5
1500 3
1501 2
1502 4
1503 5
1504 5
1505 5
1506 4
1507 7
1508 7
1509 8
1510 8
1511 10
1512 11
1513 14
1514 16
1515 13
1516 16
1517 13
1518 16
1519 14
1520 15
1521 12
1522 12
1523 11
1524 10
1525 7
1526 4
1527 1
1528 0
1529 0
1530 1
1531 0
1532 4
1533 4
1534 5
1535 5
1536 7
1537 7
1538 8
1539 8
1540 9
1541 9
1542 12
1543 14
1544 17
1545 15
1546 12
1547 15
1548 12
1549 15
1550 12
1551 15
1552 13
1553 16
1554 15
1555 15
1556 12
1557 15
1558 12
1559 15
1560 12
1561 13
1562 10
1563 7
1564 4
1565 3
1566 0
1567 1
1568 2
1569 2
1570 2
1571 5
1572 5
1573 6
1574 8
1575 11
1576 13
1577 15
1578 13
1579 16
1580 13
1581 16
1582 13
1583 16
1584 13
1585 16
1586 13
1587 15
1588 12
1589 15
1590 13
1591 14
1592 14
1593 14
1594 13
1595 11
1596 10
1597 7
1598 5
1599 2
1600 3
1601 1
1602 0
1603 3
1604 1
1605 6
1606 6
1607 9
1608 8
1609 8
1610 6
1611 5
1612 4
1613 4
1614 5
1615 5
1616 7
1617 8
1618 8
1619 8
1620 10
1621 10
1622 13
1623 14
1624 16
1625 14
1626 14
1627 12
1628 11
1629 11
1630 9
1631 8
1632 6
1633 5
1634 7
1635 6
1636 7
1637 9
1638 9
1639 10
1640 9
1641 9
1642 8
1643 8
1644 9
1645 11
1646 11
1647 8
1648 6
1649 4
1650 3
1651 2
1652 4
1653 4
1654 8
1655 11
1656 12
1657 14
1658 16
1659 13
1660 16
1661 13
1662 16
1663 13
1664 15
1665 12
1666 15
1667 14
1668 13
1669 12
1670 10
1671 8
1672 5
1673 2
1674 2
1675 1
1676 2
1677 7
1678 9
1679 12
1680 14
1681 12
1682 13
1683 14
1684 13
1685 13
1686 12
1687 10
1688 10
1689 7
1690 11
1691 9
1692 8
1693 7
1694 5
1695 4
1696 4
1697 5
1698 5
1699 6
1700 6
1701 3
1702 1
1703 2
1704 3
1705 3
1706 2
1707 5
1708 3
1709 4
1710 5
1711 5
1712 5
1713 5
1714 6
1715 8
1716 9
1717 11
1718 14
1719 15
1720 12
1721 14
1722 15
1723 12
1724 14
1725 15
1726 12
1727 15
1728 12
1729 13
1730 14
1731 14
1732 14
1733 12
1734 11
1735 9
1736 9
1737 7
1738 7
1739 7
1740 7
1741 5
1742 7
1743 8
1744 10
1745 9
1746 13
1747 11
1748 9
1749 7
1750 5
1751 2
1752 1
1753 1
1754 2
1755 3
1756 3
1757 2
1758 5
1759 6
1760 9
1761 11
1762 12
1763 13
1764 16
1765 13
1766 16
1767 13
1768 16
1769 13
1770 16
1771 14
1772 17
1773 14
1774 14
1775 15
1776 12
1777 12
1778 13
1779 13
1780 12
1781 12
1782 11
1783 8
1784 6
1785 4
1786 1
1787 2
1788 3
1789 5
1790 8
1791 10
1792 9
1793 7
1794 8
1795 7
1796 10
1797 11
1798 11
1799 12
1800 9
1801 9
1802 9
1803 7
1804 7
1805 6
1806 5
1807 3
1808 1
1809 1
1810 5
1811 6
1812 9
1813 9
1814 10
1815 13
1816 15
1817 12
1818 14
1819 15
1820 12
1821 12
1822 12
1823 11
1824 10
1825 9
1826 10
1827 8
1828 7
1829 5
1830 3
1831 2
1832 2
1833 4
1834 3
1835 3
1836 2
1837 3
1838 1
1839 5
1840 6
1841 7
1842 8
1843 10
1844 9
1845 7
1846 4
1847 4
1848 1
1849 2
1850 2
1851 3
1852 5
1853 8
1854 11
1855 12
1856 15
1857 12
1858 15
1859 13
1860 14
1861 12
1862 11
1863 10
1864 13
1865 15
1866 12
1867 12
1868 12
1869 13
1870 12
1871 12
1872 9
1873 6
1874 4
1875 3
1876 1
1877 5
1878 7
1879 9
1880 10
1881 11
1882 13
1883 14
1884 14
1885 15
1886 12
1887 13
1888 13
1889 12
1890 12
1891 12
1892 12
1893 12
1894 16
1895 14
1896 16
1897 13
1898 15
1899 12
1900 14
1901 14
1902 11
1903 12
1904 9
1905 9
1906 6
1907 4
1908 5
1909 6
1910 4
1911 6
1912 9
1913 12
1914 16
1915 13
1916 16
1917 13
1918 16
1919 13
1920 14
1921 14
1922 13
1923 10
1924 7
1925 4
1926 4
1927 4
1928 4
1929 4
1930 3
1931 0
1932 5
1933 6
1934 7
1935 9
1936 11
1937 12
1938 12
1939 12
1940 10
1941 8
1942 7
1943 4
1944 2
1945 0
1946 0
1947 0
1948 2
1949 3
1950 4
1951 8
1952 9
1953 10
1954 13
1955 14
1956 17
1957 14
1958 15
1959 13
1960 15
1961 13
1962 13
1963 15
1964 12
1965 12
1966 12
1967 10
1968 10
1969 10
1970 9
1971 8
1972 6
1973 5
1974 3
1975 1
1976 1
1977 1
1978 3
1979 3
1980 4
1981 6
1982 7
1983 8
1984 9
1985 11
1986 11
1987 12
1988 12
1989 11
1990 12
1991 12
1992 11
1993 11
1994 9
1995 9
1996 7
1997 4
1998 3
1999 2
2000 2
2001 2
2002 3
2003 7
2004 8
2005 12
2006 13
2007 13
2008 12
2009 11
2010 11
2011 10
2012 9
2013 9
2014 10
2015 10
2016 9
2017 9
2018 8
2019 6
2020 3
2021 1
2022 0
2023 1
2024 2
2025 5
2026 7
2027 7
2028 8
2029 8
2030 7
2031 6
2032 4
2033 1
2034 5
2035 7
2036 7
2037 6
2038 6
2039 5
2040 2
2041 3
2042 1
2043 3
2044 3
2045 0
2046 1
2047 2
2048 1
2049 2
2050 4
2051 5
2052 8
2053 9
2054 10
2055 9
2056 8
2057 8
2058 9
2059 7
2060 8
2061 8
2062 8
2063 7
2064 5
2065 5
2066 4
2067 3
2068 4
2069 4
2070 6
2071 9
2072 10
2073 11
2074 10
2075 9
2076 8
2077 8
2078 8
2079 7
2080 6
2081 3
2082 0
2083 2
2084 5
2085 7
2086 10
2087 14
2088 17
2089 14
2090 18
2091 15
2092 12
2093 15
2094 13
2095 15
2096 13
2097 15
2098 12
2099 10
2100 7
2101 5
2102 4
2103 3
2104 6
2105 6
2106 6
2107 7
2108 8
2109 9
2110 9
2111 9
2112 8
2113 7
2114 6
2115 6
2116 5
2117 3
2118 6
2119 3
2120 3
2121 5
2122 7
2123 5
2124 3
2125 4
2126 4
2127 3
2128 2
2129 2
2130 4
2131 7
2132 7
2133 9
2134 9
2135 7
2136 7
2137 4
2138 3
2139 2
2140 3
2141 6
2142 3
2143 4
2144 6
2145 8
2146 10
2147 11
2148 10
2149 10
2150 10
2151 8
2152 7
2153 5
2154 2
2155 1
2156 1
2157 0
2158 3
2159 4
2160 4
2161 4
2162 5
2163 7
2164 9
2165 8
2166 9
2167 9
2168 8
2169 8
2170 5
2171 3
2172 2
2173 3
2174 1
2175 3
2176 5
2177 7
2178 9
2179 10
2180 11
2181 12
2182 12
2183 14
2184 14
2185 15
2186 12
2187 11
2188 11
2189 11
2190 10
2191 7
2192 4
2193 1
2194 2
2195 4
2196 6
2197 6
2198 8
2199 8
2200 6
2201 8
2202 10
2203 10
2204 8
2205 6
2206 3
2207 0
2208 1
2209 1
2210 0
2211 4
2212 7
2213 9
2214 10
2215 10
2216 10
2217 10
2218 10
2219 9
2220 9
2221 7
2222 7
2223 5
2224 6
2225 5
2226 6
2227 6
2228 6
2229 6
2230 6
2231 7
2232 9
2233 12
2234 13
2235 11
2236 9
2237 8
2238 6
2239 4
2240 2
2241 2
2242 2
2243 3
2244 3
2245 4
2246 5
2247 5
2248 2
2249 2
2250 2
2251 4
2252 4
2253 4
2254 2
2255 4
2256 5
2257 5
2258 7
2259 6
2260 9
2261 8
2262 8
2263 6
2264 3
2265 2
2266 2
2267 3
2268 5
2269 4
2270 4
2271 3
2272 3
2273 2
2274 3
2275 3
2276 3
2277 2
2278 4
2279 3
2280 3
2281 1
2282 1
2283 2
2284 3
2285 3
2286 2
2287 5
2288 6
2289 6
2290 5
2291 3
2292 3
2293 1
2294 3
2295 2
2296 3
2297 3
2298 4
2299 4
2300 6
2301 6
2302 7
2303 8
2304 9
2305 7
2306 6
2307 6
2308 6
2309 3
2310 5
2311 6
2312 8
2313 8
2314 7
2315 8
2316 11
2317 13
2318 13
2319 15
2320 12
2321 13
2322 13
2323 10
2324 9
2325 7
2326 5
2327 3
2328 0
2329 3
2330 4
2331 3
2332 3
2333 6
2334 8
2335 11
2336 10
2337 12
2338 12
2339 12
2340 11
2341 8
2342 9
2343 7
2344 4
2345 2
2346 1
2347 6
2348 5
2349 8
2350 10
2351 10
2352 8
2353 9
2354 9
2355 9
2356 8
2357 7
2358 6
2359 3
2360 1
2361 2
2362 3
2363 0
2364 4
2365 5
2366 5
2367 8
2368 12
2369 13
2370 12
2371 13
2372 12
2373 13
2374 11
2375 11
2376 9
2377 8
2378 7
2379 5
2380 6
2381 8
2382 5
2383 4
2384 3
2385 1
2386 4
2387 2
2388 3
2389 3
2390 0
2391 1
2392 2
2393 1
2394 2
2395 2
2396 5
2397 4
2398 5
2399 4
2400 4
2401 4
2402 4
2403 4
2404 7
2405 7
2406 11
2407 13
2408 14
2409 14
2410 14
2411 14
2412 13
2413 11
2414 10
2415 10
2416 10
2417 10
2418 10
2419 8
2420 5
2421 2
2422 4
2423 2
2424 0
2425 1
2426 4
2427 4
2428 6
2429 7
2430 8
2431 9
2432 9
2433 11
2434 10
2435 10
2436 9
2437 8
2438 5
2439 2
2440 1
2441 2
2442 2
2443 4
2444 2
2445 4
2446 4
2447 7
2448 7
2449 9
2450 8
2451 8
2452 12
2453 9
2454 10
2455 7
2456 6
2457 4
2458 1
2459 2
2460 1
2461 4
2462 3
2463 5
2464 5
2465 7
2466 8
2467 11
2468 11
2469 10
2470 10
2471 7
2472 5
2473 4
2474 1
2475 1
2476 4
2477 6
2478 8
2479 7
2480 8
2481 6
2482 4
2483 1
2484 1
2485 5
2486 5
2487 6
2488 7
2489 7
2490 7
2491 6
2492 5
2493 3
2494 0
2495 3
2496 1
2497 1
2498 4
2499 3
2500 0
2501 2
2502 0
2503 2
2504 3
2505 5
2506 5
2507 6
2508 8
2509 8
2510 9
2511 9
2512 9
2513 9
2514 9
2515 7
2516 7
2517 6
2518 6
2519 4
2520 3
2521 0
2522 3
2523 3
2524 4
2525 6
2526 4
2527 6
2528 8
2529 10
2530 8
2531 6
2532 3
2533 3
2534 1
2535 2
2536 3
2537 2
2538 6
2539 11
2540 11
2541 12
2542 11
2543 11
2544 10
2545 9
2546 7
2547 7
2548 5
2549 7
2550 7
2551 7
2552 7
2553 9
2554 10
2555 10
2556 11
2557 12
2558 10
2559 8
2560 5
2561 4
2562 1
2563 3
2564 2
2565 4
2566 4
2567 5
2568 3
2569 2
2570 1
2571 1
2572 3
2573 1
2574 3
2575 3
2576 4
2577 5
2578 6
2579 5
2580 4
2581 4
2582 5
2583 7
2584 11
2585 13
2586 12
2587 11
2588 11
2589 9
2590 8
2591 7
2592 7
2593 5
2594 3
2595 3
2596 3
2597 3
2598 4
2599 2
2600 6
2601 6
2602 9
2603 11
2604 14
2605 15
2606 12
2607 13
2608 16
2609 13
2610 16
2611 13
2612 13
2613 10
2614 11
2615 8
2616 11
2617 9
2618 7
2619 4
2620 2
2621 1
2622 3
2623 4
2624 5
2625 5
2626 5
2627 8
2628 11
2629 14
2630 15
2631 13
2632 12
2633 12
2634 14
2635 13
2636 10
2637 8
2638 7
2639 5
2640 5
2641 2
2642 2
2643 3
2644 3
2645 3
2646 1
2647 4
2648 4
2649 6
2650 5
2651 6
2652 6
2653 6
2654 4
2655 5
2656 5
2657 3
2658 5
2659 3
2660 6
2661 8
2662 10
2663 10
2664 9
2665 7
2666 4
2667 3
2668 5
2669 7
2670 8
2671 9
2672 12
2673 13
2674 13
2675 12
2676 12
2677 11
2678 9
2679 7
2680 4
2681 3
2682 2
2683 2
2684 1
2685 3
2686 4
2687 6
2688 8
2689 10
2690 12
2691 13
2692 14
2693 16
2694 13
2695 16
2696 13
2697 14
2698 11
2699 10
2700 8
2701 7
2702 5
2703 7
2704 5
2705 3
2706 1
2707 4
2708 5
2709 4
2710 3
2711 2
2712 1
2713 6
2714 9
2715 12
2716 15
2717 12
2718 14
2719 17
2720 14
2721 16
2722 13
2723 16
2724 13
2725 16
2726 13
2727 16
2728 13
2729 14
2730 12
2731 9
2732 8
2733 6
2734 4
2735 3
2736 1
2737 2
2738 2
2739 4
2740 4
2741 7
2742 9
2743 7
2744 7
2745 7
2746 7
2747 7
2748 7
2749 8
2750 9
2751 9
2752 9
2753 7
2754 7
2755 4
2756 3
2757 1
2758 3
2759 2
2760 1
2761 4
2762 5
2763 3
2764 3
2765 2
2766 3
2767 5
2768 4
2769 7
2770 11
2771 13
2772 16
2773 13
2774 15
2775 12
2776 15
2777 12
2778 15
2779 12
2780 13
2781 13
2782 13
2783 12
2784 9
2785 6
2786 3
2787 2
2788 3
2789 5
2790 7
2791 5
2792 4
2793 5
2794 6
2795 6
2796 4
2797 5
2798 6
2799 7
2800 9
2801 9
2802 9
2803 10
2804 10
2805 10
2806 11
2807 12
2808 9
2809 11
2810 9
2811 6
2812 6
2813 6
2814 9
2815 10
2816 11
2817 11
2818 12
2819 11
2820 14
2821 13
2822 11
2823 9
2824 7
2825 4
2826 1
2827 3
2828 2
2829 7
2830 5
2831 5
2832 6
2833 8
2834 11
2835 13
2836 11
2837 9
2838 8
2839 6
2840 4
2841 3
2842 2
2843 2
2844 4
2845 3
2846 4
2847 3
2848 5
2849 7
2850 8
2851 7
2852 5
2853 6
2854 3
2855 1
2856 4
2857 4
2858 5
2859 6
2860 5
2861 5
2862 4
2863 5
2864 7
2865 10
2866 12
2867 15
2868 12
2869 15
2870 12
2871 14
2872 14
2873 14
2874 11
2875 9
2876 6
2877 6
2878 5
2879 4
2880 5
2881 5
2882 5
2883 7
2884 10
2885 13
2886 12
2887 11
2888 9
2889 8
2890 6
2891 6
2892 5
2893 5
2894 5
2895 5
2896 5
2897 7
2898 9
2899 11
2900 11
2901 10
2902 10
2903 8
2904 5
2905 3
2906 1
2907 3
2908 1
2909 5
2910 8
2911 8
2912 10
2913 9
2914 10
2915 9
2916 11
2917 12
2918 10
2919 10
2920 10
2921 9
2922 11
2923 11
2924 10
2925 8
2926 6
2927 3
2928 2
2929 3
2930 7
2931 9
2932 12
2933 14
2934 16
2935 13
2936 16
2937 13
2938 15
2939 12
2940 13
2941 10
2942 7
2943 6
2944 4
2945 3
2946 5
2947 5
2948 9
2949 10
2950 13
2951 13
2952 12
2953 10
2954 8
2955 5
2956 5
2957 7
2958 6
2959 6
2960 5
2961 5
2962 7
2963 9
2964 8
2965 6
2966 6
2967 4
2968 4
2969 6
2970 8
2971 10
2972 11
2973 11
2974 12
2975 11
2976 9
2977 8
2978 6
2979 4
2980 5
2981 4
2982 6
2983 5
2984 8
2985 10
2986 12
2987 12
2988 12
2989 15
2990 12
2991 13
2992 15
2993 12
2994 15
2995 12
2996 14
2997 15
2998 12
2999 12
3000 12
3001 11
3002 8
3003 5
3004 2
3005 1
3006 1
3007 2
3008 3
3009 6
3010 8
3011 9
3012 10
3013 9
3014 10
3015 9
3016 12
3017 12
3018 10
3019 8
3020 5
3021 4
3022 2
3023 0
3024 1
3025 2
3026 3
3027 4
3028 4
3029 3
3030 5
3031 6
3032 8
3033 9
3034 8
3035 6
3036 7
3037 10
3038 12
3039 13
3040 13
3041 14
3042 17
3043 14
3044 17
3045 14
3046 13
3047 12
3048 11
3049 8
3050 5
3051 3
3052 3
3053 3
3054 3
3055 2
3056 5
3057 4
3058 5
3059 3
3060 0
3061 4
3062 2
3063 2
3064 4
3065 5
3066 5
3067 2
3068 2
3069 2
3070 6
3071 6
3072 6
3073 7
3074 7
3075 7
3076 8
3077 11
3078 13
3079 14
3080 13
3081 13
3082 12
3083 9
3084 6
3085 6
3086 3
3087 2
3088 3
3089 4
3090 5
3091 7
3092 7
3093 6
3094 6
3095 7
3096 9
3097 6
3098 4
3099 3
3100 0
3101 0
3102 3
3103 0
3104 1
3105 0
3106 3
3107 6
3108 8
3109 7
3110 8
3111 8
3112 7
3113 7
3114 4
3115 4
3116 3
3117 2
3118 4
3119 5
3120 4
3121 5
3122 4
3123 4
3124 3
3125 4
3126 2
3127 4
3128 4
3129 4
3130 3
3131 2
3132 3
3133 0
3134 2
3135 4
3136 6
3137 5
3138 3
3139 4
3140 6
3141 7
3142 7
3143 7
3144 8
3145 5
3146 3
3147 0
3148 0
3149 4
3150 6
3151 8
3152 8
3153 8
3154 6
3155 6
3156 4
3157 3
3158 5
3159 7
3160 7
3161 7
3162 7
3163 10
3164 15
3165 13
3166 16
3167 13
3168 15
3169 12
3170 11
3171 12
3172 10
3173 8
3174 8
3175 5
3176 4
3177 2
3178 1
3179 1
3180 4
3181 7
3182 9
3183 12
3184 14
3185 14
3186 13
3187 11
3188 10
3189 11
3190 10
3191 10
3192 8
3193 7
3194 8
3195 7
3196 9
3197 10
3198 7
3199 7
3200 4
3201 4
3202 2
3203 3
3204 3
3205 2
3206 5
3207 5
3208 6
3209 8
3210 8
3211 8
3212 10
3213 10
3214 12
3215 12
3216 11
3217 9
3218 7
3219 4
3220 4
3221 4
3222 3
3223 5
3224 7
3225 6
3226 8
3227 9
3228 8
3229 8
3230 9
3231 10
3232 10
3233 9
3234 9
3235 9
3236 9
3237 7
3238 7
3239 7
3240 6
3241 6
3242 7
3243 8
3244 7
3245 6
3246 6
3247 5
3248 6
3249 4
3250 2
3251 7
3252 11
3253 12
3254 13
3255 14
3256 14
3257 15
3258 12
3259 12
3260 14
3261 14
3262 15
3263 12
3264 12
3265 13
3266 11
3267 8
3268 7
3269 4
3270 1
3271 1
3272 1
3273 4
3274 6
3275 7
3276 7
3277 8
3278 9
3279 6
3280 7
3281 8
3282 9
3283 10
3284 12
3285 14
3286 15
3287 12
3288 11
3289 10
3290 9
3291 9
3292 9
3293 6
3294 5
3295 2
3296 0
3297 0
3298 2
3299 4
3300 3
3301 3
3302 4
3303 6
3304 8
3305 9
3306 9
3307 10
3308 9
3309 8
3310 9
3311 11
3312 12
3313 11
3314 9
3315 9
3316 9
3317 8
3318 8
3319 6
3320 6
3321 3
3322 1
3323 0
3324 3
3325 3
3326 5
3327 4
3328 6
3329 8
3330 8
3331 10
3332 9
3333 7
3334 5
3335 4
3336 1
3337 2
3338 2
3339 2
3340 4
3341 3
3342 3
3343 4
3344 7
3345 5
3346 4
3347 2
3348 3
3349 3
3350 2
3351 1
3352 2
3353 5
3354 6
3355 8
3356 7
3357 6
3358 5
3359 7
3360 9
3361 8
3362 8
3363 6
3364 6
3365 8
3366 11
3367 12
3368 15
3369 13
3370 15
3371 13
3372 14
3373 15
3374 13
3375 15
3376 12
3377 13
3378 10
3379 9
3380 6
3381 4
3382 4
3383 3
3384 0
3385 3
3386 3
3387 4
3388 5
3389 3
3390 2
3391 1
3392 3
3393 5
3394 4
3395 6
3396 8
3397 11
3398 10
3399 13
3400 14
3401 14
3402 13
3403 11
3404 13
3405 12
3406 12
3407 11
3408 11
3409 10
3410 12
3411 10
3412 10
3413 10
3414 8
3415 8
3416 6
3417 5
3418 3
3419 2
3420 3
3421 2
3422 5
3423 3
3424 4
3425 5
3426 6
3427 9
3428 11
3429 12
3430 13
3431 14
3432 15
3433 12
3434 15
3435 14
3436 15
3437 12
3438 13
3439 13
3440 11
3441 10
3442 8
3443 7
3444 5
3445 6
3446 7
3447 6
3448 5
3449 3
3450 4
3451 1
3452 5
3453 5
3454 7
3455 10
3456 12
3457 13
3458 12
3459 13
3460 14
3461 16
3462 13
3463 12
3464 12
3465 11
3466 9
3467 7
3468 4
3469 3
3470 0
3471 1
3472 2
3473 4
3474 5
3475 4
3476 2
3477 3
3478 5
3479 5
3480 8
3481 11
3482 12
3483 13
3484 14
3485 14
3486 14
3487 14
3488 11
3489 9
3490 7
3491 7
3492 7
3493 7
3494 8
3495 9
3496 9
3497 10
3498 12
3499 12
3500 13
3501 12
3502 11
3503 9
3504 6
3505 6
3506 6
3507 6
3508 5
3509 7
3510 9
3511 10
3512 9
3513 7
3514 6
3515 5
3516 3
3517 0
3518 0
3519 0
3520 2
3521 4
3522 3
3523 4
3524 6
3525 7
3526 6
3527 6
3528 5
3529 3
3530 3
3531 4
3532 4
3533 3
3534 6
3535 8
3536 10
3537 12
3538 14
3539 14
3540 15
3541 12
3542 13
3543 13
3544 11
3545 10
3546 7
3547 9
3548 7
3549 7
3550 4
3551 3
3552 2
3553 2
3554 3
3555 7
3556 9
3557 7
3558 6
3559 6
3560 5
3561 7
3562 7
3563 6
3564 5
3565 4
3566 4
3567 4
3568 2
3569 2
3570 3
3571 3
3572 3
3573 3
3574 3
3575 1
3576 4
3577 4
3578 4
3579 5
3580 5
3581 5
3582 3
3583 4
3584 5
3585 5
3586 4
3587 5
3588 4
3589 5
3590 7
3591 8
3592 7
3593 6
3594 5
3595 7
3596 6
3597 3
3598 3
3599 3
3600 5
3601 6
3602 7
3603 6
3604 7
3605 8
3606 7
3607 8
3608 8
3609 10
3610 10
3611 8
3612 6
3613 6
3614 3
3615 2
3616 1
3617 2
3618 4
3619 5
3620 6
3621 7
3622 8
3623 8
3624 7
3625 8
3626 8
3627 7
3628 7
3629 6
3630 4
3631 3
3632 3
3633 4
3634 4
3635 4
3636 7
3637 8
3638 9
3639 8
3640 8
3641 8
3642 8
3643 8
3644 8
3645 7
3646 7
3647 6
3648 5
3649 2
3650 4
3651 5
3652 3
3653 4
3654 5
3655 7
3656 7
3657 9
3658 9
3659 9
3660 9
3661 9
3662 9
3663 9
3664 6
3665 4
3666 1
3667 0
3668 0
3669 0
3670 4
3671 3
3672 6
3673 5
3674 4
3675 3
3676 6
3677 5
3678 8
3679 7
3680 9
3681 10
3682 12
3683 12
3684 13
3685 14
3686 13
3687 14
3688 12
3689 11
3690 8
3691 6
3692 3
3693 1
3694 1
3695 0
3696 5
3697 6
3698 9
3699 10
3700 11
3701 12
3702 13
3703 14
3704 14
3705 13
3706 14
3707 14
3708 13
3709 14
3710 15
3711 12
3712 11
3713 8
3714 6
3715 5
3716 3
3717 1
3718 1
3719 3
3720 4
3721 5
3722 3
3723 4
3724 5
3725 5
3726 7
3727 7
3728 5
3729 5
3730 6
3731 10
3732 9
3733 8
3734 8
3735 6
3736 5
3737 6
3738 7
3739 7
3740 7
3741 5
3742 4
3743 2
3744 0
3745 0
3746 3
3747 2
3748 3
3749 3
3750 5
3751 5
3752 7
3753 8
3754 11
3755 12
3756 13
3757 15
3758 12
3759 12
3760 12
3761 10
3762 7
3763 6
3764 5
3765 4
3766 7
3767 10
3768 10
3769 11
3770 13
3771 12
3772 13
3773 15
3774 13
3775 14
3776 14
3777 15
3778 13
3779 14
3780 11
3781 9
3782 7
3783 5
3784 2
3785 3
3786 3
3787 4
3788 4
3789 6
3790 6
3791 6
3792 5
3793 2
3794 2
3795 3
3796 3
3797 4
3798 5
3799 6
3800 5
3801 8
3802 7
3803 10
3804 10
3805 9
3806 9
3807 9
3808 6
3809 4
3810 2
3811 1
3812 0
3813 2
3814 4
3815 5
3816 4
3817 4
3818 5
3819 8
3820 10
3821 15
3822 12
3823 13
3824 15
3825 13
3826 14
3827 14
3828 11
3829 9
3830 6
3831 6
3832 6
3833 6
3834 6
3835 7
3836 7
3837 5
3838 5
3839 5
3840 6
3841 10
3842 12
3843 14
3844 15
3845 12
3846 15
3847 12
3848 14
3849 16
3850 13
3851 13
3852 14
3853 14
3854 13
3855 11
3856 8
3857 6
3858 4
3859 1
3860 0
3861 2
3862 0
3863 4
3864 5
3865 8
3866 10
3867 11
3868 11
3869 12
3870 11
3871 9
3872 7
3873 5
3874 3
3875 2
3876 5
3877 4
3878 4
3879 5
3880 6
3881 6
3882 7
3883 9
3884 8
3885 9
3886 10
3887 11
3888 12
3889 13
3890 13
3891 13
3892 12
3893 12
3894 12
3895 11
3896 11
3897 11
3898 10
3899 8
3900 8
3901 8
3902 8
3903 8
3904 8
3905 8
3906 8
3907 10
3908 10
3909 12
3910 13
3911 14
3912 15
3913 12
3914 12
3915 10
3916 8
3917 5
3918 3
3919 0
3920 2
3921 3
3922 5
3923 6
3924 6
3925 7
3926 6
3927 6
3928 5
3929 4
3930 3
3931 4
3932 5
3933 3
3934 4
3935 6
3936 7
3937 9
3938 12
3939 14
3940 17
3941 14
3942 17
3943 15
3944 12
3945 14
3946 16
3947 13
3948 15
3949 12
3950 12
3951 14
3952 12
3953 10
3954 8
3955 7
3956 9
3957 6
3958 5
3959 3
3960 1
3961 3
3962 1
3963 3
3964 5
3965 7
3966 9
3967 11
3968 13
3969 12
3970 9
3971 8
3972 5
3973 3
3974 1
3975 3
3976 6
3977 7
3978 9
3979 9
3980 8
3981 7
3982 6
3983 6
3984 4
3985 4
3986 2
3987 6
3988 8
3989 11
3990 14
3991 16
3992 14
3993 17
3994 14
3995 17
3996 14
3997 17
3998 15
3999 12
4000 15
4001 12
4002 14
4003 14
4004 15
4005 12
4006 12
4007 12
4008 12
4009 12
4010 13
4011 14
4012 14
4013 12
4014 9
4015 6
4016 3
4017 1
4018 1
4019 3
4020 3
4021 4
4022 2
4023 3
4024 3
4025 3
4026 2
4027 3
4028 3
4029 5
4030 2
4031 3
4032 1
4033 4
4034 5
4035 6
4036 5
4037 4
4038 5
4039 4
4040 5
4041 7
4042 9
4043 9
4044 10
4045 13
4046 13
4047 15
4048 12
4049 14
4050 16
4051 13
4052 15
4053 12
4054 14
4055 15
4056 12
4057 12
4058 14
4059 14
4060 15
4061 13
4062 15
4063 12
4064 12
4065 12
4066 10
4067 10
4068 8
4069 7
4070 5
4071 3
4072 0
4073 1
4074 2
4075 3
4076 7
4077 9
4078 11
4079 13
4080 14
4081 15
4082 12
4083 15
4084 12
4085 13
4086 14
4087 13
4088 12
4089 12
4090 10
4091 8
4092 6
4093 4
4094 2
4095 4
4096 5
4097 5
4098 4
4099 3
4100 3
4101 2
4102 5
4103 8
4104 10
4105 10
4106 9
4107 7
4108 5
4109 2
4110 1
4111 2
4112 6
4113 6
4114 9
4115 11
4116 10
4117 11
4118 14
4119 15
4120 13
4121 16
4122 13
4123 11
4124 8
4125 7
4126 5
4127 2
4128 0
4129 0
4130 7
4131 10
4132 13
4133 16
4134 13
4135 16
4136 13
4137 15
4138 12
4139 12
4140 10
4141 7
4142 4
4143 1
4144 1
4145 5
4146 6
4147 7
4148 9
4149 10
4150 13
4151 11
4152 11
4153 11
4154 12
4155 10
4156 9
4157 6
4158 6
4159 3
4160 3
4161 3
4162 6
4163 9
4164 10
4165 13
4166 15
4167 12
4168 14
4169 14
4170 14
4171 12
4172 11
4173 11
4174 9
4175 7
4176 8
4177 6
4178 3
4179 1
4180 3
4181 0
4182 3
4183 2
4184 4
4185 4
4186 6
4187 6
4188 9
4189 9
4190 8
4191 9
4192 9
4193 13
4194 13
4195 13
4196 11
4197 11
4198 9
4199 6
4200 4
4201 2
4202 1
4203 1
4204 3
4205 1
4206 0
4207 3
4208 3
4209 6
4210 8
4211 10
4212 10
4213 10
4214 10
4215 13
4216 11
4217 10
4218 7
4219 6
4220 4
4221 2
4222 4
4223 3
4224 0
4225 2
4226 4
4227 4
4228 3
4229 2
4230 3
4231 3
4232 4
4233 6
4234 7
4235 8
4236 9
4237 11
4238 13
4239 13
4240 13
4241 12
4242 11
4243 10
4244 8
4245 6
4246 5
4247 3
4248 4
4249 3
4250 1
4251 5
4252 8
4253 9
4254 12
4255 12
4256 12
4257 11
4258 10
4259 8
4260 7
4261 7
4262 7
4263 7
4264 4
4265 6
4266 7
4267 7
4268 9
4269 11
4270 13
4271 14
4272 15
4273 12
4274 15
4275 12
4276 15
4277 12
4278 13
4279 16
4280 13
4281 15
4282 12
4283 9
4284 7
4285 6
4286 5
4287 4
4288 3
4289 1
4290 3
4291 3
4292 3
4293 5
4294 5
4295 5
4296 8
4297 7
4298 10
4299 10
4300 13
4301 16
4302 13
4303 14
4304 16
4305 13
4306 14
4307 15
4308 12
4309 13
4310 14
4311 15
4312 12
4313 14
4314 14
4315 14
4316 11
4317 9
4318 8
4319 8
4320 6
4321 4
4322 1
4323 0
4324 1
4325 3
4326 2
4327 5
4328 8
4329 11
4330 12
4331 12
4332 14
4333 14
4334 13
4335 13
4336 13
4337 11
4338 11
4339 11
4340 10
4341 11
4342 11
4343 8
4344 6
4345 5
4346 5
4347 4
4348 1
4349 3
4350 0
4351 2
4352 4
4353 4
4354 3
4355 4
4356 5
4357 5
4358 6
4359 6
4360 5
4361 4
4362 6
4363 6
4364 4
4365 1
4366 2
4367 5
4368 7
4369 8
4370 10
4371 12
4372 12
4373 12
4374 12
4375 13
4376 13
4377 11
4378 9
4379 8
4380 5
4381 2
4382 1
4383 3
4384 4
4385 5
4386 8
4387 10
4388 12
4389 14
4390 13
4391 13
4392 12
4393 15
4394 12
4395 15
4396 12
4397 15
4398 13
4399 16
4400 13
4401 15
4402 12
4403 11
4404 10
4405 7
4406 4
4407 3
4408 2
4409 1
4410 2
4411 5
4412 7
4413 7
4414 6
4415 5
4416 4
4417 3
4418 0
4419 1
4420 2
4421 3
4422 3
4423 2
4424 2
4425 5
4426 6
4427 8
4428 9
4429 11
4430 11
4431 11
4432 9
4433 9
4434 7
4435 5
4436 6
4437 5
4438 6
4439 6
4440 5
4441 4
4442 2
4443 1
4444 2
4445 2
4446 1
4447 2
4448 3
4449 5
4450 6
4451 6
4452 6
4453 8
4454 9
4455 11
4456 12
4457 14
4458 15
4459 12
4460 14
4461 12
4462 12
4463 13
4464 13
4465 14
4466 13
4467 10
4468 8
4469 7
4470 4
4471 1
4472 4
4473 4
4474 4
4475 5
4476 8
4477 10
4478 12
4479 14
4480 14
4481 15
4482 12
4483 12
4484 13
4485 14
4486 14
4487 14
4488 15
4489 12
4490 11
4491 11
4492 11
4493 11
4494 10
4495 10
4496 10
4497 8
4498 5
4499 5
4500 2
4501 1
4502 0
4503 4
4504 3
4505 5
4506 7
4507 8
4508 10
4509 10
4510 11
4511 10
4512 9
4513 9
4514 8
4515 6
4516 3
4517 1
4518 3
4519 2
4520 6
4521 8
4522 8
4523 9
4524 8
4525 8
4526 9
4527 7
4528 6
4529 4
4530 2
4531 4
4532 4
4533 3
4534 2
4535 2
4536 2
4537 3
4538 2
4539 4
4540 4
4541 6
4542 6
4543 6
4544 4
4545 2
4546 2
4547 3
4548 2
4549 4
4550 3
4551 3
4552 6
4553 9
4554 10
4555 11
4556 12
4557 13
4558 11
4559 8
4560 5
4561 4
4562 4
4563 2
4564 3
4565 0
4566 2
4567 1
4568 4
4569 7
4570 10
4571 9
4572 10
4573 12
4574 14
4575 15
4576 12
4577 15
4578 12
4579 12
4580 12
4581 13
4582 13
4583 11
4584 8
4585 7
4586 5
4587 6
4588 4
4589 5
4590 6
4591 5
4592 4
4593 7
4594 8
4595 9
4596 12
4597 13
4598 12
4599 12
4600 12
4601 11
4602 8
4603 6
4604 4
4605 1
4606 3
4607 4
4608 4
4609 4
4610 4
4611 5
4612 5
4613 5
4614 4
4615 4
4616 4
4617 4
4618 5
4619 9
4620 11
4621 14
4622 16
4623 13
4624 15
4625 13
4626 12
4627 11
4628 11
4629 9
4630 8
4631 6
4632 3
4633 1
4634 3
4635 4
4636 3
4637 1
4638 3
4639 5
4640 5
4641 5
4642 3
4643 6
4644 7
4645 6
4646 7
4647 5
4648 4
4649 6
4650 5
4651 4
4652 5
4653 5
4654 4
4655 7
4656 8
4657 10
4658 11
4659 12
4660 14
4661 12
4662 14
4663 12
4664 12
4665 11
4666 9
4667 8
4668 8
4669 9
4670 8
4671 7
4672 6
4673 5
4674 3
4675 2
4676 3
4677 3
4678 3
4679 2
4680 6
4681 7
4682 9
4683 10
4684 11
4685 12
4686 14
4687 16
4688 13
4689 15
4690 12
4691 12
4692 12
4693 10
4694 8
4695 12
4696 10
4697 7
4698 6
4699 3
4700 6
4701 5
4702 3
4703 4
4704 2
4705 2
4706 1
4707 5
4708 6
4709 7
4710 5
4711 5
4712 6
4713 6
4714 8
4715 9
4716 9
4717 9
4718 8
4719 6
4720 6
4721 3
4722 1
4723 3
4724 1
4725 2
4726 3
4727 3
4728 3
4729 3
4730 2
4731 3
4732 3
4733 3
4734 3
4735 3
4736 3
4737 6
4738 6
4739 11
4740 13
4741 15
4742 12
4743 15
4744 12
4745 15
4746 13
4747 15
4748 12
4749 13
4750 13
4751 11
4752 10
4753 7
4754 4
4755 3
4756 2
4757 4
4758 4
4759 8
4760 11
4761 14
4762 14
4763 15
4764 12
4765 12
4766 13
4767 12
4768 11
4769 11
4770 11
4771 11
4772 10
4773 9
4774 9
4775 9
4776 10
4777 10
4778 9
4779 11
4780 11
4781 10
4782 7
4783 7
4784 5
4785 2
4786 2
4787 6
4788 6
4789 6
4790 8
4791 9
4792 10
4793 10
4794 11
4795 11
4796 11
4797 10
4798 12
4799 13
4800 13
4801 12
4802 12
4803 12
4804 11
4805 9
4806 7
4807 4
4808 1
4809 2
4810 3
4811 2
4812 2
4813 4
4814 4
4815 5
4816 3
4817 2
4818 4
4819 5
4820 5
4821 5
4822 7
4823 6
4824 6
4825 7
4826 6
4827 8
4828 9
4829 11
4830 12
4831 13
4832 13
4833 14
4834 15
4835 12
4836 12
4837 13
4838 13
4839 14
4840 13
4841 12
4842 9
4843 8
4844 5
4845 2
4846 3
4847 2
4848 2
4849 4
4850 4
4851 5
4852 2
4853 3
4854 2
4855 1
4856 3
4857 2
4858 6
4859 7
4860 9
4861 10
4862 10
4863 9
4864 6
4865 6
4866 5
4867 3
4868 5
4869 6
4870 5
4871 4
4872 4
4873 7
4874 7
4875 5
4876 3
4877 0
4878 3
4879 1
4880 4
4881 6
4882 8
4883 11
4884 13
4885 12
4886 12
4887 13
4888 14
4889 14
4890 12
4891 11
4892 9
4893 8
4894 6
4895 3
4896 2
4897 2
4898 7
4899 8
4900 6
4901 5
4902 2
4903 2
4904 5
4905 7
4906 8
4907 11
4908 14
4909 13
4910 13
4911 12
4912 10
4913 9
4914 7
4915 5
4916 4
4917 4
4918 3
4919 6
4920 7
4921 8
4922 10
4923 12
4924 12
4925 14
4926 14
4927 14
4928 11
4929 11
4930 8
4931 6
4932 4
4933 5
4934 4
4935 4
4936 3
4937 2
4938 1
4939 2
4940 2
4941 4
4942 5
4943 8
4944 9
4945 10
4946 12
4947 13
4948 14
4949 15
4950 13
4951 14
4952 15
4953 12
4954 14
4955 12
4956 9
4957 8
4958 8
4959 7
4960 6
4961 7
4962 6
4963 7
4964 8
4965 8
4966 9
4967 10
4968 9
4969 8
4970 7
4971 7
4972 6
4973 3
4974 1
4975 3
4976 3
4977 4
4978 4
4979 5
4980 7
4981 8
4982 10
4983 9
4984 7
4985 4
4986 1
4987 2
4988 3
4989 3
4990 6
4991 10
4992 12
4993 13
4994 15
4995 12
4996 15
4997 12
4998 13
4999 13
5000 13
5001 12
5002 12
5003 12
5004 11
5005 11
5006 10
5007 7
5008 4
5009 1
5010 0
5011 2
5012 1
5013 3
5014 5
5015 10
5016 10
5017 10
5018 10
5019 8
5020 5
5021 5
5022 4
5023 4
5024 3
5025 5
5026 4
5027 4
5028 3
5029 1
5030 0
5031 1
5032 6
5033 5
5034 4
5035 5
5036 5
5037 6
5038 7
5039 7
5040 9
5041 11
5042 14
5043 15
5044 12
5045 12
5046 10
5047 9
5048 7
5049 5
5050 3
5051 2
5052 5
5053 6
5054 6
5055 6
5056 9
5057 9
5058 10
5059 7
5060 6
5061 5
5062 6
5063 8
5064 9
5065 9
5066 10
5067 11
5068 12
5069 13
5070 14
5071 13
5072 14
5073 12
5074 10
5075 9
5076 7
5077 6
5078 8
5079 7
5080 6
5081 7
5082 8
5083 8
5084 8
5085 7
5086 9
5087 9
5088 7
5089 7
5090 6
5091 4
5092 4
5093 3
5094 0
5095 4
5096 7
5097 9
5098 9
5099 10
5100 11
5101 9
5102 7
5103 5
5104 3
5105 1
5106 2
5107 4
5108 6
5109 6
5110 4
5111 5
5112 5
5113 7
5114 8
5115 10
5116 10
5117 8
5118 6
5119 5
5120 4
5121 6
5122 7
5123 6
5124 7
5125 7
5126 6
5127 6
5128 6
5129 5
5130 5
5131 4
5132 3
5133 4
5134 5
5135 6
5136 7
5137 9
5138 11
5139 13
5140 15
5141 13
5142 16
5143 13
5144 16
5145 13
5146 16
5147 13
5148 16
5149 14
5150 17
5151 14
5152 17
5153 14
5154 16
5155 13
5156 16
5157 13
5158 16
5159 13
5160 16
5161 13
5162 16
5163 13
5164 15
5165 12
5166 13
5167 13
5168 13
5169 13
5170 14
5171 12
5172 9
5173 7
5174 4
5175 3
5176 3
5177 3
5178 3
5179 5
5180 6
5181 7
5182 9
5183 11
5184 12
5185 11
5186 11
5187 12
5188 12
5189 11
5190 9
5191 7
5192 4
5193 1
5194 1
5195 3
5196 2
5197 4
5198 6
5199 5
5200 8
5201 8
5202 7
5203 4
5204 1
5205 2
5206 2
5207 2
5208 4
5209 5
5210 7
5211 9
5212 7
5213 6
5214 4
5215 6
5216 8
5217 10
5218 10
5219 12
5220 11
5221 10
5222 9
5223 7
5224 6
5225 4
5226 2
5227 3
5228 6
5229 7
5230 9
5231 13
5232 13
5233 13
5234 11
5235 11
5236 9
5237 8
5238 7
5239 4
5240 3
5241 2
5242 4
5243 5
5244 9
5245 11
5246 12
5247 11
5248 9
5249 10
5250 8
5251 5
5252 5
5253 2
5254 0
5255 0
5256 1
5257 1
5258 4
5259 1
5260 1
5261 2
5262 3
5263 4
5264 2
5265 2
5266 1
5267 0
5268 3
5269 3
5270 4
5271 6
5272 9
5273 11
5274 10
5275 13
5276 15
5277 13
5278 14
5279 14
5280 14
5281 14
5282 12
5283 9
5284 9
5285 7
5286 6
5287 6
5288 5
5289 7
5290 9
5291 8
5292 11
5293 11
5294 11
5295 12
5296 10
5297 8
5298 5
5299 3
5300 2
5301 2
5302 1
5303 5
5304 7
5305 9
5306 8
5307 9
5308 10
5309 9
5310 6
5311 4
5312 1
5313 1
5314 2
5315 0
5316 1
5317 0
5318 2
5319 3
5320 4
5321 4
5322 4
5323 6
5324 6
5325 5
5326 4
5327 6
5328 4
5329 1
5330 2
5331 1
5332 4
5333 4
5334 5
5335 8
5336 9
5337 12
5338 13
5339 15
5340 12
5341 13
5342 13
5343 12
5344 11
5345 8
5346 6
5347 4
5348 2
5349 2
5350 3
5351 1
5352 4
5353 4
5354 2
5355 3
5356 4
5357 3
5358 1
5359 4
5360 5
5361 6
5362 8
5363 8
5364 7
5365 5
5366 6
5367 5
5368 4
5369 3
5370 1
5371 1
5372 2
5373 1
5374 1
5375 1
5376 4
5377 4
5378 2
5379 3
5380 0
5381 3
5382 5
5383 4
5384 5
5385 2
5386 3
5387 2
5388 2
5389 1
5390 1
5391 2
5392 5
5393 3
5394 4
5395 4
5396 3
5397 2
5398 6
5399 5
5400 8
5401 10
5402 11
5403 13
5404 14
5405 15
5406 12
5407 13
5408 13
5409 16
5410 13
5411 15
5412 12
5413 11
5414 12
5415 13
5416 12
5417 9
5418 6
5419 4
5420 1
5421 1
5422 0
5423 4
5424 3
5425 5
5426 7
5427 8
5428 10
5429 12
5430 14
5431 16
5432 13
5433 16
5434 13
5435 12
5436 9
5437 6
5438 3
5439 3
5440 3
5441 1
5442 4
5443 2
5444 4
5445 3
5446 5
5447 6
5448 6
5449 5
5450 3
5451 6
5452 6
5453 7
5454 5
5455 4
5456 3
5457 2
5458 4
5459 5
5460 7
5461 8
5462 9
5463 9
5464 10
5465 10
5466 9
5467 6
5468 5
5469 3
5470 6
5471 7
5472 7
5473 9
5474 10
5475 8
5476 5
5477 5
5478 3
5479 2
5480 4
5481 4
5482 4
5483 5
5484 3
5485 2
5486 2
5487 4
5488 7
5489 6
5490 4
5491 3
5492 3
5493 7
5494 10
5495 11
5496 12
5497 12
5498 10
5499 7
5500 6
5501 4
5502 1
5503 3
5504 3
5505 5
5506 6
5507 6
5508 5
5509 5
5510 4
5511 4
5512 5
5513 4
5514 3
5515 0
5516 2
5517 3
5518 4
5519 4
5520 2
5521 5
5522 4
5523 7
5524 8
5525 5
5526 3
5527 1
5528 1
5529 5
5530 4
5531 5
5532 5
5533 7
5534 8
5535 11
5536 15
5537 12
5538 15
5539 13
5540 16
5541 13
5542 16
5543 13
5544 16
5545 13
5546 15
5547 12
5548 15
5549 12
5550 15
5551 12
5552 13
5553 14
5554 12
5555 9
5556 7
5557 4
5558 3
5559 1
5560 3
5561 5
5562 2
5563 4
5564 4
5565 2
5566 0
5567 2
5568 2
5569 2
5570 2
5571 5
5572 4
5573 6
5574 8
5575 7
5576 5
5577 7
5578 4
5579 4
5580 4
5581 6
5582 7
5583 5
5584 7
5585 9
5586 11
5587 12
5588 15
5589 12
5590 12
5591 13
5592 12
5593 10
5594 10
5595 9
5596 7
5597 8
5598 7
5599 6
5600 5
5601 3
5602 0
5603 2
5604 5
5605 6
5606 6
5607 9
5608 12
5609 11
5610 12
5611 13
5612 16
5613 13
5614 16
5615 13
5616 16
5617 13
5618 13
5619 13
5620 14
5621 13
5622 15
5623 14
5624 14
5625 13
5626 10
5627 9
5628 7
5629 6
5630 8
5631 6
5632 6
5633 6
5634 10
5635 10
5636 10
5637 10
5638 10
5639 9
5640 10
5641 9
5642 7
5643 6
5644 5
5645 2
5646 2
5647 2
5648 7
5649 8
5650 12
5651 12
5652 12
5653 10
5654 8
5655 5
5656 6
5657 5
5658 3
5659 4
5660 2
5661 2
5662 2
5663 4
5664 6
5665 8
5666 8
5667 7
5668 10
5669 11
5670 13
5671 16
5672 13
5673 16
5674 13
5675 14
5676 14
5677 14
5678 12
5679 9
5680 7
5681 5
5682 3
5683 3
5684 1
5685 4
5686 2
5687 3
5688 2
5689 3
5690 3
5691 2
5692 6
5693 7
5694 10
5695 10
5696 10
5697 9
5698 10
5699 10
5700 8
5701 8
5702 7
5703 5
5704 3
5705 2
5706 4
5707 4
5708 5
5709 5
5710 6
5711 7
5712 7
5713 8
5714 7
5715 6
5716 4
5717 4
5718 3
5719 1
5720 4
5721 3
5722 5
5723 5
5724 5
5725 6
5726 8
5727 9
5728 11
5729 12
5730 12
5731 11
5732 12
5733 12
5734 12
5735 15
5736 12
5737 12
5738 12
5739 11
5740 9
5741 7
5742 6
5743 4
5744 3
5745 1
5746 0
5747 1
5748 4
5749 4
5750 4
5751 8
5752 8
5753 8
5754 9
5755 10
5756 12
5757 14
5758 15
5759 12
5760 13
5761 10
5762 8
5763 6
5764 3
5765 0
5766 0
5767 3
5768 2
5769 4
5770 4
5771 4
5772 3
5773 1
5774 1
5775 3
5776 3
5777 2
5778 3
5779 3
5780 6
5781 5
5782 8
5783 9
5784 11
5785 12
5786 11
5787 14
5788 14
5789 12
5790 12
5791 13
5792 13
5793 12
5794 9
5795 7
5796 4
5797 1
5798 2
5799 3
5800 1
5801 1
5802 3
5803 4
5804 2
5805 2
5806 4
5807 2
5808 3
5809 2
5810 0
5811 3
5812 5
5813 2
5814 4
5815 4
5816 4
5817 3
5818 5
5819 5
5820 3
5821 4
5822 6
5823 10
5824 10
5825 9
5826 9
5827 9
5828 9
5829 9
5830 7
5831 4
5832 3
5833 2
5834 4
5835 4
5836 6
5837 8
5838 7
5839 4
5840 3
5841 0
5842 2
5843 2
5844 3
5845 1
5846 4
5847 3
5848 2
5849 3
5850 2
5851 4
5852 1
5853 4
5854 7
5855 6
5856 8
5857 9
5858 10
5859 11
5860 10
5861 8
5862 7
5863 4
5864 2
5865 1
5866 5
5867 4
5868 3
5869 3
5870 4
5871 3
5872 1
5873 1
5874 3
5875 4
5876 6
5877 7
5878 7
5879 10
5880 10
5881 8
5882 9
5883 9
5884 7
5885 6
5886 7
5887 8
5888 10
5889 13
5890 13
5891 12
5892 11
5893 10
5894 9
5895 9
5896 8
5897 7
5898 6
5899 7
5900 6
5901 3
5902 2
5903 3
5904 4
5905 3
5906 3
5907 1
5908 1
5909 0
5910 0
5911 3
5912 7
5913 6
5914 5
5915 5
5916 6
5917 4
5918 2
5919 2
5920 1
5921 6
5922 4
5923 5
5924 4
5925 7
5926 7
5927 9
5928 10
5929 11
5930 13
5931 13
5932 14
5933 16
5934 13
5935 13
5936 11
5937 11
5938 9
5939 8
5940 7
5941 7
5942 6
5943 5
5944 8
5945 9
5946 11
5947 12
5948 14
5949 14
5950 15
5951 12
5952 14
5953 12
5954 10
5955 8
5956 6
5957 7
5958 4
5959 3
5960 4
5961 4
5962 6
5963 8
5964 9
5965 9
5966 10
5967 10
5968 7
5969 4
5970 2
5971 2
5972 0
5973 1
5974 2
5975 1
5976 4
5977 5
5978 7
5979 9
5980 9
5981 10
5982 14
5983 15
5984 12
5985 13
5986 15
5987 13
5988 15
5989 12
5990 12
5991 13
5992 14
5993 15
5994 12
5995 14
5996 13
5997 13
5998 12
5999 11
6000 9
6001 7
6002 8
6003 8
6004 5
6005 3
6006 2
6007 3
6008 4
6009 5
6010 6
6011 9
6012 10
6013 8
6014 9
6015 8
6016 9
6017 6
6018 6
6019 6
6020 5
6021 5
6022 5
6023 6
6024 7
6025 7
6026 10
6027 11
6028 11
6029 11
6030 9
6031 6
6032 6
6033 5
6034 5
6035 4
6036 3
6037 4
6038 6
6039 8
6040 9
6041 12
6042 13
6043 15
6044 12
6045 14
6046 14
6047 13
6048 13
6049 12
6050 9
6051 7
6052 6
6053 3
6054 3
6055 6
6056 7
6057 7
6058 5
6059 3
6060 0
6061 1
6062 1
6063 1
6064 1
6065 4
6066 7
6067 6
6068 8
6069 9
6070 9
6071 10
6072 9
6073 8
6074 7
6075 6
6076 3
6077 2
6078 1
6079 3
6080 6
6081 7
6082 9
6083 12
6084 12
6085 13
6086 13
6087 13
6088 11
6089 11
6090 9
6091 6
6092 3
6093 1
6094 2
6095 4
6096 5
6097 5
6098 5
6099 7
6100 9
6101 8
6102 10
6103 8
6104 6
6105 6
6106 7
6107 5
6108 3
6109 2
6110 2
6111 5
6112 5
6113 5
6114 4
6115 5
6116 8
6117 11
6118 12
6119 14
6120 15
6121 12
6122 14
6123 15
6124 12
6125 15
6126 13
6127 13
6128 11
6129 9
6130 7
6131 7
6132 4
6133 1
6134 1
6135 3
6136 2
6137 1
6138 2
6139 0
6140 2
6141 0
6142 1
6143 3
6144 6
6145 8
6146 12
6147 15
6148 12
6149 15
6150 13
6151 15
6152 12
6153 15
6154 12
6155 14
6156 16
6157 14
6158 15
6159 12
6160 14
6161 11
6162 10
6163 8
6164 7
6165 5
6166 2
6167 1
6168 3
6169 3
6170 5
6171 5
6172 6
6173 8
6174 8
6175 6
6176 7
6177 7
6178 6
6179 7
6180 7
6181 6
6182 4
6183 1
6184 3
6185 1
6186 3
6187 2
6188 5
6189 5
6190 8
6191 7
6192 10
6193 9
6194 10
6195 11
6196 10
6197 12
6198 12
6199 14
6200 13
6201 11
6202 9
6203 6
6204 4
6205 1
6206 2
6207 4
6208 3
6209 2
6210 5
6211 7
6212 8
6213 10
6214 12
6215 14
6216 16
6217 14
6218 15
6219 12
6220 11
6221 12
6222 10
6223 7
6224 4
6225 2
6226 1
6227 1
6228 1
6229 3
6230 1
6231 6
6232 8
6233 11
6234 11
6235 11
6236 9
6237 9
6238 7
6239 7
6240 5
6241 3
6242 3
6243 3
6244 2
6245 2
6246 3
6247 6
6248 9
6249 11
6250 12
6251 11
6252 13
6253 13
6254 12
6255 12
6256 11
6257 10
6258 10
6259 9
6260 8
6261 6
6262 4
6263 1
6264 0
6265 2
6266 4
6267 4
6268 4
6269 5
6270 5
6271 8
6272 9
6273 7
6274 4
6275 3
6276 2
6277 1
6278 3
6279 3
6280 1
6281 0
6282 5
6283 6
6284 5
6285 6
6286 5
6287 3
6288 3
6289 4
6290 3
6291 0
6292 0
6293 2
6294 0
6295 2
6296 3
6297 1
6298 4
6299 5
6300 6
6301 8
6302 6
6303 6
6304 3
6305 0
6306 4
6307 2
6308 3
6309 4
6310 6
6311 6
6312 5
6313 6
6314 5
6315 5
6316 3
6317 1
6318 1
6319 2
6320 1
6321 1
6322 1
6323 2
6324 5
6325 6
6326 8
6327 9
6328 10
6329 10
6330 11
6331 9
6332 7
6333 6
6334 3
6335 0
6336 1
6337 3
6338 4
6339 5
6340 7
6341 8
6342 9
6343 12
6344 14
6345 13
6346 11
6347 10
6348 9
6349 7
6350 7
6351 6
6352 4
6353 2
6354 1
6355 3
6356 2
6357 4
6358 6
6359 9
6360 8
6361 7
6362 7
6363 8
6364 10
6365 10
6366 11
6367 10
6368 10
6369 9
6370 7
6371 4
6372 6
6373 6
6374 7
6375 9
6376 11
6377 11
6378 11
6379 12
6380 13
6381 15
6382 12
6383 14
6384 14
6385 13
6386 11
6387 9
6388 6
6389 5
6390 2
6391 4
6392 4
6393 7
6394 8
6395 9
6396 11
6397 9
6398 11
6399 9
6400 8
6401 9
6402 8
6403 9
6404 8
6405 6
6406 5
6407 3
6408 3
6409 3
6410 1
6411 3
6412 2
6413 5
6414 8
6415 8
6416 8
6417 10
6418 12
6419 12
6420 10
6421 12
6422 9
6423 8
6424 7
6425 6
6426 6
6427 5
6428 6
6429 7
6430 7
6431 10
6432 12
6433 11
6434 10
6435 8
6436 7
6437 5
6438 3
6439 0
6440 1
6441 3
6442 1
6443 0
6444 3
6445 2
6446 4
6447 6
6448 7
6449 7
6450 4
6451 3
6452 2
6453 0
6454 1
6455 1
6456 3
6457 5
6458 6
6459 4
6460 1
6461 3
6462 3
6463 4
6464 2
6465 5
6466 7
6467 7
6468 7
6469 10
6470 10
6471 11
6472 12
6473 11
6474 9
6475 9
6476 8
6477 8
6478 6
6479 3
6480 2
6481 3
6482 5
6483 8
6484 6
6485 7
6486 7
6487 8
6488 8
6489 11
6490 11
6491 12
6492 10
6493 9
6494 8
6495 7
6496 6
6497 5
6498 4
6499 3
6500 3
6501 4
6502 7
6503 7
6504 7
6505 8
6506 10
6507 10
6508 8
6509 6
6510 6
6511 4
6512 2
6513 2
6514 4
6515 6
6516 8
6517 7
6518 6
6519 4
6520 4
6521 3
6522 0
6523 1
6524 0
6525 3
6526 3
6527 4
6528 4
6529 4
6530 4
6531 4
6532 9
6533 11
6534 14
6535 15
6536 13
6537 15
6538 13
6539 13
6540 12
6541 11
6542 9
6543 6
6544 4
6545 1
6546 1
6547 1
6548 1
6549 2
6550 0
6551 1
6552 4
6553 7
6554 9
6555 8
6556 8
6557 7
6558 4
6559 2
6560 1
6561 0
6562 3
6563 1
6564 4
6565 4
6566 7
6567 10
6568 11
6569 13
6570 15
6571 13
6572 15
6573 12
6574 14
6575 15
6576 13
6577 14
6578 15
6579 12
6580 12
6581 12
6582 10
6583 9
6584 6
6585 5
6586 6
6587 4
6588 2
6589 1
6590 5
6591 6
6592 9
6593 9
6594 8
6595 9
6596 11
6597 11
6598 12
6599 12
6600 12
6601 16
6602 14
6603 14
6604 13
6605 13
6606 11
6607 9
6608 6
6609 4
6610 2
6611 2
6612 4
6613 5
6614 6
6615 7
6616 8
6617 9
6618 12
6619 15
6620 12
6621 15
6622 12
6623 15
6624 12
6625 15
6626 12
6627 15
6628 12
6629 12
6630 11
6631 11
6632 12
6633 13
6634 13
6635 12
6636 12
6637 9
6638 9
6639 7
6640 7
6641 5
6642 2
6643 2
6644 1
6645 4
6646 4
6647 5
6648 6
6649 7
6650 8
6651 9
6652 11
6653 13
6654 14
6655 14
6656 16
6657 13
6658 16
6659 13
6660 15
6661 12
6662 11
6663 11
6664 12
6665 12
6666 13
6667 11
6668 10
6669 8
6670 5
6671 2
6672 0
6673 3
6674 3
6675 3
6676 6
6677 8
6678 10
6679 12
6680 11
6681 10
6682 10
6683 8
6684 7
6685 4
6686 1
6687 3
6688 4
6689 3
6690 5
6691 6
6692 9
6693 11
6694 11
6695 9
6696 7
6697 7
6698 7
6699 6
6700 7
6701 9
6702 10
6703 12
6704 12
6705 13
6706 13
6707 12
6708 12
6709 14
6710 12
6711 10
6712 9
6713 7
6714 4
6715 2
6716 2
6717 5
6718 4
6719 5
6720 6
6721 7
6722 8
6723 5
6724 5
6725 3
6726 1
6727 3
6728 3
6729 6
6730 8
6731 11
6732 14
6733 15
6734 12
6735 13
6736 12
6737 11
6738 9
6739 7
6740 5
6741 3
6742 0
6743 1
6744 4
6745 2
6746 5
6747 4
6748 2
6749 5
6750 5
6751 5
6752 6
6753 5
6754 6
6755 7
6756 10
6757 12
6758 13
6759 12
6760 12
6761 13
6762 12
6763 12
6764 13
6765 14
6766 13
6767 12
6768 12
6769 11
6770 8
6771 6
6772 4
6773 3
6774 1
6775 3
6776 5
6777 7
6778 7
6779 5
6780 3
6781 2
6782 1
6783 1
6784 6
6785 5
6786 6
6787 8
6788 9
6789 8
6790 6
6791 6
6792 9
6793 10
6794 9
6795 12
6796 14
6797 16
6798 13
6799 14
6800 14
6801 16
6802 13
6803 15
6804 12
6805 15
6806 14
6807 14
6808 13
6809 12
6810 9
6811 8
6812 7
6813 8
6814 7
6815 7
6816 7
6817 9
6818 7
6819 7
6820 7
6821 4
6822 1
6823 0
6824 1
6825 1
6826 1
6827 1
6828 3
6829 5
6830 8
6831 9
6832 10
6833 10
6834 7
6835 5
6836 5
6837 5
6838 4
6839 3
6840 4
6841 6
6842 5
6843 8
6844 10
6845 11
6846 12
6847 12
6848 13
6849 16
6850 13
6851 15
6852 12
6853 14
6854 14
6855 12
6856 9
6857 6
6858 4
6859 1
6860 3
6861 5
6862 3
6863 3
6864 4
6865 4
6866 4
6867 5
6868 5
6869 2
6870 3
6871 3
6872 1
6873 2
6874 3
6875 3
6876 5
6877 7
6878 9
6879 11
6880 13
6881 16
6882 13
6883 16
6884 13
6885 16
6886 13
6887 14
6888 14
6889 12
6890 10
6891 7
6892 5
6893 3
6894 0
6895 1
6896 3
6897 4
6898 5
6899 6
6900 7
6901 5
6902 4
6903 2
6904 3
6905 3
6906 5
6907 7
6908 9
6909 12
6910 13
6911 15
6912 13
6913 15
6914 12
6915 12
6916 13
6917 12
6918 10
6919 11
6920 10
6921 9
6922 6
6923 4
6924 4
6925 5
6926 7
6927 8
6928 11
6929 12
6930 15
6931 12
6932 12
6933 13
6934 13
6935 13
6936 13
6937 12
6938 10
6939 8
6940 6
6941 5
6942 4
6943 2
6944 3
6945 4
6946 3
6947 4
6948 8
6949 9
6950 11
6951 14
6952 16
6953 13
6954 13
6955 14
6956 14
6957 15
6958 13
6959 15
6960 13
6961 13
6962 14
6963 14
6964 13
6965 12
6966 10
6967 8
6968 5
6969 2
6970 0
6971 4
6972 4
6973 4
6974 5
6975 5
6976 3
6977 4
6978 4
6979 3
6980 6
6981 8
6982 7
6983 6
6984 6
6985 7
6986 5
6987 3
6988 2
6989 2
6990 1
6991 0
6992 4
6993 4
6994 6
6995 3
6996 3
6997 6
6998 8
6999 11
7000 11
7001 14
7002 15
7003 12
7004 13
7005 12
7006 12
7007 13
7008 10
7009 8
7010 5
7011 2
7012 2
7013 1
7014 3
7015 3
7016 2
7017 4
7018 3
7019 3
7020 5
7021 10
7022 10
7023 10
7024 10
7025 11
7026 11
7027 9
7028 9
7029 10
7030 10
7031 11
7032 10
7033 9
7034 7
7035 7
7036 5
7037 8
7038 7
7039 8
7040 7
7041 8
7042 8
7043 7
7044 7
7045 7
7046 8
7047 6
7048 6
7049 4
7050 6
7051 6
7052 5
7053 4
7054 2
7055 1
7056 4
7057 2
7058 4
7059 2
7060 0
7061 1
7062 0
7063 2
7064 2
7065 1
7066 2
7067 1
7068 2
7069 2
7070 0
7071 2
7072 3
7073 5
7074 7
7075 8
7076 7
7077 10
7078 11
7079 10
7080 7
7081 8
7082 5
7083 4
7084 4
7085 3
7086 2
7087 5
7088 4
7089 5
7090 3
7091 3
7092 6
7093 6
7094 7
7095 9
7096 11
7097 11
7098 15
7099 12
7100 14
7101 14
7102 13
7103 13
7104 10
7105 9
7106 8
7107 9
7108 9
7109 11
7110 10
7111 7
7112 4
7113 1
7114 3
7115 2
7116 0
7117 3
7118 5
7119 7
7120 9
7121 10
7122 10
7123 11
7124 12
7125 10
7126 9
7127 8
7128 6
7129 7
7130 5
7131 3
7132 0
7133 1
7134 4
7135 4
7136 4
7137 5
7138 6
7139 7
7140 8
7141 11
7142 13
7143 15
7144 12
7145 15
7146 12
7147 14
7148 16
7149 13
7150 13
7151 13
7152 11
7153 11
7154 9
7155 8
7156 8
7157 9
7158 8
7159 7
7160 5
7161 4
7162 4
7163 3
7164 4
7165 3
7166 1
7167 0
7168 3
7169 2
7170 3
7171 5
7172 6
7173 4
7174 1
7175 0
7176 2
7177 3
7178 1
7179 5
7180 4
7181 6
7182 5
7183 7
7184 7
7185 6
7186 7
7187 5
7188 6
7189 5
7190 6
7191 3
7192 3
7193 6
7194 7
7195 10
7196 12
7197 11
7198 10
7199 11
7200 11
7201 9
7202 7
7203 4
7204 1
7205 1
7206 2
7207 4
7208 4
7209 1
7210 2
7211 4
7212 5
7213 6
7214 5
7215 7
7216 7
7217 6
7218 4
7219 3
7220 3
7221 3
7222 3
7223 3
7224 4
7225 6
7226 8
7227 8
7228 11
7229 11
7230 12
7231 12
7232 11
7233 8
7234 6
7235 5
7236 6
7237 7
7238 6
7239 5
7240 6
7241 5
7242 4
7243 2
7244 2
7245 3
7246 3
7247 4
7248 5
7249 5
7250 4
7251 4
7252 4
7253 5
7254 5
7255 5
7256 4
7257 4
7258 4
7259 2
7260 6
7261 7
7262 6
7263 5
7264 4
7265 5
7266 3
7267 3
7268 3
7269 4
7270 3
7271 4
7272 6
7273 5
7274 6
7275 5
7276 4
7277 3
7278 1
7279 5
7280 7
7281 5
7282 3
7283 3
7284 5
7285 3
7286 1
7287 3
7288 4
7289 3
7290 2
7291 5
7292 6
7293 8
7294 10
7295 10
7296 10
7297 9
7298 9
7299 12
7300 14
7301 13
7302 15
7303 12
7304 14
7305 16
7306 13
7307 14
7308 13
7309 11
7310 10
7311 8
7312 6
7313 4
7314 2
7315 3
7316 2
7317 1
7318 6
7319 6
7320 8
7321 10
7322 12
7323 10
7324 10
7325 9
7326 9
7327 8
7328 11
7329 9
7330 8
7331 6
7332 4
7333 5
7334 5
7335 7
7336 8
7337 10
7338 10
7339 10
7340 8
7341 7
7342 6
7343 4
7344 2
7345 6
7346 7
7347 8
7348 5
7349 3
7350 2
7351 5
7352 6
7353 4
7354 4
7355 4
7356 7
7357 6
7358 7
7359 7
7360 6
7361 6
7362 4
7363 5
7364 4
7365 5
7366 8
7367 9
7368 10
7369 11
7370 10
7371 10
7372 9
7373 9
7374 6
7375 4
7376 2
7377 1
7378 3
7379 3
7380 4
7381 5
7382 4
7383 4
7384 8
7385 11
7386 13
7387 15
7388 12
7389 15
7390 12
7391 13
7392 13
7393 12
7394 13
7395 15
7396 12
7397 12
7398 11
7399 9
7400 8
7401 7
7402 6
7403 5
7404 3
7405 0
7406 3
7407 5
7408 5
7409 7
7410 7
7411 7
7412 7
7413 7
7414 8
7415 7
7416 4
7417 4
7418 3
7419 3
7420 1
7421 2
7422 4
7423 6
7424 9
7425 9
7426 8
7427 5
7428 3
7429 1
7430 1
7431 4
7432 5
7433 8
7434 9
7435 13
7436 16
7437 13
7438 16
7439 13
7440 16
7441 13
7442 16
7443 14
7444 16
7445 13
7446 14
7447 14
7448 13
7449 12
7450 14
7451 14
7452 13
7453 12
7454 10
7455 8
7456 6
7457 5
7458 3
7459 3
7460 3
7461 2
7462 6
7463 10
7464 13
7465 16
7466 13
7467 15
7468 12
7469 15
7470 12
7471 14
7472 15
7473 12
7474 12
7475 11
7476 12
7477 12
7478 11
7479 11
7480 9
7481 8
7482 10
7483 11
7484 10
7485 8
7486 6
7487 5
7488 3
7489 0
7490 1
7491 0
7492 1
7493 2
7494 4
7495 2
7496 3
7497 5
7498 7
7499 7
7500 7
7501 5
7502 2
7503 3
7504 1
7505 2
7506 3
7507 5
7508 4
7509 4
7510 6
7511 4
7512 6
7513 5
7514 5
7515 6
7516 6
7517 9
7518 10
7519 10
7520 10
7521 8
7522 8
7523 7
7524 5
7525 3
7526 2
7527 3
7528 0
7529 2
7530 0
7531 4
7532 5
7533 8
7534 6
7535 7
7536 8
7537 11
7538 13
7539 13
7540 13
7541 11
7542 8
7543 8
7544 7
7545 6
7546 4
7547 1
7548 2
7549 4
7550 3
7551 5
7552 5
7553 3
7554 6
7555 6
7556 7
7557 9
7558 9
7559 7
7560 7
7561 6
7562 7
7563 5
7564 2
7565 1
7566 3
7567 3
7568 4
7569 5
7570 6
7571 7
7572 7
7573 9
7574 9
7575 8
7576 8
7577 7
7578 5
7579 5
7580 7
7581 5
7582 5
7583 5
7584 2
7585 2
7586 1
7587 3
7588 3
7589 5
7590 6
7591 8
7592 11
7593 12
7594 11
7595 11
7596 12
7597 9
7598 7
7599 4
7600 3
7601 2
7602 1
7603 3
7604 4
7605 6
7606 7
7607 10
7608 12
7609 13
7610 14
7611 15
7612 13
7613 15
7614 12
7615 15
7616 12
7617 15
7618 12
7619 13
7620 13
7621 11
7622 10
7623 10
7624 7
7625 4
7626 4
7627 2
7628 0
7629 4
7630 4
7631 5
7632 7
7633 8
7634 8
7635 7
7636 5
7637 5
7638 3
7639 2
7640 2
7641 3
7642 1
7643 2
7644 6
7645 6
7646 5
7647 6
7648 6
7649 6
7650 5
7651 3
7652 1
7653 4
7654 2
7655 5
7656 4
7657 4
7658 6
7659 8
7660 8
7661 9
7662 8
7663 10
7664 9
7665 8
7666 10
7667 8
7668 6
7669 3
7670 0
7671 5
7672 4
7673 7
7674 7
7675 7
7676 10
7677 11
7678 10
7679 10
7680 7
7681 7
7682 8
7683 5
7684 8
7685 8
7686 9
7687 11
7688 12
7689 11
7690 9
7691 8
7692 5
7693 4
7694 5
7695 6
7696 6
7697 6
7698 5
7699 3
7700 2
7701 5
7702 6
7703 7
7704 11
7705 11
7706 10
7707 11
7708 10
7709 9
7710 8
7711 7
7712 5
7713 3
7714 1
7715 2
7716 3
7717 3
7718 6
7719 7
7720 9
7721 10
7722 12
7723 12
7724 11
7725 9
7726 8
7727 7
7728 5
7729 4
7730 3
7731 1
7732 3
7733 1
7734 4
7735 5
7736 4
7737 5
7738 5
7739 5
7740 7
7741 7
7742 7
7743 4
7744 2
7745 1
7746 2
7747 3
7748 6
7749 7
7750 11
7751 11
7752 14
7753 16
7754 13
7755 16
7756 13
7757 15
7758 13
7759 13
7760 14
7761 15
7762 12
7763 13
7764 13
7765 13
7766 10
7767 8
7768 6
7769 5
7770 2
7771 4
7772 4
7773 4
7774 3
7775 6
7776 9
7777 12
7778 13
7779 14
7780 14
7781 16
7782 13
7783 15
7784 12
7785 13
7786 15
7787 12
7788 10
7789 7
7790 5
7791 4
7792 6
7793 4
7794 7
7795 7
7796 9
7797 11
7798 14
7799 17
7800 14
7801 17
7802 14
7803 16
7804 13
7805 14
7806 15
7807 12
7808 13
7809 15
7810 13
7811 13
7812 13
7813 13
7814 11
7815 9
7816 6
7817 3
7818 1
7819 0
7820 3
7821 5
7822 6
7823 7
7824 6
7825 5
7826 4
7827 3
7828 4
7829 5
7830 5
7831 3
7832 6
7833 8
7834 10
7835 12
7836 14
7837 15
7838 12
7839 15
7840 12
7841 13
7842 13
7843 12
7844 11
7845 8
7846 5
7847 4
7848 4
7849 2
7850 2
7851 4
7852 6
7853 9
7854 12
7855 11
7856 10
7857 11
7858 11
7859 11
7860 8
7861 7
7862 7
7863 8
7864 8
7865 7
7866 6
7867 4
7868 4
7869 4
7870 3
7871 2
7872 0
7873 6
7874 7
7875 10
7876 12
7877 14
7878 12
7879 12
7880 11
7881 10
7882 7
7883 5
7884 2
7885 2
7886 3
7887 5
7888 7
7889 7
7890 7
7891 8
7892 9
7893 8
7894 10
7895 9
7896 9
7897 7
7898 4
7899 3
7900 4
7901 7
7902 9
7903 9
7904 12
7905 12
7906 13
7907 13
7908 12
7909 9
7910 8
7911 7
7912 5
7913 3
7914 1
7915 6
7916 9
7917 11
7918 13
7919 15
7920 12
7921 12
7922 13
7923 11
7924 10
7925 7
7926 7
7927 7
7928 5
7929 6
7930 4
7931 1
7932 0
7933 2
7934 2
7935 1
7936 0
7937 5
7938 5
7939 7
7940 9
7941 11
7942 13
7943 14
7944 14
7945 11
7946 9
7947 7
7948 5
7949 2
7950 2
7951 4
7952 5
7953 5
7954 9
7955 8
7956 9
7957 7
7958 8
7959 7
7960 5
7961 4
7962 3
7963 2
7964 1
7965 3
7966 3
7967 3
7968 3
7969 1
7970 2
7971 4
7972 6
7973 5
7974 5
7975 7
7976 5
7977 4
7978 4
7979 6
7980 6
7981 4
7982 5
7983 8
7984 8
7985 7
7986 4
7987 3
7988 3
7989 0
7990 0
7991 0
7992 2
7993 1
7994 2
7995 3
7996 3
7997 4
7998 3
7999 4
8000 7
8001 6
8002 4
8003 3
8004 4
8005 5
8006 4
8007 4
8008 2
8009 4
8010 2
8011 6
8012 7
8013 7
8014 7
8015 7
8016 8
8017 7
8018 5
8019 4
8020 5
8021 4
8022 4
8023 3
8024 1
8025 3
8026 4
8027 6
8028 4
8029 7
8030 6
8031 5
8032 4
8033 3
8034 3
8035 3
8036 3
8037 3
8038 5
8039 7
8040 9
8041 9
8042 6
8043 4
8044 3
8045 3
8046 2
8047 1
8048 3
8049 6
8050 5
8051 3
8052 5
8053 7
8054 6
8055 4
8056 1
8057 6
8058 7
8059 8
8060 7
8061 6
8062 3
8063 1
8064 1
8065 4
8066 3
8067 3
8068 3
8069 4
8070 6
8071 6
8072 6
8073 6
8074 6
8075 7
8076 7
8077 8
8078 8
8079 8
8080 8
8081 6
8082 5
8083 4
8084 2
8085 2
8086 4
8087 5
8088 6
8089 6
8090 5
8091 6
8092 5
8093 5
8094 3
8095 3
8096 3
8097 2
8098 4
8099 5
8100 8
8101 8
8102 8
8103 9
8104 9
8105 9
8106 9
8107 7
8108 6
8109 4
8110 2
8111 3
8112 2
8113 6
8114 9
8115 10
8116 9
8117 9
8118 9
8119 10
8120 12
8121 13
8122 13
8123 11
8124 9
8125 8
8126 7
8127 6
8128 3
8129 4
8130 4
8131 5
8132 3
8133 3
8134 1
8135 4
8136 3
8137 4
8138 6
8139 9
8140 10
8141 11
8142 14
8143 14
8144 14
8145 14
8146 14
8147 15
8148 12
8149 11
8150 10
8151 7
8152 4
8153 1
8154 1
8155 4
8156 6
8157 8
8158 8
8159 9
8160 11
8161 12
8162 14
8163 15
8164 12
8165 14
8166 14
8167 12
8168 11
8169 8
8170 7
8171 4
8172 1
8173 2
8174 4
8175 2
8176 4
8177 5
8178 8
8179 10
8180 10
8181 12
8182 12
8183 15
8184 12
8185 13
8186 13
8187 13
8188 12
8189 13
8190 13
8191 14
8192 12
8193 9
8194 6
8195 4
8196 2
8197 2
8198 4
8199 5
8200 4
8201 2
8202 3
8203 4
8204 6
8205 6
8206 6
8207 3
8208 0
8209 2
8210 4
8211 5
8212 3
8213 2
8214 3
8215 2
8216 2
8217 3
8218 3
8219 3
8220 4
8221 3
8222 2
8223 6
8224 3
8225 3
8226 3
8227 2
8228 4
8229 6
8230 7
8231 6
8232 7
8233 7
8234 6
8235 7
8236 7
8237 7
8238 7
8239 6
8240 5
8241 6
8242 8
8243 9
8244 8
8245 9
8246 8
8247 8
8248 8
8249 6
8250 7
8251 7
8252 9
8253 8
8254 9
8255 8
8256 7
8257 5
8258 4
8259 4
8260 4
8261 6
8262 9
8263 10
8264 10
8265 13
8266 13
8267 11
8268 10
8269 10
8270 8
8271 6
8272 6
8273 5
8274 4
8275 3
8276 4
8277 5
8278 7
8279 8
8280 7
8281 10
8282 13
8283 12
8284 11
8285 10
8286 10
8287 10
8288 10
8289 9
8290 9
8291 9
8292 8
8293 7
8294 6
8295 3
8296 1
8297 0
8298 3
8299 1
8300 4
8301 6
8302 5
8303 4
8304 2
8305 4
8306 3
8307 0
8308 1
8309 0
8310 4
8311 4
8312 2
8313 7
8314 7
8315 7
8316 7
8317 5
8318 5
8319 3
8320 4
8321 7
8322 9
8323 9
8324 8
8325 11
8326 12
8327 11
8328 9
8329 7
8330 4
8331 1
8332 2
8333 1
8334 5
8335 7
8336 8
8337 9
8338 12
8339 12
8340 10
8341 10
8342 11
8343 10
8344 10
8345 10
8346 10
8347 8
8348 7
8349 8
8350 7
8351 6
8352 8
8353 9
8354 11
8355 10
8356 11
8357 9
8358 6
8359 6
8360 4
8361 6
8362 5
8363 5
8364 5
8365 8
8366 9
8367 10
8368 10
8369 9
8370 9
8371 9
8372 9
8373 10
8374 9
8375 8
8376 7
8377 7
8378 4
8379 2
8380 3
8381 4
8382 3
8383 5
8384 6
8385 5
8386 4
8387 3
8388 1
8389 5
8390 5
8391 4
8392 4
8393 4
8394 5
8395 7
8396 7
8397 9
8398 10
8399 11
8400 13
8401 12
8402 11
8403 9
8404 6
8405 3
8406 2
8407 2
8408 2
8409 3
8410 1
8411 3
8412 7
8413 5
8414 4
8415 4
8416 6
8417 6
8418 7
8419 9
8420 11
8421 13
8422 15
8423 13
8424 16
8425 13
8426 15
8427 12
8428 14
8429 14
8430 12
8431 11
8432 9
8433 7
8434 7
8435 5
8436 3
8437 2
8438 2
8439 4
8440 6
8441 9
8442 9
8443 10
8444 11
8445 13
8446 12
8447 12
8448 11
8449 8
8450 6
8451 5
8452 5
8453 4
8454 5
8455 7
8456 8
8457 9
8458 12
8459 13
8460 15
8461 12
8462 14
8463 13
8464 13
8465 12
8466 10
8467 8
8468 7
8469 7
8470 7
8471 6
8472 3
8473 1
8474 1
8475 2
8476 7
8477 5
8478 6
8479 6
8480 4
8481 4
8482 4
8483 5
8484 5
8485 6
8486 4
8487 2
8488 5
8489 3
8490 1
8491 1
8492 6
8493 6
8494 8
8495 9
8496 10
8497 12
8498 12
8499 9
8500 7
8501 6
8502 3
8503 3
8504 1
8505 1
8506 1
8507 2
8508 2
8509 3
8510 6
8511 5
8512 6
8513 8
8514 8
8515 9
8516 11
8517 12
8518 10
8519 9
8520 9
8521 9
8522 8
8523 6
8524 5
8525 8
8526 8
8527 11
8528 13
8529 16
8530 13
8531 16
8532 13
8533 16
8534 14
8535 17
8536 14
8537 17
8538 14
8539 17
8540 15
8541 12
8542 13
8543 12
8544 9
8545 6
8546 3
8547 0
8548 1
8549 0
8550 4
8551 3
8552 4
8553 7
8554 8
8555 10
8556 12
8557 13
8558 13
8559 13
8560 15
8561 12
8562 14
8563 14
8564 14
8565 14
8566 14
8567 13
8568 11
8569 11
8570 10
8571 7
8572 6
8573 5
8574 4
8575 1
8576 5
8577 4
8578 3
8579 5
8580 4
8581 4
8582 4
8583 6
8584 10
8585 15
8586 12
8587 14
8588 17
8589 14
8590 16
8591 13
8592 12
8593 11
8594 11
8595 10
8596 8
8597 7
8598 4
8599 1
8600 1
8601 3
8602 2
8603 2
8604 4
8605 6
8606 6
8607 5
8608 5
8609 6
8610 3
8611 2
8612 4
8613 3
8614 6
8615 6
8616 3
8617 5
8618 5
8619 5
8620 5
8621 6
8622 8
8623 8
8624 10
8625 10
8626 10
8627 9
8628 8
8629 6
8630 5
8631 4
8632 2
8633 1
8634 0
8635 3
8636 2
8637 4
8638 6
8639 5
8640 7
8641 8
8642 10
8643 9
8644 9
8645 7
8646 6
8647 6
8648 6
8649 6
8650 6
8651 8
8652 11
8653 11
8654 9
8655 9
8656 8
8657 7
8658 5
8659 5
8660 2
8661 1
8662 0
8663 3
8664 1
8665 2
8666 3
8667 2
8668 3
8669 4
8670 8
8671 9
8672 10
8673 11
8674 11
8675 11
8676 13
8677 11
8678 12
8679 12
8680 11
8681 10
8682 7
8683 4
8684 6
8685 6
8686 7
8687 7
8688 9
8689 8
8690 8
8691 6
8692 3
8693 0
8694 3
8695 3
8696 3
8697 1
8698 1
8699 3
8700 1
8701 1
8702 5
8703 7
8704 9
8705 11
8706 12
8707 10
8708 10
8709 9
8710 8
8711 6
8712 3
8713 2
8714 1
8715 4
8716 4
8717 4
8718 6
8719 10
8720 11
8721 13
8722 14
8723 14
8724 14
8725 13
8726 13
8727 13
8728 11
8729 10
8730 9
8731 9
8732 9
8733 7
8734 7
8735 6
8736 5
8737 4
8738 6
8739 7
8740 7
8741 7
8742 7
8743 6
8744 5
8745 4
8746 5
8747 5
8748 6
8749 6
8750 7
8751 6
8752 6
8753 5
8754 3
8755 3
8756 6
8757 7
8758 8
8759 8
8760 7
8761 7
8762 5
8763 4
8764 2
8765 2
8766 1
8767 2
8768 5
8769 5
8770 5
8771 9
8772 12
8773 11
8774 11
8775 11
8776 9
8777 7
8778 5
8779 2
8780 2
8781 1
8782 6
8783 7
8784 8
8785 7
8786 8
8787 10
8788 13
8789 13
8790 13
8791 14
8792 13
8793 11
8794 9
8795 8
8796 9
8797 7
8798 5
8799 5
8800 4
8801 2
8802 0
8803 2
8804 4
8805 3
8806 6
8807 10
8808 13
8809 16
8810 13
8811 16
8812 13
8813 16
8814 14
8815 16
8816 13
8817 14
8818 17
8819 14
8820 15
8821 12
8822 13
8823 14
8824 13
8825 13
8826 15
8827 12
8828 10
8829 8
8830 5
8831 3
8832 3
8833 2
8834 5
8835 5
8836 7
8837 8
8838 10
8839 14
8840 15
8841 12
8842 15
8843 12
8844 14
8845 14
8846 11
8847 12
8848 10
8849 9
8850 6
8851 3
8852 0
8853 0
8854 4
8855 5
8856 7
8857 10
8858 11
8859 11
8860 12
8861 12
8862 10
8863 11
8864 11
8865 10
8866 10
8867 8
8868 6
8869 6
8870 5
8871 4
8872 5
8873 3
8874 3
8875 3
8876 6
8877 6
8878 9
8879 12
8880 13
8881 14
8882 13
8883 13
8884 13
8885 11
8886 10
8887 8
8888 8
8889 7
8890 5
8891 5
8892 6
8893 3
8894 2
8895 1
8896 1
8897 4
8898 4
8899 6
8900 9
8901 13
8902 15
8903 12
8904 15
8905 12
8906 14
8907 14
8908 13
8909 12
8910 13
8911 11
8912 10
8913 9
8914 9
8915 8
8916 7
8917 5
8918 3
8919 1
8920 1
8921 4
8922 4
8923 6
8924 8
8925 11
8926 13
8927 15
8928 12
8929 15
8930 12
8931 15
8932 12
8933 13
8934 13
8935 10
8936 7
8937 5
8938 2
8939 1
8940 1
8941 2
8942 6
8943 5
8944 7
8945 6
8946 6
8947 5
8948 3
8949 1
8950 1
8951 0
8952 1
8953 5
8954 4
8955 3
8956 3
8957 2
8958 3
8959 5
8960 5
8961 3
8962 4
8963 4
8964 4
8965 4
8966 7
8967 9
8968 9
8969 11
8970 12
8971 12
8972 12
8973 12
8974 12
8975 12
8976 13
8977 13
8978 12
8979 13
8980 13
8981 13
8982 13
8983 14
8984 13
8985 10
8986 8
8987 6
8988 3
8989 1
8990 2
8991 5
8992 6
8993 9
8994 10
8995 9
8996 9
8997 9
8998 7
8999 6
9000 9
9001 8
9002 9
9003 11
9004 13
9005 13
9006 12
9007 12
9008 9
9009 9
9010 6
9011 5
9012 2
9013 1
9014 1
9015 0
9016 3
9017 6
9018 4
9019 2
9020 2
9021 1
9022 3
9023 2
9024 6
9025 5
9026 3
9027 1
9028 2
9029 1
9030 2
9031 1
9032 0
9033 1
9034 2
9035 2
9036 6
9037 4
9038 4
9039 5
9040 3
9041 2
9042 3
9043 1
9044 3
9045 5
9046 6
9047 7
9048 6
9049 6
9050 7
9051 6
9052 7
9053 7
9054 6
9055 5
9056 7
9057 6
9058 9
9059 11
9060 11
9061 12
9062 9
9063 6
9064 6
9065 7
9066 5
9067 3
9068 1
9069 6
9070 9
9071 7
9072 6
9073 9
9074 8
9075 8
9076 7
9077 6
9078 6
9079 7
9080 4
9081 3
9082 1
9083 3
9084 2
9085 6
9086 5
9087 6
9088 6
9089 7
9090 7
9091 5
9092 4
9093 5
9094 4
9095 6
9096 3
9097 1
9098 1
9099 2
9100 3
9101 3
9102 0
9103 1
9104 2
9105 3
9106 3
9107 6
9108 6
9109 8
9110 8
9111 8
9112 6
9113 5
9114 3
9115 3
9116 6
9117 7
9118 10
9119 12
9120 11
9121 11
9122 11
9123 10
9124 8
9125 5
9126 4
9127 2
9128 0
9129 2
9130 0
9131 2
9132 6
9133 8
9134 11
9135 12
9136 13
9137 13
9138 13
9139 11
9140 11
9141 10
9142 8
9143 8
9144 7
9145 6
9146 4
9147 3
9148 5
9149 5
9150 7
9151 8
9152 11
9153 13
9154 13
9155 14
9156 15
9157 12
9158 13
9159 12
9160 11
9161 10
9162 7
9163 5
9164 2
9165 2
9166 2
9167 3
9168 5
9169 8
9170 9
9171 11
9172 10
9173 9
9174 6
9175 3
9176 1
9177 0
9178 3
9179 0
9180 3
9181 3
9182 2
9183 3
9184 2
9185 4
9186 7
9187 8
9188 9
9189 7
9190 6
9191 7
9192 7
9193 8
9194 8
9195 8
9196 9
9197 9
9198 9
9199 7
9200 6
9201 6
9202 6
9203 6
9204 8
9205 7
9206 9
9207 10
9208 9
9209 6
9210 4
9211 1
9212 1
9213 2
9214 3
9215 3
9216 3
9217 3
9218 4
9219 4
9220 3
9221 3
9222 5
9223 8
9224 9
9225 12
9226 12
9227 13
9228 13
9229 15
9230 12
9231 12
9232 14
9233 14
9234 15
9235 13
9236 15
9237 12
9238 12
9239 12
9240 12
9241 9
9242 6
9243 3
9244 0
9245 2
9246 5
9247 4
9248 3
9249 2
9250 3
9251 5
9252 6
9253 8
9254 11
9255 12
9256 13
9257 15
9258 12
9259 14
9260 15
9261 13
9262 15
9263 13
9264 13
9265 15
9266 12
9267 14
9268 15
9269 12
9270 11
9271 12
9272 9
9273 8
9274 5
9275 3
9276 0
9277 0
9278 3
9279 4
9280 6
9281 6
9282 8
9283 11
9284 12
9285 15
9286 12
9287 14
9288 12
9289 10
9290 10
9291 9
9292 6
9293 7
9294 9
9295 12
9296 14
9297 16
9298 13
9299 14
9300 14
9301 13
9302 10
9303 8
9304 8
9305 7
9306 4
9307 2
9308 5
9309 6
9310 5
9311 5
9312 3
9313 2
9314 4
9315 5
9316 5
9317 6
9318 6
9319 6
9320 5
9321 2
9322 4
9323 3
9324 4
9325 5
9326 8
9327 10
9328 8
9329 5
9330 2
9331 0
9332 1
9333 4
9334 5
9335 8
9336 11
9337 12
9338 12
9339 10
9340 7
9341 6
9342 7
9343 5
9344 5
9345 6
9346 8
9347 9
9348 8
9349 10
9350 11
9351 10
9352 8
9353 8
9354 8
9355 6
9356 6
9357 6
9358 7
9359 7
9360 6
9361 5
9362 2
9363 3
9364 3
9365 1
9366 2
9367 0
9368 3
9369 2
9370 2
9371 5
9372 6
9373 6
9374 5
9375 7
9376 8
9377 7
9378 8
9379 8
9380 7
9381 7
9382 5
9383 3
9384 1
9385 3
9386 5
9387 5
9388 6
9389 8
9390 9
9391 11
9392 12
9393 13
9394 13
9395 12
9396 10
9397 8
9398 6
9399 6
9400 6
9401 4
9402 2
9403 4
9404 1
9405 3
9406 5
9407 5
9408 4
9409 4
9410 5
9411 9
9412 10
9413 12
9414 13
9415 13
9416 14
9417 14
9418 14
9419 13
9420 10
9421 7
9422 5
9423 2
9424 0
9425 3
9426 2
9427 2
9428 4
9429 7
9430 10
9431 12
9432 12
9433 11
9434 10
9435 10
9436 9
9437 6
9438 5
9439 4
9440 3
9441 0
9442 4
9443 4
9444 8
9445 10
9446 11
9447 12
9448 13
9449 13
9450 13
9451 12
9452 12
9453 12
9454 11
9455 8
9456 6
9457 3
9458 1
9459 2
9460 6
9461 8
9462 10
9463 11
9464 11
9465 11
9466 11
9467 13
9468 14
9469 16
9470 13
9471 13
9472 12
9473 11
9474 9
9475 8
9476 5
9477 5
9478 3
9479 2
9480 3
9481 2
9482 3
9483 3
9484 5
9485 7
9486 9
9487 9
9488 9
9489 8
9490 5
9491 2
9492 0
9493 1
9494 3
9495 4
9496 5
9497 8
9498 8
9499 8
9500 8
9501 7
9502 6
9503 5
9504 2
9505 2
9506 4
9507 4
9508 6
9509 6
9510 8
9511 9
9512 9
9513 9
9514 8
9515 9
9516 8
9517 6
9518 5
9519 5
9520 5
9521 8
9522 8
9523 7
9524 7
9525 8
9526 8
9527 6
9528 5
9529 7
9530 7
9531 5
9532 5
9533 2
9534 6
9535 4
9536 6
9537 7
9538 8
9539 9
9540 10
9541 9
9542 8
9543 6
9544 4
9545 4
9546 3
9547 4
9548 4
9549 5
9550 5
9551 6
9552 5
9553 4
9554 3
9555 4
9556 5
9557 7
9558 12
9559 14
9560 15
9561 12
9562 15
9563 12
9564 14
9565 15
9566 13
9567 13
9568 13
9569 10
9570 9
9571 6
9572 5
9573 4
9574 3
9575 1
9576 1
9577 2
9578 2
9579 0
9580 1
9581 6
9582 9
9583 6
9584 6
9585 5
9586 4
9587 1
9588 2
9589 3
9590 5
9591 7
9592 9
9593 12
9594 13
9595 15
9596 12
9597 12
9598 11
9599 11
9600 9
9601 8
9602 9
9603 7
9604 7
9605 5
9606 6
9607 3
9608 4
9609 7
9610 8
9611 8
9612 7
9613 5
9614 8
9615 10
9616 10
9617 12
9618 14
9619 14
9620 13
9621 13
9622 13
9623 13
9624 14
9625 12
9626 10
9627 10
9628 11
9629 9
9630 6
9631 4
9632 2
9633 0
9634 0
9635 5
9636 4
9637 6
9638 7
9639 7
9640 9
9641 7
9642 8
9643 7
9644 7
9645 9
9646 8
9647 8
9648 9
9649 8
9650 10
9651 12
9652 12
9653 11
9654 11
9655 9
9656 8
9657 5
9658 2
9659 0
9660 1
9661 3
9662 5
9663 5
9664 8
9665 9
9666 6
9667 6
9668 7
9669 10
9670 12
9671 13
9672 13
9673 12
9674 12
9675 14
9676 13
9677 13
9678 10
9679 8
9680 7
9681 4
9682 3
9683 6
9684 7
9685 8
9686 11
9687 13
9688 15
9689 12
9690 13
9691 15
9692 12
9693 12
9694 12
9695 10
9696 8
9697 5
9698 2
9699 2
9700 4
9701 1
9702 2
9703 4
9704 5
9705 6
9706 9
9707 11
9708 12
9709 13
9710 14
9711 15
9712 12
9713 14
9714 14
9715 14
9716 14
9717 13
9718 12
9719 14
9720 15
9721 12
9722 15
9723 12
9724 13
9725 14
9726 15
9727 12
9728 12
9729 10
9730 8
9731 7
9732 4
9733 2
9734 1
9735 1
9736 1
9737 4
9738 4
9739 3
9740 6
9741 9
9742 11
9743 12
9744 12
9745 14
9746 14
9747 13
9748 10
9749 9
9750 7
9751 7
9752 7
9753 5
9754 5
9755 8
9756 7
9757 7
9758 5
9759 4
9760 4
9761 3
9762 3
9763 5
9764 8
9765 11
9766 15
9767 12
9768 15
9769 12
9770 15
9771 12
9772 15
9773 12
9774 13
9775 13
9776 14
9777 11
9778 9
9779 6
9780 3
9781 4
9782 1
9783 4
9784 7
9785 10
9786 13
9787 14
9788 14
9789 16
9790 14
9791 12
9792 9
9793 6
9794 5
9795 2
9796 2
9797 3
9798 4
9799 6
9800 7
9801 8
9802 10
9803 11
9804 11
9805 12
9806 9
9807 6
9808 8
9809 6
9810 4
9811 2
9812 2
9813 1
9814 3
9815 5
9816 7
9817 9
9818 9
9819 10
9820 10
9821 9
9822 10
9823 10
9824 10
9825 10
9826 8
9827 6
9828 5
9829 3
9830 3
9831 5
9832 7
9833 8
9834 8
9835 9
9836 9
9837 8
9838 7
9839 6
9840 4
9841 3
9842 4
9843 3
9844 2
9845 4
9846 1
9847 2
9848 4
9849 2
9850 4
9851 5
9852 4
9853 4
9854 4
9855 4
9856 7
9857 8
9858 11
9859 13
9860 11
9861 15
9862 12
9863 12
9864 13
9865 12
9866 11
9867 8
9868 6
9869 4
9870 2
9871 3
9872 2
9873 5
9874 4
9875 1
9876 4
9877 3
9878 4
9879 4
9880 5
9881 6
9882 5
9883 6
9884 7
9885 7
9886 6
9887 8
9888 6
9889 7
9890 5
9891 5
9892 2
9893 3
9894 3
9895 2
9896 3
9897 2
9898 2
9899 3
9900 2
9901 6
9902 5
9903 5
9904 5
9905 4
9906 4
9907 5
9908 6
9909 6
9910 8
9911 11
9912 11
9913 13
9914 14
9915 16
9916 13
9917 15
9918 12
9919 12
9920 14
9921 13
9922 12
9923 10
9924 7
9925 6
9926 3
9927 0
9928 0
9929 0
9930 5
9931 8
9932 10
9933 13
9934 13
9935 12
9936 10
9937 11
9938 10
9939 9
9940 7
9941 4
9942 1
9943 1
9944 4
9945 2
9946 1
9947 3
9948 2
9949 1
9950 6
9951 8
9952 10
9953 10
9954 11
9955 11
9956 12
9957 10
9958 8
9959 6
9960 5
9961 2
9962 4
9963 1
9964 2
9965 3
9966 6
9967 9
9968 9
9969 9
9970 8
9971 8
9972 6
9973 7
9974 7
9975 8
9976 7
9977 7
9978 8
9979 8
9980 8
9981 6
9982 5
9983 6
9984 6
9985 5
9986 4
9987 2
9988 3
9989 5
9990 5
9991 5
9992 6
9993 7
9994 7
9995 7
9996 6
9997 6
9998 3
9999 4
