0 0
1 0
2 0
3 0
4 1
5 2
6 2
7 4
8 5
9 5
10 6
11 6
12 6
13 6
14 6
15 6
16 7
17 7
18 7
19 7
20 8
21 7
22 7
23 4
24 4
25 4
26 4
27 4
28 4
29 4
30 4
31 5
32 4
33 4
34 5
35 4
36 4
37 4
38 1
39 2
40 1
41 1
42 0
43 1
44 1
45 0
46 0
47 1
48 1
49 2
50 2
51 2
52 1
53 2
54 1
55 1
56 4
57 3
58 2
59 0
60 0
61 0
62 2
63 0
64 0
65 2
66 0
67 0
68 2
69 2
70 2
71 3
72 4
73 6
74 3
75 4
76 4
77 6
78 3
79 5
80 4
81 3
82 4
83 5
84 5
85 6
86 7
87 5
88 7
89 8
90 7
91 11
92 10
93 10
94 8
95 10
96 8
97 8
98 8
99 6
100 5
101 5
102 4
103 4
104 2
105 1
106 1
107 2
108 1
109 2
110 2
111 2
112 4
113 5
114 6
115 10
116 8
117 8
118 8
119 9
120 10
121 11
122 10
123 8
124 8
125 8
126 6
127 4
128 1
129 2
130 0
131 0
132 2
133 5
134 6
135 4
136 3
137 3
138 5
139 6
140 8
141 9
142 6
143 6
144 8
145 6
146 5
147 3
148 1
149 3
150 2
151 5
152 6
153 6
154 7
155 8
156 9
157 12
158 13
159 11
160 12
161 10
162 13
163 15
164 13
165 11
166 9
167 8
168 7
169 6
170 6
171 7
172 4
173 3
174 3
175 5
176 3
177 5
178 4
179 4
180 5
181 5
182 3
183 2
184 3
185 1
186 3
187 3
188 1
189 2
190 2
191 3
192 3
193 4
194 9
195 9
196 7
197 5
198 4
199 1
200 4
201 3
202 6
203 8
204 12
205 10
206 12
207 13
208 14
209 14
210 13
211 15
212 12
213 14
214 16
215 13
216 12
217 12
218 10
219 7
220 5
221 2
222 2
223 1
224 5
225 6
226 7
227 8
228 7
229 8
230 8
231 6
232 3
233 1
234 2
235 1
236 3
237 0
238 1
239 1
240 2
241 1
242 6
243 6
244 5
245 4
246 4
247 5
248 4
249 3
250 1
251 2
252 1
253 4
254 1
255 2
256 1
257 1
258 2
259 4
260 4
261 3
262 1
263 2
264 5
265 5
266 3
267 2
268 2
269 2
270 2
271 6
272 5
273 5
274 7
275 5
276 5
277 2
278 3
279 2
280 2
281 2
282 2
283 6
284 4
285 6
286 5
287 2
288 3
289 2
290 0
291 1
292 1
293 1
294 1
295 1
296 3
297 3
298 2
299 5
300 2
301 2
302 2
303 3
304 1
305 3
306 6
307 6
308 10
309 9
310 8
311 9
312 8
313 8
314 8
315 8
316 8
317 6
318 6
319 6
320 7
321 5
322 6
323 6
324 5
325 3
326 2
327 3
328 2
329 3
330 1
331 3
332 4
333 7
334 6
335 9
336 7
337 6
338 4
339 4
340 2
341 3
342 3
343 1
344 3
345 4
346 2
347 1
348 2
349 6
350 8
351 9
352 10
353 15
354 12
355 17
356 15
357 12
358 17
359 14
360 17
361 14
362 16
363 13
364 16
365 13
366 13
367 14
368 14
369 13
370 11
371 9
372 7
373 5
374 3
375 1
376 1
377 2
378 2
379 1
380 1
381 1
382 1
383 0
384 2
385 3
386 2
387 3
388 4
389 4
390 6
391 3
392 1
393 1
394 1
395 1
396 2
397 2
398 1
399 3
400 5
401 4
402 3
403 3
404 4
405 8
406 9
407 9
408 11
409 11
410 13
411 11
412 11
413 11
414 12
415 10
416 10
417 7
418 8
419 8
420 9
421 7
422 8
423 8
424 6
425 6
426 6
427 6
428 4
429 1
430 0
431 5
432 2
433 4
434 3
435 1
436 4
437 5
438 9
439 10
440 7
441 11
442 12
443 14
444 14
445 14
446 13
447 15
448 12
449 12
450 11
451 12
452 9
453 6
454 6
455 5
456 3
457 2
458 1
459 1
460 0
461 0
462 3
463 4
464 3
465 3
466 7
467 7
468 6
469 7
470 7
471 6
472 7
473 7
474 7
475 7
476 5
477 6
478 3
479 4
480 3
481 3
482 3
483 0
484 3
485 1
486 1
487 0
488 2
489 2
490 4
491 2
492 2
493 2
494 2
495 4
496 2
497 1
498 2
499 6
500 7
501 6
502 6
503 7
504 7
505 7
506 6
507 8
508 8
509 5
510 3
511 4
512 4
513 5
514 4
515 3
516 3
517 2
518 5
519 8
520 10
521 10
522 11
523 10
524 7
525 6
526 6
527 6
528 3
529 3
530 0
531 2
532 2
533 1
534 4
535 3
536 2
537 5
538 4
539 3
540 0
541 2
542 3
543 1
544 1
545 1
546 2
547 3
548 1
549 3
550 1
551 3
552 3
553 5
554 4
555 3
556 8
557 10
558 10
559 9
560 9
561 9
562 10
563 10
564 8
565 9
566 9
567 6
568 5
569 2
570 3
571 0
572 2
573 3
574 0
575 1
576 1
577 3
578 1
579 5
580 9
581 11
582 8
583 8
584 7
585 5
586 6
587 4
588 3
589 3
590 3
591 5
592 7
593 7
594 4
595 2
596 3
597 2
598 5
599 7
600 6
601 8
602 9
603 10
604 9
605 8
606 7
607 4
608 5
609 2
610 2
611 6
612 6
613 6
614 9
615 6
616 5
617 2
618 2
619 3
620 1
621 2
622 3
623 1
624 5
625 5
626 5
627 5
628 4
629 1
630 3
631 1
632 0
633 3
634 5
635 6
636 7
637 7
638 6
639 6
640 8
641 11
642 11
643 12
644 13
645 14
646 13
647 14
648 13
649 13
650 10
651 8
652 6
653 3
654 3
655 0
656 6
657 6
658 7
659 6
660 5
661 5
662 5
663 4
664 4
665 3
666 2
667 4
668 5
669 7
670 8
671 7
672 6
673 5
674 5
675 3
676 2
677 4
678 6
679 5
680 5
681 3
682 3
683 3
684 2
685 5
686 2
687 1
688 2
689 4
690 4
691 5
692 5
693 2
694 3
695 2
696 4
697 4
698 4
699 4
700 5
701 6
702 7
703 7
704 7
705 7
706 7
707 10
708 10
709 10
710 9
711 7
712 4
713 1
714 4
715 1
716 2
717 2
718 5
719 3
720 2
721 2
722 2
723 2
724 3
725 7
726 7
727 13
728 13
729 13
730 15
731 12
732 12
733 14
734 16
735 14
736 15
737 12
738 15
739 12
740 12
741 12
742 12
743 9
744 11
745 8
746 7
747 4
748 2
749 4
750 2
751 4
752 2
753 3
754 3
755 2
756 3
757 1
758 2
759 2
760 1
761 1
762 1
763 2
764 1
765 2
766 1
767 1
768 1
769 2
770 3
771 3
772 1
773 3
774 2
775 1
776 3
777 2
778 0
779 1
780 1
781 2
782 1
783 1
784 0
785 4
786 3
787 3
788 2
789 3
790 4
791 2
792 2
793 3
794 3
795 4
796 6
797 7
798 7
799 7
800 10
801 10
802 10
803 7
804 5
805 4
806 2
807 0
808 2
809 2
810 5
811 8
812 8
813 14
814 16
815 13
816 20
817 17
818 14
819 17
820 14
821 17
822 15
823 12
824 16
825 13
826 16
827 13
828 16
829 13
830 15
831 12
832 11
833 9
834 8
835 5
836 9
837 8
838 7
839 6
840 4
841 3
842 1
843 3
844 5
845 7
846 9
847 9
848 8
849 5
850 6
851 4
852 4
853 2
854 1
855 1
856 4
857 4
858 4
859 1
860 3
861 8
862 8
863 9
864 6
865 7
866 5
867 2
868 3
869 0
870 1
871 2
872 4
873 4
874 2
875 5
876 4
877 4
878 3
879 0
880 4
881 2
882 3
883 5
884 4
885 7
886 7
887 6
888 10
889 11
890 10
891 8
892 7
893 8
894 8
895 9
896 10
897 9
898 7
899 4
900 2
901 2
902 2
903 2
904 5
905 3
906 1
907 0
908 2
909 2
910 3
911 1
912 3
913 2
914 2
915 5
916 4
917 3
918 2
919 1
920 3
921 3
922 4
923 4
924 3
925 3
926 2
927 1
928 2
929 3
930 4
931 4
932 4
933 4
934 6
935 6
936 5
937 4
938 2
939 5
940 5
941 4
942 5
943 4
944 2
945 2
946 3
947 3
948 1
949 2
950 6
951 7
952 7
953 7
954 6
955 8
956 7
957 6
958 5
959 4
960 3
961 4
962 5
963 6
964 4
965 5
966 4
967 3
968 4
969 2
970 3
971 3
972 8
973 6
974 6
975 7
976 5
977 3
978 2
979 1
980 1
981 3
982 1
983 5
984 7
985 7
986 9
987 7
988 6
989 4
990 3
991 1
992 1
993 1
994 4
995 5
996 4
997 7
998 11
999 10
1000 11
1001 9
1002 9
1003 8
1004 7
1005 6
1006 4
1007 5
1008 6
1009 4
1010 2
1011 2
1012 7
1013 7
1014 6
1015 6
1016 4
1017 5
1018 6
1019 6
1020 5
1021 6
1022 10
1023 10
1024 10
1025 10
1026 10
1027 11
1028 9
1029 8
1030 6
1031 6
1032 3
1033 2
1034 1
1035 1
1036 0
1037 0
1038 0
1039 1
1040 0
1041 4
1042 2
1043 7
1044 4
1045 3
1046 3
1047 1
1048 6
1049 5
1050 5
1051 2
1052 4
1053 3
1054 2
1055 4
1056 1
1057 7
1058 5
1059 4
1060 5
1061 4
1062 4
1063 3
1064 2
1065 0
1066 2
1067 3
1068 3
1069 1
1070 1
1071 2
1072 2
1073 4
1074 4
1075 6
1076 8
1077 8
1078 5
1079 8
1080 7
1081 5
1082 3
1083 3
1084 3
1085 1
1086 1
1087 5
1088 4
1089 2
1090 2
1091 3
1092 1
1093 5
1094 8
1095 10
1096 10
1097 8
1098 6
1099 4
1100 2
1101 3
1102 5
1103 4
1104 3
1105 4
1106 4
1107 7
1108 5
1109 8
1110 9
1111 9
1112 11
1113 13
1114 10
1115 7
1116 6
1117 3
1118 1
1119 1
1120 0
1121 1
1122 2
1123 0
1124 0
1125 2
1126 2
1127 3
1128 2
1129 2
1130 3
1131 2
1132 2
1133 1
1134 3
1135 2
1136 2
1137 0
1138 1
1139 4
1140 5
1141 4
1142 5
1143 4
1144 3
1145 0
1146 1
1147 0
1148 5
1149 4
1150 2
1151 1
1152 0
1153 0
1154 1
1155 1
1156 0
1157 1
1158 1
1159 2
1160 1
1161 0
1162 3
1163 1
1164 5
1165 5
1166 6
1167 4
1168 3
1169 1
1170 4
1171 3
1172 1
1173 7
1174 8
1175 10
1176 12
1177 13
1178 11
1179 12
1180 10
1181 9
1182 8
1183 9
1184 9
1185 9
1186 8
1187 6
1188 4
1189 4
1190 2
1191 1
1192 4
1193 3
1194 0
1195 4
1196 3
1197 2
1198 2
1199 3
1200 1
1201 3
1202 2
1203 0
1204 3
1205 4
1206 4
1207 1
1208 3
1209 2
1210 3
1211 3
1212 1
1213 3
1214 1
1215 0
1216 4
1217 4
1218 1
1219 3
1220 3
1221 1
1222 4
1223 4
1224 1
1225 3
1226 1
1227 0
1228 1
1229 3
1230 6
1231 7
1232 6
1233 6
1234 9
1235 9
1236 7
1237 6
1238 7
1239 9
1240 7
1241 8
1242 6
1243 6
1244 7
1245 6
1246 9
1247 7
1248 5
1249 4
1250 1
1251 1
1252 3
1253 1
1254 1
1255 2
1256 4
1257 2
1258 4
1259 5
1260 8
1261 9
1262 7
1263 9
1264 8
1265 7
1266 6
1267 3
1268 4
1269 3
1270 3
1271 2
1272 3
1273 7
1274 6
1275 9
1276 10
1277 14
1278 12
1279 14
1280 14
1281 16
1282 13
1283 14
1284 16
1285 13
1286 16
1287 13
1288 13
1289 11
1290 13
1291 12
1292 13
1293 12
1294 11
1295 8
1296 6
1297 4
1298 6
1299 6
1300 5
1301 8
1302 6
1303 7
1304 7
1305 7
1306 5
1307 6
1308 3
1309 2
1310 4
1311 5
1312 2
1313 4
1314 5
1315 4
1316 6
1317 4
1318 6
1319 6
1320 3
1321 4
1322 5
1323 5
1324 4
1325 2
1326 1
1327 3
1328 0
1329 3
1330 3
1331 1
1332 2
1333 1
1334 3
1335 4
1336 3
1337 4
1338 5
1339 3
1340 2
1341 2
1342 4
1343 3
1344 2
1345 3
1346 2
1347 4
1348 3
1349 2
1350 1
1351 3
1352 4
1353 1
1354 1
1355 3
1356 2
1357 1
1358 0
1359 1
1360 2
1361 3
1362 3
1363 3
1364 1
1365 3
1366 1
1367 5
1368 7
1369 7
1370 9
1371 9
1372 7
1373 5
1374 4
1375 3
1376 1
1377 3
1378 3
1379 3
1380 1
1381 3
1382 2
1383 1
1384 2
1385 2
1386 2
1387 4
1388 8
1389 9
1390 8
1391 11
1392 11
1393 10
1394 10
1395 9
1396 8
1397 7
1398 8
1399 7
1400 8
1401 7
1402 6
1403 3
1404 4
1405 2
1406 1
1407 1
1408 1
1409 2
1410 1
1411 4
1412 1
1413 1
1414 2
1415 1
1416 1
1417 1
1418 1
1419 2
1420 3
1421 3
1422 1
1423 3
1424 2
1425 2
1426 1
1427 3
1428 4
1429 3
1430 2
1431 1
1432 2
1433 2
1434 4
1435 2
1436 3
1437 4
1438 2
1439 3
1440 6
1441 8
1442 6
1443 7
1444 6
1445 5
1446 4
1447 3
1448 2
1449 5
1450 7
1451 5
1452 2
1453 5
1454 2
1455 3
1456 1
1457 5
1458 2
1459 0
1460 4
1461 2
1462 1
1463 3
1464 0
1465 2
1466 3
1467 3
1468 1
1469 5
1470 4
1471 3
1472 4
1473 4
1474 5
1475 5
1476 5
1477 4
1478 3
1479 3
1480 2
1481 1
1482 2
1483 1
1484 1
1485 3
1486 3
1487 4
1488 5
1489 5
1490 5
1491 3
1492 2
1493 1
1494 4
1495 2
1496 0
1497 3
1498 1
1499 3
1500 6
1501 3
1502 1
1503 1
1504 2
1505 1
1506 1
1507 3
1508 2
1509 0
1510 4
1511 5
1512 6
1513 5
1514 3
1515 3
1516 6
1517 6
1518 5
1519 6
1520 6
1521 6
1522 6
1523 5
1524 6
1525 5
1526 6
1527 5
1528 4
1529 1
1530 2
1531 4
1532 2
1533 3
1534 0
1535 2
1536 1
1537 2
1538 2
1539 0
1540 3
1541 4
1542 3
1543 0
1544 2
1545 4
1546 4
1547 5
1548 7
1549 9
1550 10
1551 11
1552 12
1553 12
1554 12
1555 9
1556 8
1557 9
1558 6
1559 6
1560 5
1561 5
1562 7
1563 4
1564 3
1565 0
1566 4
1567 1
1568 0
1569 5
1570 2
1571 0
1572 1
1573 1
1574 4
1575 2
1576 1
1577 0
1578 0
1579 3
1580 2
1581 2
1582 2
1583 4
1584 5
1585 4
1586 5
1587 4
1588 3
1589 1
1590 3
1591 1
1592 7
1593 6
1594 5
1595 6
1596 6
1597 7
1598 4
1599 4
1600 1
1601 3
1602 3
1603 2
1604 4
1605 2
1606 1
1607 0
1608 2
1609 1
1610 4
1611 3
1612 4
1613 2
1614 4
1615 9
1616 9
1617 9
1618 10
1619 13
1620 13
1621 14
1622 16
1623 13
1624 12
1625 16
1626 13
1627 15
1628 13
1629 12
1630 13
1631 13
1632 14
1633 13
1634 12
1635 13
1636 14
1637 13
1638 12
1639 11
1640 10
1641 9
1642 8
1643 7
1644 4
1645 4
1646 2
1647 2
1648 1
1649 3
1650 5
1651 5
1652 7
1653 6
1654 6
1655 7
1656 7
1657 5
1658 5
1659 5
1660 4
1661 5
1662 6
1663 3
1664 1
1665 2
1666 1
1667 2
1668 1
1669 3
1670 1
1671 1
1672 1
1673 2
1674 3
1675 2
1676 2
1677 4
1678 4
1679 1
1680 2
1681 5
1682 4
1683 2
1684 2
1685 3
1686 2
1687 1
1688 2
1689 2
1690 2
1691 1
1692 5
1693 5
1694 6
1695 6
1696 5
1697 5
1698 4
1699 7
1700 5
1701 2
1702 4
1703 2
1704 3
1705 1
1706 9
1707 9
1708 10
1709 9
1710 8
1711 5
1712 4
1713 4
1714 4
1715 3
1716 0
1717 3
1718 3
1719 2
1720 5
1721 5
1722 4
1723 4
1724 4
1725 4
1726 4
1727 2
1728 1
1729 5
1730 4
1731 3
1732 4
1733 2
1734 11
1735 12
1736 14
1737 12
1738 13
1739 13
1740 13
1741 12
1742 12
1743 12
1744 13
1745 15
1746 12
1747 10
1748 7
1749 4
1750 6
1751 5
1752 3
1753 0
1754 2
1755 3
1756 2
1757 4
1758 3
1759 1
1760 3
1761 5
1762 2
1763 4
1764 1
1765 2
1766 0
1767 0
1768 4
1769 3
1770 3
1771 3
1772 6
1773 5
1774 4
1775 3
1776 3
1777 0
1778 1
1779 2
1780 5
1781 4
1782 7
1783 9
1784 6
1785 10
1786 7
1787 5
1788 4
1789 4
1790 4
1791 6
1792 6
1793 3
1794 5
1795 3
1796 2
1797 4
1798 1
1799 3
1800 4
1801 1
1802 2
1803 4
1804 3
1805 5
1806 4
1807 7
1808 10
1809 8
1810 12
1811 15
1812 12
1813 19
1814 16
1815 13
1816 18
1817 15
1818 12
1819 17
1820 14
1821 17
1822 14
1823 17
1824 14
1825 16
1826 13
1827 12
1828 10
1829 7
1830 4
1831 1
1832 1
1833 0
1834 2
1835 0
1836 2
1837 0
1838 2
1839 3
1840 1
1841 4
1842 4
1843 2
1844 1
1845 1
1846 2
1847 3
1848 0
1849 4
1850 3
1851 1
1852 1
1853 3
1854 2
1855 5
1856 3
1857 3
1858 3
1859 2
1860 3
1861 5
1862 4
1863 3
1864 4
1865 6
1866 7
1867 6
1868 4
1869 3
1870 7
1871 10
1872 12
1873 14
1874 15
1875 12
1876 15
1877 14
1878 16
1879 14
1880 15
1881 13
1882 14
1883 16
1884 13
1885 15
1886 14
1887 16
1888 13
1889 20
1890 17
1891 14
1892 16
1893 13
1894 15
1895 12
1896 13
1897 14
1898 14
1899 15
1900 12
1901 11
1902 9
1903 7
1904 5
1905 4
1906 2
1907 8
1908 8
1909 6
1910 3
1911 4
1912 2
1913 4
1914 5
1915 3
1916 5
1917 5
1918 4
1919 3
1920 2
1921 4
1922 4
1923 5
1924 4
1925 3
1926 3
1927 1
1928 0
1929 1
1930 1
1931 3
1932 2
1933 4
1934 2
1935 1
1936 3
1937 2
1938 1
1939 1
1940 2
1941 3
1942 3
1943 4
1944 4
1945 5
1946 4
1947 3
1948 1
1949 2
1950 2
1951 4
1952 6
1953 5
1954 6
1955 5
1956 6
1957 9
1958 7
1959 8
1960 8
1961 6
1962 8
1963 9
1964 7
1965 6
1966 3
1967 2
1968 2
1969 0
1970 5
1971 8
1972 10
1973 10
1974 10
1975 8
1976 9
1977 10
1978 12
1979 11
1980 10
1981 10
1982 7
1983 8
1984 7
1985 4
1986 4
1987 1
1988 1
1989 4
1990 5
1991 5
1992 4
1993 7
1994 6
1995 4
1996 4
1997 1
1998 4
1999 3
2000 2
2001 1
2002 1
2003 5
2004 4
2005 4
2006 4
2007 2
2008 1
2009 2
2010 1
2011 3
2012 3
2013 2
2014 3
2015 0
2016 1
2017 1
2018 3
2019 2
2020 2
2021 5
2022 5
2023 4
2024 6
2025 6
2026 5
2027 7
2028 6
2029 7
2030 5
2031 6
2032 4
2033 3
2034 2
2035 1
2036 0
2037 1
2038 3
2039 2
2040 1
2041 3
2042 3
2043 2
2044 4
2045 6
2046 4
2047 5
2048 3
2049 2
2050 7
2051 6
2052 10
2053 9
2054 8
2055 8
2056 7
2057 7
2058 5
2059 3
2060 3
2061 4
2062 3
2063 6
2064 10
2065 8
2066 7
2067 6
2068 5
2069 5
2070 4
2071 3
2072 3
2073 0
2074 4
2075 4
2076 3
2077 4
2078 3
2079 5
2080 4
2081 9
2082 7
2083 8
2084 8
2085 9
2086 8
2087 7
2088 7
2089 8
2090 7
2091 8
2092 7
2093 6
2094 3
2095 1
2096 1
2097 1
2098 0
2099 1
2100 0
2101 1
2102 1
2103 3
2104 3
2105 1
2106 1
2107 5
2108 4
2109 4
2110 6
2111 9
2112 9
2113 8
2114 8
2115 5
2116 7
2117 8
2118 8
2119 6
2120 4
2121 3
2122 2
2123 3
2124 2
2125 0
2126 1
2127 5
2128 7
2129 6
2130 7
2131 5
2132 3
2133 3
2134 3
2135 5
2136 4
2137 6
2138 6
2139 8
2140 7
2141 6
2142 8
2143 5
2144 4
2145 9
2146 9
2147 8
2148 7
2149 5
2150 2
2151 1
2152 3
2153 3
2154 4
2155 3
2156 6
2157 6
2158 7
2159 7
2160 6
2161 8
2162 7
2163 8
2164 7
2165 6
2166 4
2167 6
2168 6
2169 5
2170 3
2171 2
2172 3
2173 0
2174 3
2175 2
2176 4
2177 5
2178 6
2179 9
2180 9
2181 13
2182 13
2183 11
2184 9
2185 10
2186 11
2187 11
2188 8
2189 7
2190 8
2191 8
2192 8
2193 10
2194 9
2195 8
2196 5
2197 3
2198 0
2199 1
2200 2
2201 1
2202 0
2203 2
2204 0
2205 3
2206 3
2207 3
2208 2
2209 3
2210 0
2211 6
2212 6
2213 7
2214 5
2215 4
2216 2
2217 2
2218 2
2219 0
2220 2
2221 0
2222 3
2223 5
2224 5
2225 5
2226 6
2227 5
2228 2
2229 3
2230 2
2231 2
2232 3
2233 2
2234 2
2235 0
2236 1
2237 3
2238 6
2239 6
2240 4
2241 5
2242 4
2243 4
2244 3
2245 0
2246 0
2247 4
2248 4
2249 7
2250 8
2251 6
2252 5
2253 6
2254 4
2255 4
2256 1
2257 3
2258 3
2259 3
2260 4
2261 4
2262 1
2263 2
2264 3
2265 2
2266 2
2267 2
2268 3
2269 5
2270 4
2271 5
2272 5
2273 4
2274 4
2275 3
2276 2
2277 4
2278 1
2279 0
2280 3
2281 2
2282 3
2283 3
2284 4
2285 4
2286 4
2287 2
2288 1
2289 3
2290 3
2291 7
2292 6
2293 7
2294 9
2295 9
2296 8
2297 6
2298 7
2299 4
2300 5
2301 4
2302 1
2303 2
2304 0
2305 4
2306 2
2307 3
2308 4
2309 6
2310 4
2311 7
2312 6
2313 7
2314 8
2315 10
2316 7
2317 7
2318 5
2319 5
2320 5
2321 4
2322 4
2323 5
2324 3
2325 1
2326 3
2327 5
2328 5
2329 3
2330 2
2331 5
2332 5
2333 4
2334 3
2335 3
2336 4
2337 5
2338 4
2339 2
2340 2
2341 0
2342 1
2343 4
2344 5
2345 6
2346 7
2347 6
2348 4
2349 6
2350 6
2351 7
2352 7
2353 8
2354 10
2355 12
2356 13
2357 11
2358 9
2359 7
2360 6
2361 3
2362 2
2363 0
2364 2
2365 4
2366 4
2367 1
2368 3
2369 6
2370 4
2371 2
2372 2
2373 3
2374 1
2375 2
2376 2
2377 3
2378 1
2379 3
2380 2
2381 4
2382 4
2383 6
2384 5
2385 2
2386 0
2387 1
2388 3
2389 3
2390 7
2391 5
2392 4
2393 3
2394 4
2395 6
2396 9
2397 7
2398 6
2399 6
2400 4
2401 3
2402 3
2403 1
2404 1
2405 3
2406 1
2407 2
2408 5
2409 7
2410 6
2411 6
2412 4
2413 6
2414 8
2415 6
2416 4
2417 4
2418 6
2419 9
2420 7
2421 9
2422 10
2423 9
2424 8
2425 7
2426 6
2427 4
2428 4
2429 7
2430 6
2431 7
2432 8
2433 6
2434 3
2435 5
2436 3
2437 5
2438 6
2439 5
2440 5
2441 5
2442 6
2443 6
2444 7
2445 7
2446 9
2447 8
2448 8
2449 7
2450 7
2451 5
2452 3
2453 0
2454 2
2455 2
2456 2
2457 5
2458 5
2459 6
2460 5
2461 5
2462 5
2463 4
2464 4
2465 4
2466 3
2467 4
2468 3
2469 4
2470 5
2471 6
2472 8
2473 9
2474 11
2475 12
2476 15
2477 12
2478 15
2479 12
2480 13
2481 13
2482 14
2483 12
2484 11
2485 10
2486 9
2487 10
2488 7
2489 4
2490 4
2491 1
2492 0
2493 1
2494 3
2495 1
2496 4
2497 3
2498 2
2499 2
2500 2
2501 2
2502 5
2503 6
2504 4
2505 2
2506 1
2507 2
2508 4
2509 5
2510 6
2511 5
2512 3
2513 1
2514 4
2515 1
2516 2
2517 1
2518 2
2519 1
2520 1
2521 1
2522 0
2523 3
2524 1
2525 3
2526 1
2527 4
2528 4
2529 1
2530 3
2531 2
2532 5
2533 4
2534 3
2535 2
2536 3
2537 2
2538 4
2539 10
2540 13
2541 13
2542 14
2543 16
2544 13
2545 16
2546 13
2547 14
2548 11
2549 10
2550 8
2551 7
2552 6
2553 4
2554 2
2555 2
2556 3
2557 1
2558 1
2559 3
2560 2
2561 5
2562 8
2563 9
2564 9
2565 7
2566 8
2567 8
2568 9
2569 9
2570 11
2571 10
2572 9
2573 6
2574 3
2575 1
2576 3
2577 2
2578 1
2579 2
2580 0
2581 4
2582 2
2583 6
2584 6
2585 3
2586 1
2587 3
2588 1
2589 3
2590 2
2591 2
2592 2
2593 4
2594 5
2595 4
2596 5
2597 6
2598 5
2599 2
2600 3
2601 2
2602 1
2603 5
2604 3
2605 2
2606 4
2607 3
2608 2
2609 3
2610 1
2611 3
2612 5
2613 5
2614 5
2615 6
2616 6
2617 7
2618 6
2619 4
2620 2
2621 1
2622 1
2623 1
2624 4
2625 2
2626 1
2627 2
2628 2
2629 0
2630 3
2631 1
2632 1
2633 1
2634 1
2635 2
2636 3
2637 3
2638 1
2639 2
2640 1
2641 1
2642 4
2643 4
2644 2
2645 2
2646 0
2647 1
2648 1
2649 3
2650 0
2651 3
2652 3
2653 1
2654 3
2655 4
2656 5
2657 4
2658 5
2659 3
2660 3
2661 2
2662 1
2663 2
2664 5
2665 5
2666 5
2667 6
2668 6
2669 5
2670 3
2671 2
2672 3
2673 4
2674 3
2675 1
2676 1
2677 3
2678 3
2679 4
2680 6
2681 6
2682 5
2683 6
2684 4
2685 5
2686 6
2687 8
2688 9
2689 9
2690 8
2691 7
2692 9
2693 6
2694 3
2695 2
2696 2
2697 0
2698 0
2699 2
2700 1
2701 4
2702 2
2703 1
2704 4
2705 2
2706 1
2707 2
2708 4
2709 4
2710 4
2711 1
2712 3
2713 5
2714 3
2715 3
2716 1
2717 3
2718 2
2719 3
2720 3
2721 2
2722 2
2723 2
2724 0
2725 1
2726 0
2727 1
2728 5
2729 2
2730 3
2731 4
2732 6
2733 6
2734 3
2735 4
2736 4
2737 2
2738 5
2739 2
2740 5
2741 4
2742 6
2743 5
2744 3
2745 4
2746 1
2747 2
2748 1
2749 0
2750 2
2751 1
2752 1
2753 0
2754 1
2755 2
2756 1
2757 2
2758 2
2759 1
2760 1
2761 2
2762 4
2763 4
2764 2
2765 4
2766 5
2767 4
2768 3
2769 3
2770 5
2771 6
2772 9
2773 10
2774 11
2775 13
2776 11
2777 11
2778 10
2779 8
2780 7
2781 8
2782 7
2783 5
2784 5
2785 4
2786 3
2787 1
2788 3
2789 2
2790 2
2791 1
2792 1
2793 2
2794 3
2795 1
2796 7
2797 5
2798 4
2799 4
2800 3
2801 2
2802 2
2803 2
2804 2
2805 0
2806 1
2807 4
2808 2
2809 3
2810 2
2811 3
2812 2
2813 3
2814 3
2815 2
2816 2
2817 1
2818 2
2819 4
2820 5
2821 8
2822 11
2823 15
2824 13
2825 14
2826 13
2827 14
2828 14
2829 15
2830 13
2831 12
2832 12
2833 10
2834 10
2835 8
2836 9
2837 9
2838 10
2839 11
2840 12
2841 9
2842 7
2843 8
2844 8
2845 8
2846 9
2847 9
2848 8
2849 9
2850 9
2851 9
2852 7
2853 6
2854 8
2855 6
2856 3
2857 4
2858 3
2859 0
2860 0
2861 1
2862 0
2863 1
2864 4
2865 2
2866 1
2867 1
2868 1
2869 2
2870 4
2871 6
2872 5
2873 4
2874 3
2875 2
2876 0
2877 0
2878 3
2879 2
2880 2
2881 2
2882 0
2883 2
2884 1
2885 3
2886 1
2887 1
2888 1
2889 2
2890 4
2891 4
2892 5
2893 5
2894 6
2895 3
2896 2
2897 2
2898 3
2899 1
2900 3
2901 4
2902 3
2903 1
2904 2
2905 1
2906 2
2907 5
2908 3
2909 1
2910 3
2911 2
2912 2
2913 3
2914 2
2915 3
2916 3
2917 1
2918 4
2919 5
2920 5
2921 4
2922 3
2923 1
2924 3
2925 3
2926 1
2927 1
2928 2
2929 1
2930 4
2931 1
2932 3
2933 1
2934 1
2935 4
2936 1
2937 2
2938 3
2939 4
2940 3
2941 0
2942 4
2943 2
2944 2
2945 4
2946 2
2947 2
2948 1
2949 3
2950 8
2951 9
2952 10
2953 8
2954 10
2955 10
2956 9
2957 8
2958 9
2959 7
2960 6
2961 4
2962 1
2963 1
2964 3
2965 1
2966 0
2967 1
2968 2
2969 1
2970 0
2971 2
2972 3
2973 2
2974 4
2975 3
2976 1
2977 3
2978 2
2979 4
2980 9
2981 10
2982 10
2983 9
2984 8
2985 11
2986 9
2987 7
2988 8
2989 6
2990 6
2991 4
2992 5
2993 6
2994 5
2995 4
2996 6
2997 5
2998 7
2999 9
3000 11
3001 9
3002 12
3003 12
3004 13
3005 11
3006 11
3007 8
3008 7
3009 4
3010 4
3011 5
3012 3
3013 3
3014 2
3015 1
3016 3
3017 1
3018 2
3019 1
3020 1
3021 1
3022 1
3023 3
3024 2
3025 1
3026 1
3027 3
3028 5
3029 4
3030 2
3031 3
3032 1
3033 2
3034 3
3035 0
3036 1
3037 1
3038 0
3039 2
3040 5
3041 4
3042 3
3043 2
3044 2
3045 2
3046 3
3047 3
3048 3
3049 6
3050 8
3051 6
3052 6
3053 8
3054 8
3055 10
3056 10
3057 7
3058 10
3059 11
3060 8
3061 5
3062 4
3063 3
3064 2
3065 0
3066 3
3067 1
3068 0
3069 1
3070 3
3071 1
3072 3
3073 5
3074 5
3075 3
3076 1
3077 3
3078 5
3079 7
3080 7
3081 7
3082 7
3083 7
3084 4
3085 4
3086 3
3087 1
3088 3
3089 2
3090 4
3091 3
3092 3
3093 2
3094 3
3095 1
3096 3
3097 0
3098 2
3099 2
3100 1
3101 1
3102 1
3103 3
3104 0
3105 2
3106 1
3107 3
3108 1
3109 0
3110 2
3111 0
3112 2
3113 4
3114 6
3115 7
3116 10
3117 8
3118 9
3119 9
3120 8
3121 7
3122 6
3123 4
3124 7
3125 8
3126 7
3127 7
3128 7
3129 8
3130 10
3131 10
3132 11
3133 12
3134 11
3135 9
3136 6
3137 4
3138 6
3139 3
3140 1
3141 1
3142 2
3143 2
3144 2
3145 1
3146 2
3147 2
3148 5
3149 2
3150 3
3151 2
3152 2
3153 0
3154 3
3155 3
3156 2
3157 4
3158 3
3159 1
3160 2
3161 4
3162 4
3163 7
3164 7
3165 10
3166 11
3167 9
3168 7
3169 7
3170 6
3171 8
3172 9
3173 6
3174 6
3175 5
3176 2
3177 3
3178 0
3179 0
3180 3
3181 3
3182 3
3183 3
3184 4
3185 3
3186 2
3187 1
3188 4
3189 3
3190 5
3191 3
3192 5
3193 4
3194 4
3195 8
3196 9
3197 8
3198 6
3199 8
3200 7
3201 8
3202 9
3203 8
3204 6
3205 8
3206 8
3207 6
3208 5
3209 4
3210 3
3211 0
3212 8
3213 6
3214 6
3215 6
3216 6
3217 6
3218 5
3219 7
3220 5
3221 4
3222 2
3223 2
3224 1
3225 2
3226 1
3227 5
3228 4
3229 2
3230 2
3231 2
3232 1
3233 1
3234 4
3235 4
3236 3
3237 4
3238 4
3239 5
3240 7
3241 8
3242 9
3243 10
3244 13
3245 13
3246 10
3247 8
3248 6
3249 3
3250 1
3251 3
3252 1
3253 0
3254 0
3255 2
3256 3
3257 3
3258 3
3259 3
3260 3
3261 3
3262 2
3263 2
3264 3
3265 3
3266 0
3267 1
3268 2
3269 2
3270 5
3271 2
3272 3
3273 4
3274 2
3275 7
3276 11
3277 11
3278 13
3279 14
3280 15
3281 12
3282 15
3283 12
3284 11
3285 8
3286 7
3287 6
3288 4
3289 3
3290 1
3291 4
3292 3
3293 2
3294 2
3295 1
3296 1
3297 1
3298 2
3299 1
3300 5
3301 3
3302 0
3303 4
3304 3
3305 2
3306 3
3307 1
3308 2
3309 0
3310 2
3311 1
3312 1
3313 2
3314 3
3315 5
3316 6
3317 4
3318 5
3319 8
3320 10
3321 10
3322 8
3323 12
3324 11
3325 9
3326 9
3327 8
3328 9
3329 6
3330 6
3331 6
3332 6
3333 4
3334 6
3335 6
3336 7
3337 10
3338 9
3339 7
3340 10
3341 9
3342 10
3343 10
3344 8
3345 9
3346 8
3347 10
3348 8
3349 5
3350 3
3351 1
3352 3
3353 1
3354 1
3355 1
3356 1
3357 0
3358 3
3359 2
3360 2
3361 0
3362 2
3363 4
3364 2
3365 5
3366 4
3367 5
3368 8
3369 5
3370 5
3371 5
3372 5
3373 4
3374 4
3375 6
3376 6
3377 4
3378 6
3379 3
3380 2
3381 1
3382 3
3383 0
3384 3
3385 4
3386 4
3387 2
3388 0
3389 4
3390 2
3391 5
3392 5
3393 9
3394 9
3395 11
3396 9
3397 8
3398 7
3399 5
3400 6
3401 4
3402 2
3403 2
3404 2
3405 3
3406 2
3407 3
3408 3
3409 3
3410 3
3411 1
3412 4
3413 7
3414 7
3415 6
3416 7
3417 8
3418 5
3419 2
3420 1
3421 3
3422 1
3423 1
3424 3
3425 5
3426 7
3427 7
3428 7
3429 9
3430 10
3431 10
3432 10
3433 8
3434 8
3435 8
3436 7
3437 6
3438 7
3439 4
3440 4
3441 1
3442 2
3443 0
3444 0
3445 1
3446 1
3447 2
3448 5
3449 5
3450 7
3451 7
3452 9
3453 8
3454 5
3455 4
3456 4
3457 4
3458 3
3459 2
3460 2
3461 6
3462 3
3463 7
3464 7
3465 6
3466 5
3467 5
3468 6
3469 7
3470 7
3471 6
3472 7
3473 7
3474 5
3475 4
3476 3
3477 1
3478 3
3479 3
3480 2
3481 5
3482 4
3483 2
3484 0
3485 3
3486 3
3487 0
3488 6
3489 7
3490 8
3491 8
3492 8
3493 8
3494 5
3495 5
3496 3
3497 3
3498 3
3499 2
3500 4
3501 2
3502 4
3503 4
3504 6
3505 7
3506 6
3507 5
3508 4
3509 2
3510 4
3511 3
3512 2
3513 0
3514 1
3515 1
3516 1
3517 2
3518 2
3519 2
3520 4
3521 4
3522 4
3523 5
3524 5
3525 4
3526 4
3527 2
3528 3
3529 6
3530 6
3531 7
3532 6
3533 4
3534 3
3535 3
3536 3
3537 2
3538 5
3539 4
3540 1
3541 2
3542 4
3543 2
3544 1
3545 3
3546 3
3547 4
3548 4
3549 2
3550 2
3551 4
3552 8
3553 10
3554 8
3555 8
3556 12
3557 11
3558 11
3559 10
3560 11
3561 12
3562 9
3563 6
3564 6
3565 4
3566 4
3567 3
3568 0
3569 3
3570 3
3571 3
3572 1
3573 3
3574 2
3575 4
3576 6
3577 4
3578 1
3579 0
3580 0
3581 3
3582 0
3583 4
3584 3
3585 1
3586 3
3587 2
3588 3
3589 0
3590 6
3591 9
3592 8
3593 9
3594 7
3595 5
3596 3
3597 1
3598 2
3599 2
3600 1
3601 0
3602 4
3603 4
3604 4
3605 5
3606 6
3607 5
3608 6
3609 7
3610 6
3611 5
3612 4
3613 4
3614 2
3615 7
3616 6
3617 9
3618 9
3619 9
3620 9
3621 9
3622 7
3623 6
3624 6
3625 5
3626 3
3627 1
3628 2
3629 1
3630 0
3631 2
3632 1
3633 3
3634 5
3635 6
3636 5
3637 4
3638 5
3639 6
3640 4
3641 2
3642 5
3643 5
3644 6
3645 4
3646 6
3647 5
3648 6
3649 4
3650 3
3651 4
3652 8
3653 8
3654 8
3655 7
3656 6
3657 3
3658 0
3659 1
3660 2
3661 3
3662 2
3663 2
3664 0
3665 1
3666 4
3667 3
3668 5
3669 4
3670 1
3671 4
3672 4
3673 2
3674 2
3675 2
3676 3
3677 3
3678 3
3679 4
3680 8
3681 9
3682 9
3683 10
3684 12
3685 14
3686 14
3687 15
3688 12
3689 15
3690 12
3691 12
3692 13
3693 12
3694 9
3695 8
3696 8
3697 8
3698 7
3699 5
3700 7
3701 6
3702 6
3703 5
3704 5
3705 4
3706 5
3707 3
3708 5
3709 6
3710 8
3711 11
3712 10
3713 9
3714 7
3715 5
3716 6
3717 8
3718 9
3719 8
3720 11
3721 10
3722 9
3723 7
3724 4
3725 2
3726 2
3727 2
3728 4
3729 3
3730 1
3731 1
3732 2
3733 1
3734 5
3735 4
3736 5
3737 8
3738 8
3739 8
3740 8
3741 11
3742 13
3743 11
3744 9
3745 10
3746 10
3747 11
3748 11
3749 10
3750 10
3751 10
3752 10
3753 10
3754 12
3755 9
3756 9
3757 10
3758 9
3759 8
3760 5
3761 5
3762 5
3763 3
3764 0
3765 0
3766 1
3767 1
3768 1
3769 1
3770 0
3771 1
3772 0
3773 1
3774 2
3775 5
3776 5
3777 3
3778 4
3779 3
3780 0
3781 2
3782 3
3783 3
3784 2
3785 2
3786 1
3787 3
3788 3
3789 5
3790 8
3791 10
3792 11
3793 13
3794 15
3795 13
3796 13
3797 14
3798 14
3799 14
3800 11
3801 11
3802 12
3803 12
3804 11
3805 13
3806 15
3807 12
3808 12
3809 11
3810 11
3811 10
3812 7
3813 5
3814 4
3815 1
3816 2
3817 2
3818 4
3819 2
3820 5
3821 6
3822 7
3823 7
3824 8
3825 8
3826 9
3827 8
3828 8
3829 5
3830 4
3831 4
3832 4
3833 7
3834 6
3835 5
3836 4
3837 2
3838 2
3839 2
3840 3
3841 0
3842 1
3843 6
3844 8
3845 7
3846 9
3847 8
3848 7
3849 7
3850 5
3851 5
3852 2
3853 3
3854 0
3855 4
3856 4
3857 5
3858 3
3859 3
3860 5
3861 4
3862 5
3863 4
3864 8
3865 8
3866 5
3867 7
3868 8
3869 8
3870 9
3871 8
3872 8
3873 7
3874 10
3875 10
3876 10
3877 8
3878 5
3879 4
3880 3
3881 1
3882 4
3883 6
3884 4
3885 5
3886 4
3887 3
3888 1
3889 2
3890 3
3891 1
3892 3
3893 0
3894 3
3895 0
3896 3
3897 2
3898 7
3899 5
3900 3
3901 2
3902 1
3903 5
3904 7
3905 7
3906 8
3907 6
3908 5
3909 5
3910 4
3911 1
3912 1
3913 3
3914 3
3915 3
3916 4
3917 4
3918 3
3919 5
3920 4
3921 4
3922 2
3923 1
3924 2
3925 0
3926 3
3927 7
3928 7
3929 8
3930 10
3931 9
3932 12
3933 13
3934 13
3935 14
3936 13
3937 12
3938 11
3939 9
3940 8
3941 5
3942 5
3943 2
3944 1
3945 1
3946 2
3947 0
3948 4
3949 2
3950 2
3951 6
3952 6
3953 5
3954 3
3955 2
3956 3
3957 2
3958 2
3959 8
3960 8
3961 8
3962 9
3963 8
3964 8
3965 6
3966 6
3967 7
3968 7
3969 7
3970 7
3971 10
3972 10
3973 9
3974 8
3975 7
3976 7
3977 5
3978 3
3979 2
3980 3
3981 1
3982 1
3983 2
3984 1
3985 2
3986 3
3987 1
3988 1
3989 1
3990 2
3991 2
3992 1
3993 3
3994 2
3995 4
3996 3
3997 0
3998 1
3999 2
4000 6
4001 5
4002 6
4003 5
4004 2
4005 2
4006 2
4007 0
4008 4
4009 3
4010 3
4011 2
4012 2
4013 2
4014 3
4015 4
4016 5
4017 4
4018 4
4019 4
4020 5
4021 7
4022 6
4023 5
4024 7
4025 5
4026 4
4027 6
4028 7
4029 7
4030 6
4031 5
4032 5
4033 5
4034 4
4035 4
4036 3
4037 3
4038 5
4039 6
4040 5
4041 3
4042 3
4043 1
4044 3
4045 3
4046 2
4047 3
4048 3
4049 2
4050 1
4051 5
4052 7
4053 7
4054 7
4055 6
4056 5
4057 6
4058 4
4059 2
4060 1
4061 2
4062 2
4063 4
4064 6
4065 6
4066 4
4067 4
4068 4
4069 1
4070 4
4071 3
4072 0
4073 1
4074 2
4075 1
4076 2
4077 1
4078 2
4079 6
4080 5
4081 8
4082 6
4083 7
4084 6
4085 4
4086 1
4087 2
4088 1
4089 1
4090 2
4091 2
4092 1
4093 2
4094 1
4095 1
4096 1
4097 1
4098 2
4099 0
4100 4
4101 1
4102 3
4103 4
4104 3
4105 2
4106 3
4107 2
4108 3
4109 1
4110 5
4111 4
4112 1
4113 3
4114 2
4115 2
4116 2
4117 2
4118 2
4119 1
4120 1
4121 2
4122 5
4123 5
4124 5
4125 4
4126 4
4127 4
4128 4
4129 4
4130 8
4131 7
4132 5
4133 2
4134 1
4135 1
4136 0
4137 3
4138 1
4139 6
4140 4
4141 4
4142 2
4143 1
4144 2
4145 1
4146 2
4147 2
4148 0
4149 5
4150 6
4151 4
4152 4
4153 6
4154 8
4155 8
4156 9
4157 10
4158 8
4159 8
4160 6
4161 4
4162 4
4163 5
4164 3
4165 4
4166 2
4167 2
4168 1
4169 1
4170 5
4171 2
4172 7
4173 11
4174 8
4175 7
4176 7
4177 6
4178 4
4179 5
4180 5
4181 5
4182 2
4183 5
4184 6
4185 6
4186 5
4187 5
4188 3
4189 2
4190 1
4191 1
4192 3
4193 1
4194 1
4195 2
4196 1
4197 1
4198 3
4199 4
4200 4
4201 4
4202 7
4203 7
4204 6
4205 5
4206 5
4207 7
4208 5
4209 7
4210 4
4211 3
4212 3
4213 0
4214 2
4215 2
4216 0
4217 1
4218 3
4219 2
4220 2
4221 3
4222 4
4223 2
4224 6
4225 4
4226 3
4227 4
4228 5
4229 7
4230 7
4231 7
4232 6
4233 7
4234 9
4235 6
4236 4
4237 5
4238 7
4239 4
4240 5
4241 3
4242 1
4243 3
4244 3
4245 3
4246 2
4247 2
4248 4
4249 9
4250 11
4251 12
4252 16
4253 13
4254 18
4255 15
4256 13
4257 17
4258 14
4259 19
4260 16
4261 13
4262 21
4263 18
4264 15
4265 12
4266 19
4267 16
4268 13
4269 20
4270 17
4271 14
4272 18
4273 15
4274 12
4275 16
4276 14
4277 15
4278 12
4279 15
4280 12
4281 11
4282 10
4283 8
4284 6
4285 7
4286 4
4287 2
4288 1
4289 2
4290 0
4291 1
4292 2
4293 3
4294 0
4295 0
4296 6
4297 5
4298 4
4299 3
4300 3
4301 2
4302 1
4303 1
4304 3
4305 5
4306 4
4307 6
4308 9
4309 10
4310 11
4311 14
4312 15
4313 12
4314 14
4315 12
4316 13
4317 12
4318 11
4319 9
4320 7
4321 9
4322 6
4323 6
4324 6
4325 3
4326 3
4327 4
4328 1
4329 2
4330 5
4331 4
4332 3
4333 1
4334 3
4335 3
4336 4
4337 3
4338 2
4339 2
4340 2
4341 4
4342 4
4343 6
4344 6
4345 4
4346 6
4347 7
4348 6
4349 8
4350 9
4351 8
4352 8
4353 7
4354 6
4355 3
4356 1
4357 4
4358 1
4359 3
4360 0
4361 2
4362 3
4363 1
4364 2
4365 3
4366 2
4367 1
4368 5
4369 5
4370 6
4371 5
4372 5
4373 3
4374 2
4375 6
4376 10
4377 12
4378 13
4379 16
4380 13
4381 17
4382 14
4383 15
4384 12
4385 14
4386 14
4387 14
4388 15
4389 12
4390 12
4391 14
4392 15
4393 12
4394 17
4395 14
4396 16
4397 14
4398 18
4399 15
4400 12
4401 17
4402 14
4403 18
4404 15
4405 12
4406 14
4407 12
4408 9
4409 7
4410 5
4411 3
4412 2
4413 1
4414 3
4415 3
4416 1
4417 4
4418 1
4419 5
4420 9
4421 8
4422 8
4423 7
4424 10
4425 9
4426 11
4427 10
4428 10
4429 8
4430 8
4431 5
4432 5
4433 7
4434 7
4435 6
4436 7
4437 6
4438 7
4439 4
4440 3
4441 1
4442 3
4443 2
4444 7
4445 5
4446 5
4447 5
4448 5
4449 4
4450 4
4451 6
4452 5
4453 6
4454 6
4455 6
4456 7
4457 7
4458 5
4459 3
4460 3
4461 5
4462 5
4463 4
4464 7
4465 10
4466 12
4467 13
4468 15
4469 14
4470 14
4471 14
4472 12
4473 9
4474 7
4475 7
4476 7
4477 5
4478 2
4479 4
4480 4
4481 4
4482 2
4483 2
4484 3
4485 1
4486 5
4487 3
4488 2
4489 3
4490 1
4491 5
4492 12
4493 11
4494 9
4495 7
4496 5
4497 2
4498 3
4499 3
4500 3
4501 7
4502 4
4503 6
4504 5
4505 3
4506 3
4507 3
4508 3
4509 1
4510 0
4511 4
4512 4
4513 2
4514 4
4515 5
4516 5
4517 5
4518 5
4519 6
4520 6
4521 8
4522 10
4523 12
4524 13
4525 15
4526 12
4527 17
4528 14
4529 17
4530 14
4531 17
4532 15
4533 12
4534 15
4535 12
4536 14
4537 14
4538 15
4539 12
4540 10
4541 7
4542 5
4543 2
4544 0
4545 1
4546 1
4547 1
4548 2
4549 1
4550 3
4551 2
4552 2
4553 1
4554 3
4555 1
4556 2
4557 3
4558 1
4559 4
4560 4
4561 3
4562 2
4563 5
4564 4
4565 3
4566 5
4567 7
4568 7
4569 6
4570 4
4571 2
4572 5
4573 2
4574 2
4575 4
4576 5
4577 8
4578 8
4579 7
4580 10
4581 9
4582 8
4583 7
4584 8
4585 6
4586 3
4587 1
4588 1
4589 5
4590 6
4591 4
4592 3
4593 4
4594 4
4595 3
4596 3
4597 1
4598 2
4599 3
4600 3
4601 3
4602 6
4603 7
4604 9
4605 10
4606 8
4607 10
4608 9
4609 9
4610 8
4611 7
4612 7
4613 6
4614 4
4615 2
4616 0
4617 3
4618 2
4619 1
4620 4
4621 6
4622 6
4623 7
4624 5
4625 6
4626 6
4627 7
4628 4
4629 7
4630 4
4631 5
4632 4
4633 2
4634 4
4635 5
4636 5
4637 4
4638 4
4639 6
4640 7
4641 7
4642 7
4643 8
4644 9
4645 8
4646 8
4647 7
4648 4
4649 2
4650 4
4651 2
4652 2
4653 3
4654 6
4655 4
4656 2
4657 4
4658 2
4659 3
4660 4
4661 2
4662 1
4663 3
4664 1
4665 0
4666 4
4667 3
4668 3
4669 1
4670 4
4671 5
4672 5
4673 8
4674 7
4675 4
4676 3
4677 1
4678 0
4679 3
4680 1
4681 1
4682 0
4683 3
4684 1
4685 2
4686 2
4687 1
4688 2
4689 3
4690 3
4691 2
4692 1
4693 6
4694 8
4695 6
4696 8
4697 6
4698 6
4699 5
4700 5
4701 5
4702 4
4703 3
4704 2
4705 2
4706 4
4707 4
4708 3
4709 6
4710 5
4711 5
4712 7
4713 6
4714 5
4715 3
4716 5
4717 5
4718 5
4719 6
4720 9
4721 8
4722 10
4723 10
4724 12
4725 13
4726 12
4727 13
4728 14
4729 14
4730 14
4731 14
4732 11
4733 9
4734 9
4735 11
4736 11
4737 9
4738 8
4739 5
4740 4
4741 2
4742 3
4743 3
4744 1
4745 1
4746 2
4747 3
4748 2
4749 3
4750 5
4751 6
4752 7
4753 11
4754 13
4755 13
4756 13
4757 14
4758 12
4759 11
4760 11
4761 8
4762 8
4763 5
4764 6
4765 4
4766 1
4767 4
4768 3
4769 4
4770 3
4771 2
4772 3
4773 4
4774 2
4775 1
4776 6
4777 3
4778 2
4779 5
4780 3
4781 4
4782 3
4783 4
4784 3
4785 4
4786 4
4787 5
4788 4
4789 3
4790 3
4791 4
4792 3
4793 6
4794 9
4795 9
4796 9
4797 7
4798 4
4799 3
4800 1
4801 3
4802 3
4803 1
4804 1
4805 1
4806 2
4807 4
4808 5
4809 7
4810 6
4811 8
4812 9
4813 9
4814 12
4815 10
4816 7
4817 5
4818 3
4819 1
4820 3
4821 2
4822 3
4823 5
4824 4
4825 2
4826 1
4827 6
4828 10
4829 8
4830 8
4831 7
4832 8
4833 6
4834 7
4835 6
4836 7
4837 7
4838 10
4839 8
4840 6
4841 7
4842 5
4843 7
4844 7
4845 5
4846 4
4847 2
4848 3
4849 1
4850 1
4851 1
4852 1
4853 2
4854 2
4855 2
4856 1
4857 2
4858 2
4859 2
4860 5
4861 3
4862 2
4863 9
4864 10
4865 10
4866 12
4867 10
4868 9
4869 6
4870 4
4871 1
4872 3
4873 8
4874 7
4875 7
4876 7
4877 9
4878 14
4879 15
4880 13
4881 17
4882 14
4883 18
4884 15
4885 12
4886 13
4887 12
4888 11
4889 10
4890 7
4891 5
4892 5
4893 6
4894 3
4895 1
4896 2
4897 3
4898 1
4899 6
4900 7
4901 8
4902 8
4903 9
4904 7
4905 5
4906 6
4907 3
4908 0
4909 1
4910 1
4911 3
4912 2
4913 5
4914 8
4915 10
4916 10
4917 7
4918 6
4919 5
4920 5
4921 3
4922 1
4923 2
4924 0
4925 3
4926 1
4927 0
4928 2
4929 1
4930 0
4931 2
4932 5
4933 2
4934 3
4935 3
4936 1
4937 2
4938 3
4939 4
4940 3
4941 5
4942 3
4943 2
4944 5
4945 2
4946 5
4947 5
4948 3
4949 3
4950 3
4951 3
4952 3
4953 1
4954 3
4955 5
4956 3
4957 1
4958 3
4959 3
4960 4
4961 2
4962 2
4963 1
4964 1
4965 3
4966 0
4967 3
4968 3
4969 3
4970 3
4971 2
4972 6
4973 7
4974 5
4975 6
4976 4
4977 3
4978 2
4979 0
4980 3
4981 2
4982 1
4983 1
4984 3
4985 1
4986 4
4987 8
4988 8
4989 9
4990 7
4991 4
4992 2
4993 5
4994 3
4995 4
4996 7
4997 7
4998 9
4999 9
5000 8
5001 8
5002 7
5003 7
5004 6
5005 5
5006 4
5007 4
5008 3
5009 2
5010 3
5011 2
5012 3
5013 4
5014 4
5015 5
5016 4
5017 4
5018 3
5019 3
5020 1
5021 3
5022 2
5023 0
5024 4
5025 2
5026 1
5027 2
5028 0
5029 2
5030 0
5031 5
5032 3
5033 1
5034 1
5035 1
5036 1
5037 5
5038 2
5039 0
5040 1
5041 2
5042 2
5043 2
5044 3
5045 2
5046 7
5047 6
5048 7
5049 4
5050 5
5051 4
5052 4
5053 1
5054 1
5055 1
5056 2
5057 0
5058 1
5059 0
5060 1
5061 3
5062 2
5063 5
5064 7
5065 7
5066 8
5067 9
5068 11
5069 12
5070 11
5071 11
5072 12
5073 12
5074 12
5075 13
5076 12
5077 12
5078 12
5079 9
5080 8
5081 6
5082 7
5083 5
5084 3
5085 3
5086 6
5087 3
5088 3
5089 3
5090 3
5091 3
5092 3
5093 5
5094 7
5095 7
5096 7
5097 4
5098 3
5099 1
5100 5
5101 5
5102 7
5103 4
5104 3
5105 0
5106 3
5107 2
5108 0
5109 2
5110 4
5111 1
5112 2
5113 2
5114 3
5115 3
5116 3
5117 3
5118 4
5119 7
5120 11
5121 12
5122 11
5123 11
5124 9
5125 9
5126 12
5127 12
5128 13
5129 13
5130 15
5131 12
5132 13
5133 11
5134 8
5135 8
5136 5
5137 6
5138 4
5139 7
5140 7
5141 10
5142 10
5143 10
5144 8
5145 8
5146 6
5147 4
5148 1
5149 3
5150 0
5151 2
5152 0
5153 4
5154 3
5155 3
5156 2
5157 1
5158 2
5159 5
5160 5
5161 6
5162 5
5163 4
5164 2
5165 2
5166 3
5167 3
5168 4
5169 3
5170 1
5171 0
5172 4
5173 4
5174 5
5175 2
5176 1
5177 3
5178 2
5179 3
5180 5
5181 4
5182 3
5183 1
5184 3
5185 1
5186 4
5187 5
5188 4
5189 2
5190 1
5191 3
5192 2
5193 2
5194 5
5195 2
5196 5
5197 6
5198 4
5199 10
5200 11
5201 13
5202 14
5203 15
5204 13
5205 17
5206 14
5207 16
5208 13
5209 13
5210 13
5211 14
5212 12
5213 12
5214 11
5215 9
5216 8
5217 6
5218 5
5219 7
5220 5
5221 5
5222 2
5223 1
5224 2
5225 4
5226 5
5227 2
5228 4
5229 7
5230 8
5231 9
5232 7
5233 5
5234 6
5235 6
5236 7
5237 8
5238 6
5239 6
5240 4
5241 4
5242 4
5243 2
5244 2
5245 5
5246 7
5247 9
5248 8
5249 9
5250 8
5251 10
5252 10
5253 10
5254 9
5255 10
5256 10
5257 8
5258 8
5259 7
5260 9
5261 8
5262 6
5263 4
5264 3
5265 0
5266 3
5267 5
5268 6
5269 3
5270 4
5271 1
5272 1
5273 4
5274 3
5275 3
5276 4
5277 1
5278 4
5279 3
5280 0
5281 0
5282 2
5283 1
5284 4
5285 3
5286 0
5287 3
5288 2
5289 0
5290 1
5291 0
5292 2
5293 1
5294 3
5295 3
5296 9
5297 7
5298 6
5299 8
5300 9
5301 12
5302 12
5303 12
5304 12
5305 10
5306 10
5307 7
5308 6
5309 4
5310 2
5311 3
5312 2
5313 2
5314 1
5315 1
5316 4
5317 3
5318 7
5319 7
5320 5
5321 5
5322 3
5323 1
5324 1
5325 1
5326 1
5327 1
5328 0
5329 1
5330 3
5331 3
5332 1
5333 3
5334 0
5335 2
5336 2
5337 2
5338 3
5339 2
5340 3
5341 0
5342 6
5343 6
5344 6
5345 3
5346 3
5347 4
5348 4
5349 5
5350 5
5351 6
5352 7
5353 10
5354 10
5355 10
5356 11
5357 9
5358 9
5359 6
5360 5
5361 3
5362 2
5363 1
5364 0
5365 0
5366 2
5367 3
5368 3
5369 4
5370 2
5371 4
5372 3
5373 2
5374 4
5375 4
5376 1
5377 2
5378 2
5379 4
5380 4
5381 5
5382 5
5383 3
5384 2
5385 4
5386 4
5387 6
5388 8
5389 8
5390 7
5391 9
5392 6
5393 8
5394 6
5395 4
5396 3
5397 2
5398 4
5399 2
5400 2
5401 3
5402 4
5403 5
5404 2
5405 1
5406 2
5407 1
5408 3
5409 1
5410 0
5411 1
5412 5
5413 3
5414 4
5415 1
5416 0
5417 5
5418 3
5419 7
5420 7
5421 4
5422 7
5423 4
5424 4
5425 2
5426 5
5427 3
5428 1
5429 2
5430 3
5431 4
5432 7
5433 6
5434 6
5435 5
5436 11
5437 8
5438 10
5439 9
5440 10
5441 8
5442 7
5443 6
5444 5
5445 3
5446 3
5447 3
5448 2
5449 1
5450 2
5451 1
5452 2
5453 5
5454 2
5455 3
5456 1
5457 0
5458 2
5459 2
5460 4
5461 2
5462 5
5463 4
5464 1
5465 3
5466 4
5467 4
5468 6
5469 7
5470 7
5471 8
5472 9
5473 10
5474 9
5475 10
5476 10
5477 8
5478 8
5479 6
5480 6
5481 7
5482 5
5483 4
5484 2
5485 2
5486 2
5487 3
5488 1
5489 0
5490 2
5491 1
5492 1
5493 3
5494 3
5495 6
5496 4
5497 1
5498 2
5499 1
5500 1
5501 1
5502 2
5503 2
5504 3
5505 2
5506 2
5507 2
5508 2
5509 4
5510 7
5511 9
5512 7
5513 6
5514 5
5515 3
5516 3
5517 1
5518 1
5519 1
5520 3
5521 1
5522 1
5523 1
5524 2
5525 4
5526 4
5527 6
5528 9
5529 10
5530 8
5531 10
5532 10
5533 10
5534 8
5535 12
5536 11
5537 11
5538 10
5539 7
5540 8
5541 8
5542 6
5543 7
5544 5
5545 2
5546 2
5547 3
5548 1
5549 3
5550 1
5551 3
5552 4
5553 4
5554 4
5555 4
5556 4
5557 4
5558 1
5559 3
5560 3
5561 3
5562 0
5563 6
5564 7
5565 7
5566 9
5567 10
5568 8
5569 7
5570 9
5571 9
5572 7
5573 7
5574 6
5575 8
5576 5
5577 7
5578 7
5579 8
5580 11
5581 8
5582 6
5583 8
5584 5
5585 4
5586 2
5587 1
5588 0
5589 1
5590 0
5591 0
5592 2
5593 1
5594 2
5595 0
5596 3
5597 2
5598 3
5599 4
5600 3
5601 1
5602 3
5603 1
5604 1
5605 2
5606 3
5607 0
5608 2
5609 2
5610 4
5611 7
5612 6
5613 4
5614 3
5615 0
5616 3
5617 3
5618 1
5619 1
5620 2
5621 2
5622 2
5623 3
5624 4
5625 6
5626 6
5627 4
5628 7
5629 7
5630 7
5631 5
5632 5
5633 4
5634 4
5635 4
5636 2
5637 4
5638 4
5639 4
5640 5
5641 3
5642 3
5643 5
5644 5
5645 5
5646 5
5647 5
5648 6
5649 7
5650 6
5651 8
5652 10
5653 8
5654 6
5655 5
5656 4
5657 4
5658 4
5659 3
5660 3
5661 2
5662 2
5663 2
5664 2
5665 2
5666 3
5667 4
5668 3
5669 6
5670 8
5671 8
5672 12
5673 10
5674 11
5675 10
5676 10
5677 8
5678 7
5679 6
5680 4
5681 3
5682 1
5683 3
5684 1
5685 2
5686 4
5687 4
5688 4
5689 8
5690 8
5691 6
5692 7
5693 6
5694 4
5695 3
5696 3
5697 4
5698 2
5699 2
5700 2
5701 1
5702 2
5703 3
5704 1
5705 1
5706 2
5707 3
5708 2
5709 1
5710 3
5711 2
5712 2
5713 3
5714 2
5715 5
5716 5
5717 3
5718 2
5719 2
5720 2
5721 2
5722 5
5723 2
5724 0
5725 4
5726 4
5727 3
5728 4
5729 2
5730 2
5731 1
5732 1
5733 5
5734 2
5735 3
5736 3
5737 1
5738 1
5739 8
5740 9
5741 9
5742 10
5743 10
5744 9
5745 10
5746 7
5747 6
5748 3
5749 2
5750 3
5751 3
5752 2
5753 0
5754 1
5755 1
5756 5
5757 5
5758 3
5759 3
5760 0
5761 0
5762 4
5763 4
5764 2
5765 3
5766 1
5767 4
5768 3
5769 5
5770 7
5771 9
5772 8
5773 9
5774 10
5775 9
5776 7
5777 7
5778 10
5779 10
5780 10
5781 10
5782 11
5783 12
5784 12
5785 9
5786 8
5787 6
5788 3
5789 0
5790 1
5791 1
5792 2
5793 5
5794 4
5795 2
5796 1
5797 5
5798 5
5799 8
5800 5
5801 9
5802 8
5803 7
5804 8
5805 7
5806 5
5807 4
5808 2
5809 4
5810 3
5811 3
5812 3
5813 4
5814 3
5815 3
5816 2
5817 2
5818 2
5819 2
5820 3
5821 3
5822 4
5823 2
5824 2
5825 3
5826 2
5827 2
5828 1
5829 2
5830 2
5831 1
5832 4
5833 3
5834 3
5835 4
5836 4
5837 6
5838 5
5839 5
5840 6
5841 4
5842 2
5843 2
5844 3
5845 2
5846 2
5847 6
5848 7
5849 4
5850 3
5851 5
5852 5
5853 5
5854 2
5855 3
5856 2
5857 2
5858 1
5859 5
5860 6
5861 7
5862 6
5863 7
5864 6
5865 6
5866 7
5867 5
5868 3
5869 1
5870 2
5871 2
5872 3
5873 2
5874 2
5875 5
5876 3
5877 2
5878 1
5879 2
5880 5
5881 3
5882 2
5883 1
5884 3
5885 3
5886 4
5887 2
5888 2
5889 0
5890 4
5891 4
5892 3
5893 2
5894 2
5895 1
5896 1
5897 2
5898 1
5899 1
5900 2
5901 3
5902 1
5903 1
5904 0
5905 4
5906 4
5907 2
5908 1
5909 2
5910 1
5911 4
5912 3
5913 1
5914 0
5915 0
5916 3
5917 2
5918 3
5919 0
5920 3
5921 2
5922 1
5923 1
5924 5
5925 6
5926 6
5927 5
5928 6
5929 7
5930 8
5931 8
5932 7
5933 6
5934 5
5935 3
5936 1
5937 2
5938 1
5939 1
5940 3
5941 1
5942 1
5943 3
5944 1
5945 4
5946 3
5947 2
5948 2
5949 3
5950 0
5951 2
5952 1
5953 2
5954 1
5955 1
5956 5
5957 5
5958 4
5959 2
5960 1
5961 0
5962 5
5963 3
5964 2
5965 2
5966 2
5967 0
5968 3
5969 1
5970 1
5971 4
5972 6
5973 7
5974 7
5975 4
5976 3
5977 4
5978 9
5979 9
5980 8
5981 8
5982 8
5983 8
5984 7
5985 7
5986 5
5987 4
5988 4
5989 2
5990 5
5991 4
5992 2
5993 1
5994 2
5995 0
5996 1
5997 1
5998 1
5999 2
6000 2
6001 1
6002 2
6003 2
6004 1
6005 0
6006 2
6007 0
6008 1
6009 1
6010 3
6011 5
6012 4
6013 8
6014 9
6015 8
6016 10
6017 9
6018 9
6019 8
6020 8
6021 9
6022 8
6023 7
6024 6
6025 5
6026 6
6027 4
6028 3
6029 2
6030 2
6031 4
6032 2
6033 2
6034 2
6035 3
6036 1
6037 1
6038 5
6039 5
6040 9
6041 7
6042 5
6043 6
6044 5
6045 5
6046 4
6047 6
6048 3
6049 1
6050 3
6051 1
6052 1
6053 4
6054 6
6055 6
6056 3
6057 0
6058 1
6059 2
6060 1
6061 4
6062 4
6063 3
6064 2
6065 0
6066 3
6067 4
6068 2
6069 4
6070 4
6071 7
6072 5
6073 4
6074 4
6075 4
6076 2
6077 1
6078 1
6079 3
6080 4
6081 4
6082 4
6083 5
6084 8
6085 10
6086 12
6087 14
6088 17
6089 14
6090 19
6091 16
6092 13
6093 20
6094 17
6095 15
6096 13
6097 20
6098 17
6099 14
6100 20
6101 17
6102 14
6103 18
6104 15
6105 12
6106 19
6107 16
6108 13
6109 14
6110 15
6111 12
6112 12
6113 13
6114 11
6115 10
6116 8
6117 5
6118 3
6119 4
6120 2
6121 1
6122 0
6123 1
6124 3
6125 2
6126 1
6127 3
6128 1
6129 4
6130 4
6131 1
6132 0
6133 2
6134 0
6135 2
6136 2
6137 2
6138 0
6139 2
6140 4
6141 4
6142 3
6143 2
6144 3
6145 3
6146 8
6147 8
6148 11
6149 11
6150 12
6151 13
6152 12
6153 13
6154 12
6155 12
6156 12
6157 11
6158 11
6159 10
6160 9
6161 6
6162 5
6163 3
6164 3
6165 0
6166 3
6167 4
6168 6
6169 4
6170 4
6171 4
6172 3
6173 3
6174 1
6175 1
6176 4
6177 3
6178 0
6179 2
6180 1
6181 2
6182 1
6183 1
6184 3
6185 3
6186 3
6187 4
6188 5
6189 7
6190 7
6191 6
6192 7
6193 7
6194 8
6195 9
6196 8
6197 6
6198 8
6199 6
6200 3
6201 3
6202 1
6203 0
6204 2
6205 0
6206 2
6207 2
6208 1
6209 4
6210 4
6211 1
6212 0
6213 0
6214 2
6215 2
6216 3
6217 2
6218 3
6219 1
6220 4
6221 5
6222 3
6223 3
6224 2
6225 4
6226 3
6227 5
6228 5
6229 7
6230 8
6231 11
6232 13
6233 11
6234 11
6235 9
6236 10
6237 10
6238 9
6239 8
6240 8
6241 9
6242 7
6243 7
6244 7
6245 9
6246 7
6247 6
6248 5
6249 4
6250 5
6251 8
6252 12
6253 11
6254 10
6255 9
6256 9
6257 6
6258 6
6259 7
6260 6
6261 3
6262 3
6263 1
6264 2
6265 2
6266 1
6267 4
6268 3
6269 5
6270 7
6271 5
6272 5
6273 4
6274 2
6275 4
6276 2
6277 3
6278 1
6279 2
6280 2
6281 0
6282 2
6283 2
6284 3
6285 2
6286 3
6287 1
6288 3
6289 3
6290 3
6291 3
6292 1
6293 3
6294 2
6295 1
6296 3
6297 3
6298 0
6299 1
6300 1
6301 1
6302 0
6303 0
6304 0
6305 0
6306 1
6307 2
6308 1
6309 2
6310 3
6311 2
6312 0
6313 1
6314 3
6315 1
6316 2
6317 3
6318 6
6319 8
6320 8
6321 7
6322 4
6323 3
6324 4
6325 1
6326 1
6327 1
6328 3
6329 1
6330 4
6331 4
6332 3
6333 5
6334 4
6335 3
6336 6
6337 6
6338 6
6339 4
6340 4
6341 5
6342 5
6343 4
6344 4
6345 4
6346 2
6347 3
6348 3
6349 3
6350 4
6351 8
6352 5
6353 6
6354 5
6355 6
6356 9
6357 10
6358 9
6359 11
6360 9
6361 7
6362 8
6363 8
6364 7
6365 8
6366 7
6367 5
6368 3
6369 2
6370 4
6371 3
6372 1
6373 3
6374 1
6375 1
6376 5
6377 7
6378 9
6379 8
6380 12
6381 12
6382 10
6383 8
6384 8
6385 7
6386 7
6387 7
6388 7
6389 4
6390 1
6391 4
6392 1
6393 1
6394 5
6395 3
6396 3
6397 2
6398 3
6399 2
6400 3
6401 1
6402 5
6403 4
6404 5
6405 6
6406 9
6407 7
6408 9
6409 9
6410 9
6411 9
6412 7
6413 6
6414 4
6415 3
6416 0
6417 0
6418 2
6419 0
6420 4
6421 3
6422 6
6423 5
6424 4
6425 4
6426 3
6427 3
6428 0
6429 4
6430 4
6431 4
6432 3
6433 1
6434 1
6435 5
6436 5
6437 5
6438 4
6439 6
6440 4
6441 4
6442 3
6443 3
6444 4
6445 5
6446 2
6447 5
6448 6
6449 10
6450 11
6451 15
6452 12
6453 14
6454 14
6455 15
6456 12
6457 17
6458 16
6459 13
6460 22
6461 19
6462 16
6463 16
6464 13
6465 20
6466 17
6467 14
6468 21
6469 18
6470 15
6471 12
6472 15
6473 12
6474 14
6475 14
6476 14
6477 14
6478 13
6479 11
6480 11
6481 10
6482 8
6483 7
6484 6
6485 4
6486 4
6487 3
6488 0
6489 2
6490 1
6491 0
6492 4
6493 5
6494 4
6495 1
6496 5
6497 3
6498 0
6499 2
6500 1
6501 3
6502 3
6503 2
6504 5
6505 6
6506 4
6507 3
6508 7
6509 10
6510 9
6511 8
6512 7
6513 8
6514 9
6515 9
6516 9
6517 7
6518 5
6519 4
6520 3
6521 4
6522 6
6523 5
6524 7
6525 11
6526 11
6527 14
6528 16
6529 13
6530 15
6531 12
6532 15
6533 12
6534 15
6535 12
6536 12
6537 12
6538 12
6539 13
6540 12
6541 11
6542 14
6543 14
6544 14
6545 13
6546 13
6547 12
6548 11
6549 11
6550 10
6551 9
6552 8
6553 7
6554 6
6555 4
6556 2
6557 1
6558 4
6559 6
6560 5
6561 7
6562 9
6563 7
6564 6
6565 4
6566 4
6567 1
6568 3
6569 5
6570 4
6571 3
6572 2
6573 5
6574 3
6575 1
6576 3
6577 0
6578 1
6579 1
6580 6
6581 7
6582 6
6583 5
6584 6
6585 5
6586 2
6587 2
6588 4
6589 5
6590 9
6591 10
6592 12
6593 11
6594 10
6595 12
6596 15
6597 12
6598 16
6599 13
6600 14
6601 17
6602 15
6603 12
6604 15
6605 12
6606 11
6607 8
6608 7
6609 5
6610 2
6611 2
6612 2
6613 2
6614 2
6615 6
6616 5
6617 5
6618 3
6619 1
6620 2
6621 0
6622 1
6623 1
6624 2
6625 2
6626 1
6627 3
6628 3
6629 2
6630 2
6631 1
6632 2
6633 1
6634 4
6635 6
6636 8
6637 9
6638 11
6639 12
6640 9
6641 9
6642 7
6643 8
6644 9
6645 11
6646 12
6647 12
6648 10
6649 9
6650 7
6651 7
6652 8
6653 8
6654 7
6655 5
6656 4
6657 1
6658 0
6659 1
6660 2
6661 1
6662 3
6663 4
6664 6
6665 5
6666 6
6667 6
6668 3
6669 2
6670 0
6671 1
6672 0
6673 3
6674 4
6675 5
6676 8
6677 8
6678 8
6679 10
6680 9
6681 9
6682 11
6683 10
6684 9
6685 6
6686 8
6687 8
6688 8
6689 5
6690 2
6691 0
6692 2
6693 1
6694 0
6695 1
6696 0
6697 8
6698 10
6699 9
6700 7
6701 7
6702 4
6703 4
6704 2
6705 1
6706 4
6707 3
6708 4
6709 2
6710 3
6711 2
6712 4
6713 7
6714 5
6715 3
6716 2
6717 1
6718 3
6719 7
6720 5
6721 5
6722 7
6723 5
6724 4
6725 3
6726 3
6727 3
6728 4
6729 1
6730 1
6731 3
6732 3
6733 2
6734 2
6735 3
6736 4
6737 6
6738 7
6739 6
6740 8
6741 8
6742 7
6743 8
6744 7
6745 8
6746 8
6747 6
6748 4
6749 6
6750 5
6751 6
6752 8
6753 8
6754 10
6755 10
6756 8
6757 9
6758 9
6759 7
6760 6
6761 8
6762 7
6763 6
6764 6
6765 7
6766 7
6767 8
6768 10
6769 12
6770 12
6771 11
6772 11
6773 10
6774 7
6775 6
6776 4
6777 1
6778 0
6779 1
6780 3
6781 2
6782 1
6783 2
6784 2
6785 0
6786 3
6787 5
6788 3
6789 2
6790 0
6791 1
6792 3
6793 2
6794 1
6795 2
6796 1
6797 0
6798 2
6799 0
6800 3
6801 0
6802 2
6803 5
6804 3
6805 4
6806 2
6807 2
6808 2
6809 4
6810 5
6811 4
6812 3
6813 4
6814 2
6815 3
6816 0
6817 2
6818 2
6819 1
6820 1
6821 5
6822 5
6823 5
6824 2
6825 1
6826 1
6827 7
6828 5
6829 5
6830 3
6831 1
6832 1
6833 4
6834 3
6835 1
6836 3
6837 6
6838 8
6839 5
6840 4
6841 4
6842 3
6843 1
6844 1
6845 1
6846 3
6847 2
6848 2
6849 3
6850 3
6851 6
6852 6
6853 4
6854 4
6855 4
6856 5
6857 4
6858 4
6859 5
6860 3
6861 5
6862 5
6863 4
6864 5
6865 7
6866 8
6867 7
6868 4
6869 4
6870 4
6871 3
6872 6
6873 5
6874 3
6875 1
6876 2
6877 1
6878 3
6879 2
6880 2
6881 2
6882 5
6883 4
6884 4
6885 4
6886 2
6887 3
6888 4
6889 6
6890 5
6891 4
6892 5
6893 4
6894 4
6895 2
6896 2
6897 2
6898 1
6899 3
6900 7
6901 8
6902 12
6903 14
6904 18
6905 15
6906 12
6907 14
6908 17
6909 14
6910 15
6911 12
6912 15
6913 12
6914 14
6915 11
6916 10
6917 7
6918 6
6919 5
6920 3
6921 4
6922 1
6923 2
6924 3
6925 4
6926 5
6927 4
6928 5
6929 7
6930 8
6931 7
6932 5
6933 6
6934 5
6935 4
6936 2
6937 1
6938 1
6939 2
6940 3
6941 2
6942 1
6943 2
6944 6
6945 4
6946 3
6947 4
6948 1
6949 4
6950 2
6951 4
6952 4
6953 3
6954 3
6955 2
6956 1
6957 2
6958 2
6959 1
6960 1
6961 5
6962 5
6963 6
6964 6
6965 3
6966 4
6967 2
6968 2
6969 0
6970 1
6971 1
6972 1
6973 0
6974 1
6975 2
6976 1
6977 1
6978 1
6979 2
6980 6
6981 5
6982 4
6983 2
6984 6
6985 5
6986 5
6987 5
6988 4
6989 1
6990 3
6991 1
6992 4
6993 5
6994 3
6995 3
6996 3
6997 0
6998 4
6999 2
7000 0
7001 5
7002 2
7003 4
7004 1
7005 3
7006 3
7007 3
7008 2
7009 2
7010 2
7011 3
7012 4
7013 6
7014 6
7015 7
7016 5
7017 3
7018 4
7019 2
7020 3
7021 3
7022 2
7023 1
7024 1
7025 2
7026 1
7027 3
7028 2
7029 1
7030 5
7031 7
7032 8
7033 9
7034 9
7035 7
7036 7
7037 5
7038 3
7039 0
7040 2
7041 3
7042 3
7043 5
7044 7
7045 9
7046 8
7047 7
7048 6
7049 3
7050 1
7051 2
7052 4
7053 5
7054 6
7055 5
7056 3
7057 6
7058 6
7059 5
7060 5
7061 4
7062 3
7063 2
7064 4
7065 2
7066 1
7067 1
7068 3
7069 1
7070 3
7071 3
7072 1
7073 5
7074 5
7075 3
7076 1
7077 2
7078 2
7079 3
7080 3
7081 1
7082 6
7083 5
7084 5
7085 3
7086 6
7087 5
7088 7
7089 7
7090 7
7091 6
7092 3
7093 3
7094 1
7095 1
7096 3
7097 4
7098 2
7099 2
7100 1
7101 6
7102 4
7103 5
7104 4
7105 2
7106 1
7107 0
7108 3
7109 8
7110 6
7111 6
7112 7
7113 6
7114 7
7115 6
7116 5
7117 7
7118 6
7119 5
7120 7
7121 8
7122 11
7123 13
7124 14
7125 15
7126 13
7127 17
7128 14
7129 18
7130 15
7131 12
7132 16
7133 13
7134 11
7135 9
7136 7
7137 4
7138 1
7139 0
7140 3
7141 2
7142 0
7143 2
7144 4
7145 3
7146 1
7147 2
7148 0
7149 0
7150 2
7151 2
7152 2
7153 2
7154 2
7155 3
7156 0
7157 2
7158 2
7159 1
7160 5
7161 2
7162 2
7163 4
7164 5
7165 8
7166 6
7167 4
7168 6
7169 5
7170 3
7171 3
7172 0
7173 4
7174 2
7175 5
7176 6
7177 5
7178 9
7179 10
7180 9
7181 9
7182 8
7183 8
7184 7
7185 8
7186 7
7187 6
7188 3
7189 2
7190 4
7191 5
7192 2
7193 3
7194 1
7195 0
7196 1
7197 1
7198 0
7199 3
7200 1
7201 3
7202 4
7203 5
7204 4
7205 3
7206 3
7207 3
7208 4
7209 4
7210 6
7211 7
7212 6
7213 4
7214 3
7215 4
7216 1
7217 4
7218 3
7219 4
7220 6
7221 6
7222 7
7223 5
7224 6
7225 5
7226 3
7227 5
7228 6
7229 8
7230 6
7231 11
7232 12
7233 13
7234 17
7235 14
7236 22
7237 19
7238 16
7239 13
7240 18
7241 15
7242 12
7243 15
7244 12
7245 12
7246 11
7247 10
7248 8
7249 6
7250 6
7251 6
7252 5
7253 6
7254 3
7255 2
7256 1
7257 2
7258 3
7259 1
7260 1
7261 4
7262 4
7263 2
7264 1
7265 1
7266 1
7267 4
7268 1
7269 0
7270 0
7271 4
7272 3
7273 0
7274 2
7275 1
7276 0
7277 2
7278 2
7279 2
7280 0
7281 0
7282 1
7283 1
7284 2
7285 0
7286 3
7287 1
7288 2
7289 3
7290 1
7291 2
7292 4
7293 4
7294 2
7295 1
7296 1
7297 4
7298 2
7299 0
7300 3
7301 1
7302 3
7303 5
7304 2
7305 5
7306 2
7307 2
7308 2
7309 3
7310 1
7311 2
7312 2
7313 0
7314 4
7315 7
7316 7
7317 6
7318 7
7319 6
7320 4
7321 2
7322 2
7323 2
7324 2
7325 1
7326 0
7327 2
7328 2
7329 1
7330 2
7331 0
7332 4
7333 4
7334 2
7335 5
7336 5
7337 3
7338 0
7339 3
7340 7
7341 8
7342 6
7343 5
7344 5
7345 5
7346 3
7347 2
7348 5
7349 3
7350 0
7351 4
7352 3
7353 1
7354 0
7355 2
7356 1
7357 2
7358 1
7359 5
7360 2
7361 0
7362 3
7363 3
7364 1
7365 3
7366 0
7367 2
7368 0
7369 5
7370 3
7371 3
7372 1
7373 3
7374 1
7375 3
7376 1
7377 6
7378 4
7379 3
7380 3
7381 3
7382 2
7383 3
7384 2
7385 3
7386 4
7387 4
7388 5
7389 5
7390 5
7391 4
7392 2
7393 3
7394 2
7395 1
7396 3
7397 0
7398 3
7399 3
7400 1
7401 3
7402 5
7403 2
7404 5
7405 4
7406 4
7407 4
7408 3
7409 5
7410 4
7411 1
7412 3
7413 2
7414 4
7415 2
7416 1
7417 4
7418 3
7419 2
7420 3
7421 1
7422 6
7423 5
7424 5
7425 4
7426 6
7427 6
7428 6
7429 6
7430 5
7431 4
7432 2
7433 2
7434 0
7435 1
7436 1
7437 2
7438 5
7439 5
7440 6
7441 4
7442 4
7443 1
7444 1
7445 5
7446 4
7447 6
7448 4
7449 2
7450 2
7451 2
7452 0
7453 4
7454 5
7455 4
7456 4
7457 2
7458 6
7459 4
7460 4
7461 1
7462 2
7463 1
7464 1
7465 4
7466 3
7467 3
7468 2
7469 5
7470 3
7471 4
7472 3
7473 2
7474 5
7475 6
7476 4
7477 3
7478 5
7479 3
7480 4
7481 1
7482 2
7483 1
7484 0
7485 3
7486 2
7487 3
7488 4
7489 2
7490 3
7491 0
7492 2
7493 6
7494 5
7495 3
7496 4
7497 1
7498 2
7499 1
7500 3
7501 1
7502 2
7503 3
7504 3
7505 4
7506 3
7507 3
7508 2
7509 1
7510 4
7511 4
7512 3
7513 4
7514 3
7515 2
7516 2
7517 3
7518 1
7519 0
7520 3
7521 3
7522 6
7523 7
7524 7
7525 7
7526 6
7527 4
7528 3
7529 4
7530 5
7531 6
7532 4
7533 3
7534 0
7535 2
7536 2
7537 0
7538 1
7539 4
7540 3
7541 3
7542 3
7543 2
7544 3
7545 1
7546 2
7547 3
7548 2
7549 3
7550 7
7551 9
7552 11
7553 11
7554 10
7555 10
7556 11
7557 9
7558 7
7559 6
7560 3
7561 1
7562 3
7563 2
7564 2
7565 4
7566 5
7567 8
7568 9
7569 8
7570 12
7571 13
7572 14
7573 15
7574 12
7575 15
7576 12
7577 13
7578 10
7579 12
7580 9
7581 8
7582 6
7583 6
7584 8
7585 7
7586 8
7587 7
7588 9
7589 7
7590 7
7591 5
7592 3
7593 1
7594 0
7595 1
7596 0
7597 0
7598 2
7599 3
7600 5
7601 3
7602 2
7603 5
7604 4
7605 2
7606 0
7607 1
7608 2
7609 1
7610 1
7611 2
7612 2
7613 1
7614 3
7615 2
7616 2
7617 2
7618 0
7619 2
7620 1
7621 2
7622 2
7623 5
7624 4
7625 4
7626 4
7627 2
7628 5
7629 4
7630 2
7631 2
7632 5
7633 3
7634 5
7635 3
7636 0
7637 1
7638 7
7639 10
7640 7
7641 7
7642 5
7643 4
7644 3
7645 4
7646 4
7647 6
7648 5
7649 8
7650 9
7651 9
7652 8
7653 11
7654 14
7655 14
7656 13
7657 12
7658 12
7659 10
7660 7
7661 8
7662 8
7663 6
7664 5
7665 2
7666 3
7667 3
7668 4
7669 3
7670 1
7671 1
7672 3
7673 0
7674 4
7675 5
7676 2
7677 4
7678 2
7679 0
7680 8
7681 7
7682 4
7683 6
7684 7
7685 7
7686 4
7687 6
7688 7
7689 4
7690 3
7691 1
7692 1
7693 3
7694 2
7695 4
7696 2
7697 3
7698 3
7699 1
7700 4
7701 3
7702 3
7703 3
7704 4
7705 4
7706 4
7707 3
7708 5
7709 8
7710 6
7711 6
7712 6
7713 5
7714 4
7715 2
7716 3
7717 3
7718 7
7719 8
7720 9
7721 8
7722 7
7723 6
7724 5
7725 5
7726 7
7727 5
7728 5
7729 3
7730 1
7731 0
7732 6
7733 6
7734 4
7735 3
7736 3
7737 4
7738 3
7739 3
7740 1
7741 4
7742 2
7743 2
7744 2
7745 3
7746 1
7747 0
7748 3
7749 3
7750 2
7751 2
7752 1
7753 4
7754 5
7755 6
7756 8
7757 7
7758 5
7759 3
7760 3
7761 4
7762 5
7763 6
7764 6
7765 11
7766 17
7767 14
7768 19
7769 16
7770 13
7771 17
7772 14
7773 17
7774 14
7775 16
7776 13
7777 16
7778 13
7779 16
7780 14
7781 18
7782 15
7783 13
7784 16
7785 14
7786 14
7787 14
7788 15
7789 12
7790 13
7791 12
7792 11
7793 10
7794 11
7795 11
7796 10
7797 7
7798 6
7799 6
7800 4
7801 2
7802 3
7803 3
7804 1
7805 1
7806 1
7807 2
7808 1
7809 1
7810 2
7811 1
7812 0
7813 1
7814 0
7815 1
7816 0
7817 1
7818 1
7819 1
7820 1
7821 3
7822 2
7823 2
7824 6
7825 5
7826 4
7827 3
7828 2
7829 3
7830 2
7831 4
7832 5
7833 3
7834 2
7835 3
7836 1
7837 2
7838 2
7839 5
7840 5
7841 6
7842 9
7843 8
7844 8
7845 12
7846 14
7847 15
7848 12
7849 15
7850 12
7851 15
7852 12
7853 13
7854 13
7855 11
7856 10
7857 9
7858 7
7859 8
7860 6
7861 3
7862 1
7863 1
7864 1
7865 3
7866 2
7867 2
7868 6
7869 4
7870 1
7871 5
7872 5
7873 3
7874 3
7875 2
7876 6
7877 5
7878 3
7879 5
7880 6
7881 8
7882 8
7883 11
7884 9
7885 7
7886 6
7887 6
7888 4
7889 5
7890 3
7891 3
7892 3
7893 1
7894 1
7895 4
7896 2
7897 2
7898 1
7899 1
7900 1
7901 1
7902 2
7903 3
7904 4
7905 2
7906 4
7907 1
7908 4
7909 4
7910 5
7911 6
7912 6
7913 7
7914 9
7915 9
7916 7
7917 4
7918 1
7919 3
7920 2
7921 2
7922 2
7923 1
7924 3
7925 1
7926 0
7927 3
7928 1
7929 0
7930 3
7931 3
7932 1
7933 2
7934 4
7935 6
7936 6
7937 7
7938 6
7939 6
7940 7
7941 5
7942 5
7943 3
7944 3
7945 2
7946 4
7947 4
7948 4
7949 5
7950 4
7951 6
7952 6
7953 6
7954 6
7955 6
7956 4
7957 5
7958 2
7959 4
7960 4
7961 6
7962 6
7963 7
7964 8
7965 8
7966 7
7967 5
7968 4
7969 5
7970 3
7971 1
7972 3
7973 0
7974 4
7975 5
7976 3
7977 4
7978 4
7979 4
7980 7
7981 5
7982 3
7983 2
7984 2
7985 3
7986 3
7987 4
7988 3
7989 4
7990 3
7991 5
7992 6
7993 8
7994 7
7995 5
7996 5
7997 3
7998 3
7999 3
8000 2
8001 3
8002 3
8003 2
8004 1
8005 2
8006 0
8007 2
8008 2
8009 0
8010 4
8011 7
8012 5
8013 3
8014 1
8015 4
8016 4
8017 3
8018 2
8019 5
8020 5
8021 5
8022 7
8023 7
8024 5
8025 4
8026 5
8027 8
8028 6
8029 5
8030 2
8031 3
8032 2
8033 3
8034 1
8035 6
8036 9
8037 8
8038 9
8039 10
8040 11
8041 13
8042 11
8043 12
8044 9
8045 9
8046 8
8047 5
8048 6
8049 5
8050 4
8051 7
8052 5
8053 3
8054 1
8055 1
8056 3
8057 1
8058 1
8059 3
8060 3
8061 4
8062 4
8063 4
8064 2
8065 3
8066 4
8067 3
8068 3
8069 3
8070 3
8071 2
8072 4
8073 4
8074 5
8075 5
8076 8
8077 8
8078 11
8079 9
8080 10
8081 7
8082 9
8083 9
8084 9
8085 11
8086 8
8087 5
8088 5
8089 6
8090 6
8091 4
8092 4
8093 3
8094 4
8095 4
8096 7
8097 12
8098 13
8099 14
8100 16
8101 13
8102 15
8103 12
8104 14
8105 15
8106 12
8107 11
8108 9
8109 7
8110 5
8111 2
8112 4
8113 3
8114 0
8115 2
8116 2
8117 3
8118 1
8119 3
8120 3
8121 0
8122 5
8123 7
8124 10
8125 8
8126 8
8127 9
8128 6
8129 5
8130 6
8131 3
8132 2
8133 2
8134 1
8135 2
8136 3
8137 0
8138 5
8139 6
8140 8
8141 6
8142 5
8143 3
8144 2
8145 1
8146 4
8147 6
8148 9
8149 9
8150 12
8151 13
8152 13
8153 14
8154 17
8155 14
8156 18
8157 15
8158 12
8159 17
8160 14
8161 16
8162 15
8163 12
8164 18
8165 15
8166 14
8167 18
8168 15
8169 12
8170 14
8171 14
8172 12
8173 9
8174 7
8175 6
8176 5
8177 3
8178 2
8179 0
8180 0
8181 1
8182 2
8183 0
8184 2
8185 1
8186 2
8187 5
8188 5
8189 4
8190 3
8191 1
8192 2
8193 1
8194 4
8195 2
8196 2
8197 1
8198 2
8199 1
8200 3
8201 3
8202 2
8203 4
8204 2
8205 2
8206 3
8207 3
8208 2
8209 6
8210 6
8211 6
8212 10
8213 9
8214 9
8215 12
8216 12
8217 10
8218 8
8219 7
8220 6
8221 5
8222 4
8223 4
8224 3
8225 4
8226 2
8227 0
8228 1
8229 1
8230 3
8231 1
8232 4
8233 4
8234 1
8235 1
8236 1
8237 2
8238 3
8239 2
8240 4
8241 5
8242 7
8243 7
8244 4
8245 4
8246 3
8247 3
8248 3
8249 1
8250 4
8251 2
8252 4
8253 1
8254 3
8255 7
8256 8
8257 9
8258 11
8259 9
8260 9
8261 7
8262 4
8263 5
8264 3
8265 4
8266 3
8267 2
8268 4
8269 4
8270 5
8271 2
8272 3
8273 4
8274 6
8275 7
8276 5
8277 8
8278 8
8279 10
8280 13
8281 14
8282 15
8283 13
8284 13
8285 16
8286 13
8287 16
8288 13
8289 15
8290 12
8291 11
8292 12
8293 10
8294 8
8295 8
8296 5
8297 3
8298 2
8299 1
8300 1
8301 1
8302 2
8303 1
8304 1
8305 3
8306 2
8307 2
8308 2
8309 3
8310 3
8311 5
8312 4
8313 6
8314 7
8315 7
8316 5
8317 7
8318 6
8319 7
8320 7
8321 7
8322 6
8323 6
8324 5
8325 6
8326 3
8327 2
8328 3
8329 2
8330 1
8331 2
8332 2
8333 3
8334 1
8335 3
8336 3
8337 0
8338 4
8339 2
8340 0
8341 3
8342 2
8343 7
8344 6
8345 8
8346 7
8347 8
8348 9
8349 9
8350 9
8351 7
8352 7
8353 5
8354 6
8355 7
8356 7
8357 5
8358 6
8359 5
8360 3
8361 2
8362 2
8363 4
8364 3
8365 2
8366 1
8367 1
8368 3
8369 3
8370 4
8371 5
8372 5
8373 6
8374 6
8375 6
8376 7
8377 6
8378 5
8379 3
8380 2
8381 2
8382 1
8383 2
8384 2
8385 4
8386 4
8387 3
8388 6
8389 4
8390 6
8391 5
8392 5
8393 7
8394 8
8395 8
8396 11
8397 12
8398 12
8399 10
8400 8
8401 6
8402 4
8403 1
8404 1
8405 0
8406 4
8407 4
8408 1
8409 2
8410 1
8411 2
8412 4
8413 4
8414 6
8415 6
8416 6
8417 6
8418 9
8419 8
8420 6
8421 4
8422 5
8423 2
8424 4
8425 3
8426 4
8427 2
8428 1
8429 5
8430 5
8431 6
8432 5
8433 2
8434 4
8435 2
8436 0
8437 2
8438 0
8439 4
8440 4
8441 4
8442 2
8443 6
8444 7
8445 5
8446 5
8447 5
8448 5
8449 6
8450 5
8451 5
8452 2
8453 3
8454 1
8455 2
8456 2
8457 5
8458 5
8459 3
8460 1
8461 1
8462 2
8463 2
8464 2
8465 1
8466 3
8467 1
8468 5
8469 6
8470 6
8471 6
8472 6
8473 7
8474 8
8475 9
8476 12
8477 10
8478 8
8479 5
8480 4
8481 2
8482 3
8483 3
8484 3
8485 0
8486 1
8487 3
8488 0
8489 3
8490 0
8491 1
8492 4
8493 7
8494 11
8495 15
8496 12
8497 18
8498 15
8499 12
8500 18
8501 15
8502 13
8503 17
8504 14
8505 16
8506 13
8507 12
8508 10
8509 8
8510 6
8511 4
8512 3
8513 5
8514 3
8515 2
8516 0
8517 2
8518 5
8519 7
8520 6
8521 8
8522 10
8523 9
8524 10
8525 10
8526 11
8527 9
8528 9
8529 7
8530 5
8531 5
8532 5
8533 4
8534 4
8535 3
8536 3
8537 5
8538 4
8539 2
8540 4
8541 3
8542 2
8543 2
8544 1
8545 0
8546 6
8547 7
8548 9
8549 9
8550 9
8551 10
8552 9
8553 7
8554 8
8555 8
8556 7
8557 7
8558 6
8559 5
8560 3
8561 3
8562 1
8563 5
8564 4
8565 4
8566 2
8567 1
8568 2
8569 5
8570 3
8571 1
8572 2
8573 1
8574 1
8575 5
8576 2
8577 2
8578 4
8579 1
8580 4
8581 4
8582 2
8583 7
8584 5
8585 2
8586 3
8587 2
8588 5
8589 7
8590 5
8591 7
8592 6
8593 6
8594 9
8595 6
8596 8
8597 8
8598 9
8599 9
8600 7
8601 5
8602 5
8603 4
8604 5
8605 4
8606 2
8607 2
8608 4
8609 5
8610 7
8611 8
8612 8
8613 6
8614 6
8615 4
8616 2
8617 1
8618 1
8619 4
8620 4
8621 5
8622 2
8623 1
8624 2
8625 1
8626 1
8627 1
8628 1
8629 5
8630 4
8631 4
8632 3
8633 3
8634 1
8635 1
8636 0
8637 0
8638 5
8639 6
8640 6
8641 7
8642 7
8643 7
8644 4
8645 3
8646 2
8647 1
8648 2
8649 1
8650 1
8651 1
8652 0
8653 2
8654 3
8655 2
8656 2
8657 3
8658 1
8659 5
8660 4
8661 4
8662 4
8663 7
8664 6
8665 5
8666 3
8667 2
8668 5
8669 7
8670 7
8671 10
8672 11
8673 10
8674 9
8675 10
8676 8
8677 5
8678 5
8679 6
8680 4
8681 3
8682 0
8683 4
8684 2
8685 1
8686 0
8687 2
8688 3
8689 4
8690 3
8691 5
8692 3
8693 7
8694 5
8695 2
8696 2
8697 1
8698 2
8699 5
8700 3
8701 0
8702 4
8703 2
8704 1
8705 3
8706 3
8707 7
8708 8
8709 9
8710 8
8711 7
8712 7
8713 8
8714 9
8715 9
8716 8
8717 8
8718 6
8719 6
8720 6
8721 3
8722 3
8723 0
8724 4
8725 3
8726 5
8727 4
8728 2
8729 2
8730 2
8731 1
8732 2
8733 0
8734 3
8735 2
8736 1
8737 1
8738 1
8739 1
8740 2
8741 0
8742 1
8743 2
8744 1
8745 1
8746 0
8747 4
8748 3
8749 5
8750 2
8751 4
8752 3
8753 4
8754 4
8755 5
8756 4
8757 6
8758 7
8759 8
8760 6
8761 7
8762 7
8763 5
8764 5
8765 6
8766 7
8767 5
8768 5
8769 6
8770 8
8771 12
8772 10
8773 10
8774 11
8775 11
8776 11
8777 9
8778 7
8779 6
8780 4
8781 3
8782 4
8783 4
8784 3
8785 0
8786 3
8787 0
8788 3
8789 1
8790 2
8791 2
8792 4
8793 6
8794 4
8795 6
8796 8
8797 9
8798 9
8799 9
8800 9
8801 11
8802 10
8803 12
8804 17
8805 15
8806 12
8807 16
8808 15
8809 12
8810 19
8811 16
8812 13
8813 15
8814 12
8815 14
8816 14
8817 15
8818 12
8819 10
8820 9
8821 6
8822 3
8823 3
8824 1
8825 2
8826 2
8827 3
8828 1
8829 3
8830 2
8831 0
8832 1
8833 3
8834 2
8835 2
8836 2
8837 4
8838 5
8839 7
8840 8
8841 7
8842 8
8843 9
8844 8
8845 5
8846 6
8847 4
8848 3
8849 2
8850 6
8851 10
8852 10
8853 12
8854 13
8855 13
8856 14
8857 15
8858 12
8859 13
8860 11
8861 11
8862 9
8863 8
8864 8
8865 5
8866 4
8867 2
8868 1
8869 3
8870 2
8871 3
8872 4
8873 2
8874 2
8875 4
8876 4
8877 7
8878 8
8879 7
8880 8
8881 8
8882 7
8883 4
8884 6
8885 3
8886 2
8887 2
8888 1
8889 1
8890 0
8891 2
8892 3
8893 3
8894 5
8895 3
8896 1
8897 0
8898 1
8899 2
8900 1
8901 3
8902 4
8903 5
8904 4
8905 6
8906 7
8907 5
8908 2
8909 4
8910 5
8911 3
8912 2
8913 3
8914 3
8915 7
8916 8
8917 11
8918 11
8919 10
8920 10
8921 9
8922 10
8923 10
8924 10
8925 9
8926 8
8927 6
8928 5
8929 6
8930 5
8931 5
8932 2
8933 1
8934 1
8935 4
8936 3
8937 2
8938 0
8939 3
8940 4
8941 3
8942 1
8943 3
8944 2
8945 2
8946 4
8947 4
8948 2
8949 3
8950 4
8951 7
8952 5
8953 10
8954 12
8955 13
8956 13
8957 12
8958 13
8959 12
8960 12
8961 11
8962 8
8963 6
8964 3
8965 2
8966 1
8967 4
8968 5
8969 9
8970 8
8971 7
8972 5
8973 6
8974 4
8975 4
8976 5
8977 3
8978 1
8979 2
8980 3
8981 2
8982 4
8983 3
8984 1
8985 3
8986 1
8987 3
8988 7
8989 11
8990 13
8991 10
8992 11
8993 14
8994 16
8995 14
8996 17
8997 14
8998 16
8999 13
9000 15
9001 12
9002 12
9003 11
9004 11
9005 9
9006 8
9007 10
9008 11
9009 12
9010 11
9011 11
9012 11
9013 9
9014 6
9015 7
9016 4
9017 4
9018 1
9019 4
9020 3
9021 2
9022 2
9023 4
9024 2
9025 3
9026 4
9027 3
9028 4
9029 3
9030 4
9031 2
9032 0
9033 3
9034 4
9035 1
9036 3
9037 1
9038 1
9039 1
9040 1
9041 2
9042 0
9043 2
9044 2
9045 2
9046 1
9047 3
9048 0
9049 5
9050 2
9051 2
9052 1
9053 3
9054 0
9055 3
9056 6
9057 10
9058 11
9059 12
9060 11
9061 9
9062 7
9063 7
9064 6
9065 5
9066 8
9067 5
9068 3
9069 3
9070 1
9071 0
9072 3
9073 3
9074 1
9075 2
9076 2
9077 1
9078 2
9079 2
9080 0
9081 0
9082 5
9083 2
9084 1
9085 1
9086 0
9087 4
9088 1
9089 4
9090 3
9091 2
9092 5
9093 10
9094 8
9095 6
9096 4
9097 2
9098 2
9099 5
9100 4
9101 6
9102 3
9103 5
9104 2
9105 2
9106 2
9107 4
9108 5
9109 6
9110 7
9111 7
9112 6
9113 4
9114 3
9115 3
9116 3
9117 3
9118 3
9119 1
9120 3
9121 7
9122 6
9123 4
9124 1
9125 0
9126 1
9127 2
9128 5
9129 4
9130 2
9131 2
9132 0
9133 0
9134 5
9135 4
9136 2
9137 1
9138 3
9139 0
9140 1
9141 1
9142 4
9143 2
9144 4
9145 3
9146 2
9147 2
9148 2
9149 3
9150 3
9151 3
9152 3
9153 0
9154 1
9155 4
9156 3
9157 3
9158 2
9159 4
9160 4
9161 5
9162 5
9163 6
9164 9
9165 10
9166 10
9167 10
9168 13
9169 11
9170 9
9171 8
9172 7
9173 5
9174 3
9175 1
9176 2
9177 4
9178 3
9179 1
9180 6
9181 9
9182 9
9183 11
9184 9
9185 7
9186 6
9187 6
9188 5
9189 3
9190 6
9191 5
9192 5
9193 2
9194 2
9195 1
9196 6
9197 4
9198 1
9199 6
9200 4
9201 3
9202 3
9203 0
9204 4
9205 4
9206 1
9207 5
9208 4
9209 4
9210 4
9211 2
9212 3
9213 2
9214 3
9215 3
9216 2
9217 1
9218 2
9219 1
9220 2
9221 2
9222 2
9223 3
9224 2
9225 4
9226 4
9227 4
9228 6
9229 8
9230 7
9231 7
9232 8
9233 9
9234 8
9235 6
9236 7
9237 4
9238 2
9239 4
9240 2
9241 2
9242 0
9243 2
9244 3
9245 5
9246 5
9247 5
9248 7
9249 6
9250 8
9251 10
9252 11
9253 9
9254 7
9255 9
9256 8
9257 8
9258 7
9259 8
9260 8
9261 11
9262 8
9263 6
9264 3
9265 1
9266 2
9267 6
9268 4
9269 2
9270 2
9271 0
9272 2
9273 0
9274 1
9275 1
9276 0
9277 2
9278 5
9279 6
9280 4
9281 2
9282 7
9283 6
9284 8
9285 9
9286 6
9287 6
9288 5
9289 6
9290 6
9291 7
9292 8
9293 7
9294 5
9295 3
9296 2
9297 3
9298 3
9299 2
9300 2
9301 2
9302 3
9303 3
9304 2
9305 2
9306 2
9307 3
9308 5
9309 3
9310 1
9311 4
9312 2
9313 2
9314 2
9315 2
9316 6
9317 7
9318 8
9319 7
9320 6
9321 6
9322 5
9323 3
9324 2
9325 2
9326 2
9327 1
9328 4
9329 4
9330 2
9331 0
9332 3
9333 2
9334 3
9335 2
9336 1
9337 1
9338 1
9339 7
9340 6
9341 7
9342 5
9343 4
9344 2
9345 4
9346 5
9347 8
9348 7
9349 7
9350 6
9351 5
9352 5
9353 5
9354 4
9355 2
9356 0
9357 5
9358 3
9359 0
9360 4
9361 3
9362 1
9363 2
9364 2
9365 2
9366 2
9367 1
9368 3
9369 2
9370 2
9371 2
9372 4
9373 6
9374 4
9375 8
9376 7
9377 7
9378 7
9379 6
9380 5
9381 5
9382 5
9383 6
9384 5
9385 3
9386 4
9387 4
9388 4
9389 5
9390 6
9391 6
9392 4
9393 3
9394 3
9395 3
9396 1
9397 0
9398 3
9399 3
9400 6
9401 6
9402 5
9403 3
9404 4
9405 8
9406 7
9407 6
9408 6
9409 8
9410 6
9411 7
9412 9
9413 9
9414 6
9415 4
9416 5
9417 5
9418 4
9419 4
9420 3
9421 5
9422 3
9423 4
9424 3
9425 0
9426 3
9427 3
9428 1
9429 5
9430 3
9431 5
9432 5
9433 5
9434 6
9435 7
9436 7
9437 7
9438 6
9439 11
9440 10
9441 8
9442 8
9443 10
9444 11
9445 9
9446 7
9447 6
9448 5
9449 3
9450 1
9451 1
9452 4
9453 4
9454 4
9455 5
9456 7
9457 5
9458 7
9459 6
9460 6
9461 6
9462 4
9463 5
9464 7
9465 7
9466 10
9467 9
9468 8
9469 7
9470 5
9471 2
9472 4
9473 4
9474 4
9475 4
9476 8
9477 8
9478 9
9479 7
9480 5
9481 3
9482 3
9483 4
9484 5
9485 6
9486 6
9487 5
9488 5
9489 6
9490 3
9491 4
9492 3
9493 5
9494 4
9495 3
9496 1
9497 3
9498 3
9499 1
9500 5
9501 3
9502 1
9503 2
9504 5
9505 8
9506 9
9507 9
9508 10
9509 11
9510 12
9511 14
9512 13
9513 11
9514 15
9515 14
9516 18
9517 15
9518 14
9519 18
9520 15
9521 15
9522 15
9523 12
9524 15
9525 15
9526 12
9527 15
9528 12
9529 15
9530 12
9531 12
9532 12
9533 11
9534 10
9535 7
9536 7
9537 4
9538 1
9539 2
9540 0
9541 0
9542 0
9543 2
9544 3
9545 2
9546 4
9547 2
9548 4
9549 2
9550 2
9551 3
9552 4
9553 4
9554 4
9555 5
9556 5
9557 3
9558 6
9559 8
9560 9
9561 8
9562 8
9563 9
9564 8
9565 8
9566 8
9567 9
9568 10
9569 11
9570 10
9571 9
9572 7
9573 7
9574 7
9575 5
9576 6
9577 4
9578 2
9579 2
9580 1
9581 1
9582 1
9583 0
9584 4
9585 6
9586 6
9587 6
9588 10
9589 8
9590 11
9591 11
9592 10
9593 11
9594 12
9595 11
9596 9
9597 9
9598 8
9599 5
9600 5
9601 5
9602 6
9603 5
9604 6
9605 7
9606 5
9607 4
9608 5
9609 6
9610 6
9611 7
9612 5
9613 4
9614 2
9615 0
9616 0
9617 6
9618 6
9619 3
9620 0
9621 3
9622 3
9623 1
9624 3
9625 6
9626 8
9627 8
9628 9
9629 8
9630 9
9631 8
9632 8
9633 7
9634 6
9635 4
9636 2
9637 4
9638 1
9639 4
9640 5
9641 5
9642 5
9643 5
9644 4
9645 2
9646 0
9647 2
9648 2
9649 4
9650 2
9651 2
9652 3
9653 2
9654 1
9655 1
9656 0
9657 1
9658 2
9659 3
9660 2
9661 1
9662 3
9663 3
9664 6
9665 5
9666 5
9667 4
9668 3
9669 3
9670 5
9671 5
9672 5
9673 5
9674 5
9675 2
9676 1
9677 2
9678 1
9679 4
9680 1
9681 4
9682 4
9683 1
9684 0
9685 3
9686 5
9687 4
9688 4
9689 3
9690 2
9691 4
9692 4
9693 3
9694 1
9695 3
9696 2
9697 1
9698 3
9699 2
9700 4
9701 7
9702 9
9703 10
9704 11
9705 14
9706 13
9707 13
9708 14
9709 12
9710 15
9711 12
9712 12
9713 11
9714 12
9715 11
9716 8
9717 5
9718 3
9719 3
9720 6
9721 4
9722 5
9723 2
9724 2
9725 1
9726 1
9727 1
9728 1
9729 0
9730 0
9731 3
9732 1
9733 0
9734 3
9735 2
9736 1
9737 2
9738 2
9739 2
9740 2
9741 5
9742 6
9743 5
9744 5
9745 4
9746 2
9747 4
9748 5
9749 5
9750 6
9751 5
9752 5
9753 5
9754 6
9755 8
9756 7
9757 9
9758 10
9759 10
9760 11
9761 11
9762 11
9763 11
9764 11
9765 8
9766 7
9767 5
9768 2
9769 2
9770 0
9771 4
9772 2
9773 1
9774 1
9775 4
9776 3
9777 1
9778 0
9779 5
9780 4
9781 2
9782 1
9783 2
9784 0
9785 1
9786 3
9787 1
9788 2
9789 3
9790 0
9791 2
9792 1
9793 2
9794 4
9795 3
9796 3
9797 2
9798 4
9799 4
9800 4
9801 4
9802 5
9803 6
9804 5
9805 6
9806 7
9807 7
9808 5
9809 4
9810 3
9811 2
9812 1
9813 2
9814 2
9815 2
9816 3
9817 3
9818 1
9819 2
9820 1
9821 1
9822 2
9823 5
9824 3
9825 5
9826 8
9827 8
9828 9
9829 9
9830 10
9831 8
9832 7
9833 6
9834 7
9835 6
9836 4
9837 2
9838 3
9839 2
9840 4
9841 5
9842 3
9843 2
9844 2
9845 3
9846 1
9847 4
9848 6
9849 6
9850 6
9851 4
9852 3
9853 3
9854 4
9855 4
9856 2
9857 2
9858 1
9859 3
9860 0
9861 4
9862 5
9863 5
9864 3
9865 2
9866 1
9867 2
9868 4
9869 7
9870 7
9871 8
9872 5
9873 4
9874 2
9875 1
9876 0
9877 1
9878 0
9879 3
9880 5
9881 6
9882 3
9883 0
9884 1
9885 3
9886 0
9887 2
9888 2
9889 3
9890 2
9891 4
9892 3
9893 5
9894 2
9895 3
9896 1
9897 3
9898 2
9899 0
9900 2
9901 3
9902 0
9903 0
9904 3
9905 1
9906 0
9907 2
9908 2
9909 2
9910 2
9911 1
9912 4
9913 3
9914 5
9915 3
9916 5
9917 3
9918 1
9919 2
9920 2
9921 1
9922 1
9923 3
9924 3
9925 2
9926 2
9927 3
9928 2
9929 3
9930 1
9931 2
9932 2
9933 4
9934 4
9935 4
9936 5
9937 6
9938 6
9939 8
9940 9
9941 9
9942 10
9943 10
9944 13
9945 10
9946 9
9947 11
9948 9
9949 7
9950 6
9951 5
9952 2
9953 2
9954 3
9955 2
9956 2
9957 3
9958 1
9959 1
9960 1
9961 4
9962 1
9963 3
9964 2
9965 1
9966 1
9967 1
9968 2
9969 4
9970 4
9971 4
9972 3
9973 1
9974 2
9975 1
9976 2
9977 2
9978 1
9979 2
9980 0
9981 4
9982 4
9983 4
9984 5
9985 4
9986 2
9987 3
9988 7
9989 9
9990 9
9991 10
9992 11
9993 12
9994 11
9995 9
9996 7
9997 6
9998 5
9999 4
