0 4
1 1
2 0
3 0
4 0
5 0
6 0
7 0
8 2
9 1
10 1
11 1
12 1
13 2
14 4
15 2
16 1
17 2
18 2
19 2
20 2
21 4
22 4
23 4
24 5
25 5
26 7
27 6
28 4
29 3
30 1
31 3
32 2
33 0
34 4
35 4
36 6
37 6
38 7
39 6
40 6
41 4
42 2
43 4
44 4
45 4
46 2
47 1
48 2
49 2
50 3
51 2
52 2
53 4
54 2
55 1
56 3
57 3
58 3
59 1
60 0
61 1
62 0
63 3
64 3
65 2
66 0
67 1
68 2
69 3
70 3
71 3
72 2
73 2
74 2
75 4
76 4
77 5
78 6
79 5
80 5
81 5
82 6
83 5
84 7
85 6
86 5
87 5
88 3
89 0
90 3
91 2
92 2
93 3
94 2
95 0
96 1
97 2
98 2
99 3
100 3
101 3
102 4
103 4
104 3
105 2
106 2
107 0
108 2
109 3
110 1
111 4
112 5
113 3
114 1
115 4
116 3
117 3
118 4
119 4
120 5
121 5
122 3
123 2
124 1
125 1
126 1
127 2
128 2
129 0
130 5
131 4
132 2
133 1
134 2
135 0
136 0
137 1
138 3
139 0
140 2
141 3
142 2
143 2
144 1
145 1
146 3
147 2
148 4
149 3
150 4
151 2
152 2
153 1
154 0
155 1
156 2
157 1
158 1
159 3
160 1
161 2
162 5
163 4
164 3
165 4
166 2
167 2
168 4
169 4
170 6
171 5
172 4
173 5
174 5
175 6
176 8
177 8
178 7
179 6
180 6
181 6
182 5
183 2
184 2
185 2
186 1
187 3
188 2
189 5
190 7
191 9
192 9
193 11
194 13
195 14
196 12
197 13
198 10
199 7
200 6
201 5
202 4
203 3
204 0
205 2
206 2
207 2
208 2
209 2
210 3
211 1
212 0
213 3
214 2
215 1
216 1
217 3
218 3
219 1
220 1
221 6
222 6
223 4
224 4
225 1
226 0
227 2
228 2
229 1
230 2
231 2
232 4
233 1
234 1
235 3
236 5
237 3
238 4
239 3
240 1
241 3
242 1
243 4
244 2
245 2
246 3
247 2
248 1
249 2
250 2
251 4
252 2
253 1
254 2
255 3
256 2
257 3
258 1
259 3
260 0
261 4
262 4
263 4
264 3
265 3
266 4
267 4
268 7
269 8
270 7
271 6
272 3
273 0
274 0
275 0
276 3
277 2
278 0
279 2
280 1
281 1
282 3
283 2
284 0
285 2
286 1
287 2
288 1
289 2
290 1
291 1
292 0
293 1
294 0
295 1
296 3
297 3
298 0
299 2
300 3
301 3
302 4
303 5
304 6
305 7
306 7
307 6
308 8
309 10
310 10
311 9
312 7
313 6
314 5
315 4
316 3
317 2
318 1
319 2
320 4
321 5
322 6
323 5
324 3
325 2
326 4
327 4
328 4
329 6
330 3
331 1
332 0
333 2
334 3
335 4
336 2
337 2
338 3
339 1
340 2
341 2
342 4
343 3
344 1
345 2
346 1
347 2
348 1
349 3
350 2
351 1
352 1
353 2
354 2
355 4
356 4
357 3
358 5
359 6
360 7
361 9
362 9
363 10
364 11
365 10
366 9
367 6
368 5
369 3
370 1
371 2
372 0
373 0
374 2
375 1
376 3
377 2
378 1
379 1
380 1
381 3
382 0
383 1
384 2
385 2
386 4
387 5
388 5
389 5
390 4
391 2
392 0
393 5
394 6
395 4
396 1
397 2
398 4
399 2
400 1
401 1
402 2
403 1
404 0
405 0
406 2
407 6
408 5
409 2
410 2
411 3
412 4
413 3
414 3
415 0
416 5
417 6
418 6
419 6
420 9
421 7
422 8
423 8
424 8
425 8
426 8
427 8
428 9
429 6
430 7
431 6
432 6
433 5
434 6
435 5
436 4
437 5
438 4
439 3
440 1
441 1
442 0
443 1
444 1
445 1
446 2
447 2
448 1
449 1
450 6
451 4
452 2
453 0
454 2
455 1
456 2
457 1
458 1
459 3
460 1
461 2
462 3
463 5
464 6
465 7
466 6
467 4
468 2
469 4
470 2
471 1
472 3
473 3
474 1
475 2
476 3
477 3
478 4
479 1
480 1
481 2
482 5
483 4
484 1
485 5
486 4
487 4
488 5
489 5
490 6
491 6
492 5
493 5
494 4
495 1
496 1
497 1
498 1
499 2
500 4
501 5
502 6
503 5
504 4
505 5
506 3
507 1
508 3
509 1
510 4
511 3
512 3
513 4
514 5
515 3
516 1
517 7
518 8
519 8
520 9
521 8
522 9
523 8
524 6
525 4
526 2
527 2
528 6
529 6
530 8
531 8
532 6
533 4
534 2
535 1
536 0
537 2
538 0
539 2
540 3
541 1
542 3
543 3
544 3
545 2
546 5
547 5
548 4
549 4
550 3
551 1
552 0
553 5
554 2
555 1
556 2
557 1
558 2
559 1
560 3
561 4
562 3
563 2
564 2
565 3
566 1
567 0
568 2
569 3
570 1
571 3
572 5
573 7
574 7
575 7
576 4
577 4
578 5
579 5
580 6
581 5
582 3
583 1
584 3
585 6
586 6
587 7
588 7
589 7
590 5
591 5
592 4
593 2
594 0
595 1
596 1
597 1
598 3
599 1
600 2
601 1
602 2
603 4
604 3
605 1
606 1
607 3
608 4
609 3
610 2
611 3
612 2
613 1
614 3
615 2
616 4
617 4
618 4
619 3
620 3
621 4
622 4
623 4
624 4
625 3
626 2
627 3
628 1
629 3
630 2
631 1
632 1
633 1
634 4
635 4
636 4
637 1
638 1
639 3
640 3
641 5
642 5
643 5
644 5
645 8
646 7
647 9
648 10
649 10
650 8
651 7
652 4
653 4
654 4
655 5
656 3
657 0
658 1
659 0
660 1
661 2
662 1
663 1
664 3
665 2
666 0
667 4
668 4
669 3
670 3
671 4
672 5
673 6
674 5
675 4
676 3
677 3
678 1
679 4
680 4
681 6
682 6
683 5
684 6
685 6
686 6
687 5
688 3
689 0
690 3
691 1
692 1
693 1
694 1
695 3
696 2
697 2
698 2
699 1
700 3
701 2
702 2
703 2
704 3
705 3
706 3
707 3
708 4
709 7
710 7
711 6
712 7
713 8
714 10
715 10
716 10
717 11
718 10
719 10
720 10
721 11
722 11
723 12
724 11
725 11
726 9
727 8
728 8
729 9
730 8
731 6
732 5
733 5
734 5
735 2
736 2
737 1
738 1
739 1
740 2
741 0
742 4
743 2
744 1
745 1
746 2
747 4
748 3
749 4
750 2
751 3
752 2
753 4
754 3
755 2
756 3
757 1
758 2
759 2
760 1
761 1
762 2
763 3
764 4
765 2
766 6
767 7
768 8
769 7
770 7
771 8
772 9
773 10
774 10
775 11
776 9
777 11
778 12
779 14
780 13
781 11
782 9
783 8
784 5
785 2
786 3
787 1
788 1
789 5
790 6
791 4
792 4
793 4
794 4
795 2
796 4
797 1
798 1
799 5
800 5
801 6
802 6
803 3
804 4
805 1
806 2
807 2
808 2
809 2
810 2
811 4
812 5
813 5
814 3
815 0
816 0
817 1
818 2
819 1
820 2
821 2
822 5
823 2
824 5
825 5
826 3
827 1
828 1
829 1
830 3
831 1
832 4
833 4
834 1
835 1
836 0
837 3
838 4
839 2
840 1
841 2
842 1
843 2
844 2
845 3
846 6
847 4
848 5
849 3
850 1
851 2
852 3
853 3
854 4
855 3
856 3
857 3
858 1
859 2
860 3
861 4
862 4
863 3
864 2
865 2
866 3
867 1
868 4
869 3
870 2
871 2
872 2
873 0
874 3
875 2
876 1
877 2
878 2
879 1
880 1
881 0
882 1
883 1
884 4
885 3
886 5
887 6
888 4
889 3
890 1
891 1
892 3
893 3
894 1
895 4
896 5
897 4
898 4
899 3
900 4
901 1
902 2
903 1
904 4
905 3
906 4
907 5
908 5
909 4
910 1
911 2
912 2
913 3
914 2
915 3
916 1
917 1
918 3
919 4
920 2
921 1
922 0
923 4
924 4
925 1
926 3
927 3
928 1
929 0
930 0
931 3
932 2
933 3
934 2
935 4
936 6
937 5
938 4
939 1
940 6
941 5
942 5
943 6
944 4
945 3
946 3
947 3
948 5
949 6
950 6
951 7
952 5
953 4
954 5
955 3
956 4
957 5
958 3
959 1
960 3
961 3
962 3
963 0
964 1
965 2
966 5
967 4
968 6
969 6
970 6
971 6
972 5
973 4
974 2
975 3
976 4
977 2
978 1
979 3
980 2
981 2
982 4
983 4
984 4
985 4
986 1
987 4
988 3
989 0
990 3
991 3
992 6
993 5
994 8
995 9
996 11
997 10
998 11
999 12
1000 12
1001 12
1002 14
1003 16
1004 13
1005 15
1006 12
1007 15
1008 12
1009 15
1010 12
1011 14
1012 11
1013 9
1014 8
1015 6
1016 5
1017 5
1018 6
1019 5
1020 3
1021 0
1022 2
1023 1
1024 1
1025 2
1026 5
1027 3
1028 0
1029 3
1030 1
1031 2
1032 2
1033 2
1034 4
1035 3
1036 4
1037 3
1038 3
1039 4
1040 1
1041 2
1042 3
1043 4
1044 3
1045 4
1046 2
1047 3
1048 1
1049 2
1050 1
1051 2
1052 1
1053 1
1054 2
1055 3
1056 4
1057 1
1058 2
1059 2
1060 2
1061 4
1062 4
1063 2
1064 2
1065 1
1066 4
1067 5
1068 3
1069 4
1070 2
1071 3
1072 5
1073 5
1074 6
1075 5
1076 3
1077 1
1078 2
1079 2
1080 0
1081 0
1082 3
1083 1
1084 2
1085 2
1086 3
1087 0
1088 1
1089 3
1090 3
1091 2
1092 1
1093 3
1094 1
1095 1
1096 1
1097 6
1098 4
1099 4
1100 4
1101 4
1102 4
1103 3
1104 2
1105 4
1106 3
1107 2
1108 4
1109 4
1110 2
1111 4
1112 1
1113 1
1114 2
1115 4
1116 5
1117 4
1118 1
1119 2
1120 2
1121 4
1122 2
1123 2
1124 4
1125 5
1126 3
1127 2
1128 4
1129 4
1130 4
1131 1
1132 3
1133 3
1134 2
1135 3
1136 2
1137 2
1138 0
1139 1
1140 4
1141 4
1142 3
1143 2
1144 0
1145 1
1146 1
1147 0
1148 1
1149 3
1150 3
1151 2
1152 2
1153 1
1154 1
1155 2
1156 1
1157 4
1158 2
1159 0
1160 4
1161 2
1162 1
1163 2
1164 4
1165 5
1166 5
1167 4
1168 4
1169 2
1170 0
1171 4
1172 2
1173 2
1174 1
1175 4
1176 4
1177 7
1178 8
1179 5
1180 5
1181 5
1182 7
1183 9
1184 11
1185 11
1186 10
1187 9
1188 7
1189 7
1190 6
1191 6
1192 4
1193 2
1194 1
1195 2
1196 2
1197 0
1198 1
1199 1
1200 3
1201 3
1202 1
1203 2
1204 2
1205 3
1206 2
1207 1
1208 2
1209 5
1210 7
1211 8
1212 6
1213 4
1214 3
1215 3
1216 3
1217 2
1218 2
1219 0
1220 1
1221 2
1222 2
1223 2
1224 3
1225 1
1226 1
1227 4
1228 4
1229 4
1230 4
1231 6
1232 6
1233 6
1234 7
1235 9
1236 10
1237 11
1238 9
1239 7
1240 6
1241 5
1242 5
1243 4
1244 4
1245 5
1246 5
1247 4
1248 5
1249 5
1250 4
1251 4
1252 5
1253 5
1254 5
1255 2
1256 2
1257 3
1258 0
1259 2
1260 3
1261 2
1262 1
1263 2
1264 3
1265 2
1266 2
1267 2
1268 1
1269 1
1270 1
1271 1
1272 3
1273 2
1274 1
1275 2
1276 1
1277 2
1278 5
1279 5
1280 4
1281 5
1282 6
1283 5
1284 3
1285 1
1286 4
1287 5
1288 2
1289 3
1290 1
1291 3
1292 4
1293 3
1294 2
1295 1
1296 1
1297 1
1298 2
1299 2
1300 2
1301 2
1302 4
1303 4
1304 5
1305 6
1306 7
1307 9
1308 7
1309 8
1310 8
1311 7
1312 5
1313 3
1314 2
1315 1
1316 0
1317 0
1318 0
1319 3
1320 2
1321 2
1322 2
1323 1
1324 3
1325 4
1326 4
1327 7
1328 8
1329 10
1330 10
1331 13
1332 13
1333 14
1334 15
1335 12
1336 15
1337 12
1338 15
1339 12
1340 13
1341 14
1342 11
1343 9
1344 7
1345 4
1346 3
1347 1
1348 2
1349 1
1350 0
1351 1
1352 4
1353 4
1354 5
1355 4
1356 3
1357 1
1358 1
1359 1
1360 2
1361 3
1362 3
1363 3
1364 3
1365 2
1366 5
1367 4
1368 4
1369 3
1370 6
1371 5
1372 5
1373 5
1374 4
1375 4
1376 4
1377 6
1378 5
1379 6
1380 6
1381 7
1382 6
1383 4
1384 1
1385 3
1386 1
1387 1
1388 0
1389 0
1390 1
1391 1
1392 4
1393 3
1394 2
1395 3
1396 4
1397 3
1398 4
1399 3
1400 3
1401 3
1402 3
1403 3
1404 2
1405 4
1406 4
1407 4
1408 4
1409 1
1410 3
1411 0
1412 4
1413 2
1414 2
1415 4
1416 5
1417 5
1418 3
1419 5
1420 6
1421 5
1422 2
1423 5
1424 3
1425 3
1426 6
1427 6
1428 6
1429 5
1430 7
1431 6
1432 7
1433 7
1434 6
1435 5
1436 6
1437 4
1438 4
1439 4
1440 3
1441 3
1442 3
1443 2
1444 5
1445 6
1446 7
1447 8
1448 11
1449 12
1450 11
1451 10
1452 10
1453 10
1454 11
1455 9
1456 7
1457 6
1458 5
1459 3
1460 1
1461 3
1462 0
1463 3
1464 0
1465 1
1466 3
1467 0
1468 0
1469 3
1470 2
1471 1
1472 2
1473 2
1474 1
1475 2
1476 4
1477 1
1478 4
1479 2
1480 3
1481 1
1482 3
1483 3
1484 2
1485 5
1486 5
1487 5
1488 4
1489 5
1490 4
1491 5
1492 4
1493 7
1494 8
1495 7
1496 6
1497 8
1498 7
1499 6
1500 5
1501 4
1502 3
1503 1
1504 2
1505 3
1506 2
1507 1
1508 2
1509 2
1510 1
1511 2
1512 2
1513 2
1514 4
1515 6
1516 6
1517 6
1518 4
1519 3
1520 4
1521 2
1522 5
1523 4
1524 2
1525 5
1526 4
1527 4
1528 5
1529 4
1530 1
1531 2
1532 2
1533 0
1534 1
1535 1
1536 1
1537 2
1538 1
1539 1
1540 2
1541 3
1542 2
1543 3
1544 4
1545 4
1546 4
1547 5
1548 4
1549 4
1550 2
1551 0
1552 4
1553 4
1554 2
1555 3
1556 1
1557 0
1558 1
1559 3
1560 3
1561 4
1562 2
1563 1
1564 2
1565 3
1566 2
1567 3
1568 3
1569 4
1570 2
1571 3
1572 4
1573 2
1574 0
1575 1
1576 1
1577 3
1578 3
1579 2
1580 4
1581 4
1582 2
1583 3
1584 5
1585 4
1586 2
1587 2
1588 1
1589 1
1590 3
1591 2
1592 2
1593 5
1594 4
1595 3
1596 1
1597 2
1598 2
1599 3
1600 2
1601 2
1602 2
1603 4
1604 3
1605 0
1606 5
1607 2
1608 3
1609 1
1610 3
1611 4
1612 3
1613 2
1614 3
1615 5
1616 2
1617 1
1618 1
1619 3
1620 1
1621 5
1622 3
1623 2
1624 2
1625 3
1626 3
1627 1
1628 3
1629 1
1630 3
1631 5
1632 3
1633 2
1634 2
1635 1
1636 1
1637 1
1638 2
1639 4
1640 3
1641 4
1642 6
1643 4
1644 4
1645 3
1646 0
1647 2
1648 2
1649 3
1650 4
1651 4
1652 5
1653 3
1654 1
1655 4
1656 2
1657 3
1658 3
1659 0
1660 1
1661 1
1662 2
1663 3
1664 3
1665 4
1666 2
1667 2
1668 5
1669 6
1670 6
1671 5
1672 4
1673 2
1674 1
1675 3
1676 3
1677 1
1678 4
1679 6
1680 6
1681 8
1682 10
1683 10
1684 8
1685 6
1686 4
1687 4
1688 6
1689 7
1690 9
1691 9
1692 10
1693 13
1694 12
1695 13
1696 13
1697 13
1698 12
1699 13
1700 13
1701 12
1702 9
1703 7
1704 5
1705 3
1706 0
1707 1
1708 3
1709 2
1710 1
1711 1
1712 0
1713 4
1714 3
1715 2
1716 0
1717 1
1718 1
1719 0
1720 0
1721 0
1722 0
1723 1
1724 1
1725 0
1726 1
1727 1
1728 2
1729 2
1730 3
1731 1
1732 3
1733 3
1734 5
1735 5
1736 5
1737 7
1738 7
1739 7
1740 5
1741 3
1742 0
1743 0
1744 3
1745 0
1746 2
1747 3
1748 4
1749 6
1750 4
1751 4
1752 5
1753 5
1754 5
1755 5
1756 3
1757 2
1758 2
1759 4
1760 5
1761 5
1762 3
1763 2
1764 3
1765 1
1766 1
1767 3
1768 1
1769 0
1770 1
1771 2
1772 1
1773 2
1774 3
1775 3
1776 4
1777 3
1778 2
1779 3
1780 5
1781 5
1782 3
1783 3
1784 2
1785 2
1786 3
1787 3
1788 3
1789 5
1790 5
1791 5
1792 2
1793 2
1794 3
1795 1
1796 4
1797 4
1798 4
1799 5
1800 5
1801 5
1802 4
1803 4
1804 3
1805 3
1806 2
1807 3
1808 6
1809 4
1810 3
1811 6
1812 3
1813 3
1814 1
1815 1
1816 2
1817 2
1818 4
1819 3
1820 3
1821 3
1822 1
1823 1
1824 2
1825 3
1826 4
1827 6
1828 5
1829 5
1830 3
1831 1
1832 2
1833 1
1834 1
1835 2
1836 4
1837 2
1838 0
1839 3
1840 2
1841 3
1842 2
1843 5
1844 5
1845 3
1846 2
1847 2
1848 3
1849 3
1850 2
1851 3
1852 5
1853 6
1854 6
1855 8
1856 10
1857 10
1858 11
1859 10
1860 10
1861 9
1862 7
1863 5
1864 4
1865 1
1866 4
1867 4
1868 3
1869 0
1870 3
1871 4
1872 5
1873 7
1874 6
1875 3
1876 2
1877 1
1878 0
1879 2
1880 0
1881 0
1882 0
1883 0
1884 1
1885 1
1886 1
1887 2
1888 2
1889 3
1890 2
1891 1
1892 1
1893 3
1894 4
1895 2
1896 1
1897 3
1898 4
1899 4
1900 3
1901 1
1902 0
1903 1
1904 2
1905 2
1906 1
1907 2
1908 3
1909 3
1910 3
1911 2
1912 5
1913 5
1914 6
1915 6
1916 7
1917 6
1918 7
1919 5
1920 6
1921 4
1922 4
1923 4
1924 5
1925 4
1926 6
1927 6
1928 5
1929 5
1930 3
1931 1
1932 1
1933 0
1934 2
1935 3
1936 4
1937 1
1938 3
1939 6
1940 5
1941 6
1942 3
1943 2
1944 2
1945 1
1946 1
1947 1
1948 0
1949 1
1950 1
1951 2
1952 1
1953 2
1954 1
1955 6
1956 5
1957 5
1958 4
1959 1
1960 3
1961 1
1962 3
1963 4
1964 4
1965 4
1966 3
1967 3
1968 3
1969 3
1970 4
1971 2
1972 3
1973 2
1974 1
1975 2
1976 3
1977 3
1978 4
1979 2
1980 2
1981 2
1982 2
1983 2
1984 3
1985 2
1986 3
1987 2
1988 3
1989 3
1990 3
1991 2
1992 3
1993 3
1994 0
1995 0
1996 5
1997 4
1998 1
1999 2
2000 3
2001 1
2002 3
2003 0
2004 1
2005 3
2006 2
2007 1
2008 3
2009 6
2010 4
2011 5
2012 5
2013 4
2014 2
2015 4
2016 2
2017 0
2018 3
2019 0
2020 2
2021 1
2022 2
2023 1
2024 0
2025 1
2026 2
2027 2
2028 3
2029 2
2030 1
2031 1
2032 2
2033 4
2034 5
2035 5
2036 5
2037 4
2038 4
2039 4
2040 3
2041 2
2042 3
2043 2
2044 2
2045 1
2046 2
2047 3
2048 3
2049 3
2050 0
2051 3
2052 2
2053 1
2054 2
2055 4
2056 4
2057 2
2058 2
2059 4
2060 4
2061 3
2062 3
2063 2
2064 6
2065 7
2066 7
2067 7
2068 6
2069 5
2070 4
2071 3
2072 3
2073 6
2074 3
2075 2
2076 3
2077 2
2078 2
2079 0
2080 2
2081 3
2082 1
2083 2
2084 3
2085 4
2086 2
2087 2
2088 3
2089 4
2090 5
2091 5
2092 6
2093 8
2094 10
2095 10
2096 11
2097 9
2098 12
2099 9
2100 8
2101 6
2102 5
2103 6
2104 6
2105 6
2106 6
2107 3
2108 1
2109 0
2110 1
2111 1
2112 0
2113 1
2114 4
2115 4
2116 1
2117 1
2118 2
2119 4
2120 1
2121 1
2122 1
2123 2
2124 2
2125 5
2126 6
2127 6
2128 5
2129 8
2130 6
2131 8
2132 8
2133 8
2134 7
2135 4
2136 3
2137 2
2138 3
2139 3
2140 3
2141 3
2142 1
2143 2
2144 2
2145 0
2146 2
2147 1
2148 1
2149 5
2150 5
2151 6
2152 8
2153 9
2154 10
2155 9
2156 9
2157 7
2158 5
2159 3
2160 0
2161 2
2162 4
2163 3
2164 3
2165 3
2166 2
2167 2
2168 4
2169 3
2170 3
2171 4
2172 6
2173 7
2174 7
2175 10
2176 11
2177 12
2178 12
2179 12
2180 13
2181 13
2182 14
2183 13
2184 13
2185 13
2186 13
2187 13
2188 13
2189 10
2190 8
2191 8
2192 7
2193 6
2194 3
2195 3
2196 0
2197 0
2198 0
2199 2
2200 1
2201 1
2202 0
2203 1
2204 0
2205 1
2206 2
2207 2
2208 3
2209 1
2210 1
2211 3
2212 2
2213 2
2214 0
2215 3
2216 2
2217 2
2218 1
2219 0
2220 0
2221 5
2222 6
2223 4
2224 4
2225 2
2226 4
2227 6
2228 6
2229 5
2230 4
2231 2
2232 1
2233 3
2234 1
2235 3
2236 5
2237 5
2238 4
2239 4
2240 3
2241 5
2242 4
2243 3
2244 1
2245 0
2246 3
2247 0
2248 1
2249 2
2250 3
2251 1
2252 0
2253 0
2254 1
2255 1
2256 0
2257 2
2258 2
2259 1
2260 3
2261 5
2262 5
2263 6
2264 6
2265 5
2266 6
2267 5
2268 4
2269 3
2270 0
2271 1
2272 2
2273 4
2274 3
2275 0
2276 2
2277 4
2278 1
2279 2
2280 0
2281 3
2282 1
2283 1
2284 2
2285 5
2286 3
2287 3
2288 2
2289 3
2290 2
2291 2
2292 3
2293 2
2294 1
2295 4
2296 5
2297 4
2298 4
2299 3
2300 1
2301 1
2302 1
2303 2
2304 2
2305 1
2306 3
2307 6
2308 5
2309 3
2310 3
2311 3
2312 2
2313 3
2314 2
2315 0
2316 2
2317 1
2318 3
2319 2
2320 3
2321 4
2322 5
2323 4
2324 5
2325 4
2326 5
2327 5
2328 3
2329 2
2330 1
2331 3
2332 2
2333 3
2334 2
2335 0
2336 2
2337 3
2338 3
2339 1
2340 0
2341 1
2342 1
2343 3
2344 1
2345 2
2346 3
2347 2
2348 4
2349 3
2350 2
2351 2
2352 3
2353 4
2354 5
2355 3
2356 1
2357 1
2358 3
2359 5
2360 4
2361 3
2362 5
2363 3
2364 2
2365 3
2366 3
2367 1
2368 2
2369 3
2370 4
2371 5
2372 5
2373 5
2374 2
2375 2
2376 3
2377 2
2378 3
2379 2
2380 0
2381 2
2382 0
2383 1
2384 2
2385 4
2386 1
2387 6
2388 5
2389 5
2390 3
2391 0
2392 2
2393 0
2394 0
2395 1
2396 5
2397 3
2398 2
2399 1
2400 2
2401 3
2402 4
2403 5
2404 5
2405 7
2406 9
2407 8
2408 7
2409 5
2410 6
2411 3
2412 1
2413 0
2414 2
2415 1
2416 2
2417 4
2418 5
2419 3
2420 0
2421 0
2422 1
2423 0
2424 1
2425 1
2426 1
2427 6
2428 7
2429 8
2430 8
2431 11
2432 10
2433 12
2434 12
2435 13
2436 13
2437 13
2438 11
2439 12
2440 11
2441 10
2442 10
2443 10
2444 10
2445 9
2446 9
2447 8
2448 6
2449 6
2450 6
2451 4
2452 3
2453 0
2454 0
2455 1
2456 1
2457 0
2458 1
2459 1
2460 3
2461 0
2462 0
2463 1
2464 0
2465 1
2466 1
2467 3
2468 3
2469 5
2470 5
2471 4
2472 3
2473 3
2474 3
2475 4
2476 1
2477 3
2478 2
2479 1
2480 4
2481 2
2482 3
2483 2
2484 2
2485 1
2486 1
2487 1
2488 1
2489 2
2490 2
2491 0
2492 1
2493 4
2494 4
2495 3
2496 1
2497 1
2498 2
2499 0
2500 1
2501 3
2502 2
2503 4
2504 3
2505 3
2506 1
2507 3
2508 1
2509 3
2510 3
2511 3
2512 3
2513 2
2514 4
2515 3
2516 3
2517 2
2518 2
2519 0
2520 1
2521 2
2522 0
2523 4
2524 3
2525 0
2526 1
2527 4
2528 3
2529 2
2530 4
2531 5
2532 4
2533 3
2534 1
2535 4
2536 4
2537 5
2538 2
2539 3
2540 3
2541 3
2542 4
2543 4
2544 5
2545 5
2546 5
2547 6
2548 6
2549 3
2550 2
2551 3
2552 3
2553 1
2554 1
2555 4
2556 3
2557 2
2558 3
2559 0
2560 2
2561 2
2562 2
2563 3
2564 3
2565 5
2566 7
2567 8
2568 9
2569 11
2570 11
2571 11
2572 11
2573 10
2574 10
2575 9
2576 9
2577 7
2578 4
2579 1
2580 1
2581 2
2582 1
2583 1
2584 2
2585 1
2586 1
2587 1
2588 2
2589 3
2590 0
2591 1
2592 2
2593 3
2594 3
2595 3
2596 3
2597 4
2598 2
2599 1
2600 1
2601 2
2602 1
2603 0
2604 2
2605 3
2606 2
2607 3
2608 5
2609 2
2610 1
2611 3
2612 2
2613 1
2614 4
2615 3
2616 3
2617 2
2618 1
2619 4
2620 2
2621 2
2622 4
2623 2
2624 6
2625 6
2626 9
2627 8
2628 7
2629 9
2630 9
2631 8
2632 9
2633 8
2634 8
2635 9
2636 8
2637 6
2638 4
2639 2
2640 3
2641 2
2642 3
2643 2
2644 2
2645 2
2646 1
2647 2
2648 2
2649 5
2650 5
2651 2
2652 1
2653 3
2654 1
2655 3
2656 1
2657 5
2658 5
2659 4
2660 4
2661 2
2662 3
2663 2
2664 3
2665 3
2666 0
2667 2
2668 2
2669 0
2670 3
2671 3
2672 3
2673 0
2674 1
2675 5
2676 5
2677 7
2678 6
2679 5
2680 3
2681 0
2682 0
2683 2
2684 2
2685 2
2686 2
2687 0
2688 1
2689 2
2690 2
2691 2
2692 3
2693 1
2694 1
2695 3
2696 4
2697 4
2698 6
2699 7
2700 7
2701 6
2702 4
2703 5
2704 3
2705 3
2706 0
2707 0
2708 1
2709 0
2710 0
2711 1
2712 6
2713 5
2714 5
2715 5
2716 5
2717 5
2718 4
2719 4
2720 2
2721 3
2722 2
2723 2
2724 2
2725 5
2726 4
2727 3
2728 2
2729 1
2730 0
2731 4
2732 2
2733 1
2734 2
2735 3
2736 5
2737 5
2738 4
2739 3
2740 4
2741 4
2742 2
2743 1
2744 3
2745 3
2746 3
2747 3
2748 4
2749 4
2750 3
2751 1
2752 3
2753 3
2754 3
2755 2
2756 3
2757 1
2758 2
2759 2
2760 0
2761 1
2762 1
2763 1
2764 3
2765 2
2766 4
2767 4
2768 3
2769 5
2770 5
2771 3
2772 6
2773 7
2774 9
2775 9
2776 10
2777 11
2778 12
2779 12
2780 14
2781 15
2782 12
2783 14
2784 16
2785 14
2786 15
2787 12
2788 11
2789 8
2790 5
2791 2
2792 2
2793 1
2794 1
2795 0
2796 2
2797 3
2798 1
2799 1
2800 3
2801 2
2802 1
2803 2
2804 3
2805 3
2806 1
2807 3
2808 3
2809 1
2810 2
2811 3
2812 3
2813 3
2814 3
2815 1
2816 2
2817 1
2818 2
2819 2
2820 2
2821 3
2822 1
2823 2
2824 3
2825 2
2826 2
2827 6
2828 6
2829 7
2830 8
2831 6
2832 5
2833 3
2834 3
2835 0
2836 5
2837 4
2838 2
2839 2
2840 1
2841 0
2842 2
2843 3
2844 1
2845 2
2846 0
2847 4
2848 6
2849 6
2850 6
2851 5
2852 3
2853 4
2854 2
2855 5
2856 3
2857 3
2858 1
2859 2
2860 2
2861 3
2862 3
2863 1
2864 5
2865 8
2866 6
2867 6
2868 7
2869 5
2870 3
2871 2
2872 1
2873 1
2874 0
2875 1
2876 1
2877 2
2878 0
2879 1
2880 3
2881 1
2882 0
2883 1
2884 1
2885 0
2886 0
2887 3
2888 2
2889 3
2890 3
2891 2
2892 5
2893 7
2894 7
2895 7
2896 6
2897 8
2898 8
2899 8
2900 9
2901 8
2902 8
2903 8
2904 10
2905 7
2906 5
2907 3
2908 0
2909 1
2910 3
2911 5
2912 6
2913 7
2914 7
2915 4
2916 4
2917 2
2918 2
2919 0
2920 2
2921 3
2922 4
2923 3
2924 1
2925 2
2926 1
2927 2
2928 2
2929 2
2930 3
2931 0
2932 5
2933 7
2934 6
2935 7
2936 7
2937 5
2938 5
2939 6
2940 4
2941 6
2942 5
2943 7
2944 5
2945 3
2946 3
2947 0
2948 2
2949 3
2950 4
2951 3
2952 1
2953 4
2954 1
2955 3
2956 0
2957 3
2958 1
2959 2
2960 4
2961 2
2962 2
2963 1
2964 3
2965 2
2966 3
2967 3
2968 1
2969 0
2970 3
2971 1
2972 3
2973 3
2974 1
2975 5
2976 6
2977 5
2978 6
2979 5
2980 4
2981 1
2982 2
2983 4
2984 3
2985 2
2986 3
2987 4
2988 5
2989 4
2990 5
2991 3
2992 1
2993 1
2994 2
2995 1
2996 3
2997 3
2998 3
2999 1
3000 6
3001 5
3002 4
3003 6
3004 5
3005 6
3006 5
3007 3
3008 2
3009 1
3010 3
3011 1
3012 1
3013 1
3014 1
3015 3
3016 1
3017 2
3018 4
3019 1
3020 0
3021 1
3022 1
3023 0
3024 2
3025 3
3026 2
3027 2
3028 0
3029 4
3030 1
3031 4
3032 1
3033 3
3034 0
3035 0
3036 0
3037 0
3038 2
3039 1
3040 1
3041 0
3042 3
3043 3
3044 2
3045 1
3046 4
3047 3
3048 6
3049 6
3050 5
3051 2
3052 2
3053 1
3054 1
3055 0
3056 0
3057 1
3058 2
3059 2
3060 1
3061 3
3062 1
3063 2
3064 3
3065 3
3066 2
3067 2
3068 2
3069 4
3070 2
3071 1
3072 1
3073 1
3074 3
3075 1
3076 1
3077 2
3078 2
3079 3
3080 0
3081 0
3082 1
3083 0
3084 1
3085 0
3086 0
3087 3
3088 2
3089 2
3090 1
3091 4
3092 5
3093 4
3094 5
3095 6
3096 7
3097 7
3098 6
3099 5
3100 5
3101 4
3102 5
3103 5
3104 4
3105 5
3106 2
3107 2
3108 1
3109 1
3110 0
3111 2
3112 3
3113 2
3114 4
3115 5
3116 3
3117 3
3118 5
3119 4
3120 4
3121 4
3122 4
3123 3
3124 3
3125 1
3126 4
3127 5
3128 4
3129 4
3130 2
3131 1
3132 0
3133 2
3134 2
3135 1
3136 3
3137 2
3138 3
3139 2
3140 2
3141 3
3142 3
3143 2
3144 6
3145 6
3146 3
3147 2
3148 4
3149 3
3150 1
3151 1
3152 1
3153 3
3154 1
3155 2
3156 1
3157 3
3158 3
3159 2
3160 3
3161 3
3162 0
3163 3
3164 2
3165 3
3166 1
3167 3
3168 4
3169 4
3170 5
3171 6
3172 4
3173 4
3174 4
3175 3
3176 2
3177 2
3178 3
3179 4
3180 4
3181 2
3182 2
3183 1
3184 1
3185 3
3186 4
3187 3
3188 3
3189 1
3190 2
3191 1
3192 4
3193 5
3194 4
3195 4
3196 2
3197 1
3198 4
3199 5
3200 7
3201 7
3202 5
3203 5
3204 4
3205 4
3206 2
3207 1
3208 3
3209 3
3210 3
3211 1
3212 7
3213 5
3214 3
3215 4
3216 4
3217 5
3218 3
3219 3
3220 3
3221 3
3222 1
3223 3
3224 1
3225 1
3226 1
3227 0
3228 3
3229 1
3230 2
3231 3
3232 2
3233 4
3234 3
3235 3
3236 0
3237 3
3238 2
3239 3
3240 3
3241 0
3242 4
3243 6
3244 7
3245 6
3246 4
3247 1
3248 0
3249 0
3250 0
3251 3
3252 2
3253 0
3254 0
3255 0
3256 1
3257 2
3258 0
3259 1
3260 1
3261 3
3262 1
3263 0
3264 1
3265 1
3266 2
3267 2
3268 3
3269 3
3270 3
3271 0
3272 1
3273 2
3274 2
3275 1
3276 1
3277 3
3278 3
3279 3
3280 4
3281 5
3282 7
3283 6
3284 7
3285 7
3286 7
3287 10
3288 9
3289 9
3290 10
3291 13
3292 11
3293 11
3294 9
3295 9
3296 10
3297 11
3298 14
3299 15
3300 12
3301 13
3302 13
3303 12
3304 11
3305 8
3306 5
3307 3
3308 0
3309 1
3310 0
3311 0
3312 1
3313 1
3314 1
3315 1
3316 0
3317 3
3318 1
3319 1
3320 0
3321 1
3322 1
3323 3
3324 2
3325 0
3326 0
3327 0
3328 1
3329 4
3330 5
3331 4
3332 3
3333 2
3334 3
3335 3
3336 3
3337 4
3338 3
3339 3
3340 3
3341 3
3342 3
3343 4
3344 3
3345 2
3346 2
3347 4
3348 2
3349 2
3350 2
3351 1
3352 2
3353 1
3354 2
3355 2
3356 3
3357 1
3358 0
3359 1
3360 2
3361 3
3362 3
3363 4
3364 4
3365 5
3366 6
3367 7
3368 7
3369 8
3370 8
3371 7
3372 7
3373 7
3374 5
3375 4
3376 3
3377 2
3378 1
3379 2
3380 2
3381 3
3382 2
3383 3
3384 1
3385 2
3386 2
3387 4
3388 2
3389 4
3390 4
3391 5
3392 4
3393 2
3394 2
3395 1
3396 5
3397 5
3398 5
3399 4
3400 3
3401 2
3402 3
3403 6
3404 6
3405 4
3406 5
3407 7
3408 5
3409 5
3410 5
3411 6
3412 6
3413 5
3414 3
3415 0
3416 2
3417 0
3418 1
3419 0
3420 0
3421 0
3422 2
3423 2
3424 4
3425 2
3426 2
3427 1
3428 2
3429 2
3430 2
3431 2
3432 2
3433 4
3434 4
3435 4
3436 7
3437 8
3438 10
3439 13
3440 13
3441 13
3442 11
3443 10
3444 8
3445 8
3446 7
3447 7
3448 5
3449 7
3450 6
3451 5
3452 4
3453 4
3454 2
3455 3
3456 3
3457 3
3458 1
3459 3
3460 2
3461 2
3462 3
3463 2
3464 0
3465 2
3466 5
3467 6
3468 4
3469 2
3470 1
3471 3
3472 4
3473 4
3474 8
3475 7
3476 6
3477 4
3478 4
3479 4
3480 4
3481 4
3482 7
3483 8
3484 6
3485 4
3486 4
3487 3
3488 1
3489 1
3490 2
3491 3
3492 3
3493 2
3494 2
3495 1
3496 4
3497 4
3498 4
3499 3
3500 1
3501 3
3502 1
3503 1
3504 4
3505 3
3506 3
3507 2
3508 2
3509 3
3510 4
3511 5
3512 3
3513 2
3514 2
3515 2
3516 2
3517 4
3518 1
3519 4
3520 3
3521 2
3522 2
3523 3
3524 2
3525 4
3526 4
3527 2
3528 4
3529 1
3530 3
3531 1
3532 0
3533 3
3534 3
3535 2
3536 2
3537 3
3538 4
3539 4
3540 3
3541 2
3542 4
3543 4
3544 4
3545 4
3546 1
3547 2
3548 5
3549 6
3550 7
3551 7
3552 8
3553 9
3554 9
3555 7
3556 8
3557 6
3558 3
3559 3
3560 2
3561 1
3562 2
3563 3
3564 0
3565 0
3566 2
3567 1
3568 1
3569 0
3570 2
3571 2
3572 1
3573 1
3574 4
3575 5
3576 3
3577 3
3578 3
3579 3
3580 4
3581 3
3582 4
3583 3
3584 2
3585 2
3586 4
3587 4
3588 3
3589 3
3590 3
3591 2
3592 2
3593 3
3594 1
3595 2
3596 1
3597 7
3598 5
3599 4
3600 4
3601 5
3602 4
3603 2
3604 3
3605 2
3606 3
3607 1
3608 2
3609 4
3610 3
3611 3
3612 1
3613 3
3614 3
3615 3
3616 3
3617 3
3618 1
3619 0
3620 0
3621 1
3622 2
3623 2
3624 2
3625 3
3626 0
3627 1
3628 1
3629 1
3630 1
3631 1
3632 0
3633 2
3634 3
3635 0
3636 2
3637 2
3638 2
3639 3
3640 2
3641 3
3642 4
3643 4
3644 2
3645 3
3646 2
3647 1
3648 0
3649 5
3650 6
3651 6
3652 4
3653 5
3654 4
3655 4
3656 4
3657 3
3658 2
3659 1
3660 1
3661 1
3662 3
3663 2
3664 1
3665 2
3666 2
3667 3
3668 1
3669 2
3670 1
3671 4
3672 3
3673 1
3674 0
3675 0
3676 2
3677 2
3678 0
3679 4
3680 2
3681 2
3682 1
3683 1
3684 4
3685 2
3686 2
3687 2
3688 3
3689 2
3690 2
3691 0
3692 3
3693 2
3694 2
3695 6
3696 7
3697 7
3698 9
3699 9
3700 11
3701 11
3702 11
3703 11
3704 8
3705 9
3706 10
3707 10
3708 11
3709 11
3710 13
3711 14
3712 13
3713 15
3714 12
3715 13
3716 12
3717 9
3718 8
3719 5
3720 3
3721 1
3722 1
3723 2
3724 0
3725 2
3726 2
3727 4
3728 3
3729 2
3730 2
3731 4
3732 4
3733 5
3734 6
3735 6
3736 5
3737 7
3738 5
3739 4
3740 3
3741 1
3742 3
3743 2
3744 6
3745 6
3746 8
3747 9
3748 9
3749 11
3750 12
3751 13
3752 13
3753 14
3754 12
3755 11
3756 11
3757 12
3758 14
3759 12
3760 11
3761 10
3762 9
3763 7
3764 6
3765 9
3766 9
3767 12
3768 10
3769 9
3770 9
3771 6
3772 7
3773 6
3774 5
3775 6
3776 3
3777 1
3778 0
3779 1
3780 2
3781 1
3782 1
3783 2
3784 2
3785 1
3786 0
3787 0
3788 2
3789 4
3790 3
3791 4
3792 2
3793 2
3794 1
3795 2
3796 2
3797 2
3798 4
3799 4
3800 2
3801 2
3802 1
3803 2
3804 4
3805 3
3806 3
3807 3
3808 5
3809 4
3810 5
3811 7
3812 7
3813 4
3814 5
3815 2
3816 2
3817 3
3818 1
3819 0
3820 4
3821 4
3822 3
3823 3
3824 3
3825 3
3826 1
3827 0
3828 1
3829 2
3830 4
3831 2
3832 3
3833 2
3834 4
3835 4
3836 5
3837 4
3838 5
3839 4
3840 3
3841 0
3842 1
3843 3
3844 0
3845 3
3846 1
3847 3
3848 2
3849 1
3850 1
3851 3
3852 3
3853 3
3854 1
3855 1
3856 4
3857 4
3858 3
3859 2
3860 1
3861 4
3862 3
3863 3
3864 1
3865 3
3866 4
3867 3
3868 2
3869 2
3870 2
3871 1
3872 0
3873 2
3874 0
3875 3
3876 3
3877 1
3878 0
3879 3
3880 3
3881 1
3882 3
3883 3
3884 4
3885 3
3886 0
3887 2
3888 5
3889 3
3890 3
3891 4
3892 4
3893 4
3894 1
3895 3
3896 1
3897 1
3898 2
3899 1
3900 3
3901 2
3902 4
3903 3
3904 5
3905 3
3906 2
3907 2
3908 0
3909 1
3910 0
3911 2
3912 2
3913 2
3914 1
3915 3
3916 1
3917 1
3918 1
3919 1
3920 2
3921 3
3922 4
3923 2
3924 1
3925 1
3926 5
3927 5
3928 6
3929 5
3930 4
3931 5
3932 4
3933 5
3934 2
3935 2
3936 6
3937 7
3938 6
3939 4
3940 6
3941 6
3942 6
3943 4
3944 1
3945 1
3946 1
3947 1
3948 3
3949 1
3950 1
3951 3
3952 3
3953 2
3954 0
3955 4
3956 8
3957 7
3958 6
3959 7
3960 6
3961 4
3962 2
3963 3
3964 2
3965 3
3966 1
3967 4
3968 4
3969 4
3970 2
3971 1
3972 2
3973 3
3974 2
3975 3
3976 4
3977 4
3978 3
3979 4
3980 4
3981 2
3982 1
3983 3
3984 1
3985 4
3986 4
3987 1
3988 3
3989 0
3990 1
3991 6
3992 6
3993 4
3994 2
3995 0
3996 3
3997 1
3998 7
3999 6
4000 7
4001 10
4002 8
4003 9
4004 10
4005 11
4006 10
4007 10
4008 10
4009 12
4010 9
4011 8
4012 6
4013 6
4014 5
4015 6
4016 4
4017 4
4018 3
4019 2
4020 2
4021 3
4022 3
4023 3
4024 2
4025 2
4026 3
4027 2
4028 2
4029 3
4030 2
4031 1
4032 2
4033 4
4034 3
4035 3
4036 3
4037 3
4038 3
4039 1
4040 2
4041 2
4042 1
4043 2
4044 3
4045 4
4046 3
4047 1
4048 5
4049 4
4050 3
4051 1
4052 0
4053 2
4054 2
4055 2
4056 3
4057 3
4058 1
4059 3
4060 0
4061 3
4062 1
4063 0
4064 1
4065 2
4066 1
4067 3
4068 3
4069 3
4070 5
4071 6
4072 4
4073 4
4074 3
4075 2
4076 4
4077 3
4078 1
4079 1
4080 3
4081 3
4082 2
4083 5
4084 5
4085 5
4086 3
4087 2
4088 3
4089 1
4090 1
4091 0
4092 1
4093 3
4094 0
4095 0
4096 6
4097 5
4098 6
4099 6
4100 5
4101 4
4102 4
4103 4
4104 1
4105 4
4106 5
4107 6
4108 7
4109 7
4110 10
4111 12
4112 12
4113 11
4114 11
4115 10
4116 9
4117 6
4118 4
4119 1
4120 0
4121 1
4122 0
4123 2
4124 3
4125 6
4126 7
4127 8
4128 8
4129 8
4130 8
4131 9
4132 8
4133 6
4134 4
4135 2
4136 3
4137 2
4138 2
4139 2
4140 2
4141 0
4142 0
4143 1
4144 0
4145 0
4146 2
4147 0
4148 1
4149 0
4150 2
4151 3
4152 0
4153 1
4154 1
4155 1
4156 0
4157 1
4158 0
4159 2
4160 2
4161 0
4162 2
4163 3
4164 5
4165 7
4166 4
4167 3
4168 2
4169 2
4170 4
4171 1
4172 3
4173 1
4174 4
4175 4
4176 4
4177 4
4178 5
4179 3
4180 1
4181 2
4182 1
4183 4
4184 4
4185 3
4186 2
4187 4
4188 4
4189 6
4190 7
4191 7
4192 7
4193 6
4194 5
4195 4
4196 4
4197 1
4198 5
4199 5
4200 4
4201 2
4202 3
4203 0
4204 0
4205 1
4206 1
4207 0
4208 3
4209 3
4210 2
4211 2
4212 3
4213 2
4214 2
4215 2
4216 4
4217 4
4218 2
4219 2
4220 3
4221 0
4222 2
4223 4
4224 4
4225 4
4226 5
4227 4
4228 3
4229 1
4230 5
4231 5
4232 4
4233 3
4234 2
4235 4
4236 4
4237 5
4238 4
4239 3
4240 0
4241 0
4242 2
4243 1
4244 1
4245 1
4246 1
4247 1
4248 1
4249 1
4250 4
4251 3
4252 2
4253 5
4254 5
4255 4
4256 3
4257 3
4258 1
4259 1
4260 4
4261 4
4262 4
4263 1
4264 1
4265 3
4266 3
4267 1
4268 2
4269 2
4270 3
4271 4
4272 4
4273 4
4274 3
4275 5
4276 5
4277 2
4278 4
4279 1
4280 3
4281 2
4282 0
4283 2
4284 1
4285 0
4286 5
4287 6
4288 6
4289 7
4290 8
4291 7
4292 5
4293 5
4294 2
4295 1
4296 3
4297 1
4298 2
4299 0
4300 2
4301 1
4302 0
4303 1
4304 0
4305 1
4306 3
4307 5
4308 6
4309 5
4310 5
4311 3
4312 2
4313 0
4314 3
4315 2
4316 1
4317 2
4318 2
4319 1
4320 2
4321 2
4322 0
4323 1
4324 2
4325 0
4326 2
4327 1
4328 2
4329 3
4330 3
4331 2
4332 3
4333 4
4334 2
4335 2
4336 1
4337 3
4338 5
4339 3
4340 3
4341 2
4342 3
4343 2
4344 0
4345 3
4346 3
4347 0
4348 0
4349 1
4350 1
4351 0
4352 1
4353 2
4354 3
4355 4
4356 5
4357 4
4358 4
4359 2
4360 2
4361 1
4362 0
4363 3
4364 5
4365 5
4366 4
4367 5
4368 6
4369 7
4370 7
4371 10
4372 8
4373 8
4374 9
4375 6
4376 5
4377 4
4378 3
4379 2
4380 2
4381 2
4382 1
4383 2
4384 3
4385 2
4386 3
4387 3
4388 3
4389 3
4390 3
4391 2
4392 2
4393 3
4394 1
4395 3
4396 0
4397 3
4398 1
4399 2
4400 0
4401 2
4402 3
4403 0
4404 4
4405 2
4406 1
4407 1
4408 0
4409 2
4410 2
4411 4
4412 4
4413 5
4414 4
4415 4
4416 3
4417 3
4418 1
4419 2
4420 2
4421 3
4422 1
4423 3
4424 3
4425 1
4426 4
4427 6
4428 3
4429 1
4430 2
4431 0
4432 4
4433 5
4434 4
4435 5
4436 3
4437 4
4438 7
4439 6
4440 7
4441 7
4442 8
4443 7
4444 7
4445 5
4446 7
4447 8
4448 8
4449 8
4450 7
4451 6
4452 6
4453 5
4454 5
4455 3
4456 2
4457 4
4458 3
4459 3
4460 3
4461 1
4462 1
4463 3
4464 2
4465 0
4466 4
4467 1
4468 3
4469 3
4470 2
4471 4
4472 3
4473 3
4474 1
4475 2
4476 4
4477 4
4478 4
4479 6
4480 5
4481 3
4482 2
4483 1
4484 0
4485 0
4486 1
4487 2
4488 2
4489 2
4490 1
4491 4
4492 6
4493 5
4494 5
4495 6
4496 7
4497 5
4498 4
4499 2
4500 5
4501 5
4502 3
4503 3
4504 2
4505 2
4506 4
4507 5
4508 4
4509 4
4510 2
4511 2
4512 3
4513 3
4514 5
4515 6
4516 8
4517 6
4518 5
4519 6
4520 6
4521 6
4522 5
4523 2
4524 0
4525 1
4526 1
4527 0
4528 2
4529 1
4530 2
4531 1
4532 1
4533 0
4534 0
4535 1
4536 0
4537 2
4538 0
4539 2
4540 1
4541 2
4542 3
4543 2
4544 1
4545 1
4546 5
4547 9
4548 12
4549 13
4550 12
4551 10
4552 8
4553 6
4554 5
4555 2
4556 0
4557 0
4558 1
4559 1
4560 1
4561 2
4562 2
4563 2
4564 2
4565 3
4566 0
4567 1
4568 1
4569 2
4570 2
4571 3
4572 4
4573 2
4574 3
4575 1
4576 3
4577 2
4578 0
4579 3
4580 2
4581 5
4582 5
4583 3
4584 1
4585 1
4586 3
4587 5
4588 5
4589 5
4590 5
4591 3
4592 2
4593 1
4594 2
4595 2
4596 3
4597 2
4598 3
4599 1
4600 0
4601 3
4602 2
4603 0
4604 5
4605 3
4606 4
4607 3
4608 0
4609 1
4610 1
4611 0
4612 1
4613 2
4614 2
4615 1
4616 1
4617 0
4618 3
4619 0
4620 1
4621 1
4622 1
4623 3
4624 3
4625 5
4626 3
4627 2
4628 3
4629 3
4630 5
4631 4
4632 6
4633 7
4634 8
4635 10
4636 10
4637 11
4638 12
4639 11
4640 9
4641 7
4642 8
4643 10
4644 7
4645 4
4646 3
4647 3
4648 2
4649 0
4650 0
4651 0
4652 0
4653 0
4654 3
4655 1
4656 0
4657 1
4658 2
4659 3
4660 2
4661 2
4662 7
4663 6
4664 7
4665 5
4666 3
4667 4
4668 4
4669 2
4670 2
4671 3
4672 1
4673 4
4674 2
4675 2
4676 4
4677 1
4678 2
4679 5
4680 3
4681 2
4682 3
4683 4
4684 2
4685 2
4686 4
4687 6
4688 6
4689 6
4690 4
4691 3
4692 3
4693 2
4694 2
4695 2
4696 3
4697 0
4698 3
4699 5
4700 4
4701 2
4702 3
4703 3
4704 2
4705 3
4706 3
4707 2
4708 2
4709 3
4710 3
4711 4
4712 4
4713 1
4714 3
4715 1
4716 2
4717 3
4718 2
4719 3
4720 2
4721 3
4722 0
4723 0
4724 2
4725 2
4726 1
4727 2
4728 0
4729 0
4730 1
4731 1
4732 1
4733 3
4734 2
4735 3
4736 2
4737 5
4738 6
4739 4
4740 5
4741 5
4742 4
4743 3
4744 5
4745 4
4746 3
4747 0
4748 1
4749 3
4750 2
4751 2
4752 3
4753 1
4754 4
4755 3
4756 2
4757 1
4758 2
4759 1
4760 3
4761 1
4762 3
4763 0
4764 3
4765 3
4766 7
4767 8
4768 8
4769 8
4770 8
4771 6
4772 5
4773 4
4774 4
4775 3
4776 3
4777 0
4778 3
4779 1
4780 2
4781 5
4782 2
4783 1
4784 1
4785 2
4786 0
4787 2
4788 1
4789 1
4790 1
4791 3
4792 4
4793 2
4794 2
4795 2
4796 2
4797 3
4798 1
4799 1
4800 2
4801 2
4802 2
4803 3
4804 3
4805 5
4806 7
4807 6
4808 3
4809 4
4810 6
4811 4
4812 2
4813 4
4814 4
4815 3
4816 5
4817 5
4818 4
4819 2
4820 3
4821 2
4822 3
4823 1
4824 1
4825 4
4826 2
4827 1
4828 1
4829 3
4830 2
4831 0
4832 3
4833 3
4834 3
4835 2
4836 2
4837 3
4838 0
4839 2
4840 2
4841 3
4842 4
4843 5
4844 4
4845 5
4846 5
4847 4
4848 2
4849 1
4850 1
4851 2
4852 1
4853 4
4854 7
4855 10
4856 9
4857 9
4858 7
4859 10
4860 7
4861 6
4862 5
4863 5
4864 3
4865 3
4866 0
4867 3
4868 3
4869 3
4870 1
4871 4
4872 5
4873 7
4874 10
4875 10
4876 10
4877 9
4878 10
4879 7
4880 9
4881 11
4882 8
4883 10
4884 11
4885 12
4886 9
4887 10
4888 10
4889 10
4890 8
4891 6
4892 5
4893 3
4894 0
4895 2
4896 0
4897 2
4898 2
4899 1
4900 3
4901 1
4902 4
4903 3
4904 2
4905 4
4906 1
4907 5
4908 8
4909 10
4910 12
4911 12
4912 12
4913 13
4914 15
4915 12
4916 13
4917 14
4918 11
4919 8
4920 6
4921 4
4922 1
4923 0
4924 0
4925 1
4926 2
4927 1
4928 4
4929 4
4930 3
4931 2
4932 3
4933 3
4934 2
4935 2
4936 3
4937 3
4938 4
4939 2
4940 1
4941 2
4942 2
4943 3
4944 2
4945 1
4946 1
4947 0
4948 2
4949 2
4950 2
4951 1
4952 1
4953 1
4954 3
4955 3
4956 3
4957 2
4958 4
4959 2
4960 1
4961 3
4962 3
4963 2
4964 3
4965 1
4966 5
4967 4
4968 4
4969 4
4970 4
4971 5
4972 3
4973 4
4974 5
4975 2
4976 4
4977 2
4978 5
4979 4
4980 4
4981 1
4982 1
4983 5
4984 4
4985 2
4986 2
4987 1
4988 1
4989 0
4990 1
4991 2
4992 2
4993 2
4994 2
4995 3
4996 1
4997 2
4998 1
4999 1
5000 2
5001 0
5002 1
5003 2
5004 6
5005 5
5006 6
5007 3
5008 0
5009 1
5010 0
5011 1
5012 1
5013 2
5014 3
5015 4
5016 3
5017 0
5018 1
5019 4
5020 1
5021 2
5022 4
5023 4
5024 3
5025 4
5026 6
5027 4
5028 5
5029 5
5030 4
5031 2
5032 2
5033 2
5034 1
5035 1
5036 2
5037 2
5038 3
5039 4
5040 4
5041 3
5042 3
5043 1
5044 1
5045 2
5046 2
5047 1
5048 1
5049 1
5050 2
5051 2
5052 1
5053 2
5054 1
5055 3
5056 3
5057 4
5058 4
5059 5
5060 6
5061 7
5062 7
5063 5
5064 4
5065 4
5066 2
5067 1
5068 1
5069 4
5070 4
5071 6
5072 5
5073 4
5074 1
5075 2
5076 3
5077 3
5078 3
5079 3
5080 1
5081 2
5082 4
5083 3
5084 1
5085 2
5086 2
5087 4
5088 5
5089 5
5090 5
5091 4
5092 3
5093 3
5094 3
5095 2
5096 1
5097 2
5098 1
5099 0
5100 3
5101 0
5102 2
5103 4
5104 4
5105 6
5106 5
5107 4
5108 3
5109 1
5110 1
5111 3
5112 4
5113 5
5114 3
5115 3
5116 2
5117 3
5118 2
5119 2
5120 1
5121 5
5122 6
5123 3
5124 0
5125 1
5126 1
5127 0
5128 1
5129 1
5130 1
5131 2
5132 1
5133 2
5134 4
5135 5
5136 5
5137 4
5138 4
5139 1
5140 2
5141 3
5142 3
5143 5
5144 6
5145 7
5146 7
5147 7
5148 8
5149 7
5150 7
5151 5
5152 6
5153 3
5154 0
5155 1
5156 2
5157 1
5158 2
5159 0
5160 0
5161 3
5162 3
5163 0
5164 1
5165 4
5166 5
5167 5
5168 6
5169 6
5170 7
5171 4
5172 5
5173 4
5174 3
5175 2
5176 2
5177 1
5178 3
5179 1
5180 2
5181 1
5182 3
5183 6
5184 3
5185 1
5186 0
5187 0
5188 5
5189 3
5190 5
5191 3
5192 1
5193 0
5194 2
5195 4
5196 4
5197 3
5198 4
5199 7
5200 7
5201 9
5202 11
5203 12
5204 14
5205 16
5206 13
5207 15
5208 12
5209 15
5210 12
5211 15
5212 12
5213 13
5214 17
5215 14
5216 14
5217 16
5218 13
5219 14
5220 13
5221 13
5222 12
5223 10
5224 7
5225 4
5226 2
5227 1
5228 0
5229 1
5230 0
5231 0
5232 1
5233 1
5234 2
5235 0
5236 0
5237 1
5238 4
5239 2
5240 3
5241 1
5242 4
5243 3
5244 2
5245 4
5246 4
5247 2
5248 7
5249 7
5250 9
5251 7
5252 8
5253 7
5254 7
5255 5
5256 3
5257 1
5258 2
5259 1
5260 3
5261 1
5262 3
5263 1
5264 4
5265 4
5266 3
5267 2
5268 3
5269 2
5270 3
5271 3
5272 3
5273 3
5274 1
5275 4
5276 3
5277 0
5278 4
5279 5
5280 3
5281 2
5282 0
5283 3
5284 4
5285 3
5286 2
5287 1
5288 3
5289 2
5290 2
5291 2
5292 2
5293 1
5294 0
5295 3
5296 1
5297 3
5298 3
5299 4
5300 1
5301 2
5302 3
5303 1
5304 3
5305 2
5306 2
5307 3
5308 1
5309 1
5310 2
5311 4
5312 3
5313 2
5314 3
5315 3
5316 2
5317 6
5318 3
5319 1
5320 4
5321 6
5322 5
5323 6
5324 6
5325 4
5326 4
5327 3
5328 1
5329 2
5330 5
5331 4
5332 6
5333 5
5334 3
5335 2
5336 3
5337 4
5338 2
5339 2
5340 0
5341 3
5342 3
5343 3
5344 3
5345 1
5346 1
5347 1
5348 2
5349 0
5350 2
5351 2
5352 2
5353 2
5354 1
5355 4
5356 4
5357 6
5358 6
5359 5
5360 5
5361 7
5362 6
5363 7
5364 7
5365 6
5366 7
5367 7
5368 5
5369 4
5370 2
5371 0
5372 1
5373 2
5374 3
5375 3
5376 2
5377 1
5378 2
5379 2
5380 3
5381 1
5382 1
5383 1
5384 4
5385 2
5386 4
5387 5
5388 5
5389 3
5390 1
5391 1
5392 1
5393 1
5394 1
5395 1
5396 3
5397 3
5398 2
5399 3
5400 2
5401 2
5402 4
5403 5
5404 6
5405 7
5406 6
5407 5
5408 5
5409 3
5410 2
5411 2
5412 2
5413 2
5414 3
5415 2
5416 2
5417 0
5418 2
5419 2
5420 3
5421 6
5422 6
5423 7
5424 6
5425 4
5426 4
5427 5
5428 4
5429 2
5430 2
5431 1
5432 2
5433 0
5434 1
5435 1
5436 2
5437 1
5438 1
5439 3
5440 1
5441 4
5442 4
5443 2
5444 1
5445 3
5446 2
5447 3
5448 3
5449 3
5450 2
5451 3
5452 2
5453 3
5454 4
5455 5
5456 5
5457 6
5458 5
5459 6
5460 4
5461 5
5462 7
5463 8
5464 8
5465 11
5466 12
5467 11
5468 11
5469 12
5470 11
5471 11
5472 13
5473 12
5474 11
5475 10
5476 9
5477 7
5478 4
5479 2
5480 0
5481 0
5482 0
5483 2
5484 0
5485 3
5486 0
5487 0
5488 0
5489 3
5490 0
5491 3
5492 2
5493 1
5494 2
5495 1
5496 2
5497 1
5498 4
5499 4
5500 1
5501 4
5502 3
5503 5
5504 4
5505 3
5506 2
5507 2
5508 2
5509 4
5510 5
5511 3
5512 2
5513 2
5514 0
5515 3
5516 3
5517 3
5518 1
5519 2
5520 3
5521 2
5522 4
5523 5
5524 3
5525 1
5526 2
5527 1
5528 3
5529 4
5530 4
5531 4
5532 3
5533 3
5534 3
5535 3
5536 4
5537 4
5538 6
5539 7
5540 6
5541 5
5542 3
5543 1
5544 3
5545 1
5546 2
5547 2
5548 1
5549 0
5550 3
5551 0
5552 2
5553 3
5554 2
5555 0
5556 2
5557 5
5558 3
5559 1
5560 3
5561 3
5562 2
5563 3
5564 2
5565 1
5566 5
5567 4
5568 5
5569 5
5570 5
5571 6
5572 4
5573 5
5574 2
5575 1
5576 1
5577 3
5578 1
5579 0
5580 1
5581 3
5582 1
5583 1
5584 2
5585 5
5586 3
5587 1
5588 4
5589 3
5590 2
5591 2
5592 1
5593 1
5594 2
5595 1
5596 5
5597 3
5598 0
5599 2
5600 3
5601 2
5602 5
5603 8
5604 10
5605 10
5606 7
5607 7
5608 5
5609 4
5610 5
5611 3
5612 4
5613 2
5614 4
5615 5
5616 5
5617 5
5618 4
5619 4
5620 4
5621 4
5622 4
5623 4
5624 1
5625 2
5626 0
5627 2
5628 1
5629 1
5630 2
5631 2
5632 2
5633 1
5634 2
5635 3
5636 0
5637 3
5638 4
5639 3
5640 2
5641 3
5642 3
5643 2
5644 2
5645 2
5646 2
5647 2
5648 3
5649 4
5650 2
5651 4
5652 4
5653 5
5654 6
5655 7
5656 6
5657 6
5658 4
5659 4
5660 2
5661 3
5662 3
5663 1
5664 1
5665 3
5666 2
5667 3
5668 1
5669 0
5670 2
5671 0
5672 0
5673 1
5674 3
5675 1
5676 3
5677 4
5678 2
5679 2
5680 3
5681 3
5682 2
5683 3
5684 4
5685 3
5686 1
5687 1
5688 1
5689 3
5690 4
5691 3
5692 3
5693 2
5694 5
5695 6
5696 6
5697 6
5698 4
5699 2
5700 2
5701 2
5702 0
5703 2
5704 4
5705 2
5706 3
5707 5
5708 2
5709 4
5710 2
5711 1
5712 3
5713 2
5714 6
5715 7
5716 11
5717 12
5718 14
5719 15
5720 12
5721 15
5722 13
5723 15
5724 12
5725 15
5726 12
5727 13
5728 13
5729 13
5730 15
5731 12
5732 15
5733 12
5734 12
5735 11
5736 8
5737 5
5738 2
5739 1
5740 0
5741 0
5742 0
5743 1
5744 0
5745 0
5746 1
5747 2
5748 0
5749 3
5750 4
5751 3
5752 2
5753 2
5754 3
5755 4
5756 2
5757 2
5758 3
5759 2
5760 3
5761 1
5762 2
5763 3
5764 0
5765 2
5766 1
5767 2
5768 2
5769 0
5770 2
5771 3
5772 0
5773 1
5774 2
5775 6
5776 7
5777 7
5778 9
5779 7
5780 5
5781 7
5782 7
5783 6
5784 6
5785 7
5786 8
5787 9
5788 8
5789 8
5790 8
5791 8
5792 8
5793 8
5794 8
5795 8
5796 5
5797 3
5798 2
5799 4
5800 3
5801 2
5802 1
5803 2
5804 1
5805 1
5806 0
5807 4
5808 2
5809 0
5810 1
5811 1
5812 2
5813 1
5814 1
5815 3
5816 0
5817 2
5818 3
5819 1
5820 2
5821 1
5822 3
5823 1
5824 2
5825 0
5826 4
5827 5
5828 7
5829 9
5830 12
5831 12
5832 11
5833 12
5834 10
5835 8
5836 7
5837 8
5838 7
5839 4
5840 3
5841 1
5842 1
5843 2
5844 1
5845 3
5846 1
5847 2
5848 1
5849 3
5850 1
5851 2
5852 0
5853 3
5854 3
5855 3
5856 5
5857 4
5858 4
5859 3
5860 7
5861 10
5862 11
5863 11
5864 11
5865 12
5866 12
5867 11
5868 12
5869 11
5870 11
5871 10
5872 7
5873 6
5874 5
5875 3
5876 1
5877 2
5878 1
5879 1
5880 1
5881 3
5882 2
5883 2
5884 2
5885 3
5886 3
5887 1
5888 2
5889 2
5890 1
5891 2
5892 1
5893 1
5894 5
5895 2
5896 0
5897 0
5898 2
5899 0
5900 4
5901 2
5902 3
5903 2
5904 3
5905 2
5906 5
5907 3
5908 2
5909 2
5910 1
5911 3
5912 2
5913 2
5914 0
5915 3
5916 4
5917 3
5918 2
5919 5
5920 4
5921 4
5922 4
5923 3
5924 1
5925 1
5926 2
5927 2
5928 2
5929 1
5930 3
5931 3
5932 3
5933 3
5934 1
5935 2
5936 4
5937 2
5938 2
5939 4
5940 2
5941 3
5942 1
5943 5
5944 4
5945 4
5946 4
5947 4
5948 6
5949 6
5950 8
5951 8
5952 10
5953 9
5954 8
5955 10
5956 8
5957 8
5958 8
5959 9
5960 7
5961 6
5962 5
5963 5
5964 5
5965 2
5966 0
5967 0
5968 2
5969 2
5970 1
5971 3
5972 2
5973 2
5974 3
5975 4
5976 4
5977 3
5978 3
5979 0
5980 4
5981 4
5982 2
5983 0
5984 2
5985 4
5986 2
5987 2
5988 1
5989 1
5990 4
5991 3
5992 4
5993 3
5994 3
5995 1
5996 2
5997 2
5998 3
5999 1
6000 2
6001 3
6002 3
6003 2
6004 2
6005 3
6006 4
6007 4
6008 5
6009 5
6010 6
6011 4
6012 3
6013 2
6014 3
6015 3
6016 0
6017 2
6018 1
6019 1
6020 2
6021 4
6022 2
6023 0
6024 1
6025 2
6026 4
6027 1
6028 0
6029 6
6030 4
6031 6
6032 3
6033 2
6034 1
6035 2
6036 1
6037 4
6038 3
6039 2
6040 3
6041 3
6042 3
6043 2
6044 1
6045 4
6046 5
6047 6
6048 3
6049 0
6050 3
6051 2
6052 2
6053 1
6054 0
6055 0
6056 0
6057 0
6058 1
6059 1
6060 1
6061 2
6062 2
6063 1
6064 1
6065 0
6066 4
6067 4
6068 3
6069 3
6070 2
6071 3
6072 4
6073 5
6074 3
6075 3
6076 4
6077 2
6078 3
6079 1
6080 0
6081 2
6082 0
6083 1
6084 1
6085 2
6086 0
6087 1
6088 4
6089 2
6090 2
6091 0
6092 2
6093 2
6094 5
6095 5
6096 6
6097 9
6098 10
6099 9
6100 7
6101 8
6102 5
6103 5
6104 5
6105 5
6106 4
6107 5
6108 5
6109 4
6110 3
6111 3
6112 1
6113 1
6114 1
6115 1
6116 4
6117 8
6118 8
6119 7
6120 6
6121 3
6122 1
6123 2
6124 5
6125 5
6126 5
6127 5
6128 5
6129 4
6130 3
6131 2
6132 2
6133 2
6134 3
6135 2
6136 1
6137 1
6138 1
6139 3
6140 1
6141 2
6142 5
6143 5
6144 3
6145 2
6146 3
6147 3
6148 2
6149 3
6150 1
6151 3
6152 1
6153 0
6154 4
6155 2
6156 2
6157 4
6158 5
6159 6
6160 7
6161 8
6162 8
6163 7
6164 7
6165 5
6166 2
6167 2
6168 3
6169 2
6170 4
6171 6
6172 6
6173 7
6174 6
6175 5
6176 4
6177 4
6178 2
6179 2
6180 2
6181 2
6182 4
6183 3
6184 3
6185 2
6186 4
6187 5
6188 4
6189 4
6190 4
6191 2
6192 1
6193 1
6194 1
6195 1
6196 2
6197 2
6198 1
6199 1
6200 0
6201 0
6202 1
6203 3
6204 3
6205 4
6206 2
6207 2
6208 1
6209 2
6210 2
6211 1
6212 1
6213 1
6214 2
6215 3
6216 2
6217 1
6218 3
6219 2
6220 3
6221 2
6222 2
6223 0
6224 2
6225 2
6226 2
6227 0
6228 1
6229 3
6230 3
6231 3
6232 3
6233 5
6234 4
6235 2
6236 3
6237 4
6238 4
6239 5
6240 4
6241 3
6242 6
6243 5
6244 5
6245 4
6246 2
6247 2
6248 3
6249 1
6250 3
6251 1
6252 1
6253 2
6254 3
6255 3
6256 2
6257 1
6258 0
6259 2
6260 3
6261 2
6262 3
6263 0
6264 3
6265 2
6266 0
6267 4
6268 1
6269 2
6270 1
6271 0
6272 2
6273 2
6274 1
6275 2
6276 4
6277 4
6278 3
6279 3
6280 2
6281 0
6282 2
6283 4
6284 3
6285 2
6286 5
6287 4
6288 4
6289 3
6290 3
6291 3
6292 1
6293 3
6294 4
6295 2
6296 2
6297 4
6298 5
6299 4
6300 3
6301 0
6302 2
6303 3
6304 4
6305 4
6306 1
6307 2
6308 0
6309 0
6310 0
6311 1
6312 1
6313 2
6314 4
6315 4
6316 2
6317 0
6318 0
6319 0
6320 2
6321 1
6322 3
6323 2
6324 5
6325 6
6326 6
6327 7
6328 8
6329 7
6330 6
6331 4
6332 2
6333 3
6334 2
6335 0
6336 1
6337 3
6338 3
6339 4
6340 2
6341 1
6342 2
6343 3
6344 2
6345 5
6346 6
6347 6
6348 8
6349 6
6350 6
6351 5
6352 4
6353 3
6354 4
6355 2
6356 2
6357 0
6358 2
6359 2
6360 2
6361 2
6362 0
6363 1
6364 2
6365 0
6366 0
6367 3
6368 0
6369 0
6370 1
6371 1
6372 4
6373 5
6374 5
6375 4
6376 5
6377 4
6378 5
6379 4
6380 3
6381 2
6382 3
6383 2
6384 4
6385 3
6386 3
6387 4
6388 6
6389 6
6390 7
6391 5
6392 5
6393 4
6394 4
6395 3
6396 4
6397 3
6398 2
6399 6
6400 6
6401 3
6402 2
6403 2
6404 2
6405 2
6406 3
6407 4
6408 3
6409 1
6410 3
6411 4
6412 2
6413 5
6414 7
6415 7
6416 7
6417 7
6418 7
6419 5
6420 2
6421 0
6422 1
6423 2
6424 3
6425 1
6426 3
6427 3
6428 3
6429 2
6430 1
6431 3
6432 0
6433 4
6434 6
6435 7
6436 8
6437 8
6438 6
6439 6
6440 5
6441 6
6442 5
6443 5
6444 4
6445 1
6446 3
6447 1
6448 1
6449 3
6450 2
6451 3
6452 4
6453 4
6454 3
6455 2
6456 4
6457 4
6458 5
6459 5
6460 7
6461 5
6462 5
6463 7
6464 5
6465 5
6466 3
6467 2
6468 3
6469 4
6470 6
6471 7
6472 5
6473 6
6474 3
6475 4
6476 3
6477 1
6478 0
6479 1
6480 3
6481 2
6482 2
6483 3
6484 1
6485 1
6486 1
6487 1
6488 3
6489 5
6490 5
6491 4
6492 4
6493 4
6494 5
6495 3
6496 1
6497 2
6498 4
6499 4
6500 3
6501 4
6502 4
6503 3
6504 3
6505 3
6506 5
6507 3
6508 4
6509 3
6510 3
6511 2
6512 2
6513 3
6514 1
6515 1
6516 2
6517 3
6518 1
6519 2
6520 2
6521 3
6522 4
6523 5
6524 9
6525 6
6526 3
6527 1
6528 2
6529 1
6530 1
6531 0
6532 3
6533 1
6534 0
6535 2
6536 4
6537 5
6538 5
6539 5
6540 3
6541 3
6542 1
6543 1
6544 1
6545 2
6546 3
6547 3
6548 3
6549 3
6550 1
6551 3
6552 2
6553 2
6554 2
6555 1
6556 1
6557 4
6558 4
6559 3
6560 5
6561 4
6562 7
6563 5
6564 4
6565 3
6566 2
6567 0
6568 3
6569 4
6570 5
6571 2
6572 1
6573 2
6574 3
6575 2
6576 2
6577 3
6578 3
6579 3
6580 4
6581 3
6582 3
6583 2
6584 2
6585 2
6586 1
6587 2
6588 3
6589 2
6590 4
6591 4
6592 4
6593 2
6594 5
6595 4
6596 6
6597 5
6598 4
6599 3
6600 3
6601 1
6602 2
6603 2
6604 1
6605 1
6606 6
6607 6
6608 6
6609 9
6610 9
6611 11
6612 11
6613 10
6614 10
6615 8
6616 6
6617 6
6618 4
6619 1
6620 1
6621 0
6622 2
6623 4
6624 2
6625 1
6626 0
6627 2
6628 2
6629 1
6630 1
6631 0
6632 0
6633 3
6634 1
6635 4
6636 3
6637 4
6638 6
6639 5
6640 6
6641 7
6642 5
6643 6
6644 8
6645 8
6646 8
6647 8
6648 8
6649 6
6650 4
6651 1
6652 2
6653 2
6654 2
6655 2
6656 1
6657 3
6658 0
6659 2
6660 3
6661 4
6662 5
6663 5
6664 6
6665 5
6666 4
6667 5
6668 5
6669 5
6670 6
6671 9
6672 8
6673 7
6674 5
6675 5
6676 5
6677 3
6678 3
6679 1
6680 3
6681 1
6682 2
6683 1
6684 1
6685 1
6686 1
6687 2
6688 2
6689 5
6690 4
6691 3
6692 4
6693 4
6694 4
6695 3
6696 3
6697 1
6698 3
6699 1
6700 2
6701 2
6702 2
6703 1
6704 0
6705 1
6706 3
6707 3
6708 2
6709 1
6710 1
6711 1
6712 3
6713 4
6714 4
6715 3
6716 4
6717 3
6718 3
6719 4
6720 4
6721 4
6722 4
6723 3
6724 3
6725 2
6726 0
6727 0
6728 0
6729 1
6730 1
6731 2
6732 0
6733 2
6734 0
6735 1
6736 0
6737 0
6738 1
6739 2
6740 0
6741 0
6742 0
6743 1
6744 2
6745 0
6746 0
6747 1
6748 2
6749 3
6750 1
6751 2
6752 4
6753 3
6754 4
6755 2
6756 1
6757 2
6758 3
6759 3
6760 1
6761 2
6762 2
6763 4
6764 3
6765 2
6766 4
6767 5
6768 3
6769 3
6770 1
6771 2
6772 1
6773 2
6774 2
6775 2
6776 2
6777 2
6778 4
6779 5
6780 7
6781 7
6782 6
6783 4
6784 2
6785 1
6786 1
6787 1
6788 5
6789 2
6790 0
6791 1
6792 1
6793 1
6794 3
6795 1
6796 2
6797 1
6798 2
6799 2
6800 1
6801 3
6802 6
6803 7
6804 4
6805 2
6806 2
6807 2
6808 1
6809 1
6810 4
6811 5
6812 6
6813 5
6814 3
6815 2
6816 1
6817 5
6818 7
6819 7
6820 7
6821 6
6822 5
6823 4
6824 3
6825 2
6826 2
6827 3
6828 1
6829 1
6830 1
6831 0
6832 0
6833 1
6834 2
6835 0
6836 2
6837 3
6838 1
6839 1
6840 1
6841 1
6842 3
6843 3
6844 3
6845 3
6846 3
6847 3
6848 5
6849 4
6850 3
6851 0
6852 0
6853 4
6854 4
6855 3
6856 2
6857 2
6858 2
6859 3
6860 2
6861 1
6862 1
6863 3
6864 5
6865 6
6866 5
6867 3
6868 1
6869 5
6870 6
6871 6
6872 7
6873 7
6874 8
6875 7
6876 6
6877 5
6878 2
6879 1
6880 4
6881 1
6882 1
6883 2
6884 0
6885 2
6886 2
6887 3
6888 3
6889 3
6890 3
6891 3
6892 2
6893 2
6894 1
6895 2
6896 3
6897 2
6898 2
6899 2
6900 5
6901 5
6902 3
6903 3
6904 3
6905 4
6906 4
6907 1
6908 1
6909 1
6910 3
6911 1
6912 3
6913 2
6914 1
6915 2
6916 3
6917 3
6918 1
6919 2
6920 0
6921 0
6922 2
6923 2
6924 3
6925 0
6926 1
6927 1
6928 1
6929 1
6930 2
6931 3
6932 1
6933 2
6934 3
6935 2
6936 2
6937 3
6938 3
6939 2
6940 3
6941 3
6942 1
6943 1
6944 3
6945 3
6946 3
6947 2
6948 3
6949 3
6950 0
6951 2
6952 2
6953 1
6954 1
6955 1
6956 1
6957 1
6958 2
6959 2
6960 3
6961 2
6962 2
6963 2
6964 2
6965 5
6966 4
6967 3
6968 4
6969 5
6970 5
6971 5
6972 3
6973 3
6974 3
6975 3
6976 2
6977 3
6978 2
6979 2
6980 4
6981 5
6982 5
6983 5
6984 6
6985 9
6986 9
6987 11
6988 12
6989 13
6990 15
6991 13
6992 14
6993 14
6994 13
6995 15
6996 12
6997 15
6998 13
6999 15
7000 12
7001 13
7002 13
7003 11
7004 10
7005 9
7006 7
7007 4
7008 1
7009 1
7010 0
7011 2
7012 0
7013 0
7014 0
7015 0
7016 2
7017 2
7018 2
7019 2
7020 1
7021 1
7022 2
7023 3
7024 3
7025 6
7026 5
7027 5
7028 4
7029 5
7030 6
7031 6
7032 6
7033 6
7034 6
7035 5
7036 4
7037 5
7038 2
7039 1
7040 1
7041 0
7042 0
7043 1
7044 2
7045 1
7046 0
7047 0
7048 2
7049 3
7050 1
7051 1
7052 4
7053 3
7054 1
7055 1
7056 4
7057 4
7058 4
7059 3
7060 2
7061 3
7062 2
7063 3
7064 3
7065 2
7066 2
7067 0
7068 2
7069 1
7070 3
7071 2
7072 5
7073 6
7074 9
7075 10
7076 13
7077 11
7078 11
7079 8
7080 9
7081 9
7082 9
7083 9
7084 7
7085 6
7086 4
7087 3
7088 1
7089 1
7090 4
7091 3
7092 1
7093 1
7094 2
7095 0
7096 1
7097 3
7098 1
7099 2
7100 3
7101 2
7102 1
7103 1
7104 2
7105 0
7106 0
7107 0
7108 2
7109 0
7110 1
7111 3
7112 1
7113 2
7114 1
7115 2
7116 2
7117 3
7118 3
7119 5
7120 6
7121 7
7122 8
7123 9
7124 12
7125 14
7126 14
7127 16
7128 13
7129 14
7130 16
7131 13
7132 13
7133 14
7134 12
7135 11
7136 11
7137 11
7138 11
7139 8
7140 5
7141 6
7142 3
7143 1
7144 1
7145 0
7146 0
7147 0
7148 0
7149 0
7150 1
7151 2
7152 0
7153 1
7154 3
7155 1
7156 0
7157 2
7158 1
7159 2
7160 1
7161 2
7162 2
7163 2
7164 3
7165 1
7166 1
7167 2
7168 3
7169 2
7170 3
7171 3
7172 3
7173 4
7174 3
7175 4
7176 3
7177 5
7178 6
7179 5
7180 5
7181 6
7182 6
7183 5
7184 4
7185 5
7186 4
7187 2
7188 3
7189 4
7190 6
7191 4
7192 2
7193 2
7194 1
7195 1
7196 1
7197 5
7198 2
7199 2
7200 4
7201 3
7202 1
7203 5
7204 3
7205 4
7206 3
7207 2
7208 2
7209 2
7210 3
7211 0
7212 1
7213 1
7214 4
7215 4
7216 4
7217 2
7218 3
7219 5
7220 6
7221 9
7222 7
7223 6
7224 5
7225 5
7226 4
7227 2
7228 1
7229 3
7230 2
7231 5
7232 5
7233 5
7234 4
7235 4
7236 6
7237 6
7238 7
7239 4
7240 3
7241 3
7242 3
7243 3
7244 5
7245 4
7246 2
7247 2
7248 0
7249 3
7250 3
7251 2
7252 4
7253 2
7254 2
7255 5
7256 4
7257 2
7258 0
7259 3
7260 3
7261 3
7262 3
7263 1
7264 3
7265 2
7266 4
7267 3
7268 4
7269 4
7270 2
7271 3
7272 1
7273 4
7274 4
7275 3
7276 3
7277 2
7278 1
7279 2
7280 1
7281 2
7282 3
7283 3
7284 2
7285 3
7286 4
7287 4
7288 2
7289 2
7290 2
7291 1
7292 1
7293 1
7294 1
7295 2
7296 3
7297 2
7298 5
7299 4
7300 2
7301 1
7302 3
7303 3
7304 3
7305 0
7306 2
7307 5
7308 4
7309 2
7310 2
7311 2
7312 1
7313 1
7314 1
7315 5
7316 7
7317 7
7318 5
7319 4
7320 3
7321 2
7322 0
7323 5
7324 6
7325 5
7326 3
7327 3
7328 5
7329 6
7330 9
7331 9
7332 12
7333 13
7334 12
7335 12
7336 12
7337 12
7338 11
7339 10
7340 10
7341 10
7342 11
7343 11
7344 10
7345 10
7346 10
7347 10
7348 7
7349 4
7350 2
7351 1
7352 1
7353 3
7354 0
7355 3
7356 6
7357 9
7358 10
7359 10
7360 8
7361 7
7362 8
7363 7
7364 7
7365 6
7366 5
7367 5
7368 3
7369 0
7370 1
7371 1
7372 1
7373 1
7374 2
7375 2
7376 0
7377 1
7378 1
7379 2
7380 3
7381 4
7382 5
7383 4
7384 4
7385 4
7386 6
7387 4
7388 1
7389 3
7390 2
7391 5
7392 5
7393 4
7394 3
7395 1
7396 4
7397 5
7398 4
7399 3
7400 1
7401 6
7402 4
7403 2
7404 3
7405 5
7406 3
7407 3
7408 1
7409 3
7410 1
7411 2
7412 1
7413 0
7414 3
7415 1
7416 2
7417 3
7418 0
7419 6
7420 5
7421 3
7422 1
7423 4
7424 2
7425 4
7426 5
7427 4
7428 2
7429 1
7430 2
7431 2
7432 3
7433 2
7434 0
7435 2
7436 2
7437 2
7438 2
7439 2
7440 1
7441 4
7442 5
7443 5
7444 5
7445 7
7446 8
7447 9
7448 10
7449 11
7450 10
7451 10
7452 11
7453 12
7454 10
7455 9
7456 10
7457 9
7458 7
7459 4
7460 1
7461 0
7462 0
7463 0
7464 1
7465 3
7466 1
7467 0
7468 1
7469 2
7470 3
7471 3
7472 2
7473 2
7474 2
7475 3
7476 3
7477 0
7478 3
7479 4
7480 5
7481 6
7482 7
7483 8
7484 11
7485 9
7486 9
7487 9
7488 9
7489 8
7490 7
7491 5
7492 5
7493 2
7494 0
7495 1
7496 1
7497 0
7498 1
7499 4
7500 3
7501 1
7502 2
7503 2
7504 1
7505 3
7506 3
7507 3
7508 3
7509 2
7510 5
7511 5
7512 5
7513 6
7514 5
7515 6
7516 5
7517 3
7518 1
7519 1
7520 1
7521 1
7522 0
7523 1
7524 1
7525 1
7526 2
7527 1
7528 2
7529 1
7530 2
7531 2
7532 5
7533 8
7534 9
7535 11
7536 13
7537 14
7538 15
7539 12
7540 15
7541 12
7542 10
7543 10
7544 9
7545 8
7546 6
7547 7
7548 5
7549 5
7550 5
7551 3
7552 2
7553 1
7554 2
7555 2
7556 2
7557 2
7558 0
7559 1
7560 0
7561 3
7562 1
7563 1
7564 0
7565 2
7566 1
7567 2
7568 1
7569 5
7570 6
7571 6
7572 4
7573 5
7574 4
7575 5
7576 4
7577 2
7578 0
7579 0
7580 1
7581 2
7582 1
7583 2
7584 0
7585 0
7586 3
7587 2
7588 1
7589 4
7590 5
7591 3
7592 7
7593 7
7594 8
7595 10
7596 11
7597 10
7598 10
7599 11
7600 12
7601 12
7602 14
7603 12
7604 11
7605 10
7606 11
7607 9
7608 9
7609 8
7610 10
7611 9
7612 7
7613 8
7614 5
7615 4
7616 4
7617 4
7618 5
7619 5
7620 4
7621 2
7622 2
7623 5
7624 4
7625 4
7626 2
7627 4
7628 2
7629 1
7630 2
7631 2
7632 0
7633 3
7634 1
7635 4
7636 3
7637 2
7638 2
7639 1
7640 3
7641 2
7642 1
7643 2
7644 3
7645 3
7646 2
7647 1
7648 0
7649 4
7650 2
7651 1
7652 2
7653 3
7654 0
7655 2
7656 1
7657 2
7658 3
7659 3
7660 2
7661 0
7662 2
7663 1
7664 2
7665 3
7666 2
7667 2
7668 1
7669 4
7670 4
7671 4
7672 2
7673 1
7674 2
7675 4
7676 4
7677 2
7678 6
7679 4
7680 5
7681 7
7682 7
7683 9
7684 11
7685 14
7686 14
7687 15
7688 12
7689 12
7690 13
7691 15
7692 12
7693 15
7694 12
7695 14
7696 14
7697 14
7698 14
7699 15
7700 12
7701 12
7702 14
7703 14
7704 14
7705 13
7706 14
7707 14
7708 14
7709 12
7710 10
7711 8
7712 7
7713 5
7714 4
7715 1
7716 0
7717 0
7718 1
7719 0
7720 1
7721 0
7722 0
7723 2
7724 2
7725 2
7726 0
7727 1
7728 2
7729 1
7730 4
7731 1
7732 0
7733 3
7734 1
7735 1
7736 1
7737 1
7738 1
7739 1
7740 2
7741 3
7742 2
7743 3
7744 4
7745 4
7746 4
7747 3
7748 2
7749 2
7750 4
7751 2
7752 1
7753 1
7754 1
7755 4
7756 4
7757 2
7758 3
7759 2
7760 0
7761 0
7762 4
7763 2
7764 0
7765 3
7766 2
7767 5
7768 6
7769 6
7770 5
7771 4
7772 3
7773 2
7774 5
7775 6
7776 4
7777 4
7778 3
7779 1
7780 5
7781 4
7782 3
7783 3
7784 3
7785 3
7786 5
7787 4
7788 2
7789 4
7790 4
7791 3
7792 1
7793 1
7794 3
7795 3
7796 1
7797 1
7798 1
7799 3
7800 2
7801 3
7802 3
7803 3
7804 1
7805 2
7806 1
7807 1
7808 0
7809 2
7810 0
7811 2
7812 2
7813 5
7814 3
7815 1
7816 1
7817 1
7818 2
7819 2
7820 2
7821 3
7822 3
7823 3
7824 4
7825 4
7826 5
7827 7
7828 8
7829 8
7830 7
7831 7
7832 9
7833 8
7834 10
7835 9
7836 8
7837 7
7838 8
7839 8
7840 7
7841 5
7842 6
7843 5
7844 5
7845 4
7846 4
7847 1
7848 3
7849 1
7850 1
7851 1
7852 2
7853 2
7854 3
7855 4
7856 5
7857 6
7858 6
7859 7
7860 4
7861 3
7862 3
7863 1
7864 1
7865 2
7866 3
7867 2
7868 2
7869 3
7870 2
7871 2
7872 2
7873 3
7874 1
7875 3
7876 1
7877 4
7878 1
7879 2
7880 2
7881 2
7882 3
7883 2
7884 3
7885 2
7886 1
7887 0
7888 3
7889 3
7890 2
7891 2
7892 2
7893 3
7894 5
7895 3
7896 6
7897 8
7898 9
7899 8
7900 8
7901 7
7902 6
7903 5
7904 5
7905 3
7906 1
7907 2
7908 1
7909 1
7910 1
7911 0
7912 2
7913 2
7914 5
7915 5
7916 2
7917 2
7918 2
7919 2
7920 4
7921 4
7922 2
7923 4
7924 7
7925 6
7926 6
7927 9
7928 7
7929 6
7930 4
7931 4
7932 4
7933 4
7934 4
7935 4
7936 4
7937 1
7938 4
7939 2
7940 0
7941 1
7942 0
7943 2
7944 3
7945 2
7946 3
7947 2
7948 4
7949 4
7950 3
7951 4
7952 6
7953 7
7954 5
7955 4
7956 1
7957 0
7958 3
7959 2
7960 1
7961 1
7962 0
7963 1
7964 2
7965 3
7966 3
7967 5
7968 5
7969 4
7970 3
7971 4
7972 4
7973 5
7974 6
7975 6
7976 7
7977 6
7978 7
7979 7
7980 6
7981 5
7982 6
7983 5
7984 5
7985 3
7986 2
7987 2
7988 1
7989 1
7990 0
7991 0
7992 2
7993 2
7994 2
7995 2
7996 2
7997 3
7998 2
7999 3
8000 2
8001 4
8002 5
8003 4
8004 3
8005 3
8006 4
8007 1
8008 4
8009 4
8010 2
8011 4
8012 8
8013 10
8014 8
8015 8
8016 9
8017 7
8018 6
8019 3
8020 1
8021 1
8022 0
8023 3
8024 2
8025 0
8026 3
8027 0
8028 1
8029 3
8030 0
8031 2
8032 3
8033 0
8034 2
8035 0
8036 4
8037 6
8038 6
8039 3
8040 3
8041 1
8042 3
8043 2
8044 2
8045 1
8046 0
8047 0
8048 1
8049 4
8050 2
8051 1
8052 2
8053 2
8054 2
8055 2
8056 0
8057 2
8058 4
8059 2
8060 5
8061 6
8062 6
8063 6
8064 5
8065 4
8066 3
8067 1
8068 2
8069 3
8070 3
8071 0
8072 6
8073 5
8074 4
8075 2
8076 1
8077 3
8078 2
8079 4
8080 3
8081 4
8082 2
8083 2
8084 3
8085 2
8086 3
8087 3
8088 1
8089 5
8090 5
8091 5
8092 5
8093 4
8094 4
8095 3
8096 1
8097 0
8098 2
8099 1
8100 2
8101 3
8102 2
8103 2
8104 2
8105 3
8106 0
8107 3
8108 1
8109 2
8110 2
8111 4
8112 6
8113 5
8114 4
8115 6
8116 8
8117 8
8118 10
8119 11
8120 9
8121 10
8122 10
8123 9
8124 8
8125 6
8126 3
8127 0
8128 2
8129 1
8130 1
8131 0
8132 2
8133 0
8134 0
8135 2
8136 3
8137 2
8138 3
8139 5
8140 3
8141 4
8142 5
8143 5
8144 6
8145 7
8146 7
8147 8
8148 7
8149 9
8150 9
8151 8
8152 8
8153 10
8154 9
8155 10
8156 9
8157 8
8158 10
8159 11
8160 9
8161 7
8162 5
8163 8
8164 5
8165 3
8166 2
8167 0
8168 0
8169 3
8170 0
8171 1
8172 1
8173 2
8174 3
8175 3
8176 0
8177 2
8178 4
8179 6
8180 3
8181 4
8182 4
8183 7
8184 8
8185 6
8186 4
8187 4
8188 3
8189 2
8190 0
8191 3
8192 1
8193 2
8194 4
8195 4
8196 2
8197 0
8198 1
8199 3
8200 2
8201 4
8202 3
8203 1
8204 2
8205 0
8206 2
8207 1
8208 2
8209 2
8210 3
8211 4
8212 4
8213 3
8214 1
8215 2
8216 2
8217 1
8218 0
8219 1
8220 2
8221 4
8222 6
8223 9
8224 9
8225 10
8226 9
8227 9
8228 10
8229 10
8230 9
8231 8
8232 9
8233 10
8234 10
8235 8
8236 8
8237 10
8238 9
8239 7
8240 9
8241 7
8242 5
8243 3
8244 1
8245 2
8246 1
8247 0
8248 0
8249 1
8250 1
8251 4
8252 4
8253 5
8254 7
8255 6
8256 6
8257 6
8258 6
8259 6
8260 4
8261 3
8262 1
8263 0
8264 0
8265 1
8266 1
8267 2
8268 3
8269 5
8270 4
8271 3
8272 1
8273 2
8274 2
8275 2
8276 5
8277 4
8278 4
8279 2
8280 0
8281 4
8282 3
8283 1
8284 1
8285 2
8286 2
8287 2
8288 0
8289 0
8290 0
8291 1
8292 6
8293 5
8294 5
8295 3
8296 5
8297 5
8298 5
8299 5
8300 8
8301 8
8302 12
8303 11
8304 12
8305 10
8306 10
8307 11
8308 9
8309 9
8310 8
8311 7
8312 7
8313 5
8314 3
8315 1
8316 0
8317 2
8318 1
8319 3
8320 0
8321 0
8322 1
8323 1
8324 2
8325 3
8326 0
8327 1
8328 2
8329 2
8330 0
8331 1
8332 1
8333 2
8334 0
8335 0
8336 1
8337 2
8338 5
8339 5
8340 4
8341 3
8342 2
8343 2
8344 1
8345 2
8346 1
8347 5
8348 3
8349 1
8350 1
8351 0
8352 3
8353 3
8354 3
8355 3
8356 1
8357 4
8358 1
8359 1
8360 2
8361 2
8362 4
8363 5
8364 6
8365 5
8366 3
8367 2
8368 4
8369 4
8370 2
8371 5
8372 3
8373 1
8374 1
8375 2
8376 0
8377 0
8378 2
8379 2
8380 0
8381 1
8382 2
8383 5
8384 4
8385 2
8386 0
8387 4
8388 4
8389 4
8390 1
8391 1
8392 1
8393 0
8394 1
8395 1
8396 3
8397 3
8398 4
8399 3
8400 0
8401 2
8402 4
8403 4
8404 7
8405 8
8406 7
8407 6
8408 5
8409 5
8410 4
8411 4
8412 3
8413 4
8414 6
8415 7
8416 5
8417 8
8418 7
8419 9
8420 8
8421 7
8422 7
8423 7
8424 6
8425 6
8426 6
8427 5
8428 5
8429 3
8430 2
8431 4
8432 3
8433 3
8434 2
8435 3
8436 3
8437 1
8438 2
8439 4
8440 2
8441 2
8442 2
8443 1
8444 2
8445 2
8446 0
8447 1
8448 1
8449 3
8450 1
8451 0
8452 4
8453 3
8454 3
8455 2
8456 2
8457 3
8458 5
8459 3
8460 2
8461 1
8462 4
8463 5
8464 5
8465 4
8466 3
8467 2
8468 2
8469 3
8470 2
8471 3
8472 4
8473 5
8474 4
8475 6
8476 4
8477 3
8478 2
8479 1
8480 4
8481 2
8482 3
8483 2
8484 1
8485 5
8486 3
8487 2
8488 1
8489 3
8490 1
8491 2
8492 6
8493 6
8494 6
8495 8
8496 9
8497 8
8498 8
8499 6
8500 6
8501 6
8502 6
8503 4
8504 3
8505 1
8506 2
8507 2
8508 2
8509 1
8510 2
8511 2
8512 1
8513 3
8514 0
8515 2
8516 2
8517 2
8518 2
8519 2
8520 3
8521 3
8522 3
8523 3
8524 2
8525 4
8526 4
8527 3
8528 3
8529 1
8530 3
8531 4
8532 6
8533 5
8534 5
8535 6
8536 4
8537 5
8538 5
8539 4
8540 3
8541 1
8542 0
8543 3
8544 2
8545 3
8546 3
8547 3
8548 3
8549 2
8550 0
8551 1
8552 1
8553 0
8554 1
8555 0
8556 0
8557 1
8558 1
8559 3
8560 1
8561 2
8562 1
8563 2
8564 0
8565 1
8566 2
8567 5
8568 4
8569 6
8570 6
8571 4
8572 4
8573 3
8574 1
8575 2
8576 4
8577 2
8578 2
8579 1
8580 2
8581 2
8582 3
8583 2
8584 2
8585 3
8586 5
8587 5
8588 4
8589 6
8590 6
8591 5
8592 3
8593 2
8594 2
8595 2
8596 3
8597 2
8598 4
8599 4
8600 3
8601 2
8602 4
8603 2
8604 2
8605 3
8606 3
8607 4
8608 8
8609 7
8610 5
8611 6
8612 10
8613 9
8614 7
8615 5
8616 4
8617 3
8618 3
8619 2
8620 2
8621 1
8622 3
8623 1
8624 0
8625 1
8626 3
8627 0
8628 2
8629 1
8630 3
8631 0
8632 1
8633 3
8634 2
8635 1
8636 2
8637 5
8638 2
8639 2
8640 3
8641 2
8642 3
8643 1
8644 2
8645 2
8646 2
8647 0
8648 1
8649 0
8650 3
8651 1
8652 3
8653 2
8654 1
8655 5
8656 4
8657 2
8658 2
8659 0
8660 1
8661 2
8662 1
8663 3
8664 2
8665 1
8666 4
8667 2
8668 2
8669 1
8670 2
8671 2
8672 6
8673 6
8674 7
8675 8
8676 9
8677 9
8678 10
8679 9
8680 9
8681 9
8682 8
8683 9
8684 11
8685 11
8686 10
8687 9
8688 6
8689 3
8690 1
8691 2
8692 1
8693 1
8694 0
8695 3
8696 2
8697 1
8698 2
8699 2
8700 2
8701 3
8702 2
8703 2
8704 5
8705 7
8706 10
8707 8
8708 9
8709 11
8710 11
8711 10
8712 11
8713 14
8714 13
8715 15
8716 12
8717 14
8718 14
8719 15
8720 13
8721 14
8722 12
8723 10
8724 8
8725 6
8726 6
8727 3
8728 0
8729 0
8730 1
8731 0
8732 1
8733 0
8734 4
8735 1
8736 3
8737 0
8738 2
8739 1
8740 3
8741 3
8742 4
8743 5
8744 4
8745 3
8746 4
8747 3
8748 5
8749 5
8750 9
8751 7
8752 6
8753 6
8754 3
8755 2
8756 0
8757 0
8758 0
8759 0
8760 2
8761 1
8762 0
8763 1
8764 3
8765 2
8766 2
8767 0
8768 2
8769 2
8770 3
8771 2
8772 4
8773 3
8774 1
8775 3
8776 2
8777 2
8778 3
8779 4
8780 4
8781 4
8782 4
8783 2
8784 3
8785 0
8786 1
8787 2
8788 2
8789 1
8790 2
8791 2
8792 2
8793 1
8794 4
8795 4
8796 4
8797 3
8798 2
8799 1
8800 2
8801 2
8802 1
8803 2
8804 1
8805 5
8806 3
8807 1
8808 1
8809 1
8810 2
8811 2
8812 1
8813 6
8814 8
8815 6
8816 6
8817 4
8818 4
8819 4
8820 5
8821 3
8822 3
8823 1
8824 1
8825 1
8826 4
8827 2
8828 5
8829 6
8830 6
8831 6
8832 7
8833 6
8834 3
8835 2
8836 1
8837 1
8838 1
8839 2
8840 0
8841 1
8842 0
8843 0
8844 2
8845 2
8846 1
8847 3
8848 1
8849 2
8850 4
8851 3
8852 1
8853 2
8854 0
8855 5
8856 5
8857 4
8858 3
8859 4
8860 6
8861 5
8862 7
8863 6
8864 4
8865 6
8866 4
8867 3
8868 2
8869 1
8870 2
8871 2
8872 2
8873 2
8874 2
8875 2
8876 2
8877 1
8878 1
8879 1
8880 1
8881 0
8882 2
8883 3
8884 2
8885 3
8886 2
8887 3
8888 1
8889 2
8890 1
8891 0
8892 2
8893 1
8894 2
8895 1
8896 1
8897 2
8898 2
8899 4
8900 4
8901 4
8902 1
8903 3
8904 0
8905 4
8906 3
8907 6
8908 7
8909 6
8910 4
8911 3
8912 1
8913 2
8914 4
8915 5
8916 3
8917 3
8918 1
8919 2
8920 4
8921 6
8922 6
8923 8
8924 8
8925 8
8926 7
8927 6
8928 6
8929 4
8930 3
8931 0
8932 2
8933 2
8934 3
8935 2
8936 1
8937 2
8938 4
8939 4
8940 2
8941 4
8942 4
8943 8
8944 8
8945 8
8946 10
8947 10
8948 11
8949 10
8950 9
8951 7
8952 4
8953 2
8954 1
8955 1
8956 0
8957 0
8958 3
8959 2
8960 1
8961 2
8962 4
8963 5
8964 4
8965 1
8966 0
8967 1
8968 0
8969 1
8970 4
8971 2
8972 2
8973 1
8974 2
8975 2
8976 1
8977 5
8978 3
8979 1
8980 3
8981 3
8982 4
8983 3
8984 3
8985 5
8986 2
8987 1
8988 4
8989 4
8990 2
8991 2
8992 1
8993 1
8994 1
8995 0
8996 4
8997 3
8998 2
8999 4
9000 1
9001 2
9002 1
9003 1
9004 2
9005 2
9006 2
9007 2
9008 0
9009 1
9010 1
9011 4
9012 3
9013 0
9014 1
9015 2
9016 3
9017 0
9018 2
9019 2
9020 2
9021 3
9022 2
9023 2
9024 2
9025 1
9026 2
9027 1
9028 5
9029 6
9030 6
9031 6
9032 6
9033 6
9034 4
9035 1
9036 3
9037 1
9038 3
9039 4
9040 2
9041 2
9042 1
9043 2
9044 2
9045 3
9046 1
9047 3
9048 3
9049 1
9050 4
9051 4
9052 5
9053 6
9054 6
9055 7
9056 8
9057 9
9058 9
9059 9
9060 8
9061 7
9062 6
9063 6
9064 4
9065 4
9066 4
9067 5
9068 7
9069 5
9070 3
9071 1
9072 1
9073 2
9074 2
9075 2
9076 3
9077 2
9078 1
9079 3
9080 4
9081 4
9082 4
9083 4
9084 4
9085 2
9086 5
9087 6
9088 6
9089 5
9090 5
9091 3
9092 2
9093 2
9094 1
9095 3
9096 5
9097 5
9098 5
9099 5
9100 5
9101 3
9102 1
9103 0
9104 0
9105 1
9106 1
9107 1
9108 2
9109 0
9110 1
9111 4
9112 1
9113 5
9114 5
9115 4
9116 4
9117 3
9118 1
9119 3
9120 5
9121 5
9122 5
9123 7
9124 8
9125 9
9126 11
9127 12
9128 11
9129 13
9130 12
9131 12
9132 10
9133 11
9134 11
9135 9
9136 6
9137 5
9138 3
9139 0
9140 1
9141 0
9142 1
9143 1
9144 2
9145 2
9146 2
9147 5
9148 7
9149 6
9150 4
9151 4
9152 2
9153 2
9154 4
9155 2
9156 3
9157 3
9158 5
9159 3
9160 1
9161 1
9162 1
9163 0
9164 3
9165 2
9166 2
9167 1
9168 2
9169 2
9170 0
9171 4
9172 5
9173 6
9174 4
9175 3
9176 5
9177 4
9178 2
9179 2
9180 2
9181 2
9182 4
9183 4
9184 4
9185 5
9186 6
9187 6
9188 8
9189 6
9190 7
9191 6
9192 5
9193 2
9194 2
9195 2
9196 3
9197 3
9198 2
9199 3
9200 1
9201 3
9202 1
9203 3
9204 3
9205 5
9206 3
9207 3
9208 2
9209 2
9210 1
9211 1
9212 1
9213 3
9214 2
9215 4
9216 2
9217 1
9218 4
9219 4
9220 3
9221 4
9222 5
9223 5
9224 5
9225 3
9226 2
9227 1
9228 2
9229 3
9230 0
9231 1
9232 1
9233 3
9234 0
9235 0
9236 2
9237 2
9238 5
9239 6
9240 4
9241 2
9242 0
9243 2
9244 2
9245 2
9246 2
9247 1
9248 0
9249 4
9250 5
9251 5
9252 3
9253 1
9254 5
9255 3
9256 2
9257 1
9258 2
9259 3
9260 2
9261 4
9262 5
9263 5
9264 3
9265 2
9266 4
9267 4
9268 3
9269 3
9270 2
9271 3
9272 2
9273 2
9274 1
9275 0
9276 3
9277 2
9278 2
9279 3
9280 2
9281 2
9282 3
9283 3
9284 3
9285 0
9286 3
9287 4
9288 4
9289 3
9290 0
9291 1
9292 2
9293 2
9294 1
9295 2
9296 2
9297 2
9298 3
9299 1
9300 4
9301 5
9302 3
9303 2
9304 2
9305 2
9306 3
9307 3
9308 4
9309 1
9310 3
9311 1
9312 3
9313 1
9314 0
9315 3
9316 6
9317 6
9318 5
9319 4
9320 2
9321 4
9322 3
9323 2
9324 1
9325 3
9326 3
9327 3
9328 2
9329 3
9330 0
9331 1
9332 2
9333 1
9334 2
9335 2
9336 2
9337 0
9338 2
9339 4
9340 3
9341 3
9342 1
9343 1
9344 3
9345 3
9346 5
9347 3
9348 1
9349 1
9350 2
9351 2
9352 5
9353 5
9354 5
9355 7
9356 10
9357 10
9358 9
9359 6
9360 4
9361 2
9362 1
9363 1
9364 2
9365 2
9366 3
9367 2
9368 3
9369 0
9370 3
9371 0
9372 1
9373 3
9374 3
9375 2
9376 2
9377 2
9378 0
9379 2
9380 1
9381 2
9382 2
9383 5
9384 3
9385 5
9386 3
9387 1
9388 2
9389 1
9390 0
9391 0
9392 1
9393 0
9394 0
9395 0
9396 0
9397 1
9398 3
9399 2
9400 1
9401 4
9402 4
9403 3
9404 2
9405 2
9406 1
9407 3
9408 1
9409 2
9410 0
9411 3
9412 2
9413 1
9414 3
9415 1
9416 4
9417 6
9418 5
9419 6
9420 5
9421 6
9422 3
9423 2
9424 4
9425 1
9426 2
9427 2
9428 4
9429 6
9430 3
9431 1
9432 4
9433 4
9434 1
9435 1
9436 1
9437 0
9438 0
9439 1
9440 3
9441 1
9442 1
9443 1
9444 0
9445 1
9446 1
9447 2
9448 3
9449 2
9450 5
9451 4
9452 4
9453 4
9454 5
9455 4
9456 4
9457 5
9458 2
9459 1
9460 2
9461 2
9462 2
9463 3
9464 2
9465 2
9466 2
9467 3
9468 4
9469 4
9470 5
9471 7
9472 7
9473 5
9474 5
9475 3
9476 3
9477 1
9478 0
9479 5
9480 6
9481 6
9482 3
9483 1
9484 3
9485 1
9486 0
9487 0
9488 0
9489 1
9490 2
9491 3
9492 2
9493 2
9494 2
9495 3
9496 2
9497 3
9498 3
9499 3
9500 2
9501 1
9502 2
9503 3
9504 2
9505 2
9506 4
9507 4
9508 2
9509 2
9510 1
9511 0
9512 3
9513 1
9514 0
9515 1
9516 1
9517 3
9518 0
9519 1
9520 2
9521 3
9522 0
9523 1
9524 3
9525 2
9526 3
9527 4
9528 5
9529 6
9530 7
9531 9
9532 10
9533 10
9534 9
9535 9
9536 11
9537 11
9538 10
9539 11
9540 11
9541 11
9542 9
9543 7
9544 8
9545 7
9546 5
9547 5
9548 4
9549 4
9550 3
9551 3
9552 1
9553 2
9554 2
9555 2
9556 0
9557 1
9558 0
9559 0
9560 0
9561 1
9562 1
9563 0
9564 2
9565 4
9566 3
9567 3
9568 3
9569 6
9570 7
9571 6
9572 6
9573 7
9574 7
9575 8
9576 8
9577 9
9578 8
9579 6
9580 5
9581 3
9582 1
9583 1
9584 1
9585 1
9586 2
9587 1
9588 1
9589 3
9590 6
9591 8
9592 10
9593 12
9594 15
9595 12
9596 14
9597 15
9598 12
9599 14
9600 15
9601 12
9602 11
9603 11
9604 10
9605 11
9606 11
9607 11
9608 9
9609 9
9610 7
9611 6
9612 8
9613 7
9614 6
9615 4
9616 5
9617 3
9618 4
9619 3
9620 3
9621 0
9622 1
9623 0
9624 0
9625 0
9626 0
9627 0
9628 0
9629 1
9630 1
9631 2
9632 1
9633 1
9634 1
9635 0
9636 4
9637 1
9638 1
9639 0
9640 2
9641 3
9642 3
9643 1
9644 4
9645 5
9646 4
9647 6
9648 5
9649 7
9650 7
9651 9
9652 9
9653 10
9654 10
9655 9
9656 8
9657 8
9658 6
9659 5
9660 5
9661 6
9662 5
9663 4
9664 4
9665 3
9666 3
9667 0
9668 3
9669 0
9670 0
9671 2
9672 2
9673 6
9674 4
9675 6
9676 5
9677 5
9678 2
9679 1
9680 0
9681 2
9682 2
9683 0
9684 2
9685 2
9686 2
9687 3
9688 3
9689 3
9690 3
9691 2
9692 5
9693 7
9694 7
9695 8
9696 8
9697 6
9698 6
9699 5
9700 3
9701 2
9702 3
9703 4
9704 5
9705 5
9706 5
9707 3
9708 1
9709 2
9710 2
9711 2
9712 2
9713 1
9714 4
9715 1
9716 2
9717 2
9718 1
9719 2
9720 2
9721 1
9722 2
9723 2
9724 2
9725 0
9726 5
9727 6
9728 6
9729 6
9730 6
9731 5
9732 6
9733 6
9734 7
9735 9
9736 12
9737 13
9738 13
9739 12
9740 12
9741 14
9742 14
9743 15
9744 12
9745 11
9746 10
9747 9
9748 7
9749 5
9750 4
9751 1
9752 2
9753 1
9754 1
9755 0
9756 2
9757 1
9758 0
9759 1
9760 1
9761 3
9762 4
9763 2
9764 2
9765 2
9766 3
9767 2
9768 1
9769 1
9770 3
9771 3
9772 1
9773 1
9774 2
9775 1
9776 4
9777 1
9778 2
9779 1
9780 3
9781 5
9782 5
9783 7
9784 5
9785 4
9786 2
9787 3
9788 1
9789 2
9790 2
9791 4
9792 2
9793 4
9794 4
9795 2
9796 2
9797 1
9798 3
9799 1
9800 4
9801 5
9802 3
9803 1
9804 3
9805 1
9806 4
9807 1
9808 0
9809 1
9810 6
9811 3
9812 4
9813 5
9814 6
9815 3
9816 2
9817 2
9818 2
9819 3
9820 2
9821 5
9822 5
9823 7
9824 9
9825 10
9826 13
9827 13
9828 13
9829 12
9830 12
9831 12
9832 11
9833 10
9834 9
9835 11
9836 10
9837 7
9838 6
9839 6
9840 6
9841 4
9842 1
9843 0
9844 1
9845 1
9846 3
9847 2
9848 3
9849 3
9850 3
9851 4
9852 2
9853 0
9854 0
9855 3
9856 1
9857 1
9858 1
9859 1
9860 1
9861 0
9862 1
9863 2
9864 1
9865 1
9866 3
9867 3
9868 2
9869 3
9870 4
9871 5
9872 5
9873 5
9874 4
9875 3
9876 1
9877 0
9878 1
9879 1
9880 1
9881 1
9882 2
9883 2
9884 5
9885 6
9886 9
9887 9
9888 8
9889 8
9890 10
9891 11
9892 10
9893 11
9894 12
9895 11
9896 11
9897 10
9898 8
9899 7
9900 6
9901 3
9902 2
9903 0
9904 0
9905 1
9906 3
9907 2
9908 4
9909 3
9910 5
9911 5
9912 6
9913 5
9914 4
9915 3
9916 2
9917 3
9918 5
9919 4
9920 3
9921 2
9922 3
9923 2
9924 1
9925 3
9926 2
9927 1
9928 4
9929 3
9930 4
9931 3
9932 4
9933 4
9934 4
9935 6
9936 6
9937 7
9938 4
9939 4
9940 4
9941 3
9942 1
9943 3
9944 0
9945 2
9946 1
9947 1
9948 1
9949 2
9950 2
9951 0
9952 3
9953 1
9954 2
9955 0
9956 2
9957 2
9958 2
9959 2
9960 2
9961 1
9962 1
9963 5
9964 6
9965 6
9966 5
9967 4
9968 2
9969 3
9970 5
9971 6
9972 8
9973 6
9974 3
9975 2
9976 1
9977 2
9978 4
9979 5
9980 4
9981 3
9982 2
9983 3
9984 5
9985 6
9986 4
9987 3
9988 3
9989 1
9990 2
9991 3
9992 1
9993 0
9994 0
9995 2
9996 3
9997 1
9998 0
9999 2
