0 9
1 11
2 11
3 12
4 10
5 7
6 4
7 1
8 0
9 1
10 1
11 5
12 5
13 7
14 9
15 11
16 13
17 12
18 11
19 13
20 10
21 7
22 4
23 1
24 1
25 0
26 1
27 3
28 1
29 3
30 2
31 3
32 3
33 2
34 4
35 4
36 4
37 3
38 2
39 5
40 4
41 4
42 4
43 4
44 5
45 5
46 6
47 4
48 3
49 3
50 2
51 2
52 5
53 4
54 3
55 3
56 5
57 5
58 5
59 5
60 5
61 7
62 8
63 10
64 12
65 13
66 15
67 13
68 15
69 12
70 11
71 10
72 7
73 4
74 2
75 3
76 4
77 4
78 4
79 5
80 4
81 4
82 2
83 4
84 3
85 2
86 1
87 1
88 2
89 6
90 6
91 6
92 9
93 12
94 14
95 14
96 14
97 13
98 10
99 11
100 9
101 8
102 8
103 5
104 3
105 1
106 4
107 4
108 5
109 6
110 10
111 12
112 12
113 12
114 13
115 13
116 15
117 12
118 13
119 13
120 11
121 11
122 9
123 8
124 7
125 6
126 5
127 6
128 6
129 4
130 3
131 2
132 4
133 4
134 3
135 5
136 6
137 7
138 7
139 5
140 2
141 2
142 4
143 6
144 5
145 4
146 5
147 3
148 5
149 7
150 5
151 2
152 1
153 2
154 2
155 2
156 3
157 2
158 2
159 1
160 3
161 3
162 4
163 4
164 3
165 4
166 5
167 6
168 6
169 6
170 5
171 6
172 6
173 7
174 6
175 7
176 7
177 5
178 5
179 4
180 4
181 3
182 2
183 2
184 3
185 2
186 2
187 3
188 2
189 1
190 2
191 4
192 5
193 7
194 8
195 7
196 5
197 6
198 5
199 7
200 7
201 5
202 5
203 6
204 7
205 8
206 10
207 9
208 8
209 7
210 5
211 3
212 2
213 1
214 0
215 1
216 3
217 1
218 4
219 5
220 6
221 9
222 9
223 9
224 9
225 11
226 11
227 10
228 8
229 7
230 7
231 7
232 8
233 7
234 6
235 7
236 5
237 4
238 1
239 1
240 1
241 5
242 5
243 6
244 5
245 5
246 5
247 6
248 8
249 7
250 6
251 6
252 3
253 2
254 2
255 3
256 4
257 6
258 3
259 4
260 4
261 6
262 6
263 9
264 9
265 9
266 9
267 10
268 9
269 9
270 8
271 8
272 9
273 7
274 5
275 2
276 3
277 5
278 2
279 5
280 3
281 3
282 2
283 3
284 4
285 4
286 3
287 4
288 4
289 4
290 3
291 1
292 4
293 1
294 3
295 2
296 1
297 2
298 4
299 7
300 6
301 5
302 6
303 6
304 7
305 6
306 7
307 8
308 7
309 6
310 6
311 7
312 4
313 5
314 5
315 4
316 4
317 4
318 4
319 4
320 5
321 4
322 3
323 2
324 2
325 0
326 3
327 5
328 5
329 6
330 4
331 3
332 0
333 1
334 4
335 2
336 2
337 2
338 2
339 3
340 2
341 3
342 5
343 5
344 7
345 8
346 7
347 7
348 7
349 8
350 7
351 4
352 2
353 1
354 0
355 1
356 0
357 1
358 0
359 0
360 0
361 3
362 3
363 5
364 6
365 8
366 8
367 9
368 9
369 10
370 10
371 10
372 8
373 7
374 7
375 6
376 4
377 3
378 2
379 1
380 4
381 4
382 7
383 7
384 7
385 9
386 8
387 6
388 5
389 3
390 0
391 2
392 2
393 1
394 3
395 5
396 5
397 5
398 7
399 6
400 4
401 4
402 5
403 5
404 4
405 3
406 3
407 4
408 4
409 6
410 5
411 5
412 5
413 4
414 2
415 3
416 1
417 3
418 2
419 5
420 9
421 11
422 13
423 12
424 11
425 11
426 14
427 14
428 11
429 13
430 11
431 11
432 10
433 7
434 6
435 5
436 3
437 1
438 2
439 4
440 4
441 3
442 2
443 1
444 4
445 3
446 3
447 0
448 2
449 2
450 1
451 2
452 1
453 1
454 2
455 3
456 4
457 2
458 4
459 5
460 5
461 6
462 6
463 8
464 8
465 10
466 9
467 9
468 7
469 6
470 6
471 5
472 3
473 7
474 4
475 1
476 0
477 0
478 2
479 1
480 2
481 1
482 3
483 3
484 3
485 2
486 5
487 8
488 10
489 12
490 14
491 14
492 14
493 12
494 12
495 10
496 11
497 9
498 8
499 6
500 3
501 1
502 2
503 3
504 2
505 4
506 6
507 9
508 11
509 11
510 12
511 15
512 12
513 15
514 12
515 15
516 12
517 13
518 14
519 13
520 11
521 10
522 8
523 6
524 6
525 4
526 3
527 2
528 2
529 5
530 5
531 6
532 4
533 4
534 5
535 4
536 3
537 4
538 4
539 5
540 7
541 7
542 9
543 8
544 7
545 8
546 10
547 9
548 8
549 5
550 4
551 2
552 1
553 1
554 2
555 3
556 3
557 3
558 4
559 4
560 2
561 2
562 1
563 2
564 2
565 2
566 3
567 3
568 3
569 5
570 6
571 8
572 8
573 8
574 8
575 7
576 6
577 5
578 6
579 6
580 6
581 8
582 6
583 6
584 3
585 1
586 2
587 3
588 3
589 4
590 4
591 4
592 4
593 4
594 5
595 6
596 6
597 7
598 8
599 8
600 11
601 11
602 10
603 9
604 7
605 4
606 5
607 4
608 1
609 1
610 2
611 3
612 4
613 3
614 4
615 5
616 6
617 5
618 3
619 1
620 0
621 0
622 3
623 1
624 2
625 1
626 3
627 1
628 0
629 1
630 1
631 2
632 5
633 6
634 5
635 5
636 3
637 3
638 4
639 4
640 5
641 6
642 8
643 11
644 12
645 12
646 12
647 12
648 9
649 8
650 7
651 7
652 5
653 5
654 5
655 5
656 3
657 3
658 0
659 1
660 4
661 2
662 0
663 3
664 5
665 7
666 8
667 6
668 6
669 6
670 5
671 3
672 3
673 2
674 2
675 3
676 1
677 5
678 7
679 5
680 4
681 5
682 5
683 6
684 10
685 10
686 11
687 11
688 13
689 13
690 14
691 15
692 12
693 15
694 12
695 15
696 12
697 13
698 14
699 14
700 14
701 14
702 15
703 13
704 13
705 12
706 9
707 7
708 5
709 4
710 4
711 4
712 3
713 4
714 6
715 8
716 10
717 12
718 14
719 15
720 12
721 14
722 14
723 14
724 15
725 13
726 13
727 12
728 11
729 11
730 10
731 10
732 7
733 6
734 3
735 2
736 0
737 1
738 0
739 2
740 2
741 1
742 4
743 4
744 4
745 3
746 3
747 5
748 4
749 3
750 3
751 1
752 3
753 5
754 5
755 2
756 3
757 3
758 1
759 0
760 4
761 2
762 3
763 1
764 5
765 3
766 2
767 5
768 5
769 7
770 6
771 7
772 8
773 7
774 6
775 6
776 6
777 5
778 4
779 3
780 1
781 1
782 3
783 5
784 6
785 7
786 9
787 8
788 8
789 9
790 9
791 7
792 7
793 6
794 5
795 6
796 7
797 6
798 4
799 5
800 3
801 0
802 0
803 3
804 2
805 2
806 3
807 4
808 1
809 0
810 3
811 3
812 5
813 6
814 6
815 10
816 11
817 11
818 10
819 10
820 9
821 8
822 6
823 4
824 3
825 2
826 2
827 3
828 6
829 8
830 10
831 9
832 9
833 7
834 5
835 2
836 2
837 3
838 1
839 2
840 2
841 2
842 1
843 3
844 2
845 3
846 4
847 2
848 2
849 1
850 3
851 2
852 5
853 7
854 7
855 7
856 6
857 5
858 3
859 1
860 3
861 0
862 2
863 4
864 6
865 6
866 7
867 5
868 3
869 4
870 4
871 4
872 4
873 3
874 3
875 6
876 5
877 4
878 3
879 2
880 2
881 4
882 6
883 7
884 10
885 12
886 11
887 11
888 11
889 10
890 10
891 9
892 9
893 8
894 8
895 10
896 10
897 9
898 9
899 6
900 4
901 1
902 1
903 1
904 0
905 2
906 0
907 5
908 5
909 3
910 0
911 0
912 2
913 3
914 1
915 5
916 6
917 8
918 8
919 7
920 6
921 7
922 7
923 6
924 6
925 7
926 8
927 8
928 8
929 9
930 8
931 8
932 8
933 6
934 6
935 4
936 1
937 0
938 2
939 2
940 4
941 3
942 3
943 3
944 3
945 5
946 5
947 8
948 10
949 12
950 14
951 15
952 12
953 14
954 16
955 13
956 14
957 15
958 13
959 14
960 14
961 14
962 13
963 13
964 14
965 12
966 11
967 10
968 9
969 6
970 5
971 2
972 4
973 3
974 2
975 2
976 2
977 0
978 3
979 1
980 0
981 2
982 2
983 0
984 3
985 4
986 5
987 4
988 3
989 3
990 0
991 3
992 0
993 3
994 1
995 1
996 3
997 4
998 3
999 3
1000 2
1001 3
1002 6
1003 7
1004 7
1005 6
1006 6
1007 4
1008 5
1009 3
1010 2
1011 3
1012 5
1013 4
1014 3
1015 2
1016 1
1017 2
1018 5
1019 6
1020 7
1021 7
1022 7
1023 5
1024 4
1025 8
1026 7
1027 5
1028 5
1029 3
1030 0
1031 0
1032 3
1033 2
1034 6
1035 8
1036 9
1037 11
1038 11
1039 11
1040 13
1041 11
1042 9
1043 8
1044 7
1045 5
1046 3
1047 2
1048 0
1049 3
1050 3
1051 4
1052 6
1053 4
1054 3
1055 2
1056 2
1057 0
1058 4
1059 4
1060 4
1061 3
1062 3
1063 2
1064 2
1065 2
1066 3
1067 4
1068 2
1069 1
1070 4
1071 4
1072 3
1073 3
1074 4
1075 3
1076 2
1077 1
1078 3
1079 2
1080 3
1081 5
1082 5
1083 4
1084 4
1085 4
1086 4
1087 6
1088 6
1089 8
1090 8
1091 9
1092 7
1093 7
1094 9
1095 7
1096 6
1097 4
1098 4
1099 3
1100 1
1101 2
1102 3
1103 2
1104 4
1105 3
1106 4
1107 5
1108 4
1109 4
1110 4
1111 5
1112 6
1113 6
1114 6
1115 7
1116 9
1117 8
1118 5
1119 5
1120 3
1121 0
1122 1
1123 4
1124 4
1125 2
1126 1
1127 4
1128 4
1129 4
1130 4
1131 4
1132 2
1133 1
1134 4
1135 3
1136 5
1137 8
1138 8
1139 7
1140 7
1141 4
1142 6
1143 3
1144 3
1145 1
1146 2
1147 5
1148 4
1149 6
1150 6
1151 9
1152 7
1153 6
1154 6
1155 5
1156 3
1157 1
1158 1
1159 1
1160 0
1161 1
1162 2
1163 2
1164 3
1165 0
1166 6
1167 8
1168 11
1169 10
1170 10
1171 10
1172 10
1173 10
1174 10
1175 9
1176 9
1177 9
1178 12
1179 12
1180 12
1181 11
1182 11
1183 9
1184 7
1185 7
1186 5
1187 4
1188 1
1189 1
1190 1
1191 3
1192 4
1193 6
1194 9
1195 8
1196 8
1197 9
1198 7
1199 5
1200 2
1201 2
1202 2
1203 3
1204 3
1205 2
1206 3
1207 2
1208 3
1209 3
1210 5
1211 6
1212 8
1213 9
1214 9
1215 9
1216 9
1217 11
1218 8
1219 11
1220 11
1221 11
1222 12
1223 9
1224 8
1225 5
1226 3
1227 2
1228 1
1229 4
1230 3
1231 2
1232 5
1233 6
1234 7
1235 8
1236 11
1237 12
1238 11
1239 11
1240 12
1241 9
1242 7
1243 8
1244 7
1245 5
1246 2
1247 0
1248 0
1249 0
1250 1
1251 1
1252 4
1253 5
1254 5
1255 5
1256 4
1257 3
1258 1
1259 0
1260 2
1261 3
1262 2
1263 1
1264 4
1265 3
1266 3
1267 5
1268 6
1269 9
1270 9
1271 10
1272 12
1273 10
1274 9
1275 9
1276 8
1277 6
1278 4
1279 4
1280 4
1281 5
1282 7
1283 6
1284 6
1285 7
1286 8
1287 8
1288 7
1289 7
1290 8
1291 8
1292 7
1293 7
1294 9
1295 10
1296 9
1297 9
1298 9
1299 8
1300 6
1301 4
1302 1
1303 0
1304 1
1305 1
1306 4
1307 3
1308 2
1309 1
1310 3
1311 6
1312 6
1313 4
1314 5
1315 5
1316 4
1317 4
1318 4
1319 5
1320 8
1321 7
1322 8
1323 8
1324 7
1325 7
1326 6
1327 6
1328 6
1329 5
1330 5
1331 2
1332 4
1333 2
1334 2
1335 4
1336 3
1337 8
1338 6
1339 6
1340 7
1341 5
1342 4
1343 3
1344 4
1345 4
1346 3
1347 3
1348 2
1349 0
1350 3
1351 3
1352 3
1353 3
1354 0
1355 1
1356 4
1357 5
1358 4
1359 1
1360 6
1361 7
1362 8
1363 9
1364 8
1365 8
1366 6
1367 6
1368 4
1369 3
1370 1
1371 2
1372 3
1373 3
1374 1
1375 2
1376 4
1377 4
1378 5
1379 5
1380 4
1381 5
1382 5
1383 4
1384 3
1385 2
1386 2
1387 2
1388 1
1389 2
1390 2
1391 4
1392 6
1393 9
1394 10
1395 11
1396 9
1397 9
1398 8
1399 8
1400 7
1401 4
1402 6
1403 6
1404 7
1405 5
1406 6
1407 4
1408 3
1409 2
1410 1
1411 3
1412 2
1413 4
1414 4
1415 3
1416 4
1417 3
1418 2
1419 2
1420 2
1421 3
1422 4
1423 5
1424 5
1425 3
1426 4
1427 5
1428 4
1429 3
1430 1
1431 4
1432 4
1433 5
1434 3
1435 5
1436 4
1437 3
1438 0
1439 3
1440 5
1441 5
1442 7
1443 6
1444 4
1445 3
1446 1
1447 3
1448 2
1449 1
1450 2
1451 3
1452 3
1453 1
1454 5
1455 2
1456 1
1457 5
1458 5
1459 4
1460 4
1461 3
1462 1
1463 2
1464 1
1465 2
1466 2
1467 2
1468 2
1469 5
1470 5
1471 6
1472 4
1473 3
1474 4
1475 3
1476 5
1477 4
1478 4
1479 5
1480 3
1481 3
1482 4
1483 5
1484 6
1485 4
1486 5
1487 5
1488 4
1489 2
1490 4
1491 2
1492 0
1493 3
1494 2
1495 2
1496 2
1497 5
1498 6
1499 6
1500 5
1501 4
1502 2
1503 2
1504 2
1505 4
1506 4
1507 4
1508 5
1509 5
1510 7
1511 6
1512 6
1513 8
1514 9
1515 10
1516 10
1517 7
1518 5
1519 3
1520 1
1521 1
1522 3
1523 1
1524 2
1525 3
1526 3
1527 4
1528 5
1529 5
1530 5
1531 5
1532 3
1533 1
1534 0
1535 3
1536 2
1537 4
1538 4
1539 5
1540 4
1541 5
1542 6
1543 6
1544 7
1545 7
1546 4
1547 1
1548 1
1549 1
1550 2
1551 3
1552 6
1553 8
1554 8
1555 8
1556 8
1557 8
1558 6
1559 4
1560 2
1561 2
1562 2
1563 3
1564 4
1565 6
1566 9
1567 11
1568 12
1569 12
1570 11
1571 15
1572 12
1573 16
1574 14
1575 16
1576 13
1577 13
1578 13
1579 11
1580 9
1581 7
1582 5
1583 2
1584 0
1585 3
1586 3
1587 1
1588 1
1589 4
1590 3
1591 3
1592 4
1593 3
1594 4
1595 5
1596 5
1597 6
1598 6
1599 8
1600 9
1601 10
1602 10
1603 9
1604 9
1605 11
1606 13
1607 14
1608 14
1609 14
1610 14
1611 13
1612 13
1613 12
1614 10
1615 11
1616 11
1617 11
1618 10
1619 10
1620 9
1621 9
1622 6
1623 8
1624 7
1625 4
1626 1
1627 2
1628 1
1629 4
1630 3
1631 3
1632 5
1633 5
1634 8
1635 11
1636 14
1637 15
1638 12
1639 14
1640 17
1641 14
1642 17
1643 14
1644 16
1645 13
1646 15
1647 13
1648 15
1649 12
1650 13
1651 13
1652 13
1653 13
1654 11
1655 10
1656 12
1657 10
1658 10
1659 10
1660 7
1661 4
1662 1
1663 1
1664 1
1665 1
1666 1
1667 2
1668 0
1669 1
1670 3
1671 0
1672 1
1673 4
1674 2
1675 0
1676 2
1677 3
1678 1
1679 2
1680 0
1681 3
1682 2
1683 3
1684 4
1685 3
1686 4
1687 3
1688 3
1689 1
1690 2
1691 2
1692 5
1693 7
1694 8
1695 7
1696 7
1697 7
1698 4
1699 1
1700 0
1701 2
1702 2
1703 3
1704 6
1705 7
1706 7
1707 7
1708 6
1709 6
1710 6
1711 5
1712 3
1713 2
1714 4
1715 2
1716 1
1717 2
1718 3
1719 1
1720 2
1721 3
1722 4
1723 5
1724 8
1725 10
1726 12
1727 13
1728 14
1729 12
1730 13
1731 11
1732 9
1733 6
1734 5
1735 3
1736 0
1737 2
1738 4
1739 4
1740 2
1741 2
1742 4
1743 3
1744 6
1745 6
1746 9
1747 9
1748 8
1749 9
1750 10
1751 9
1752 12
1753 11
1754 10
1755 9
1756 7
1757 7
1758 6
1759 4
1760 4
1761 4
1762 5
1763 8
1764 10
1765 11
1766 13
1767 13
1768 13
1769 11
1770 9
1771 7
1772 5
1773 3
1774 3
1775 2
1776 2
1777 5
1778 6
1779 8
1780 7
1781 5
1782 3
1783 4
1784 1
1785 6
1786 5
1787 6
1788 9
1789 8
1790 7
1791 9
1792 9
1793 8
1794 11
1795 8
1796 5
1797 6
1798 4
1799 3
1800 4
1801 3
1802 1
1803 2
1804 1
1805 5
1806 4
1807 3
1808 4
1809 2
1810 5
1811 4
1812 5
1813 7
1814 9
1815 7
1816 8
1817 9
1818 9
1819 8
1820 8
1821 8
1822 6
1823 5
1824 6
1825 5
1826 5
1827 5
1828 5
1829 9
1830 11
1831 11
1832 12
1833 14
1834 15
1835 12
1836 12
1837 12
1838 10
1839 9
1840 8
1841 7
1842 6
1843 6
1844 4
1845 4
1846 3
1847 3
1848 0
1849 3
1850 2
1851 2
1852 2
1853 2
1854 4
1855 2
1856 5
1857 4
1858 5
1859 3
1860 1
1861 2
1862 3
1863 2
1864 4
1865 5
1866 4
1867 6
1868 9
1869 10
1870 11
1871 9
1872 9
1873 9
1874 7
1875 5
1876 2
1877 1
1878 0
1879 4
1880 4
1881 6
1882 6
1883 8
1884 8
1885 8
1886 7
1887 4
1888 3
1889 4
1890 2
1891 1
1892 4
1893 3
1894 3
1895 4
1896 3
1897 2
1898 1
1899 2
1900 2
1901 2
1902 0
1903 2
1904 5
1905 4
1906 2
1907 1
1908 0
1909 3
1910 3
1911 2
1912 4
1913 1
1914 4
1915 1
1916 2
1917 1
1918 4
1919 3
1920 1
1921 4
1922 5
1923 3
1924 1
1925 3
1926 1
1927 3
1928 3
1929 5
1930 3
1931 2
1932 2
1933 1
1934 2
1935 1
1936 4
1937 5
1938 5
1939 6
1940 5
1941 3
1942 2
1943 1
1944 3
1945 3
1946 1
1947 2
1948 3
1949 2
1950 3
1951 1
1952 3
1953 3
1954 4
1955 4
1956 3
1957 5
1958 5
1959 5
1960 3
1961 4
1962 3
1963 1
1964 3
1965 4
1966 4
1967 5
1968 5
1969 6
1970 7
1971 8
1972 7
1973 9
1974 11
1975 10
1976 9
1977 8
1978 7
1979 5
1980 5
1981 5
1982 3
1983 4
1984 4
1985 5
1986 5
1987 3
1988 1
1989 1
1990 3
1991 1
1992 3
1993 1
1994 5
1995 5
1996 3
1997 1
1998 3
1999 2
2000 2
2001 4
2002 6
2003 5
2004 6
2005 6
2006 6
2007 3
2008 1
2009 5
2010 3
2011 1
2012 3
2013 4
2014 3
2015 3
2016 3
2017 3
2018 2
2019 5
2020 4
2021 6
2022 5
2023 7
2024 7
2025 10
2026 10
2027 10
2028 9
2029 7
2030 8
2031 9
2032 9
2033 7
2034 6
2035 8
2036 6
2037 6
2038 5
2039 4
2040 4
2041 3
2042 4
2043 6
2044 4
2045 2
2046 3
2047 1
2048 3
2049 6
2050 8
2051 9
2052 9
2053 8
2054 8
2055 7
2056 4
2057 2
2058 2
2059 4
2060 4
2061 4
2062 6
2063 6
2064 8
2065 8
2066 9
2067 7
2068 6
2069 6
2070 4
2071 6
2072 4
2073 6
2074 6
2075 5
2076 5
2077 5
2078 7
2079 4
2080 4
2081 4
2082 5
2083 5
2084 2
2085 7
2086 11
2087 13
2088 13
2089 13
2090 13
2091 11
2092 10
2093 7
2094 6
2095 3
2096 2
2097 3
2098 2
2099 5
2100 5
2101 7
2102 8
2103 7
2104 6
2105 6
2106 4
2107 2
2108 3
2109 3
2110 4
2111 3
2112 7
2113 5
2114 7
2115 7
2116 7
2117 7
2118 6
2119 4
2120 5
2121 4
2122 7
2123 7
2124 6
2125 7
2126 5
2127 5
2128 5
2129 6
2130 9
2131 10
2132 10
2133 8
2134 6
2135 5
2136 3
2137 3
2138 1
2139 2
2140 1
2141 1
2142 3
2143 4
2144 5
2145 8
2146 11
2147 11
2148 9
2149 10
2150 8
2151 7
2152 4
2153 4
2154 2
2155 5
2156 5
2157 6
2158 7
2159 8
2160 7
2161 9
2162 10
2163 11
2164 11
2165 14
2166 13
2167 10
2168 10
2169 9
2170 10
2171 8
2172 8
2173 6
2174 4
2175 2
2176 1
2177 2
2178 4
2179 7
2180 6
2181 8
2182 11
2183 10
2184 8
2185 7
2186 5
2187 5
2188 2
2189 3
2190 1
2191 3
2192 2
2193 3
2194 2
2195 5
2196 6
2197 8
2198 10
2199 11
2200 13
2201 16
2202 13
2203 16
2204 13
2205 16
2206 13
2207 16
2208 13
2209 16
2210 13
2211 15
2212 12
2213 15
2214 12
2215 15
2216 12
2217 14
2218 13
2219 11
2220 9
2221 6
2222 5
2223 2
2224 0
2225 1
2226 1
2227 1
2228 2
2229 1
2230 4
2231 3
2232 2
2233 4
2234 6
2235 8
2236 9
2237 9
2238 8
2239 8
2240 6
2241 6
2242 4
2243 3
2244 2
2245 3
2246 3
2247 0
2248 2
2249 3
2250 0
2251 4
2252 5
2253 6
2254 8
2255 10
2256 8
2257 9
2258 9
2259 10
2260 7
2261 7
2262 6
2263 6
2264 6
2265 5
2266 8
2267 8
2268 9
2269 8
2270 8
2271 9
2272 8
2273 9
2274 7
2275 5
2276 3
2277 2
2278 1
2279 4
2280 1
2281 2
2282 4
2283 6
2284 7
2285 8
2286 7
2287 6
2288 5
2289 4
2290 5
2291 4
2292 4
2293 4
2294 4
2295 3
2296 3
2297 4
2298 5
2299 8
2300 10
2301 12
2302 13
2303 12
2304 10
2305 9
2306 8
2307 8
2308 7
2309 5
2310 2
2311 0
2312 2
2313 2
2314 4
2315 4
2316 5
2317 5
2318 6
2319 6
2320 8
2321 7
2322 5
2323 4
2324 1
2325 2
2326 1
2327 6
2328 6
2329 9
2330 10
2331 9
2332 8
2333 9
2334 6
2335 6
2336 6
2337 4
2338 7
2339 9
2340 9
2341 10
2342 8
2343 9
2344 6
2345 6
2346 4
2347 1
2348 2
2349 2
2350 4
2351 2
2352 2
2353 6
2354 7
2355 8
2356 10
2357 10
2358 9
2359 8
2360 8
2361 7
2362 6
2363 4
2364 1
2365 2
2366 1
2367 4
2368 2
2369 4
2370 4
2371 3
2372 1
2373 4
2374 5
2375 4
2376 6
2377 4
2378 3
2379 0
2380 1
2381 1
2382 1
2383 3
2384 6
2385 9
2386 11
2387 12
2388 15
2389 14
2390 16
2391 13
2392 14
2393 13
2394 15
2395 12
2396 14
2397 12
2398 9
2399 7
2400 4
2401 1
2402 1
2403 0
2404 2
2405 2
2406 1
2407 1
2408 3
2409 2
2410 4
2411 4
2412 2
2413 3
2414 2
2415 0
2416 2
2417 5
2418 7
2419 8
2420 7
2421 5
2422 4
2423 2
2424 3
2425 3
2426 4
2427 4
2428 3
2429 1
2430 2
2431 1
2432 1
2433 2
2434 2
2435 4
2436 4
2437 4
2438 4
2439 3
2440 1
2441 4
2442 5
2443 5
2444 5
2445 6
2446 6
2447 7
2448 8
2449 7
2450 10
2451 12
2452 14
2453 15
2454 12
2455 12
2456 12
2457 10
2458 9
2459 7
2460 4
2461 2
2462 0
2463 3
2464 1
2465 2
2466 4
2467 2
2468 2
2469 4
2470 3
2471 4
2472 4
2473 4
2474 2
2475 5
2476 8
2477 9
2478 9
2479 10
2480 12
2481 10
2482 10
2483 10
2484 10
2485 8
2486 8
2487 9
2488 8
2489 7
2490 5
2491 6
2492 4
2493 3
2494 2
2495 1
2496 6
2497 6
2498 5
2499 4
2500 1
2501 4
2502 4
2503 3
2504 3
2505 4
2506 3
2507 4
2508 2
2509 2
2510 4
2511 6
2512 4
2513 4
2514 3
2515 5
2516 6
2517 4
2518 3
2519 0
2520 2
2521 1
2522 2
2523 1
2524 2
2525 1
2526 5
2527 6
2528 9
2529 11
2530 12
2531 13
2532 14
2533 13
2534 14
2535 13
2536 14
2537 14
2538 13
2539 15
2540 12
2541 15
2542 12
2543 13
2544 10
2545 7
2546 4
2547 1
2548 0
2549 3
2550 4
2551 4
2552 2
2553 3
2554 5
2555 6
2556 5
2557 6
2558 8
2559 7
2560 6
2561 7
2562 5
2563 5
2564 5
2565 7
2566 10
2567 12
2568 14
2569 17
2570 14
2571 16
2572 13
2573 13
2574 14
2575 15
2576 12
2577 13
2578 12
2579 9
2580 6
2581 6
2582 5
2583 5
2584 3
2585 3
2586 5
2587 4
2588 4
2589 2
2590 3
2591 4
2592 6
2593 7
2594 5
2595 3
2596 3
2597 3
2598 1
2599 3
2600 0
2601 1
2602 2
2603 2
2604 3
2605 4
2606 5
2607 7
2608 8
2609 8
2610 10
2611 13
2612 16
2613 14
2614 17
2615 14
2616 16
2617 13
2618 15
2619 13
2620 16
2621 13
2622 16
2623 13
2624 15
2625 13
2626 16
2627 13
2628 16
2629 13
2630 12
2631 11
2632 9
2633 7
2634 5
2635 5
2636 4
2637 4
2638 2
2639 4
2640 3
2641 4
2642 2
2643 3
2644 2
2645 2
2646 0
2647 5
2648 7
2649 8
2650 10
2651 10
2652 9
2653 7
2654 5
2655 3
2656 2
2657 3
2658 3
2659 3
2660 3
2661 5
2662 6
2663 9
2664 10
2665 11
2666 10
2667 9
2668 9
2669 8
2670 8
2671 8
2672 6
2673 5
2674 3
2675 1
2676 0
2677 2
2678 1
2679 4
2680 6
2681 5
2682 3
2683 2
2684 4
2685 6
2686 5
2687 3
2688 0
2689 0
2690 4
2691 3
2692 0
2693 2
2694 3
2695 3
2696 5
2697 6
2698 9
2699 11
2700 10
2701 8
2702 7
2703 8
2704 7
2705 6
2706 6
2707 3
2708 0
2709 2
2710 6
2711 7
2712 5
2713 4
2714 6
2715 7
2716 9
2717 9
2718 9
2719 10
2720 12
2721 14
2722 14
2723 14
2724 11
2725 10
2726 10
2727 10
2728 8
2729 5
2730 3
2731 1
2732 1
2733 2
2734 1
2735 5
2736 5
2737 5
2738 4
2739 5
2740 4
2741 4
2742 3
2743 3
2744 1
2745 4
2746 5
2747 8
2748 9
2749 12
2750 13
2751 14
2752 15
2753 12
2754 15
2755 13
2756 14
2757 15
2758 12
2759 15
2760 12
2761 11
2762 9
2763 7
2764 4
2765 2
2766 3
2767 3
2768 5
2769 5
2770 4
2771 3
2772 2
2773 3
2774 3
2775 4
2776 5
2777 4
2778 5
2779 5
2780 3
2781 5
2782 6
2783 5
2784 9
2785 10
2786 12
2787 14
2788 15
2789 12
2790 14
2791 14
2792 15
2793 12
2794 15
2795 12
2796 13
2797 13
2798 11
2799 8
2800 5
2801 2
2802 0
2803 1
2804 1
2805 4
2806 5
2807 4
2808 5
2809 7
2810 10
2811 8
2812 10
2813 10
2814 12
2815 13
2816 13
2817 12
2818 14
2819 12
2820 11
2821 13
2822 11
2823 10
2824 9
2825 7
2826 6
2827 4
2828 4
2829 2
2830 3
2831 3
2832 3
2833 2
2834 4
2835 1
2836 1
2837 3
2838 3
2839 1
2840 5
2841 8
2842 5
2843 2
2844 1
2845 1
2846 1
2847 2
2848 2
2849 2
2850 3
2851 3
2852 5
2853 5
2854 4
2855 3
2856 2
2857 3
2858 2
2859 5
2860 5
2861 4
2862 4
2863 5
2864 5
2865 4
2866 7
2867 7
2868 7
2869 9
2870 9
2871 9
2872 9
2873 9
2874 7
2875 7
2876 8
2877 6
2878 4
2879 3
2880 0
2881 2
2882 2
2883 2
2884 0
2885 3
2886 3
2887 4
2888 5
2889 4
2890 4
2891 3
2892 0
2893 4
2894 4
2895 4
2896 8
2897 8
2898 10
2899 12
2900 13
2901 12
2902 10
2903 9
2904 8
2905 6
2906 6
2907 5
2908 5
2909 4
2910 5
2911 7
2912 7
2913 7
2914 7
2915 7
2916 9
2917 10
2918 10
2919 10
2920 10
2921 11
2922 11
2923 9
2924 7
2925 8
2926 7
2927 5
2928 3
2929 2
2930 2
2931 0
2932 5
2933 5
2934 7
2935 7
2936 6
2937 3
2938 5
2939 4
2940 5
2941 5
2942 5
2943 3
2944 3
2945 3
2946 1
2947 1
2948 4
2949 2
2950 3
2951 5
2952 6
2953 5
2954 6
2955 7
2956 6
2957 6
2958 9
2959 10
2960 9
2961 7
2962 5
2963 5
2964 3
2965 0
2966 2
2967 2
2968 0
2969 0
2970 3
2971 0
2972 2
2973 6
2974 6
2975 7
2976 6
2977 5
2978 6
2979 6
2980 6
2981 6
2982 6
2983 7
2984 9
2985 9
2986 11
2987 10
2988 9
2989 7
2990 6
2991 5
2992 3
2993 3
2994 0
2995 2
2996 5
2997 8
2998 10
2999 11
3000 13
3001 13
3002 10
3003 8
3004 5
3005 3
3006 2
3007 2
3008 0
3009 0
3010 3
3011 3
3012 4
3013 4
3014 4
3015 3
3016 2
3017 2
3018 3
3019 2
3020 4
3021 5
3022 8
3023 5
3024 8
3025 9
3026 9
3027 11
3028 13
3029 10
3030 9
3031 8
3032 8
3033 7
3034 5
3035 8
3036 7
3037 6
3038 4
3039 2
3040 1
3041 1
3042 3
3043 5
3044 4
3045 4
3046 1
3047 3
3048 2
3049 3
3050 4
3051 4
3052 7
3053 8
3054 9
3055 9
3056 11
3057 12
3058 15
3059 12
3060 15
3061 12
3062 15
3063 13
3064 16
3065 13
3066 15
3067 12
3068 15
3069 12
3070 13
3071 14
3072 14
3073 15
3074 12
3075 12
3076 14
3077 12
3078 11
3079 8
3080 7
3081 5
3082 3
3083 3
3084 3
3085 2
3086 2
3087 5
3088 9
3089 10
3090 10
3091 7
3092 6
3093 6
3094 6
3095 4
3096 4
3097 3
3098 5
3099 6
3100 8
3101 10
3102 12
3103 12
3104 10
3105 10
3106 9
3107 8
3108 9
3109 10
3110 10
3111 10
3112 10
3113 7
3114 5
3115 5
3116 2
3117 0
3118 1
3119 2
3120 1
3121 2
3122 3
3123 1
3124 5
3125 6
3126 6
3127 6
3128 4
3129 3
3130 1
3131 2
3132 2
3133 1
3134 1
3135 4
3136 5
3137 6
3138 6
3139 8
3140 8
3141 10
3142 11
3143 10
3144 9
3145 10
3146 9
3147 8
3148 7
3149 5
3150 6
3151 6
3152 5
3153 5
3154 3
3155 4
3156 7
3157 8
3158 10
3159 11
3160 13
3161 15
3162 12
3163 15
3164 13
3165 16
3166 13
3167 16
3168 13
3169 14
3170 15
3171 12
3172 13
3173 14
3174 15
3175 12
3176 14
3177 13
3178 12
3179 13
3180 11
3181 10
3182 9
3183 9
3184 9
3185 7
3186 6
3187 5
3188 2
3189 0
3190 1
3191 0
3192 2
3193 2
3194 2
3195 2
3196 4
3197 3
3198 4
3199 4
3200 6
3201 10
3202 11
3203 11
3204 9
3205 6
3206 3
3207 1
3208 2
3209 2
3210 2
3211 3
3212 3
3213 4
3214 2
3215 3
3216 3
3217 2
3218 2
3219 4
3220 2
3221 2
3222 5
3223 6
3224 5
3225 4
3226 3
3227 1
3228 3
3229 2
3230 5
3231 5
3232 5
3233 4
3234 4
3235 6
3236 3
3237 0
3238 2
3239 3
3240 2
3241 5
3242 7
3243 8
3244 9
3245 10
3246 10
3247 10
3248 10
3249 9
3250 7
3251 7
3252 7
3253 6
3254 3
3255 1
3256 0
3257 2
3258 2
3259 3
3260 2
3261 3
3262 2
3263 2
3264 1
3265 1
3266 7
3267 6
3268 5
3269 5
3270 4
3271 1
3272 1
3273 6
3274 5
3275 5
3276 2
3277 4
3278 5
3279 6
3280 5
3281 8
3282 6
3283 6
3284 6
3285 5
3286 4
3287 4
3288 5
3289 6
3290 6
3291 7
3292 7
3293 7
3294 6
3295 7
3296 7
3297 7
3298 6
3299 5
3300 2
3301 6
3302 6
3303 6
3304 5
3305 4
3306 4
3307 4
3308 6
3309 5
3310 4
3311 2
3312 0
3313 3
3314 4
3315 2
3316 0
3317 1
3318 0
3319 0
3320 1
3321 4
3322 4
3323 8
3324 8
3325 9
3326 7
3327 7
3328 6
3329 6
3330 4
3331 3
3332 2
3333 3
3334 2
3335 3
3336 4
3337 5
3338 9
3339 10
3340 13
3341 15
3342 13
3343 16
3344 14
3345 17
3346 14
3347 17
3348 14
3349 15
3350 12
3351 15
3352 12
3353 14
3354 15
3355 12
3356 14
3357 12
3358 9
3359 7
3360 4
3361 2
3362 1
3363 1
3364 4
3365 1
3366 2
3367 2
3368 2
3369 2
3370 1
3371 4
3372 5
3373 5
3374 8
3375 6
3376 6
3377 5
3378 5
3379 5
3380 4
3381 2
3382 5
3383 5
3384 4
3385 2
3386 3
3387 3
3388 3
3389 4
3390 3
3391 5
3392 3
3393 4
3394 4
3395 4
3396 2
3397 3
3398 4
3399 4
3400 5
3401 9
3402 8
3403 11
3404 10
3405 12
3406 13
3407 12
3408 10
3409 12
3410 10
3411 8
3412 6
3413 4
3414 2
3415 1
3416 1
3417 0
3418 1
3419 1
3420 3
3421 1
3422 2
3423 3
3424 1
3425 2
3426 2
3427 0
3428 2
3429 2
3430 3
3431 1
3432 5
3433 5
3434 7
3435 6
3436 5
3437 4
3438 3
3439 0
3440 3
3441 3
3442 2
3443 3
3444 0
3445 3
3446 4
3447 4
3448 3
3449 3
3450 4
3451 6
3452 8
3453 8
3454 7
3455 6
3456 4
3457 4
3458 4
3459 5
3460 6
3461 10
3462 10
3463 10
3464 8
3465 7
3466 6
3467 4
3468 2
3469 1
3470 1
3471 2
3472 3
3473 2
3474 3
3475 5
3476 6
3477 5
3478 6
3479 6
3480 6
3481 6
3482 5
3483 4
3484 3
3485 1
3486 3
3487 1
3488 3
3489 2
3490 3
3491 4
3492 4
3493 5
3494 6
3495 8
3496 9
3497 11
3498 13
3499 14
3500 15
3501 12
3502 12
3503 12
3504 12
3505 11
3506 9
3507 8
3508 7
3509 5
3510 3
3511 2
3512 2
3513 5
3514 7
3515 7
3516 4
3517 3
3518 2
3519 1
3520 1
3521 4
3522 3
3523 4
3524 2
3525 2
3526 2
3527 2
3528 4
3529 2
3530 3
3531 4
3532 5
3533 4
3534 4
3535 2
3536 4
3537 5
3538 6
3539 7
3540 6
3541 7
3542 7
3543 7
3544 4
3545 2
3546 3
3547 1
3548 3
3549 2
3550 1
3551 3
3552 2
3553 4
3554 3
3555 3
3556 2
3557 1
3558 2
3559 1
3560 3
3561 1
3562 3
3563 3
3564 3
3565 2
3566 1
3567 2
3568 2
3569 4
3570 5
3571 5
3572 6
3573 6
3574 8
3575 9
3576 8
3577 7
3578 7
3579 5
3580 3
3581 0
3582 2
3583 1
3584 3
3585 3
3586 4
3587 4
3588 5
3589 6
3590 9
3591 11
3592 9
3593 9
3594 9
3595 8
3596 9
3597 8
3598 6
3599 7
3600 6
3601 6
3602 8
3603 6
3604 5
3605 2
3606 0
3607 0
3608 1
3609 4
3610 5
3611 5
3612 5
3613 7
3614 8
3615 9
3616 9
3617 9
3618 7
3619 7
3620 6
3621 5
3622 3
3623 0
3624 1
3625 2
3626 2
3627 3
3628 4
3629 6
3630 6
3631 5
3632 5
3633 5
3634 4
3635 2
3636 0
3637 3
3638 2
3639 4
3640 3
3641 1
3642 1
3643 3
3644 2
3645 2
3646 3
3647 2
3648 3
3649 3
3650 4
3651 4
3652 5
3653 5
3654 5
3655 6
3656 9
3657 10
3658 12
3659 15
3660 12
3661 14
3662 14
3663 15
3664 12
3665 12
3666 11
3667 9
3668 8
3669 5
3670 6
3671 5
3672 3
3673 1
3674 2
3675 0
3676 4
3677 5
3678 4
3679 7
3680 9
3681 11
3682 12
3683 13
3684 11
3685 12
3686 14
3687 14
3688 13
3689 14
3690 13
3691 13
3692 10
3693 8
3694 5
3695 2
3696 2
3697 4
3698 3
3699 2
3700 4
3701 4
3702 4
3703 4
3704 3
3705 4
3706 5
3707 3
3708 4
3709 6
3710 8
3711 7
3712 7
3713 10
3714 10
3715 12
3716 10
3717 9
3718 7
3719 6
3720 4
3721 3
3722 1
3723 1
3724 2
3725 1
3726 1
3727 2
3728 1
3729 3
3730 3
3731 5
3732 5
3733 3
3734 3
3735 3
3736 1
3737 1
3738 3
3739 1
3740 2
3741 1
3742 3
3743 1
3744 1
3745 1
3746 1
3747 1
3748 4
3749 3
3750 4
3751 5
3752 3
3753 2
3754 3
3755 4
3756 4
3757 2
3758 3
3759 4
3760 6
3761 6
3762 4
3763 2
3764 2
3765 3
3766 3
3767 4
3768 4
3769 3
3770 0
3771 1
3772 4
3773 4
3774 4
3775 4
3776 4
3777 1
3778 3
3779 2
3780 3
3781 4
3782 4
3783 4
3784 3
3785 3
3786 4
3787 3
3788 1
3789 3
3790 2
3791 1
3792 1
3793 2
3794 2
3795 4
3796 5
3797 7
3798 6
3799 8
3800 8
3801 5
3802 7
3803 6
3804 6
3805 7
3806 8
3807 6
3808 3
3809 1
3810 1
3811 2
3812 1
3813 3
3814 3
3815 3
3816 3
3817 2
3818 1
3819 5
3820 7
3821 8
3822 12
3823 14
3824 13
3825 13
3826 15
3827 12
3828 10
3829 9
3830 9
3831 7
3832 5
3833 3
3834 4
3835 2
3836 3
3837 4
3838 2
3839 2
3840 3
3841 2
3842 1
3843 3
3844 2
3845 3
3846 6
3847 6
3848 6
3849 5
3850 4
3851 5
3852 4
3853 3
3854 3
3855 3
3856 0
3857 1
3858 4
3859 4
3860 3
3861 5
3862 6
3863 6
3864 6
3865 4
3866 4
3867 6
3868 4
3869 2
3870 1
3871 4
3872 3
3873 4
3874 5
3875 8
3876 9
3877 10
3878 11
3879 12
3880 15
3881 12
3882 15
3883 12
3884 11
3885 13
3886 15
3887 14
3888 16
3889 13
3890 15
3891 13
3892 15
3893 13
3894 13
3895 11
3896 8
3897 7
3898 4
3899 4
3900 5
3901 4
3902 2
3903 2
3904 2
3905 6
3906 7
3907 7
3908 5
3909 3
3910 1
3911 4
3912 6
3913 9
3914 8
3915 8
3916 8
3917 8
3918 8
3919 6
3920 4
3921 4
3922 3
3923 0
3924 4
3925 3
3926 3
3927 5
3928 4
3929 4
3930 6
3931 6
3932 5
3933 4
3934 4
3935 4
3936 3
3937 4
3938 5
3939 5
3940 4
3941 5
3942 5
3943 4
3944 3
3945 2
3946 4
3947 3
3948 3
3949 4
3950 4
3951 4
3952 4
3953 4
3954 6
3955 6
3956 5
3957 4
3958 3
3959 4
3960 4
3961 3
3962 2
3963 3
3964 3
3965 2
3966 2
3967 1
3968 3
3969 4
3970 4
3971 4
3972 3
3973 4
3974 3
3975 5
3976 7
3977 6
3978 4
3979 3
3980 0
3981 3
3982 2
3983 4
3984 6
3985 7
3986 8
3987 11
3988 13
3989 13
3990 11
3991 10
3992 7
3993 5
3994 5
3995 3
3996 3
3997 4
3998 6
3999 6
4000 7
4001 10
4002 10
4003 10
4004 10
4005 8
4006 6
4007 5
4008 2
4009 4
4010 3
4011 0
4012 2
4013 2
4014 1
4015 2
4016 1
4017 2
4018 2
4019 3
4020 4
4021 2
4022 2
4023 4
4024 6
4025 9
4026 12
4027 15
4028 12
4029 12
4030 11
4031 10
4032 8
4033 6
4034 3
4035 2
4036 1
4037 4
4038 3
4039 3
4040 3
4041 4
4042 5
4043 4
4044 4
4045 2
4046 1
4047 3
4048 2
4049 3
4050 3
4051 5
4052 8
4053 9
4054 10
4055 12
4056 15
4057 12
4058 15
4059 12
4060 13
4061 15
4062 12
4063 15
4064 12
4065 14
4066 12
4067 11
4068 8
4069 7
4070 7
4071 5
4072 7
4073 4
4074 7
4075 4
4076 3
4077 4
4078 5
4079 4
4080 4
4081 7
4082 6
4083 6
4084 6
4085 5
4086 5
4087 3
4088 2
4089 3
4090 0
4091 2
4092 3
4093 3
4094 3
4095 4
4096 3
4097 4
4098 6
4099 6
4100 9
4101 10
4102 11
4103 12
4104 14
4105 15
4106 12
4107 11
4108 11
4109 12
4110 11
4111 12
4112 12
4113 10
4114 7
4115 6
4116 5
4117 2
4118 3
4119 4
4120 8
4121 5
4122 9
4123 8
4124 7
4125 7
4126 7
4127 9
4128 7
4129 4
4130 1
4131 3
4132 3
4133 1
4134 2
4135 3
4136 1
4137 5
4138 6
4139 8
4140 8
4141 9
4142 10
4143 10
4144 10
4145 12
4146 13
4147 12
4148 11
4149 10
4150 8
4151 8
4152 8
4153 9
4154 7
4155 4
4156 5
4157 3
4158 2
4159 3
4160 4
4161 4
4162 4
4163 3
4164 1
4165 1
4166 3
4167 4
4168 4
4169 4
4170 2
4171 5
4172 5
4173 8
4174 9
4175 8
4176 10
4177 10
4178 8
4179 5
4180 4
4181 2
4182 2
4183 5
4184 5
4185 5
4186 7
4187 7
4188 6
4189 3
4190 0
4191 0
4192 0
4193 1
4194 2
4195 2
4196 1
4197 2
4198 1
4199 0
4200 3
4201 4
4202 3
4203 1
4204 5
4205 6
4206 5
4207 4
4208 3
4209 2
4210 4
4211 6
4212 7
4213 6
4214 7
4215 8
4216 10
4217 8
4218 10
4219 9
4220 10
4221 8
4222 7
4223 5
4224 3
4225 4
4226 3
4227 3
4228 5
4229 7
4230 9
4231 8
4232 7
4233 6
4234 5
4235 2
4236 2
4237 0
4238 2
4239 2
4240 1
4241 4
4242 5
4243 4
4244 5
4245 5
4246 6
4247 8
4248 9
4249 11
4250 12
4251 13
4252 12
4253 13
4254 12
4255 11
4256 12
4257 11
4258 9
4259 8
4260 6
4261 4
4262 1
4263 3
4264 0
4265 1
4266 0
4267 0
4268 3
4269 2
4270 2
4271 2
4272 3
4273 2
4274 1
4275 4
4276 5
4277 5
4278 4
4279 5
4280 6
4281 7
4282 6
4283 6
4284 5
4285 5
4286 4
4287 2
4288 1
4289 2
4290 1
4291 2
4292 4
4293 6
4294 3
4295 1
4296 3
4297 0
4298 3
4299 2
4300 0
4301 3
4302 4
4303 6
4304 5
4305 4
4306 2
4307 1
4308 2
4309 3
4310 2
4311 3
4312 1
4313 3
4314 3
4315 2
4316 0
4317 2
4318 2
4319 2
4320 3
4321 3
4322 2
4323 1
4324 4
4325 4
4326 7
4327 8
4328 8
4329 8
4330 8
4331 7
4332 5
4333 7
4334 6
4335 4
4336 3
4337 1
4338 1
4339 5
4340 8
4341 10
4342 10
4343 11
4344 11
4345 11
4346 10
4347 9
4348 6
4349 7
4350 5
4351 6
4352 4
4353 6
4354 6
4355 7
4356 8
4357 11
4358 13
4359 16
4360 13
4361 16
4362 13
4363 16
4364 13
4365 16
4366 13
4367 16
4368 15
4369 12
4370 15
4371 13
4372 14
4373 15
4374 12
4375 14
4376 13
4377 10
4378 9
4379 7
4380 4
4381 2
4382 2
4383 1
4384 1
4385 4
4386 3
4387 1
4388 5
4389 5
4390 4
4391 4
4392 3
4393 1
4394 2
4395 2
4396 3
4397 3
4398 3
4399 3
4400 3
4401 3
4402 3
4403 2
4404 2
4405 2
4406 3
4407 3
4408 3
4409 4
4410 4
4411 6
4412 5
4413 5
4414 5
4415 5
4416 5
4417 5
4418 5
4419 4
4420 1
4421 2
4422 2
4423 3
4424 3
4425 2
4426 2
4427 2
4428 1
4429 2
4430 1
4431 5
4432 6
4433 5
4434 6
4435 4
4436 6
4437 4
4438 3
4439 1
4440 4
4441 6
4442 6
4443 7
4444 6
4445 4
4446 2
4447 1
4448 1
4449 4
4450 8
4451 7
4452 7
4453 7
4454 7
4455 6
4456 5
4457 5
4458 6
4459 5
4460 6
4461 8
4462 9
4463 9
4464 9
4465 7
4466 4
4467 3
4468 5
4469 5
4470 6
4471 8
4472 11
4473 10
4474 9
4475 6
4476 5
4477 2
4478 0
4479 1
4480 0
4481 2
4482 0
4483 2
4484 2
4485 4
4486 4
4487 2
4488 2
4489 2
4490 3
4491 3
4492 3
4493 3
4494 3
4495 2
4496 4
4497 4
4498 4
4499 6
4500 8
4501 8
4502 8
4503 10
4504 9
4505 9
4506 9
4507 9
4508 10
4509 10
4510 11
4511 12
4512 11
4513 11
4514 8
4515 8
4516 8
4517 5
4518 3
4519 1
4520 2
4521 4
4522 5
4523 3
4524 5
4525 6
4526 6
4527 8
4528 9
4529 11
4530 11
4531 13
4532 12
4533 14
4534 14
4535 12
4536 11
4537 8
4538 6
4539 3
4540 1
4541 1
4542 0
4543 5
4544 5
4545 5
4546 4
4547 6
4548 8
4549 8
4550 11
4551 11
4552 13
4553 14
4554 15
4555 12
4556 14
4557 16
4558 13
4559 14
4560 15
4561 12
4562 12
4563 13
4564 12
4565 15
4566 12
4567 12
4568 9
4569 8
4570 5
4571 5
4572 3
4573 2
4574 0
4575 1
4576 2
4577 5
4578 6
4579 6
4580 5
4581 4
4582 2
4583 1
4584 1
4585 1
4586 1
4587 1
4588 0
4589 1
4590 1
4591 4
4592 1
4593 5
4594 3
4595 3
4596 3
4597 4
4598 4
4599 6
4600 6
4601 4
4602 5
4603 6
4604 6
4605 9
4606 9
4607 10
4608 8
4609 5
4610 4
4611 3
4612 0
4613 0
4614 0
4615 0
4616 3
4617 1
4618 5
4619 4
4620 2
4621 3
4622 4
4623 4
4624 5
4625 7
4626 8
4627 8
4628 9
4629 10
4630 9
4631 7
4632 7
4633 8
4634 8
4635 6
4636 3
4637 2
4638 3
4639 5
4640 8
4641 8
4642 10
4643 12
4644 15
4645 12
4646 12
4647 11
4648 8
4649 5
4650 3
4651 1
4652 1
4653 3
4654 5
4655 3
4656 2
4657 1
4658 5
4659 3
4660 3
4661 5
4662 5
4663 5
4664 5
4665 5
4666 5
4667 5
4668 6
4669 4
4670 1
4671 4
4672 5
4673 3
4674 4
4675 5
4676 7
4677 7
4678 9
4679 8
4680 8
4681 10
4682 10
4683 9
4684 8
4685 8
4686 5
4687 4
4688 3
4689 3
4690 3
4691 4
4692 3
4693 4
4694 5
4695 3
4696 3
4697 6
4698 9
4699 9
4700 10
4701 12
4702 12
4703 14
4704 13
4705 12
4706 11
4707 9
4708 8
4709 6
4710 4
4711 4
4712 2
4713 1
4714 1
4715 3
4716 2
4717 3
4718 4
4719 4
4720 7
4721 5
4722 8
4723 8
4724 8
4725 9
4726 9
4727 10
4728 11
4729 10
4730 7
4731 8
4732 7
4733 7
4734 6
4735 4
4736 4
4737 3
4738 1
4739 4
4740 4
4741 5
4742 6
4743 5
4744 5
4745 6
4746 6
4747 9
4748 9
4749 10
4750 13
4751 14
4752 15
4753 13
4754 16
4755 14
4756 17
4757 14
4758 16
4759 13
4760 15
4761 12
4762 13
4763 12
4764 10
4765 8
4766 5
4767 2
4768 1
4769 0
4770 1
4771 3
4772 2
4773 3
4774 2
4775 4
4776 5
4777 7
4778 7
4779 6
4780 7
4781 8
4782 7
4783 7
4784 6
4785 6
4786 6
4787 6
4788 6
4789 7
4790 9
4791 10
4792 11
4793 10
4794 9
4795 6
4796 3
4797 1
4798 2
4799 2
4800 2
4801 3
4802 4
4803 6
4804 7
4805 10
4806 10
4807 9
4808 11
4809 13
4810 12
4811 12
4812 11
4813 8
4814 5
4815 2
4816 2
4817 1
4818 1
4819 2
4820 1
4821 5
4822 5
4823 5
4824 4
4825 3
4826 1
4827 0
4828 1
4829 3
4830 2
4831 4
4832 6
4833 6
4834 7
4835 6
4836 7
4837 7
4838 8
4839 8
4840 7
4841 7
4842 7
4843 6
4844 6
4845 6
4846 5
4847 4
4848 2
4849 0
4850 2
4851 1
4852 4
4853 5
4854 5
4855 7
4856 10
4857 12
4858 13
4859 12
4860 9
4861 11
4862 12
4863 11
4864 8
4865 10
4866 8
4867 11
4868 9
4869 8
4870 9
4871 7
4872 4
4873 1
4874 1
4875 1
4876 1
4877 3
4878 3
4879 4
4880 4
4881 6
4882 5
4883 3
4884 5
4885 5
4886 6
4887 9
4888 11
4889 11
4890 12
4891 11
4892 10
4893 9
4894 8
4895 7
4896 8
4897 8
4898 5
4899 3
4900 2
4901 0
4902 1
4903 1
4904 5
4905 6
4906 4
4907 4
4908 6
4909 5
4910 6
4911 5
4912 3
4913 3
4914 4
4915 3
4916 4
4917 4
4918 4
4919 6
4920 8
4921 11
4922 12
4923 11
4924 11
4925 11
4926 10
4927 9
4928 10
4929 9
4930 9
4931 7
4932 5
4933 4
4934 3
4935 1
4936 0
4937 2
4938 3
4939 6
4940 7
4941 5
4942 6
4943 4
4944 3
4945 5
4946 7
4947 10
4948 12
4949 12
4950 11
4951 9
4952 8
4953 9
4954 7
4955 7
4956 5
4957 3
4958 2
4959 4
4960 7
4961 10
4962 11
4963 10
4964 10
4965 10
4966 10
4967 10
4968 10
4969 10
4970 9
4971 9
4972 8
4973 6
4974 5
4975 7
4976 4
4977 1
4978 1
4979 2
4980 4
4981 4
4982 4
4983 5
4984 6
4985 7
4986 9
4987 8
4988 7
4989 7
4990 4
4991 3
4992 2
4993 0
4994 0
4995 0
4996 0
4997 4
4998 6
4999 5
5000 8
5001 9
5002 10
5003 9
5004 11
5005 9
5006 11
5007 10
5008 13
5009 11
5010 11
5011 8
5012 6
5013 6
5014 4
5015 6
5016 5
5017 6
5018 6
5019 5
5020 2
5021 2
5022 2
5023 1
5024 4
5025 3
5026 3
5027 2
5028 3
5029 1
5030 3
5031 4
5032 5
5033 5
5034 6
5035 7
5036 8
5037 9
5038 10
5039 10
5040 11
5041 11
5042 12
5043 12
5044 11
5045 15
5046 12
5047 12
5048 9
5049 8
5050 8
5051 7
5052 6
5053 4
5054 3
5055 2
5056 2
5057 2
5058 3
5059 4
5060 6
5061 9
5062 9
5063 10
5064 9
5065 8
5066 7
5067 5
5068 7
5069 6
5070 4
5071 1
5072 1
5073 2
5074 2
5075 4
5076 6
5077 6
5078 7
5079 8
5080 9
5081 10
5082 9
5083 9
5084 6
5085 4
5086 2
5087 2
5088 3
5089 2
5090 1
5091 1
5092 3
5093 2
5094 3
5095 3
5096 3
5097 2
5098 2
5099 2
5100 4
5101 6
5102 7
5103 8
5104 8
5105 9
5106 9
5107 9
5108 7
5109 7
5110 6
5111 3
5112 4
5113 3
5114 1
5115 3
5116 2
5117 3
5118 4
5119 5
5120 5
5121 2
5122 2
5123 2
5124 1
5125 4
5126 6
5127 7
5128 7
5129 7
5130 7
5131 6
5132 3
5133 0
5134 1
5135 0
5136 0
5137 0
5138 2
5139 3
5140 3
5141 3
5142 5
5143 6
5144 8
5145 10
5146 10
5147 10
5148 11
5149 10
5150 10
5151 8
5152 6
5153 6
5154 5
5155 3
5156 4
5157 2
5158 0
5159 1
5160 3
5161 3
5162 5
5163 9
5164 10
5165 13
5166 13
5167 14
5168 14
5169 15
5170 13
5171 13
5172 13
5173 13
5174 14
5175 12
5176 13
5177 11
5178 8
5179 7
5180 5
5181 2
5182 1
5183 0
5184 0
5185 1
5186 0
5187 5
5188 5
5189 6
5190 10
5191 12
5192 12
5193 11
5194 10
5195 9
5196 9
5197 8
5198 7
5199 4
5200 2
5201 3
5202 2
5203 6
5204 7
5205 7
5206 7
5207 7
5208 6
5209 4
5210 4
5211 4
5212 5
5213 4
5214 4
5215 5
5216 7
5217 6
5218 6
5219 7
5220 5
5221 3
5222 6
5223 3
5224 5
5225 6
5226 7
5227 6
5228 3
5229 1
5230 1
5231 1
5232 3
5233 4
5234 10
5235 11
5236 12
5237 14
5238 16
5239 13
5240 15
5241 12
5242 14
5243 15
5244 13
5245 14
5246 12
5247 9
5248 7
5249 4
5250 2
5251 1
5252 1
5253 1
5254 1
5255 3
5256 6
5257 6
5258 6
5259 5
5260 4
5261 5
5262 6
5263 9
5264 7
5265 6
5266 7
5267 9
5268 12
5269 10
5270 9
5271 8
5272 7
5273 7
5274 6
5275 6
5276 4
5277 1
5278 2
5279 2
5280 3
5281 2
5282 4
5283 6
5284 7
5285 8
5286 9
5287 10
5288 11
5289 8
5290 6
5291 3
5292 2
5293 2
5294 4
5295 2
5296 4
5297 4
5298 5
5299 7
5300 9
5301 10
5302 9
5303 8
5304 7
5305 7
5306 6
5307 4
5308 2
5309 0
5310 3
5311 2
5312 4
5313 5
5314 6
5315 5
5316 6
5317 5
5318 4
5319 3
5320 3
5321 1
5322 3
5323 3
5324 5
5325 8
5326 7
5327 4
5328 4
5329 1
5330 3
5331 2
5332 1
5333 5
5334 6
5335 5
5336 4
5337 3
5338 6
5339 6
5340 10
5341 9
5342 12
5343 13
5344 14
5345 15
5346 12
5347 15
5348 13
5349 16
5350 13
5351 16
5352 13
5353 16
5354 14
5355 17
5356 15
5357 12
5358 12
5359 12
5360 10
5361 7
5362 4
5363 1
5364 0
5365 3
5366 1
5367 2
5368 3
5369 2
5370 2
5371 2
5372 1
5373 1
5374 1
5375 5
5376 6
5377 7
5378 8
5379 7
5380 9
5381 8
5382 6
5383 6
5384 6
5385 8
5386 9
5387 11
5388 12
5389 12
5390 11
5391 10
5392 8
5393 8
5394 7
5395 6
5396 5
5397 3
5398 2
5399 1
5400 4
5401 4
5402 5
5403 5
5404 6
5405 6
5406 7
5407 7
5408 6
5409 7
5410 8
5411 9
5412 9
5413 10
5414 9
5415 8
5416 10
5417 10
5418 12
5419 10
5420 9
5421 7
5422 4
5423 3
5424 1
5425 1
5426 2
5427 1
5428 2
5429 4
5430 3
5431 3
5432 2
5433 1
5434 3
5435 3
5436 4
5437 7
5438 8
5439 7
5440 7
5441 7
5442 7
5443 4
5444 7
5445 6
5446 7
5447 4
5448 3
5449 0
5450 0
5451 5
5452 5
5453 2
5454 2
5455 3
5456 6
5457 9
5458 9
5459 7
5460 7
5461 9
5462 7
5463 5
5464 3
5465 1
5466 0
5467 2
5468 2
5469 4
5470 4
5471 5
5472 4
5473 7
5474 7
5475 9
5476 9
5477 9
5478 10
5479 10
5480 9
5481 9
5482 10
5483 11
5484 11
5485 12
5486 9
5487 9
5488 9
5489 8
5490 12
5491 10
5492 12
5493 13
5494 11
5495 11
5496 9
5497 11
5498 9
5499 6
5500 5
5501 2
5502 2
5503 1
5504 3
5505 3
5506 0
5507 1
5508 4
5509 4
5510 5
5511 8
5512 9
5513 11
5514 12
5515 12
5516 15
5517 12
5518 15
5519 12
5520 10
5521 7
5522 4
5523 1
5524 2
5525 1
5526 0
5527 1
5528 3
5529 2
5530 2
5531 6
5532 8
5533 10
5534 10
5535 11
5536 12
5537 10
5538 8
5539 8
5540 6
5541 5
5542 3
5543 0
5544 2
5545 3
5546 3
5547 4
5548 6
5549 6
5550 8
5551 10
5552 8
5553 8
5554 9
5555 8
5556 6
5557 3
5558 0
5559 1
5560 2
5561 1
5562 4
5563 5
5564 6
5565 7
5566 6
5567 7
5568 8
5569 7
5570 9
5571 8
5572 6
5573 7
5574 6
5575 4
5576 1
5577 1
5578 2
5579 4
5580 2
5581 0
5582 4
5583 3
5584 2
5585 1
5586 5
5587 7
5588 12
5589 11
5590 11
5591 10
5592 12
5593 14
5594 16
5595 13
5596 13
5597 13
5598 14
5599 14
5600 14
5601 13
5602 11
5603 10
5604 8
5605 8
5606 6
5607 4
5608 1
5609 4
5610 3
5611 2
5612 2
5613 2
5614 3
5615 5
5616 4
5617 7
5618 9
5619 8
5620 10
5621 10
5622 9
5623 7
5624 5
5625 2
5626 1
5627 0
5628 0
5629 1
5630 5
5631 5
5632 6
5633 6
5634 8
5635 8
5636 10
5637 9
5638 10
5639 10
5640 10
5641 11
5642 9
5643 7
5644 4
5645 2
5646 2
5647 1
5648 0
5649 4
5650 4
5651 4
5652 5
5653 4
5654 4
5655 2
5656 3
5657 3
5658 5
5659 5
5660 5
5661 5
5662 6
5663 5
5664 3
5665 1
5666 2
5667 6
5668 7
5669 9
5670 10
5671 11
5672 12
5673 13
5674 12
5675 12
5676 13
5677 13
5678 12
5679 11
5680 12
5681 10
5682 8
5683 5
5684 3
5685 0
5686 2
5687 1
5688 3
5689 5
5690 6
5691 6
5692 6
5693 7
5694 9
5695 11
5696 12
5697 12
5698 14
5699 11
5700 13
5701 12
5702 12
5703 12
5704 10
5705 9
5706 7
5707 6
5708 5
5709 3
5710 1
5711 1
5712 0
5713 4
5714 5
5715 4
5716 2
5717 3
5718 5
5719 4
5720 1
5721 1
5722 1
5723 0
5724 4
5725 4
5726 5
5727 8
5728 8
5729 10
5730 9
5731 9
5732 8
5733 9
5734 10
5735 10
5736 7
5737 7
5738 6
5739 4
5740 6
5741 5
5742 5
5743 4
5744 7
5745 10
5746 10
5747 12
5748 12
5749 11
5750 11
5751 9
5752 8
5753 7
5754 6
5755 4
5756 1
5757 2
5758 5
5759 5
5760 10
5761 11
5762 9
5763 9
5764 6
5765 3
5766 1
5767 0
5768 3
5769 2
5770 2
5771 2
5772 4
5773 5
5774 6
5775 6
5776 6
5777 8
5778 5
5779 4
5780 3
5781 1
5782 2
5783 3
5784 4
5785 5
5786 5
5787 6
5788 6
5789 7
5790 5
5791 6
5792 6
5793 4
5794 3
5795 2
5796 3
5797 4
5798 1
5799 0
5800 2
5801 3
5802 3
5803 3
5804 3
5805 3
5806 2
5807 2
5808 2
5809 2
5810 2
5811 2
5812 1
5813 0
5814 1
5815 0
5816 2
5817 4
5818 5
5819 6
5820 7
5821 7
5822 5
5823 6
5824 5
5825 4
5826 6
5827 5
5828 6
5829 3
5830 4
5831 4
5832 3
5833 6
5834 7
5835 8
5836 8
5837 9
5838 10
5839 12
5840 10
5841 8
5842 7
5843 8
5844 7
5845 7
5846 7
5847 6
5848 5
5849 6
5850 5
5851 5
5852 6
5853 5
5854 6
5855 3
5856 3
5857 3
5858 3
5859 1
5860 2
5861 4
5862 5
5863 8
5864 5
5865 4
5866 5
5867 3
5868 2
5869 3
5870 2
5871 1
5872 3
5873 5
5874 7
5875 6
5876 5
5877 3
5878 4
5879 5
5880 5
5881 4
5882 4
5883 7
5884 9
5885 8
5886 7
5887 5
5888 3
5889 0
5890 2
5891 1
5892 2
5893 5
5894 2
5895 3
5896 1
5897 1
5898 1
5899 3
5900 4
5901 3
5902 3
5903 2
5904 4
5905 7
5906 9
5907 10
5908 10
5909 13
5910 14
5911 14
5912 13
5913 14
5914 15
5915 12
5916 12
5917 12
5918 10
5919 8
5920 7
5921 7
5922 4
5923 1
5924 1
5925 0
5926 1
5927 3
5928 3
5929 2
5930 5
5931 6
5932 7
5933 7
5934 10
5935 11
5936 13
5937 15
5938 13
5939 15
5940 12
5941 14
5942 15
5943 12
5944 13
5945 12
5946 10
5947 8
5948 5
5949 3
5950 0
5951 5
5952 7
5953 5
5954 4
5955 4
5956 1
5957 0
5958 2
5959 2
5960 0
5961 1
5962 2
5963 2
5964 1
5965 1
5966 1
5967 0
5968 3
5969 4
5970 4
5971 3
5972 5
5973 6
5974 7
5975 8
5976 8
5977 8
5978 8
5979 9
5980 10
5981 8
5982 9
5983 8
5984 7
5985 5
5986 5
5987 7
5988 9
5989 8
5990 9
5991 8
5992 7
5993 7
5994 5
5995 3
5996 0
5997 1
5998 1
5999 4
6000 5
6001 4
6002 2
6003 2
6004 0
6005 0
6006 1
6007 2
6008 1
6009 2
6010 5
6011 4
6012 4
6013 3
6014 4
6015 5
6016 8
6017 10
6018 11
6019 13
6020 13
6021 12
6022 13
6023 13
6024 12
6025 12
6026 11
6027 8
6028 8
6029 8
6030 8
6031 5
6032 4
6033 2
6034 5
6035 5
6036 4
6037 5
6038 6
6039 7
6040 8
6041 9
6042 9
6043 10
6044 8
6045 8
6046 9
6047 7
6048 5
6049 3
6050 3
6051 2
6052 3
6053 4
6054 5
6055 5
6056 4
6057 5
6058 5
6059 5
6060 6
6061 4
6062 2
6063 0
6064 0
6065 5
6066 3
6067 3
6068 3
6069 1
6070 4
6071 5
6072 6
6073 6
6074 4
6075 3
6076 5
6077 4
6078 3
6079 4
6080 5
6081 5
6082 6
6083 8
6084 10
6085 7
6086 6
6087 5
6088 4
6089 2
6090 1
6091 3
6092 4
6093 2
6094 4
6095 4
6096 3
6097 4
6098 3
6099 3
6100 1
6101 0
6102 2
6103 6
6104 5
6105 8
6106 9
6107 8
6108 6
6109 5
6110 3
6111 0
6112 2
6113 0
6114 3
6115 1
6116 0
6117 4
6118 3
6119 1
6120 1
6121 2
6122 6
6123 8
6124 10
6125 12
6126 12
6127 9
6128 7
6129 5
6130 2
6131 1
6132 1
6133 2
6134 2
6135 4
6136 6
6137 5
6138 5
6139 8
6140 7
6141 9
6142 10
6143 12
6144 11
6145 11
6146 12
6147 11
6148 10
6149 10
6150 8
6151 8
6152 6
6153 5
6154 4
6155 2
6156 1
6157 1
6158 6
6159 9
6160 9
6161 9
6162 11
6163 11
6164 9
6165 7
6166 5
6167 2
6168 2
6169 1
6170 3
6171 0
6172 3
6173 2
6174 3
6175 3
6176 4
6177 2
6178 4
6179 6
6180 6
6181 9
6182 12
6183 12
6184 12
6185 10
6186 9
6187 8
6188 6
6189 3
6190 1
6191 4
6192 1
6193 3
6194 1
6195 3
6196 4
6197 7
6198 7
6199 9
6200 9
6201 8
6202 10
6203 7
6204 7
6205 6
6206 3
6207 1
6208 4
6209 6
6210 6
6211 6
6212 5
6213 5
6214 5
6215 5
6216 4
6217 3
6218 0
6219 2
6220 3
6221 3
6222 4
6223 4
6224 7
6225 10
6226 12
6227 13
6228 13
6229 13
6230 12
6231 10
6232 8
6233 5
6234 2
6235 0
6236 2
6237 3
6238 2
6239 2
6240 1
6241 3
6242 1
6243 2
6244 1
6245 4
6246 6
6247 8
6248 10
6249 11
6250 10
6251 9
6252 9
6253 10
6254 7
6255 6
6256 4
6257 1
6258 2
6259 2
6260 5
6261 6
6262 7
6263 7
6264 7
6265 9
6266 10
6267 11
6268 12
6269 11
6270 12
6271 9
6272 9
6273 8
6274 7
6275 5
6276 5
6277 4
6278 5
6279 7
6280 6
6281 5
6282 6
6283 5
6284 7
6285 7
6286 6
6287 5
6288 7
6289 7
6290 5
6291 5
6292 4
6293 2
6294 1
6295 1
6296 1
6297 0
6298 2
6299 2
6300 2
6301 5
6302 7
6303 7
6304 10
6305 11
6306 11
6307 9
6308 8
6309 6
6310 4
6311 1
6312 2
6313 5
6314 7
6315 9
6316 10
6317 13
6318 14
6319 15
6320 12
6321 10
6322 9
6323 7
6324 6
6325 4
6326 4
6327 3
6328 4
6329 5
6330 8
6331 8
6332 10
6333 11
6334 11
6335 9
6336 7
6337 4
6338 2
6339 1
6340 1
6341 3
6342 1
6343 4
6344 2
6345 0
6346 0
6347 2
6348 3
6349 3
6350 6
6351 7
6352 7
6353 7
6354 7
6355 9
6356 9
6357 9
6358 10
6359 10
6360 11
6361 8
6362 5
6363 3
6364 0
6365 2
6366 2
6367 1
6368 2
6369 3
6370 3
6371 6
6372 8
6373 9
6374 10
6375 12
6376 10
6377 11
6378 11
6379 11
6380 9
6381 7
6382 5
6383 3
6384 1
6385 1
6386 1
6387 0
6388 2
6389 2
6390 2
6391 1
6392 4
6393 3
6394 1
6395 4
6396 7
6397 8
6398 12
6399 12
6400 11
6401 10
6402 8
6403 7
6404 5
6405 5
6406 3
6407 1
6408 2
6409 2
6410 2
6411 1
6412 2
6413 4
6414 6
6415 6
6416 6
6417 4
6418 3
6419 5
6420 4
6421 3
6422 2
6423 4
6424 4
6425 4
6426 5
6427 7
6428 6
6429 5
6430 5
6431 4
6432 4
6433 3
6434 0
6435 4
6436 1
6437 2
6438 4
6439 2
6440 0
6441 3
6442 3
6443 5
6444 4
6445 5
6446 7
6447 8
6448 7
6449 8
6450 9
6451 9
6452 11
6453 11
6454 12
6455 12
6456 11
6457 12
6458 14
6459 12
6460 13
6461 12
6462 10
6463 7
6464 7
6465 5
6466 3
6467 0
6468 2
6469 4
6470 4
6471 4
6472 3
6473 0
6474 4
6475 4
6476 4
6477 5
6478 5
6479 3
6480 2
6481 2
6482 2
6483 2
6484 3
6485 1
6486 2
6487 2
6488 1
6489 2
6490 3
6491 3
6492 3
6493 4
6494 3
6495 1
6496 4
6497 6
6498 5
6499 5
6500 3
6501 2
6502 1
6503 2
6504 1
6505 1
6506 2
6507 2
6508 3
6509 5
6510 8
6511 8
6512 7
6513 8
6514 8
6515 7
6516 7
6517 8
6518 5
6519 5
6520 5
6521 5
6522 3
6523 2
6524 2
6525 3
6526 4
6527 3
6528 1
6529 3
6530 0
6531 0
6532 4
6533 4
6534 6
6535 9
6536 9
6537 8
6538 9
6539 9
6540 10
6541 10
6542 10
6543 7
6544 5
6545 2
6546 1
6547 1
6548 2
6549 2
6550 2
6551 3
6552 3
6553 6
6554 8
6555 10
6556 12
6557 15
6558 12
6559 15
6560 12
6561 15
6562 13
6563 16
6564 14
6565 15
6566 12
6567 12
6568 13
6569 13
6570 12
6571 10
6572 7
6573 4
6574 3
6575 2
6576 2
6577 1
6578 3
6579 5
6580 4
6581 4
6582 2
6583 2
6584 3
6585 4
6586 4
6587 3
6588 5
6589 4
6590 6
6591 5
6592 3
6593 5
6594 5
6595 4
6596 3
6597 0
6598 2
6599 5
6600 6
6601 9
6602 10
6603 11
6604 12
6605 13
6606 14
6607 11
6608 11
6609 12
6610 13
6611 12
6612 13
6613 14
6614 13
6615 12
6616 10
6617 8
6618 9
6619 6
6620 4
6621 3
6622 0
6623 1
6624 0
6625 4
6626 2
6627 1
6628 3
6629 3
6630 2
6631 5
6632 6
6633 9
6634 10
6635 12
6636 13
6637 13
6638 13
6639 12
6640 12
6641 12
6642 12
6643 9
6644 8
6645 7
6646 4
6647 3
6648 1
6649 1
6650 1
6651 0
6652 2
6653 4
6654 1
6655 2
6656 5
6657 7
6658 7
6659 7
6660 9
6661 9
6662 9
6663 7
6664 5
6665 4
6666 2
6667 0
6668 0
6669 1
6670 3
6671 4
6672 5
6673 5
6674 5
6675 5
6676 7
6677 6
6678 7
6679 9
6680 9
6681 8
6682 6
6683 3
6684 1
6685 0
6686 3
6687 4
6688 5
6689 7
6690 7
6691 6
6692 6
6693 5
6694 3
6695 0
6696 2
6697 1
6698 2
6699 5
6700 6
6701 8
6702 9
6703 9
6704 9
6705 10
6706 11
6707 10
6708 9
6709 10
6710 8
6711 5
6712 2
6713 1
6714 0
6715 0
6716 1
6717 2
6718 4
6719 3
6720 2
6721 5
6722 4
6723 5
6724 6
6725 8
6726 8
6727 9
6728 12
6729 9
6730 6
6731 9
6732 8
6733 9
6734 9
6735 7
6736 4
6737 2
6738 2
6739 0
6740 2
6741 3
6742 5
6743 7
6744 9
6745 11
6746 12
6747 13
6748 15
6749 12
6750 14
6751 12
6752 10
6753 8
6754 5
6755 3
6756 0
6757 3
6758 2
6759 1
6760 2
6761 2
6762 1
6763 5
6764 4
6765 5
6766 5
6767 5
6768 5
6769 3
6770 1
6771 1
6772 2
6773 2
6774 0
6775 2
6776 1
6777 3
6778 4
6779 3
6780 4
6781 7
6782 8
6783 7
6784 8
6785 9
6786 6
6787 6
6788 7
6789 6
6790 5
6791 3
6792 3
6793 1
6794 2
6795 3
6796 4
6797 5
6798 4
6799 5
6800 7
6801 7
6802 5
6803 7
6804 5
6805 5
6806 7
6807 4
6808 3
6809 3
6810 4
6811 3
6812 3
6813 2
6814 4
6815 7
6816 8
6817 9
6818 10
6819 10
6820 8
6821 6
6822 5
6823 2
6824 2
6825 4
6826 6
6827 4
6828 5
6829 5
6830 4
6831 4
6832 4
6833 4
6834 2
6835 4
6836 6
6837 6
6838 5
6839 5
6840 6
6841 5
6842 2
6843 3
6844 3
6845 4
6846 2
6847 4
6848 5
6849 7
6850 9
6851 9
6852 9
6853 9
6854 8
6855 7
6856 5
6857 4
6858 2
6859 3
6860 2
6861 4
6862 4
6863 5
6864 6
6865 6
6866 5
6867 5
6868 5
6869 5
6870 7
6871 8
6872 8
6873 8
6874 6
6875 5
6876 3
6877 4
6878 3
6879 2
6880 1
6881 4
6882 5
6883 7
6884 9
6885 9
6886 10
6887 9
6888 12
6889 12
6890 10
6891 10
6892 8
6893 8
6894 6
6895 4
6896 4
6897 3
6898 0
6899 1
6900 2
6901 3
6902 4
6903 3
6904 3
6905 4
6906 6
6907 6
6908 7
6909 7
6910 5
6911 3
6912 1
6913 2
6914 2
6915 0
6916 3
6917 1
6918 1
6919 4
6920 2
6921 5
6922 6
6923 5
6924 4
6925 5
6926 3
6927 3
6928 1
6929 2
6930 2
6931 2
6932 3
6933 2
6934 1
6935 3
6936 4
6937 6
6938 7
6939 8
6940 7
6941 7
6942 9
6943 9
6944 9
6945 8
6946 9
6947 10
6948 12
6949 12
6950 11
6951 10
6952 10
6953 7
6954 5
6955 3
6956 0
6957 2
6958 1
6959 3
6960 3
6961 5
6962 5
6963 2
6964 3
6965 3
6966 5
6967 4
6968 4
6969 6
6970 4
6971 3
6972 0
6973 2
6974 3
6975 4
6976 4
6977 5
6978 7
6979 10
6980 7
6981 6
6982 6
6983 5
6984 3
6985 1
6986 1
6987 4
6988 2
6989 3
6990 0
6991 4
6992 7
6993 7
6994 6
6995 7
6996 7
6997 6
6998 7
6999 6
7000 6
7001 6
7002 4
7003 1
7004 1
7005 1
7006 2
7007 0
7008 3
7009 3
7010 3
7011 4
7012 6
7013 6
7014 6
7015 9
7016 8
7017 9
7018 10
7019 12
7020 11
7021 12
7022 12
7023 11
7024 8
7025 5
7026 3
7027 0
7028 3
7029 0
7030 1
7031 2
7032 1
7033 2
7034 2
7035 5
7036 7
7037 9
7038 11
7039 11
7040 10
7041 9
7042 8
7043 7
7044 5
7045 5
7046 3
7047 2
7048 4
7049 4
7050 3
7051 4
7052 3
7053 3
7054 1
7055 0
7056 1
7057 3
7058 4
7059 5
7060 3
7061 2
7062 2
7063 4
7064 2
7065 3
7066 3
7067 1
7068 2
7069 1
7070 4
7071 4
7072 4
7073 5
7074 3
7075 3
7076 1
7077 2
7078 1
7079 2
7080 1
7081 3
7082 3
7083 4
7084 3
7085 3
7086 1
7087 3
7088 1
7089 2
7090 2
7091 2
7092 3
7093 4
7094 4
7095 3
7096 5
7097 8
7098 10
7099 10
7100 8
7101 9
7102 9
7103 8
7104 8
7105 7
7106 5
7107 2
7108 2
7109 0
7110 3
7111 2
7112 0
7113 1
7114 2
7115 2
7116 4
7117 3
7118 1
7119 2
7120 3
7121 4
7122 2
7123 2
7124 1
7125 5
7126 4
7127 4
7128 4
7129 3
7130 3
7131 3
7132 4
7133 3
7134 2
7135 1
7136 1
7137 3
7138 5
7139 8
7140 7
7141 7
7142 8
7143 8
7144 8
7145 9
7146 8
7147 7
7148 4
7149 4
7150 3
7151 2
7152 0
7153 2
7154 0
7155 0
7156 2
7157 1
7158 2
7159 2
7160 4
7161 5
7162 3
7163 4
7164 6
7165 7
7166 7
7167 5
7168 7
7169 6
7170 6
7171 4
7172 5
7173 4
7174 3
7175 1
7176 2
7177 4
7178 4
7179 6
7180 7
7181 10
7182 12
7183 13
7184 14
7185 16
7186 13
7187 15
7188 13
7189 13
7190 11
7191 9
7192 6
7193 4
7194 3
7195 2
7196 4
7197 5
7198 5
7199 6
7200 3
7201 3
7202 4
7203 5
7204 7
7205 10
7206 10
7207 9
7208 7
7209 4
7210 3
7211 1
7212 0
7213 2
7214 1
7215 3
7216 4
7217 5
7218 5
7219 5
7220 4
7221 6
7222 4
7223 4
7224 2
7225 3
7226 2
7227 2
7228 2
7229 4
7230 2
7231 6
7232 7
7233 6
7234 7
7235 8
7236 6
7237 3
7238 1
7239 2
7240 3
7241 1
7242 1
7243 3
7244 4
7245 3
7246 2
7247 4
7248 4
7249 7
7250 7
7251 7
7252 7
7253 6
7254 6
7255 7
7256 7
7257 8
7258 8
7259 9
7260 8
7261 7
7262 7
7263 5
7264 7
7265 9
7266 7
7267 8
7268 6
7269 4
7270 1
7271 1
7272 0
7273 3
7274 3
7275 3
7276 4
7277 3
7278 3
7279 3
7280 1
7281 2
7282 3
7283 5
7284 7
7285 7
7286 6
7287 8
7288 9
7289 9
7290 9
7291 10
7292 10
7293 11
7294 12
7295 11
7296 12
7297 11
7298 11
7299 12
7300 11
7301 11
7302 10
7303 9
7304 7
7305 6
7306 5
7307 3
7308 0
7309 1
7310 3
7311 1
7312 3
7313 4
7314 3
7315 2
7316 2
7317 2
7318 1
7319 4
7320 6
7321 6
7322 6
7323 8
7324 11
7325 12
7326 12
7327 12
7328 13
7329 15
7330 12
7331 14
7332 15
7333 12
7334 15
7335 12
7336 15
7337 12
7338 13
7339 13
7340 10
7341 8
7342 6
7343 7
7344 7
7345 7
7346 5
7347 2
7348 5
7349 6
7350 5
7351 6
7352 7
7353 7
7354 7
7355 11
7356 12
7357 12
7358 9
7359 8
7360 8
7361 5
7362 2
7363 2
7364 3
7365 3
7366 0
7367 3
7368 2
7369 2
7370 6
7371 8
7372 9
7373 9
7374 9
7375 8
7376 7
7377 8
7378 8
7379 7
7380 7
7381 4
7382 3
7383 2
7384 2
7385 1
7386 0
7387 1
7388 3
7389 0
7390 4
7391 6
7392 7
7393 10
7394 10
7395 10
7396 8
7397 6
7398 4
7399 2
7400 0
7401 1
7402 3
7403 4
7404 7
7405 5
7406 4
7407 4
7408 2
7409 2
7410 2
7411 1
7412 4
7413 3
7414 5
7415 4
7416 4
7417 5
7418 8
7419 10
7420 8
7421 6
7422 6
7423 6
7424 7
7425 4
7426 2
7427 0
7428 2
7429 2
7430 1
7431 1
7432 3
7433 2
7434 5
7435 5
7436 7
7437 9
7438 9
7439 9
7440 9
7441 9
7442 9
7443 11
7444 9
7445 9
7446 11
7447 12
7448 12
7449 11
7450 9
7451 8
7452 7
7453 4
7454 2
7455 2
7456 3
7457 1
7458 2
7459 5
7460 2
7461 7
7462 8
7463 9
7464 9
7465 10
7466 10
7467 11
7468 11
7469 11
7470 8
7471 7
7472 4
7473 1
7474 3
7475 3
7476 6
7477 5
7478 4
7479 4
7480 5
7481 6
7482 8
7483 9
7484 10
7485 11
7486 10
7487 10
7488 8
7489 5
7490 2
7491 2
7492 0
7493 1
7494 3
7495 3
7496 1
7497 4
7498 3
7499 0
7500 1
7501 2
7502 3
7503 2
7504 4
7505 4
7506 3
7507 4
7508 4
7509 4
7510 8
7511 8
7512 11
7513 12
7514 14
7515 15
7516 12
7517 14
7518 14
7519 14
7520 13
7521 13
7522 13
7523 12
7524 11
7525 9
7526 6
7527 3
7528 3
7529 2
7530 3
7531 5
7532 4
7533 4
7534 4
7535 4
7536 3
7537 0
7538 5
7539 7
7540 10
7541 10
7542 10
7543 12
7544 14
7545 14
7546 13
7547 13
7548 11
7549 9
7550 8
7551 8
7552 6
7553 4
7554 3
7555 3
7556 2
7557 1
7558 3
7559 2
7560 3
7561 4
7562 5
7563 7
7564 8
7565 9
7566 8
7567 5
7568 5
7569 4
7570 1
7571 2
7572 4
7573 1
7574 3
7575 4
7576 6
7577 9
7578 10
7579 11
7580 15
7581 12
7582 13
7583 15
7584 12
7585 14
7586 14
7587 15
7588 13
7589 16
7590 15
7591 13
7592 14
7593 13
7594 11
7595 11
7596 8
7597 9
7598 8
7599 5
7600 4
7601 4
7602 5
7603 4
7604 5
7605 7
7606 8
7607 10
7608 12
7609 14
7610 14
7611 15
7612 12
7613 13
7614 14
7615 15
7616 12
7617 13
7618 11
7619 9
7620 6
7621 3
7622 1
7623 1
7624 1
7625 0
7626 4
7627 3
7628 3
7629 1
7630 0
7631 3
7632 1
7633 1
7634 1
7635 2
7636 3
7637 1
7638 3
7639 5
7640 7
7641 8
7642 5
7643 4
7644 3
7645 3
7646 3
7647 3
7648 3
7649 1
7650 1
7651 4
7652 2
7653 5
7654 6
7655 7
7656 7
7657 8
7658 10
7659 11
7660 13
7661 13
7662 13
7663 13
7664 14
7665 14
7666 12
7667 9
7668 8
7669 7
7670 6
7671 3
7672 1
7673 3
7674 1
7675 2
7676 3
7677 2
7678 3
7679 3
7680 1
7681 4
7682 3
7683 3
7684 1
7685 6
7686 6
7687 8
7688 11
7689 10
7690 9
7691 8
7692 5
7693 4
7694 2
7695 3
7696 1
7697 0
7698 0
7699 2
7700 4
7701 2
7702 4
7703 6
7704 6
7705 7
7706 7
7707 7
7708 6
7709 4
7710 2
7711 2
7712 5
7713 4
7714 4
7715 4
7716 5
7717 6
7718 6
7719 5
7720 5
7721 3
7722 5
7723 6
7724 7
7725 9
7726 9
7727 8
7728 8
7729 8
7730 7
7731 6
7732 4
7733 4
7734 4
7735 1
7736 5
7737 5
7738 5
7739 5
7740 6
7741 8
7742 7
7743 4
7744 1
7745 3
7746 1
7747 2
7748 6
7749 6
7750 7
7751 6
7752 9
7753 9
7754 10
7755 11
7756 14
7757 14
7758 12
7759 12
7760 10
7761 7
7762 7
7763 6
7764 3
7765 3
7766 2
7767 0
7768 1
7769 6
7770 7
7771 9
7772 9
7773 11
7774 13
7775 10
7776 11
7777 10
7778 12
7779 12
7780 13
7781 11
7782 9
7783 7
7784 5
7785 2
7786 1
7787 2
7788 0
7789 2
7790 6
7791 9
7792 10
7793 12
7794 13
7795 15
7796 12
7797 13
7798 14
7799 12
7800 13
7801 12
7802 11
7803 11
7804 11
7805 11
7806 9
7807 9
7808 9
7809 8
7810 7
7811 7
7812 7
7813 5
7814 5
7815 2
7816 2
7817 2
7818 0
7819 2
7820 3
7821 4
7822 4
7823 7
7824 7
7825 7
7826 6
7827 6
7828 4
7829 3
7830 5
7831 5
7832 3
7833 0
7834 1
7835 3
7836 1
7837 2
7838 5
7839 4
7840 6
7841 8
7842 12
7843 12
7844 12
7845 14
7846 13
7847 15
7848 13
7849 15
7850 12
7851 15
7852 12
7853 14
7854 16
7855 13
7856 16
7857 13
7858 16
7859 13
7860 10
7861 7
7862 6
7863 4
7864 2
7865 0
7866 2
7867 0
7868 3
7869 1
7870 2
7871 1
7872 1
7873 0
7874 2
7875 5
7876 4
7877 5
7878 7
7879 10
7880 9
7881 8
7882 8
7883 8
7884 10
7885 8
7886 9
7887 9
7888 8
7889 9
7890 7
7891 7
7892 7
7893 5
7894 3
7895 1
7896 0
7897 3
7898 2
7899 4
7900 3
7901 1
7902 6
7903 9
7904 10
7905 8
7906 7
7907 6
7908 5
7909 5
7910 4
7911 3
7912 1
7913 5
7914 6
7915 4
7916 1
7917 3
7918 2
7919 3
7920 4
7921 4
7922 2
7923 1
7924 4
7925 5
7926 5
7927 5
7928 6
7929 6
7930 5
7931 4
7932 5
7933 5
7934 4
7935 3
7936 3
7937 2
7938 5
7939 7
7940 8
7941 8
7942 7
7943 6
7944 4
7945 3
7946 2
7947 2
7948 2
7949 4
7950 4
7951 1
7952 3
7953 1
7954 3
7955 3
7956 1
7957 5
7958 6
7959 6
7960 7
7961 7
7962 6
7963 5
7964 3
7965 2
7966 1
7967 2
7968 1
7969 4
7970 3
7971 2
7972 2
7973 2
7974 5
7975 4
7976 2
7977 3
7978 1
7979 3
7980 2
7981 2
7982 3
7983 6
7984 7
7985 7
7986 11
7987 13
7988 13
7989 12
7990 13
7991 14
7992 11
7993 11
7994 10
7995 9
7996 7
7997 5
7998 2
7999 0
8000 2
8001 2
8002 4
8003 5
8004 8
8005 10
8006 9
8007 10
8008 11
8009 12
8010 12
8011 10
8012 9
8013 7
8014 7
8015 5
8016 3
8017 1
8018 3
8019 4
8020 6
8021 5
8022 6
8023 7
8024 9
8025 10
8026 14
8027 14
8028 13
8029 14
8030 15
8031 12
8032 13
8033 12
8034 11
8035 9
8036 8
8037 7
8038 5
8039 2
8040 1
8041 0
8042 2
8043 1
8044 5
8045 6
8046 5
8047 5
8048 4
8049 4
8050 4
8051 4
8052 4
8053 4
8054 3
8055 1
8056 2
8057 4
8058 5
8059 4
8060 2
8061 3
8062 3
8063 5
8064 4
8065 2
8066 4
8067 1
8068 1
8069 1
8070 2
8071 1
8072 2
8073 4
8074 2
8075 0
8076 0
8077 3
8078 3
8079 1
8080 3
8081 4
8082 4
8083 2
8084 0
8085 3
8086 5
8087 6
8088 7
8089 8
8090 9
8091 10
8092 9
8093 8
8094 6
8095 6
8096 4
8097 4
8098 2
8099 3
8100 4
8101 4
8102 3
8103 6
8104 9
8105 11
8106 11
8107 10
8108 8
8109 9
8110 8
8111 9
8112 11
8113 11
8114 9
8115 7
8116 4
8117 2
8118 2
8119 0
8120 2
8121 5
8122 6
8123 7
8124 9
8125 10
8126 8
8127 5
8128 4
8129 1
8130 4
8131 2
8132 2
8133 5
8134 8
8135 9
8136 7
8137 7
8138 5
8139 3
8140 2
8141 2
8142 0
8143 2
8144 0
8145 3
8146 4
8147 6
8148 8
8149 7
8150 8
8151 5
8152 2
8153 2
8154 1
8155 2
8156 4
8157 4
8158 3
8159 3
8160 3
8161 5
8162 7
8163 6
8164 6
8165 4
8166 4
8167 2
8168 4
8169 6
8170 6
8171 6
8172 5
8173 4
8174 4
8175 5
8176 6
8177 4
8178 2
8179 2
8180 1
8181 0
8182 3
8183 3
8184 2
8185 1
8186 1
8187 4
8188 5
8189 4
8190 6
8191 6
8192 9
8193 8
8194 6
8195 6
8196 6
8197 6
8198 8
8199 7
8200 6
8201 5
8202 4
8203 7
8204 9
8205 10
8206 9
8207 8
8208 6
8209 4
8210 1
8211 1
8212 4
8213 3
8214 1
8215 4
8216 6
8217 5
8218 5
8219 4
8220 1
8221 2
8222 6
8223 8
8224 9
8225 12
8226 12
8227 13
8228 12
8229 10
8230 9
8231 6
8232 8
8233 7
8234 6
8235 6
8236 5
8237 6
8238 5
8239 5
8240 6
8241 3
8242 1
8243 1
8244 3
8245 1
8246 3
8247 4
8248 6
8249 5
8250 6
8251 6
8252 8
8253 10
8254 10
8255 10
8256 10
8257 12
8258 12
8259 11
8260 10
8261 10
8262 10
8263 9
8264 8
8265 7
8266 6
8267 3
8268 4
8269 3
8270 2
8271 5
8272 6
8273 5
8274 5
8275 5
8276 7
8277 8
8278 9
8279 9
8280 9
8281 9
8282 8
8283 7
8284 7
8285 5
8286 3
8287 4
8288 3
8289 2
8290 0
8291 1
8292 2
8293 2
8294 4
8295 2
8296 5
8297 6
8298 5
8299 4
8300 3
8301 3
8302 2
8303 1
8304 3
8305 3
8306 2
8307 4
8308 6
8309 8
8310 11
8311 11
8312 11
8313 11
8314 14
8315 13
8316 13
8317 13
8318 12
8319 13
8320 11
8321 11
8322 11
8323 9
8324 6
8325 4
8326 2
8327 4
8328 2
8329 2
8330 2
8331 2
8332 3
8333 3
8334 0
8335 3
8336 5
8337 9
8338 8
8339 7
8340 5
8341 3
8342 3
8343 1
8344 2
8345 2
8346 4
8347 2
8348 4
8349 3
8350 3
8351 4
8352 4
8353 3
8354 2
8355 2
8356 1
8357 0
8358 1
8359 2
8360 3
8361 3
8362 3
8363 4
8364 5
8365 4
8366 5
8367 7
8368 8
8369 8
8370 8
8371 6
8372 5
8373 6
8374 4
8375 3
8376 1
8377 4
8378 4
8379 4
8380 7
8381 7
8382 6
8383 3
8384 3
8385 2
8386 2
8387 2
8388 1
8389 2
8390 3
8391 6
8392 8
8393 7
8394 9
8395 8
8396 8
8397 7
8398 9
8399 9
8400 9
8401 9
8402 9
8403 11
8404 9
8405 7
8406 4
8407 2
8408 2
8409 1
8410 0
8411 5
8412 7
8413 6
8414 6
8415 5
8416 6
8417 5
8418 5
8419 5
8420 5
8421 3
8422 4
8423 4
8424 2
8425 3
8426 3
8427 0
8428 3
8429 4
8430 5
8431 6
8432 8
8433 7
8434 6
8435 7
8436 6
8437 4
8438 5
8439 3
8440 3
8441 5
8442 4
8443 3
8444 4
8445 5
8446 3
8447 3
8448 3
8449 2
8450 0
8451 6
8452 6
8453 8
8454 10
8455 9
8456 7
8457 7
8458 7
8459 6
8460 7
8461 8
8462 11
8463 9
8464 6
8465 5
8466 3
8467 2
8468 1
8469 0
8470 0
8471 2
8472 5
8473 7
8474 7
8475 8
8476 8
8477 7
8478 4
8479 1
8480 2
8481 0
8482 1
8483 2
8484 5
8485 4
8486 4
8487 3
8488 0
8489 3
8490 5
8491 6
8492 6
8493 8
8494 8
8495 7
8496 8
8497 9
8498 8
8499 7
8500 7
8501 6
8502 5
8503 2
8504 1
8505 0
8506 2
8507 5
8508 4
8509 7
8510 9
8511 11
8512 11
8513 11
8514 10
8515 7
8516 4
8517 2
8518 1
8519 2
8520 1
8521 4
8522 3
8523 3
8524 5
8525 3
8526 2
8527 1
8528 2
8529 2
8530 3
8531 1
8532 1
8533 1
8534 1
8535 2
8536 2
8537 5
8538 4
8539 7
8540 9
8541 9
8542 9
8543 10
8544 10
8545 9
8546 9
8547 8
8548 7
8549 5
8550 3
8551 2
8552 4
8553 5
8554 7
8555 7
8556 7
8557 7
8558 7
8559 8
8560 9
8561 8
8562 7
8563 5
8564 4
8565 3
8566 1
8567 1
8568 0
8569 0
8570 3
8571 3
8572 5
8573 5
8574 6
8575 5
8576 5
8577 4
8578 5
8579 6
8580 5
8581 4
8582 3
8583 2
8584 3
8585 1
8586 4
8587 3
8588 4
8589 2
8590 1
8591 4
8592 2
8593 1
8594 3
8595 3
8596 2
8597 2
8598 1
8599 4
8600 3
8601 5
8602 5
8603 4
8604 2
8605 3
8606 1
8607 3
8608 0
8609 2
8610 3
8611 3
8612 1
8613 5
8614 5
8615 5
8616 5
8617 6
8618 6
8619 8
8620 6
8621 6
8622 7
8623 7
8624 5
8625 6
8626 3
8627 3
8628 1
8629 1
8630 3
8631 4
8632 1
8633 2
8634 0
8635 3
8636 2
8637 2
8638 4
8639 2
8640 3
8641 4
8642 3
8643 4
8644 5
8645 4
8646 4
8647 4
8648 4
8649 3
8650 2
8651 2
8652 2
8653 6
8654 6
8655 6
8656 5
8657 5
8658 5
8659 8
8660 8
8661 7
8662 6
8663 4
8664 3
8665 2
8666 1
8667 2
8668 2
8669 3
8670 6
8671 8
8672 10
8673 11
8674 9
8675 10
8676 10
8677 11
8678 10
8679 10
8680 9
8681 8
8682 6
8683 3
8684 1
8685 4
8686 3
8687 3
8688 3
8689 4
8690 7
8691 7
8692 9
8693 11
8694 12
8695 11
8696 10
8697 11
8698 11
8699 11
8700 9
8701 8
8702 7
8703 6
8704 7
8705 7
8706 8
8707 7
8708 4
8709 1
8710 2
8711 5
8712 7
8713 8
8714 10
8715 11
8716 13
8717 13
8718 11
8719 10
8720 8
8721 6
8722 4
8723 2
8724 1
8725 2
8726 1
8727 1
8728 2
8729 3
8730 6
8731 6
8732 7
8733 8
8734 6
8735 7
8736 6
8737 5
8738 6
8739 6
8740 6
8741 6
8742 5
8743 4
8744 4
8745 2
8746 2
8747 2
8748 1
8749 1
8750 4
8751 1
8752 4
8753 6
8754 5
8755 6
8756 5
8757 5
8758 4
8759 5
8760 4
8761 2
8762 2
8763 6
8764 8
8765 8
8766 12
8767 13
8768 15
8769 12
8770 15
8771 12
8772 13
8773 15
8774 12
8775 15
8776 12
8777 15
8778 12
8779 14
8780 17
8781 14
8782 14
8783 13
8784 14
8785 11
8786 11
8787 8
8788 8
8789 5
8790 2
8791 0
8792 0
8793 1
8794 3
8795 2
8796 1
8797 5
8798 6
8799 5
8800 6
8801 7
8802 7
8803 7
8804 7
8805 6
8806 6
8807 4
8808 2
8809 5
8810 5
8811 6
8812 7
8813 7
8814 6
8815 4
8816 4
8817 3
8818 4
8819 4
8820 4
8821 7
8822 8
8823 8
8824 9
8825 8
8826 7
8827 5
8828 6
8829 5
8830 5
8831 4
8832 4
8833 2
8834 4
8835 3
8836 4
8837 2
8838 2
8839 1
8840 0
8841 0
8842 2
8843 3
8844 1
8845 3
8846 0
8847 5
8848 4
8849 3
8850 1
8851 3
8852 4
8853 5
8854 6
8855 4
8856 2
8857 3
8858 1
8859 4
8860 5
8861 8
8862 9
8863 10
8864 8
8865 10
8866 9
8867 9
8868 8
8869 8
8870 5
8871 2
8872 1
8873 2
8874 2
8875 5
8876 4
8877 2
8878 4
8879 2
8880 1
8881 0
8882 2
8883 1
8884 3
8885 2
8886 1
8887 2
8888 3
8889 1
8890 0
8891 5
8892 7
8893 8
8894 8
8895 7
8896 6
8897 4
8898 1
8899 1
8900 2
8901 0
8902 2
8903 1
8904 1
8905 2
8906 2
8907 5
8908 8
8909 9
8910 12
8911 14
8912 14
8913 13
8914 13
8915 13
8916 12
8917 10
8918 10
8919 7
8920 5
8921 3
8922 0
8923 3
8924 1
8925 2
8926 3
8927 3
8928 4
8929 6
8930 8
8931 7
8932 8
8933 8
8934 6
8935 5
8936 3
8937 0
8938 2
8939 0
8940 1
8941 3
8942 1
8943 3
8944 0
8945 2
8946 1
8947 4
8948 5
8949 8
8950 10
8951 11
8952 12
8953 12
8954 10
8955 12
8956 14
8957 14
8958 15
8959 12
8960 11
8961 9
8962 6
8963 3
8964 4
8965 2
8966 3
8967 3
8968 2
8969 0
8970 3
8971 5
8972 5
8973 4
8974 2
8975 3
8976 4
8977 6
8978 8
8979 10
8980 10
8981 10
8982 11
8983 10
8984 9
8985 6
8986 3
8987 2
8988 0
8989 4
8990 3
8991 2
8992 1
8993 1
8994 2
8995 3
8996 3
8997 6
8998 6
8999 6
9000 8
9001 9
9002 7
9003 5
9004 4
9005 4
9006 1
9007 1
9008 1
9009 5
9010 4
9011 5
9012 4
9013 4
9014 3
9015 3
9016 5
9017 4
9018 4
9019 5
9020 4
9021 3
9022 2
9023 3
9024 6
9025 7
9026 8
9027 8
9028 9
9029 7
9030 6
9031 3
9032 3
9033 3
9034 2
9035 1
9036 2
9037 1
9038 0
9039 0
9040 4
9041 5
9042 7
9043 9
9044 11
9045 9
9046 8
9047 6
9048 4
9049 5
9050 4
9051 4
9052 2
9053 4
9054 6
9055 7
9056 8
9057 7
9058 6
9059 8
9060 11
9061 11
9062 10
9063 9
9064 7
9065 6
9066 3
9067 2
9068 1
9069 1
9070 1
9071 7
9072 7
9073 6
9074 6
9075 5
9076 4
9077 5
9078 3
9079 2
9080 2
9081 2
9082 3
9083 4
9084 5
9085 7
9086 8
9087 9
9088 8
9089 5
9090 4
9091 1
9092 2
9093 1
9094 4
9095 5
9096 5
9097 7
9098 7
9099 8
9100 8
9101 9
9102 9
9103 9
9104 9
9105 9
9106 7
9107 5
9108 5
9109 3
9110 3
9111 0
9112 5
9113 4
9114 2
9115 3
9116 4
9117 5
9118 8
9119 8
9120 6
9121 4
9122 3
9123 2
9124 0
9125 3
9126 3
9127 4
9128 4
9129 4
9130 6
9131 6
9132 8
9133 11
9134 9
9135 10
9136 13
9137 14
9138 15
9139 12
9140 14
9141 17
9142 14
9143 16
9144 13
9145 14
9146 15
9147 12
9148 12
9149 10
9150 7
9151 5
9152 4
9153 1
9154 1
9155 1
9156 2
9157 2
9158 3
9159 2
9160 3
9161 3
9162 3
9163 3
9164 2
9165 3
9166 5
9167 7
9168 9
9169 9
9170 9
9171 8
9172 9
9173 8
9174 9
9175 10
9176 9
9177 9
9178 8
9179 7
9180 6
9181 6
9182 6
9183 7
9184 8
9185 6
9186 5
9187 4
9188 2
9189 1
9190 1
9191 1
9192 1
9193 1
9194 2
9195 3
9196 3
9197 6
9198 5
9199 6
9200 6
9201 4
9202 1
9203 4
9204 3
9205 1
9206 2
9207 1
9208 1
9209 2
9210 3
9211 4
9212 6
9213 7
9214 9
9215 9
9216 8
9217 8
9218 6
9219 6
9220 5
9221 5
9222 5
9223 2
9224 2
9225 1
9226 1
9227 3
9228 2
9229 4
9230 4
9231 3
9232 2
9233 2
9234 4
9235 2
9236 2
9237 2
9238 4
9239 5
9240 6
9241 5
9242 5
9243 3
9244 1
9245 2
9246 3
9247 5
9248 5
9249 5
9250 5
9251 5
9252 4
9253 5
9254 4
9255 5
9256 3
9257 1
9258 1
9259 2
9260 3
9261 3
9262 3
9263 3
9264 4
9265 6
9266 8
9267 9
9268 11
9269 14
9270 12
9271 13
9272 13
9273 12
9274 12
9275 10
9276 9
9277 8
9278 9
9279 7
9280 4
9281 6
9282 5
9283 6
9284 5
9285 3
9286 1
9287 1
9288 2
9289 3
9290 1
9291 1
9292 2
9293 3
9294 2
9295 5
9296 4
9297 3
9298 2
9299 2
9300 3
9301 3
9302 2
9303 3
9304 1
9305 2
9306 3
9307 2
9308 5
9309 5
9310 6
9311 5
9312 5
9313 7
9314 9
9315 10
9316 8
9317 7
9318 5
9319 2
9320 1
9321 2
9322 3
9323 4
9324 3
9325 3
9326 4
9327 4
9328 3
9329 2
9330 2
9331 4
9332 3
9333 2
9334 3
9335 3
9336 6
9337 8
9338 8
9339 8
9340 8
9341 7
9342 6
9343 5
9344 6
9345 5
9346 6
9347 4
9348 4
9349 7
9350 4
9351 5
9352 2
9353 3
9354 1
9355 5
9356 4
9357 4
9358 4
9359 3
9360 4
9361 7
9362 9
9363 8
9364 7
9365 7
9366 4
9367 3
9368 2
9369 1
9370 0
9371 0
9372 0
9373 1
9374 0
9375 3
9376 3
9377 3
9378 4
9379 6
9380 7
9381 7
9382 9
9383 9
9384 11
9385 12
9386 12
9387 12
9388 10
9389 7
9390 5
9391 3
9392 0
9393 0
9394 0
9395 3
9396 2
9397 3
9398 3
9399 2
9400 3
9401 5
9402 8
9403 8
9404 8
9405 7
9406 5
9407 5
9408 3
9409 2
9410 3
9411 2
9412 3
9413 1
9414 5
9415 8
9416 8
9417 8
9418 7
9419 6
9420 4
9421 4
9422 3
9423 3
9424 2
9425 1
9426 2
9427 2
9428 3
9429 3
9430 2
9431 4
9432 4
9433 3
9434 4
9435 2
9436 1
9437 1
9438 3
9439 4
9440 4
9441 5
9442 5
9443 5
9444 5
9445 6
9446 5
9447 6
9448 4
9449 5
9450 7
9451 8
9452 9
9453 11
9454 12
9455 13
9456 13
9457 11
9458 11
9459 11
9460 9
9461 6
9462 3
9463 2
9464 4
9465 4
9466 2
9467 1
9468 4
9469 6
9470 7
9471 8
9472 10
9473 13
9474 14
9475 14
9476 15
9477 12
9478 12
9479 9
9480 7
9481 4
9482 1
9483 0
9484 1
9485 1
9486 1
9487 1
9488 1
9489 2
9490 3
9491 4
9492 5
9493 3
9494 1
9495 3
9496 1
9497 1
9498 1
9499 4
9500 4
9501 4
9502 2
9503 1
9504 1
9505 4
9506 3
9507 4
9508 5
9509 5
9510 6
9511 10
9512 13
9513 13
9514 14
9515 14
9516 15
9517 12
9518 14
9519 15
9520 12
9521 12
9522 11
9523 9
9524 7
9525 6
9526 6
9527 4
9528 3
9529 3
9530 5
9531 7
9532 7
9533 7
9534 7
9535 9
9536 8
9537 7
9538 6
9539 6
9540 5
9541 7
9542 7
9543 7
9544 10
9545 12
9546 13
9547 14
9548 14
9549 13
9550 12
9551 10
9552 7
9553 4
9554 2
9555 0
9556 3
9557 0
9558 5
9559 7
9560 10
9561 10
9562 11
9563 13
9564 13
9565 12
9566 11
9567 11
9568 13
9569 15
9570 12
9571 13
9572 13
9573 12
9574 12
9575 11
9576 9
9577 8
9578 6
9579 4
9580 1
9581 0
9582 3
9583 2
9584 4
9585 6
9586 7
9587 8
9588 7
9589 7
9590 9
9591 9
9592 10
9593 11
9594 12
9595 14
9596 14
9597 15
9598 12
9599 15
9600 13
9601 15
9602 12
9603 14
9604 14
9605 14
9606 14
9607 11
9608 11
9609 13
9610 13
9611 11
9612 11
9613 10
9614 11
9615 8
9616 8
9617 6
9618 4
9619 3
9620 3
9621 1
9622 3
9623 4
9624 3
9625 5
9626 8
9627 8
9628 10
9629 12
9630 14
9631 13
9632 13
9633 10
9634 10
9635 8
9636 9
9637 9
9638 8
9639 6
9640 5
9641 4
9642 5
9643 2
9644 2
9645 2
9646 1
9647 1
9648 2
9649 3
9650 2
9651 4
9652 4
9653 6
9654 5
9655 3
9656 1
9657 1
9658 1
9659 4
9660 5
9661 3
9662 3
9663 4
9664 2
9665 6
9666 6
9667 8
9668 10
9669 13
9670 15
9671 13
9672 15
9673 12
9674 12
9675 12
9676 12
9677 12
9678 10
9679 7
9680 4
9681 2
9682 0
9683 1
9684 2
9685 3
9686 2
9687 5
9688 6
9689 7
9690 8
9691 9
9692 9
9693 8
9694 6
9695 4
9696 2
9697 0
9698 3
9699 2
9700 2
9701 3
9702 4
9703 4
9704 6
9705 6
9706 7
9707 9
9708 10
9709 13
9710 12
9711 13
9712 11
9713 9
9714 9
9715 6
9716 5
9717 2
9718 1
9719 1
9720 1
9721 1
9722 2
9723 4
9724 5
9725 6
9726 4
9727 7
9728 8
9729 9
9730 9
9731 10
9732 10
9733 9
9734 9
9735 9
9736 8
9737 6
9738 6
9739 7
9740 6
9741 4
9742 2
9743 2
9744 2
9745 3
9746 3
9747 3
9748 4
9749 5
9750 6
9751 6
9752 6
9753 6
9754 3
9755 0
9756 2
9757 1
9758 2
9759 1
9760 3
9761 3
9762 2
9763 5
9764 2
9765 5
9766 3
9767 4
9768 4
9769 4
9770 4
9771 4
9772 1
9773 4
9774 5
9775 5
9776 4
9777 3
9778 3
9779 3
9780 2
9781 1
9782 2
9783 4
9784 6
9785 7
9786 6
9787 9
9788 9
9789 7
9790 7
9791 7
9792 7
9793 6
9794 4
9795 3
9796 3
9797 1
9798 2
9799 3
9800 2
9801 4
9802 6
9803 7
9804 7
9805 7
9806 11
9807 9
9808 6
9809 3
9810 0
9811 3
9812 3
9813 2
9814 2
9815 2
9816 3
9817 5
9818 3
9819 2
9820 5
9821 4
9822 6
9823 6
9824 5
9825 3
9826 4
9827 3
9828 2
9829 1
9830 5
9831 3
9832 1
9833 3
9834 1
9835 0
9836 3
9837 4
9838 3
9839 2
9840 3
9841 6
9842 5
9843 4
9844 4
9845 3
9846 4
9847 3
9848 3
9849 5
9850 7
9851 9
9852 8
9853 5
9854 7
9855 9
9856 6
9857 3
9858 1
9859 4
9860 2
9861 3
9862 2
9863 5
9864 3
9865 2
9866 0
9867 3
9868 4
9869 6
9870 8
9871 9
9872 8
9873 7
9874 7
9875 5
9876 5
9877 4
9878 1
9879 5
9880 5
9881 5
9882 3
9883 2
9884 1
9885 1
9886 4
9887 5
9888 5
9889 4
9890 4
9891 3
9892 1
9893 2
9894 2
9895 3
9896 3
9897 4
9898 5
9899 5
9900 6
9901 6
9902 6
9903 3
9904 1
9905 2
9906 2
9907 2
9908 1
9909 5
9910 6
9911 7
9912 7
9913 5
9914 6
9915 7
9916 9
9917 7
9918 6
9919 5
9920 6
9921 4
9922 4
9923 8
9924 8
9925 10
9926 11
9927 13
9928 13
9929 12
9930 13
9931 13
9932 12
9933 11
9934 8
9935 5
9936 4
9937 3
9938 2
9939 4
9940 5
9941 8
9942 9
9943 12
9944 13
9945 15
9946 12
9947 14
9948 16
9949 13
9950 14
9951 13
9952 12
9953 10
9954 8
9955 6
9956 3
9957 1
9958 2
9959 1
9960 4
9961 3
9962 5
9963 6
9964 9
9965 10
9966 10
9967 10
9968 12
9969 12
9970 11
9971 10
9972 7
9973 5
9974 4
9975 4
9976 3
9977 3
9978 1
9979 3
9980 0
9981 2
9982 0
9983 3
9984 1
9985 2
9986 5
9987 5
9988 4
9989 2
9990 0
9991 2
9992 2
9993 3
9994 4
9995 4
9996 6
9997 5
9998 4
9999 1
