0 5
1 5
2 2
3 2
4 0
5 0
6 1
7 1
8 0
9 0
10 1
11 1
12 0
13 0
14 2
15 2
16 0
17 1
18 0
19 0
20 0
21 0
22 0
23 0
24 1
25 0
26 0
27 0
28 0
29 1
30 0
31 0
32 0
33 1
34 1
35 0
36 0
37 0
38 0
39 0
40 0
41 0
42 1
43 0
44 0
45 0
46 0
47 0
48 0
49 0
50 1
51 0
52 0
53 0
54 0
55 0
56 0
57 0
58 0
59 1
60 0
61 0
62 0
63 0
64 0
65 0
66 0
67 0
68 0
69 0
70 0
71 1
72 0
73 1
74 0
75 0
76 0
77 0
78 0
79 0
80 1
81 1
82 1
83 0
84 0
85 0
86 0
87 0
88 0
89 0
90 1
91 1
92 0
93 0
94 1
95 0
96 0
97 0
98 0
99 0
100 0
101 0
102 0
103 0
104 1
105 1
106 0
107 1
108 1
109 1
110 0
111 0
112 1
113 0
114 1
115 1
116 0
117 0
118 1
119 0
120 2
121 0
122 0
123 1
124 0
125 0
126 0
127 0
128 0
129 0
130 1
131 0
132 0
133 1
134 0
135 0
136 0
137 0
138 0
139 0
140 0
141 0
142 0
143 1
144 0
145 3
146 0
147 0
148 0
149 2
150 0
151 0
152 0
153 1
154 0
155 0
156 1
157 0
158 0
159 0
160 1
161 1
162 0
163 1
164 0
165 0
166 0
167 0
168 0
169 0
170 0
171 0
172 0
173 0
174 1
175 0
176 1
177 0
178 2
179 0
180 1
181 0
182 0
183 0
184 0
185 0
186 0
187 0
188 0
189 0
190 1
191 1
192 0
193 0
194 1
195 1
196 1
197 1
198 0
199 0
200 2
201 0
202 2
203 2
204 0
205 0
206 0
207 1
208 1
209 1
210 0
211 2
212 1
213 2
214 0
215 0
216 0
217 0
218 1
219 0
220 1
221 0
222 0
223 2
224 0
225 0
226 0
227 2
228 0
229 0
230 1
231 1
232 2
233 1
234 1
235 0
236 0
237 0
238 0
239 0
240 1
241 0
242 1
243 1
244 0
245 0
246 1
247 1
248 0
249 0
250 1
251 0
252 1
253 0
254 1
255 0
256 0
257 1
258 0
259 0
260 0
261 2
262 0
263 0
264 1
265 0
266 2
267 0
268 2
269 0
270 0
271 1
272 0
273 1
274 0
275 1
276 0
277 1
278 0
279 2
280 0
281 0
282 1
283 1
284 0
285 1
286 0
287 0
288 0
289 0
290 0
291 0
292 0
293 0
294 0
295 0
296 0
297 0
298 0
299 0
300 0
301 0
302 0
303 0
304 2
305 0
306 1
307 0
308 0
309 0
310 0
311 0
312 0
313 1
314 0
315 1
316 1
317 0
318 1
319 0
320 1
321 0
322 1
323 1
324 1
325 0
326 0
327 0
328 0
329 0
330 0
331 0
332 0
333 0
334 0
335 0
336 0
337 2
338 0
339 0
340 2
341 0
342 1
343 1
344 0
345 0
346 2
347 2
348 0
349 1
350 0
351 0
352 0
353 0
354 0
355 0
356 1
357 0
358 0
359 0
360 0
361 0
362 0
363 1
364 0
365 0
366 0
367 0
368 0
369 0
370 1
371 1
372 1
373 2
374 1
375 0
376 0
377 0
378 1
379 1
380 0
381 0
382 0
383 1
384 0
385 1
386 1
387 0
388 1
389 0
390 0
391 1
392 0
393 0
394 0
395 0
396 0
397 0
398 0
399 0
400 1
401 2
402 1
403 0
404 3
405 0
406 0
407 0
408 1
409 2
410 1
411 1
412 2
413 0
414 0
415 1
416 2
417 0
418 0
419 0
420 1
421 1
422 0
423 0
424 1
425 0
426 0
427 0
428 1
429 1
430 1
431 1
432 0
433 1
434 0
435 1
436 0
437 0
438 0
439 0
440 1
441 0
442 0
443 0
444 0
445 0
446 0
447 0
448 0
449 1
450 0
451 0
452 0
453 2
454 0
455 0
456 1
457 0
458 1
459 0
460 2
461 0
462 1
463 0
464 0
465 1
466 0
467 0
468 0
469 0
470 0
471 0
472 1
473 1
474 2
475 1
476 1
477 0
478 0
479 0
480 0
481 1
482 0
483 0
484 0
485 0
486 2
487 1
488 1
489 2
490 0
491 0
492 0
493 1
494 1
495 0
496 1
497 0
498 0
499 1
500 0
501 0
502 0
503 0
504 1
505 0
506 0
507 0
508 0
509 0
510 1
511 1
512 0
513 0
514 0
515 0
516 0
517 0
518 0
519 0
520 0
521 1
522 0
523 1
524 1
525 3
526 0
527 0
528 0
529 0
530 0
531 0
532 0
533 1
534 0
535 2
536 0
537 0
538 1
539 0
540 0
541 0
542 1
543 0
544 0
545 0
546 0
547 0
548 0
549 1
550 1
551 0
552 0
553 0
554 0
555 3
556 0
557 0
558 0
559 0
560 1
561 1
562 0
563 0
564 1
565 1
566 0
567 0
568 0
569 0
570 0
571 1
572 0
573 0
574 1
575 0
576 0
577 0
578 0
579 1
580 1
581 0
582 0
583 1
584 0
585 1
586 0
587 0
588 1
589 0
590 0
591 0
592 0
593 1
594 0
595 0
596 0
597 0
598 1
599 0
600 1
601 1
602 2
603 1
604 1
605 1
606 2
607 2
608 1
609 2
610 1
611 2
612 2
613 1
614 0
615 0
616 0
617 0
618 0
619 0
620 1
621 0
622 0
623 0
624 1
625 0
626 1
627 0
628 1
629 0
630 0
631 1
632 0
633 1
634 0
635 0
636 0
637 0
638 2
639 1
640 0
641 1
642 0
643 1
644 1
645 0
646 0
647 0
648 0
649 0
650 0
651 2
652 0
653 0
654 0
655 0
656 0
657 0
658 0
659 1
660 0
661 0
662 1
663 0
664 0
665 1
666 0
667 0
668 0
669 0
670 1
671 0
672 0
673 0
674 1
675 1
676 0
677 0
678 0
679 2
680 0
681 2
682 1
683 2
684 1
685 0
686 1
687 0
688 0
689 0
690 0
691 0
692 2
693 1
694 0
695 0
696 0
697 2
698 0
699 0
700 0
701 0
702 0
703 1
704 1
705 0
706 1
707 0
708 2
709 1
710 0
711 0
712 1
713 0
714 0
715 0
716 0
717 0
718 0
719 1
720 0
721 0
722 2
723 1
724 0
725 3
726 0
727 0
728 0
729 0
730 0
731 0
732 1
733 0
734 0
735 1
736 0
737 1
738 0
739 0
740 2
741 0
742 0
743 0
744 0
745 0
746 0
747 0
748 0
749 1
750 0
751 0
752 0
753 1
754 1
755 0
756 2
757 2
758 1
759 0
760 2
761 0
762 0
763 1
764 1
765 0
766 1
767 2
768 0
769 0
770 0
771 3
772 1
773 3
774 0
775 0
776 1
777 0
778 0
779 2
780 1
781 0
782 1
783 0
784 1
785 2
786 0
787 1
788 0
789 0
790 2
791 0
792 1
793 1
794 0
795 0
796 0
797 2
798 0
799 0
800 2
801 0
802 0
803 1
804 0
805 0
806 0
807 0
808 1
809 1
810 0
811 0
812 2
813 1
814 3
815 0
816 1
817 0
818 0
819 1
820 0
821 2
822 0
823 0
824 1
825 0
826 0
827 0
828 1
829 2
830 0
831 0
832 1
833 0
834 2
835 0
836 1
837 2
838 0
839 1
840 1
841 0
842 0
843 0
844 1
845 2
846 0
847 0
848 0
849 0
850 1
851 0
852 0
853 0
854 1
855 2
856 0
857 1
858 0
859 0
860 2
861 0
862 1
863 0
864 0
865 0
866 0
867 4
868 1
869 0
870 0
871 0
872 0
873 0
874 0
875 0
876 0
877 0
878 0
879 0
880 0
881 0
882 0
883 0
884 1
885 0
886 0
887 0
888 0
889 1
890 0
891 0
892 1
893 0
894 0
895 0
896 0
897 0
898 0
899 0
900 1
901 0
902 1
903 0
904 0
905 0
906 0
907 1
908 0
909 1
910 1
911 0
912 0
913 0
914 1
915 2
916 0
917 1
918 2
919 0
920 1
921 2
922 0
923 1
924 0
925 1
926 0
927 0
928 0
929 0
930 0
931 1
932 1
933 0
934 0
935 3
936 0
937 2
938 0
939 1
940 0
941 0
942 0
943 0
944 0
945 1
946 1
947 0
948 0
949 0
950 0
951 0
952 0
953 0
954 0
955 0
956 1
957 0
958 0
959 0
960 0
961 1
962 0
963 1
964 2
965 0
966 2
967 2
968 0
969 0
970 0
971 3
972 0
973 0
974 0
975 0
976 1
977 1
978 0
979 0
980 1
981 0
982 0
983 1
984 0
985 1
986 0
987 1
988 0
989 0
990 1
991 0
992 1
993 0
994 0
995 0
996 0
997 0
998 0
999 0
1000 0
1001 1
1002 0
1003 0
1004 1
1005 1
1006 0
1007 1
1008 0
1009 1
1010 0
1011 1
1012 0
1013 0
1014 0
1015 0
1016 0
1017 2
1018 1
1019 0
1020 0
1021 0
1022 0
1023 0
1024 0
1025 0
1026 0
1027 1
1028 1
1029 0
1030 0
1031 0
1032 0
1033 0
1034 1
1035 0
1036 0
1037 0
1038 0
1039 0
1040 0
1041 0
1042 2
1043 0
1044 1
1045 2
1046 0
1047 0
1048 0
1049 0
1050 0
1051 0
1052 0
1053 0
1054 0
1055 0
1056 0
1057 1
1058 0
1059 0
1060 3
1061 1
1062 0
1063 0
1064 0
1065 1
1066 0
1067 0
1068 0
1069 0
1070 0
1071 0
1072 0
1073 0
1074 0
1075 0
1076 0
1077 0
1078 1
1079 0
1080 0
1081 1
1082 0
1083 1
1084 0
1085 0
1086 0
1087 0
1088 0
1089 0
1090 0
1091 0
1092 0
1093 0
1094 1
1095 1
1096 0
1097 0
1098 0
1099 0
1100 1
1101 1
1102 0
1103 1
1104 2
1105 0
1106 1
1107 0
1108 0
1109 1
1110 0
1111 1
1112 0
1113 1
1114 0
1115 0
1116 1
1117 0
1118 0
1119 1
1120 1
1121 0
1122 1
1123 1
1124 1
1125 1
1126 0
1127 0
1128 0
1129 1
1130 0
1131 0
1132 0
1133 0
1134 0
1135 0
1136 0
1137 0
1138 0
1139 0
1140 0
1141 1
1142 1
1143 1
1144 0
1145 0
1146 0
1147 1
1148 0
1149 0
1150 0
1151 0
1152 0
1153 2
1154 0
1155 0
1156 0
1157 1
1158 1
1159 0
1160 2
1161 0
1162 0
1163 0
1164 0
1165 0
1166 0
1167 0
1168 0
1169 0
1170 0
1171 2
1172 0
1173 0
1174 0
1175 0
1176 0
1177 0
1178 0
1179 0
1180 0
1181 1
1182 1
1183 1
1184 0
1185 0
1186 1
1187 1
1188 0
1189 1
1190 0
1191 0
1192 0
1193 0
1194 2
1195 1
1196 0
1197 1
1198 1
1199 0
1200 1
1201 0
1202 0
1203 0
1204 1
1205 0
1206 1
1207 1
1208 2
1209 0
1210 0
1211 0
1212 0
1213 1
1214 0
1215 1
1216 0
1217 0
1218 3
1219 2
1220 0
1221 0
1222 1
1223 0
1224 0
1225 0
1226 2
1227 0
1228 0
1229 1
1230 1
1231 0
1232 1
1233 0
1234 0
1235 1
1236 0
1237 0
1238 0
1239 0
1240 0
1241 0
1242 0
1243 0
1244 0
1245 0
1246 1
1247 1
1248 0
1249 0
1250 0
1251 0
1252 0
1253 0
1254 1
1255 0
1256 0
1257 0
1258 0
1259 1
1260 0
1261 0
1262 1
1263 1
1264 0
1265 0
1266 1
1267 1
1268 1
1269 1
1270 1
1271 0
1272 0
1273 0
1274 1
1275 2
1276 0
1277 0
1278 0
1279 1
1280 1
1281 0
1282 0
1283 1
1284 1
1285 0
1286 0
1287 0
1288 1
1289 0
1290 1
1291 0
1292 0
1293 1
1294 0
1295 0
1296 0
1297 0
1298 1
1299 0
1300 0
1301 1
1302 0
1303 0
1304 0
1305 0
1306 1
1307 0
1308 1
1309 0
1310 0
1311 1
1312 2
1313 0
1314 0
1315 3
1316 0
1317 0
1318 1
1319 0
1320 2
1321 0
1322 0
1323 0
1324 0
1325 0
1326 1
1327 0
1328 1
1329 0
1330 0
1331 0
1332 1
1333 0
1334 0
1335 0
1336 1
1337 0
1338 0
1339 0
1340 1
1341 0
1342 0
1343 3
1344 0
1345 0
1346 0
1347 0
1348 0
1349 0
1350 0
1351 0
1352 0
1353 0
1354 0
1355 0
1356 1
1357 1
1358 1
1359 1
1360 0
1361 0
1362 2
1363 0
1364 0
1365 1
1366 0
1367 0
1368 0
1369 1
1370 0
1371 0
1372 0
1373 0
1374 1
1375 0
1376 0
1377 0
1378 0
1379 0
1380 0
1381 0
1382 1
1383 1
1384 0
1385 0
1386 0
1387 2
1388 0
1389 0
1390 0
1391 2
1392 0
1393 0
1394 0
1395 0
1396 1
1397 0
1398 1
1399 1
1400 1
1401 0
1402 0
1403 0
1404 0
1405 0
1406 0
1407 0
1408 1
1409 0
1410 0
1411 0
1412 0
1413 1
1414 1
1415 1
1416 1
1417 0
1418 0
1419 1
1420 1
1421 0
1422 0
1423 0
1424 0
1425 0
1426 0
1427 1
1428 0
1429 0
1430 1
1431 0
1432 1
1433 0
1434 0
1435 0
1436 1
1437 2
1438 0
1439 0
1440 0
1441 1
1442 1
1443 0
1444 1
1445 1
1446 1
1447 0
1448 0
1449 0
1450 0
1451 0
1452 1
1453 0
1454 0
1455 0
1456 1
1457 1
1458 0
1459 0
1460 0
1461 0
1462 0
1463 0
1464 0
1465 0
1466 0
1467 0
1468 0
1469 1
1470 1
1471 2
1472 1
1473 1
1474 0
1475 0
1476 0
1477 0
1478 0
1479 0
1480 0
1481 1
1482 0
1483 1
1484 0
1485 1
1486 1
1487 0
1488 0
1489 1
1490 0
1491 0
1492 1
1493 0
1494 0
1495 1
1496 2
1497 0
1498 0
1499 0
1500 0
1501 0
1502 0
1503 0
1504 0
1505 0
1506 2
1507 1
1508 0
1509 0
1510 0
1511 0
1512 1
1513 0
1514 1
1515 1
1516 1
1517 1
1518 1
1519 0
1520 1
1521 0
1522 1
1523 0
1524 0
1525 0
1526 1
1527 0
1528 0
1529 0
1530 2
1531 1
1532 0
1533 2
1534 3
1535 0
1536 0
1537 2
1538 0
1539 0
1540 0
1541 0
1542 0
1543 1
1544 0
1545 0
1546 1
1547 1
1548 0
1549 0
1550 1
1551 0
1552 0
1553 0
1554 1
1555 0
1556 4
1557 2
1558 0
1559 0
1560 0
1561 1
1562 1
1563 0
1564 0
1565 1
1566 1
1567 0
1568 0
1569 1
1570 1
1571 1
1572 0
1573 0
1574 1
1575 0
1576 1
1577 1
1578 0
1579 0
1580 1
1581 0
1582 1
1583 0
1584 0
1585 1
1586 0
1587 0
1588 0
1589 1
1590 0
1591 1
1592 1
1593 0
1594 1
1595 0
1596 0
1597 1
1598 0
1599 1
1600 0
1601 1
1602 1
1603 0
1604 0
1605 2
1606 0
1607 1
1608 1
1609 0
1610 0
1611 3
1612 1
1613 0
1614 1
1615 0
1616 0
1617 1
1618 0
1619 1
1620 0
1621 2
1622 4
1623 1
1624 0
1625 0
1626 0
1627 2
1628 0
1629 0
1630 1
1631 0
1632 0
1633 0
1634 0
1635 0
1636 0
1637 0
1638 0
1639 2
1640 0
1641 0
1642 0
1643 0
1644 0
1645 0
1646 0
1647 1
1648 1
1649 0
1650 0
1651 1
1652 0
1653 1
1654 0
1655 0
1656 0
1657 0
1658 1
1659 0
1660 0
1661 0
1662 0
1663 1
1664 3
1665 0
1666 0
1667 0
1668 0
1669 1
1670 0
1671 0
1672 0
1673 0
1674 1
1675 0
1676 0
1677 0
1678 0
1679 0
1680 1
1681 0
1682 0
1683 0
1684 0
1685 0
1686 1
1687 0
1688 0
1689 0
1690 1
1691 0
1692 1
1693 1
1694 0
1695 1
1696 1
1697 1
1698 1
1699 0
1700 0
1701 0
1702 0
1703 0
1704 0
1705 0
1706 1
1707 0
1708 2
1709 1
1710 0
1711 0
1712 1
1713 2
1714 0
1715 0
1716 0
1717 0
1718 0
1719 0
1720 0
1721 0
1722 0
1723 0
1724 1
1725 0
1726 1
1727 0
1728 1
1729 0
1730 2
1731 1
1732 0
1733 1
1734 1
1735 0
1736 0
1737 1
1738 0
1739 0
1740 0
1741 0
1742 0
1743 0
1744 3
1745 0
1746 1
1747 0
1748 1
1749 0
1750 0
1751 0
1752 0
1753 1
1754 0
1755 0
1756 1
1757 0
1758 0
1759 1
1760 1
1761 1
1762 2
1763 1
1764 1
1765 0
1766 0
1767 1
1768 0
1769 0
1770 1
1771 0
1772 0
1773 1
1774 0
1775 0
1776 0
1777 0
1778 2
1779 0
1780 0
1781 1
1782 0
1783 0
1784 1
1785 0
1786 0
1787 0
1788 1
1789 0
1790 0
1791 1
1792 0
1793 1
1794 1
1795 0
1796 0
1797 0
1798 0
1799 0
1800 0
1801 0
1802 0
1803 1
1804 0
1805 1
1806 0
1807 0
1808 2
1809 0
1810 0
1811 0
1812 0
1813 0
1814 0
1815 0
1816 0
1817 0
1818 0
1819 1
1820 0
1821 0
1822 0
1823 1
1824 0
1825 0
1826 0
1827 0
1828 0
1829 1
1830 0
1831 1
1832 0
1833 2
1834 0
1835 0
1836 0
1837 1
1838 2
1839 1
1840 0
1841 0
1842 0
1843 1
1844 0
1845 0
1846 1
1847 0
1848 1
1849 0
1850 1
1851 1
1852 0
1853 0
1854 1
1855 0
1856 0
1857 1
1858 0
1859 1
1860 0
1861 0
1862 0
1863 0
1864 0
1865 0
1866 0
1867 0
1868 1
1869 1
1870 0
1871 0
1872 2
1873 0
1874 0
1875 0
1876 0
1877 1
1878 0
1879 0
1880 1
1881 0
1882 0
1883 0
1884 0
1885 1
1886 0
1887 1
1888 0
1889 1
1890 0
1891 0
1892 3
1893 0
1894 0
1895 0
1896 0
1897 0
1898 0
1899 1
1900 0
1901 2
1902 1
1903 0
1904 0
1905 0
1906 1
1907 0
1908 0
1909 1
1910 0
1911 0
1912 1
1913 2
1914 0
1915 0
1916 0
1917 2
1918 1
1919 2
1920 0
1921 0
1922 0
1923 0
1924 0
1925 1
1926 0
1927 1
1928 0
1929 0
1930 1
1931 1
1932 0
1933 0
1934 1
1935 0
1936 1
1937 0
1938 0
1939 0
1940 0
1941 0
1942 0
1943 1
1944 0
1945 0
1946 0
1947 0
1948 0
1949 0
1950 0
1951 0
1952 0
1953 0
1954 0
1955 0
1956 0
1957 0
1958 1
1959 0
1960 2
1961 0
1962 0
1963 0
1964 0
1965 0
1966 2
1967 0
1968 1
1969 0
1970 1
1971 0
1972 0
1973 0
1974 2
1975 1
1976 0
1977 1
1978 0
1979 0
1980 0
1981 1
1982 1
1983 0
1984 0
1985 1
1986 0
1987 1
1988 1
1989 0
1990 0
1991 0
1992 0
1993 0
1994 1
1995 0
1996 0
1997 0
1998 0
1999 0
2000 0
2001 1
2002 0
2003 0
2004 0
2005 1
2006 0
2007 2
2008 1
2009 2
2010 2
2011 0
2012 0
2013 2
2014 0
2015 0
2016 1
2017 0
2018 1
2019 1
2020 0
2021 0
2022 1
2023 1
2024 1
2025 2
2026 0
2027 0
2028 0
2029 1
2030 1
2031 0
2032 0
2033 0
2034 0
2035 0
2036 0
2037 1
2038 0
2039 0
2040 1
2041 0
2042 0
2043 0
2044 0
2045 1
2046 0
2047 0
2048 1
2049 0
2050 0
2051 0
2052 0
2053 0
2054 0
2055 1
2056 0
2057 0
2058 0
2059 0
2060 0
2061 0
2062 0
2063 0
2064 0
2065 0
2066 0
2067 0
2068 1
2069 0
2070 0
2071 0
2072 1
2073 0
2074 2
2075 0
2076 0
2077 0
2078 0
2079 2
2080 0
2081 0
2082 0
2083 0
2084 0
2085 1
2086 0
2087 0
2088 0
2089 0
2090 1
2091 0
2092 0
2093 0
2094 0
2095 0
2096 1
2097 1
2098 0
2099 0
2100 0
2101 1
2102 0
2103 0
2104 0
2105 1
2106 0
2107 1
2108 0
2109 1
2110 2
2111 0
2112 2
2113 2
2114 1
2115 0
2116 0
2117 0
2118 2
2119 1
2120 0
2121 1
2122 0
2123 1
2124 1
2125 0
2126 0
2127 0
2128 0
2129 1
2130 0
2131 0
2132 0
2133 0
2134 2
2135 0
2136 1
2137 0
2138 0
2139 1
2140 1
2141 0
2142 0
2143 0
2144 0
2145 0
2146 0
2147 1
2148 0
2149 0
2150 1
2151 1
2152 0
2153 0
2154 0
2155 1
2156 0
2157 0
2158 1
2159 0
2160 0
2161 1
2162 0
2163 2
2164 0
2165 0
2166 1
2167 1
2168 1
2169 1
2170 0
2171 0
2172 1
2173 0
2174 0
2175 1
2176 0
2177 0
2178 0
2179 0
2180 0
2181 1
2182 3
2183 0
2184 1
2185 0
2186 0
2187 0
2188 1
2189 0
2190 0
2191 1
2192 0
2193 0
2194 0
2195 1
2196 0
2197 1
2198 1
2199 0
2200 0
2201 0
2202 0
2203 0
2204 0
2205 0
2206 1
2207 1
2208 1
2209 0
2210 1
2211 0
2212 0
2213 1
2214 1
2215 0
2216 0
2217 0
2218 0
2219 0
2220 0
2221 0
2222 0
2223 1
2224 0
2225 0
2226 0
2227 0
2228 0
2229 1
2230 2
2231 1
2232 0
2233 0
2234 2
2235 0
2236 1
2237 0
2238 0
2239 0
2240 0
2241 1
2242 0
2243 1
2244 1
2245 0
2246 0
2247 0
2248 3
2249 0
2250 0
2251 0
2252 0
2253 0
2254 0
2255 0
2256 0
2257 0
2258 0
2259 1
2260 0
2261 1
2262 0
2263 0
2264 0
2265 1
2266 2
2267 0
2268 2
2269 1
2270 1
2271 2
2272 0
2273 0
2274 1
2275 0
2276 0
2277 1
2278 0
2279 0
2280 1
2281 2
2282 0
2283 0
2284 0
2285 0
2286 1
2287 0
2288 0
2289 0
2290 0
2291 2
2292 1
2293 0
2294 0
2295 1
2296 1
2297 1
2298 1
2299 1
2300 0
2301 0
2302 0
2303 0
2304 0
2305 1
2306 0
2307 0
2308 0
2309 0
2310 1
2311 0
2312 0
2313 2
2314 1
2315 0
2316 1
2317 1
2318 0
2319 0
2320 0
2321 1
2322 2
2323 1
2324 1
2325 1
2326 1
2327 0
2328 0
2329 0
2330 1
2331 0
2332 1
2333 0
2334 0
2335 0
2336 1
2337 0
2338 0
2339 0
2340 1
2341 1
2342 0
2343 0
2344 0
2345 1
2346 0
2347 0
2348 1
2349 1
2350 0
2351 0
2352 0
2353 0
2354 0
2355 0
2356 1
2357 0
2358 1
2359 0
2360 1
2361 0
2362 0
2363 1
2364 0
2365 0
2366 0
2367 0
2368 0
2369 1
2370 0
2371 0
2372 0
2373 0
2374 0
2375 0
2376 0
2377 0
2378 3
2379 2
2380 0
2381 0
2382 1
2383 0
2384 1
2385 1
2386 3
2387 0
2388 0
2389 0
2390 1
2391 0
2392 2
2393 0
2394 0
2395 1
2396 1
2397 0
2398 1
2399 0
2400 0
2401 0
2402 2
2403 0
2404 2
2405 0
2406 0
2407 0
2408 1
2409 0
2410 0
2411 0
2412 0
2413 0
2414 1
2415 0
2416 1
2417 2
2418 1
2419 1
2420 0
2421 0
2422 0
2423 0
2424 0
2425 1
2426 0
2427 0
2428 1
2429 1
2430 0
2431 1
2432 1
2433 2
2434 0
2435 0
2436 0
2437 0
2438 0
2439 0
2440 0
2441 0
2442 0
2443 2
2444 0
2445 0
2446 0
2447 1
2448 0
2449 1
2450 0
2451 1
2452 1
2453 0
2454 1
2455 1
2456 0
2457 0
2458 0
2459 1
2460 0
2461 0
2462 0
2463 1
2464 0
2465 0
2466 0
2467 0
2468 0
2469 0
2470 0
2471 0
2472 1
2473 0
2474 0
2475 0
2476 0
2477 0
2478 0
2479 0
2480 0
2481 1
2482 2
2483 1
2484 0
2485 0
2486 1
2487 1
2488 0
2489 1
2490 1
2491 0
2492 1
2493 0
2494 1
2495 0
2496 0
2497 0
2498 0
2499 0
2500 1
2501 0
2502 0
2503 0
2504 0
2505 0
2506 2
2507 0
2508 1
2509 0
2510 5
2511 2
2512 0
2513 0
2514 0
2515 0
2516 0
2517 0
2518 0
2519 0
2520 0
2521 0
2522 0
2523 0
2524 1
2525 0
2526 0
2527 0
2528 0
2529 0
2530 0
2531 0
2532 0
2533 0
2534 0
2535 0
2536 0
2537 1
2538 1
2539 0
2540 0
2541 0
2542 0
2543 0
2544 1
2545 0
2546 1
2547 0
2548 0
2549 0
2550 0
2551 0
2552 1
2553 0
2554 0
2555 0
2556 2
2557 0
2558 0
2559 0
2560 0
2561 0
2562 1
2563 0
2564 0
2565 1
2566 1
2567 0
2568 0
2569 1
2570 1
2571 0
2572 1
2573 0
2574 0
2575 2
2576 0
2577 0
2578 1
2579 0
2580 0
2581 0
2582 2
2583 0
2584 0
2585 1
2586 0
2587 0
2588 0
2589 0
2590 0
2591 0
2592 1
2593 0
2594 0
2595 0
2596 0
2597 0
2598 0
2599 0
2600 0
2601 0
2602 0
2603 0
2604 0
2605 0
2606 0
2607 0
2608 0
2609 0
2610 0
2611 1
2612 0
2613 0
2614 0
2615 0
2616 1
2617 0
2618 0
2619 0
2620 0
2621 0
2622 0
2623 0
2624 0
2625 0
2626 0
2627 1
2628 1
2629 0
2630 1
2631 0
2632 0
2633 0
2634 1
2635 0
2636 0
2637 1
2638 1
2639 0
2640 2
2641 0
2642 1
2643 0
2644 0
2645 0
2646 0
2647 2
2648 0
2649 0
2650 0
2651 1
2652 1
2653 1
2654 0
2655 0
2656 0
2657 1
2658 0
2659 1
2660 0
2661 0
2662 0
2663 0
2664 0
2665 0
2666 0
2667 1
2668 0
2669 0
2670 1
2671 0
2672 0
2673 0
2674 0
2675 0
2676 0
2677 0
2678 0
2679 0
2680 0
2681 0
2682 0
2683 0
2684 0
2685 0
2686 1
2687 0
2688 0
2689 2
2690 0
2691 1
2692 0
2693 0
2694 0
2695 0
2696 0
2697 1
2698 0
2699 3
2700 0
2701 1
2702 1
2703 0
2704 2
2705 0
2706 1
2707 0
2708 0
2709 3
2710 0
2711 0
2712 0
2713 1
2714 0
2715 0
2716 0
2717 0
2718 0
2719 0
2720 2
2721 0
2722 0
2723 0
2724 0
2725 0
2726 0
2727 0
2728 0
2729 0
2730 2
2731 0
2732 0
2733 0
2734 0
2735 0
2736 0
2737 0
2738 0
2739 0
2740 0
2741 0
2742 1
2743 0
2744 0
2745 0
2746 0
2747 0
2748 0
2749 0
2750 1
2751 0
2752 0
2753 0
2754 0
2755 0
2756 0
2757 1
2758 0
2759 1
2760 0
2761 1
2762 0
2763 0
2764 1
2765 0
2766 1
2767 0
2768 0
2769 0
2770 0
2771 1
2772 1
2773 1
2774 0
2775 1
2776 1
2777 3
2778 0
2779 0
2780 0
2781 1
2782 1
2783 0
2784 1
2785 0
2786 0
2787 0
2788 0
2789 0
2790 0
2791 0
2792 0
2793 0
2794 1
2795 0
2796 0
2797 2
2798 0
2799 0
2800 0
2801 0
2802 0
2803 0
2804 1
2805 0
2806 1
2807 0
2808 0
2809 0
2810 2
2811 0
2812 0
2813 0
2814 0
2815 0
2816 1
2817 0
2818 1
2819 0
2820 0
2821 0
2822 0
2823 0
2824 1
2825 0
2826 0
2827 0
2828 0
2829 0
2830 1
2831 0
2832 0
2833 0
2834 2
2835 1
2836 0
2837 1
2838 3
2839 0
2840 0
2841 0
2842 0
2843 0
2844 1
2845 0
2846 0
2847 0
2848 0
2849 0
2850 0
2851 0
2852 0
2853 0
2854 1
2855 0
2856 0
2857 0
2858 0
2859 0
2860 0
2861 0
2862 2
2863 1
2864 0
2865 1
2866 1
2867 0
2868 0
2869 0
2870 2
2871 1
2872 1
2873 0
2874 0
2875 0
2876 0
2877 0
2878 0
2879 0
2880 0
2881 0
2882 0
2883 0
2884 0
2885 0
2886 0
2887 0
2888 0
2889 0
2890 0
2891 1
2892 0
2893 0
2894 0
2895 1
2896 0
2897 0
2898 1
2899 0
2900 0
2901 0
2902 0
2903 2
2904 0
2905 1
2906 1
2907 1
2908 0
2909 0
2910 0
2911 0
2912 0
2913 1
2914 0
2915 0
2916 0
2917 0
2918 0
2919 1
2920 1
2921 0
2922 1
2923 0
2924 1
2925 0
2926 0
2927 0
2928 1
2929 0
2930 0
2931 0
2932 0
2933 0
2934 0
2935 1
2936 0
2937 0
2938 1
2939 0
2940 1
2941 0
2942 0
2943 0
2944 1
2945 0
2946 1
2947 1
2948 0
2949 3
2950 1
2951 0
2952 1
2953 1
2954 0
2955 1
2956 0
2957 0
2958 0
2959 0
2960 0
2961 0
2962 1
2963 1
2964 0
2965 1
2966 0
2967 0
2968 1
2969 1
2970 0
2971 0
2972 0
2973 0
2974 1
2975 0
2976 1
2977 1
2978 1
2979 0
2980 0
2981 0
2982 0
2983 1
2984 1
2985 2
2986 0
2987 1
2988 0
2989 1
2990 0
2991 0
2992 0
2993 1
2994 1
2995 0
2996 0
2997 1
2998 0
2999 0
3000 0
3001 0
3002 0
3003 0
3004 0
3005 3
3006 0
3007 0
3008 0
3009 1
3010 2
3011 1
3012 1
3013 0
3014 0
3015 2
3016 0
3017 0
3018 1
3019 0
3020 1
3021 1
3022 1
3023 1
3024 1
3025 2
3026 0
3027 0
3028 0
3029 1
3030 2
3031 1
3032 1
3033 0
3034 0
3035 0
3036 0
3037 0
3038 0
3039 1
3040 0
3041 1
3042 1
3043 2
3044 0
3045 0
3046 1
3047 1
3048 1
3049 1
3050 1
3051 0
3052 0
3053 1
3054 0
3055 1
3056 0
3057 1
3058 1
3059 1
3060 0
3061 0
3062 0
3063 0
3064 0
3065 1
3066 0
3067 1
3068 0
3069 1
3070 1
3071 0
3072 1
3073 0
3074 0
3075 0
3076 3
3077 0
3078 1
3079 0
3080 0
3081 0
3082 0
3083 0
3084 1
3085 0
3086 0
3087 0
3088 0
3089 0
3090 2
3091 1
3092 0
3093 0
3094 1
3095 0
3096 0
3097 1
3098 0
3099 1
3100 1
3101 0
3102 0
3103 0
3104 1
3105 1
3106 1
3107 0
3108 0
3109 0
3110 0
3111 0
3112 0
3113 0
3114 0
3115 0
3116 0
3117 0
3118 0
3119 1
3120 0
3121 1
3122 0
3123 1
3124 0
3125 0
3126 0
3127 1
3128 1
3129 0
3130 0
3131 0
3132 1
3133 1
3134 0
3135 0
3136 0
3137 1
3138 0
3139 0
3140 0
3141 0
3142 0
3143 0
3144 0
3145 0
3146 0
3147 3
3148 0
3149 1
3150 1
3151 0
3152 1
3153 0
3154 1
3155 1
3156 1
3157 1
3158 1
3159 0
3160 0
3161 0
3162 0
3163 0
3164 1
3165 1
3166 2
3167 0
3168 0
3169 0
3170 1
3171 1
3172 2
3173 0
3174 1
3175 0
3176 3
3177 0
3178 2
3179 0
3180 0
3181 2
3182 4
3183 1
3184 0
3185 0
3186 1
3187 0
3188 1
3189 0
3190 0
3191 0
3192 0
3193 1
3194 0
3195 0
3196 0
3197 0
3198 1
3199 0
3200 1
3201 1
3202 1
3203 0
3204 0
3205 0
3206 1
3207 1
3208 0
3209 0
3210 0
3211 0
3212 1
3213 0
3214 0
3215 1
3216 1
3217 0
3218 0
3219 0
3220 1
3221 1
3222 0
3223 0
3224 0
3225 1
3226 0
3227 0
3228 2
3229 0
3230 2
3231 1
3232 1
3233 1
3234 0
3235 0
3236 0
3237 1
3238 0
3239 0
3240 1
3241 0
3242 0
3243 0
3244 1
3245 1
3246 1
3247 0
3248 1
3249 1
3250 1
3251 0
3252 0
3253 0
3254 0
3255 0
3256 0
3257 1
3258 0
3259 1
3260 1
3261 0
3262 0
3263 0
3264 1
3265 0
3266 0
3267 0
3268 0
3269 0
3270 0
3271 0
3272 0
3273 1
3274 0
3275 0
3276 1
3277 0
3278 0
3279 1
3280 0
3281 1
3282 0
3283 1
3284 0
3285 1
3286 0
3287 1
3288 0
3289 0
3290 0
3291 1
3292 1
3293 1
3294 0
3295 2
3296 0
3297 0
3298 0
3299 1
3300 2
3301 0
3302 0
3303 0
3304 0
3305 1
3306 0
3307 0
3308 0
3309 1
3310 2
3311 1
3312 0
3313 0
3314 0
3315 1
3316 0
3317 1
3318 1
3319 0
3320 0
3321 0
3322 1
3323 0
3324 0
3325 0
3326 2
3327 1
3328 2
3329 1
3330 0
3331 0
3332 0
3333 0
3334 0
3335 0
3336 0
3337 0
3338 1
3339 0
3340 0
3341 1
3342 0
3343 0
3344 0
3345 1
3346 0
3347 0
3348 0
3349 0
3350 1
3351 1
3352 0
3353 0
3354 0
3355 0
3356 0
3357 0
3358 0
3359 0
3360 0
3361 2
3362 0
3363 0
3364 1
3365 1
3366 0
3367 3
3368 0
3369 0
3370 1
3371 0
3372 1
3373 1
3374 0
3375 0
3376 0
3377 1
3378 0
3379 1
3380 0
3381 0
3382 0
3383 0
3384 0
3385 0
3386 2
3387 0
3388 0
3389 0
3390 0
3391 0
3392 0
3393 0
3394 0
3395 0
3396 0
3397 0
3398 0
3399 0
3400 0
3401 0
3402 0
3403 3
3404 0
3405 0
3406 0
3407 0
3408 0
3409 0
3410 0
3411 0
3412 0
3413 0
3414 0
3415 0
3416 0
3417 0
3418 2
3419 0
3420 1
3421 0
3422 0
3423 1
3424 0
3425 0
3426 0
3427 0
3428 0
3429 1
3430 1
3431 0
3432 1
3433 1
3434 3
3435 0
3436 0
3437 1
3438 0
3439 0
3440 0
3441 0
3442 0
3443 0
3444 1
3445 0
3446 0
3447 1
3448 0
3449 0
3450 1
3451 2
3452 2
3453 1
3454 0
3455 1
3456 1
3457 0
3458 0
3459 1
3460 0
3461 1
3462 0
3463 0
3464 0
3465 0
3466 0
3467 1
3468 1
3469 0
3470 1
3471 0
3472 0
3473 1
3474 0
3475 0
3476 0
3477 0
3478 2
3479 1
3480 0
3481 0
3482 0
3483 1
3484 1
3485 0
3486 0
3487 0
3488 0
3489 1
3490 0
3491 0
3492 1
3493 3
3494 0
3495 0
3496 1
3497 1
3498 0
3499 0
3500 0
3501 2
3502 1
3503 1
3504 1
3505 0
3506 0
3507 1
3508 0
3509 0
3510 0
3511 0
3512 0
3513 0
3514 0
3515 0
3516 0
3517 0
3518 0
3519 0
3520 0
3521 1
3522 0
3523 1
3524 0
3525 0
3526 0
3527 1
3528 0
3529 0
3530 0
3531 2
3532 1
3533 0
3534 0
3535 0
3536 0
3537 1
3538 0
3539 0
3540 0
3541 0
3542 0
3543 0
3544 2
3545 0
3546 0
3547 3
3548 1
3549 2
3550 0
3551 0
3552 0
3553 1
3554 0
3555 1
3556 0
3557 0
3558 0
3559 0
3560 2
3561 1
3562 0
3563 0
3564 0
3565 0
3566 1
3567 0
3568 0
3569 2
3570 0
3571 0
3572 1
3573 0
3574 0
3575 1
3576 0
3577 0
3578 0
3579 1
3580 1
3581 1
3582 0
3583 3
3584 1
3585 0
3586 0
3587 0
3588 1
3589 1
3590 0
3591 0
3592 0
3593 0
3594 1
3595 0
3596 1
3597 0
3598 0
3599 0
3600 0
3601 1
3602 1
3603 1
3604 1
3605 0
3606 0
3607 0
3608 1
3609 1
3610 0
3611 0
3612 0
3613 0
3614 0
3615 0
3616 0
3617 0
3618 2
3619 2
3620 1
3621 0
3622 0
3623 0
3624 1
3625 0
3626 0
3627 0
3628 0
3629 0
3630 0
3631 1
3632 0
3633 1
3634 0
3635 1
3636 0
3637 1
3638 1
3639 0
3640 1
3641 2
3642 0
3643 1
3644 0
3645 0
3646 0
3647 0
3648 0
3649 1
3650 1
3651 0
3652 1
3653 0
3654 1
3655 0
3656 0
3657 0
3658 0
3659 0
3660 1
3661 1
3662 0
3663 0
3664 0
3665 1
3666 0
3667 0
3668 4
3669 2
3670 0
3671 0
3672 1
3673 0
3674 0
3675 0
3676 0
3677 2
3678 0
3679 1
3680 0
3681 1
3682 0
3683 0
3684 0
3685 0
3686 1
3687 0
3688 0
3689 0
3690 2
3691 1
3692 0
3693 0
3694 1
3695 0
3696 0
3697 0
3698 1
3699 0
3700 0
3701 0
3702 1
3703 2
3704 0
3705 0
3706 0
3707 1
3708 1
3709 0
3710 1
3711 1
3712 0
3713 0
3714 0
3715 0
3716 1
3717 1
3718 1
3719 0
3720 0
3721 0
3722 0
3723 0
3724 0
3725 3
3726 0
3727 0
3728 1
3729 0
3730 0
3731 1
3732 0
3733 1
3734 0
3735 0
3736 0
3737 0
3738 1
3739 0
3740 1
3741 0
3742 0
3743 1
3744 1
3745 0
3746 0
3747 1
3748 0
3749 1
3750 0
3751 0
3752 1
3753 0
3754 0
3755 0
3756 1
3757 1
3758 0
3759 2
3760 1
3761 0
3762 1
3763 0
3764 0
3765 0
3766 0
3767 0
3768 0
3769 0
3770 2
3771 0
3772 0
3773 0
3774 1
3775 0
3776 0
3777 1
3778 0
3779 0
3780 0
3781 3
3782 0
3783 1
3784 0
3785 0
3786 1
3787 0
3788 0
3789 0
3790 1
3791 1
3792 0
3793 0
3794 0
3795 1
3796 2
3797 0
3798 1
3799 0
3800 1
3801 0
3802 1
3803 1
3804 1
3805 0
3806 2
3807 0
3808 0
3809 0
3810 1
3811 0
3812 0
3813 0
3814 0
3815 1
3816 1
3817 0
3818 0
3819 1
3820 1
3821 1
3822 0
3823 0
3824 0
3825 0
3826 0
3827 0
3828 0
3829 0
3830 0
3831 2
3832 1
3833 1
3834 1
3835 0
3836 0
3837 1
3838 1
3839 1
3840 0
3841 1
3842 0
3843 0
3844 0
3845 0
3846 0
3847 0
3848 2
3849 0
3850 0
3851 0
3852 0
3853 0
3854 0
3855 0
3856 0
3857 0
3858 0
3859 0
3860 0
3861 0
3862 0
3863 1
3864 0
3865 0
3866 0
3867 0
3868 1
3869 0
3870 0
3871 0
3872 2
3873 0
3874 1
3875 1
3876 0
3877 0
3878 0
3879 0
3880 0
3881 0
3882 0
3883 0
3884 0
3885 0
3886 0
3887 0
3888 0
3889 1
3890 0
3891 0
3892 1
3893 0
3894 0
3895 1
3896 0
3897 1
3898 0
3899 0
3900 0
3901 0
3902 1
3903 1
3904 0
3905 0
3906 0
3907 1
3908 1
3909 0
3910 0
3911 0
3912 1
3913 1
3914 0
3915 0
3916 2
3917 0
3918 0
3919 0
3920 0
3921 1
3922 0
3923 1
3924 0
3925 0
3926 1
3927 1
3928 2
3929 0
3930 0
3931 0
3932 1
3933 1
3934 0
3935 0
3936 1
3937 1
3938 1
3939 0
3940 0
3941 0
3942 0
3943 0
3944 0
3945 0
3946 1
3947 0
3948 0
3949 1
3950 0
3951 0
3952 1
3953 1
3954 1
3955 2
3956 0
3957 1
3958 0
3959 1
3960 0
3961 0
3962 1
3963 1
3964 0
3965 1
3966 3
3967 0
3968 0
3969 1
3970 0
3971 0
3972 1
3973 0
3974 0
3975 0
3976 1
3977 1
3978 0
3979 0
3980 1
3981 0
3982 1
3983 0
3984 1
3985 1
3986 0
3987 0
3988 0
3989 0
3990 0
3991 0
3992 1
3993 0
3994 0
3995 0
3996 0
3997 0
3998 0
3999 2
4000 0
4001 0
4002 1
4003 0
4004 0
4005 0
4006 0
4007 1
4008 0
4009 0
4010 1
4011 0
4012 0
4013 0
4014 0
4015 0
4016 0
4017 0
4018 0
4019 2
4020 1
4021 0
4022 1
4023 0
4024 0
4025 2
4026 1
4027 0
4028 0
4029 2
4030 0
4031 0
4032 0
4033 1
4034 1
4035 0
4036 0
4037 0
4038 0
4039 0
4040 1
4041 0
4042 1
4043 0
4044 1
4045 0
4046 0
4047 0
4048 1
4049 0
4050 0
4051 1
4052 0
4053 1
4054 1
4055 0
4056 0
4057 0
4058 0
4059 1
4060 0
4061 1
4062 0
4063 0
4064 1
4065 0
4066 0
4067 0
4068 1
4069 0
4070 0
4071 0
4072 1
4073 1
4074 1
4075 0
4076 0
4077 0
4078 1
4079 0
4080 1
4081 0
4082 0
4083 0
4084 0
4085 0
4086 1
4087 2
4088 1
4089 0
4090 0
4091 0
4092 0
4093 1
4094 0
4095 0
4096 0
4097 0
4098 0
4099 0
4100 0
4101 1
4102 1
4103 1
4104 2
4105 0
4106 0
4107 1
4108 0
4109 1
4110 0
4111 0
4112 1
4113 0
4114 0
4115 0
4116 0
4117 0
4118 0
4119 0
4120 0
4121 0
4122 0
4123 0
4124 0
4125 1
4126 0
4127 0
4128 0
4129 0
4130 0
4131 0
4132 0
4133 0
4134 1
4135 0
4136 2
4137 1
4138 0
4139 0
4140 1
4141 0
4142 0
4143 0
4144 0
4145 0
4146 1
4147 1
4148 0
4149 0
4150 0
4151 0
4152 0
4153 1
4154 0
4155 0
4156 1
4157 0
4158 0
4159 0
4160 1
4161 0
4162 0
4163 1
4164 0
4165 1
4166 0
4167 1
4168 0
4169 1
4170 0
4171 1
4172 0
4173 0
4174 0
4175 0
4176 0
4177 0
4178 1
4179 0
4180 1
4181 1
4182 0
4183 2
4184 2
4185 2
4186 1
4187 0
4188 0
4189 0
4190 0
4191 1
4192 2
4193 1
4194 1
4195 0
4196 2
4197 2
4198 0
4199 0
4200 0
4201 0
4202 0
4203 0
4204 0
4205 0
4206 1
4207 0
4208 0
4209 1
4210 0
4211 1
4212 0
4213 0
4214 0
4215 0
4216 0
4217 0
4218 0
4219 0
4220 2
4221 0
4222 0
4223 0
4224 0
4225 0
4226 0
4227 1
4228 0
4229 1
4230 0
4231 0
4232 2
4233 0
4234 0
4235 0
4236 0
4237 0
4238 1
4239 1
4240 0
4241 1
4242 0
4243 1
4244 1
4245 1
4246 0
4247 0
4248 0
4249 0
4250 0
4251 1
4252 0
4253 0
4254 0
4255 0
4256 0
4257 0
4258 0
4259 0
4260 0
4261 0
4262 0
4263 0
4264 1
4265 0
4266 0
4267 1
4268 1
4269 0
4270 0
4271 0
4272 1
4273 0
4274 0
4275 1
4276 0
4277 0
4278 0
4279 0
4280 0
4281 1
4282 1
4283 0
4284 1
4285 1
4286 1
4287 2
4288 0
4289 0
4290 0
4291 1
4292 1
4293 0
4294 0
4295 1
4296 0
4297 0
4298 0
4299 0
4300 0
4301 0
4302 0
4303 0
4304 2
4305 0
4306 0
4307 0
4308 0
4309 0
4310 1
4311 1
4312 0
4313 0
4314 1
4315 2
4316 1
4317 0
4318 0
4319 1
4320 0
4321 1
4322 1
4323 0
4324 0
4325 1
4326 0
4327 0
4328 0
4329 0
4330 0
4331 3
4332 0
4333 1
4334 0
4335 1
4336 0
4337 0
4338 1
4339 2
4340 1
4341 0
4342 1
4343 0
4344 1
4345 0
4346 0
4347 0
4348 0
4349 0
4350 0
4351 0
4352 2
4353 0
4354 1
4355 1
4356 0
4357 0
4358 0
4359 0
4360 0
4361 1
4362 0
4363 0
4364 0
4365 0
4366 0
4367 1
4368 1
4369 0
4370 0
4371 0
4372 0
4373 0
4374 0
4375 0
4376 0
4377 0
4378 1
4379 1
4380 0
4381 0
4382 0
4383 0
4384 1
4385 0
4386 0
4387 0
4388 0
4389 0
4390 0
4391 1
4392 0
4393 0
4394 0
4395 0
4396 0
4397 0
4398 0
4399 0
4400 1
4401 0
4402 0
4403 0
4404 0
4405 0
4406 1
4407 0
4408 0
4409 0
4410 1
4411 2
4412 1
4413 0
4414 0
4415 0
4416 1
4417 1
4418 0
4419 0
4420 1
4421 0
4422 1
4423 1
4424 2
4425 0
4426 0
4427 2
4428 0
4429 1
4430 0
4431 0
4432 0
4433 0
4434 0
4435 0
4436 0
4437 0
4438 0
4439 0
4440 0
4441 0
4442 0
4443 0
4444 0
4445 1
4446 0
4447 0
4448 0
4449 1
4450 0
4451 0
4452 1
4453 0
4454 0
4455 0
4456 1
4457 0
4458 1
4459 0
4460 1
4461 0
4462 0
4463 0
4464 0
4465 0
4466 0
4467 0
4468 0
4469 1
4470 0
4471 0
4472 1
4473 1
4474 1
4475 0
4476 2
4477 0
4478 0
4479 0
4480 0
4481 0
4482 0
4483 0
4484 0
4485 0
4486 0
4487 0
4488 1
4489 2
4490 1
4491 0
4492 0
4493 1
4494 0
4495 1
4496 1
4497 0
4498 0
4499 1
4500 0
4501 0
4502 0
4503 0
4504 0
4505 2
4506 0
4507 0
4508 0
4509 0
4510 0
4511 4
4512 1
4513 0
4514 1
4515 1
4516 0
4517 0
4518 0
4519 0
4520 0
4521 0
4522 0
4523 1
4524 0
4525 0
4526 1
4527 0
4528 0
4529 1
4530 0
4531 0
4532 1
4533 0
4534 0
4535 0
4536 2
4537 0
4538 0
4539 0
4540 1
4541 2
4542 0
4543 1
4544 0
4545 0
4546 0
4547 1
4548 0
4549 0
4550 2
4551 0
4552 0
4553 0
4554 0
4555 0
4556 1
4557 1
4558 0
4559 0
4560 0
4561 0
4562 0
4563 1
4564 1
4565 0
4566 0
4567 1
4568 0
4569 0
4570 0
4571 0
4572 1
4573 0
4574 2
4575 0
4576 0
4577 0
4578 0
4579 0
4580 1
4581 0
4582 1
4583 1
4584 0
4585 0
4586 1
4587 0
4588 0
4589 0
4590 1
4591 0
4592 0
4593 0
4594 1
4595 0
4596 0
4597 2
4598 0
4599 0
4600 1
4601 0
4602 0
4603 0
4604 1
4605 0
4606 0
4607 0
4608 0
4609 0
4610 0
4611 0
4612 0
4613 0
4614 1
4615 0
4616 1
4617 0
4618 0
4619 0
4620 1
4621 0
4622 0
4623 1
4624 1
4625 0
4626 0
4627 0
4628 0
4629 0
4630 1
4631 1
4632 0
4633 1
4634 0
4635 1
4636 0
4637 1
4638 0
4639 0
4640 0
4641 1
4642 0
4643 0
4644 0
4645 0
4646 0
4647 2
4648 0
4649 0
4650 0
4651 1
4652 0
4653 0
4654 0
4655 1
4656 0
4657 0
4658 0
4659 2
4660 0
4661 0
4662 0
4663 1
4664 1
4665 1
4666 1
4667 0
4668 0
4669 0
4670 0
4671 0
4672 0
4673 0
4674 1
4675 0
4676 0
4677 0
4678 0
4679 0
4680 0
4681 0
4682 0
4683 0
4684 1
4685 0
4686 0
4687 0
4688 0
4689 0
4690 1
4691 1
4692 0
4693 1
4694 1
4695 1
4696 0
4697 0
4698 0
4699 2
4700 0
4701 0
4702 0
4703 0
4704 0
4705 1
4706 2
4707 1
4708 0
4709 1
4710 0
4711 0
4712 0
4713 0
4714 0
4715 0
4716 0
4717 0
4718 2
4719 1
4720 0
4721 0
4722 0
4723 0
4724 1
4725 1
4726 1
4727 0
4728 0
4729 0
4730 0
4731 0
4732 0
4733 0
4734 0
4735 1
4736 0
4737 0
4738 0
4739 0
4740 0
4741 1
4742 1
4743 0
4744 2
4745 1
4746 1
4747 0
4748 1
4749 0
4750 0
4751 0
4752 1
4753 0
4754 0
4755 0
4756 0
4757 1
4758 0
4759 0
4760 1
4761 0
4762 2
4763 0
4764 0
4765 0
4766 0
4767 0
4768 0
4769 1
4770 0
4771 0
4772 0
4773 0
4774 1
4775 0
4776 0
4777 1
4778 2
4779 0
4780 0
4781 0
4782 0
4783 0
4784 0
4785 0
4786 0
4787 1
4788 0
4789 0
4790 0
4791 0
4792 0
4793 0
4794 0
4795 1
4796 2
4797 0
4798 0
4799 1
4800 1
4801 0
4802 0
4803 0
4804 1
4805 0
4806 0
4807 1
4808 0
4809 0
4810 2
4811 0
4812 0
4813 1
4814 1
4815 2
4816 1
4817 1
4818 0
4819 0
4820 0
4821 1
4822 0
4823 0
4824 1
4825 0
4826 0
4827 1
4828 0
4829 0
4830 0
4831 0
4832 0
4833 0
4834 2
4835 0
4836 3
4837 0
4838 2
4839 1
4840 0
4841 0
4842 1
4843 0
4844 1
4845 1
4846 0
4847 2
4848 1
4849 1
4850 0
4851 0
4852 0
4853 0
4854 1
4855 1
4856 1
4857 0
4858 2
4859 0
4860 1
4861 0
4862 1
4863 2
4864 1
4865 0
4866 0
4867 1
4868 0
4869 0
4870 0
4871 0
4872 0
4873 1
4874 0
4875 0
4876 0
4877 2
4878 0
4879 0
4880 1
4881 0
4882 1
4883 0
4884 0
4885 0
4886 0
4887 0
4888 0
4889 0
4890 1
4891 0
4892 0
4893 0
4894 0
4895 0
4896 0
4897 0
4898 0
4899 0
4900 0
4901 0
4902 0
4903 0
4904 1
4905 0
4906 1
4907 1
4908 0
4909 0
4910 0
4911 0
4912 0
4913 0
4914 0
4915 0
4916 0
4917 0
4918 0
4919 1
4920 0
4921 0
4922 0
4923 2
4924 0
4925 0
4926 0
4927 0
4928 0
4929 1
4930 0
4931 0
4932 0
4933 0
4934 0
4935 0
4936 0
4937 1
4938 1
4939 0
4940 0
4941 0
4942 0
4943 0
4944 0
4945 0
4946 0
4947 1
4948 2
4949 0
4950 0
4951 2
4952 0
4953 0
4954 0
4955 1
4956 1
4957 0
4958 0
4959 0
4960 0
4961 0
4962 1
4963 0
4964 0
4965 0
4966 0
4967 0
4968 0
4969 1
4970 1
4971 2
4972 0
4973 0
4974 0
4975 0
4976 0
4977 0
4978 0
4979 0
4980 0
4981 1
4982 1
4983 1
4984 1
4985 0
4986 0
4987 1
4988 0
4989 0
4990 1
4991 0
4992 0
4993 0
4994 0
4995 0
4996 1
4997 0
4998 1
4999 1
5000 1
5001 0
5002 3
5003 0
5004 0
5005 0
5006 0
5007 1
5008 0
5009 0
5010 0
5011 1
5012 1
5013 0
5014 0
5015 1
5016 1
5017 0
5018 0
5019 2
5020 0
5021 0
5022 2
5023 0
5024 1
5025 0
5026 2
5027 0
5028 0
5029 0
5030 0
5031 0
5032 0
5033 0
5034 0
5035 0
5036 1
5037 1
5038 0
5039 1
5040 1
5041 1
5042 0
5043 0
5044 1
5045 0
5046 2
5047 0
5048 0
5049 1
5050 0
5051 0
5052 0
5053 0
5054 0
5055 0
5056 0
5057 0
5058 0
5059 0
5060 0
5061 0
5062 0
5063 0
5064 0
5065 0
5066 1
5067 0
5068 1
5069 0
5070 0
5071 1
5072 0
5073 0
5074 1
5075 2
5076 0
5077 0
5078 0
5079 1
5080 0
5081 0
5082 0
5083 0
5084 0
5085 0
5086 0
5087 1
5088 1
5089 1
5090 1
5091 0
5092 0
5093 0
5094 0
5095 0
5096 0
5097 1
5098 0
5099 0
5100 0
5101 0
5102 0
5103 0
5104 0
5105 2
5106 0
5107 0
5108 1
5109 0
5110 0
5111 3
5112 0
5113 0
5114 0
5115 0
5116 0
5117 0
5118 2
5119 1
5120 1
5121 0
5122 1
5123 0
5124 2
5125 0
5126 1
5127 0
5128 1
5129 0
5130 0
5131 0
5132 0
5133 0
5134 0
5135 0
5136 0
5137 0
5138 0
5139 0
5140 0
5141 0
5142 1
5143 0
5144 1
5145 2
5146 0
5147 0
5148 0
5149 0
5150 0
5151 0
5152 0
5153 0
5154 0
5155 1
5156 0
5157 1
5158 0
5159 1
5160 0
5161 0
5162 0
5163 0
5164 0
5165 0
5166 1
5167 0
5168 1
5169 0
5170 1
5171 0
5172 2
5173 0
5174 0
5175 0
5176 2
5177 0
5178 0
5179 0
5180 1
5181 1
5182 0
5183 0
5184 0
5185 1
5186 1
5187 0
5188 0
5189 1
5190 0
5191 0
5192 0
5193 0
5194 0
5195 0
5196 0
5197 1
5198 0
5199 0
5200 0
5201 1
5202 0
5203 1
5204 0
5205 0
5206 0
5207 0
5208 1
5209 1
5210 1
5211 0
5212 1
5213 0
5214 1
5215 0
5216 1
5217 0
5218 0
5219 0
5220 1
5221 0
5222 0
5223 0
5224 0
5225 0
5226 1
5227 1
5228 0
5229 2
5230 1
5231 1
5232 0
5233 0
5234 0
5235 1
5236 0
5237 0
5238 2
5239 0
5240 1
5241 0
5242 0
5243 0
5244 0
5245 0
5246 0
5247 0
5248 2
5249 1
5250 0
5251 0
5252 0
5253 0
5254 0
5255 0
5256 2
5257 1
5258 1
5259 0
5260 2
5261 1
5262 0
5263 0
5264 0
5265 1
5266 0
5267 1
5268 0
5269 0
5270 0
5271 0
5272 2
5273 1
5274 0
5275 2
5276 0
5277 1
5278 1
5279 1
5280 0
5281 0
5282 2
5283 0
5284 0
5285 0
5286 1
5287 0
5288 0
5289 1
5290 0
5291 0
5292 1
5293 0
5294 0
5295 0
5296 0
5297 0
5298 1
5299 2
5300 0
5301 0
5302 1
5303 0
5304 0
5305 0
5306 1
5307 0
5308 0
5309 0
5310 1
5311 2
5312 0
5313 1
5314 1
5315 1
5316 0
5317 0
5318 0
5319 2
5320 0
5321 0
5322 1
5323 0
5324 0
5325 0
5326 0
5327 0
5328 0
5329 0
5330 0
5331 0
5332 1
5333 1
5334 0
5335 1
5336 2
5337 0
5338 0
5339 0
5340 0
5341 3
5342 0
5343 0
5344 1
5345 0
5346 0
5347 2
5348 1
5349 1
5350 0
5351 1
5352 0
5353 0
5354 1
5355 0
5356 0
5357 0
5358 0
5359 1
5360 1
5361 0
5362 0
5363 1
5364 0
5365 0
5366 0
5367 0
5368 0
5369 0
5370 0
5371 0
5372 0
5373 1
5374 0
5375 0
5376 0
5377 0
5378 0
5379 0
5380 0
5381 0
5382 0
5383 0
5384 0
5385 0
5386 0
5387 0
5388 0
5389 0
5390 0
5391 0
5392 0
5393 1
5394 2
5395 1
5396 0
5397 0
5398 0
5399 2
5400 1
5401 0
5402 0
5403 1
5404 2
5405 1
5406 0
5407 0
5408 0
5409 1
5410 0
5411 0
5412 0
5413 1
5414 0
5415 0
5416 0
5417 2
5418 0
5419 0
5420 1
5421 0
5422 1
5423 0
5424 1
5425 0
5426 0
5427 2
5428 1
5429 0
5430 0
5431 1
5432 0
5433 0
5434 0
5435 0
5436 1
5437 1
5438 0
5439 1
5440 0
5441 0
5442 0
5443 0
5444 1
5445 1
5446 1
5447 0
5448 0
5449 0
5450 0
5451 0
5452 2
5453 2
5454 1
5455 0
5456 0
5457 0
5458 0
5459 0
5460 0
5461 0
5462 2
5463 2
5464 1
5465 0
5466 0
5467 0
5468 2
5469 0
5470 1
5471 0
5472 2
5473 0
5474 0
5475 1
5476 0
5477 2
5478 0
5479 1
5480 1
5481 1
5482 0
5483 1
5484 0
5485 0
5486 1
5487 0
5488 0
5489 0
5490 1
5491 0
5492 0
5493 1
5494 1
5495 0
5496 0
5497 0
5498 1
5499 1
5500 0
5501 0
5502 1
5503 0
5504 0
5505 1
5506 0
5507 0
5508 1
5509 2
5510 0
5511 0
5512 0
5513 0
5514 0
5515 0
5516 0
5517 0
5518 0
5519 1
5520 1
5521 0
5522 0
5523 0
5524 1
5525 1
5526 1
5527 1
5528 2
5529 1
5530 0
5531 0
5532 1
5533 0
5534 0
5535 0
5536 0
5537 1
5538 1
5539 0
5540 1
5541 0
5542 0
5543 0
5544 1
5545 0
5546 1
5547 0
5548 1
5549 2
5550 1
5551 0
5552 0
5553 1
5554 1
5555 0
5556 0
5557 0
5558 0
5559 0
5560 0
5561 1
5562 0
5563 0
5564 0
5565 1
5566 0
5567 0
5568 0
5569 0
5570 0
5571 0
5572 1
5573 1
5574 1
5575 0
5576 0
5577 0
5578 0
5579 0
5580 0
5581 1
5582 0
5583 1
5584 0
5585 0
5586 0
5587 0
5588 0
5589 1
5590 0
5591 0
5592 0
5593 0
5594 1
5595 1
5596 0
5597 0
5598 1
5599 0
5600 0
5601 1
5602 0
5603 0
5604 0
5605 0
5606 0
5607 0
5608 0
5609 0
5610 0
5611 2
5612 3
5613 0
5614 1
5615 0
5616 0
5617 0
5618 0
5619 0
5620 1
5621 0
5622 1
5623 0
5624 0
5625 1
5626 0
5627 0
5628 0
5629 0
5630 0
5631 0
5632 0
5633 0
5634 0
5635 0
5636 0
5637 0
5638 0
5639 0
5640 0
5641 2
5642 1
5643 0
5644 0
5645 1
5646 2
5647 0
5648 1
5649 0
5650 0
5651 0
5652 0
5653 0
5654 0
5655 0
5656 0
5657 0
5658 0
5659 1
5660 1
5661 0
5662 0
5663 0
5664 0
5665 0
5666 0
5667 0
5668 0
5669 1
5670 0
5671 0
5672 0
5673 0
5674 0
5675 0
5676 0
5677 2
5678 1
5679 0
5680 0
5681 0
5682 0
5683 0
5684 1
5685 0
5686 0
5687 0
5688 1
5689 0
5690 1
5691 0
5692 0
5693 0
5694 1
5695 1
5696 1
5697 1
5698 0
5699 0
5700 0
5701 0
5702 1
5703 1
5704 1
5705 0
5706 1
5707 0
5708 0
5709 1
5710 0
5711 1
5712 1
5713 0
5714 0
5715 1
5716 0
5717 0
5718 0
5719 1
5720 1
5721 0
5722 0
5723 2
5724 1
5725 0
5726 0
5727 0
5728 0
5729 1
5730 3
5731 0
5732 0
5733 4
5734 1
5735 0
5736 0
5737 0
5738 0
5739 0
5740 0
5741 0
5742 0
5743 0
5744 0
5745 0
5746 0
5747 0
5748 0
5749 1
5750 0
5751 0
5752 0
5753 2
5754 0
5755 0
5756 0
5757 1
5758 0
5759 0
5760 0
5761 0
5762 0
5763 0
5764 0
5765 1
5766 0
5767 0
5768 0
5769 0
5770 0
5771 0
5772 0
5773 0
5774 0
5775 1
5776 0
5777 0
5778 1
5779 1
5780 1
5781 0
5782 1
5783 2
5784 0
5785 0
5786 0
5787 0
5788 0
5789 1
5790 0
5791 0
5792 1
5793 2
5794 0
5795 1
5796 0
5797 0
5798 0
5799 0
5800 0
5801 0
5802 0
5803 0
5804 0
5805 1
5806 1
5807 0
5808 1
5809 0
5810 1
5811 1
5812 1
5813 0
5814 0
5815 0
5816 0
5817 1
5818 4
5819 2
5820 0
5821 1
5822 0
5823 0
5824 0
5825 0
5826 0
5827 1
5828 1
5829 0
5830 2
5831 0
5832 0
5833 0
5834 0
5835 1
5836 1
5837 0
5838 0
5839 0
5840 0
5841 1
5842 0
5843 1
5844 1
5845 0
5846 1
5847 0
5848 0
5849 0
5850 0
5851 1
5852 0
5853 1
5854 0
5855 1
5856 0
5857 0
5858 0
5859 0
5860 0
5861 1
5862 0
5863 0
5864 0
5865 1
5866 0
5867 0
5868 0
5869 0
5870 0
5871 1
5872 0
5873 0
5874 1
5875 0
5876 0
5877 0
5878 0
5879 1
5880 0
5881 1
5882 0
5883 0
5884 0
5885 0
5886 0
5887 0
5888 1
5889 1
5890 2
5891 1
5892 0
5893 0
5894 0
5895 1
5896 0
5897 1
5898 0
5899 1
5900 1
5901 1
5902 1
5903 0
5904 1
5905 1
5906 1
5907 0
5908 0
5909 0
5910 0
5911 1
5912 0
5913 0
5914 1
5915 0
5916 0
5917 1
5918 1
5919 0
5920 2
5921 0
5922 0
5923 1
5924 0
5925 0
5926 0
5927 1
5928 0
5929 0
5930 1
5931 0
5932 0
5933 0
5934 0
5935 3
5936 1
5937 0
5938 0
5939 1
5940 0
5941 0
5942 1
5943 0
5944 0
5945 0
5946 1
5947 0
5948 0
5949 0
5950 1
5951 1
5952 0
5953 0
5954 0
5955 0
5956 0
5957 0
5958 0
5959 0
5960 0
5961 2
5962 0
5963 1
5964 0
5965 1
5966 1
5967 2
5968 0
5969 0
5970 1
5971 1
5972 0
5973 0
5974 0
5975 0
5976 0
5977 0
5978 0
5979 2
5980 0
5981 1
5982 1
5983 0
5984 3
5985 1
5986 1
5987 0
5988 0
5989 2
5990 0
5991 1
5992 0
5993 0
5994 1
5995 1
5996 1
5997 2
5998 0
5999 0
6000 0
6001 1
6002 0
6003 1
6004 0
6005 0
6006 0
6007 2
6008 0
6009 0
6010 2
6011 1
6012 3
6013 0
6014 0
6015 0
6016 2
6017 0
6018 2
6019 0
6020 0
6021 0
6022 0
6023 0
6024 1
6025 0
6026 0
6027 0
6028 0
6029 0
6030 0
6031 0
6032 0
6033 0
6034 0
6035 0
6036 1
6037 0
6038 0
6039 0
6040 1
6041 0
6042 0
6043 2
6044 0
6045 0
6046 0
6047 0
6048 0
6049 1
6050 0
6051 0
6052 0
6053 1
6054 0
6055 0
6056 0
6057 1
6058 0
6059 1
6060 0
6061 0
6062 0
6063 1
6064 0
6065 0
6066 0
6067 0
6068 0
6069 1
6070 0
6071 1
6072 1
6073 0
6074 1
6075 0
6076 0
6077 0
6078 0
6079 1
6080 0
6081 0
6082 0
6083 0
6084 0
6085 0
6086 0
6087 1
6088 0
6089 0
6090 0
6091 0
6092 0
6093 0
6094 0
6095 0
6096 0
6097 0
6098 0
6099 0
6100 1
6101 0
6102 1
6103 0
6104 0
6105 0
6106 1
6107 0
6108 1
6109 0
6110 0
6111 0
6112 0
6113 1
6114 0
6115 1
6116 0
6117 1
6118 0
6119 0
6120 0
6121 0
6122 0
6123 0
6124 0
6125 0
6126 1
6127 1
6128 0
6129 1
6130 0
6131 0
6132 0
6133 0
6134 1
6135 0
6136 0
6137 2
6138 0
6139 2
6140 1
6141 0
6142 0
6143 1
6144 0
6145 2
6146 1
6147 0
6148 0
6149 0
6150 0
6151 1
6152 0
6153 1
6154 0
6155 0
6156 1
6157 0
6158 1
6159 0
6160 1
6161 1
6162 0
6163 1
6164 0
6165 0
6166 0
6167 0
6168 0
6169 0
6170 0
6171 2
6172 0
6173 0
6174 0
6175 0
6176 0
6177 0
6178 1
6179 0
6180 0
6181 0
6182 0
6183 0
6184 1
6185 0
6186 0
6187 0
6188 1
6189 0
6190 2
6191 0
6192 1
6193 0
6194 1
6195 0
6196 0
6197 0
6198 0
6199 0
6200 0
6201 0
6202 0
6203 0
6204 1
6205 0
6206 1
6207 0
6208 1
6209 0
6210 1
6211 0
6212 0
6213 0
6214 0
6215 0
6216 0
6217 0
6218 0
6219 0
6220 1
6221 1
6222 0
6223 0
6224 0
6225 0
6226 0
6227 0
6228 0
6229 1
6230 0
6231 1
6232 0
6233 1
6234 0
6235 1
6236 0
6237 1
6238 0
6239 0
6240 0
6241 0
6242 1
6243 0
6244 0
6245 0
6246 0
6247 1
6248 1
6249 5
6250 2
6251 1
6252 1
6253 0
6254 1
6255 0
6256 1
6257 0
6258 0
6259 0
6260 1
6261 0
6262 2
6263 0
6264 0
6265 0
6266 0
6267 2
6268 1
6269 0
6270 1
6271 1
6272 0
6273 0
6274 2
6275 2
6276 1
6277 0
6278 0
6279 0
6280 0
6281 0
6282 0
6283 1
6284 0
6285 0
6286 0
6287 2
6288 2
6289 0
6290 0
6291 1
6292 0
6293 0
6294 0
6295 1
6296 0
6297 0
6298 0
6299 0
6300 0
6301 0
6302 2
6303 0
6304 0
6305 0
6306 2
6307 2
6308 0
6309 1
6310 0
6311 0
6312 0
6313 0
6314 1
6315 1
6316 1
6317 0
6318 1
6319 0
6320 2
6321 0
6322 0
6323 0
6324 1
6325 1
6326 0
6327 1
6328 0
6329 1
6330 0
6331 0
6332 0
6333 0
6334 0
6335 0
6336 2
6337 0
6338 0
6339 0
6340 0
6341 1
6342 0
6343 3
6344 0
6345 0
6346 1
6347 0
6348 2
6349 1
6350 0
6351 0
6352 0
6353 1
6354 0
6355 0
6356 0
6357 1
6358 0
6359 0
6360 0
6361 0
6362 0
6363 0
6364 0
6365 0
6366 1
6367 0
6368 0
6369 1
6370 0
6371 0
6372 0
6373 3
6374 0
6375 0
6376 0
6377 1
6378 0
6379 1
6380 0
6381 1
6382 0
6383 1
6384 0
6385 0
6386 1
6387 1
6388 1
6389 0
6390 0
6391 0
6392 0
6393 0
6394 0
6395 0
6396 0
6397 0
6398 1
6399 0
6400 1
6401 1
6402 1
6403 0
6404 0
6405 0
6406 2
6407 0
6408 0
6409 0
6410 1
6411 0
6412 1
6413 0
6414 1
6415 2
6416 1
6417 0
6418 0
6419 0
6420 1
6421 0
6422 0
6423 0
6424 1
6425 1
6426 0
6427 0
6428 0
6429 2
6430 0
6431 1
6432 1
6433 0
6434 0
6435 0
6436 1
6437 1
6438 0
6439 2
6440 0
6441 2
6442 0
6443 0
6444 0
6445 2
6446 0
6447 0
6448 1
6449 0
6450 1
6451 0
6452 2
6453 0
6454 0
6455 0
6456 0
6457 0
6458 0
6459 0
6460 0
6461 1
6462 0
6463 0
6464 0
6465 1
6466 0
6467 0
6468 1
6469 0
6470 2
6471 0
6472 0
6473 0
6474 0
6475 1
6476 2
6477 2
6478 0
6479 1
6480 0
6481 0
6482 1
6483 0
6484 2
6485 2
6486 0
6487 0
6488 0
6489 0
6490 1
6491 1
6492 0
6493 0
6494 0
6495 0
6496 0
6497 0
6498 1
6499 1
6500 0
6501 0
6502 0
6503 0
6504 1
6505 0
6506 0
6507 0
6508 0
6509 1
6510 1
6511 1
6512 2
6513 0
6514 0
6515 0
6516 0
6517 0
6518 0
6519 0
6520 0
6521 1
6522 1
6523 0
6524 1
6525 2
6526 0
6527 1
6528 0
6529 1
6530 0
6531 1
6532 1
6533 0
6534 1
6535 1
6536 0
6537 0
6538 0
6539 1
6540 0
6541 0
6542 0
6543 2
6544 1
6545 0
6546 1
6547 0
6548 0
6549 1
6550 0
6551 0
6552 0
6553 1
6554 0
6555 0
6556 0
6557 0
6558 1
6559 2
6560 2
6561 0
6562 0
6563 0
6564 0
6565 0
6566 0
6567 0
6568 1
6569 0
6570 1
6571 0
6572 1
6573 0
6574 0
6575 0
6576 1
6577 0
6578 0
6579 1
6580 0
6581 0
6582 0
6583 2
6584 0
6585 0
6586 0
6587 3
6588 0
6589 0
6590 0
6591 1
6592 1
6593 1
6594 0
6595 0
6596 2
6597 0
6598 0
6599 0
6600 0
6601 0
6602 2
6603 0
6604 0
6605 0
6606 0
6607 0
6608 1
6609 0
6610 0
6611 0
6612 0
6613 0
6614 1
6615 0
6616 0
6617 0
6618 0
6619 0
6620 1
6621 0
6622 0
6623 0
6624 0
6625 0
6626 0
6627 3
6628 0
6629 0
6630 1
6631 1
6632 0
6633 0
6634 0
6635 0
6636 0
6637 0
6638 1
6639 3
6640 0
6641 1
6642 0
6643 3
6644 0
6645 0
6646 0
6647 1
6648 0
6649 0
6650 0
6651 0
6652 0
6653 0
6654 2
6655 0
6656 0
6657 0
6658 0
6659 0
6660 3
6661 2
6662 1
6663 0
6664 0
6665 0
6666 0
6667 0
6668 1
6669 0
6670 0
6671 0
6672 0
6673 0
6674 0
6675 3
6676 0
6677 0
6678 1
6679 0
6680 0
6681 0
6682 0
6683 0
6684 0
6685 0
6686 0
6687 1
6688 0
6689 0
6690 0
6691 0
6692 0
6693 1
6694 2
6695 0
6696 0
6697 0
6698 2
6699 0
6700 0
6701 0
6702 0
6703 0
6704 0
6705 0
6706 1
6707 0
6708 0
6709 0
6710 0
6711 1
6712 0
6713 2
6714 0
6715 0
6716 0
6717 0
6718 0
6719 0
6720 0
6721 0
6722 1
6723 0
6724 0
6725 2
6726 0
6727 0
6728 1
6729 0
6730 0
6731 0
6732 1
6733 0
6734 0
6735 0
6736 0
6737 1
6738 1
6739 1
6740 0
6741 0
6742 1
6743 1
6744 1
6745 0
6746 0
6747 1
6748 1
6749 0
6750 0
6751 0
6752 2
6753 0
6754 0
6755 0
6756 0
6757 0
6758 0
6759 0
6760 0
6761 0
6762 0
6763 1
6764 0
6765 1
6766 1
6767 0
6768 1
6769 1
6770 0
6771 0
6772 0
6773 0
6774 0
6775 0
6776 0
6777 0
6778 0
6779 1
6780 0
6781 0
6782 0
6783 0
6784 0
6785 0
6786 0
6787 0
6788 0
6789 0
6790 1
6791 0
6792 1
6793 0
6794 0
6795 0
6796 1
6797 1
6798 1
6799 1
6800 0
6801 1
6802 1
6803 0
6804 0
6805 0
6806 0
6807 0
6808 0
6809 2
6810 0
6811 0
6812 1
6813 0
6814 0
6815 0
6816 0
6817 0
6818 0
6819 1
6820 0
6821 0
6822 0
6823 0
6824 1
6825 1
6826 0
6827 0
6828 0
6829 2
6830 0
6831 0
6832 0
6833 0
6834 0
6835 0
6836 0
6837 0
6838 0
6839 0
6840 0
6841 0
6842 0
6843 1
6844 1
6845 0
6846 0
6847 0
6848 0
6849 0
6850 0
6851 0
6852 0
6853 1
6854 0
6855 0
6856 0
6857 0
6858 0
6859 0
6860 1
6861 0
6862 0
6863 2
6864 0
6865 1
6866 0
6867 2
6868 0
6869 1
6870 0
6871 0
6872 0
6873 0
6874 0
6875 1
6876 0
6877 0
6878 0
6879 0
6880 0
6881 0
6882 0
6883 0
6884 2
6885 1
6886 0
6887 0
6888 0
6889 3
6890 0
6891 1
6892 0
6893 0
6894 0
6895 0
6896 0
6897 0
6898 0
6899 1
6900 2
6901 0
6902 0
6903 2
6904 0
6905 0
6906 1
6907 0
6908 1
6909 1
6910 0
6911 0
6912 0
6913 0
6914 0
6915 0
6916 1
6917 2
6918 0
6919 1
6920 0
6921 1
6922 0
6923 0
6924 0
6925 0
6926 0
6927 0
6928 0
6929 0
6930 0
6931 0
6932 0
6933 0
6934 1
6935 0
6936 0
6937 1
6938 0
6939 0
6940 0
6941 0
6942 0
6943 0
6944 0
6945 0
6946 0
6947 0
6948 0
6949 0
6950 0
6951 1
6952 1
6953 1
6954 0
6955 0
6956 1
6957 0
6958 1
6959 0
6960 0
6961 0
6962 0
6963 0
6964 0
6965 0
6966 0
6967 0
6968 1
6969 0
6970 0
6971 0
6972 0
6973 0
6974 0
6975 1
6976 0
6977 0
6978 0
6979 0
6980 0
6981 0
6982 2
6983 0
6984 2
6985 0
6986 0
6987 0
6988 1
6989 0
6990 0
6991 0
6992 1
6993 0
6994 1
6995 1
6996 0
6997 0
6998 0
6999 0
7000 0
7001 0
7002 0
7003 0
7004 0
7005 0
7006 0
7007 0
7008 0
7009 1
7010 0
7011 1
7012 0
7013 0
7014 2
7015 2
7016 0
7017 0
7018 0
7019 0
7020 0
7021 0
7022 0
7023 0
7024 0
7025 0
7026 0
7027 0
7028 1
7029 0
7030 0
7031 0
7032 0
7033 1
7034 0
7035 1
7036 0
7037 0
7038 0
7039 1
7040 2
7041 2
7042 0
7043 0
7044 0
7045 1
7046 0
7047 0
7048 0
7049 1
7050 1
7051 0
7052 0
7053 0
7054 0
7055 0
7056 1
7057 0
7058 0
7059 1
7060 0
7061 3
7062 0
7063 1
7064 0
7065 0
7066 0
7067 0
7068 0
7069 1
7070 1
7071 1
7072 1
7073 0
7074 0
7075 0
7076 0
7077 0
7078 1
7079 1
7080 0
7081 1
7082 0
7083 0
7084 1
7085 0
7086 1
7087 1
7088 0
7089 1
7090 0
7091 1
7092 0
7093 2
7094 0
7095 0
7096 0
7097 0
7098 0
7099 1
7100 0
7101 2
7102 0
7103 0
7104 2
7105 0
7106 0
7107 0
7108 0
7109 0
7110 0
7111 1
7112 1
7113 0
7114 0
7115 0
7116 0
7117 0
7118 1
7119 0
7120 0
7121 0
7122 0
7123 0
7124 0
7125 0
7126 0
7127 0
7128 0
7129 0
7130 0
7131 1
7132 0
7133 0
7134 0
7135 1
7136 0
7137 1
7138 0
7139 0
7140 1
7141 0
7142 0
7143 0
7144 0
7145 0
7146 0
7147 0
7148 0
7149 0
7150 0
7151 0
7152 0
7153 0
7154 1
7155 0
7156 1
7157 0
7158 1
7159 2
7160 0
7161 1
7162 0
7163 0
7164 0
7165 0
7166 0
7167 0
7168 0
7169 0
7170 0
7171 0
7172 0
7173 1
7174 0
7175 0
7176 0
7177 0
7178 0
7179 0
7180 0
7181 0
7182 0
7183 0
7184 0
7185 0
7186 0
7187 0
7188 0
7189 0
7190 0
7191 0
7192 2
7193 1
7194 1
7195 0
7196 0
7197 0
7198 0
7199 0
7200 0
7201 0
7202 0
7203 1
7204 1
7205 0
7206 0
7207 0
7208 0
7209 0
7210 1
7211 0
7212 0
7213 0
7214 0
7215 1
7216 0
7217 1
7218 0
7219 0
7220 1
7221 0
7222 0
7223 0
7224 0
7225 0
7226 0
7227 0
7228 1
7229 0
7230 0
7231 1
7232 0
7233 1
7234 0
7235 0
7236 1
7237 0
7238 1
7239 1
7240 0
7241 1
7242 0
7243 2
7244 0
7245 1
7246 0
7247 2
7248 1
7249 0
7250 0
7251 0
7252 1
7253 0
7254 1
7255 0
7256 0
7257 0
7258 0
7259 0
7260 0
7261 0
7262 0
7263 0
7264 0
7265 0
7266 0
7267 0
7268 1
7269 1
7270 1
7271 0
7272 0
7273 0
7274 1
7275 0
7276 2
7277 0
7278 0
7279 0
7280 0
7281 1
7282 1
7283 0
7284 0
7285 1
7286 0
7287 0
7288 0
7289 1
7290 0
7291 1
7292 0
7293 2
7294 2
7295 1
7296 0
7297 0
7298 0
7299 0
7300 1
7301 0
7302 0
7303 0
7304 0
7305 0
7306 0
7307 0
7308 1
7309 0
7310 1
7311 0
7312 0
7313 0
7314 0
7315 0
7316 0
7317 1
7318 1
7319 0
7320 0
7321 0
7322 0
7323 0
7324 0
7325 0
7326 0
7327 1
7328 0
7329 0
7330 0
7331 1
7332 0
7333 0
7334 1
7335 0
7336 0
7337 0
7338 1
7339 0
7340 1
7341 1
7342 0
7343 0
7344 2
7345 1
7346 0
7347 0
7348 1
7349 0
7350 0
7351 0
7352 1
7353 1
7354 0
7355 0
7356 1
7357 1
7358 0
7359 1
7360 0
7361 0
7362 0
7363 1
7364 1
7365 1
7366 0
7367 1
7368 1
7369 0
7370 0
7371 0
7372 2
7373 1
7374 0
7375 1
7376 0
7377 0
7378 0
7379 0
7380 0
7381 0
7382 0
7383 1
7384 1
7385 0
7386 0
7387 1
7388 1
7389 0
7390 0
7391 0
7392 0
7393 0
7394 0
7395 0
7396 0
7397 1
7398 1
7399 0
7400 3
7401 1
7402 1
7403 2
7404 1
7405 0
7406 0
7407 2
7408 2
7409 0
7410 0
7411 0
7412 1
7413 0
7414 1
7415 0
7416 0
7417 0
7418 1
7419 0
7420 0
7421 0
7422 2
7423 0
7424 0
7425 1
7426 0
7427 0
7428 0
7429 0
7430 0
7431 1
7432 0
7433 1
7434 1
7435 0
7436 0
7437 0
7438 1
7439 0
7440 0
7441 0
7442 1
7443 0
7444 2
7445 0
7446 0
7447 0
7448 0
7449 1
7450 1
7451 3
7452 1
7453 1
7454 1
7455 0
7456 0
7457 1
7458 1
7459 0
7460 1
7461 0
7462 1
7463 1
7464 0
7465 1
7466 0
7467 1
7468 1
7469 0
7470 1
7471 1
7472 2
7473 0
7474 0
7475 0
7476 1
7477 0
7478 1
7479 0
7480 1
7481 0
7482 3
7483 0
7484 0
7485 0
7486 0
7487 1
7488 0
7489 0
7490 0
7491 0
7492 0
7493 1
7494 0
7495 0
7496 0
7497 0
7498 0
7499 0
7500 0
7501 0
7502 0
7503 1
7504 0
7505 0
7506 1
7507 0
7508 0
7509 2
7510 0
7511 0
7512 0
7513 0
7514 0
7515 0
7516 0
7517 0
7518 0
7519 1
7520 0
7521 0
7522 0
7523 1
7524 1
7525 0
7526 0
7527 2
7528 0
7529 1
7530 0
7531 0
7532 2
7533 0
7534 0
7535 0
7536 2
7537 0
7538 0
7539 0
7540 0
7541 0
7542 0
7543 0
7544 1
7545 0
7546 1
7547 0
7548 0
7549 1
7550 1
7551 0
7552 0
7553 2
7554 0
7555 0
7556 0
7557 0
7558 1
7559 0
7560 0
7561 0
7562 1
7563 0
7564 0
7565 0
7566 1
7567 2
7568 1
7569 0
7570 1
7571 1
7572 0
7573 0
7574 2
7575 0
7576 1
7577 0
7578 0
7579 0
7580 0
7581 0
7582 0
7583 1
7584 0
7585 1
7586 0
7587 1
7588 0
7589 0
7590 0
7591 0
7592 0
7593 1
7594 1
7595 0
7596 1
7597 1
7598 1
7599 0
7600 0
7601 1
7602 0
7603 0
7604 0
7605 0
7606 0
7607 0
7608 0
7609 0
7610 3
7611 0
7612 0
7613 1
7614 1
7615 1
7616 0
7617 2
7618 2
7619 0
7620 0
7621 0
7622 0
7623 0
7624 1
7625 0
7626 2
7627 0
7628 0
7629 0
7630 0
7631 1
7632 2
7633 0
7634 1
7635 0
7636 0
7637 0
7638 0
7639 0
7640 0
7641 0
7642 1
7643 1
7644 0
7645 1
7646 3
7647 0
7648 0
7649 2
7650 0
7651 0
7652 0
7653 0
7654 0
7655 0
7656 0
7657 0
7658 0
7659 0
7660 1
7661 1
7662 0
7663 0
7664 1
7665 0
7666 0
7667 1
7668 0
7669 0
7670 0
7671 1
7672 0
7673 0
7674 1
7675 1
7676 0
7677 1
7678 1
7679 0
7680 1
7681 1
7682 1
7683 1
7684 0
7685 0
7686 0
7687 0
7688 0
7689 0
7690 0
7691 0
7692 1
7693 1
7694 0
7695 0
7696 0
7697 0
7698 0
7699 0
7700 0
7701 0
7702 0
7703 0
7704 0
7705 0
7706 1
7707 0
7708 0
7709 0
7710 0
7711 0
7712 1
7713 0
7714 0
7715 1
7716 1
7717 1
7718 1
7719 1
7720 0
7721 0
7722 0
7723 0
7724 1
7725 1
7726 0
7727 1
7728 0
7729 0
7730 0
7731 0
7732 0
7733 0
7734 0
7735 0
7736 0
7737 0
7738 2
7739 0
7740 0
7741 1
7742 0
7743 1
7744 2
7745 0
7746 1
7747 1
7748 0
7749 0
7750 1
7751 0
7752 3
7753 0
7754 0
7755 1
7756 0
7757 0
7758 0
7759 2
7760 0
7761 1
7762 0
7763 1
7764 0
7765 2
7766 3
7767 0
7768 1
7769 0
7770 0
7771 0
7772 0
7773 2
7774 0
7775 0
7776 0
7777 0
7778 0
7779 0
7780 1
7781 0
7782 0
7783 1
7784 0
7785 2
7786 0
7787 1
7788 0
7789 0
7790 0
7791 0
7792 0
7793 0
7794 1
7795 0
7796 0
7797 0
7798 0
7799 0
7800 1
7801 0
7802 0
7803 0
7804 1
7805 0
7806 0
7807 0
7808 0
7809 0
7810 0
7811 0
7812 0
7813 1
7814 0
7815 0
7816 0
7817 0
7818 0
7819 0
7820 0
7821 1
7822 0
7823 0
7824 0
7825 0
7826 1
7827 2
7828 1
7829 0
7830 1
7831 0
7832 0
7833 0
7834 0
7835 0
7836 0
7837 0
7838 0
7839 0
7840 0
7841 0
7842 1
7843 0
7844 3
7845 1
7846 0
7847 0
7848 0
7849 0
7850 0
7851 0
7852 0
7853 1
7854 0
7855 0
7856 0
7857 0
7858 0
7859 0
7860 0
7861 0
7862 1
7863 1
7864 0
7865 1
7866 0
7867 0
7868 1
7869 0
7870 0
7871 0
7872 2
7873 0
7874 0
7875 0
7876 2
7877 0
7878 0
7879 0
7880 0
7881 0
7882 0
7883 0
7884 0
7885 0
7886 0
7887 0
7888 0
7889 1
7890 0
7891 0
7892 2
7893 2
7894 1
7895 0
7896 0
7897 2
7898 1
7899 0
7900 1
7901 2
7902 0
7903 0
7904 0
7905 1
7906 0
7907 0
7908 0
7909 0
7910 0
7911 0
7912 1
7913 2
7914 2
7915 0
7916 0
7917 0
7918 0
7919 0
7920 1
7921 0
7922 0
7923 0
7924 1
7925 0
7926 1
7927 0
7928 0
7929 0
7930 1
7931 1
7932 0
7933 1
7934 1
7935 0
7936 0
7937 0
7938 0
7939 0
7940 0
7941 2
7942 1
7943 1
7944 0
7945 1
7946 0
7947 0
7948 0
7949 3
7950 0
7951 0
7952 0
7953 2
7954 1
7955 0
7956 2
7957 0
7958 0
7959 0
7960 0
7961 1
7962 0
7963 0
7964 1
7965 0
7966 0
7967 0
7968 2
7969 2
7970 1
7971 0
7972 1
7973 0
7974 0
7975 0
7976 0
7977 0
7978 0
7979 1
7980 1
7981 0
7982 1
7983 0
7984 2
7985 0
7986 0
7987 0
7988 1
7989 0
7990 1
7991 1
7992 0
7993 0
7994 0
7995 0
7996 1
7997 1
7998 0
7999 0
8000 0
8001 0
8002 0
8003 0
8004 0
8005 2
8006 1
8007 0
8008 0
8009 0
8010 1
8011 2
8012 1
8013 0
8014 0
8015 0
8016 0
8017 1
8018 0
8019 0
8020 0
8021 0
8022 0
8023 1
8024 0
8025 1
8026 0
8027 0
8028 0
8029 0
8030 0
8031 0
8032 1
8033 1
8034 0
8035 0
8036 0
8037 2
8038 1
8039 1
8040 0
8041 1
8042 0
8043 0
8044 2
8045 0
8046 0
8047 0
8048 0
8049 0
8050 0
8051 1
8052 0
8053 0
8054 1
8055 0
8056 0
8057 0
8058 0
8059 0
8060 1
8061 0
8062 0
8063 0
8064 0
8065 0
8066 0
8067 0
8068 1
8069 0
8070 1
8071 1
8072 1
8073 1
8074 0
8075 0
8076 2
8077 0
8078 0
8079 1
8080 0
8081 0
8082 0
8083 0
8084 0
8085 0
8086 1
8087 0
8088 1
8089 1
8090 0
8091 0
8092 0
8093 0
8094 0
8095 0
8096 1
8097 0
8098 1
8099 0
8100 1
8101 0
8102 1
8103 0
8104 0
8105 0
8106 0
8107 1
8108 0
8109 2
8110 0
8111 0
8112 0
8113 1
8114 1
8115 0
8116 0
8117 1
8118 2
8119 2
8120 2
8121 0
8122 0
8123 0
8124 0
8125 0
8126 1
8127 0
8128 0
8129 1
8130 1
8131 1
8132 0
8133 0
8134 1
8135 0
8136 0
8137 2
8138 0
8139 0
8140 0
8141 0
8142 0
8143 0
8144 0
8145 2
8146 1
8147 0
8148 0
8149 0
8150 1
8151 0
8152 0
8153 0
8154 1
8155 0
8156 0
8157 0
8158 0
8159 0
8160 2
8161 0
8162 1
8163 1
8164 0
8165 0
8166 0
8167 0
8168 0
8169 0
8170 2
8171 0
8172 0
8173 1
8174 0
8175 0
8176 0
8177 0
8178 1
8179 0
8180 2
8181 1
8182 1
8183 0
8184 0
8185 1
8186 0
8187 0
8188 0
8189 0
8190 1
8191 0
8192 0
8193 0
8194 0
8195 0
8196 1
8197 0
8198 1
8199 0
8200 0
8201 0
8202 0
8203 0
8204 0
8205 0
8206 1
8207 0
8208 0
8209 0
8210 0
8211 0
8212 0
8213 0
8214 0
8215 0
8216 0
8217 1
8218 0
8219 0
8220 0
8221 0
8222 0
8223 1
8224 0
8225 1
8226 0
8227 1
8228 0
8229 0
8230 0
8231 1
8232 0
8233 0
8234 1
8235 1
8236 0
8237 0
8238 1
8239 1
8240 0
8241 0
8242 1
8243 2
8244 0
8245 1
8246 1
8247 1
8248 0
8249 0
8250 0
8251 0
8252 0
8253 0
8254 0
8255 2
8256 1
8257 0
8258 1
8259 1
8260 0
8261 0
8262 0
8263 1
8264 0
8265 1
8266 2
8267 0
8268 2
8269 0
8270 0
8271 0
8272 0
8273 0
8274 1
8275 0
8276 0
8277 0
8278 0
8279 1
8280 0
8281 0
8282 0
8283 0
8284 0
8285 0
8286 0
8287 0
8288 0
8289 0
8290 0
8291 0
8292 0
8293 1
8294 1
8295 0
8296 0
8297 0
8298 1
8299 0
8300 1
8301 0
8302 0
8303 1
8304 2
8305 0
8306 0
8307 3
8308 1
8309 0
8310 0
8311 0
8312 0
8313 1
8314 1
8315 0
8316 0
8317 0
8318 0
8319 0
8320 0
8321 0
8322 0
8323 0
8324 3
8325 1
8326 0
8327 0
8328 0
8329 0
8330 1
8331 1
8332 0
8333 0
8334 0
8335 1
8336 0
8337 1
8338 0
8339 1
8340 0
8341 1
8342 1
8343 1
8344 1
8345 0
8346 1
8347 0
8348 0
8349 1
8350 0
8351 2
8352 0
8353 1
8354 1
8355 0
8356 0
8357 1
8358 0
8359 1
8360 0
8361 0
8362 0
8363 1
8364 1
8365 1
8366 0
8367 0
8368 0
8369 0
8370 0
8371 0
8372 0
8373 0
8374 0
8375 0
8376 1
8377 2
8378 1
8379 0
8380 0
8381 0
8382 1
8383 0
8384 0
8385 0
8386 1
8387 1
8388 0
8389 0
8390 0
8391 0
8392 0
8393 0
8394 0
8395 0
8396 0
8397 2
8398 0
8399 0
8400 0
8401 0
8402 1
8403 0
8404 0
8405 1
8406 0
8407 1
8408 0
8409 0
8410 0
8411 0
8412 0
8413 1
8414 0
8415 1
8416 0
8417 2
8418 0
8419 0
8420 0
8421 0
8422 0
8423 0
8424 0
8425 0
8426 3
8427 0
8428 0
8429 0
8430 0
8431 0
8432 0
8433 0
8434 1
8435 0
8436 1
8437 1
8438 0
8439 0
8440 1
8441 1
8442 1
8443 0
8444 1
8445 0
8446 0
8447 0
8448 0
8449 0
8450 0
8451 1
8452 0
8453 0
8454 0
8455 0
8456 1
8457 0
8458 0
8459 1
8460 2
8461 0
8462 1
8463 0
8464 0
8465 0
8466 0
8467 0
8468 1
8469 0
8470 0
8471 0
8472 1
8473 0
8474 0
8475 0
8476 0
8477 0
8478 1
8479 0
8480 1
8481 0
8482 0
8483 0
8484 0
8485 0
8486 1
8487 0
8488 0
8489 0
8490 0
8491 0
8492 0
8493 0
8494 0
8495 0
8496 0
8497 2
8498 0
8499 0
8500 0
8501 1
8502 0
8503 0
8504 0
8505 0
8506 0
8507 0
8508 0
8509 1
8510 0
8511 0
8512 0
8513 0
8514 0
8515 1
8516 1
8517 1
8518 1
8519 0
8520 1
8521 0
8522 0
8523 0
8524 0
8525 1
8526 0
8527 3
8528 2
8529 0
8530 0
8531 1
8532 2
8533 0
8534 0
8535 1
8536 0
8537 0
8538 0
8539 0
8540 0
8541 2
8542 0
8543 0
8544 1
8545 0
8546 1
8547 2
8548 1
8549 0
8550 2
8551 0
8552 0
8553 0
8554 0
8555 1
8556 0
8557 0
8558 0
8559 0
8560 0
8561 1
8562 0
8563 0
8564 2
8565 0
8566 1
8567 0
8568 0
8569 0
8570 1
8571 0
8572 1
8573 1
8574 0
8575 0
8576 1
8577 0
8578 1
8579 0
8580 0
8581 1
8582 0
8583 0
8584 1
8585 0
8586 0
8587 0
8588 0
8589 1
8590 0
8591 0
8592 0
8593 0
8594 0
8595 1
8596 1
8597 1
8598 0
8599 0
8600 3
8601 1
8602 2
8603 0
8604 1
8605 1
8606 0
8607 0
8608 1
8609 0
8610 0
8611 0
8612 0
8613 2
8614 2
8615 0
8616 0
8617 1
8618 0
8619 0
8620 1
8621 1
8622 0
8623 0
8624 0
8625 0
8626 0
8627 2
8628 0
8629 1
8630 0
8631 2
8632 2
8633 0
8634 0
8635 0
8636 1
8637 0
8638 0
8639 0
8640 0
8641 0
8642 0
8643 0
8644 0
8645 0
8646 0
8647 0
8648 0
8649 0
8650 0
8651 1
8652 0
8653 0
8654 0
8655 1
8656 0
8657 0
8658 0
8659 1
8660 0
8661 0
8662 0
8663 0
8664 0
8665 1
8666 4
8667 1
8668 0
8669 0
8670 0
8671 0
8672 1
8673 0
8674 0
8675 0
8676 0
8677 1
8678 1
8679 0
8680 1
8681 1
8682 0
8683 2
8684 0
8685 1
8686 0
8687 1
8688 1
8689 0
8690 0
8691 0
8692 0
8693 0
8694 0
8695 0
8696 0
8697 0
8698 0
8699 0
8700 0
8701 0
8702 0
8703 0
8704 1
8705 0
8706 0
8707 0
8708 0
8709 1
8710 0
8711 0
8712 0
8713 0
8714 0
8715 1
8716 0
8717 0
8718 0
8719 0
8720 0
8721 0
8722 0
8723 0
8724 0
8725 0
8726 0
8727 0
8728 1
8729 0
8730 0
8731 1
8732 0
8733 1
8734 1
8735 0
8736 1
8737 0
8738 1
8739 0
8740 0
8741 2
8742 0
8743 0
8744 1
8745 1
8746 0
8747 1
8748 0
8749 1
8750 1
8751 0
8752 0
8753 0
8754 0
8755 0
8756 0
8757 0
8758 0
8759 0
8760 1
8761 0
8762 1
8763 0
8764 0
8765 0
8766 1
8767 1
8768 0
8769 0
8770 1
8771 1
8772 0
8773 0
8774 1
8775 0
8776 0
8777 0
8778 0
8779 0
8780 1
8781 0
8782 0
8783 1
8784 0
8785 0
8786 0
8787 0
8788 0
8789 1
8790 0
8791 1
8792 1
8793 0
8794 0
8795 0
8796 0
8797 0
8798 0
8799 0
8800 0
8801 0
8802 0
8803 0
8804 0
8805 2
8806 1
8807 2
8808 0
8809 0
8810 0
8811 0
8812 1
8813 0
8814 1
8815 0
8816 1
8817 2
8818 1
8819 1
8820 0
8821 1
8822 1
8823 0
8824 1
8825 0
8826 0
8827 2
8828 0
8829 1
8830 0
8831 0
8832 0
8833 0
8834 0
8835 1
8836 1
8837 0
8838 0
8839 0
8840 0
8841 0
8842 1
8843 2
8844 0
8845 0
8846 0
8847 0
8848 0
8849 1
8850 0
8851 0
8852 0
8853 1
8854 1
8855 0
8856 0
8857 1
8858 0
8859 0
8860 0
8861 2
8862 1
8863 0
8864 1
8865 0
8866 1
8867 0
8868 1
8869 1
8870 0
8871 0
8872 0
8873 0
8874 0
8875 0
8876 0
8877 0
8878 0
8879 1
8880 1
8881 0
8882 2
8883 0
8884 1
8885 0
8886 0
8887 0
8888 1
8889 1
8890 0
8891 0
8892 0
8893 0
8894 0
8895 1
8896 0
8897 1
8898 0
8899 0
8900 0
8901 0
8902 1
8903 1
8904 1
8905 0
8906 1
8907 1
8908 1
8909 0
8910 1
8911 2
8912 0
8913 0
8914 0
8915 0
8916 1
8917 0
8918 1
8919 1
8920 0
8921 1
8922 0
8923 0
8924 0
8925 1
8926 0
8927 0
8928 0
8929 0
8930 0
8931 4
8932 1
8933 0
8934 0
8935 1
8936 0
8937 1
8938 1
8939 2
8940 0
8941 0
8942 0
8943 0
8944 0
8945 1
8946 0
8947 2
8948 1
8949 0
8950 0
8951 0
8952 1
8953 1
8954 0
8955 1
8956 0
8957 0
8958 0
8959 0
8960 0
8961 1
8962 1
8963 0
8964 0
8965 1
8966 0
8967 0
8968 0
8969 0
8970 0
8971 0
8972 0
8973 0
8974 0
8975 1
8976 0
8977 1
8978 0
8979 1
8980 0
8981 0
8982 2
8983 1
8984 0
8985 0
8986 0
8987 0
8988 0
8989 0
8990 0
8991 0
8992 1
8993 1
8994 0
8995 0
8996 0
8997 1
8998 1
8999 0
9000 0
9001 0
9002 2
9003 0
9004 0
9005 0
9006 1
9007 0
9008 0
9009 0
9010 1
9011 0
9012 1
9013 0
9014 0
9015 0
9016 0
9017 0
9018 0
9019 0
9020 0
9021 0
9022 0
9023 0
9024 1
9025 0
9026 0
9027 0
9028 0
9029 0
9030 0
9031 1
9032 0
9033 0
9034 0
9035 0
9036 0
9037 0
9038 0
9039 0
9040 1
9041 1
9042 0
9043 0
9044 0
9045 0
9046 0
9047 1
9048 0
9049 0
9050 1
9051 0
9052 0
9053 1
9054 0
9055 1
9056 1
9057 1
9058 0
9059 0
9060 0
9061 1
9062 0
9063 0
9064 0
9065 0
9066 0
9067 0
9068 1
9069 0
9070 0
9071 0
9072 0
9073 0
9074 0
9075 0
9076 0
9077 0
9078 0
9079 2
9080 1
9081 0
9082 0
9083 1
9084 0
9085 1
9086 0
9087 0
9088 0
9089 1
9090 1
9091 0
9092 0
9093 0
9094 1
9095 1
9096 1
9097 0
9098 0
9099 0
9100 0
9101 1
9102 0
9103 0
9104 0
9105 1
9106 0
9107 0
9108 1
9109 1
9110 1
9111 1
9112 1
9113 0
9114 1
9115 1
9116 3
9117 3
9118 0
9119 0
9120 0
9121 2
9122 0
9123 0
9124 2
9125 0
9126 0
9127 0
9128 0
9129 0
9130 0
9131 0
9132 1
9133 2
9134 0
9135 0
9136 0
9137 0
9138 0
9139 0
9140 0
9141 0
9142 0
9143 0
9144 2
9145 0
9146 0
9147 1
9148 0
9149 1
9150 0
9151 0
9152 0
9153 1
9154 1
9155 1
9156 0
9157 0
9158 0
9159 0
9160 0
9161 0
9162 0
9163 0
9164 0
9165 1
9166 0
9167 0
9168 0
9169 0
9170 0
9171 0
9172 1
9173 1
9174 1
9175 0
9176 0
9177 0
9178 0
9179 0
9180 0
9181 0
9182 0
9183 0
9184 0
9185 0
9186 0
9187 1
9188 0
9189 0
9190 1
9191 0
9192 0
9193 1
9194 0
9195 0
9196 0
9197 0
9198 0
9199 0
9200 1
9201 0
9202 1
9203 0
9204 1
9205 0
9206 0
9207 1
9208 0
9209 1
9210 0
9211 0
9212 1
9213 0
9214 0
9215 0
9216 0
9217 0
9218 0
9219 1
9220 2
9221 0
9222 0
9223 0
9224 0
9225 0
9226 1
9227 1
9228 0
9229 1
9230 0
9231 0
9232 0
9233 0
9234 0
9235 1
9236 0
9237 1
9238 2
9239 1
9240 0
9241 2
9242 0
9243 0
9244 1
9245 2
9246 0
9247 0
9248 0
9249 0
9250 0
9251 0
9252 0
9253 1
9254 0
9255 0
9256 0
9257 1
9258 0
9259 1
9260 0
9261 0
9262 0
9263 0
9264 0
9265 0
9266 0
9267 1
9268 1
9269 0
9270 1
9271 0
9272 0
9273 1
9274 0
9275 0
9276 0
9277 1
9278 0
9279 0
9280 0
9281 0
9282 0
9283 0
9284 0
9285 0
9286 0
9287 1
9288 0
9289 1
9290 0
9291 0
9292 0
9293 0
9294 0
9295 0
9296 0
9297 1
9298 0
9299 0
9300 0
9301 1
9302 0
9303 1
9304 1
9305 0
9306 1
9307 0
9308 0
9309 0
9310 0
9311 0
9312 0
9313 0
9314 0
9315 2
9316 2
9317 0
9318 1
9319 0
9320 0
9321 0
9322 1
9323 0
9324 0
9325 0
9326 0
9327 0
9328 0
9329 0
9330 0
9331 1
9332 0
9333 0
9334 3
9335 1
9336 0
9337 0
9338 0
9339 0
9340 1
9341 0
9342 0
9343 1
9344 1
9345 1
9346 0
9347 1
9348 0
9349 1
9350 0
9351 0
9352 1
9353 0
9354 0
9355 0
9356 0
9357 0
9358 0
9359 1
9360 0
9361 0
9362 0
9363 0
9364 0
9365 0
9366 0
9367 1
9368 1
9369 2
9370 0
9371 0
9372 0
9373 0
9374 0
9375 0
9376 0
9377 1
9378 0
9379 0
9380 0
9381 0
9382 0
9383 1
9384 0
9385 1
9386 0
9387 0
9388 1
9389 0
9390 1
9391 1
9392 0
9393 1
9394 1
9395 0
9396 1
9397 1
9398 1
9399 0
9400 0
9401 0
9402 0
9403 0
9404 0
9405 0
9406 0
9407 1
9408 0
9409 0
9410 0
9411 0
9412 0
9413 0
9414 0
9415 0
9416 0
9417 0
9418 2
9419 3
9420 0
9421 1
9422 0
9423 0
9424 0
9425 1
9426 2
9427 2
9428 1
9429 0
9430 2
9431 0
9432 1
9433 1
9434 1
9435 1
9436 0
9437 0
9438 0
9439 0
9440 0
9441 1
9442 0
9443 0
9444 0
9445 2
9446 0
9447 0
9448 0
9449 0
9450 3
9451 2
9452 0
9453 0
9454 1
9455 2
9456 1
9457 0
9458 1
9459 1
9460 0
9461 0
9462 0
9463 0
9464 0
9465 0
9466 2
9467 1
9468 0
9469 1
9470 0
9471 0
9472 0
9473 2
9474 0
9475 0
9476 0
9477 1
9478 0
9479 1
9480 0
9481 0
9482 0
9483 2
9484 0
9485 0
9486 0
9487 0
9488 0
9489 0
9490 0
9491 0
9492 1
9493 0
9494 0
9495 0
9496 1
9497 1
9498 0
9499 0
9500 0
9501 0
9502 0
9503 0
9504 0
9505 0
9506 2
9507 2
9508 0
9509 0
9510 0
9511 0
9512 0
9513 0
9514 0
9515 2
9516 0
9517 0
9518 0
9519 0
9520 0
9521 0
9522 0
9523 0
9524 0
9525 0
9526 0
9527 0
9528 1
9529 1
9530 0
9531 0
9532 0
9533 0
9534 0
9535 0
9536 0
9537 0
9538 1
9539 1
9540 1
9541 0
9542 0
9543 0
9544 2
9545 0
9546 1
9547 0
9548 0
9549 0
9550 1
9551 0
9552 0
9553 0
9554 0
9555 0
9556 0
9557 0
9558 0
9559 0
9560 1
9561 1
9562 0
9563 1
9564 0
9565 0
9566 0
9567 0
9568 2
9569 0
9570 2
9571 0
9572 2
9573 0
9574 0
9575 0
9576 1
9577 2
9578 1
9579 0
9580 0
9581 0
9582 0
9583 0
9584 0
9585 0
9586 0
9587 0
9588 1
9589 2
9590 0
9591 1
9592 1
9593 0
9594 1
9595 1
9596 0
9597 0
9598 0
9599 0
9600 0
9601 1
9602 0
9603 0
9604 2
9605 0
9606 0
9607 0
9608 1
9609 1
9610 0
9611 1
9612 0
9613 0
9614 0
9615 1
9616 0
9617 0
9618 1
9619 0
9620 0
9621 3
9622 1
9623 0
9624 0
9625 0
9626 0
9627 0
9628 0
9629 0
9630 0
9631 1
9632 0
9633 0
9634 0
9635 0
9636 1
9637 0
9638 0
9639 0
9640 0
9641 0
9642 0
9643 0
9644 0
9645 0
9646 0
9647 0
9648 0
9649 2
9650 0
9651 2
9652 0
9653 0
9654 0
9655 0
9656 0
9657 0
9658 0
9659 2
9660 0
9661 0
9662 0
9663 0
9664 0
9665 0
9666 0
9667 0
9668 0
9669 0
9670 0
9671 1
9672 0
9673 0
9674 0
9675 0
9676 0
9677 0
9678 0
9679 0
9680 0
9681 0
9682 0
9683 0
9684 0
9685 0
9686 2
9687 0
9688 0
9689 0
9690 0
9691 0
9692 0
9693 0
9694 0
9695 0
9696 0
9697 0
9698 0
9699 0
9700 1
9701 0
9702 0
9703 0
9704 3
9705 0
9706 0
9707 0
9708 1
9709 0
9710 0
9711 1
9712 0
9713 0
9714 0
9715 0
9716 0
9717 0
9718 0
9719 1
9720 0
9721 0
9722 0
9723 0
9724 0
9725 0
9726 0
9727 2
9728 1
9729 0
9730 0
9731 1
9732 2
9733 0
9734 1
9735 1
9736 0
9737 3
9738 0
9739 0
9740 3
9741 0
9742 0
9743 0
9744 0
9745 1
9746 1
9747 0
9748 0
9749 1
9750 0
9751 2
9752 0
9753 0
9754 0
9755 0
9756 1
9757 1
9758 0
9759 0
9760 2
9761 1
9762 0
9763 1
9764 0
9765 0
9766 0
9767 0
9768 0
9769 0
9770 0
9771 0
9772 0
9773 1
9774 0
9775 0
9776 0
9777 2
9778 0
9779 0
9780 0
9781 0
9782 0
9783 1
9784 0
9785 0
9786 0
9787 0
9788 1
9789 1
9790 0
9791 0
9792 0
9793 0
9794 1
9795 0
9796 0
9797 0
9798 0
9799 0
9800 0
9801 1
9802 0
9803 0
9804 0
9805 0
9806 1
9807 0
9808 1
9809 2
9810 0
9811 0
9812 2
9813 1
9814 0
9815 1
9816 0
9817 0
9818 0
9819 0
9820 0
9821 0
9822 1
9823 0
9824 0
9825 0
9826 0
9827 0
9828 1
9829 0
9830 0
9831 1
9832 0
9833 0
9834 1
9835 0
9836 0
9837 1
9838 0
9839 0
9840 0
9841 0
9842 0
9843 0
9844 0
9845 1
9846 0
9847 0
9848 0
9849 0
9850 0
9851 1
9852 0
9853 1
9854 0
9855 1
9856 1
9857 0
9858 0
9859 0
9860 0
9861 1
9862 0
9863 0
9864 1
9865 0
9866 1
9867 1
9868 2
9869 0
9870 0
9871 0
9872 0
9873 0
9874 0
9875 0
9876 1
9877 1
9878 0
9879 0
9880 1
9881 0
9882 1
9883 1
9884 0
9885 0
9886 1
9887 0
9888 0
9889 1
9890 0
9891 0
9892 0
9893 3
9894 2
9895 0
9896 0
9897 1
9898 0
9899 0
9900 1
9901 0
9902 0
9903 0
9904 0
9905 0
9906 1
9907 0
9908 1
9909 1
9910 0
9911 0
9912 0
9913 1
9914 1
9915 0
9916 0
9917 0
9918 0
9919 0
9920 0
9921 0
9922 0
9923 1
9924 0
9925 0
9926 0
9927 0
9928 0
9929 1
9930 2
9931 1
9932 0
9933 0
9934 0
9935 3
9936 1
9937 1
9938 1
9939 0
9940 1
9941 2
9942 1
9943 1
9944 1
9945 0
9946 0
9947 0
9948 1
9949 1
9950 0
9951 0
9952 0
9953 0
9954 0
9955 0
9956 0
9957 0
9958 0
9959 0
9960 1
9961 0
9962 0
9963 1
9964 1
9965 1
9966 0
9967 0
9968 0
9969 0
9970 0
9971 0
9972 2
9973 1
9974 0
9975 0
9976 0
9977 0
9978 1
9979 0
9980 0
9981 0
9982 0
9983 0
9984 0
9985 0
9986 2
9987 1
9988 1
9989 2
9990 0
9991 0
9992 0
9993 0
9994 2
9995 0
9996 1
9997 0
9998 0
9999 0
