0 4
1 2
2 0
3 2
4 0
5 2
6 0
7 0
8 1
9 1
10 4
11 3
12 2
13 4
14 7
15 9
16 9
17 9
18 9
19 9
20 7
21 5
22 7
23 7
24 8
25 9
26 11
27 12
28 12
29 11
30 10
31 10
32 9
33 8
34 7
35 6
36 4
37 2
38 0
39 4
40 5
41 5
42 4
43 2
44 2
45 5
46 7
47 8
48 8
49 10
50 11
51 10
52 11
53 10
54 9
55 7
56 6
57 5
58 4
59 5
60 7
61 9
62 11
63 13
64 14
65 14
66 13
67 13
68 14
69 13
70 11
71 13
72 12
73 12
74 15
75 12
76 13
77 11
78 10
79 9
80 7
81 10
82 11
83 11
84 13
85 13
86 13
87 13
88 12
89 9
90 8
91 6
92 4
93 2
94 1
95 4
96 3
97 5
98 8
99 10
100 13
101 15
102 13
103 16
104 13
105 16
106 13
107 14
108 17
109 14
110 14
111 16
112 14
113 14
114 11
115 10
116 10
117 10
118 8
119 7
120 7
121 8
122 8
123 11
124 13
125 14
126 14
127 15
128 12
129 13
130 14
131 13
132 11
133 9
134 8
135 5
136 6
137 5
138 4
139 2
140 1
141 2
142 0
143 2
144 1
145 3
146 4
147 5
148 3
149 4
150 5
151 7
152 8
153 10
154 11
155 13
156 14
157 14
158 14
159 13
160 12
161 10
162 8
163 5
164 3
165 3
166 2
167 3
168 3
169 5
170 6
171 8
172 10
173 9
174 9
175 7
176 6
177 6
178 4
179 3
180 2
181 0
182 3
183 4
184 4
185 6
186 9
187 10
188 12
189 14
190 13
191 12
192 12
193 10
194 9
195 7
196 5
197 3
198 2
199 2
200 1
201 3
202 2
203 3
204 4
205 4
206 1
207 1
208 4
209 6
210 5
211 8
212 12
213 12
214 13
215 14
216 15
217 12
218 13
219 10
220 9
221 6
222 6
223 4
224 1
225 3
226 2
227 1
228 1
229 5
230 9
231 12
232 12
233 11
234 12
235 11
236 11
237 9
238 8
239 6
240 7
241 5
242 5
243 7
244 10
245 11
246 10
247 10
248 10
249 7
250 7
251 4
252 4
253 3
254 2
255 3
256 3
257 3
258 6
259 7
260 7
261 7
262 9
263 9
264 8
265 9
266 11
267 12
268 14
269 16
270 14
271 16
272 14
273 15
274 12
275 14
276 13
277 13
278 11
279 12
280 12
281 11
282 9
283 7
284 6
285 6
286 3
287 4
288 2
289 1
290 1
291 4
292 4
293 6
294 5
295 6
296 3
297 3
298 3
299 3
300 4
301 4
302 5
303 7
304 9
305 10
306 9
307 11
308 11
309 11
310 9
311 7
312 7
313 7
314 5
315 3
316 0
317 4
318 5
319 9
320 11
321 11
322 11
323 10
324 8
325 7
326 6
327 6
328 8
329 6
330 7
331 5
332 5
333 8
334 9
335 11
336 13
337 14
338 15
339 12
340 15
341 12
342 15
343 13
344 16
345 13
346 16
347 13
348 15
349 12
350 12
351 10
352 7
353 4
354 3
355 3
356 4
357 7
358 6
359 4
360 3
361 4
362 6
363 6
364 8
365 6
366 6
367 4
368 3
369 1
370 4
371 3
372 4
373 6
374 9
375 12
376 10
377 12
378 11
379 13
380 13
381 12
382 14
383 13
384 11
385 8
386 7
387 6
388 4
389 1
390 1
391 2
392 3
393 4
394 2
395 6
396 6
397 8
398 8
399 10
400 9
401 8
402 7
403 5
404 4
405 1
406 0
407 2
408 2
409 3
410 2
411 2
412 1
413 3
414 2
415 2
416 2
417 2
418 5
419 5
420 7
421 6
422 8
423 7
424 6
425 6
426 5
427 6
428 6
429 4
430 2
431 3
432 1
433 5
434 7
435 11
436 13
437 14
438 16
439 14
440 16
441 13
442 16
443 13
444 15
445 12
446 15
447 12
448 14
449 15
450 12
451 13
452 11
453 9
454 8
455 6
456 3
457 2
458 1
459 2
460 1
461 4
462 4
463 5
464 7
465 7
466 7
467 7
468 5
469 4
470 3
471 2
472 5
473 5
474 8
475 9
476 10
477 9
478 8
479 8
480 6
481 5
482 5
483 3
484 3
485 1
486 4
487 5
488 4
489 4
490 2
491 4
492 7
493 8
494 9
495 11
496 12
497 13
498 13
499 14
500 14
501 13
502 12
503 11
504 11
505 9
506 6
507 3
508 1
509 2
510 2
511 1
512 3
513 4
514 6
515 7
516 7
517 7
518 5
519 5
520 2
521 1
522 0
523 2
524 1
525 1
526 3
527 4
528 6
529 5
530 3
531 4
532 5
533 6
534 6
535 5
536 3
537 2
538 1
539 5
540 7
541 8
542 9
543 10
544 7
545 4
546 3
547 5
548 7
549 5
550 4
551 7
552 8
553 6
554 5
555 4
556 4
557 4
558 4
559 6
560 6
561 8
562 9
563 10
564 11
565 13
566 12
567 12
568 11
569 10
570 9
571 8
572 10
573 7
574 10
575 8
576 7
577 5
578 5
579 7
580 8
581 5
582 6
583 6
584 7
585 9
586 7
587 7
588 7
589 5
590 3
591 2
592 1
593 0
594 2
595 2
596 1
597 1
598 6
599 5
600 3
601 2
602 2
603 2
604 4
605 6
606 7
607 7
608 6
609 6
610 6
611 6
612 4
613 4
614 4
615 7
616 8
617 8
618 6
619 6
620 7
621 8
622 7
623 6
624 3
625 0
626 2
627 3
628 6
629 6
630 5
631 5
632 4
633 1
634 2
635 3
636 3
637 3
638 3
639 3
640 2
641 3
642 3
643 2
644 2
645 3
646 3
647 4
648 2
649 4
650 5
651 6
652 9
653 10
654 12
655 10
656 8
657 8
658 7
659 5
660 5
661 3
662 2
663 2
664 3
665 3
666 2
667 5
668 5
669 6
670 6
671 8
672 12
673 14
674 17
675 14
676 17
677 14
678 16
679 14
680 17
681 14
682 16
683 13
684 16
685 13
686 15
687 12
688 15
689 12
690 14
691 16
692 13
693 15
694 12
695 12
696 9
697 7
698 5
699 3
700 1
701 1
702 0
703 4
704 5
705 4
706 3
707 3
708 2
709 4
710 5
711 5
712 6
713 6
714 6
715 7
716 9
717 9
718 9
719 7
720 5
721 4
722 2
723 5
724 5
725 4
726 5
727 8
728 8
729 8
730 8
731 8
732 7
733 8
734 5
735 6
736 3
737 0
738 2
739 1
740 4
741 4
742 5
743 6
744 7
745 6
746 4
747 3
748 0
749 2
750 4
751 3
752 3
753 5
754 4
755 6
756 7
757 7
758 8
759 10
760 10
761 11
762 11
763 10
764 8
765 6
766 4
767 2
768 0
769 1
770 0
771 3
772 1
773 2
774 2
775 5
776 4
777 5
778 5
779 3
780 4
781 5
782 4
783 7
784 9
785 10
786 11
787 13
788 11
789 10
790 8
791 9
792 8
793 6
794 4
795 4
796 4
797 2
798 0
799 3
800 1
801 4
802 3
803 5
804 6
805 6
806 5
807 8
808 9
809 10
810 9
811 8
812 8
813 7
814 5
815 3
816 2
817 2
818 3
819 1
820 3
821 5
822 6
823 8
824 8
825 8
826 8
827 7
828 5
829 5
830 4
831 2
832 4
833 5
834 8
835 10
836 12
837 13
838 15
839 14
840 16
841 13
842 13
843 15
844 12
845 12
846 12
847 12
848 12
849 12
850 11
851 11
852 11
853 10
854 8
855 8
856 7
857 4
858 2
859 3
860 4
861 6
862 6
863 9
864 10
865 11
866 13
867 12
868 11
869 10
870 10
871 8
872 5
873 4
874 3
875 2
876 2
877 2
878 4
879 2
880 2
881 4
882 3
883 3
884 4
885 6
886 6
887 4
888 4
889 4
890 5
891 5
892 6
893 9
894 10
895 12
896 15
897 12
898 14
899 13
900 14
901 12
902 13
903 12
904 12
905 11
906 8
907 8
908 6
909 4
910 1
911 3
912 1
913 1
914 4
915 6
916 7
917 6
918 6
919 4
920 1
921 2
922 4
923 6
924 7
925 9
926 11
927 13
928 12
929 12
930 11
931 10
932 9
933 6
934 3
935 4
936 2
937 2
938 2
939 3
940 5
941 7
942 7
943 11
944 13
945 13
946 15
947 12
948 15
949 12
950 15
951 12
952 15
953 12
954 11
955 11
956 9
957 7
958 4
959 2
960 3
961 5
962 7
963 10
964 10
965 12
966 12
967 13
968 12
969 11
970 10
971 10
972 8
973 8
974 7
975 5
976 5
977 3
978 2
979 2
980 4
981 4
982 4
983 4
984 9
985 9
986 9
987 10
988 11
989 12
990 15
991 12
992 15
993 12
994 15
995 12
996 15
997 12
998 15
999 12
1000 14
1001 17
1002 15
1003 12
1004 13
1005 15
1006 12
1007 13
1008 14
1009 15
1010 12
1011 12
1012 12
1013 14
1014 14
1015 14
1016 14
1017 13
1018 13
1019 12
1020 9
1021 6
1022 5
1023 4
1024 4
1025 3
1026 4
1027 3
1028 4
1029 5
1030 8
1031 10
1032 11
1033 14
1034 16
1035 13
1036 16
1037 13
1038 16
1039 13
1040 15
1041 12
1042 14
1043 15
1044 13
1045 14
1046 14
1047 15
1048 12
1049 13
1050 13
1051 12
1052 10
1053 9
1054 8
1055 5
1056 2
1057 3
1058 3
1059 4
1060 6
1061 7
1062 4
1063 6
1064 10
1065 11
1066 11
1067 13
1068 15
1069 12
1070 13
1071 14
1072 12
1073 9
1074 6
1075 4
1076 5
1077 7
1078 5
1079 7
1080 8
1081 7
1082 7
1083 6
1084 4
1085 5
1086 4
1087 4
1088 3
1089 5
1090 7
1091 8
1092 7
1093 5
1094 5
1095 4
1096 4
1097 4
1098 5
1099 6
1100 8
1101 9
1102 9
1103 12
1104 14
1105 12
1106 13
1107 11
1108 10
1109 10
1110 8
1111 7
1112 5
1113 3
1114 1
1115 4
1116 4
1117 7
1118 11
1119 11
1120 12
1121 12
1122 11
1123 11
1124 12
1125 12
1126 12
1127 12
1128 12
1129 12
1130 12
1131 10
1132 7
1133 6
1134 6
1135 5
1136 3
1137 2
1138 2
1139 1
1140 6
1141 7
1142 7
1143 9
1144 9
1145 10
1146 10
1147 9
1148 9
1149 7
1150 4
1151 3
1152 0
1153 4
1154 4
1155 7
1156 10
1157 9
1158 10
1159 13
1160 13
1161 14
1162 14
1163 14
1164 14
1165 14
1166 13
1167 12
1168 12
1169 10
1170 8
1171 6
1172 4
1173 2
1174 4
1175 5
1176 7
1177 6
1178 9
1179 13
1180 15
1181 12
1182 14
1183 16
1184 13
1185 16
1186 13
1187 15
1188 15
1189 12
1190 15
1191 12
1192 13
1193 13
1194 10
1195 7
1196 4
1197 4
1198 2
1199 2
1200 6
1201 8
1202 11
1203 14
1204 15
1205 12
1206 15
1207 12
1208 15
1209 12
1210 12
1211 12
1212 12
1213 11
1214 10
1215 8
1216 5
1217 5
1218 5
1219 5
1220 5
1221 8
1222 9
1223 13
1224 15
1225 12
1226 13
1227 13
1228 13
1229 13
1230 13
1231 12
1232 12
1233 9
1234 6
1235 3
1236 1
1237 3
1238 1
1239 4
1240 5
1241 7
1242 7
1243 6
1244 4
1245 4
1246 1
1247 2
1248 3
1249 3
1250 1
1251 2
1252 4
1253 3
1254 5
1255 7
1256 10
1257 11
1258 11
1259 11
1260 11
1261 10
1262 9
1263 10
1264 11
1265 11
1266 12
1267 12
1268 12
1269 11
1270 11
1271 8
1272 10
1273 10
1274 8
1275 8
1276 9
1277 6
1278 3
1279 2
1280 1
1281 4
1282 2
1283 2
1284 0
1285 2
1286 3
1287 3
1288 3
1289 5
1290 6
1291 7
1292 7
1293 8
1294 9
1295 9
1296 9
1297 7
1298 5
1299 4
1300 5
1301 4
1302 2
1303 3
1304 5
1305 5
1306 4
1307 5
1308 8
1309 11
1310 13
1311 14
1312 14
1313 16
1314 13
1315 13
1316 14
1317 14
1318 14
1319 14
1320 11
1321 9
1322 6
1323 3
1324 2
1325 1
1326 2
1327 3
1328 3
1329 5
1330 5
1331 7
1332 9
1333 11
1334 13
1335 15
1336 12
1337 15
1338 12
1339 15
1340 13
1341 16
1342 13
1343 14
1344 15
1345 12
1346 12
1347 12
1348 11
1349 11
1350 11
1351 11
1352 12
1353 11
1354 11
1355 10
1356 8
1357 7
1358 5
1359 4
1360 2
1361 3
1362 4
1363 3
1364 4
1365 4
1366 5
1367 6
1368 7
1369 7
1370 7
1371 7
1372 6
1373 8
1374 8
1375 8
1376 10
1377 10
1378 8
1379 7
1380 4
1381 2
1382 1
1383 3
1384 4
1385 3
1386 4
1387 3
1388 1
1389 1
1390 1
1391 3
1392 3
1393 2
1394 3
1395 7
1396 11
1397 14
1398 17
1399 14
1400 17
1401 14
1402 17
1403 14
1404 17
1405 15
1406 12
1407 14
1408 17
1409 14
1410 17
1411 14
1412 17
1413 14
1414 17
1415 14
1416 16
1417 13
1418 11
1419 8
1420 6
1421 3
1422 1
1423 1
1424 3
1425 2
1426 4
1427 2
1428 5
1429 8
1430 8
1431 9
1432 12
1433 15
1434 13
1435 14
1436 14
1437 15
1438 12
1439 12
1440 11
1441 9
1442 7
1443 6
1444 5
1445 5
1446 5
1447 6
1448 7
1449 9
1450 12
1451 11
1452 10
1453 9
1454 6
1455 3
1456 1
1457 2
1458 2
1459 3
1460 4
1461 6
1462 10
1463 12
1464 13
1465 15
1466 12
1467 13
1468 14
1469 13
1470 14
1471 15
1472 12
1473 13
1474 14
1475 14
1476 15
1477 14
1478 16
1479 13
1480 14
1481 12
1482 10
1483 7
1484 4
1485 1
1486 3
1487 1
1488 2
1489 6
1490 7
1491 6
1492 6
1493 6
1494 6
1495 6
1496 7
1497 6
1498 7
1499 8
1500 10
1501 11
1502 11
1503 10
1504 7
1505 7
1506 5
1507 5
1508 3
1509 5
1510 6
1511 6
1512 8
1513 10
1514 12
1515 11
1516 11
1517 10
1518 10
1519 10
1520 9
1521 8
1522 6
1523 5
1524 7
1525 9
1526 11
1527 11
1528 12
1529 13
1530 15
1531 12
1532 14
1533 14
1534 14
1535 12
1536 10
1537 7
1538 5
1539 6
1540 9
1541 9
1542 9
1543 10
1544 9
1545 7
1546 5
1547 5
1548 3
1549 1
1550 2
1551 1
1552 2
1553 2
1554 5
1555 5
1556 6
1557 7
1558 7
1559 11
1560 13
1561 15
1562 14
1563 15
1564 12
1565 13
1566 15
1567 12
1568 13
1569 14
1570 15
1571 12
1572 13
1573 11
1574 10
1575 9
1576 8
1577 7
1578 8
1579 7
1580 4
1581 1
1582 0
1583 1
1584 0
1585 2
1586 0
1587 1
1588 3
1589 4
1590 7
1591 10
1592 12
1593 11
1594 8
1595 8
1596 8
1597 8
1598 9
1599 9
1600 8
1601 5
1602 3
1603 4
1604 3
1605 1
1606 3
1607 5
1608 8
1609 8
1610 12
1611 12
1612 13
1613 13
1614 13
1615 13
1616 13
1617 11
1618 10
1619 9
1620 8
1621 10
1622 8
1623 7
1624 6
1625 5
1626 4
1627 2
1628 3
1629 4
1630 3
1631 1
1632 5
1633 7
1634 8
1635 8
1636 8
1637 8
1638 8
1639 7
1640 8
1641 9
1642 7
1643 7
1644 8
1645 9
1646 10
1647 10
1648 8
1649 6
1650 3
1651 3
1652 1
1653 3
1654 4
1655 4
1656 7
1657 9
1658 12
1659 14
1660 17
1661 14
1662 17
1663 14
1664 16
1665 13
1666 14
1667 16
1668 13
1669 14
1670 17
1671 14
1672 16
1673 13
1674 15
1675 12
1676 15
1677 12
1678 14
1679 15
1680 12
1681 13
1682 10
1683 8
1684 6
1685 5
1686 4
1687 3
1688 2
1689 5
1690 9
1691 12
1692 11
1693 11
1694 9
1695 9
1696 6
1697 4
1698 2
1699 2
1700 2
1701 3
1702 2
1703 1
1704 6
1705 6
1706 8
1707 11
1708 12
1709 15
1710 12
1711 15
1712 12
1713 12
1714 13
1715 15
1716 12
1717 12
1718 12
1719 9
1720 6
1721 4
1722 3
1723 4
1724 4
1725 5
1726 6
1727 5
1728 5
1729 4
1730 6
1731 6
1732 5
1733 6
1734 6
1735 4
1736 3
1737 2
1738 1
1739 3
1740 3
1741 3
1742 6
1743 9
1744 11
1745 14
1746 14
1747 13
1748 13
1749 13
1750 13
1751 13
1752 12
1753 12
1754 10
1755 9
1756 7
1757 6
1758 7
1759 6
1760 8
1761 9
1762 10
1763 12
1764 15
1765 12
1766 14
1767 11
1768 8
1769 6
1770 3
1771 2
1772 5
1773 6
1774 8
1775 10
1776 10
1777 10
1778 9
1779 6
1780 4
1781 2
1782 0
1783 3
1784 3
1785 2
1786 2
1787 3
1788 2
1789 3
1790 6
1791 6
1792 7
1793 10
1794 13
1795 13
1796 15
1797 12
1798 14
1799 14
1800 12
1801 9
1802 8
1803 6
1804 4
1805 2
1806 4
1807 4
1808 4
1809 3
1810 3
1811 1
1812 1
1813 5
1814 6
1815 8
1816 11
1817 10
1818 10
1819 12
1820 11
1821 12
1822 12
1823 13
1824 15
1825 13
1826 13
1827 13
1828 13
1829 13
1830 13
1831 14
1832 14
1833 12
1834 9
1835 6
1836 3
1837 1
1838 1
1839 2
1840 5
1841 6
1842 7
1843 9
1844 11
1845 13
1846 15
1847 12
1848 13
1849 13
1850 11
1851 9
1852 6
1853 5
1854 5
1855 6
1856 9
1857 8
1858 7
1859 5
1860 4
1861 2
1862 1
1863 1
1864 1
1865 0
1866 5
1867 3
1868 2
1869 2
1870 4
1871 6
1872 10
1873 14
1874 16
1875 13
1876 13
1877 12
1878 11
1879 8
1880 7
1881 6
1882 4
1883 3
1884 5
1885 7
1886 11
1887 14
1888 15
1889 12
1890 15
1891 12
1892 15
1893 14
1894 16
1895 14
1896 13
1897 13
1898 13
1899 13
1900 13
1901 12
1902 9
1903 7
1904 4
1905 1
1906 0
1907 2
1908 5
1909 7
1910 8
1911 8
1912 11
1913 12
1914 12
1915 13
1916 13
1917 13
1918 11
1919 12
1920 12
1921 11
1922 10
1923 9
1924 9
1925 8
1926 7
1927 7
1928 6
1929 5
1930 3
1931 0
1932 4
1933 3
1934 4
1935 6
1936 7
1937 8
1938 6
1939 8
1940 10
1941 11
1942 10
1943 10
1944 9
1945 7
1946 4
1947 4
1948 2
1949 0
1950 1
1951 4
1952 4
1953 3
1954 4
1955 9
1956 10
1957 13
1958 16
1959 13
1960 16
1961 13
1962 16
1963 13
1964 15
1965 12
1966 15
1967 12
1968 15
1969 12
1970 12
1971 12
1972 13
1973 13
1974 14
1975 14
1976 14
1977 14
1978 14
1979 13
1980 15
1981 12
1982 12
1983 12
1984 10
1985 7
1986 4
1987 3
1988 2
1989 2
1990 1
1991 5
1992 7
1993 7
1994 8
1995 10
1996 11
1997 13
1998 15
1999 12
2000 15
2001 12
2002 13
2003 14
2004 14
2005 15
2006 12
2007 10
2008 7
2009 6
2010 3
2011 6
2012 6
2013 9
2014 12
2015 14
2016 13
2017 11
2018 10
2019 9
2020 6
2021 5
2022 2
2023 0
2024 1
2025 2
2026 1
2027 3
2028 4
2029 5
2030 7
2031 7
2032 9
2033 6
2034 6
2035 5
2036 4
2037 2
2038 3
2039 3
2040 4
2041 4
2042 3
2043 3
2044 6
2045 7
2046 8
2047 6
2048 6
2049 6
2050 7
2051 9
2052 7
2053 7
2054 9
2055 9
2056 7
2057 5
2058 5
2059 6
2060 7
2061 6
2062 7
2063 6
2064 7
2065 8
2066 6
2067 7
2068 7
2069 5
2070 3
2071 3
2072 4
2073 5
2074 6
2075 6
2076 9
2077 10
2078 11
2079 13
2080 14
2081 14
2082 12
2083 10
2084 9
2085 8
2086 8
2087 6
2088 5
2089 4
2090 6
2091 6
2092 5
2093 5
2094 5
2095 3
2096 3
2097 3
2098 5
2099 5
2100 8
2101 10
2102 12
2103 14
2104 14
2105 14
2106 13
2107 13
2108 12
2109 11
2110 10
2111 7
2112 4
2113 2
2114 3
2115 2
2116 3
2117 6
2118 7
2119 10
2120 11
2121 12
2122 13
2123 11
2124 11
2125 11
2126 9
2127 8
2128 8
2129 7
2130 7
2131 6
2132 5
2133 6
2134 3
2135 4
2136 5
2137 5
2138 5
2139 7
2140 7
2141 7
2142 8
2143 10
2144 13
2145 15
2146 12
2147 14
2148 17
2149 14
2150 16
2151 13
2152 16
2153 13
2154 14
2155 15
2156 12
2157 15
2158 12
2159 14
2160 15
2161 12
2162 11
2163 8
2164 5
2165 3
2166 0
2167 1
2168 4
2169 1
2170 3
2171 6
2172 6
2173 8
2174 10
2175 11
2176 11
2177 11
2178 11
2179 11
2180 10
2181 9
2182 7
2183 5
2184 2
2185 3
2186 3
2187 4
2188 7
2189 10
2190 12
2191 13
2192 13
2193 13
2194 14
2195 13
2196 10
2197 10
2198 7
2199 5
2200 2
2201 0
2202 2
2203 3
2204 2
2205 2
2206 5
2207 5
2208 2
2209 7
2210 8
2211 11
2212 12
2213 12
2214 12
2215 11
2216 10
2217 10
2218 9
2219 9
2220 9
2221 12
2222 13
2223 12
2224 12
2225 12
2226 13
2227 13
2228 13
2229 13
2230 14
2231 14
2232 14
2233 12
2234 11
2235 10
2236 7
2237 7
2238 4
2239 4
2240 2
2241 3
2242 4
2243 5
2244 7
2245 5
2246 4
2247 2
2248 2
2249 1
2250 4
2251 3
2252 3
2253 5
2254 6
2255 7
2256 6
2257 5
2258 6
2259 6
2260 9
2261 10
2262 11
2263 11
2264 14
2265 13
2266 14
2267 14
2268 12
2269 9
2270 8
2271 5
2272 4
2273 4
2274 8
2275 10
2276 12
2277 15
2278 12
2279 12
2280 11
2281 10
2282 9
2283 6
2284 6
2285 5
2286 5
2287 5
2288 7
2289 7
2290 10
2291 10
2292 12
2293 13
2294 13
2295 11
2296 12
2297 13
2298 14
2299 13
2300 12
2301 11
2302 10
2303 13
2304 12
2305 12
2306 10
2307 10
2308 10
2309 7
2310 6
2311 4
2312 1
2313 2
2314 3
2315 2
2316 4
2317 5
2318 6
2319 7
2320 5
2321 3
2322 1
2323 3
2324 5
2325 6
2326 8
2327 10
2328 13
2329 13
2330 13
2331 13
2332 14
2333 13
2334 11
2335 9
2336 10
2337 8
2338 7
2339 7
2340 6
2341 5
2342 5
2343 5
2344 5
2345 6
2346 6
2347 5
2348 6
2349 7
2350 8
2351 12
2352 12
2353 14
2354 15
2355 12
2356 15
2357 12
2358 12
2359 13
2360 12
2361 11
2362 11
2363 9
2364 8
2365 5
2366 6
2367 5
2368 8
2369 9
2370 11
2371 12
2372 12
2373 12
2374 12
2375 11
2376 9
2377 7
2378 5
2379 4
2380 3
2381 0
2382 0
2383 0
2384 2
2385 3
2386 5
2387 5
2388 6
2389 4
2390 2
2391 1
2392 4
2393 6
2394 4
2395 6
2396 6
2397 6
2398 4
2399 4
2400 4
2401 8
2402 9
2403 8
2404 9
2405 6
2406 6
2407 3
2408 3
2409 3
2410 5
2411 6
2412 4
2413 1
2414 4
2415 4
2416 6
2417 7
2418 7
2419 10
2420 14
2421 15
2422 12
2423 15
2424 13
2425 16
2426 13
2427 13
2428 11
2429 8
2430 6
2431 5
2432 4
2433 4
2434 4
2435 4
2436 4
2437 7
2438 7
2439 5
2440 4
2441 7
2442 7
2443 8
2444 9
2445 11
2446 11
2447 13
2448 11
2449 11
2450 10
2451 7
2452 6
2453 6
2454 4
2455 3
2456 2
2457 3
2458 5
2459 6
2460 7
2461 8
2462 11
2463 13
2464 13
2465 13
2466 13
2467 14
2468 14
2469 14
2470 12
2471 11
2472 11
2473 8
2474 7
2475 6
2476 6
2477 7
2478 7
2479 8
2480 8
2481 8
2482 5
2483 4
2484 2
2485 3
2486 6
2487 5
2488 4
2489 6
2490 5
2491 4
2492 7
2493 8
2494 11
2495 13
2496 15
2497 12
2498 15
2499 12
2500 15
2501 13
2502 16
2503 13
2504 14
2505 12
2506 9
2507 7
2508 5
2509 3
2510 2
2511 3
2512 1
2513 2
2514 4
2515 4
2516 6
2517 9
2518 9
2519 11
2520 12
2521 14
2522 14
2523 13
2524 15
2525 12
2526 11
2527 11
2528 9
2529 10
2530 9
2531 7
2532 7
2533 4
2534 2
2535 5
2536 7
2537 10
2538 13
2539 14
2540 12
2541 9
2542 8
2543 5
2544 2
2545 5
2546 4
2547 2
2548 3
2549 5
2550 5
2551 3
2552 4
2553 6
2554 8
2555 10
2556 12
2557 13
2558 14
2559 15
2560 12
2561 15
2562 12
2563 14
2564 15
2565 12
2566 14
2567 13
2568 11
2569 12
2570 11
2571 10
2572 11
2573 12
2574 11
2575 9
2576 6
2577 5
2578 3
2579 1
2580 4
2581 2
2582 6
2583 9
2584 11
2585 14
2586 14
2587 16
2588 13
2589 15
2590 12
2591 15
2592 12
2593 11
2594 10
2595 10
2596 8
2597 6
2598 5
2599 3
2600 1
2601 4
2602 4
2603 5
2604 6
2605 6
2606 7
2607 8
2608 6
2609 8
2610 7
2611 7
2612 6
2613 4
2614 4
2615 6
2616 8
2617 7
2618 8
2619 5
2620 6
2621 6
2622 6
2623 3
2624 1
2625 3
2626 3
2627 1
2628 3
2629 5
2630 7
2631 7
2632 9
2633 10
2634 8
2635 8
2636 5
2637 6
2638 3
2639 0
2640 3
2641 3
2642 6
2643 8
2644 10
2645 9
2646 8
2647 8
2648 9
2649 6
2650 4
2651 2
2652 4
2653 7
2654 7
2655 10
2656 11
2657 11
2658 14
2659 15
2660 13
2661 16
2662 14
2663 16
2664 13
2665 12
2666 10
2667 10
2668 9
2669 7
2670 4
2671 2
2672 2
2673 3
2674 5
2675 6
2676 8
2677 11
2678 10
2679 10
2680 10
2681 9
2682 7
2683 4
2684 4
2685 5
2686 5
2687 4
2688 6
2689 9
2690 11
2691 12
2692 14
2693 15
2694 12
2695 13
2696 13
2697 14
2698 13
2699 14
2700 14
2701 14
2702 13
2703 10
2704 7
2705 5
2706 5
2707 5
2708 8
2709 8
2710 8
2711 9
2712 12
2713 14
2714 15
2715 12
2716 15
2717 13
2718 15
2719 13
2720 15
2721 12
2722 12
2723 12
2724 12
2725 11
2726 11
2727 10
2728 10
2729 10
2730 10
2731 9
2732 8
2733 9
2734 7
2735 7
2736 5
2737 4
2738 2
2739 2
2740 4
2741 7
2742 8
2743 8
2744 9
2745 9
2746 9
2747 9
2748 9
2749 7
2750 5
2751 3
2752 4
2753 2
2754 3
2755 5
2756 6
2757 8
2758 10
2759 12
2760 14
2761 16
2762 13
2763 15
2764 12
2765 14
2766 17
2767 14
2768 17
2769 14
2770 15
2771 12
2772 11
2773 9
2774 6
2775 3
2776 0
2777 2
2778 5
2779 4
2780 3
2781 3
2782 1
2783 0
2784 2
2785 2
2786 3
2787 1
2788 2
2789 2
2790 6
2791 7
2792 9
2793 10
2794 12
2795 14
2796 14
2797 12
2798 9
2799 6
2800 4
2801 2
2802 3
2803 4
2804 7
2805 8
2806 8
2807 8
2808 8
2809 6
2810 4
2811 2
2812 1
2813 4
2814 3
2815 3
2816 6
2817 8
2818 9
2819 9
2820 9
2821 10
2822 10
2823 9
2824 9
2825 7
2826 5
2827 4
2828 5
2829 5
2830 4
2831 2
2832 3
2833 0
2834 1
2835 3
2836 4
2837 2
2838 3
2839 2
2840 3
2841 2
2842 3
2843 5
2844 6
2845 7
2846 8
2847 10
2848 12
2849 13
2850 13
2851 14
2852 14
2853 13
2854 11
2855 9
2856 6
2857 3
2858 2
2859 2
2860 2
2861 2
2862 5
2863 8
2864 7
2865 8
2866 6
2867 4
2868 4
2869 4
2870 1
2871 4
2872 4
2873 5
2874 5
2875 7
2876 6
2877 8
2878 8
2879 8
2880 6
2881 4
2882 6
2883 8
2884 7
2885 5
2886 2
2887 3
2888 2
2889 1
2890 1
2891 3
2892 3
2893 3
2894 4
2895 3
2896 4
2897 8
2898 10
2899 13
2900 14
2901 14
2902 13
2903 12
2904 13
2905 12
2906 11
2907 9
2908 6
2909 5
2910 4
2911 2
2912 2
2913 2
2914 2
2915 3
2916 3
2917 1
2918 2
2919 2
2920 3
2921 3
2922 5
2923 6
2924 6
2925 7
2926 8
2927 10
2928 11
2929 13
2930 14
2931 13
2932 12
2933 10
2934 8
2935 8
2936 7
2937 4
2938 4
2939 2
2940 6
2941 9
2942 11
2943 11
2944 9
2945 10
2946 10
2947 8
2948 7
2949 8
2950 6
2951 6
2952 6
2953 5
2954 3
2955 4
2956 4
2957 4
2958 7
2959 6
2960 8
2961 9
2962 8
2963 9
2964 11
2965 11
2966 11
2967 11
2968 14
2969 15
2970 12
2971 14
2972 15
2973 12
2974 13
2975 12
2976 10
2977 9
2978 9
2979 9
2980 8
2981 7
2982 6
2983 7
2984 7
2985 6
2986 6
2987 8
2988 7
2989 7
2990 8
2991 8
2992 9
2993 10
2994 11
2995 11
2996 10
2997 12
2998 12
2999 13
3000 10
3001 7
3002 6
3003 4
3004 3
3005 1
3006 1
3007 5
3008 7
3009 8
3010 7
3011 10
3012 13
3013 14
3014 15
3015 12
3016 14
3017 15
3018 12
3019 14
3020 14
3021 13
3022 12
3023 12
3024 9
3025 9
3026 7
3027 5
3028 5
3029 4
3030 4
3031 4
3032 2
3033 3
3034 5
3035 8
3036 11
3037 13
3038 15
3039 13
3040 16
3041 15
3042 13
3043 16
3044 13
3045 13
3046 11
3047 9
3048 7
3049 5
3050 3
3051 3
3052 4
3053 4
3054 7
3055 9
3056 9
3057 7
3058 9
3059 9
3060 8
3061 9
3062 6
3063 5
3064 4
3065 4
3066 4
3067 6
3068 9
3069 9
3070 9
3071 8
3072 8
3073 9
3074 9
3075 11
3076 14
3077 14
3078 13
3079 13
3080 11
3081 8
3082 8
3083 9
3084 9
3085 9
3086 12
3087 13
3088 12
3089 12
3090 12
3091 13
3092 14
3093 12
3094 10
3095 10
3096 8
3097 8
3098 8
3099 7
3100 4
3101 4
3102 4
3103 2
3104 2
3105 3
3106 1
3107 2
3108 1
3109 3
3110 2
3111 1
3112 4
3113 2
3114 3
3115 5
3116 6
3117 8
3118 7
3119 6
3120 6
3121 7
3122 8
3123 9
3124 11
3125 14
3126 16
3127 13
3128 16
3129 13
3130 16
3131 14
3132 16
3133 13
3134 13
3135 12
3136 12
3137 9
3138 6
3139 5
3140 3
3141 4
3142 5
3143 4
3144 4
3145 6
3146 7
3147 6
3148 6
3149 6
3150 3
3151 2
3152 5
3153 8
3154 8
3155 9
3156 11
3157 12
3158 15
3159 12
3160 15
3161 12
3162 12
3163 14
3164 14
3165 14
3166 12
3167 12
3168 9
3169 7
3170 5
3171 2
3172 2
3173 2
3174 1
3175 3
3176 3
3177 2
3178 2
3179 2
3180 1
3181 1
3182 1
3183 3
3184 7
3185 8
3186 12
3187 12
3188 15
3189 12
3190 13
3191 14
3192 11
3193 9
3194 7
3195 4
3196 3
3197 3
3198 2
3199 3
3200 5
3201 6
3202 6
3203 5
3204 7
3205 6
3206 6
3207 7
3208 6
3209 8
3210 6
3211 5
3212 4
3213 4
3214 3
3215 4
3216 7
3217 10
3218 11
3219 12
3220 11
3221 15
3222 12
3223 14
3224 16
3225 13
3226 16
3227 13
3228 14
3229 13
3230 11
3231 12
3232 11
3233 11
3234 8
3235 5
3236 4
3237 3
3238 7
3239 6
3240 5
3241 3
3242 4
3243 4
3244 2
3245 3
3246 1
3247 0
3248 2
3249 4
3250 7
3251 8
3252 11
3253 12
3254 15
3255 12
3256 13
3257 14
3258 15
3259 12
3260 12
3261 12
3262 13
3263 12
3264 12
3265 11
3266 9
3267 8
3268 8
3269 6
3270 7
3271 9
3272 10
3273 10
3274 13
3275 15
3276 12
3277 12
3278 10
3279 7
3280 5
3281 2
3282 0
3283 1
3284 2
3285 5
3286 5
3287 4
3288 4
3289 5
3290 4
3291 3
3292 4
3293 4
3294 2
3295 2
3296 2
3297 7
3298 9
3299 9
3300 9
3301 8
3302 11
3303 11
3304 12
3305 10
3306 9
3307 10
3308 7
3309 5
3310 3
3311 0
3312 1
3313 0
3314 1
3315 3
3316 2
3317 3
3318 5
3319 5
3320 5
3321 3
3322 3
3323 4
3324 7
3325 7
3326 8
3327 12
3328 14
3329 15
3330 12
3331 15
3332 12
3333 14
3334 14
3335 14
3336 13
3337 11
3338 9
3339 6
3340 5
3341 4
3342 4
3343 5
3344 6
3345 5
3346 5
3347 6
3348 6
3349 6
3350 8
3351 10
3352 11
3353 13
3354 13
3355 12
3356 12
3357 10
3358 9
3359 9
3360 6
3361 6
3362 4
3363 4
3364 6
3365 7
3366 10
3367 9
3368 10
3369 13
3370 14
3371 12
3372 11
3373 10
3374 10
3375 7
3376 6
3377 3
3378 2
3379 2
3380 4
3381 2
3382 2
3383 1
3384 3
3385 2
3386 4
3387 4
3388 6
3389 8
3390 12
3391 14
3392 15
3393 12
3394 14
3395 17
3396 14
3397 17
3398 14
3399 16
3400 13
3401 13
3402 14
3403 15
3404 12
3405 11
3406 11
3407 11
3408 10
3409 8
3410 9
3411 10
3412 9
3413 9
3414 8
3415 5
3416 4
3417 2
3418 5
3419 9
3420 10
3421 12
3422 13
3423 14
3424 14
3425 15
3426 12
3427 15
3428 13
3429 14
3430 13
3431 10
3432 7
3433 4
3434 4
3435 4
3436 4
3437 6
3438 7
3439 6
3440 4
3441 3
3442 2
3443 7
3444 8
3445 11
3446 11
3447 11
3448 8
3449 7
3450 5
3451 4
3452 6
3453 9
3454 9
3455 11
3456 13
3457 15
3458 12
3459 15
3460 12
3461 13
3462 11
3463 9
3464 7
3465 5
3466 5
3467 5
3468 7
3469 7
3470 5
3471 5
3472 4
3473 5
3474 6
3475 8
3476 10
3477 13
3478 15
3479 12
3480 15
3481 12
3482 14
3483 13
3484 12
3485 11
3486 10
3487 11
3488 9
3489 7
3490 5
3491 2
3492 0
3493 0
3494 0
3495 1
3496 2
3497 4
3498 4
3499 2
3500 1
3501 1
3502 7
3503 7
3504 7
3505 9
3506 11
3507 13
3508 12
3509 11
3510 11
3511 10
3512 9
3513 10
3514 8
3515 5
3516 6
3517 7
3518 7
3519 8
3520 10
3521 11
3522 11
3523 12
3524 14
3525 15
3526 12
3527 15
3528 13
3529 15
3530 12
3531 15
3532 13
3533 13
3534 10
3535 8
3536 5
3537 3
3538 3
3539 2
3540 2
3541 2
3542 4
3543 5
3544 6
3545 9
3546 8
3547 9
3548 8
3549 11
3550 13
3551 11
3552 8
3553 8
3554 5
3555 3
3556 2
3557 1
3558 1
3559 4
3560 4
3561 6
3562 7
3563 8
3564 8
3565 10
3566 10
3567 13
3568 15
3569 13
3570 13
3571 13
3572 11
3573 10
3574 8
3575 8
3576 9
3577 8
3578 7
3579 7
3580 9
3581 11
3582 10
3583 9
3584 9
3585 11
3586 11
3587 8
3588 7
3589 4
3590 1
3591 0
3592 3
3593 4
3594 6
3595 9
3596 11
3597 10
3598 10
3599 9
3600 6
3601 4
3602 3
3603 4
3604 2
3605 3
3606 5
3607 6
3608 8
3609 8
3610 11
3611 15
3612 12
3613 15
3614 15
3615 13
3616 16
3617 13
3618 16
3619 13
3620 14
3621 11
3622 9
3623 6
3624 4
3625 3
3626 3
3627 0
3628 4
3629 4
3630 3
3631 3
3632 3
3633 6
3634 8
3635 9
3636 10
3637 12
3638 14
3639 15
3640 12
3641 15
3642 12
3643 14
3644 14
3645 14
3646 12
3647 11
3648 12
3649 9
3650 7
3651 5
3652 7
3653 8
3654 6
3655 8
3656 6
3657 9
3658 9
3659 7
3660 9
3661 9
3662 8
3663 7
3664 5
3665 3
3666 2
3667 3
3668 4
3669 4
3670 5
3671 6
3672 8
3673 10
3674 13
3675 15
3676 12
3677 14
3678 17
3679 14
3680 16
3681 14
3682 17
3683 14
3684 14
3685 14
3686 14
3687 11
3688 10
3689 7
3690 4
3691 1
3692 3
3693 4
3694 5
3695 7
3696 7
3697 10
3698 12
3699 15
3700 12
3701 15
3702 12
3703 15
3704 12
3705 15
3706 13
3707 16
3708 13
3709 15
3710 12
3711 15
3712 13
3713 16
3714 13
3715 15
3716 12
3717 15
3718 12
3719 15
3720 13
3721 15
3722 13
3723 15
3724 12
3725 12
3726 12
3727 12
3728 12
3729 13
3730 13
3731 11
3732 9
3733 6
3734 3
3735 2
3736 7
3737 5
3738 8
3739 10
3740 12
3741 13
3742 15
3743 12
3744 12
3745 12
3746 11
3747 10
3748 9
3749 7
3750 5
3751 3
3752 0
3753 0
3754 3
3755 5
3756 6
3757 9
3758 11
3759 12
3760 14
3761 17
3762 14
3763 17
3764 14
3765 16
3766 15
3767 12
3768 15
3769 12
3770 15
3771 13
3772 16
3773 13
3774 12
3775 11
3776 8
3777 7
3778 7
3779 5
3780 2
3781 5
3782 5
3783 7
3784 6
3785 8
3786 7
3787 8
3788 11
3789 11
3790 13
3791 12
3792 11
3793 9
3794 8
3795 8
3796 6
3797 4
3798 1
3799 5
3800 4
3801 6
3802 9
3803 11
3804 12
3805 15
3806 12
3807 15
3808 12
3809 15
3810 12
3811 15
3812 12
3813 15
3814 12
3815 13
3816 13
3817 14
3818 15
3819 12
3820 13
3821 15
3822 12
3823 12
3824 10
3825 9
3826 7
3827 5
3828 3
3829 2
3830 1
3831 2
3832 3
3833 3
3834 3
3835 3
3836 5
3837 7
3838 8
3839 10
3840 11
3841 14
3842 15
3843 12
3844 13
3845 13
3846 13
3847 12
3848 11
3849 10
3850 12
3851 10
3852 12
3853 11
3854 10
3855 11
3856 9
3857 9
3858 10
3859 10
3860 10
3861 9
3862 9
3863 10
3864 9
3865 9
3866 8
3867 5
3868 3
3869 0
3870 1
3871 4
3872 4
3873 4
3874 3
3875 3
3876 4
3877 6
3878 4
3879 6
3880 7
3881 9
3882 12
3883 15
3884 12
3885 15
3886 13
3887 16
3888 13
3889 14
3890 14
3891 14
3892 14
3893 15
3894 12
3895 12
3896 12
3897 10
3898 8
3899 6
3900 4
3901 3
3902 2
3903 5
3904 7
3905 8
3906 9
3907 9
3908 13
3909 16
3910 14
3911 17
3912 14
3913 16
3914 14
3915 16
3916 13
3917 16
3918 13
3919 15
3920 12
3921 12
3922 10
3923 8
3924 7
3925 4
3926 6
3927 5
3928 4
3929 3
3930 3
3931 4
3932 6
3933 8
3934 9
3935 9
3936 11
3937 11
3938 12
3939 13
3940 14
3941 14
3942 15
3943 12
3944 13
3945 13
3946 12
3947 9
3948 7
3949 5
3950 3
3951 3
3952 2
3953 8
3954 10
3955 12
3956 15
3957 12
3958 14
3959 15
3960 12
3961 14
3962 14
3963 13
3964 10
3965 7
3966 5
3967 2
3968 1
3969 5
3970 7
3971 7
3972 9
3973 11
3974 13
3975 15
3976 12
3977 15
3978 12
3979 14
3980 14
3981 13
3982 13
3983 13
3984 13
3985 12
3986 11
3987 9
3988 8
3989 6
3990 3
3991 1
3992 4
3993 4
3994 3
3995 3
3996 1
3997 5
3998 9
3999 10
4000 10
4001 9
4002 9
4003 8
4004 8
4005 7
4006 8
4007 9
4008 10
4009 10
4010 10
4011 7
4012 6
4013 9
4014 9
4015 10
4016 9
4017 6
4018 6
4019 5
4020 4
4021 5
4022 4
4023 4
4024 4
4025 3
4026 2
4027 5
4028 8
4029 8
4030 8
4031 9
4032 9
4033 9
4034 7
4035 6
4036 4
4037 5
4038 4
4039 1
4040 0
4041 1
4042 0
4043 3
4044 3
4045 4
4046 6
4047 8
4048 11
4049 12
4050 14
4051 16
4052 13
4053 16
4054 13
4055 13
4056 14
4057 15
4058 12
4059 13
4060 14
4061 11
4062 10
4063 7
4064 4
4065 4
4066 5
4067 8
4068 10
4069 9
4070 9
4071 8
4072 10
4073 11
4074 10
4075 9
4076 9
4077 11
4078 11
4079 13
4080 12
4081 11
4082 10
4083 9
4084 7
4085 6
4086 5
4087 4
4088 3
4089 1
4090 4
4091 6
4092 6
4093 5
4094 5
4095 2
4096 2
4097 3
4098 3
4099 4
4100 4
4101 4
4102 5
4103 8
4104 12
4105 14
4106 17
4107 14
4108 17
4109 14
4110 17
4111 15
4112 12
4113 15
4114 12
4115 15
4116 12
4117 14
4118 16
4119 13
4120 16
4121 14
4122 16
4123 13
4124 15
4125 12
4126 12
4127 13
4128 14
4129 12
4130 9
4131 6
4132 5
4133 2
4134 1
4135 1
4136 5
4137 7
4138 6
4139 6
4140 8
4141 10
4142 10
4143 12
4144 15
4145 13
4146 14
4147 14
4148 15
4149 12
4150 9
4151 7
4152 8
4153 7
4154 6
4155 5
4156 3
4157 3
4158 6
4159 6
4160 9
4161 7
4162 9
4163 10
4164 11
4165 12
4166 12
4167 15
4168 12
4169 10
4170 7
4171 5
4172 2
4173 2
4174 1
4175 3
4176 5
4177 4
4178 4
4179 4
4180 7
4181 9
4182 9
4183 10
4184 9
4185 8
4186 8
4187 7
4188 6
4189 6
4190 3
4191 0
4192 1
4193 1
4194 3
4195 7
4196 9
4197 9
4198 12
4199 13
4200 12
4201 10
4202 9
4203 6
4204 3
4205 3
4206 3
4207 2
4208 1
4209 1
4210 1
4211 4
4212 5
4213 6
4214 8
4215 10
4216 8
4217 9
4218 11
4219 10
4220 9
4221 6
4222 4
4223 2
4224 3
4225 2
4226 5
4227 8
4228 11
4229 14
4230 14
4231 14
4232 17
4233 14
4234 17
4235 14
4236 16
4237 15
4238 13
4239 14
4240 13
4241 12
4242 12
4243 10
4244 7
4245 6
4246 4
4247 4
4248 2
4249 4
4250 2
4251 2
4252 2
4253 2
4254 2
4255 3
4256 3
4257 6
4258 8
4259 6
4260 7
4261 7
4262 7
4263 6
4264 4
4265 5
4266 4
4267 3
4268 2
4269 4
4270 6
4271 5
4272 5
4273 7
4274 9
4275 10
4276 9
4277 11
4278 12
4279 13
4280 12
4281 11
4282 10
4283 9
4284 10
4285 10
4286 9
4287 8
4288 7
4289 7
4290 5
4291 3
4292 3
4293 0
4294 1
4295 3
4296 2
4297 2
4298 1
4299 3
4300 3
4301 5
4302 5
4303 5
4304 6
4305 8
4306 9
4307 11
4308 13
4309 13
4310 14
4311 14
4312 13
4313 10
4314 7
4315 6
4316 5
4317 6
4318 5
4319 8
4320 9
4321 9
4322 9
4323 11
4324 13
4325 14
4326 16
4327 13
4328 15
4329 12
4330 14
4331 13
4332 10
4333 9
4334 7
4335 6
4336 4
4337 4
4338 5
4339 8
4340 8
4341 8
4342 10
4343 12
4344 11
4345 12
4346 11
4347 10
4348 10
4349 7
4350 5
4351 3
4352 4
4353 6
4354 6
4355 6
4356 7
4357 7
4358 6
4359 7
4360 8
4361 6
4362 4
4363 3
4364 4
4365 4
4366 7
4367 8
4368 10
4369 10
4370 12
4371 15
4372 12
4373 13
4374 14
4375 14
4376 14
4377 16
4378 13
4379 14
4380 15
4381 12
4382 12
4383 14
4384 13
4385 11
4386 8
4387 7
4388 4
4389 3
4390 2
4391 1
4392 4
4393 5
4394 8
4395 8
4396 9
4397 10
4398 12
4399 12
4400 10
4401 9
4402 6
4403 6
4404 7
4405 7
4406 7
4407 9
4408 9
4409 11
4410 12
4411 12
4412 10
4413 10
4414 8
4415 6
4416 4
4417 2
4418 3
4419 1
4420 3
4421 6
4422 5
4423 5
4424 5
4425 6
4426 7
4427 8
4428 9
4429 12
4430 11
4431 9
4432 6
4433 4
4434 2
4435 2
4436 3
4437 6
4438 5
4439 4
4440 5
4441 5
4442 6
4443 6
4444 7
4445 7
4446 8
4447 9
4448 8
4449 8
4450 6
4451 3
4452 4
4453 5
4454 5
4455 5
4456 7
4457 7
4458 11
4459 12
4460 15
4461 14
4462 16
4463 13
4464 15
4465 14
4466 15
4467 12
4468 13
4469 14
4470 13
4471 11
4472 8
4473 6
4474 5
4475 2
4476 3
4477 2
4478 2
4479 5
4480 3
4481 4
4482 2
4483 2
4484 1
4485 4
4486 4
4487 3
4488 3
4489 3
4490 5
4491 6
4492 9
4493 12
4494 10
4495 10
4496 9
4497 9
4498 9
4499 8
4500 7
4501 6
4502 5
4503 3
4504 6
4505 6
4506 6
4507 8
4508 12
4509 13
4510 14
4511 15
4512 12
4513 15
4514 12
4515 14
4516 16
4517 13
4518 14
4519 16
4520 13
4521 13
4522 11
4523 12
4524 10
4525 9
4526 8
4527 6
4528 4
4529 2
4530 2
4531 4
4532 5
4533 5
4534 4
4535 4
4536 2
4537 3
4538 2
4539 1
4540 1
4541 3
4542 6
4543 8
4544 7
4545 8
4546 10
4547 10
4548 12
4549 11
4550 13
4551 13
4552 10
4553 10
4554 7
4555 4
4556 3
4557 1
4558 1
4559 1
4560 3
4561 5
4562 3
4563 4
4564 2
4565 4
4566 4
4567 2
4568 2
4569 2
4570 5
4571 5
4572 5
4573 5
4574 7
4575 8
4576 10
4577 12
4578 13
4579 16
4580 14
4581 15
4582 12
4583 14
4584 16
4585 13
4586 13
4587 13
4588 14
4589 14
4590 13
4591 12
4592 12
4593 11
4594 9
4595 9
4596 6
4597 3
4598 2
4599 1
4600 4
4601 4
4602 4
4603 5
4604 3
4605 2
4606 2
4607 3
4608 3
4609 2
4610 1
4611 1
4612 3
4613 2
4614 4
4615 7
4616 9
4617 9
4618 13
4619 13
4620 13
4621 13
4622 10
4623 11
4624 9
4625 8
4626 5
4627 4
4628 2
4629 3
4630 2
4631 4
4632 8
4633 10
4634 12
4635 15
4636 13
4637 14
4638 12
4639 10
4640 8
4641 7
4642 5
4643 3
4644 1
4645 4
4646 4
4647 5
4648 6
4649 8
4650 8
4651 6
4652 6
4653 6
4654 10
4655 11
4656 13
4657 15
4658 13
4659 16
4660 13
4661 13
4662 13
4663 15
4664 12
4665 13
4666 11
4667 8
4668 8
4669 8
4670 8
4671 5
4672 5
4673 4
4674 3
4675 1
4676 0
4677 1
4678 1
4679 2
4680 3
4681 0
4682 0
4683 1
4684 5
4685 2
4686 1
4687 3
4688 3
4689 4
4690 3
4691 3
4692 2
4693 2
4694 2
4695 5
4696 5
4697 6
4698 6
4699 6
4700 6
4701 8
4702 9
4703 8
4704 7
4705 6
4706 7
4707 8
4708 8
4709 9
4710 11
4711 13
4712 13
4713 12
4714 10
4715 7
4716 7
4717 4
4718 2
4719 4
4720 5
4721 6
4722 7
4723 5
4724 5
4725 3
4726 3
4727 2
4728 3
4729 5
4730 4
4731 6
4732 8
4733 10
4734 11
4735 10
4736 11
4737 13
4738 10
4739 10
4740 9
4741 9
4742 8
4743 5
4744 3
4745 5
4746 3
4747 0
4748 0
4749 3
4750 2
4751 4
4752 5
4753 8
4754 9
4755 7
4756 8
4757 7
4758 6
4759 6
4760 4
4761 5
4762 5
4763 6
4764 6
4765 7
4766 8
4767 7
4768 10
4769 11
4770 11
4771 10
4772 8
4773 5
4774 5
4775 4
4776 1
4777 2
4778 3
4779 2
4780 0
4781 2
4782 4
4783 5
4784 8
4785 10
4786 9
4787 9
4788 8
4789 8
4790 8
4791 7
4792 7
4793 7
4794 7
4795 6
4796 7
4797 7
4798 6
4799 5
4800 4
4801 5
4802 7
4803 7
4804 6
4805 6
4806 7
4807 5
4808 3
4809 2
4810 4
4811 4
4812 2
4813 0
4814 2
4815 3
4816 4
4817 4
4818 9
4819 11
4820 11
4821 13
4822 14
4823 16
4824 13
4825 13
4826 14
4827 13
4828 12
4829 11
4830 10
4831 10
4832 8
4833 6
4834 3
4835 0
4836 4
4837 5
4838 8
4839 10
4840 12
4841 11
4842 10
4843 13
4844 14
4845 15
4846 12
4847 14
4848 14
4849 13
4850 13
4851 12
4852 11
4853 10
4854 8
4855 6
4856 5
4857 4
4858 3
4859 2
4860 4
4861 6
4862 7
4863 9
4864 11
4865 13
4866 14
4867 13
4868 11
4869 9
4870 6
4871 3
4872 2
4873 2
4874 2
4875 1
4876 1
4877 5
4878 7
4879 7
4880 9
4881 11
4882 13
4883 16
4884 13
4885 14
4886 15
4887 12
4888 13
4889 11
4890 9
4891 6
4892 3
4893 0
4894 4
4895 4
4896 4
4897 4
4898 5
4899 5
4900 7
4901 8
4902 8
4903 7
4904 4
4905 5
4906 2
4907 6
4908 9
4909 12
4910 15
4911 12
4912 15
4913 12
4914 14
4915 17
4916 14
4917 15
4918 15
4919 12
4920 16
4921 13
4922 13
4923 12
4924 11
4925 9
4926 8
4927 6
4928 7
4929 4
4930 2
4931 1
4932 1
4933 1
4934 2
4935 3
4936 1
4937 2
4938 2
4939 4
4940 3
4941 1
4942 2
4943 4
4944 6
4945 10
4946 10
4947 11
4948 11
4949 10
4950 9
4951 9
4952 10
4953 9
4954 13
4955 13
4956 15
4957 12
4958 13
4959 13
4960 11
4961 11
4962 12
4963 10
4964 8
4965 6
4966 5
4967 4
4968 3
4969 2
4970 4
4971 7
4972 9
4973 10
4974 10
4975 10
4976 11
4977 10
4978 8
4979 6
4980 3
4981 5
4982 4
4983 5
4984 7
4985 7
4986 8
4987 10
4988 13
4989 15
4990 13
4991 15
4992 12
4993 15
4994 13
4995 16
4996 13
4997 15
4998 12
4999 15
5000 12
5001 14
5002 15
5003 12
5004 11
5005 8
5006 7
5007 6
5008 5
5009 4
5010 5
5011 3
5012 2
5013 5
5014 7
5015 7
5016 7
5017 9
5018 9
5019 10
5020 8
5021 6
5022 4
5023 3
5024 6
5025 7
5026 6
5027 4
5028 2
5029 1
5030 0
5031 3
5032 6
5033 10
5034 10
5035 10
5036 11
5037 11
5038 11
5039 10
5040 9
5041 9
5042 9
5043 8
5044 8
5045 6
5046 6
5047 4
5048 3
5049 1
5050 2
5051 3
5052 4
5053 2
5054 4
5055 5
5056 3
5057 2
5058 6
5059 6
5060 6
5061 7
5062 7
5063 8
5064 8
5065 7
5066 5
5067 5
5068 5
5069 5
5070 4
5071 4
5072 6
5073 6
5074 7
5075 9
5076 9
5077 11
5078 12
5079 13
5080 12
5081 11
5082 8
5083 6
5084 5
5085 3
5086 3
5087 4
5088 3
5089 1
5090 2
5091 3
5092 2
5093 5
5094 5
5095 7
5096 7
5097 7
5098 8
5099 9
5100 9
5101 11
5102 11
5103 11
5104 11
5105 11
5106 9
5107 9
5108 7
5109 4
5110 5
5111 4
5112 2
5113 3
5114 2
5115 4
5116 3
5117 2
5118 2
5119 3
5120 4
5121 7
5122 8
5123 8
5124 8
5125 9
5126 9
5127 10
5128 7
5129 5
5130 4
5131 2
5132 1
5133 0
5134 4
5135 1
5136 5
5137 7
5138 9
5139 9
5140 10
5141 8
5142 8
5143 7
5144 6
5145 4
5146 1
5147 0
5148 3
5149 1
5150 4
5151 4
5152 5
5153 5
5154 2
5155 4
5156 6
5157 7
5158 8
5159 6
5160 6
5161 5
5162 4
5163 5
5164 10
5165 9
5166 10
5167 8
5168 7
5169 7
5170 5
5171 5
5172 4
5173 4
5174 2
5175 2
5176 1
5177 1
5178 2
5179 0
5180 1
5181 2
5182 4
5183 6
5184 10
5185 10
5186 9
5187 7
5188 10
5189 12
5190 13
5191 13
5192 13
5193 10
5194 7
5195 4
5196 2
5197 1
5198 2
5199 1
5200 0
5201 2
5202 4
5203 6
5204 5
5205 6
5206 7
5207 10
5208 11
5209 11
5210 13
5211 10
5212 10
5213 8
5214 6
5215 5
5216 2
5217 2
5218 3
5219 5
5220 4
5221 5
5222 6
5223 5
5224 4
5225 6
5226 6
5227 5
5228 6
5229 5
5230 2
5231 4
5232 7
5233 8
5234 9
5235 9
5236 7
5237 4
5238 2
5239 1
5240 2
5241 3
5242 3
5243 5
5244 7
5245 6
5246 6
5247 8
5248 9
5249 8
5250 8
5251 7
5252 6
5253 7
5254 8
5255 7
5256 7
5257 7
5258 5
5259 4
5260 6
5261 10
5262 11
5263 9
5264 11
5265 12
5266 15
5267 12
5268 13
5269 12
5270 10
5271 7
5272 5
5273 3
5274 0
5275 1
5276 7
5277 9
5278 10
5279 10
5280 11
5281 10
5282 10
5283 13
5284 11
5285 9
5286 8
5287 8
5288 8
5289 5
5290 9
5291 8
5292 9
5293 10
5294 11
5295 11
5296 11
5297 9
5298 8
5299 7
5300 5
5301 3
5302 2
5303 4
5304 4
5305 4
5306 4
5307 3
5308 2
5309 5
5310 7
5311 9
5312 11
5313 10
5314 8
5315 6
5316 5
5317 4
5318 2
5319 2
5320 2
5321 2
5322 4
5323 5
5324 5
5325 6
5326 3
5327 0
5328 4
5329 4
5330 4
5331 5
5332 4
5333 5
5334 4
5335 1
5336 4
5337 1
5338 4
5339 3
5340 2
5341 2
5342 3
5343 4
5344 5
5345 6
5346 5
5347 4
5348 2
5349 0
5350 3
5351 2
5352 2
5353 2
5354 2
5355 4
5356 7
5357 8
5358 6
5359 5
5360 3
5361 2
5362 4
5363 1
5364 3
5365 0
5366 2
5367 1
5368 6
5369 5
5370 5
5371 5
5372 6
5373 7
5374 9
5375 6
5376 4
5377 1
5378 1
5379 2
5380 4
5381 2
5382 1
5383 2
5384 3
5385 4
5386 3
5387 3
5388 2
5389 2
5390 4
5391 7
5392 8
5393 11
5394 13
5395 14
5396 14
5397 13
5398 10
5399 7
5400 5
5401 2
5402 1
5403 5
5404 4
5405 5
5406 4
5407 6
5408 5
5409 8
5410 8
5411 9
5412 8
5413 7
5414 5
5415 2
5416 1
5417 5
5418 6
5419 5
5420 5
5421 5
5422 5
5423 6
5424 4
5425 3
5426 1
5427 3
5428 3
5429 4
5430 6
5431 5
5432 3
5433 2
5434 1
5435 3
5436 4
5437 4
5438 1
5439 2
5440 1
5441 5
5442 7
5443 9
5444 8
5445 7
5446 5
5447 5
5448 3
5449 2
5450 1
5451 1
5452 1
5453 2
5454 6
5455 8
5456 13
5457 14
5458 14
5459 14
5460 15
5461 12
5462 13
5463 13
5464 14
5465 15
5466 12
5467 12
5468 12
5469 11
5470 9
5471 7
5472 4
5473 3
5474 1
5475 4
5476 6
5477 6
5478 8
5479 11
5480 10
5481 10
5482 11
5483 10
5484 8
5485 5
5486 2
5487 4
5488 2
5489 4
5490 5
5491 8
5492 7
5493 8
5494 9
5495 13
5496 16
5497 13
5498 16
5499 13
5500 16
5501 13
5502 14
5503 17
5504 14
5505 15
5506 12
5507 15
5508 12
5509 15
5510 12
5511 14
5512 11
5513 8
5514 5
5515 2
5516 1
5517 2
5518 2
5519 3
5520 0
5521 3
5522 5
5523 6
5524 6
5525 8
5526 6
5527 5
5528 4
5529 4
5530 5
5531 7
5532 9
5533 12
5534 12
5535 12
5536 13
5537 11
5538 10
5539 10
5540 10
5541 9
5542 7
5543 5
5544 3
5545 4
5546 1
5547 3
5548 3
5549 1
5550 6
5551 8
5552 9
5553 10
5554 9
5555 8
5556 7
5557 7
5558 8
5559 10
5560 10
5561 10
5562 10
5563 10
5564 9
5565 9
5566 10
5567 8
5568 7
5569 6
5570 5
5571 4
5572 5
5573 6
5574 7
5575 10
5576 13
5577 13
5578 14
5579 13
5580 14
5581 13
5582 12
5583 12
5584 9
5585 8
5586 6
5587 4
5588 4
5589 4
5590 5
5591 4
5592 2
5593 3
5594 6
5595 10
5596 10
5597 11
5598 12
5599 11
5600 10
5601 7
5602 4
5603 1
5604 0
5605 4
5606 5
5607 7
5608 9
5609 10
5610 12
5611 13
5612 14
5613 13
5614 15
5615 12
5616 17
5617 14
5618 15
5619 13
5620 11
5621 13
5622 14
5623 12
5624 10
5625 9
5626 11
5627 12
5628 10
5629 7
5630 4
5631 3
5632 3
5633 3
5634 1
5635 3
5636 5
5637 5
5638 6
5639 7
5640 6
5641 6
5642 4
5643 4
5644 3
5645 2
5646 1
5647 3
5648 4
5649 4
5650 7
5651 6
5652 7
5653 9
5654 9
5655 10
5656 12
5657 12
5658 11
5659 9
5660 8
5661 7
5662 5
5663 4
5664 4
5665 6
5666 9
5667 8
5668 8
5669 7
5670 7
5671 6
5672 5
5673 3
5674 4
5675 6
5676 7
5677 7
5678 6
5679 6
5680 5
5681 2
5682 2
5683 3
5684 3
5685 4
5686 5
5687 5
5688 5
5689 6
5690 7
5691 10
5692 11
5693 12
5694 9
5695 9
5696 8
5697 7
5698 6
5699 4
5700 3
5701 3
5702 4
5703 4
5704 5
5705 3
5706 3
5707 3
5708 2
5709 0
5710 4
5711 4
5712 6
5713 8
5714 10
5715 12
5716 10
5717 10
5718 8
5719 7
5720 7
5721 5
5722 3
5723 0
5724 4
5725 3
5726 4
5727 4
5728 4
5729 6
5730 9
5731 11
5732 11
5733 10
5734 9
5735 9
5736 9
5737 9
5738 9
5739 8
5740 7
5741 8
5742 9
5743 9
5744 10
5745 11
5746 11
5747 11
5748 9
5749 9
5750 9
5751 7
5752 6
5753 6
5754 7
5755 10
5756 12
5757 13
5758 12
5759 12
5760 12
5761 11
5762 9
5763 7
5764 5
5765 6
5766 4
5767 4
5768 7
5769 7
5770 7
5771 9
5772 12
5773 14
5774 14
5775 14
5776 15
5777 12
5778 15
5779 12
5780 15
5781 12
5782 13
5783 13
5784 11
5785 11
5786 9
5787 8
5788 8
5789 6
5790 7
5791 10
5792 9
5793 9
5794 10
5795 10
5796 8
5797 6
5798 4
5799 3
5800 1
5801 2
5802 0
5803 3
5804 3
5805 3
5806 6
5807 5
5808 6
5809 8
5810 10
5811 9
5812 12
5813 14
5814 15
5815 12
5816 14
5817 14
5818 14
5819 12
5820 12
5821 10
5822 8
5823 5
5824 2
5825 2
5826 5
5827 6
5828 9
5829 12
5830 15
5831 12
5832 15
5833 13
5834 16
5835 13
5836 16
5837 13
5838 14
5839 14
5840 14
5841 13
5842 13
5843 11
5844 10
5845 7
5846 4
5847 4
5848 3
5849 3
5850 4
5851 6
5852 6
5853 8
5854 8
5855 7
5856 4
5857 4
5858 2
5859 2
5860 3
5861 4
5862 6
5863 10
5864 11
5865 10
5866 10
5867 10
5868 9
5869 7
5870 7
5871 5
5872 5
5873 4
5874 2
5875 1
5876 0
5877 2
5878 2
5879 4
5880 3
5881 4
5882 7
5883 11
5884 13
5885 14
5886 15
5887 12
5888 13
5889 11
5890 9
5891 8
5892 8
5893 5
5894 2
5895 1
5896 1
5897 1
5898 5
5899 7
5900 11
5901 13
5902 14
5903 14
5904 14
5905 15
5906 13
5907 13
5908 13
5909 12
5910 11
5911 11
5912 11
5913 11
5914 9
5915 7
5916 6
5917 6
5918 5
5919 3
5920 4
5921 2
5922 3
5923 4
5924 4
5925 5
5926 8
5927 10
5928 12
5929 13
5930 12
5931 15
5932 14
5933 16
5934 13
5935 15
5936 12
5937 13
5938 15
5939 12
5940 12
5941 12
5942 12
5943 13
5944 11
5945 11
5946 10
5947 11
5948 8
5949 8
5950 7
5951 8
5952 8
5953 7
5954 7
5955 5
5956 2
5957 4
5958 3
5959 4
5960 2
5961 2
5962 0
5963 0
5964 3
5965 1
5966 2
5967 4
5968 4
5969 6
5970 6
5971 6
5972 6
5973 5
5974 5
5975 5
5976 3
5977 3
5978 3
5979 2
5980 4
5981 3
5982 2
5983 1
5984 2
5985 4
5986 2
5987 2
5988 3
5989 2
5990 5
5991 5
5992 8
5993 8
5994 6
5995 7
5996 6
5997 8
5998 8
5999 10
6000 9
6001 9
6002 10
6003 10
6004 8
6005 8
6006 8
6007 7
6008 5
6009 5
6010 4
6011 4
6012 2
6013 3
6014 2
6015 3
6016 2
6017 2
6018 0
6019 2
6020 4
6021 4
6022 3
6023 3
6024 2
6025 3
6026 4
6027 6
6028 6
6029 5
6030 4
6031 2
6032 3
6033 4
6034 5
6035 7
6036 9
6037 10
6038 13
6039 14
6040 13
6041 12
6042 12
6043 10
6044 9
6045 9
6046 11
6047 10
6048 11
6049 9
6050 7
6051 4
6052 6
6053 6
6054 4
6055 6
6056 9
6057 11
6058 10
6059 10
6060 9
6061 7
6062 4
6063 2
6064 2
6065 1
6066 3
6067 0
6068 6
6069 6
6070 4
6071 3
6072 4
6073 6
6074 5
6075 3
6076 1
6077 2
6078 3
6079 2
6080 3
6081 1
6082 5
6083 5
6084 4
6085 4
6086 4
6087 3
6088 1
6089 2
6090 5
6091 6
6092 5
6093 7
6094 7
6095 9
6096 8
6097 9
6098 13
6099 15
6100 12
6101 14
6102 14
6103 13
6104 14
6105 13
6106 12
6107 9
6108 9
6109 8
6110 7
6111 5
6112 4
6113 4
6114 5
6115 2
6116 6
6117 7
6118 6
6119 6
6120 6
6121 8
6122 9
6123 8
6124 6
6125 4
6126 4
6127 2
6128 0
6129 2
6130 4
6131 5
6132 2
6133 4
6134 4
6135 3
6136 4
6137 5
6138 6
6139 6
6140 6
6141 5
6142 5
6143 3
6144 5
6145 5
6146 6
6147 5
6148 3
6149 1
6150 6
6151 7
6152 5
6153 3
6154 2
6155 3
6156 5
6157 6
6158 5
6159 5
6160 4
6161 5
6162 6
6163 5
6164 5
6165 5
6166 3
6167 2
6168 2
6169 5
6170 6
6171 8
6172 9
6173 10
6174 10
6175 7
6176 6
6177 6
6178 7
6179 6
6180 7
6181 7
6182 7
6183 6
6184 6
6185 7
6186 5
6187 3
6188 1
6189 1
6190 1
6191 2
6192 5
6193 5
6194 7
6195 8
6196 10
6197 8
6198 9
6199 8
6200 8
6201 8
6202 8
6203 6
6204 5
6205 3
6206 3
6207 2
6208 3
6209 4
6210 5
6211 7
6212 9
6213 9
6214 10
6215 12
6216 12
6217 10
6218 10
6219 10
6220 9
6221 8
6222 7
6223 8
6224 6
6225 7
6226 6
6227 5
6228 4
6229 6
6230 6
6231 6
6232 7
6233 10
6234 11
6235 13
6236 11
6237 11
6238 9
6239 6
6240 4
6241 3
6242 3
6243 4
6244 3
6245 0
6246 1
6247 6
6248 8
6249 9
6250 9
6251 11
6252 9
6253 9
6254 11
6255 11
6256 8
6257 8
6258 5
6259 7
6260 9
6261 7
6262 10
6263 12
6264 15
6265 12
6266 14
6267 17
6268 15
6269 12
6270 13
6271 11
6272 8
6273 6
6274 3
6275 0
6276 1
6277 3
6278 5
6279 5
6280 4
6281 6
6282 5
6283 8
6284 11
6285 12
6286 13
6287 15
6288 12
6289 12
6290 12
6291 11
6292 11
6293 9
6294 8
6295 6
6296 3
6297 4
6298 4
6299 7
6300 9
6301 10
6302 13
6303 14
6304 12
6305 11
6306 8
6307 5
6308 5
6309 6
6310 4
6311 5
6312 4
6313 5
6314 9
6315 11
6316 15
6317 12
6318 14
6319 14
6320 15
6321 14
6322 14
6323 11
6324 8
6325 6
6326 4
6327 4
6328 5
6329 6
6330 7
6331 9
6332 9
6333 12
6334 14
6335 15
6336 12
6337 15
6338 12
6339 13
6340 15
6341 12
6342 14
6343 16
6344 13
6345 13
6346 11
6347 8
6348 5
6349 2
6350 3
6351 5
6352 5
6353 4
6354 3
6355 0
6356 1
6357 7
6358 6
6359 7
6360 8
6361 8
6362 6
6363 5
6364 6
6365 4
6366 3
6367 2
6368 3
6369 2
6370 3
6371 1
6372 1
6373 2
6374 3
6375 3
6376 3
6377 2
6378 4
6379 7
6380 8
6381 10
6382 9
6383 8
6384 10
6385 11
6386 10
6387 10
6388 10
6389 9
6390 8
6391 5
6392 3
6393 2
6394 3
6395 4
6396 3
6397 5
6398 5
6399 4
6400 3
6401 2
6402 2
6403 4
6404 6
6405 8
6406 9
6407 8
6408 11
6409 12
6410 15
6411 12
6412 15
6413 12
6414 13
6415 12
6416 12
6417 10
6418 9
6419 8
6420 7
6421 6
6422 4
6423 3
6424 2
6425 6
6426 9
6427 10
6428 13
6429 14
6430 16
6431 13
6432 14
6433 11
6434 8
6435 7
6436 7
6437 6
6438 5
6439 6
6440 8
6441 9
6442 9
6443 9
6444 7
6445 6
6446 3
6447 5
6448 5
6449 7
6450 6
6451 4
6452 3
6453 2
6454 2
6455 2
6456 2
6457 5
6458 6
6459 6
6460 9
6461 9
6462 10
6463 9
6464 8
6465 9
6466 8
6467 8
6468 5
6469 4
6470 1
6471 2
6472 2
6473 1
6474 2
6475 2
6476 2
6477 3
6478 4
6479 5
6480 6
6481 8
6482 11
6483 13
6484 16
6485 13
6486 15
6487 12
6488 13
6489 15
6490 12
6491 12
6492 12
6493 12
6494 10
6495 8
6496 5
6497 3
6498 4
6499 6
6500 4
6501 3
6502 2
6503 1
6504 1
6505 0
6506 1
6507 1
6508 4
6509 3
6510 3
6511 0
6512 3
6513 3
6514 3
6515 6
6516 8
6517 7
6518 10
6519 12
6520 13
6521 14
6522 16
6523 13
6524 15
6525 12
6526 15
6527 13
6528 15
6529 12
6530 14
6531 16
6532 13
6533 14
6534 15
6535 12
6536 15
6537 12
6538 12
6539 12
6540 10
6541 8
6542 8
6543 6
6544 5
6545 7
6546 9
6547 9
6548 8
6549 8
6550 9
6551 8
6552 9
6553 10
6554 8
6555 7
6556 9
6557 8
6558 8
6559 8
6560 7
6561 5
6562 2
6563 0
6564 1
6565 5
6566 4
6567 4
6568 5
6569 6
6570 5
6571 5
6572 4
6573 3
6574 3
6575 3
6576 6
6577 8
6578 9
6579 8
6580 10
6581 13
6582 15
6583 13
6584 16
6585 13
6586 16
6587 14
6588 17
6589 14
6590 15
6591 13
6592 16
6593 13
6594 16
6595 14
6596 16
6597 13
6598 16
6599 13
6600 13
6601 14
6602 15
6603 12
6604 11
6605 10
6606 9
6607 6
6608 3
6609 0
6610 3
6611 1
6612 0
6613 1
6614 1
6615 4
6616 6
6617 8
6618 12
6619 12
6620 14
6621 16
6622 13
6623 16
6624 13
6625 15
6626 13
6627 15
6628 12
6629 15
6630 13
6631 15
6632 12
6633 15
6634 12
6635 15
6636 12
6637 15
6638 12
6639 15
6640 12
6641 15
6642 12
6643 14
6644 15
6645 12
6646 12
6647 12
6648 12
6649 12
6650 11
6651 9
6652 8
6653 6
6654 3
6655 1
6656 0
6657 4
6658 6
6659 9
6660 11
6661 13
6662 14
6663 15
6664 12
6665 12
6666 12
6667 12
6668 12
6669 11
6670 10
6671 9
6672 7
6673 5
6674 6
6675 4
6676 4
6677 5
6678 3
6679 4
6680 4
6681 7
6682 8
6683 10
6684 12
6685 15
6686 12
6687 15
6688 12
6689 14
6690 15
6691 12
6692 12
6693 9
6694 7
6695 6
6696 3
6697 3
6698 6
6699 7
6700 8
6701 8
6702 10
6703 11
6704 13
6705 14
6706 15
6707 12
6708 14
6709 14
6710 15
6711 12
6712 13
6713 13
6714 12
6715 9
6716 8
6717 6
6718 3
6719 3
6720 1
6721 3
6722 3
6723 3
6724 2
6725 3
6726 4
6727 2
6728 3
6729 2
6730 3
6731 3
6732 6
6733 7
6734 8
6735 9
6736 12
6737 15
6738 12
6739 15
6740 12
6741 11
6742 10
6743 9
6744 7
6745 6
6746 4
6747 6
6748 5
6749 6
6750 7
6751 8
6752 10
6753 13
6754 14
6755 16
6756 14
6757 17
6758 14
6759 17
6760 14
6761 17
6762 15
6763 12
6764 15
6765 12
6766 12
6767 14
6768 17
6769 14
6770 12
6771 13
6772 10
6773 8
6774 7
6775 7
6776 6
6777 5
6778 6
6779 6
6780 9
6781 12
6782 15
6783 12
6784 13
6785 14
6786 16
6787 13
6788 14
6789 16
6790 13
6791 15
6792 12
6793 12
6794 12
6795 12
6796 12
6797 12
6798 13
6799 13
6800 13
6801 11
6802 11
6803 10
6804 10
6805 7
6806 4
6807 3
6808 1
6809 3
6810 4
6811 7
6812 7
6813 8
6814 10
6815 12
6816 12
6817 12
6818 12
6819 12
6820 10
6821 9
6822 7
6823 6
6824 5
6825 5
6826 7
6827 10
6828 13
6829 16
6830 13
6831 15
6832 12
6833 15
6834 12
6835 15
6836 12
6837 12
6838 9
6839 6
6840 3
6841 1
6842 4
6843 5
6844 5
6845 6
6846 6
6847 6
6848 5
6849 5
6850 4
6851 8
6852 10
6853 12
6854 13
6855 13
6856 13
6857 13
6858 13
6859 13
6860 13
6861 12
6862 11
6863 10
6864 10
6865 9
6866 8
6867 7
6868 6
6869 5
6870 4
6871 5
6872 6
6873 6
6874 6
6875 6
6876 5
6877 6
6878 7
6879 7
6880 4
6881 5
6882 5
6883 3
6884 4
6885 4
6886 5
6887 8
6888 12
6889 10
6890 10
6891 9
6892 6
6893 5
6894 5
6895 7
6896 10
6897 9
6898 9
6899 7
6900 6
6901 5
6902 4
6903 2
6904 5
6905 5
6906 6
6907 5
6908 5
6909 4
6910 1
6911 2
6912 1
6913 5
6914 6
6915 6
6916 6
6917 5
6918 5
6919 5
6920 4
6921 4
6922 5
6923 8
6924 9
6925 10
6926 11
6927 12
6928 13
6929 14
6930 12
6931 10
6932 10
6933 8
6934 9
6935 8
6936 6
6937 9
6938 12
6939 12
6940 13
6941 15
6942 12
6943 14
6944 13
6945 13
6946 13
6947 13
6948 12
6949 9
6950 9
6951 7
6952 5
6953 7
6954 7
6955 10
6956 10
6957 12
6958 13
6959 15
6960 12
6961 15
6962 12
6963 15
6964 12
6965 13
6966 14
6967 12
6968 9
6969 10
6970 8
6971 6
6972 6
6973 6
6974 9
6975 11
6976 12
6977 13
6978 13
6979 16
6980 13
6981 16
6982 13
6983 17
6984 14
6985 20
6986 17
6987 14
6988 16
6989 13
6990 16
6991 13
6992 13
6993 15
6994 12
6995 11
6996 8
6997 5
6998 3
6999 5
7000 5
7001 5
7002 9
7003 12
7004 13
7005 15
7006 12
7007 15
7008 12
7009 14
7010 18
7011 15
7012 12
7013 12
7014 11
7015 11
7016 9
7017 8
7018 7
7019 5
7020 6
7021 6
7022 9
7023 10
7024 11
7025 10
7026 11
7027 11
7028 8
7029 6
7030 4
7031 3
7032 3
7033 3
7034 4
7035 4
7036 5
7037 8
7038 11
7039 11
7040 13
7041 15
7042 12
7043 13
7044 13
7045 13
7046 12
7047 11
7048 9
7049 9
7050 6
7051 3
7052 3
7053 4
7054 3
7055 3
7056 6
7057 7
7058 9
7059 11
7060 13
7061 13
7062 13
7063 15
7064 12
7065 12
7066 10
7067 7
7068 4
7069 5
7070 5
7071 6
7072 3
7073 2
7074 3
7075 4
7076 2
7077 3
7078 2
7079 1
7080 2
7081 6
7082 5
7083 3
7084 2
7085 2
7086 1
7087 4
7088 3
7089 5
7090 6
7091 6
7092 6
7093 9
7094 11
7095 12
7096 13
7097 14
7098 12
7099 10
7100 8
7101 6
7102 8
7103 8
7104 9
7105 8
7106 9
7107 9
7108 9
7109 9
7110 8
7111 9
7112 7
7113 5
7114 6
7115 6
7116 7
7117 7
7118 10
7119 11
7120 13
7121 13
7122 13
7123 14
7124 15
7125 12
7126 11
7127 9
7128 7
7129 4
7130 5
7131 6
7132 8
7133 8
7134 9
7135 9
7136 9
7137 10
7138 8
7139 8
7140 7
7141 6
7142 5
7143 3
7144 3
7145 6
7146 8
7147 9
7148 9
7149 8
7150 7
7151 8
7152 7
7153 5
7154 4
7155 2
7156 5
7157 6
7158 6
7159 6
7160 8
7161 6
7162 5
7163 5
7164 8
7165 9
7166 12
7167 11
7168 11
7169 9
7170 7
7171 5
7172 4
7173 2
7174 2
7175 2
7176 6
7177 7
7178 8
7179 9
7180 8
7181 8
7182 8
7183 7
7184 7
7185 6
7186 4
7187 3
7188 2
7189 4
7190 4
7191 2
7192 1
7193 4
7194 5
7195 4
7196 7
7197 9
7198 11
7199 14
7200 12
7201 11
7202 9
7203 10
7204 9
7205 8
7206 7
7207 7
7208 4
7209 2
7210 1
7211 0
7212 3
7213 4
7214 4
7215 4
7216 2
7217 4
7218 5
7219 5
7220 6
7221 7
7222 6
7223 3
7224 5
7225 6
7226 8
7227 9
7228 10
7229 12
7230 11
7231 12
7232 10
7233 8
7234 7
7235 8
7236 6
7237 5
7238 3
7239 1
7240 2
7241 4
7242 4
7243 4
7244 4
7245 5
7246 4
7247 6
7248 9
7249 12
7250 14
7251 16
7252 13
7253 15
7254 13
7255 14
7256 13
7257 11
7258 9
7259 9
7260 7
7261 7
7262 6
7263 5
7264 4
7265 5
7266 8
7267 10
7268 11
7269 10
7270 10
7271 9
7272 10
7273 10
7274 10
7275 13
7276 13
7277 16
7278 13
7279 16
7280 15
7281 12
7282 14
7283 16
7284 13
7285 13
7286 13
7287 12
7288 11
7289 10
7290 7
7291 6
7292 4
7293 1
7294 1
7295 1
7296 2
7297 5
7298 7
7299 7
7300 5
7301 6
7302 6
7303 7
7304 5
7305 7
7306 7
7307 7
7308 7
7309 9
7310 9
7311 9
7312 7
7313 9
7314 11
7315 11
7316 13
7317 13
7318 13
7319 12
7320 14
7321 15
7322 13
7323 15
7324 12
7325 13
7326 12
7327 10
7328 9
7329 8
7330 7
7331 4
7332 3
7333 3
7334 3
7335 2
7336 3
7337 3
7338 4
7339 5
7340 8
7341 10
7342 12
7343 12
7344 12
7345 14
7346 14
7347 15
7348 12
7349 12
7350 10
7351 8
7352 8
7353 6
7354 7
7355 7
7356 7
7357 7
7358 7
7359 7
7360 7
7361 8
7362 7
7363 7
7364 6
7365 6
7366 5
7367 8
7368 5
7369 4
7370 5
7371 2
7372 4
7373 3
7374 3
7375 4
7376 4
7377 2
7378 3
7379 7
7380 8
7381 9
7382 8
7383 8
7384 5
7385 3
7386 3
7387 3
7388 5
7389 6
7390 6
7391 6
7392 6
7393 7
7394 8
7395 11
7396 12
7397 13
7398 14
7399 14
7400 16
7401 14
7402 16
7403 13
7404 14
7405 14
7406 15
7407 13
7408 14
7409 11
7410 10
7411 9
7412 6
7413 4
7414 3
7415 0
7416 2
7417 4
7418 1
7419 3
7420 2
7421 4
7422 4
7423 4
7424 4
7425 4
7426 3
7427 5
7428 7
7429 9
7430 14
7431 15
7432 12
7433 13
7434 12
7435 10
7436 8
7437 8
7438 7
7439 7
7440 7
7441 4
7442 1
7443 2
7444 3
7445 3
7446 4
7447 7
7448 9
7449 10
7450 13
7451 16
7452 13
7453 16
7454 13
7455 15
7456 12
7457 15
7458 12
7459 11
7460 11
7461 12
7462 9
7463 6
7464 3
7465 0
7466 2
7467 3
7468 4
7469 2
7470 3
7471 4
7472 3
7473 0
7474 0
7475 1
7476 2
7477 4
7478 3
7479 2
7480 1
7481 3
7482 2
7483 4
7484 5
7485 6
7486 5
7487 5
7488 4
7489 3
7490 3
7491 4
7492 4
7493 6
7494 6
7495 10
7496 10
7497 11
7498 12
7499 10
7500 13
7501 13
7502 13
7503 14
7504 15
7505 12
7506 12
7507 9
7508 8
7509 6
7510 6
7511 4
7512 1
7513 3
7514 2
7515 2
7516 5
7517 8
7518 9
7519 9
7520 10
7521 10
7522 11
7523 11
7524 8
7525 8
7526 5
7527 8
7528 8
7529 8
7530 10
7531 13
7532 12
7533 11
7534 11
7535 9
7536 7
7537 4
7538 2
7539 1
7540 2
7541 2
7542 3
7543 4
7544 5
7545 4
7546 3
7547 1
7548 5
7549 6
7550 6
7551 9
7552 11
7553 13
7554 14
7555 15
7556 12
7557 13
7558 13
7559 13
7560 13
7561 11
7562 9
7563 8
7564 6
7565 5
7566 5
7567 5
7568 4
7569 4
7570 1
7571 4
7572 1
7573 4
7574 2
7575 1
7576 3
7577 4
7578 6
7579 7
7580 7
7581 8
7582 10
7583 11
7584 10
7585 10
7586 9
7587 6
7588 3
7589 2
7590 2
7591 3
7592 2
7593 3
7594 4
7595 4
7596 3
7597 2
7598 3
7599 6
7600 8
7601 9
7602 9
7603 10
7604 11
7605 11
7606 9
7607 8
7608 9
7609 10
7610 8
7611 7
7612 5
7613 2
7614 4
7615 2
7616 4
7617 6
7618 5
7619 8
7620 8
7621 7
7622 9
7623 10
7624 11
7625 12
7626 11
7627 10
7628 10
7629 11
7630 11
7631 10
7632 8
7633 6
7634 5
7635 6
7636 4
7637 1
7638 2
7639 3
7640 3
7641 2
7642 3
7643 3
7644 6
7645 6
7646 7
7647 6
7648 8
7649 8
7650 7
7651 6
7652 7
7653 5
7654 5
7655 4
7656 4
7657 5
7658 8
7659 10
7660 13
7661 14
7662 16
7663 13
7664 13
7665 14
7666 14
7667 14
7668 13
7669 12
7670 10
7671 8
7672 7
7673 5
7674 4
7675 4
7676 5
7677 5
7678 5
7679 7
7680 8
7681 9
7682 10
7683 8
7684 7
7685 7
7686 6
7687 6
7688 9
7689 10
7690 12
7691 13
7692 15
7693 12
7694 15
7695 12
7696 15
7697 12
7698 13
7699 12
7700 11
7701 9
7702 8
7703 6
7704 5
7705 3
7706 5
7707 6
7708 9
7709 13
7710 15
7711 12
7712 15
7713 12
7714 15
7715 12
7716 12
7717 10
7718 8
7719 6
7720 3
7721 0
7722 2
7723 0
7724 3
7725 4
7726 9
7727 12
7728 13
7729 15
7730 12
7731 14
7732 17
7733 14
7734 15
7735 12
7736 11
7737 11
7738 10
7739 8
7740 5
7741 3
7742 2
7743 3
7744 2
7745 5
7746 5
7747 9
7748 10
7749 11
7750 13
7751 14
7752 14
7753 13
7754 14
7755 13
7756 12
7757 12
7758 11
7759 11
7760 10
7761 7
7762 7
7763 6
7764 4
7765 5
7766 3
7767 2
7768 3
7769 3
7770 1
7771 2
7772 4
7773 3
7774 4
7775 2
7776 2
7777 1
7778 6
7779 7
7780 10
7781 12
7782 13
7783 14
7784 15
7785 12
7786 12
7787 10
7788 9
7789 6
7790 4
7791 4
7792 1
7793 5
7794 6
7795 7
7796 7
7797 8
7798 7
7799 6
7800 4
7801 1
7802 5
7803 5
7804 7
7805 9
7806 8
7807 8
7808 5
7809 3
7810 1
7811 3
7812 6
7813 8
7814 10
7815 10
7816 10
7817 11
7818 10
7819 10
7820 7
7821 4
7822 2
7823 2
7824 3
7825 5
7826 9
7827 10
7828 13
7829 15
7830 12
7831 15
7832 12
7833 15
7834 12
7835 14
7836 17
7837 14
7838 17
7839 15
7840 12
7841 14
7842 16
7843 14
7844 11
7845 9
7846 6
7847 3
7848 1
7849 2
7850 0
7851 4
7852 3
7853 4
7854 6
7855 6
7856 5
7857 7
7858 6
7859 6
7860 6
7861 5
7862 4
7863 2
7864 2
7865 2
7866 0
7867 1
7868 3
7869 3
7870 3
7871 2
7872 2
7873 1
7874 1
7875 3
7876 1
7877 4
7878 2
7879 6
7880 8
7881 8
7882 11
7883 11
7884 10
7885 12
7886 12
7887 10
7888 9
7889 10
7890 11
7891 8
7892 7
7893 4
7894 4
7895 6
7896 7
7897 7
7898 6
7899 6
7900 4
7901 3
7902 2
7903 4
7904 7
7905 11
7906 10
7907 12
7908 14
7909 13
7910 13
7911 11
7912 12
7913 12
7914 11
7915 9
7916 8
7917 8
7918 7
7919 6
7920 6
7921 4
7922 3
7923 3
7924 4
7925 7
7926 6
7927 9
7928 12
7929 15
7930 14
7931 17
7932 14
7933 15
7934 12
7935 13
7936 12
7937 9
7938 6
7939 3
7940 4
7941 6
7942 5
7943 6
7944 8
7945 7
7946 6
7947 6
7948 4
7949 2
7950 3
7951 4
7952 4
7953 5
7954 9
7955 9
7956 8
7957 7
7958 7
7959 9
7960 7
7961 6
7962 7
7963 6
7964 5
7965 5
7966 7
7967 7
7968 11
7969 12
7970 14
7971 15
7972 12
7973 14
7974 15
7975 12
7976 15
7977 12
7978 15
7979 12
7980 15
7981 13
7982 13
7983 13
7984 13
7985 13
7986 14
7987 13
7988 10
7989 7
7990 8
7991 7
7992 4
7993 2
7994 5
7995 7
7996 8
7997 9
7998 10
7999 10
8000 7
8001 6
8002 6
8003 3
8004 5
8005 6
8006 10
8007 13
8008 13
8009 14
8010 13
8011 13
8012 11
8013 8
8014 7
8015 4
8016 2
8017 0
8018 0
8019 3
8020 3
8021 5
8022 6
8023 5
8024 6
8025 6
8026 6
8027 8
8028 10
8029 11
8030 14
8031 13
8032 14
8033 15
8034 12
8035 11
8036 9
8037 6
8038 5
8039 5
8040 3
8041 3
8042 2
8043 3
8044 1
8045 5
8046 5
8047 3
8048 0
8049 3
8050 4
8051 5
8052 5
8053 4
8054 2
8055 4
8056 2
8057 6
8058 6
8059 8
8060 9
8061 7
8062 5
8063 4
8064 4
8065 4
8066 4
8067 6
8068 7
8069 8
8070 8
8071 8
8072 8
8073 6
8074 3
8075 5
8076 4
8077 6
8078 9
8079 10
8080 12
8081 14
8082 15
8083 12
8084 13
8085 12
8086 11
8087 9
8088 8
8089 7
8090 5
8091 5
8092 6
8093 7
8094 9
8095 10
8096 10
8097 11
8098 14
8099 16
8100 13
8101 16
8102 13
8103 14
8104 14
8105 16
8106 13
8107 16
8108 14
8109 15
8110 12
8111 14
8112 15
8113 13
8114 13
8115 13
8116 10
8117 9
8118 6
8119 3
8120 0
8121 1
8122 3
8123 4
8124 4
8125 7
8126 5
8127 4
8128 6
8129 3
8130 1
8131 0
8132 1
8133 2
8134 0
8135 3
8136 3
8137 5
8138 5
8139 5
8140 6
8141 5
8142 5
8143 6
8144 5
8145 4
8146 3
8147 4
8148 6
8149 4
8150 4
8151 5
8152 6
8153 4
8154 2
8155 4
8156 6
8157 7
8158 7
8159 8
8160 10
8161 10
8162 11
8163 14
8164 15
8165 12
8166 15
8167 12
8168 15
8169 13
8170 15
8171 12
8172 13
8173 14
8174 14
8175 14
8176 12
8177 9
8178 6
8179 6
8180 3
8181 0
8182 0
8183 1
8184 4
8185 6
8186 6
8187 7
8188 7
8189 6
8190 5
8191 4
8192 5
8193 4
8194 3
8195 3
8196 2
8197 2
8198 3
8199 2
8200 0
8201 5
8202 7
8203 9
8204 6
8205 4
8206 3
8207 2
8208 4
8209 4
8210 7
8211 7
8212 10
8213 13
8214 15
8215 13
8216 15
8217 12
8218 15
8219 12
8220 13
8221 14
8222 14
8223 12
8224 12
8225 10
8226 11
8227 8
8228 8
8229 7
8230 4
8231 3
8232 2
8233 4
8234 3
8235 2
8236 2
8237 4
8238 5
8239 4
8240 6
8241 4
8242 3
8243 0
8244 1
8245 1
8246 1
8247 4
8248 7
8249 7
8250 9
8251 11
8252 15
8253 12
8254 13
8255 15
8256 12
8257 15
8258 12
8259 15
8260 12
8261 13
8262 12
8263 10
8264 9
8265 6
8266 4
8267 4
8268 4
8269 3
8270 1
8271 2
8272 3
8273 6
8274 7
8275 8
8276 6
8277 9
8278 8
8279 7
8280 6
8281 3
8282 0
8283 2
8284 2
8285 3
8286 3
8287 0
8288 5
8289 6
8290 6
8291 8
8292 9
8293 6
8294 7
8295 7
8296 7
8297 9
8298 7
8299 6
8300 7
8301 7
8302 4
8303 3
8304 5
8305 8
8306 9
8307 11
8308 12
8309 12
8310 13
8311 13
8312 12
8313 12
8314 11
8315 9
8316 6
8317 3
8318 1
8319 1
8320 3
8321 4
8322 6
8323 9
8324 12
8325 15
8326 12
8327 13
8328 13
8329 12
8330 11
8331 9
8332 8
8333 7
8334 6
8335 3
8336 1
8337 4
8338 4
8339 7
8340 8
8341 11
8342 11
8343 12
8344 14
8345 15
8346 12
8347 15
8348 12
8349 15
8350 13
8351 16
8352 13
8353 17
8354 15
8355 12
8356 12
8357 12
8358 9
8359 12
8360 9
8361 10
8362 10
8363 7
8364 7
8365 6
8366 5
8367 5
8368 6
8369 6
8370 6
8371 6
8372 6
8373 5
8374 5
8375 3
8376 2
8377 3
8378 5
8379 7
8380 9
8381 12
8382 13
8383 14
8384 15
8385 12
8386 12
8387 10
8388 7
8389 5
8390 4
8391 3
8392 1
8393 3
8394 4
8395 1
8396 5
8397 4
8398 5
8399 4
8400 4
8401 4
8402 5
8403 6
8404 7
8405 10
8406 11
8407 12
8408 11
8409 11
8410 11
8411 9
8412 6
8413 5
8414 3
8415 1
8416 2
8417 2
8418 2
8419 7
8420 10
8421 12
8422 12
8423 14
8424 16
8425 14
8426 15
8427 12
8428 11
8429 9
8430 8
8431 5
8432 2
8433 2
8434 2
8435 4
8436 1
8437 3
8438 2
8439 4
8440 5
8441 5
8442 3
8443 2
8444 1
8445 4
8446 6
8447 8
8448 9
8449 8
8450 9
8451 11
8452 10
8453 11
8454 11
8455 12
8456 14
8457 14
8458 14
8459 14
8460 12
8461 10
8462 7
8463 5
8464 6
8465 4
8466 3
8467 4
8468 6
8469 5
8470 6
8471 6
8472 9
8473 9
8474 10
8475 10
8476 8
8477 5
8478 2
8479 5
8480 5
8481 4
8482 3
8483 4
8484 5
8485 8
8486 10
8487 10
8488 11
8489 12
8490 13
8491 15
8492 12
8493 11
8494 8
8495 5
8496 2
8497 1
8498 1
8499 4
8500 1
8501 0
8502 3
8503 0
8504 3
8505 2
8506 3
8507 3
8508 3
8509 3
8510 3
8511 4
8512 4
8513 6
8514 8
8515 8
8516 8
8517 8
8518 7
8519 8
8520 11
8521 13
8522 13
8523 14
8524 13
8525 13
8526 13
8527 12
8528 9
8529 6
8530 6
8531 5
8532 4
8533 4
8534 1
8535 5
8536 5
8537 6
8538 6
8539 7
8540 8
8541 8
8542 8
8543 6
8544 6
8545 6
8546 7
8547 7
8548 9
8549 9
8550 9
8551 9
8552 8
8553 10
8554 11
8555 12
8556 14
8557 14
8558 13
8559 10
8560 7
8561 5
8562 2
8563 2
8564 2
8565 1
8566 5
8567 7
8568 9
8569 10
8570 10
8571 11
8572 13
8573 12
8574 13
8575 12
8576 10
8577 8
8578 6
8579 5
8580 5
8581 3
8582 4
8583 8
8584 9
8585 11
8586 11
8587 13
8588 13
8589 13
8590 13
8591 11
8592 9
8593 8
8594 5
8595 4
8596 3
8597 3
8598 6
8599 6
8600 5
8601 6
8602 7
8603 9
8604 10
8605 12
8606 13
8607 12
8608 13
8609 14
8610 14
8611 11
8612 11
8613 10
8614 7
8615 6
8616 3
8617 0
8618 0
8619 3
8620 1
8621 5
8622 6
8623 5
8624 4
8625 4
8626 5
8627 7
8628 8
8629 9
8630 10
8631 10
8632 9
8633 7
8634 5
8635 5
8636 4
8637 5
8638 4
8639 1
8640 1
8641 4
8642 4
8643 5
8644 6
8645 4
8646 7
8647 7
8648 9
8649 10
8650 11
8651 14
8652 14
8653 14
8654 12
8655 14
8656 15
8657 12
8658 9
8659 8
8660 5
8661 2
8662 3
8663 3
8664 4
8665 4
8666 5
8667 6
8668 6
8669 5
8670 6
8671 4
8672 6
8673 7
8674 6
8675 6
8676 7
8677 9
8678 9
8679 10
8680 10
8681 9
8682 8
8683 8
8684 7
8685 6
8686 8
8687 8
8688 8
8689 6
8690 5
8691 4
8692 3
8693 2
8694 1
8695 1
8696 4
8697 3
8698 1
8699 4
8700 6
8701 6
8702 7
8703 5
8704 4
8705 3
8706 3
8707 3
8708 5
8709 6
8710 5
8711 5
8712 3
8713 1
8714 3
8715 4
8716 4
8717 6
8718 8
8719 12
8720 10
8721 11
8722 11
8723 10
8724 9
8725 8
8726 7
8727 6
8728 3
8729 0
8730 2
8731 4
8732 3
8733 4
8734 3
8735 0
8736 3
8737 1
8738 3
8739 2
8740 1
8741 3
8742 4
8743 6
8744 4
8745 4
8746 1
8747 3
8748 2
8749 2
8750 2
8751 4
8752 4
8753 5
8754 7
8755 6
8756 6
8757 9
8758 9
8759 6
8760 4
8761 3
8762 4
8763 4
8764 2
8765 1
8766 2
8767 4
8768 3
8769 4
8770 4
8771 2
8772 3
8773 6
8774 7
8775 8
8776 7
8777 6
8778 4
8779 2
8780 0
8781 2
8782 2
8783 5
8784 5
8785 4
8786 1
8787 2
8788 1
8789 2
8790 1
8791 3
8792 3
8793 7
8794 10
8795 12
8796 15
8797 12
8798 13
8799 14
8800 15
8801 12
8802 9
8803 6
8804 5
8805 3
8806 1
8807 0
8808 3
8809 5
8810 7
8811 12
8812 10
8813 9
8814 8
8815 6
8816 5
8817 3
8818 5
8819 3
8820 4
8821 7
8822 7
8823 8
8824 7
8825 9
8826 9
8827 10
8828 10
8829 8
8830 8
8831 7
8832 4
8833 5
8834 8
8835 10
8836 9
8837 9
8838 6
8839 4
8840 1
8841 1
8842 2
8843 2
8844 3
8845 3
8846 0
8847 2
8848 4
8849 2
8850 3
8851 4
8852 4
8853 4
8854 5
8855 8
8856 8
8857 10
8858 9
8859 9
8860 11
8861 11
8862 11
8863 13
8864 15
8865 12
8866 13
8867 13
8868 13
8869 12
8870 11
8871 9
8872 6
8873 3
8874 2
8875 1
8876 1
8877 1
8878 1
8879 2
8880 3
8881 3
8882 6
8883 7
8884 9
8885 11
8886 11
8887 8
8888 7
8889 6
8890 6
8891 4
8892 3
8893 3
8894 2
8895 7
8896 9
8897 11
8898 11
8899 12
8900 13
8901 14
8902 14
8903 15
8904 12
8905 11
8906 10
8907 9
8908 9
8909 7
8910 4
8911 4
8912 4
8913 3
8914 1
8915 1
8916 6
8917 4
8918 3
8919 2
8920 0
8921 2
8922 3
8923 5
8924 6
8925 5
8926 7
8927 8
8928 9
8929 9
8930 7
8931 6
8932 6
8933 4
8934 1
8935 0
8936 1
8937 2
8938 1
8939 4
8940 3
8941 5
8942 6
8943 8
8944 7
8945 10
8946 12
8947 14
8948 14
8949 11
8950 10
8951 9
8952 9
8953 8
8954 5
8955 3
8956 0
8957 4
8958 5
8959 6
8960 8
8961 11
8962 13
8963 16
8964 13
8965 16
8966 14
8967 17
8968 15
8969 12
8970 15
8971 13
8972 16
8973 13
8974 14
8975 15
8976 12
8977 12
8978 12
8979 13
8980 14
8981 14
8982 15
8983 12
8984 12
8985 9
8986 6
8987 4
8988 4
8989 1
8990 5
8991 7
8992 8
8993 8
8994 7
8995 7
8996 7
8997 6
8998 3
8999 0
9000 1
9001 1
9002 1
9003 6
9004 4
9005 6
9006 6
9007 6
9008 7
9009 6
9010 7
9011 9
9012 11
9013 11
9014 11
9015 10
9016 9
9017 8
9018 6
9019 4
9020 2
9021 3
9022 3
9023 2
9024 6
9025 6
9026 7
9027 9
9028 11
9029 10
9030 11
9031 11
9032 11
9033 9
9034 9
9035 6
9036 4
9037 2
9038 0
9039 2
9040 4
9041 7
9042 8
9043 10
9044 12
9045 13
9046 14
9047 13
9048 11
9049 10
9050 9
9051 8
9052 8
9053 9
9054 9
9055 8
9056 6
9057 5
9058 5
9059 7
9060 12
9061 11
9062 10
9063 9
9064 7
9065 5
9066 4
9067 2
9068 1
9069 2
9070 2
9071 3
9072 2
9073 2
9074 1
9075 4
9076 7
9077 8
9078 9
9079 9
9080 9
9081 9
9082 11
9083 13
9084 14
9085 14
9086 15
9087 12
9088 11
9089 11
9090 10
9091 10
9092 8
9093 7
9094 5
9095 3
9096 0
9097 2
9098 1
9099 1
9100 3
9101 1
9102 2
9103 3
9104 5
9105 5
9106 7
9107 8
9108 9
9109 12
9110 12
9111 12
9112 13
9113 12
9114 12
9115 13
9116 13
9117 14
9118 14
9119 16
9120 13
9121 15
9122 12
9123 14
9124 14
9125 12
9126 10
9127 9
9128 8
9129 7
9130 4
9131 1
9132 4
9133 6
9134 8
9135 10
9136 10
9137 11
9138 10
9139 7
9140 7
9141 5
9142 5
9143 8
9144 9
9145 10
9146 11
9147 9
9148 9
9149 6
9150 5
9151 4
9152 4
9153 3
9154 3
9155 6
9156 8
9157 11
9158 15
9159 12
9160 15
9161 12
9162 15
9163 12
9164 13
9165 13
9166 12
9167 10
9168 8
9169 7
9170 4
9171 5
9172 7
9173 6
9174 5
9175 4
9176 2
9177 4
9178 2
9179 0
9180 1
9181 3
9182 4
9183 5
9184 6
9185 5
9186 5
9187 6
9188 8
9189 11
9190 13
9191 15
9192 12
9193 15
9194 12
9195 15
9196 12
9197 15
9198 12
9199 15
9200 13
9201 16
9202 13
9203 16
9204 13
9205 14
9206 14
9207 11
9208 10
9209 8
9210 7
9211 5
9212 4
9213 4
9214 4
9215 5
9216 7
9217 9
9218 9
9219 9
9220 7
9221 6
9222 6
9223 4
9224 3
9225 6
9226 7
9227 10
9228 12
9229 15
9230 13
9231 16
9232 13
9233 16
9234 13
9235 15
9236 12
9237 12
9238 10
9239 9
9240 6
9241 5
9242 2
9243 3
9244 1
9245 3
9246 5
9247 6
9248 6
9249 7
9250 7
9251 6
9252 4
9253 2
9254 2
9255 1
9256 4
9257 4
9258 4
9259 7
9260 9
9261 10
9262 10
9263 11
9264 10
9265 9
9266 10
9267 8
9268 6
9269 4
9270 1
9271 4
9272 6
9273 9
9274 12
9275 14
9276 15
9277 12
9278 12
9279 14
9280 13
9281 13
9282 14
9283 12
9284 11
9285 9
9286 7
9287 4
9288 3
9289 3
9290 4
9291 5
9292 6
9293 6
9294 5
9295 5
9296 7
9297 9
9298 10
9299 11
9300 9
9301 8
9302 8
9303 7
9304 4
9305 2
9306 2
9307 2
9308 4
9309 7
9310 9
9311 12
9312 15
9313 12
9314 15
9315 12
9316 15
9317 12
9318 15
9319 12
9320 13
9321 16
9322 13
9323 14
9324 16
9325 13
9326 13
9327 13
9328 13
9329 13
9330 11
9331 8
9332 6
9333 3
9334 0
9335 3
9336 4
9337 6
9338 9
9339 12
9340 14
9341 14
9342 16
9343 13
9344 14
9345 14
9346 14
9347 12
9348 9
9349 6
9350 4
9351 3
9352 2
9353 1
9354 3
9355 1
9356 3
9357 1
9358 5
9359 5
9360 7
9361 5
9362 6
9363 9
9364 11
9365 12
9366 12
9367 11
9368 12
9369 11
9370 11
9371 11
9372 10
9373 9
9374 9
9375 9
9376 7
9377 6
9378 5
9379 3
9380 2
9381 2
9382 4
9383 5
9384 5
9385 7
9386 9
9387 11
9388 8
9389 8
9390 8
9391 5
9392 3
9393 0
9394 1
9395 1
9396 3
9397 1
9398 4
9399 7
9400 10
9401 11
9402 13
9403 14
9404 15
9405 12
9406 13
9407 12
9408 10
9409 7
9410 5
9411 4
9412 7
9413 6
9414 3
9415 2
9416 3
9417 3
9418 6
9419 9
9420 11
9421 11
9422 14
9423 14
9424 15
9425 13
9426 13
9427 11
9428 8
9429 8
9430 6
9431 4
9432 5
9433 7
9434 10
9435 12
9436 13
9437 15
9438 12
9439 14
9440 14
9441 15
9442 13
9443 13
9444 15
9445 12
9446 12
9447 9
9448 7
9449 5
9450 3
9451 4
9452 2
9453 1
9454 3
9455 4
9456 3
9457 3
9458 4
9459 5
9460 6
9461 8
9462 10
9463 13
9464 14
9465 13
9466 12
9467 12
9468 13
9469 13
9470 12
9471 11
9472 8
9473 5
9474 5
9475 2
9476 2
9477 1
9478 2
9479 0
9480 5
9481 7
9482 7
9483 8
9484 11
9485 10
9486 11
9487 8
9488 8
9489 8
9490 8
9491 6
9492 6
9493 4
9494 3
9495 1
9496 2
9497 3
9498 4
9499 6
9500 6
9501 7
9502 7
9503 7
9504 6
9505 5
9506 6
9507 4
9508 1
9509 4
9510 1
9511 4
9512 7
9513 8
9514 11
9515 10
9516 8
9517 8
9518 9
9519 9
9520 10
9521 8
9522 6
9523 6
9524 7
9525 8
9526 10
9527 10
9528 8
9529 9
9530 7
9531 5
9532 3
9533 2
9534 0
9535 1
9536 3
9537 4
9538 4
9539 4
9540 2
9541 3
9542 1
9543 5
9544 7
9545 7
9546 6
9547 6
9548 5
9549 8
9550 9
9551 11
9552 14
9553 15
9554 12
9555 15
9556 12
9557 15
9558 13
9559 14
9560 14
9561 14
9562 12
9563 9
9564 6
9565 6
9566 6
9567 3
9568 4
9569 3
9570 1
9571 1
9572 5
9573 7
9574 9
9575 10
9576 12
9577 12
9578 11
9579 10
9580 9
9581 9
9582 7
9583 6
9584 4
9585 2
9586 5
9587 8
9588 8
9589 10
9590 13
9591 13
9592 11
9593 9
9594 8
9595 9
9596 7
9597 6
9598 6
9599 5
9600 3
9601 3
9602 3
9603 4
9604 5
9605 4
9606 4
9607 6
9608 5
9609 5
9610 4
9611 6
9612 6
9613 6
9614 6
9615 7
9616 8
9617 9
9618 10
9619 10
9620 7
9621 4
9622 1
9623 1
9624 2
9625 1
9626 4
9627 3
9628 3
9629 2
9630 0
9631 3
9632 5
9633 8
9634 7
9635 8
9636 11
9637 11
9638 12
9639 12
9640 10
9641 8
9642 8
9643 7
9644 6
9645 5
9646 5
9647 6
9648 7
9649 9
9650 11
9651 9
9652 9
9653 7
9654 7
9655 5
9656 4
9657 6
9658 6
9659 7
9660 7
9661 6
9662 6
9663 3
9664 3
9665 3
9666 3
9667 5
9668 3
9669 6
9670 8
9671 9
9672 10
9673 9
9674 9
9675 7
9676 5
9677 4
9678 4
9679 6
9680 6
9681 10
9682 9
9683 8
9684 8
9685 8
9686 5
9687 6
9688 7
9689 8
9690 8
9691 11
9692 11
9693 10
9694 11
9695 13
9696 13
9697 10
9698 8
9699 5
9700 2
9701 3
9702 4
9703 5
9704 7
9705 9
9706 13
9707 15
9708 12
9709 13
9710 14
9711 14
9712 12
9713 10
9714 10
9715 10
9716 8
9717 7
9718 5
9719 6
9720 5
9721 6
9722 9
9723 11
9724 14
9725 17
9726 14
9727 18
9728 15
9729 12
9730 15
9731 12
9732 15
9733 12
9734 12
9735 13
9736 14
9737 13
9738 15
9739 12
9740 12
9741 12
9742 11
9743 11
9744 11
9745 10
9746 9
9747 10
9748 8
9749 5
9750 2
9751 3
9752 6
9753 7
9754 7
9755 9
9756 9
9757 10
9758 10
9759 9
9760 7
9761 5
9762 5
9763 5
9764 5
9765 6
9766 7
9767 8
9768 12
9769 14
9770 16
9771 13
9772 15
9773 12
9774 12
9775 12
9776 12
9777 12
9778 12
9779 12
9780 15
9781 12
9782 13
9783 14
9784 11
9785 9
9786 8
9787 7
9788 7
9789 4
9790 3
9791 0
9792 1
9793 3
9794 3
9795 6
9796 8
9797 7
9798 9
9799 9
9800 9
9801 9
9802 9
9803 9
9804 11
9805 13
9806 12
9807 13
9808 13
9809 16
9810 13
9811 16
9812 13
9813 13
9814 16
9815 13
9816 14
9817 12
9818 9
9819 7
9820 6
9821 3
9822 1
9823 2
9824 3
9825 3
9826 7
9827 9
9828 10
9829 13
9830 13
9831 14
9832 15
9833 12
9834 11
9835 9
9836 7
9837 4
9838 5
9839 4
9840 5
9841 6
9842 5
9843 6
9844 8
9845 10
9846 10
9847 12
9848 12
9849 14
9850 13
9851 12
9852 11
9853 9
9854 8
9855 5
9856 3
9857 2
9858 1
9859 5
9860 8
9861 9
9862 11
9863 11
9864 15
9865 12
9866 15
9867 12
9868 15
9869 12
9870 13
9871 13
9872 17
9873 14
9874 15
9875 12
9876 15
9877 13
9878 15
9879 12
9880 14
9881 15
9882 12
9883 13
9884 10
9885 7
9886 4
9887 4
9888 1
9889 1
9890 1
9891 3
9892 3
9893 5
9894 2
9895 3
9896 5
9897 2
9898 3
9899 4
9900 2
9901 4
9902 7
9903 7
9904 9
9905 11
9906 12
9907 12
9908 11
9909 10
9910 9
9911 9
9912 7
9913 6
9914 8
9915 8
9916 9
9917 9
9918 7
9919 6
9920 6
9921 3
9922 2
9923 2
9924 6
9925 6
9926 7
9927 6
9928 6
9929 7
9930 5
9931 6
9932 7
9933 9
9934 11
9935 11
9936 9
9937 7
9938 5
9939 3
9940 3
9941 3
9942 4
9943 4
9944 6
9945 7
9946 9
9947 14
9948 15
9949 12
9950 12
9951 12
9952 13
9953 12
9954 12
9955 14
9956 12
9957 12
9958 11
9959 9
9960 6
9961 4
9962 3
9963 1
9964 3
9965 3
9966 6
9967 8
9968 10
9969 12
9970 12
9971 12
9972 15
9973 12
9974 15
9975 12
9976 15
9977 12
9978 15
9979 12
9980 15
9981 12
9982 15
9983 12
9984 13
9985 11
9986 10
9987 7
9988 7
9989 7
9990 6
9991 6
9992 9
9993 8
9994 8
9995 9
9996 8
9997 9
9998 6
9999 4
