0 4
1 1
2 1
3 0
4 1
5 2
6 1
7 2
8 0
9 0
10 1
11 1
12 2
13 1
14 0
15 2
16 3
17 3
18 2
19 5
20 5
21 6
22 7
23 8
24 9
25 9
26 9
27 7
28 6
29 5
30 4
31 3
32 2
33 3
34 5
35 4
36 3
37 3
38 3
39 2
40 3
41 3
42 3
43 2
44 1
45 1
46 2
47 2
48 2
49 1
50 2
51 1
52 1
53 2
54 3
55 2
56 3
57 1
58 2
59 1
60 5
61 6
62 5
63 3
64 2
65 3
66 2
67 2
68 3
69 2
70 4
71 4
72 3
73 2
74 1
75 1
76 2
77 2
78 2
79 2
80 1
81 3
82 1
83 2
84 3
85 4
86 2
87 3
88 1
89 2
90 2
91 2
92 3
93 3
94 3
95 2
96 0
97 3
98 1
99 2
100 3
101 2
102 2
103 1
104 2
105 1
106 1
107 3
108 1
109 0
110 3
111 4
112 3
113 2
114 1
115 1
116 3
117 2
118 1
119 1
120 2
121 1
122 0
123 4
124 1
125 0
126 2
127 1
128 0
129 3
130 2
131 2
132 1
133 1
134 1
135 3
136 1
137 0
138 2
139 3
140 2
141 3
142 0
143 1
144 2
145 2
146 2
147 4
148 3
149 1
150 1
151 3
152 1
153 3
154 1
155 3
156 1
157 1
158 2
159 1
160 1
161 2
162 3
163 1
164 3
165 3
166 1
167 2
168 2
169 2
170 2
171 1
172 3
173 2
174 1
175 1
176 2
177 1
178 1
179 2
180 0
181 0
182 1
183 2
184 3
185 0
186 4
187 2
188 3
189 2
190 4
191 1
192 1
193 2
194 1
195 1
196 2
197 2
198 1
199 2
200 3
201 3
202 1
203 2
204 1
205 0
206 2
207 0
208 0
209 2
210 0
211 2
212 3
213 1
214 5
215 4
216 4
217 2
218 3
219 1
220 2
221 1
222 2
223 2
224 2
225 3
226 2
227 3
228 2
229 1
230 3
231 3
232 1
233 1
234 2
235 1
236 3
237 3
238 3
239 5
240 4
241 2
242 1
243 2
244 1
245 3
246 1
247 1
248 1
249 1
250 1
251 1
252 1
253 1
254 4
255 4
256 3
257 0
258 4
259 2
260 3
261 1
262 1
263 0
264 0
265 0
266 2
267 1
268 1
269 1
270 2
271 1
272 1
273 1
274 3
275 2
276 3
277 2
278 2
279 3
280 3
281 1
282 2
283 1
284 2
285 2
286 2
287 2
288 1
289 3
290 0
291 1
292 3
293 1
294 3
295 0
296 1
297 0
298 2
299 2
300 1
301 1
302 1
303 3
304 3
305 5
306 6
307 10
308 11
309 10
310 8
311 6
312 6
313 6
314 6
315 5
316 5
317 3
318 4
319 1
320 3
321 2
322 1
323 2
324 1
325 1
326 3
327 2
328 1
329 1
330 1
331 2
332 4
333 2
334 1
335 0
336 2
337 0
338 0
339 3
340 1
341 0
342 3
343 2
344 2
345 1
346 6
347 5
348 4
349 1
350 3
351 2
352 1
353 1
354 2
355 2
356 2
357 3
358 3
359 1
360 1
361 2
362 1
363 5
364 3
365 0
366 1
367 0
368 0
369 1
370 1
371 3
372 3
373 3
374 3
375 3
376 3
377 0
378 1
379 1
380 3
381 1
382 2
383 1
384 1
385 2
386 2
387 2
388 3
389 1
390 6
391 4
392 5
393 2
394 2
395 3
396 0
397 2
398 4
399 4
400 3
401 4
402 2
403 3
404 0
405 3
406 1
407 2
408 1
409 1
410 2
411 1
412 2
413 2
414 1
415 1
416 2
417 1
418 3
419 4
420 1
421 1
422 3
423 3
424 1
425 2
426 3
427 1
428 2
429 5
430 6
431 7
432 8
433 7
434 7
435 7
436 7
437 5
438 3
439 0
440 1
441 2
442 3
443 3
444 4
445 7
446 7
447 7
448 6
449 6
450 6
451 5
452 3
453 1
454 3
455 1
456 0
457 1
458 1
459 1
460 3
461 3
462 3
463 3
464 1
465 1
466 4
467 4
468 1
469 2
470 0
471 1
472 1
473 2
474 3
475 1
476 4
477 2
478 1
479 0
480 1
481 1
482 2
483 1
484 2
485 3
486 1
487 2
488 3
489 3
490 3
491 1
492 3
493 3
494 2
495 3
496 0
497 2
498 3
499 1
500 2
501 3
502 1
503 2
504 3
505 1
506 1
507 1
508 3
509 2
510 4
511 3
512 4
513 5
514 3
515 1
516 2
517 1
518 3
519 1
520 1
521 4
522 1
523 3
524 2
525 1
526 1
527 3
528 1
529 2
530 2
531 1
532 3
533 2
534 2
535 1
536 4
537 4
538 3
539 2
540 3
541 3
542 3
543 1
544 3
545 1
546 4
547 4
548 4
549 3
550 2
551 4
552 3
553 1
554 5
555 5
556 5
557 6
558 4
559 4
560 1
561 4
562 3
563 1
564 2
565 5
566 4
567 4
568 4
569 1
570 3
571 1
572 2
573 1
574 4
575 3
576 2
577 3
578 1
579 1
580 6
581 6
582 5
583 5
584 4
585 3
586 1
587 3
588 1
589 0
590 0
591 1
592 5
593 3
594 3
595 3
596 4
597 3
598 2
599 0
600 2
601 3
602 2
603 1
604 3
605 1
606 1
607 1
608 1
609 4
610 4
611 5
612 4
613 5
614 5
615 6
616 6
617 6
618 5
619 4
620 3
621 1
622 2
623 1
624 4
625 3
626 0
627 1
628 3
629 1
630 2
631 1
632 2
633 2
634 2
635 3
636 3
637 5
638 5
639 3
640 3
641 3
642 2
643 3
644 1
645 1
646 1
647 2
648 0
649 1
650 1
651 2
652 2
653 1
654 2
655 5
656 5
657 5
658 4
659 3
660 4
661 3
662 3
663 2
664 1
665 3
666 3
667 2
668 3
669 1
670 1
671 1
672 5
673 5
674 4
675 3
676 4
677 3
678 4
679 5
680 5
681 5
682 5
683 5
684 4
685 2
686 0
687 1
688 4
689 2
690 4
691 5
692 3
693 3
694 2
695 4
696 4
697 3
698 1
699 3
700 1
701 1
702 4
703 2
704 0
705 3
706 0
707 0
708 2
709 2
710 2
711 0
712 3
713 2
714 1
715 4
716 4
717 6
718 6
719 6
720 5
721 4
722 2
723 1
724 0
725 0
726 1
727 1
728 2
729 0
730 1
731 0
732 2
733 2
734 1
735 0
736 1
737 4
738 3
739 0
740 2
741 0
742 2
743 4
744 4
745 1
746 2
747 3
748 2
749 2
750 2
751 1
752 0
753 1
754 4
755 4
756 4
757 2
758 2
759 1
760 1
761 2
762 3
763 3
764 3
765 3
766 1
767 3
768 3
769 4
770 5
771 5
772 5
773 5
774 4
775 4
776 3
777 3
778 1
779 0
780 2
781 3
782 2
783 2
784 3
785 4
786 2
787 0
788 1
789 0
790 3
791 2
792 1
793 3
794 1
795 2
796 2
797 3
798 2
799 3
800 1
801 4
802 2
803 2
804 1
805 3
806 1
807 2
808 2
809 2
810 1
811 2
812 2
813 4
814 1
815 3
816 2
817 3
818 2
819 4
820 2
821 2
822 2
823 0
824 0
825 2
826 1
827 0
828 2
829 1
830 0
831 4
832 3
833 2
834 0
835 1
836 1
837 3
838 1
839 1
840 4
841 1
842 4
843 2
844 3
845 2
846 3
847 2
848 0
849 2
850 0
851 0
852 1
853 1
854 4
855 2
856 2
857 3
858 2
859 2
860 1
861 5
862 4
863 3
864 0
865 2
866 1
867 1
868 2
869 1
870 3
871 0
872 0
873 3
874 0
875 3
876 1
877 0
878 1
879 6
880 5
881 3
882 1
883 0
884 0
885 2
886 2
887 2
888 2
889 0
890 1
891 1
892 2
893 1
894 1
895 3
896 1
897 2
898 0
899 0
900 3
901 2
902 4
903 3
904 4
905 4
906 3
907 3
908 2
909 4
910 3
911 1
912 5
913 4
914 2
915 3
916 2
917 1
918 2
919 1
920 3
921 2
922 3
923 3
924 4
925 3
926 3
927 3
928 1
929 5
930 3
931 3
932 2
933 2
934 1
935 4
936 2
937 3
938 4
939 1
940 2
941 1
942 1
943 2
944 4
945 1
946 3
947 3
948 3
949 3
950 3
951 1
952 2
953 5
954 4
955 4
956 2
957 4
958 4
959 2
960 1
961 2
962 2
963 4
964 2
965 3
966 2
967 1
968 1
969 1
970 3
971 0
972 0
973 1
974 2
975 3
976 4
977 4
978 2
979 3
980 2
981 2
982 1
983 2
984 2
985 3
986 3
987 3
988 1
989 2
990 2
991 2
992 2
993 2
994 1
995 1
996 1
997 1
998 0
999 5
1000 7
1001 6
1002 6
1003 4
1004 4
1005 3
1006 1
1007 0
1008 0
1009 1
1010 0
1011 1
1012 2
1013 3
1014 2
1015 0
1016 0
1017 1
1018 2
1019 3
1020 2
1021 2
1022 3
1023 2
1024 1
1025 3
1026 0
1027 1
1028 2
1029 2
1030 2
1031 2
1032 2
1033 3
1034 1
1035 1
1036 2
1037 1
1038 2
1039 1
1040 1
1041 3
1042 3
1043 1
1044 1
1045 1
1046 3
1047 3
1048 4
1049 3
1050 4
1051 6
1052 6
1053 6
1054 6
1055 5
1056 5
1057 4
1058 3
1059 0
1060 3
1061 3
1062 1
1063 2
1064 3
1065 1
1066 1
1067 1
1068 2
1069 2
1070 0
1071 4
1072 4
1073 4
1074 2
1075 3
1076 1
1077 0
1078 0
1079 0
1080 0
1081 1
1082 1
1083 3
1084 1
1085 1
1086 2
1087 1
1088 1
1089 2
1090 4
1091 2
1092 2
1093 1
1094 3
1095 4
1096 2
1097 3
1098 2
1099 5
1100 2
1101 2
1102 4
1103 3
1104 2
1105 2
1106 2
1107 2
1108 2
1109 3
1110 4
1111 4
1112 4
1113 2
1114 4
1115 4
1116 2
1117 4
1118 3
1119 4
1120 3
1121 3
1122 4
1123 4
1124 6
1125 4
1126 6
1127 4
1128 5
1129 5
1130 4
1131 3
1132 1
1133 2
1134 1
1135 4
1136 3
1137 3
1138 1
1139 1
1140 1
1141 2
1142 4
1143 5
1144 7
1145 5
1146 3
1147 2
1148 1
1149 0
1150 1
1151 2
1152 3
1153 2
1154 2
1155 2
1156 1
1157 2
1158 0
1159 3
1160 1
1161 2
1162 4
1163 3
1164 3
1165 6
1166 3
1167 3
1168 4
1169 3
1170 1
1171 1
1172 2
1173 2
1174 1
1175 1
1176 3
1177 1
1178 3
1179 1
1180 1
1181 3
1182 1
1183 4
1184 2
1185 2
1186 2
1187 4
1188 2
1189 2
1190 1
1191 3
1192 3
1193 2
1194 1
1195 5
1196 5
1197 2
1198 4
1199 5
1200 4
1201 3
1202 1
1203 3
1204 2
1205 2
1206 2
1207 5
1208 4
1209 5
1210 4
1211 3
1212 3
1213 4
1214 4
1215 5
1216 2
1217 0
1218 2
1219 2
1220 1
1221 4
1222 3
1223 1
1224 4
1225 2
1226 1
1227 1
1228 3
1229 1
1230 3
1231 4
1232 5
1233 4
1234 2
1235 1
1236 1
1237 2
1238 0
1239 6
1240 4
1241 1
1242 2
1243 0
1244 1
1245 0
1246 1
1247 1
1248 1
1249 4
1250 4
1251 3
1252 0
1253 1
1254 2
1255 3
1256 3
1257 3
1258 2
1259 3
1260 3
1261 4
1262 5
1263 3
1264 2
1265 3
1266 4
1267 4
1268 4
1269 4
1270 3
1271 3
1272 5
1273 4
1274 4
1275 3
1276 2
1277 2
1278 3
1279 4
1280 6
1281 6
1282 4
1283 2
1284 2
1285 2
1286 1
1287 2
1288 2
1289 1
1290 2
1291 3
1292 4
1293 4
1294 4
1295 2
1296 2
1297 3
1298 3
1299 3
1300 3
1301 3
1302 1
1303 2
1304 1
1305 2
1306 0
1307 1
1308 0
1309 1
1310 2
1311 2
1312 2
1313 1
1314 0
1315 3
1316 1
1317 1
1318 2
1319 2
1320 3
1321 4
1322 5
1323 5
1324 5
1325 4
1326 2
1327 0
1328 2
1329 2
1330 1
1331 3
1332 1
1333 3
1334 2
1335 3
1336 2
1337 3
1338 3
1339 2
1340 2
1341 2
1342 2
1343 4
1344 4
1345 4
1346 3
1347 4
1348 2
1349 3
1350 3
1351 2
1352 3
1353 3
1354 3
1355 3
1356 2
1357 3
1358 3
1359 3
1360 1
1361 2
1362 3
1363 0
1364 2
1365 2
1366 0
1367 2
1368 0
1369 0
1370 1
1371 0
1372 0
1373 0
1374 1
1375 0
1376 1
1377 1
1378 3
1379 3
1380 3
1381 1
1382 2
1383 2
1384 1
1385 4
1386 5
1387 5
1388 4
1389 3
1390 2
1391 2
1392 1
1393 1
1394 3
1395 0
1396 2
1397 5
1398 3
1399 2
1400 3
1401 3
1402 1
1403 3
1404 1
1405 1
1406 3
1407 2
1408 3
1409 2
1410 5
1411 4
1412 3
1413 1
1414 4
1415 3
1416 3
1417 3
1418 3
1419 1
1420 1
1421 3
1422 2
1423 2
1424 2
1425 3
1426 4
1427 4
1428 4
1429 2
1430 1
1431 1
1432 3
1433 0
1434 4
1435 3
1436 1
1437 1
1438 2
1439 0
1440 0
1441 0
1442 1
1443 2
1444 0
1445 1
1446 2
1447 1
1448 1
1449 1
1450 2
1451 1
1452 1
1453 1
1454 0
1455 1
1456 1
1457 1
1458 1
1459 2
1460 1
1461 2
1462 2
1463 3
1464 3
1465 0
1466 2
1467 2
1468 3
1469 2
1470 1
1471 0
1472 1
1473 1
1474 1
1475 1
1476 4
1477 3
1478 1
1479 1
1480 1
1481 3
1482 2
1483 1
1484 1
1485 1
1486 3
1487 2
1488 3
1489 1
1490 2
1491 1
1492 3
1493 4
1494 2
1495 4
1496 5
1497 3
1498 2
1499 3
1500 4
1501 4
1502 2
1503 5
1504 5
1505 5
1506 5
1507 4
1508 4
1509 4
1510 5
1511 4
1512 3
1513 2
1514 3
1515 1
1516 1
1517 3
1518 1
1519 2
1520 4
1521 3
1522 3
1523 2
1524 2
1525 1
1526 3
1527 3
1528 0
1529 4
1530 1
1531 1
1532 0
1533 1
1534 1
1535 3
1536 3
1537 1
1538 3
1539 0
1540 0
1541 2
1542 3
1543 2
1544 1
1545 2
1546 1
1547 2
1548 1
1549 3
1550 1
1551 3
1552 3
1553 2
1554 3
1555 3
1556 2
1557 2
1558 3
1559 3
1560 2
1561 1
1562 1
1563 1
1564 5
1565 3
1566 2
1567 0
1568 3
1569 3
1570 3
1571 3
1572 3
1573 3
1574 4
1575 4
1576 4
1577 4
1578 4
1579 5
1580 6
1581 6
1582 6
1583 5
1584 5
1585 3
1586 2
1587 0
1588 1
1589 3
1590 2
1591 3
1592 3
1593 3
1594 2
1595 5
1596 3
1597 2
1598 0
1599 4
1600 2
1601 1
1602 1
1603 5
1604 3
1605 1
1606 2
1607 2
1608 3
1609 1
1610 0
1611 5
1612 3
1613 3
1614 2
1615 2
1616 1
1617 2
1618 2
1619 2
1620 1
1621 3
1622 1
1623 4
1624 4
1625 3
1626 1
1627 3
1628 1
1629 1
1630 4
1631 5
1632 3
1633 1
1634 4
1635 2
1636 3
1637 1
1638 1
1639 2
1640 4
1641 2
1642 2
1643 1
1644 2
1645 2
1646 0
1647 1
1648 3
1649 2
1650 0
1651 2
1652 0
1653 0
1654 0
1655 1
1656 4
1657 3
1658 3
1659 1
1660 0
1661 1
1662 2
1663 3
1664 2
1665 1
1666 0
1667 4
1668 5
1669 5
1670 5
1671 5
1672 4
1673 1
1674 1
1675 4
1676 4
1677 2
1678 2
1679 2
1680 3
1681 1
1682 3
1683 0
1684 2
1685 2
1686 1
1687 4
1688 1
1689 2
1690 2
1691 1
1692 3
1693 2
1694 1
1695 2
1696 2
1697 1
1698 6
1699 4
1700 1
1701 2
1702 2
1703 2
1704 5
1705 4
1706 4
1707 3
1708 3
1709 2
1710 2
1711 0
1712 1
1713 2
1714 2
1715 2
1716 3
1717 1
1718 1
1719 2
1720 2
1721 2
1722 2
1723 4
1724 4
1725 2
1726 2
1727 0
1728 1
1729 3
1730 1
1731 7
1732 6
1733 6
1734 5
1735 5
1736 5
1737 2
1738 2
1739 1
1740 2
1741 2
1742 2
1743 2
1744 2
1745 3
1746 4
1747 3
1748 3
1749 4
1750 6
1751 5
1752 4
1753 1
1754 1
1755 1
1756 4
1757 2
1758 1
1759 1
1760 3
1761 1
1762 2
1763 3
1764 2
1765 1
1766 0
1767 3
1768 2
1769 1
1770 1
1771 1
1772 4
1773 2
1774 1
1775 3
1776 3
1777 2
1778 3
1779 1
1780 0
1781 1
1782 4
1783 2
1784 2
1785 1
1786 4
1787 3
1788 2
1789 2
1790 0
1791 2
1792 2
1793 2
1794 1
1795 2
1796 2
1797 2
1798 4
1799 3
1800 4
1801 4
1802 3
1803 3
1804 3
1805 1
1806 1
1807 2
1808 2
1809 3
1810 1
1811 2
1812 2
1813 3
1814 3
1815 1
1816 4
1817 4
1818 7
1819 5
1820 4
1821 2
1822 2
1823 1
1824 3
1825 0
1826 3
1827 1
1828 1
1829 2
1830 2
1831 3
1832 4
1833 2
1834 1
1835 4
1836 3
1837 1
1838 4
1839 2
1840 1
1841 1
1842 6
1843 5
1844 2
1845 3
1846 1
1847 3
1848 1
1849 2
1850 2
1851 2
1852 3
1853 1
1854 0
1855 1
1856 0
1857 0
1858 3
1859 2
1860 1
1861 4
1862 4
1863 4
1864 4
1865 3
1866 2
1867 2
1868 4
1869 3
1870 1
1871 2
1872 4
1873 2
1874 2
1875 3
1876 1
1877 2
1878 1
1879 2
1880 1
1881 4
1882 3
1883 2
1884 4
1885 3
1886 1
1887 2
1888 1
1889 2
1890 2
1891 3
1892 2
1893 1
1894 2
1895 4
1896 1
1897 3
1898 2
1899 2
1900 1
1901 3
1902 1
1903 3
1904 2
1905 4
1906 2
1907 1
1908 3
1909 2
1910 1
1911 2
1912 4
1913 4
1914 3
1915 1
1916 1
1917 4
1918 2
1919 2
1920 0
1921 3
1922 3
1923 1
1924 2
1925 2
1926 2
1927 2
1928 1
1929 1
1930 2
1931 1
1932 1
1933 2
1934 2
1935 4
1936 2
1937 1
1938 3
1939 1
1940 5
1941 6
1942 6
1943 5
1944 2
1945 0
1946 2
1947 2
1948 3
1949 2
1950 2
1951 1
1952 2
1953 1
1954 2
1955 4
1956 4
1957 3
1958 3
1959 4
1960 1
1961 2
1962 4
1963 3
1964 5
1965 6
1966 6
1967 6
1968 7
1969 6
1970 7
1971 8
1972 9
1973 8
1974 7
1975 7
1976 8
1977 8
1978 7
1979 5
1980 4
1981 2
1982 0
1983 2
1984 0
1985 3
1986 0
1987 2
1988 3
1989 1
1990 1
1991 5
1992 2
1993 1
1994 1
1995 3
1996 2
1997 1
1998 2
1999 2
2000 0
2001 0
2002 3
2003 3
2004 3
2005 0
2006 2
2007 0
2008 4
2009 2
2010 4
2011 3
2012 4
2013 2
2014 4
2015 2
2016 2
2017 4
2018 4
2019 4
2020 2
2021 1
2022 1
2023 3
2024 3
2025 1
2026 1
2027 2
2028 0
2029 3
2030 2
2031 2
2032 1
2033 1
2034 1
2035 0
2036 0
2037 0
2038 1
2039 1
2040 3
2041 0
2042 3
2043 3
2044 3
2045 2
2046 2
2047 1
2048 2
2049 1
2050 3
2051 2
2052 1
2053 3
2054 1
2055 3
2056 4
2057 2
2058 3
2059 2
2060 2
2061 3
2062 3
2063 1
2064 0
2065 2
2066 0
2067 1
2068 1
2069 4
2070 4
2071 3
2072 2
2073 3
2074 1
2075 2
2076 3
2077 1
2078 3
2079 2
2080 2
2081 5
2082 4
2083 2
2084 3
2085 4
2086 2
2087 0
2088 1
2089 3
2090 1
2091 1
2092 0
2093 3
2094 1
2095 0
2096 3
2097 2
2098 1
2099 2
2100 2
2101 3
2102 1
2103 1
2104 1
2105 2
2106 5
2107 4
2108 3
2109 3
2110 2
2111 1
2112 2
2113 3
2114 3
2115 2
2116 4
2117 4
2118 2
2119 4
2120 2
2121 2
2122 2
2123 1
2124 1
2125 0
2126 1
2127 2
2128 3
2129 3
2130 3
2131 2
2132 1
2133 3
2134 2
2135 0
2136 1
2137 3
2138 5
2139 3
2140 3
2141 0
2142 1
2143 2
2144 4
2145 3
2146 3
2147 0
2148 1
2149 2
2150 4
2151 3
2152 0
2153 1
2154 4
2155 2
2156 1
2157 0
2158 1
2159 1
2160 2
2161 4
2162 3
2163 3
2164 2
2165 4
2166 5
2167 5
2168 8
2169 9
2170 7
2171 8
2172 9
2173 11
2174 11
2175 9
2176 9
2177 6
2178 4
2179 1
2180 1
2181 1
2182 1
2183 0
2184 1
2185 1
2186 2
2187 3
2188 1
2189 1
2190 2
2191 2
2192 2
2193 1
2194 2
2195 1
2196 1
2197 1
2198 2
2199 3
2200 2
2201 3
2202 1
2203 1
2204 1
2205 2
2206 2
2207 2
2208 2
2209 0
2210 3
2211 1
2212 5
2213 4
2214 5
2215 5
2216 7
2217 6
2218 7
2219 7
2220 7
2221 4
2222 3
2223 1
2224 1
2225 4
2226 3
2227 3
2228 1
2229 2
2230 4
2231 2
2232 2
2233 1
2234 1
2235 2
2236 2
2237 2
2238 2
2239 4
2240 5
2241 4
2242 4
2243 4
2244 3
2245 4
2246 5
2247 5
2248 6
2249 5
2250 3
2251 4
2252 3
2253 2
2254 3
2255 3
2256 3
2257 3
2258 2
2259 4
2260 5
2261 3
2262 3
2263 2
2264 3
2265 2
2266 1
2267 0
2268 1
2269 0
2270 1
2271 0
2272 4
2273 3
2274 0
2275 2
2276 4
2277 1
2278 3
2279 1
2280 2
2281 3
2282 3
2283 3
2284 4
2285 3
2286 3
2287 3
2288 1
2289 3
2290 3
2291 1
2292 2
2293 1
2294 2
2295 1
2296 1
2297 1
2298 1
2299 1
2300 0
2301 1
2302 1
2303 3
2304 2
2305 3
2306 2
2307 3
2308 1
2309 2
2310 3
2311 4
2312 3
2313 3
2314 0
2315 3
2316 4
2317 4
2318 3
2319 3
2320 1
2321 1
2322 1
2323 4
2324 5
2325 6
2326 4
2327 5
2328 4
2329 2
2330 4
2331 3
2332 2
2333 2
2334 4
2335 3
2336 1
2337 2
2338 4
2339 2
2340 1
2341 0
2342 1
2343 2
2344 2
2345 2
2346 2
2347 5
2348 4
2349 4
2350 1
2351 3
2352 1
2353 3
2354 1
2355 3
2356 2
2357 1
2358 1
2359 2
2360 0
2361 2
2362 4
2363 3
2364 3
2365 2
2366 3
2367 4
2368 2
2369 2
2370 1
2371 2
2372 2
2373 3
2374 1
2375 3
2376 2
2377 1
2378 2
2379 2
2380 0
2381 0
2382 1
2383 0
2384 1
2385 3
2386 1
2387 2
2388 4
2389 4
2390 4
2391 5
2392 3
2393 2
2394 2
2395 3
2396 0
2397 3
2398 0
2399 0
2400 5
2401 4
2402 2
2403 1
2404 3
2405 1
2406 1
2407 0
2408 2
2409 0
2410 1
2411 1
2412 2
2413 1
2414 1
2415 3
2416 1
2417 2
2418 2
2419 2
2420 2
2421 3
2422 4
2423 2
2424 3
2425 0
2426 0
2427 0
2428 1
2429 3
2430 0
2431 2
2432 1
2433 4
2434 1
2435 3
2436 1
2437 3
2438 2
2439 1
2440 3
2441 0
2442 2
2443 0
2444 3
2445 3
2446 2
2447 2
2448 2
2449 2
2450 2
2451 0
2452 2
2453 1
2454 2
2455 2
2456 3
2457 2
2458 3
2459 4
2460 2
2461 2
2462 0
2463 1
2464 1
2465 1
2466 2
2467 4
2468 3
2469 3
2470 2
2471 2
2472 2
2473 0
2474 2
2475 1
2476 0
2477 2
2478 1
2479 2
2480 0
2481 2
2482 2
2483 2
2484 2
2485 2
2486 1
2487 1
2488 3
2489 1
2490 2
2491 3
2492 2
2493 1
2494 2
2495 1
2496 3
2497 3
2498 1
2499 2
2500 4
2501 3
2502 2
2503 3
2504 2
2505 3
2506 3
2507 3
2508 1
2509 3
2510 2
2511 1
2512 1
2513 2
2514 3
2515 1
2516 6
2517 5
2518 3
2519 2
2520 0
2521 3
2522 1
2523 3
2524 1
2525 3
2526 1
2527 0
2528 2
2529 1
2530 1
2531 1
2532 2
2533 4
2534 3
2535 4
2536 5
2537 2
2538 2
2539 2
2540 2
2541 2
2542 1
2543 1
2544 3
2545 1
2546 4
2547 4
2548 4
2549 4
2550 3
2551 2
2552 4
2553 2
2554 4
2555 2
2556 2
2557 1
2558 3
2559 3
2560 3
2561 1
2562 2
2563 3
2564 1
2565 1
2566 3
2567 1
2568 0
2569 6
2570 3
2571 3
2572 2
2573 3
2574 4
2575 2
2576 1
2577 1
2578 2
2579 0
2580 2
2581 2
2582 2
2583 3
2584 0
2585 3
2586 1
2587 3
2588 2
2589 2
2590 4
2591 2
2592 2
2593 5
2594 5
2595 4
2596 3
2597 0
2598 2
2599 3
2600 1
2601 2
2602 3
2603 2
2604 1
2605 3
2606 4
2607 3
2608 3
2609 2
2610 3
2611 1
2612 5
2613 4
2614 3
2615 3
2616 4
2617 4
2618 3
2619 1
2620 2
2621 1
2622 1
2623 1
2624 2
2625 1
2626 4
2627 3
2628 3
2629 0
2630 3
2631 2
2632 0
2633 2
2634 2
2635 4
2636 4
2637 4
2638 1
2639 0
2640 2
2641 1
2642 2
2643 2
2644 3
2645 0
2646 3
2647 0
2648 3
2649 2
2650 2
2651 0
2652 2
2653 0
2654 0
2655 3
2656 2
2657 2
2658 4
2659 4
2660 2
2661 3
2662 2
2663 5
2664 4
2665 6
2666 5
2667 4
2668 3
2669 2
2670 0
2671 0
2672 1
2673 0
2674 1
2675 3
2676 3
2677 3
2678 3
2679 2
2680 2
2681 1
2682 2
2683 2
2684 3
2685 4
2686 3
2687 0
2688 1
2689 1
2690 1
2691 1
2692 1
2693 4
2694 1
2695 3
2696 4
2697 2
2698 1
2699 1
2700 1
2701 0
2702 1
2703 1
2704 2
2705 3
2706 1
2707 3
2708 1
2709 0
2710 2
2711 0
2712 1
2713 2
2714 3
2715 4
2716 4
2717 2
2718 0
2719 2
2720 0
2721 2
2722 0
2723 4
2724 1
2725 2
2726 3
2727 4
2728 2
2729 3
2730 2
2731 0
2732 1
2733 3
2734 1
2735 1
2736 1
2737 2
2738 2
2739 3
2740 3
2741 1
2742 2
2743 3
2744 3
2745 3
2746 4
2747 4
2748 3
2749 1
2750 2
2751 2
2752 4
2753 3
2754 1
2755 4
2756 2
2757 3
2758 2
2759 1
2760 2
2761 2
2762 3
2763 3
2764 3
2765 0
2766 1
2767 4
2768 5
2769 3
2770 2
2771 2
2772 3
2773 1
2774 3
2775 2
2776 2
2777 1
2778 1
2779 2
2780 2
2781 2
2782 3
2783 1
2784 2
2785 1
2786 2
2787 4
2788 4
2789 4
2790 3
2791 2
2792 2
2793 0
2794 5
2795 5
2796 4
2797 2
2798 0
2799 0
2800 2
2801 0
2802 2
2803 3
2804 1
2805 4
2806 3
2807 1
2808 2
2809 1
2810 1
2811 2
2812 1
2813 2
2814 0
2815 2
2816 2
2817 1
2818 1
2819 1
2820 2
2821 2
2822 1
2823 5
2824 4
2825 3
2826 2
2827 1
2828 0
2829 1
2830 1
2831 3
2832 1
2833 2
2834 0
2835 1
2836 1
2837 2
2838 4
2839 2
2840 1
2841 1
2842 3
2843 4
2844 3
2845 2
2846 3
2847 2
2848 3
2849 1
2850 2
2851 2
2852 2
2853 0
2854 3
2855 2
2856 2
2857 4
2858 3
2859 3
2860 2
2861 2
2862 2
2863 1
2864 0
2865 2
2866 3
2867 0
2868 2
2869 4
2870 3
2871 2
2872 2
2873 3
2874 1
2875 1
2876 1
2877 1
2878 1
2879 2
2880 3
2881 3
2882 3
2883 2
2884 4
2885 2
2886 2
2887 2
2888 1
2889 2
2890 2
2891 2
2892 0
2893 3
2894 2
2895 2
2896 2
2897 1
2898 2
2899 2
2900 3
2901 2
2902 3
2903 2
2904 2
2905 1
2906 0
2907 4
2908 3
2909 2
2910 2
2911 1
2912 3
2913 2
2914 2
2915 2
2916 3
2917 2
2918 2
2919 3
2920 1
2921 2
2922 1
2923 3
2924 2
2925 3
2926 3
2927 1
2928 2
2929 3
2930 3
2931 3
2932 2
2933 1
2934 2
2935 2
2936 3
2937 2
2938 4
2939 3
2940 2
2941 2
2942 1
2943 2
2944 4
2945 2
2946 1
2947 4
2948 4
2949 3
2950 2
2951 3
2952 3
2953 3
2954 3
2955 1
2956 3
2957 3
2958 2
2959 1
2960 3
2961 0
2962 2
2963 1
2964 2
2965 3
2966 1
2967 2
2968 3
2969 2
2970 4
2971 3
2972 2
2973 3
2974 2
2975 2
2976 3
2977 1
2978 3
2979 2
2980 2
2981 2
2982 1
2983 3
2984 1
2985 2
2986 2
2987 3
2988 1
2989 1
2990 2
2991 4
2992 5
2993 4
2994 3
2995 3
2996 1
2997 1
2998 2
2999 4
3000 2
3001 4
3002 1
3003 3
3004 3
3005 1
3006 2
3007 2
3008 2
3009 2
3010 3
3011 1
3012 4
3013 2
3014 1
3015 1
3016 4
3017 4
3018 3
3019 4
3020 4
3021 2
3022 2
3023 3
3024 1
3025 3
3026 1
3027 1
3028 2
3029 2
3030 3
3031 3
3032 2
3033 1
3034 2
3035 3
3036 2
3037 4
3038 3
3039 2
3040 1
3041 3
3042 1
3043 2
3044 5
3045 6
3046 5
3047 3
3048 2
3049 0
3050 1
3051 3
3052 1
3053 2
3054 4
3055 4
3056 4
3057 4
3058 7
3059 5
3060 5
3061 5
3062 6
3063 4
3064 3
3065 2
3066 4
3067 4
3068 4
3069 4
3070 4
3071 3
3072 3
3073 2
3074 3
3075 2
3076 2
3077 2
3078 0
3079 0
3080 1
3081 3
3082 3
3083 1
3084 4
3085 3
3086 3
3087 3
3088 3
3089 3
3090 2
3091 2
3092 2
3093 2
3094 3
3095 1
3096 1
3097 2
3098 2
3099 2
3100 2
3101 0
3102 1
3103 2
3104 0
3105 3
3106 1
3107 4
3108 3
3109 1
3110 1
3111 2
3112 2
3113 2
3114 3
3115 4
3116 2
3117 3
3118 1
3119 1
3120 3
3121 2
3122 2
3123 1
3124 2
3125 0
3126 1
3127 2
3128 3
3129 3
3130 3
3131 2
3132 3
3133 4
3134 6
3135 7
3136 7
3137 7
3138 6
3139 6
3140 5
3141 4
3142 3
3143 2
3144 2
3145 3
3146 2
3147 2
3148 2
3149 2
3150 2
3151 2
3152 3
3153 3
3154 1
3155 3
3156 3
3157 5
3158 4
3159 2
3160 2
3161 1
3162 1
3163 0
3164 3
3165 3
3166 1
3167 1
3168 2
3169 0
3170 4
3171 4
3172 1
3173 0
3174 1
3175 1
3176 0
3177 2
3178 4
3179 3
3180 2
3181 3
3182 0
3183 3
3184 5
3185 3
3186 2
3187 2
3188 3
3189 3
3190 3
3191 3
3192 2
3193 1
3194 2
3195 3
3196 3
3197 2
3198 2
3199 1
3200 2
3201 2
3202 3
3203 4
3204 3
3205 4
3206 5
3207 6
3208 7
3209 6
3210 4
3211 2
3212 2
3213 2
3214 1
3215 1
3216 1
3217 4
3218 5
3219 3
3220 1
3221 0
3222 0
3223 0
3224 2
3225 2
3226 1
3227 2
3228 2
3229 0
3230 3
3231 2
3232 2
3233 4
3234 4
3235 2
3236 3
3237 2
3238 4
3239 5
3240 4
3241 1
3242 2
3243 1
3244 2
3245 3
3246 1
3247 0
3248 1
3249 1
3250 2
3251 0
3252 2
3253 1
3254 1
3255 0
3256 4
3257 2
3258 2
3259 0
3260 2
3261 0
3262 1
3263 2
3264 2
3265 2
3266 1
3267 1
3268 0
3269 1
3270 3
3271 1
3272 1
3273 0
3274 2
3275 3
3276 0
3277 1
3278 1
3279 2
3280 1
3281 0
3282 3
3283 2
3284 1
3285 1
3286 3
3287 4
3288 2
3289 3
3290 1
3291 1
3292 0
3293 1
3294 0
3295 1
3296 0
3297 0
3298 3
3299 2
3300 0
3301 2
3302 2
3303 1
3304 1
3305 3
3306 1
3307 0
3308 0
3309 4
3310 2
3311 2
3312 2
3313 3
3314 1
3315 3
3316 2
3317 1
3318 1
3319 1
3320 0
3321 0
3322 4
3323 4
3324 2
3325 1
3326 2
3327 3
3328 0
3329 1
3330 2
3331 1
3332 2
3333 0
3334 0
3335 1
3336 3
3337 2
3338 3
3339 2
3340 1
3341 2
3342 3
3343 3
3344 1
3345 2
3346 4
3347 3
3348 1
3349 2
3350 2
3351 2
3352 4
3353 2
3354 0
3355 2
3356 2
3357 3
3358 5
3359 3
3360 1
3361 2
3362 1
3363 2
3364 1
3365 1
3366 1
3367 2
3368 2
3369 0
3370 1
3371 0
3372 2
3373 2
3374 4
3375 4
3376 3
3377 2
3378 0
3379 2
3380 1
3381 0
3382 0
3383 2
3384 2
3385 1
3386 0
3387 0
3388 1
3389 0
3390 2
3391 4
3392 3
3393 1
3394 1
3395 3
3396 3
3397 2
3398 0
3399 3
3400 2
3401 2
3402 2
3403 2
3404 2
3405 3
3406 3
3407 2
3408 5
3409 4
3410 2
3411 6
3412 5
3413 5
3414 4
3415 3
3416 2
3417 3
3418 2
3419 2
3420 2
3421 2
3422 3
3423 1
3424 3
3425 3
3426 3
3427 3
3428 4
3429 3
3430 1
3431 1
3432 2
3433 5
3434 3
3435 0
3436 1
3437 0
3438 4
3439 1
3440 0
3441 5
3442 6
3443 8
3444 8
3445 8
3446 9
3447 9
3448 10
3449 10
3450 10
3451 9
3452 7
3453 6
3454 4
3455 2
3456 2
3457 1
3458 4
3459 3
3460 2
3461 2
3462 3
3463 1
3464 2
3465 3
3466 3
3467 3
3468 4
3469 3
3470 2
3471 4
3472 3
3473 2
3474 3
3475 3
3476 2
3477 4
3478 3
3479 3
3480 0
3481 0
3482 3
3483 2
3484 1
3485 3
3486 3
3487 2
3488 1
3489 2
3490 2
3491 2
3492 3
3493 2
3494 2
3495 2
3496 1
3497 3
3498 1
3499 1
3500 3
3501 1
3502 1
3503 3
3504 4
3505 4
3506 2
3507 2
3508 3
3509 1
3510 2
3511 3
3512 7
3513 6
3514 5
3515 3
3516 2
3517 3
3518 2
3519 3
3520 3
3521 2
3522 2
3523 0
3524 2
3525 3
3526 0
3527 1
3528 4
3529 3
3530 2
3531 2
3532 3
3533 2
3534 3
3535 2
3536 1
3537 3
3538 1
3539 1
3540 3
3541 2
3542 2
3543 1
3544 1
3545 0
3546 2
3547 1
3548 1
3549 2
3550 4
3551 4
3552 1
3553 0
3554 1
3555 2
3556 2
3557 4
3558 3
3559 3
3560 2
3561 1
3562 1
3563 1
3564 0
3565 2
3566 1
3567 0
3568 2
3569 0
3570 1
3571 4
3572 3
3573 1
3574 0
3575 1
3576 0
3577 0
3578 3
3579 2
3580 1
3581 3
3582 3
3583 1
3584 3
3585 2
3586 2
3587 1
3588 2
3589 2
3590 4
3591 4
3592 4
3593 3
3594 2
3595 2
3596 0
3597 3
3598 2
3599 1
3600 3
3601 3
3602 2
3603 1
3604 1
3605 1
3606 3
3607 3
3608 2
3609 1
3610 3
3611 4
3612 4
3613 4
3614 5
3615 5
3616 4
3617 5
3618 3
3619 1
3620 4
3621 2
3622 1
3623 2
3624 3
3625 1
3626 2
3627 0
3628 2
3629 2
3630 3
3631 2
3632 4
3633 5
3634 5
3635 6
3636 6
3637 6
3638 4
3639 3
3640 3
3641 1
3642 4
3643 4
3644 1
3645 2
3646 2
3647 3
3648 0
3649 1
3650 3
3651 0
3652 3
3653 4
3654 1
3655 2
3656 2
3657 2
3658 3
3659 2
3660 4
3661 2
3662 3
3663 0
3664 2
3665 3
3666 3
3667 4
3668 5
3669 4
3670 6
3671 8
3672 8
3673 7
3674 7
3675 5
3676 2
3677 0
3678 2
3679 2
3680 4
3681 1
3682 1
3683 5
3684 4
3685 3
3686 4
3687 3
3688 2
3689 1
3690 3
3691 2
3692 2
3693 3
3694 4
3695 5
3696 3
3697 0
3698 2
3699 0
3700 2
3701 1
3702 2
3703 0
3704 1
3705 4
3706 4
3707 1
3708 2
3709 2
3710 1
3711 1
3712 0
3713 4
3714 1
3715 0
3716 0
3717 2
3718 2
3719 1
3720 2
3721 1
3722 3
3723 3
3724 2
3725 4
3726 4
3727 3
3728 0
3729 2
3730 0
3731 1
3732 3
3733 2
3734 1
3735 1
3736 3
3737 0
3738 3
3739 2
3740 2
3741 2
3742 2
3743 0
3744 2
3745 1
3746 2
3747 2
3748 2
3749 0
3750 2
3751 4
3752 3
3753 3
3754 1
3755 2
3756 2
3757 3
3758 4
3759 3
3760 2
3761 4
3762 5
3763 3
3764 6
3765 4
3766 4
3767 2
3768 3
3769 5
3770 5
3771 6
3772 4
3773 4
3774 4
3775 5
3776 6
3777 6
3778 6
3779 7
3780 5
3781 2
3782 4
3783 1
3784 1
3785 0
3786 3
3787 1
3788 2
3789 2
3790 0
3791 4
3792 2
3793 2
3794 4
3795 3
3796 3
3797 5
3798 5
3799 5
3800 4
3801 1
3802 1
3803 3
3804 1
3805 2
3806 2
3807 2
3808 0
3809 0
3810 1
3811 1
3812 2
3813 0
3814 2
3815 2
3816 1
3817 3
3818 1
3819 2
3820 1
3821 1
3822 4
3823 5
3824 3
3825 0
3826 3
3827 3
3828 2
3829 2
3830 2
3831 1
3832 0
3833 2
3834 2
3835 3
3836 1
3837 2
3838 2
3839 3
3840 1
3841 3
3842 2
3843 2
3844 2
3845 2
3846 0
3847 2
3848 4
3849 3
3850 2
3851 3
3852 3
3853 0
3854 2
3855 2
3856 1
3857 2
3858 2
3859 1
3860 3
3861 2
3862 3
3863 1
3864 2
3865 2
3866 1
3867 0
3868 4
3869 5
3870 4
3871 3
3872 2
3873 5
3874 5
3875 5
3876 2
3877 0
3878 0
3879 0
3880 2
3881 1
3882 1
3883 2
3884 1
3885 1
3886 3
3887 0
3888 1
3889 0
3890 3
3891 0
3892 2
3893 1
3894 0
3895 0
3896 1
3897 3
3898 2
3899 1
3900 4
3901 2
3902 2
3903 2
3904 2
3905 4
3906 3
3907 2
3908 1
3909 2
3910 1
3911 3
3912 1
3913 3
3914 2
3915 4
3916 4
3917 5
3918 4
3919 2
3920 2
3921 4
3922 2
3923 2
3924 2
3925 2
3926 1
3927 2
3928 1
3929 2
3930 3
3931 3
3932 0
3933 3
3934 1
3935 1
3936 3
3937 1
3938 2
3939 3
3940 3
3941 3
3942 3
3943 2
3944 2
3945 0
3946 3
3947 2
3948 1
3949 2
3950 1
3951 1
3952 1
3953 2
3954 3
3955 1
3956 0
3957 3
3958 1
3959 2
3960 0
3961 0
3962 2
3963 5
3964 4
3965 4
3966 2
3967 2
3968 3
3969 4
3970 2
3971 2
3972 3
3973 3
3974 3
3975 2
3976 2
3977 2
3978 1
3979 0
3980 0
3981 3
3982 2
3983 0
3984 1
3985 2
3986 1
3987 0
3988 1
3989 1
3990 1
3991 2
3992 2
3993 3
3994 2
3995 2
3996 2
3997 1
3998 1
3999 3
4000 0
4001 2
4002 5
4003 6
4004 6
4005 4
4006 3
4007 2
4008 1
4009 3
4010 2
4011 3
4012 3
4013 2
4014 0
4015 3
4016 3
4017 4
4018 4
4019 5
4020 8
4021 8
4022 6
4023 7
4024 7
4025 8
4026 8
4027 10
4028 9
4029 10
4030 10
4031 9
4032 8
4033 10
4034 10
4035 8
4036 9
4037 9
4038 7
4039 5
4040 3
4041 2
4042 0
4043 2
4044 4
4045 2
4046 0
4047 0
4048 2
4049 2
4050 0
4051 2
4052 2
4053 1
4054 2
4055 1
4056 1
4057 3
4058 3
4059 4
4060 3
4061 2
4062 1
4063 1
4064 4
4065 4
4066 3
4067 3
4068 4
4069 4
4070 4
4071 4
4072 3
4073 4
4074 4
4075 4
4076 3
4077 2
4078 3
4079 3
4080 4
4081 3
4082 2
4083 2
4084 0
4085 3
4086 1
4087 2
4088 1
4089 0
4090 2
4091 3
4092 4
4093 3
4094 6
4095 3
4096 1
4097 1
4098 1
4099 3
4100 1
4101 0
4102 0
4103 2
4104 1
4105 2
4106 3
4107 0
4108 0
4109 3
4110 1
4111 3
4112 3
4113 1
4114 0
4115 1
4116 1
4117 1
4118 1
4119 1
4120 1
4121 2
4122 2
4123 1
4124 0
4125 1
4126 1
4127 2
4128 3
4129 2
4130 2
4131 4
4132 3
4133 1
4134 0
4135 1
4136 0
4137 2
4138 1
4139 1
4140 2
4141 2
4142 1
4143 2
4144 2
4145 2
4146 2
4147 1
4148 2
4149 1
4150 3
4151 1
4152 5
4153 4
4154 3
4155 1
4156 3
4157 3
4158 1
4159 2
4160 3
4161 2
4162 2
4163 3
4164 3
4165 2
4166 5
4167 5
4168 5
4169 4
4170 6
4171 6
4172 7
4173 6
4174 6
4175 7
4176 6
4177 6
4178 6
4179 6
4180 6
4181 8
4182 8
4183 8
4184 8
4185 10
4186 11
4187 13
4188 14
4189 14
4190 13
4191 14
4192 14
4193 14
4194 15
4195 12
4196 12
4197 13
4198 12
4199 9
4200 8
4201 7
4202 5
4203 4
4204 2
4205 3
4206 1
4207 0
4208 3
4209 2
4210 2
4211 2
4212 0
4213 2
4214 1
4215 2
4216 2
4217 4
4218 2
4219 2
4220 1
4221 4
4222 3
4223 3
4224 1
4225 6
4226 5
4227 7
4228 6
4229 4
4230 3
4231 5
4232 4
4233 3
4234 1
4235 3
4236 5
4237 3
4238 0
4239 2
4240 3
4241 2
4242 2
4243 2
4244 5
4245 4
4246 3
4247 2
4248 2
4249 3
4250 1
4251 1
4252 3
4253 2
4254 3
4255 3
4256 2
4257 1
4258 3
4259 2
4260 5
4261 4
4262 2
4263 4
4264 4
4265 4
4266 3
4267 2
4268 4
4269 4
4270 1
4271 2
4272 4
4273 3
4274 1
4275 2
4276 2
4277 2
4278 3
4279 0
4280 0
4281 3
4282 2
4283 4
4284 1
4285 4
4286 4
4287 5
4288 5
4289 6
4290 6
4291 5
4292 5
4293 5
4294 6
4295 4
4296 5
4297 6
4298 6
4299 6
4300 6
4301 7
4302 6
4303 5
4304 5
4305 5
4306 2
4307 4
4308 4
4309 4
4310 5
4311 4
4312 4
4313 3
4314 1
4315 0
4316 0
4317 1
4318 0
4319 0
4320 1
4321 2
4322 1
4323 0
4324 3
4325 1
4326 3
4327 3
4328 1
4329 1
4330 3
4331 1
4332 0
4333 2
4334 2
4335 2
4336 2
4337 1
4338 2
4339 3
4340 0
4341 1
4342 3
4343 2
4344 1
4345 2
4346 2
4347 3
4348 2
4349 2
4350 3
4351 2
4352 2
4353 2
4354 4
4355 4
4356 3
4357 2
4358 4
4359 4
4360 3
4361 4
4362 4
4363 3
4364 2
4365 2
4366 2
4367 0
4368 0
4369 1
4370 4
4371 3
4372 1
4373 1
4374 2
4375 3
4376 1
4377 3
4378 1
4379 1
4380 2
4381 2
4382 0
4383 0
4384 1
4385 1
4386 1
4387 3
4388 2
4389 2
4390 3
4391 3
4392 1
4393 2
4394 5
4395 3
4396 6
4397 5
4398 5
4399 4
4400 4
4401 2
4402 2
4403 1
4404 4
4405 3
4406 1
4407 3
4408 1
4409 4
4410 4
4411 2
4412 3
4413 1
4414 1
4415 1
4416 3
4417 4
4418 3
4419 1
4420 1
4421 1
4422 2
4423 1
4424 2
4425 1
4426 2
4427 1
4428 3
4429 1
4430 5
4431 2
4432 0
4433 0
4434 1
4435 2
4436 2
4437 4
4438 3
4439 3
4440 2
4441 2
4442 2
4443 1
4444 3
4445 2
4446 1
4447 2
4448 3
4449 2
4450 3
4451 2
4452 1
4453 2
4454 2
4455 3
4456 1
4457 3
4458 1
4459 1
4460 2
4461 2
4462 2
4463 0
4464 1
4465 2
4466 1
4467 2
4468 2
4469 1
4470 0
4471 1
4472 3
4473 1
4474 3
4475 2
4476 2
4477 5
4478 5
4479 3
4480 4
4481 3
4482 0
4483 3
4484 2
4485 2
4486 2
4487 2
4488 0
4489 3
4490 1
4491 2
4492 1
4493 0
4494 2
4495 2
4496 1
4497 5
4498 4
4499 2
4500 1
4501 0
4502 1
4503 3
4504 1
4505 0
4506 1
4507 2
4508 0
4509 1
4510 2
4511 2
4512 2
4513 1
4514 1
4515 1
4516 4
4517 2
4518 1
4519 1
4520 0
4521 2
4522 1
4523 3
4524 1
4525 3
4526 0
4527 0
4528 2
4529 3
4530 1
4531 3
4532 3
4533 3
4534 2
4535 4
4536 1
4537 2
4538 1
4539 1
4540 3
4541 1
4542 1
4543 1
4544 2
4545 2
4546 1
4547 2
4548 1
4549 2
4550 4
4551 4
4552 4
4553 4
4554 4
4555 3
4556 2
4557 1
4558 1
4559 2
4560 2
4561 1
4562 1
4563 0
4564 2
4565 0
4566 1
4567 4
4568 3
4569 5
4570 4
4571 3
4572 1
4573 0
4574 1
4575 5
4576 3
4577 1
4578 1
4579 2
4580 2
4581 2
4582 1
4583 2
4584 6
4585 5
4586 5
4587 2
4588 3
4589 2
4590 4
4591 5
4592 6
4593 6
4594 6
4595 8
4596 8
4597 9
4598 7
4599 4
4600 2
4601 1
4602 0
4603 1
4604 2
4605 3
4606 1
4607 2
4608 1
4609 1
4610 2
4611 2
4612 2
4613 2
4614 2
4615 3
4616 1
4617 1
4618 2
4619 3
4620 2
4621 1
4622 4
4623 3
4624 2
4625 1
4626 3
4627 3
4628 2
4629 1
4630 1
4631 2
4632 3
4633 1
4634 3
4635 1
4636 2
4637 2
4638 2
4639 1
4640 2
4641 4
4642 4
4643 4
4644 2
4645 2
4646 4
4647 3
4648 2
4649 2
4650 4
4651 3
4652 1
4653 2
4654 2
4655 1
4656 2
4657 1
4658 1
4659 0
4660 2
4661 3
4662 2
4663 1
4664 1
4665 1
4666 0
4667 3
4668 2
4669 0
4670 0
4671 1
4672 3
4673 6
4674 5
4675 4
4676 4
4677 4
4678 3
4679 3
4680 3
4681 0
4682 3
4683 3
4684 3
4685 4
4686 4
4687 4
4688 4
4689 7
4690 5
4691 4
4692 4
4693 2
4694 3
4695 3
4696 1
4697 2
4698 0
4699 2
4700 0
4701 3
4702 2
4703 3
4704 1
4705 2
4706 2
4707 1
4708 4
4709 3
4710 0
4711 3
4712 4
4713 4
4714 1
4715 3
4716 1
4717 3
4718 1
4719 3
4720 1
4721 3
4722 2
4723 3
4724 3
4725 1
4726 4
4727 4
4728 4
4729 3
4730 4
4731 4
4732 3
4733 1
4734 3
4735 2
4736 2
4737 0
4738 3
4739 2
4740 0
4741 2
4742 0
4743 4
4744 4
4745 3
4746 2
4747 3
4748 1
4749 1
4750 1
4751 2
4752 1
4753 0
4754 1
4755 1
4756 1
4757 2
4758 3
4759 3
4760 3
4761 2
4762 1
4763 3
4764 2
4765 2
4766 3
4767 0
4768 4
4769 2
4770 2
4771 2
4772 2
4773 1
4774 3
4775 1
4776 4
4777 3
4778 2
4779 1
4780 0
4781 1
4782 0
4783 0
4784 0
4785 2
4786 0
4787 1
4788 1
4789 0
4790 2
4791 0
4792 5
4793 6
4794 4
4795 4
4796 4
4797 2
4798 2
4799 1
4800 2
4801 1
4802 1
4803 3
4804 2
4805 1
4806 2
4807 3
4808 0
4809 1
4810 1
4811 3
4812 2
4813 3
4814 1
4815 2
4816 3
4817 3
4818 2
4819 0
4820 4
4821 4
4822 2
4823 3
4824 3
4825 2
4826 4
4827 4
4828 4
4829 5
4830 6
4831 6
4832 5
4833 5
4834 2
4835 1
4836 0
4837 2
4838 1
4839 1
4840 2
4841 1
4842 1
4843 2
4844 1
4845 2
4846 1
4847 3
4848 1
4849 0
4850 1
4851 2
4852 1
4853 3
4854 2
4855 1
4856 1
4857 3
4858 1
4859 3
4860 4
4861 4
4862 4
4863 4
4864 2
4865 4
4866 5
4867 5
4868 4
4869 3
4870 1
4871 3
4872 0
4873 4
4874 6
4875 6
4876 5
4877 5
4878 3
4879 3
4880 1
4881 2
4882 1
4883 0
4884 3
4885 0
4886 3
4887 3
4888 1
4889 4
4890 2
4891 0
4892 2
4893 1
4894 1
4895 2
4896 2
4897 4
4898 3
4899 3
4900 2
4901 2
4902 0
4903 1
4904 2
4905 4
4906 2
4907 3
4908 3
4909 1
4910 4
4911 2
4912 0
4913 4
4914 2
4915 3
4916 1
4917 2
4918 1
4919 4
4920 2
4921 2
4922 4
4923 2
4924 2
4925 4
4926 2
4927 0
4928 1
4929 1
4930 2
4931 2
4932 3
4933 1
4934 1
4935 2
4936 1
4937 4
4938 4
4939 3
4940 1
4941 4
4942 2
4943 0
4944 1
4945 4
4946 3
4947 1
4948 3
4949 1
4950 1
4951 2
4952 1
4953 1
4954 2
4955 3
4956 1
4957 3
4958 5
4959 5
4960 5
4961 4
4962 4
4963 1
4964 1
4965 1
4966 3
4967 1
4968 5
4969 3
4970 1
4971 1
4972 2
4973 2
4974 4
4975 3
4976 3
4977 1
4978 2
4979 3
4980 4
4981 2
4982 0
4983 2
4984 0
4985 2
4986 3
4987 2
4988 2
4989 3
4990 3
4991 3
4992 1
4993 5
4994 4
4995 4
4996 2
4997 3
4998 1
4999 1
5000 0
5001 2
5002 4
5003 5
5004 3
5005 3
5006 4
5007 4
5008 3
5009 2
5010 4
5011 4
5012 4
5013 2
5014 2
5015 1
5016 2
5017 1
5018 3
5019 1
5020 1
5021 2
5022 2
5023 3
5024 3
5025 3
5026 2
5027 1
5028 2
5029 3
5030 1
5031 0
5032 0
5033 1
5034 2
5035 2
5036 2
5037 2
5038 0
5039 1
5040 5
5041 3
5042 2
5043 0
5044 1
5045 0
5046 1
5047 2
5048 3
5049 1
5050 1
5051 4
5052 3
5053 1
5054 0
5055 4
5056 5
5057 4
5058 3
5059 1
5060 1
5061 3
5062 1
5063 4
5064 5
5065 4
5066 3
5067 4
5068 5
5069 3
5070 3
5071 1
5072 5
5073 6
5074 3
5075 3
5076 3
5077 2
5078 3
5079 2
5080 4
5081 2
5082 5
5083 4
5084 2
5085 3
5086 4
5087 3
5088 2
5089 2
5090 2
5091 0
5092 2
5093 3
5094 2
5095 3
5096 4
5097 3
5098 5
5099 4
5100 4
5101 2
5102 3
5103 3
5104 1
5105 2
5106 2
5107 3
5108 4
5109 3
5110 1
5111 0
5112 1
5113 0
5114 4
5115 4
5116 2
5117 1
5118 3
5119 4
5120 3
5121 2
5122 1
5123 3
5124 2
5125 2
5126 3
5127 1
5128 3
5129 2
5130 1
5131 2
5132 1
5133 1
5134 3
5135 2
5136 3
5137 2
5138 3
5139 1
5140 1
5141 0
5142 0
5143 1
5144 2
5145 2
5146 2
5147 1
5148 3
5149 2
5150 2
5151 1
5152 2
5153 1
5154 2
5155 1
5156 1
5157 0
5158 2
5159 3
5160 1
5161 4
5162 4
5163 3
5164 3
5165 0
5166 1
5167 2
5168 2
5169 2
5170 1
5171 0
5172 4
5173 4
5174 3
5175 2
5176 1
5177 0
5178 1
5179 3
5180 3
5181 1
5182 1
5183 0
5184 0
5185 2
5186 2
5187 2
5188 1
5189 2
5190 3
5191 1
5192 0
5193 0
5194 2
5195 0
5196 2
5197 1
5198 2
5199 3
5200 1
5201 2
5202 2
5203 1
5204 1
5205 2
5206 2
5207 2
5208 0
5209 1
5210 1
5211 1
5212 0
5213 3
5214 4
5215 2
5216 3
5217 2
5218 0
5219 2
5220 1
5221 1
5222 3
5223 5
5224 4
5225 3
5226 2
5227 3
5228 0
5229 4
5230 3
5231 2
5232 4
5233 4
5234 3
5235 1
5236 2
5237 1
5238 3
5239 3
5240 2
5241 4
5242 4
5243 3
5244 2
5245 2
5246 1
5247 3
5248 2
5249 2
5250 2
5251 2
5252 1
5253 0
5254 4
5255 3
5256 1
5257 3
5258 0
5259 3
5260 1
5261 3
5262 2
5263 1
5264 2
5265 0
5266 3
5267 1
5268 2
5269 1
5270 3
5271 4
5272 2
5273 2
5274 3
5275 1
5276 2
5277 1
5278 2
5279 2
5280 3
5281 0
5282 3
5283 1
5284 1
5285 2
5286 1
5287 2
5288 2
5289 1
5290 1
5291 2
5292 3
5293 4
5294 2
5295 3
5296 3
5297 3
5298 2
5299 1
5300 2
5301 4
5302 3
5303 3
5304 2
5305 2
5306 2
5307 3
5308 0
5309 0
5310 4
5311 4
5312 4
5313 3
5314 4
5315 4
5316 2
5317 1
5318 2
5319 0
5320 2
5321 1
5322 1
5323 1
5324 1
5325 3
5326 4
5327 3
5328 1
5329 1
5330 3
5331 2
5332 5
5333 6
5334 6
5335 4
5336 4
5337 4
5338 3
5339 2
5340 1
5341 3
5342 0
5343 3
5344 4
5345 1
5346 5
5347 5
5348 4
5349 1
5350 0
5351 3
5352 2
5353 3
5354 1
5355 0
5356 5
5357 3
5358 3
5359 2
5360 1
5361 3
5362 3
5363 4
5364 2
5365 1
5366 1
5367 1
5368 2
5369 1
5370 2
5371 3
5372 2
5373 5
5374 4
5375 4
5376 2
5377 2
5378 0
5379 2
5380 2
5381 2
5382 0
5383 5
5384 5
5385 4
5386 4
5387 2
5388 3
5389 1
5390 2
5391 3
5392 2
5393 2
5394 2
5395 3
5396 1
5397 2
5398 1
5399 2
5400 3
5401 3
5402 2
5403 5
5404 5
5405 5
5406 4
5407 2
5408 1
5409 0
5410 2
5411 2
5412 2
5413 2
5414 2
5415 4
5416 2
5417 1
5418 3
5419 2
5420 2
5421 4
5422 3
5423 3
5424 3
5425 2
5426 1
5427 2
5428 1
5429 4
5430 3
5431 3
5432 4
5433 1
5434 1
5435 2
5436 1
5437 1
5438 0
5439 1
5440 0
5441 4
5442 3
5443 1
5444 1
5445 3
5446 0
5447 3
5448 3
5449 3
5450 0
5451 1
5452 0
5453 1
5454 1
5455 3
5456 3
5457 2
5458 4
5459 3
5460 3
5461 2
5462 4
5463 4
5464 4
5465 4
5466 2
5467 3
5468 2
5469 2
5470 3
5471 2
5472 3
5473 3
5474 3
5475 3
5476 0
5477 2
5478 1
5479 1
5480 2
5481 3
5482 3
5483 3
5484 2
5485 4
5486 3
5487 2
5488 3
5489 2
5490 2
5491 0
5492 0
5493 0
5494 0
5495 0
5496 0
5497 4
5498 1
5499 1
5500 1
5501 1
5502 0
5503 4
5504 3
5505 1
5506 1
5507 3
5508 0
5509 3
5510 3
5511 0
5512 1
5513 3
5514 2
5515 2
5516 1
5517 1
5518 1
5519 2
5520 1
5521 2
5522 2
5523 3
5524 3
5525 1
5526 3
5527 2
5528 3
5529 2
5530 1
5531 1
5532 3
5533 1
5534 0
5535 0
5536 1
5537 0
5538 0
5539 0
5540 2
5541 1
5542 1
5543 1
5544 1
5545 4
5546 3
5547 2
5548 1
5549 2
5550 1
5551 2
5552 5
5553 4
5554 3
5555 1
5556 4
5557 2
5558 2
5559 0
5560 1
5561 1
5562 1
5563 3
5564 2
5565 2
5566 1
5567 1
5568 2
5569 2
5570 2
5571 3
5572 0
5573 1
5574 2
5575 3
5576 0
5577 4
5578 3
5579 2
5580 3
5581 2
5582 2
5583 2
5584 2
5585 3
5586 1
5587 3
5588 3
5589 1
5590 1
5591 3
5592 3
5593 1
5594 2
5595 1
5596 2
5597 3
5598 2
5599 4
5600 3
5601 2
5602 1
5603 4
5604 5
5605 3
5606 2
5607 0
5608 0
5609 2
5610 1
5611 1
5612 1
5613 1
5614 0
5615 2
5616 2
5617 1
5618 1
5619 2
5620 2
5621 1
5622 2
5623 3
5624 2
5625 2
5626 2
5627 3
5628 2
5629 2
5630 4
5631 3
5632 3
5633 4
5634 2
5635 2
5636 0
5637 2
5638 2
5639 2
5640 4
5641 3
5642 4
5643 3
5644 3
5645 3
5646 1
5647 2
5648 4
5649 2
5650 3
5651 2
5652 3
5653 4
5654 6
5655 5
5656 4
5657 3
5658 4
5659 5
5660 5
5661 2
5662 0
5663 0
5664 1
5665 2
5666 1
5667 0
5668 0
5669 2
5670 0
5671 0
5672 2
5673 0
5674 2
5675 1
5676 3
5677 2
5678 2
5679 3
5680 2
5681 3
5682 2
5683 2
5684 4
5685 3
5686 1
5687 0
5688 3
5689 1
5690 3
5691 3
5692 1
5693 3
5694 3
5695 1
5696 2
5697 3
5698 3
5699 2
5700 1
5701 0
5702 3
5703 2
5704 1
5705 2
5706 1
5707 3
5708 2
5709 0
5710 1
5711 2
5712 1
5713 2
5714 5
5715 4
5716 3
5717 1
5718 3
5719 1
5720 2
5721 2
5722 5
5723 5
5724 3
5725 2
5726 2
5727 2
5728 3
5729 0
5730 4
5731 3
5732 0
5733 1
5734 3
5735 3
5736 1
5737 2
5738 3
5739 2
5740 3
5741 4
5742 4
5743 4
5744 3
5745 3
5746 1
5747 2
5748 3
5749 1
5750 1
5751 2
5752 1
5753 0
5754 1
5755 0
5756 1
5757 5
5758 3
5759 2
5760 4
5761 5
5762 4
5763 2
5764 2
5765 2
5766 2
5767 3
5768 2
5769 4
5770 4
5771 2
5772 2
5773 0
5774 4
5775 1
5776 0
5777 1
5778 0
5779 2
5780 3
5781 1
5782 4
5783 4
5784 2
5785 3
5786 3
5787 3
5788 1
5789 2
5790 2
5791 4
5792 1
5793 4
5794 4
5795 3
5796 2
5797 3
5798 2
5799 0
5800 4
5801 3
5802 2
5803 3
5804 4
5805 3
5806 1
5807 4
5808 2
5809 0
5810 4
5811 4
5812 6
5813 5
5814 6
5815 3
5816 1
5817 0
5818 0
5819 0
5820 0
5821 0
5822 2
5823 2
5824 2
5825 2
5826 3
5827 5
5828 3
5829 2
5830 4
5831 1
5832 2
5833 2
5834 2
5835 5
5836 4
5837 3
5838 5
5839 5
5840 5
5841 6
5842 6
5843 6
5844 4
5845 6
5846 6
5847 5
5848 6
5849 4
5850 5
5851 5
5852 4
5853 4
5854 3
5855 2
5856 1
5857 2
5858 0
5859 3
5860 2
5861 1
5862 3
5863 4
5864 3
5865 0
5866 0
5867 3
5868 1
5869 4
5870 1
5871 1
5872 4
5873 4
5874 5
5875 4
5876 3
5877 4
5878 3
5879 2
5880 1
5881 1
5882 3
5883 3
5884 0
5885 2
5886 1
5887 0
5888 0
5889 1
5890 0
5891 0
5892 1
5893 2
5894 0
5895 3
5896 1
5897 3
5898 5
5899 5
5900 3
5901 3
5902 2
5903 1
5904 1
5905 1
5906 4
5907 2
5908 0
5909 3
5910 1
5911 1
5912 2
5913 2
5914 3
5915 1
5916 3
5917 1
5918 1
5919 4
5920 2
5921 3
5922 2
5923 1
5924 1
5925 2
5926 1
5927 2
5928 2
5929 2
5930 1
5931 2
5932 3
5933 2
5934 4
5935 2
5936 2
5937 4
5938 4
5939 3
5940 2
5941 3
5942 2
5943 2
5944 4
5945 2
5946 3
5947 4
5948 4
5949 2
5950 0
5951 1
5952 2
5953 1
5954 2
5955 0
5956 1
5957 1
5958 2
5959 2
5960 3
5961 1
5962 1
5963 4
5964 5
5965 4
5966 5
5967 6
5968 6
5969 6
5970 4
5971 4
5972 3
5973 2
5974 2
5975 3
5976 4
5977 3
5978 2
5979 0
5980 0
5981 0
5982 0
5983 3
5984 0
5985 3
5986 1
5987 5
5988 5
5989 5
5990 4
5991 3
5992 1
5993 2
5994 1
5995 1
5996 1
5997 1
5998 3
5999 1
6000 2
6001 2
6002 4
6003 3
6004 1
6005 0
6006 2
6007 1
6008 3
6009 0
6010 0
6011 1
6012 3
6013 0
6014 1
6015 1
6016 2
6017 1
6018 2
6019 2
6020 4
6021 3
6022 2
6023 1
6024 2
6025 2
6026 1
6027 0
6028 3
6029 1
6030 0
6031 3
6032 3
6033 3
6034 1
6035 2
6036 2
6037 2
6038 0
6039 2
6040 1
6041 3
6042 3
6043 2
6044 2
6045 1
6046 2
6047 2
6048 2
6049 1
6050 3
6051 2
6052 2
6053 1
6054 3
6055 3
6056 1
6057 4
6058 2
6059 1
6060 0
6061 3
6062 0
6063 5
6064 2
6065 3
6066 3
6067 0
6068 2
6069 1
6070 2
6071 2
6072 0
6073 1
6074 1
6075 1
6076 2
6077 1
6078 1
6079 0
6080 3
6081 3
6082 0
6083 1
6084 4
6085 2
6086 3
6087 2
6088 2
6089 2
6090 2
6091 3
6092 3
6093 3
6094 2
6095 2
6096 3
6097 1
6098 2
6099 2
6100 1
6101 2
6102 2
6103 4
6104 5
6105 3
6106 4
6107 1
6108 3
6109 1
6110 2
6111 4
6112 4
6113 4
6114 4
6115 3
6116 0
6117 2
6118 2
6119 0
6120 3
6121 3
6122 1
6123 2
6124 2
6125 2
6126 5
6127 4
6128 1
6129 2
6130 0
6131 2
6132 0
6133 5
6134 3
6135 3
6136 1
6137 3
6138 1
6139 1
6140 1
6141 2
6142 3
6143 2
6144 2
6145 3
6146 2
6147 2
6148 2
6149 2
6150 2
6151 0
6152 1
6153 1
6154 1
6155 0
6156 1
6157 0
6158 1
6159 2
6160 3
6161 2
6162 2
6163 0
6164 4
6165 5
6166 4
6167 1
6168 3
6169 2
6170 3
6171 0
6172 1
6173 2
6174 3
6175 3
6176 2
6177 2
6178 4
6179 4
6180 3
6181 2
6182 3
6183 0
6184 2
6185 3
6186 2
6187 1
6188 2
6189 2
6190 3
6191 1
6192 2
6193 3
6194 1
6195 3
6196 1
6197 3
6198 3
6199 2
6200 3
6201 3
6202 1
6203 2
6204 1
6205 2
6206 2
6207 0
6208 1
6209 2
6210 2
6211 3
6212 3
6213 0
6214 2
6215 2
6216 2
6217 2
6218 2
6219 2
6220 2
6221 3
6222 2
6223 2
6224 2
6225 1
6226 1
6227 3
6228 0
6229 2
6230 1
6231 4
6232 4
6233 2
6234 0
6235 2
6236 3
6237 3
6238 2
6239 2
6240 2
6241 1
6242 2
6243 2
6244 3
6245 4
6246 4
6247 3
6248 3
6249 2
6250 3
6251 2
6252 2
6253 3
6254 2
6255 0
6256 0
6257 3
6258 2
6259 2
6260 2
6261 2
6262 1
6263 4
6264 1
6265 1
6266 2
6267 2
6268 2
6269 1
6270 2
6271 0
6272 0
6273 1
6274 6
6275 4
6276 3
6277 0
6278 1
6279 2
6280 1
6281 3
6282 0
6283 4
6284 2
6285 4
6286 2
6287 2
6288 2
6289 2
6290 2
6291 1
6292 0
6293 0
6294 2
6295 4
6296 2
6297 0
6298 2
6299 1
6300 2
6301 1
6302 3
6303 1
6304 2
6305 1
6306 2
6307 3
6308 2
6309 0
6310 2
6311 2
6312 0
6313 2
6314 1
6315 2
6316 2
6317 3
6318 3
6319 4
6320 3
6321 2
6322 2
6323 1
6324 0
6325 0
6326 0
6327 1
6328 2
6329 2
6330 0
6331 0
6332 1
6333 2
6334 1
6335 3
6336 1
6337 2
6338 1
6339 3
6340 2
6341 2
6342 3
6343 4
6344 3
6345 3
6346 1
6347 3
6348 1
6349 3
6350 1
6351 5
6352 4
6353 1
6354 3
6355 1
6356 1
6357 2
6358 0
6359 1
6360 3
6361 2
6362 3
6363 1
6364 2
6365 1
6366 2
6367 3
6368 2
6369 3
6370 4
6371 3
6372 4
6373 3
6374 2
6375 3
6376 3
6377 2
6378 3
6379 3
6380 2
6381 2
6382 2
6383 2
6384 2
6385 1
6386 3
6387 2
6388 2
6389 0
6390 2
6391 2
6392 1
6393 1
6394 3
6395 2
6396 2
6397 1
6398 4
6399 3
6400 2
6401 1
6402 0
6403 0
6404 3
6405 1
6406 1
6407 1
6408 4
6409 3
6410 3
6411 2
6412 4
6413 3
6414 1
6415 1
6416 4
6417 5
6418 4
6419 3
6420 4
6421 3
6422 3
6423 3
6424 2
6425 1
6426 4
6427 3
6428 1
6429 4
6430 4
6431 4
6432 3
6433 4
6434 4
6435 2
6436 1
6437 4
6438 5
6439 5
6440 3
6441 3
6442 4
6443 4
6444 4
6445 2
6446 3
6447 2
6448 3
6449 1
6450 3
6451 2
6452 3
6453 0
6454 3
6455 1
6456 2
6457 2
6458 3
6459 3
6460 2
6461 1
6462 2
6463 3
6464 2
6465 1
6466 1
6467 1
6468 0
6469 0
6470 1
6471 1
6472 1
6473 1
6474 4
6475 3
6476 3
6477 0
6478 1
6479 1
6480 0
6481 1
6482 4
6483 7
6484 8
6485 6
6486 5
6487 6
6488 5
6489 5
6490 4
6491 4
6492 2
6493 0
6494 2
6495 3
6496 3
6497 2
6498 2
6499 3
6500 3
6501 0
6502 0
6503 1
6504 1
6505 0
6506 1
6507 2
6508 1
6509 2
6510 2
6511 1
6512 3
6513 0
6514 4
6515 2
6516 1
6517 1
6518 1
6519 3
6520 3
6521 0
6522 1
6523 2
6524 3
6525 1
6526 5
6527 4
6528 2
6529 2
6530 3
6531 4
6532 5
6533 3
6534 2
6535 2
6536 2
6537 5
6538 7
6539 7
6540 5
6541 5
6542 3
6543 2
6544 1
6545 3
6546 0
6547 2
6548 2
6549 3
6550 4
6551 2
6552 3
6553 4
6554 3
6555 2
6556 5
6557 4
6558 4
6559 2
6560 2
6561 3
6562 2
6563 1
6564 3
6565 1
6566 2
6567 2
6568 3
6569 1
6570 1
6571 1
6572 1
6573 2
6574 0
6575 2
6576 3
6577 2
6578 0
6579 0
6580 3
6581 1
6582 0
6583 0
6584 3
6585 0
6586 1
6587 1
6588 0
6589 3
6590 3
6591 2
6592 3
6593 1
6594 2
6595 2
6596 3
6597 0
6598 1
6599 3
6600 1
6601 0
6602 1
6603 2
6604 3
6605 3
6606 4
6607 4
6608 6
6609 7
6610 7
6611 6
6612 4
6613 4
6614 1
6615 3
6616 2
6617 2
6618 0
6619 2
6620 3
6621 3
6622 2
6623 1
6624 3
6625 2
6626 3
6627 4
6628 2
6629 3
6630 2
6631 1
6632 1
6633 3
6634 1
6635 2
6636 1
6637 1
6638 3
6639 0
6640 2
6641 2
6642 3
6643 4
6644 1
6645 4
6646 3
6647 1
6648 1
6649 2
6650 2
6651 2
6652 4
6653 5
6654 2
6655 2
6656 2
6657 3
6658 3
6659 3
6660 0
6661 3
6662 4
6663 4
6664 3
6665 3
6666 2
6667 2
6668 2
6669 1
6670 3
6671 2
6672 1
6673 2
6674 3
6675 1
6676 2
6677 2
6678 2
6679 3
6680 1
6681 0
6682 1
6683 4
6684 3
6685 5
6686 4
6687 1
6688 2
6689 2
6690 3
6691 3
6692 2
6693 2
6694 3
6695 2
6696 5
6697 5
6698 4
6699 4
6700 3
6701 2
6702 2
6703 1
6704 1
6705 0
6706 1
6707 0
6708 2
6709 4
6710 2
6711 2
6712 1
6713 5
6714 4
6715 5
6716 2
6717 3
6718 1
6719 2
6720 2
6721 2
6722 1
6723 3
6724 1
6725 3
6726 2
6727 2
6728 2
6729 0
6730 0
6731 3
6732 2
6733 0
6734 3
6735 2
6736 2
6737 4
6738 3
6739 3
6740 5
6741 7
6742 5
6743 5
6744 4
6745 2
6746 2
6747 1
6748 3
6749 2
6750 4
6751 4
6752 2
6753 2
6754 3
6755 3
6756 1
6757 0
6758 1
6759 5
6760 3
6761 3
6762 3
6763 1
6764 3
6765 3
6766 2
6767 2
6768 3
6769 2
6770 3
6771 2
6772 3
6773 3
6774 3
6775 3
6776 3
6777 0
6778 4
6779 2
6780 3
6781 3
6782 4
6783 3
6784 3
6785 1
6786 3
6787 4
6788 2
6789 1
6790 2
6791 1
6792 4
6793 4
6794 3
6795 4
6796 3
6797 4
6798 1
6799 4
6800 3
6801 4
6802 4
6803 5
6804 4
6805 4
6806 3
6807 2
6808 1
6809 3
6810 3
6811 3
6812 2
6813 3
6814 1
6815 1
6816 0
6817 1
6818 1
6819 2
6820 4
6821 2
6822 4
6823 4
6824 3
6825 2
6826 1
6827 1
6828 1
6829 1
6830 1
6831 2
6832 1
6833 1
6834 2
6835 1
6836 3
6837 1
6838 4
6839 3
6840 3
6841 3
6842 3
6843 2
6844 1
6845 2
6846 2
6847 2
6848 3
6849 3
6850 2
6851 2
6852 3
6853 1
6854 3
6855 1
6856 2
6857 0
6858 2
6859 0
6860 3
6861 4
6862 2
6863 3
6864 1
6865 2
6866 3
6867 1
6868 3
6869 1
6870 4
6871 3
6872 3
6873 3
6874 4
6875 3
6876 0
6877 1
6878 1
6879 4
6880 2
6881 3
6882 1
6883 1
6884 2
6885 2
6886 2
6887 0
6888 5
6889 4
6890 3
6891 4
6892 4
6893 1
6894 5
6895 2
6896 2
6897 1
6898 2
6899 2
6900 1
6901 1
6902 2
6903 4
6904 2
6905 1
6906 2
6907 2
6908 2
6909 2
6910 3
6911 2
6912 2
6913 1
6914 3
6915 2
6916 4
6917 3
6918 3
6919 1
6920 1
6921 2
6922 0
6923 2
6924 3
6925 1
6926 2
6927 1
6928 4
6929 6
6930 4
6931 2
6932 0
6933 1
6934 1
6935 0
6936 3
6937 3
6938 2
6939 3
6940 0
6941 2
6942 1
6943 2
6944 3
6945 1
6946 5
6947 5
6948 4
6949 3
6950 3
6951 2
6952 2
6953 2
6954 3
6955 3
6956 2
6957 1
6958 2
6959 2
6960 1
6961 2
6962 1
6963 2
6964 3
6965 2
6966 2
6967 2
6968 1
6969 0
6970 2
6971 0
6972 3
6973 2
6974 1
6975 2
6976 1
6977 1
6978 0
6979 1
6980 1
6981 0
6982 0
6983 3
6984 3
6985 2
6986 1
6987 2
6988 2
6989 4
6990 3
6991 1
6992 0
6993 5
6994 5
6995 4
6996 4
6997 3
6998 2
6999 3
7000 4
7001 1
7002 2
7003 1
7004 2
7005 3
7006 3
7007 4
7008 3
7009 1
7010 2
7011 2
7012 3
7013 2
7014 2
7015 1
7016 3
7017 4
7018 3
7019 1
7020 1
7021 2
7022 0
7023 3
7024 1
7025 2
7026 1
7027 1
7028 2
7029 2
7030 2
7031 1
7032 1
7033 3
7034 2
7035 2
7036 0
7037 2
7038 1
7039 1
7040 2
7041 1
7042 2
7043 2
7044 1
7045 1
7046 2
7047 1
7048 0
7049 2
7050 3
7051 3
7052 2
7053 1
7054 2
7055 3
7056 3
7057 3
7058 3
7059 2
7060 2
7061 2
7062 1
7063 1
7064 2
7065 2
7066 3
7067 3
7068 4
7069 4
7070 2
7071 3
7072 3
7073 1
7074 2
7075 2
7076 2
7077 6
7078 5
7079 5
7080 6
7081 4
7082 4
7083 2
7084 2
7085 1
7086 2
7087 3
7088 1
7089 2
7090 1
7091 3
7092 1
7093 1
7094 1
7095 2
7096 3
7097 1
7098 4
7099 3
7100 4
7101 5
7102 5
7103 3
7104 0
7105 0
7106 0
7107 0
7108 2
7109 0
7110 1
7111 1
7112 1
7113 2
7114 2
7115 2
7116 2
7117 1
7118 3
7119 3
7120 2
7121 3
7122 4
7123 4
7124 2
7125 0
7126 1
7127 2
7128 2
7129 2
7130 3
7131 4
7132 2
7133 2
7134 4
7135 3
7136 3
7137 2
7138 0
7139 1
7140 0
7141 4
7142 4
7143 4
7144 2
7145 3
7146 2
7147 2
7148 2
7149 3
7150 4
7151 3
7152 0
7153 3
7154 2
7155 1
7156 3
7157 4
7158 1
7159 0
7160 0
7161 0
7162 1
7163 0
7164 1
7165 1
7166 0
7167 3
7168 2
7169 4
7170 1
7171 1
7172 1
7173 1
7174 1
7175 2
7176 1
7177 3
7178 1
7179 2
7180 1
7181 3
7182 1
7183 2
7184 1
7185 2
7186 3
7187 1
7188 4
7189 3
7190 0
7191 1
7192 1
7193 1
7194 3
7195 1
7196 2
7197 4
7198 2
7199 4
7200 1
7201 2
7202 2
7203 1
7204 1
7205 2
7206 4
7207 3
7208 2
7209 1
7210 1
7211 3
7212 2
7213 4
7214 3
7215 2
7216 2
7217 5
7218 3
7219 2
7220 2
7221 2
7222 4
7223 2
7224 2
7225 2
7226 0
7227 2
7228 1
7229 2
7230 3
7231 1
7232 4
7233 2
7234 2
7235 3
7236 2
7237 2
7238 1
7239 2
7240 2
7241 3
7242 3
7243 3
7244 3
7245 3
7246 2
7247 1
7248 0
7249 0
7250 1
7251 0
7252 1
7253 5
7254 5
7255 3
7256 0
7257 1
7258 3
7259 0
7260 2
7261 1
7262 1
7263 2
7264 1
7265 1
7266 3
7267 1
7268 3
7269 1
7270 3
7271 1
7272 3
7273 2
7274 1
7275 0
7276 2
7277 0
7278 1
7279 2
7280 1
7281 2
7282 4
7283 1
7284 0
7285 3
7286 3
7287 1
7288 2
7289 3
7290 4
7291 5
7292 4
7293 3
7294 3
7295 5
7296 4
7297 2
7298 2
7299 1
7300 1
7301 0
7302 0
7303 5
7304 4
7305 3
7306 3
7307 1
7308 4
7309 4
7310 3
7311 4
7312 4
7313 2
7314 2
7315 0
7316 3
7317 3
7318 2
7319 2
7320 1
7321 3
7322 2
7323 2
7324 3
7325 4
7326 3
7327 2
7328 1
7329 4
7330 3
7331 2
7332 5
7333 6
7334 5
7335 6
7336 5
7337 5
7338 3
7339 3
7340 1
7341 5
7342 3
7343 2
7344 3
7345 0
7346 1
7347 1
7348 0
7349 0
7350 2
7351 1
7352 4
7353 2
7354 3
7355 2
7356 2
7357 1
7358 1
7359 1
7360 1
7361 1
7362 3
7363 3
7364 3
7365 2
7366 3
7367 4
7368 3
7369 1
7370 0
7371 3
7372 3
7373 2
7374 3
7375 1
7376 1
7377 2
7378 3
7379 2
7380 2
7381 0
7382 4
7383 4
7384 3
7385 3
7386 1
7387 2
7388 1
7389 2
7390 3
7391 4
7392 3
7393 2
7394 4
7395 4
7396 5
7397 5
7398 3
7399 2
7400 3
7401 3
7402 2
7403 4
7404 2
7405 1
7406 3
7407 2
7408 2
7409 0
7410 1
7411 1
7412 2
7413 0
7414 2
7415 2
7416 0
7417 1
7418 3
7419 1
7420 1
7421 1
7422 1
7423 1
7424 3
7425 0
7426 3
7427 4
7428 4
7429 2
7430 2
7431 3
7432 4
7433 2
7434 3
7435 1
7436 1
7437 0
7438 4
7439 4
7440 1
7441 3
7442 3
7443 4
7444 2
7445 3
7446 4
7447 3
7448 2
7449 4
7450 2
7451 4
7452 3
7453 3
7454 3
7455 2
7456 5
7457 3
7458 1
7459 2
7460 2
7461 5
7462 3
7463 3
7464 1
7465 3
7466 0
7467 5
7468 2
7469 5
7470 4
7471 3
7472 2
7473 1
7474 3
7475 0
7476 3
7477 7
7478 9
7479 9
7480 7
7481 7
7482 8
7483 8
7484 9
7485 7
7486 5
7487 3
7488 2
7489 3
7490 3
7491 2
7492 2
7493 3
7494 4
7495 5
7496 4
7497 4
7498 3
7499 5
7500 5
7501 4
7502 2
7503 2
7504 2
7505 3
7506 2
7507 2
7508 0
7509 1
7510 1
7511 0
7512 1
7513 1
7514 2
7515 0
7516 1
7517 0
7518 1
7519 3
7520 8
7521 9
7522 7
7523 6
7524 7
7525 5
7526 3
7527 2
7528 0
7529 2
7530 1
7531 2
7532 0
7533 1
7534 5
7535 3
7536 5
7537 3
7538 1
7539 1
7540 1
7541 2
7542 4
7543 1
7544 4
7545 2
7546 2
7547 1
7548 1
7549 3
7550 3
7551 1
7552 3
7553 1
7554 0
7555 4
7556 4
7557 2
7558 1
7559 2
7560 1
7561 0
7562 1
7563 1
7564 1
7565 0
7566 1
7567 2
7568 4
7569 2
7570 2
7571 1
7572 2
7573 4
7574 5
7575 3
7576 1
7577 2
7578 1
7579 1
7580 3
7581 4
7582 4
7583 3
7584 1
7585 2
7586 3
7587 1
7588 1
7589 4
7590 2
7591 4
7592 1
7593 1
7594 3
7595 1
7596 2
7597 2
7598 2
7599 2
7600 3
7601 3
7602 2
7603 0
7604 3
7605 4
7606 3
7607 4
7608 3
7609 2
7610 3
7611 1
7612 2
7613 1
7614 1
7615 2
7616 2
7617 2
7618 1
7619 0
7620 2
7621 0
7622 1
7623 0
7624 1
7625 3
7626 1
7627 3
7628 1
7629 4
7630 3
7631 1
7632 2
7633 1
7634 0
7635 2
7636 2
7637 2
7638 2
7639 3
7640 1
7641 3
7642 0
7643 5
7644 4
7645 3
7646 3
7647 3
7648 3
7649 2
7650 2
7651 3
7652 4
7653 4
7654 5
7655 9
7656 6
7657 6
7658 6
7659 6
7660 4
7661 5
7662 5
7663 3
7664 1
7665 1
7666 2
7667 2
7668 2
7669 3
7670 2
7671 1
7672 3
7673 2
7674 1
7675 2
7676 3
7677 2
7678 5
7679 4
7680 3
7681 1
7682 1
7683 4
7684 3
7685 3
7686 2
7687 2
7688 0
7689 2
7690 3
7691 2
7692 1
7693 0
7694 3
7695 3
7696 2
7697 2
7698 4
7699 2
7700 0
7701 2
7702 0
7703 2
7704 0
7705 4
7706 4
7707 3
7708 4
7709 4
7710 4
7711 5
7712 5
7713 6
7714 7
7715 6
7716 6
7717 7
7718 7
7719 6
7720 6
7721 5
7722 6
7723 5
7724 3
7725 2
7726 2
7727 2
7728 2
7729 1
7730 2
7731 2
7732 2
7733 1
7734 3
7735 1
7736 1
7737 0
7738 1
7739 2
7740 3
7741 3
7742 0
7743 1
7744 1
7745 0
7746 1
7747 3
7748 2
7749 2
7750 2
7751 3
7752 2
7753 0
7754 1
7755 1
7756 3
7757 3
7758 2
7759 1
7760 2
7761 1
7762 3
7763 0
7764 4
7765 3
7766 3
7767 1
7768 2
7769 1
7770 3
7771 1
7772 3
7773 2
7774 0
7775 2
7776 2
7777 1
7778 4
7779 5
7780 4
7781 4
7782 4
7783 3
7784 2
7785 2
7786 1
7787 3
7788 1
7789 0
7790 0
7791 1
7792 1
7793 2
7794 2
7795 3
7796 3
7797 4
7798 4
7799 4
7800 3
7801 3
7802 3
7803 3
7804 3
7805 2
7806 4
7807 4
7808 5
7809 4
7810 2
7811 0
7812 2
7813 1
7814 2
7815 1
7816 3
7817 2
7818 2
7819 0
7820 3
7821 0
7822 1
7823 2
7824 3
7825 1
7826 4
7827 4
7828 4
7829 4
7830 7
7831 4
7832 5
7833 5
7834 5
7835 3
7836 3
7837 1
7838 3
7839 1
7840 3
7841 0
7842 1
7843 1
7844 1
7845 1
7846 1
7847 1
7848 0
7849 4
7850 4
7851 1
7852 3
7853 2
7854 1
7855 0
7856 1
7857 3
7858 2
7859 1
7860 3
7861 4
7862 4
7863 2
7864 2
7865 1
7866 1
7867 0
7868 0
7869 0
7870 2
7871 3
7872 0
7873 1
7874 1
7875 2
7876 1
7877 2
7878 2
7879 4
7880 3
7881 1
7882 2
7883 1
7884 0
7885 1
7886 2
7887 4
7888 2
7889 2
7890 2
7891 0
7892 3
7893 4
7894 4
7895 2
7896 0
7897 0
7898 1
7899 2
7900 2
7901 0
7902 6
7903 4
7904 3
7905 1
7906 2
7907 3
7908 0
7909 1
7910 2
7911 3
7912 0
7913 1
7914 1
7915 2
7916 2
7917 1
7918 0
7919 1
7920 2
7921 1
7922 4
7923 4
7924 4
7925 4
7926 5
7927 5
7928 6
7929 5
7930 6
7931 3
7932 0
7933 4
7934 1
7935 2
7936 3
7937 1
7938 3
7939 3
7940 3
7941 2
7942 2
7943 3
7944 3
7945 4
7946 1
7947 2
7948 0
7949 0
7950 1
7951 1
7952 1
7953 4
7954 1
7955 2
7956 2
7957 3
7958 2
7959 2
7960 2
7961 3
7962 1
7963 1
7964 3
7965 2
7966 3
7967 1
7968 2
7969 3
7970 0
7971 2
7972 2
7973 4
7974 4
7975 3
7976 2
7977 4
7978 3
7979 2
7980 2
7981 1
7982 1
7983 2
7984 3
7985 3
7986 2
7987 2
7988 2
7989 1
7990 2
7991 4
7992 3
7993 1
7994 3
7995 3
7996 2
7997 6
7998 8
7999 11
8000 11
8001 11
8002 11
8003 11
8004 11
8005 11
8006 11
8007 11
8008 12
8009 12
8010 11
8011 11
8012 11
8013 10
8014 9
8015 10
8016 12
8017 12
8018 11
8019 10
8020 9
8021 8
8022 7
8023 7
8024 8
8025 8
8026 5
8027 2
8028 0
8029 0
8030 1
8031 0
8032 2
8033 2
8034 1
8035 3
8036 2
8037 1
8038 0
8039 3
8040 4
8041 2
8042 3
8043 3
8044 3
8045 2
8046 1
8047 3
8048 2
8049 3
8050 5
8051 5
8052 7
8053 7
8054 8
8055 6
8056 5
8057 4
8058 4
8059 3
8060 2
8061 1
8062 0
8063 0
8064 1
8065 0
8066 1
8067 2
8068 0
8069 4
8070 3
8071 4
8072 3
8073 1
8074 3
8075 3
8076 3
8077 2
8078 0
8079 3
8080 2
8081 4
8082 4
8083 2
8084 4
8085 4
8086 5
8087 3
8088 1
8089 2
8090 3
8091 2
8092 4
8093 2
8094 2
8095 1
8096 2
8097 1
8098 1
8099 2
8100 1
8101 0
8102 4
8103 2
8104 2
8105 2
8106 0
8107 1
8108 2
8109 2
8110 3
8111 3
8112 1
8113 3
8114 0
8115 2
8116 4
8117 3
8118 2
8119 3
8120 3
8121 2
8122 2
8123 3
8124 3
8125 2
8126 2
8127 0
8128 1
8129 4
8130 3
8131 2
8132 2
8133 4
8134 3
8135 1
8136 3
8137 2
8138 2
8139 0
8140 3
8141 1
8142 4
8143 5
8144 4
8145 4
8146 3
8147 3
8148 3
8149 3
8150 3
8151 0
8152 2
8153 3
8154 2
8155 3
8156 1
8157 2
8158 3
8159 4
8160 5
8161 3
8162 4
8163 5
8164 6
8165 4
8166 3
8167 2
8168 2
8169 3
8170 2
8171 0
8172 2
8173 0
8174 1
8175 1
8176 3
8177 3
8178 3
8179 0
8180 4
8181 2
8182 1
8183 1
8184 0
8185 1
8186 3
8187 1
8188 1
8189 0
8190 2
8191 3
8192 1
8193 1
8194 5
8195 5
8196 5
8197 4
8198 3
8199 2
8200 3
8201 4
8202 3
8203 2
8204 1
8205 0
8206 1
8207 1
8208 0
8209 1
8210 1
8211 1
8212 1
8213 0
8214 1
8215 2
8216 0
8217 2
8218 0
8219 0
8220 3
8221 2
8222 2
8223 1
8224 4
8225 2
8226 3
8227 2
8228 2
8229 2
8230 3
8231 1
8232 0
8233 1
8234 1
8235 2
8236 2
8237 3
8238 1
8239 4
8240 3
8241 2
8242 2
8243 2
8244 3
8245 1
8246 3
8247 1
8248 2
8249 3
8250 3
8251 3
8252 5
8253 6
8254 5
8255 5
8256 4
8257 4
8258 3
8259 2
8260 2
8261 2
8262 3
8263 2
8264 3
8265 3
8266 1
8267 4
8268 4
8269 3
8270 2
8271 0
8272 5
8273 4
8274 2
8275 1
8276 1
8277 0
8278 2
8279 1
8280 1
8281 2
8282 2
8283 2
8284 1
8285 3
8286 2
8287 1
8288 2
8289 1
8290 2
8291 1
8292 2
8293 2
8294 0
8295 3
8296 3
8297 2
8298 1
8299 1
8300 2
8301 3
8302 2
8303 5
8304 2
8305 1
8306 3
8307 1
8308 3
8309 2
8310 2
8311 1
8312 2
8313 4
8314 3
8315 2
8316 1
8317 1
8318 2
8319 3
8320 2
8321 3
8322 1
8323 3
8324 2
8325 2
8326 1
8327 3
8328 2
8329 2
8330 1
8331 0
8332 2
8333 4
8334 1
8335 2
8336 1
8337 0
8338 2
8339 2
8340 1
8341 2
8342 0
8343 3
8344 1
8345 3
8346 3
8347 0
8348 1
8349 3
8350 2
8351 0
8352 1
8353 0
8354 2
8355 2
8356 3
8357 0
8358 0
8359 1
8360 4
8361 3
8362 0
8363 2
8364 2
8365 3
8366 2
8367 1
8368 2
8369 3
8370 3
8371 2
8372 1
8373 2
8374 3
8375 1
8376 1
8377 3
8378 2
8379 1
8380 4
8381 3
8382 2
8383 2
8384 1
8385 2
8386 2
8387 3
8388 3
8389 2
8390 0
8391 1
8392 3
8393 2
8394 0
8395 2
8396 1
8397 1
8398 0
8399 0
8400 2
8401 3
8402 0
8403 4
8404 6
8405 5
8406 5
8407 3
8408 1
8409 2
8410 1
8411 0
8412 4
8413 2
8414 0
8415 2
8416 1
8417 1
8418 1
8419 3
8420 2
8421 3
8422 2
8423 2
8424 1
8425 2
8426 1
8427 0
8428 2
8429 0
8430 2
8431 0
8432 3
8433 2
8434 0
8435 2
8436 3
8437 1
8438 3
8439 4
8440 3
8441 4
8442 4
8443 6
8444 6
8445 6
8446 7
8447 7
8448 6
8449 6
8450 4
8451 3
8452 1
8453 2
8454 3
8455 1
8456 3
8457 4
8458 3
8459 3
8460 1
8461 2
8462 1
8463 2
8464 3
8465 2
8466 1
8467 2
8468 2
8469 0
8470 1
8471 0
8472 4
8473 2
8474 2
8475 1
8476 4
8477 1
8478 2
8479 3
8480 5
8481 5
8482 4
8483 3
8484 1
8485 0
8486 4
8487 4
8488 4
8489 3
8490 4
8491 3
8492 0
8493 3
8494 0
8495 3
8496 2
8497 3
8498 2
8499 2
8500 2
8501 4
8502 4
8503 2
8504 1
8505 0
8506 3
8507 1
8508 2
8509 2
8510 2
8511 5
8512 4
8513 3
8514 3
8515 5
8516 5
8517 4
8518 4
8519 4
8520 7
8521 5
8522 5
8523 2
8524 1
8525 2
8526 2
8527 1
8528 4
8529 3
8530 1
8531 1
8532 1
8533 1
8534 3
8535 1
8536 2
8537 2
8538 3
8539 3
8540 2
8541 3
8542 0
8543 2
8544 2
8545 4
8546 2
8547 3
8548 3
8549 4
8550 4
8551 4
8552 3
8553 2
8554 2
8555 2
8556 4
8557 4
8558 4
8559 4
8560 4
8561 4
8562 4
8563 3
8564 3
8565 0
8566 1
8567 0
8568 1
8569 1
8570 0
8571 4
8572 4
8573 3
8574 2
8575 0
8576 1
8577 1
8578 1
8579 0
8580 5
8581 4
8582 3
8583 1
8584 1
8585 2
8586 2
8587 2
8588 1
8589 3
8590 2
8591 3
8592 1
8593 3
8594 2
8595 3
8596 5
8597 4
8598 1
8599 3
8600 4
8601 3
8602 1
8603 2
8604 1
8605 0
8606 0
8607 2
8608 1
8609 0
8610 1
8611 2
8612 2
8613 2
8614 1
8615 3
8616 1
8617 1
8618 3
8619 2
8620 1
8621 1
8622 5
8623 3
8624 3
8625 3
8626 1
8627 1
8628 0
8629 2
8630 0
8631 2
8632 1
8633 1
8634 1
8635 2
8636 0
8637 1
8638 3
8639 0
8640 2
8641 1
8642 1
8643 2
8644 0
8645 2
8646 1
8647 2
8648 2
8649 4
8650 3
8651 5
8652 3
8653 1
8654 1
8655 1
8656 2
8657 3
8658 1
8659 0
8660 2
8661 1
8662 3
8663 1
8664 4
8665 3
8666 1
8667 0
8668 4
8669 3
8670 2
8671 1
8672 3
8673 0
8674 2
8675 5
8676 6
8677 6
8678 5
8679 6
8680 6
8681 3
8682 2
8683 6
8684 7
8685 8
8686 6
8687 6
8688 6
8689 5
8690 6
8691 4
8692 3
8693 2
8694 1
8695 3
8696 5
8697 5
8698 3
8699 1
8700 1
8701 1
8702 2
8703 2
8704 4
8705 4
8706 1
8707 3
8708 1
8709 3
8710 1
8711 1
8712 2
8713 3
8714 2
8715 3
8716 1
8717 1
8718 2
8719 3
8720 4
8721 2
8722 0
8723 3
8724 2
8725 2
8726 2
8727 2
8728 2
8729 0
8730 1
8731 2
8732 2
8733 0
8734 1
8735 2
8736 0
8737 2
8738 4
8739 3
8740 1
8741 2
8742 4
8743 4
8744 4
8745 2
8746 2
8747 1
8748 2
8749 3
8750 2
8751 0
8752 1
8753 2
8754 2
8755 4
8756 4
8757 3
8758 4
8759 5
8760 3
8761 3
8762 1
8763 1
8764 5
8765 5
8766 5
8767 4
8768 3
8769 2
8770 3
8771 4
8772 6
8773 8
8774 8
8775 8
8776 11
8777 11
8778 12
8779 10
8780 9
8781 7
8782 7
8783 6
8784 5
8785 4
8786 1
8787 1
8788 1
8789 1
8790 2
8791 1
8792 1
8793 3
8794 1
8795 1
8796 1
8797 3
8798 2
8799 1
8800 0
8801 1
8802 2
8803 1
8804 1
8805 2
8806 1
8807 2
8808 2
8809 2
8810 2
8811 2
8812 3
8813 3
8814 1
8815 3
8816 2
8817 3
8818 2
8819 1
8820 3
8821 3
8822 3
8823 1
8824 2
8825 2
8826 0
8827 3
8828 3
8829 2
8830 2
8831 2
8832 1
8833 0
8834 3
8835 3
8836 0
8837 0
8838 2
8839 1
8840 3
8841 2
8842 5
8843 4
8844 4
8845 3
8846 0
8847 2
8848 1
8849 1
8850 2
8851 2
8852 1
8853 2
8854 1
8855 0
8856 2
8857 1
8858 0
8859 1
8860 1
8861 3
8862 1
8863 3
8864 2
8865 2
8866 2
8867 1
8868 1
8869 3
8870 3
8871 1
8872 3
8873 2
8874 1
8875 1
8876 2
8877 3
8878 2
8879 2
8880 3
8881 3
8882 2
8883 3
8884 3
8885 1
8886 0
8887 1
8888 0
8889 3
8890 1
8891 1
8892 1
8893 3
8894 2
8895 1
8896 1
8897 1
8898 4
8899 3
8900 3
8901 4
8902 1
8903 2
8904 4
8905 4
8906 4
8907 2
8908 0
8909 0
8910 1
8911 1
8912 2
8913 2
8914 3
8915 3
8916 3
8917 3
8918 5
8919 8
8920 7
8921 5
8922 3
8923 2
8924 2
8925 3
8926 3
8927 1
8928 3
8929 1
8930 2
8931 3
8932 2
8933 1
8934 1
8935 3
8936 2
8937 1
8938 2
8939 2
8940 0
8941 1
8942 1
8943 0
8944 1
8945 1
8946 2
8947 1
8948 2
8949 2
8950 1
8951 2
8952 1
8953 3
8954 3
8955 1
8956 1
8957 5
8958 3
8959 2
8960 2
8961 0
8962 0
8963 0
8964 2
8965 2
8966 1
8967 3
8968 2
8969 4
8970 4
8971 3
8972 3
8973 3
8974 1
8975 2
8976 0
8977 3
8978 2
8979 3
8980 1
8981 3
8982 2
8983 2
8984 5
8985 4
8986 2
8987 1
8988 1
8989 2
8990 0
8991 2
8992 1
8993 1
8994 2
8995 0
8996 2
8997 4
8998 3
8999 0
9000 2
9001 5
9002 3
9003 3
9004 3
9005 0
9006 2
9007 3
9008 5
9009 2
9010 3
9011 3
9012 3
9013 2
9014 4
9015 2
9016 2
9017 2
9018 3
9019 3
9020 1
9021 0
9022 1
9023 2
9024 3
9025 5
9026 4
9027 2
9028 4
9029 3
9030 2
9031 3
9032 2
9033 2
9034 2
9035 1
9036 2
9037 2
9038 3
9039 1
9040 5
9041 3
9042 2
9043 1
9044 1
9045 5
9046 4
9047 3
9048 0
9049 2
9050 4
9051 5
9052 5
9053 3
9054 2
9055 0
9056 3
9057 0
9058 3
9059 1
9060 0
9061 3
9062 1
9063 3
9064 3
9065 3
9066 2
9067 3
9068 1
9069 1
9070 1
9071 0
9072 3
9073 2
9074 2
9075 2
9076 0
9077 3
9078 1
9079 4
9080 1
9081 1
9082 3
9083 2
9084 0
9085 2
9086 0
9087 2
9088 2
9089 2
9090 2
9091 2
9092 3
9093 2
9094 1
9095 2
9096 5
9097 3
9098 2
9099 1
9100 3
9101 1
9102 2
9103 1
9104 2
9105 1
9106 1
9107 2
9108 1
9109 2
9110 2
9111 3
9112 3
9113 3
9114 3
9115 1
9116 1
9117 1
9118 2
9119 1
9120 2
9121 3
9122 4
9123 2
9124 0
9125 2
9126 2
9127 2
9128 3
9129 2
9130 0
9131 1
9132 1
9133 1
9134 6
9135 5
9136 3
9137 1
9138 0
9139 2
9140 0
9141 5
9142 3
9143 4
9144 3
9145 3
9146 1
9147 4
9148 2
9149 2
9150 3
9151 3
9152 4
9153 4
9154 4
9155 2
9156 3
9157 2
9158 4
9159 2
9160 2
9161 3
9162 5
9163 4
9164 3
9165 1
9166 2
9167 1
9168 2
9169 2
9170 2
9171 1
9172 7
9173 5
9174 3
9175 2
9176 3
9177 1
9178 2
9179 4
9180 3
9181 1
9182 1
9183 3
9184 0
9185 5
9186 5
9187 5
9188 4
9189 5
9190 5
9191 5
9192 5
9193 5
9194 2
9195 2
9196 0
9197 1
9198 1
9199 2
9200 2
9201 5
9202 2
9203 1
9204 2
9205 1
9206 2
9207 2
9208 1
9209 3
9210 2
9211 1
9212 1
9213 3
9214 4
9215 2
9216 2
9217 1
9218 3
9219 2
9220 4
9221 2
9222 2
9223 3
9224 2
9225 2
9226 3
9227 3
9228 3
9229 2
9230 1
9231 1
9232 2
9233 3
9234 2
9235 2
9236 4
9237 3
9238 3
9239 1
9240 5
9241 5
9242 4
9243 3
9244 0
9245 0
9246 0
9247 2
9248 2
9249 1
9250 2
9251 1
9252 1
9253 1
9254 1
9255 2
9256 3
9257 1
9258 0
9259 0
9260 2
9261 0
9262 0
9263 0
9264 4
9265 2
9266 2
9267 3
9268 2
9269 3
9270 2
9271 3
9272 5
9273 6
9274 5
9275 3
9276 3
9277 3
9278 1
9279 2
9280 1
9281 3
9282 2
9283 1
9284 1
9285 1
9286 3
9287 3
9288 4
9289 3
9290 2
9291 2
9292 2
9293 2
9294 3
9295 3
9296 4
9297 2
9298 0
9299 3
9300 4
9301 3
9302 2
9303 1
9304 3
9305 4
9306 4
9307 4
9308 2
9309 1
9310 1
9311 1
9312 1
9313 2
9314 4
9315 3
9316 1
9317 3
9318 3
9319 1
9320 2
9321 2
9322 3
9323 0
9324 2
9325 2
9326 3
9327 1
9328 2
9329 2
9330 1
9331 3
9332 4
9333 3
9334 4
9335 4
9336 2
9337 0
9338 2
9339 0
9340 2
9341 1
9342 0
9343 3
9344 0
9345 0
9346 1
9347 3
9348 2
9349 1
9350 1
9351 2
9352 4
9353 4
9354 5
9355 5
9356 3
9357 4
9358 4
9359 4
9360 1
9361 1
9362 0
9363 1
9364 3
9365 0
9366 1
9367 2
9368 1
9369 1
9370 2
9371 3
9372 2
9373 3
9374 4
9375 4
9376 2
9377 2
9378 1
9379 3
9380 3
9381 3
9382 3
9383 2
9384 2
9385 1
9386 1
9387 3
9388 2
9389 3
9390 0
9391 0
9392 0
9393 0
9394 3
9395 0
9396 3
9397 1
9398 1
9399 0
9400 0
9401 1
9402 1
9403 3
9404 3
9405 2
9406 2
9407 1
9408 1
9409 1
9410 2
9411 4
9412 1
9413 4
9414 2
9415 4
9416 3
9417 1
9418 3
9419 4
9420 3
9421 4
9422 3
9423 4
9424 5
9425 2
9426 2
9427 3
9428 3
9429 4
9430 4
9431 4
9432 2
9433 2
9434 3
9435 1
9436 3
9437 2
9438 4
9439 3
9440 2
9441 1
9442 1
9443 0
9444 3
9445 1
9446 0
9447 0
9448 2
9449 3
9450 2
9451 2
9452 3
9453 2
9454 1
9455 1
9456 1
9457 4
9458 4
9459 4
9460 4
9461 4
9462 4
9463 4
9464 3
9465 3
9466 2
9467 3
9468 2
9469 1
9470 1
9471 3
9472 0
9473 0
9474 2
9475 1
9476 0
9477 5
9478 2
9479 2
9480 0
9481 2
9482 2
9483 2
9484 2
9485 1
9486 4
9487 2
9488 1
9489 2
9490 2
9491 1
9492 3
9493 0
9494 5
9495 2
9496 1
9497 2
9498 2
9499 1
9500 1
9501 0
9502 1
9503 2
9504 2
9505 2
9506 4
9507 3
9508 1
9509 2
9510 2
9511 3
9512 2
9513 2
9514 0
9515 1
9516 2
9517 0
9518 3
9519 0
9520 2
9521 3
9522 2
9523 2
9524 1
9525 2
9526 3
9527 1
9528 0
9529 3
9530 1
9531 2
9532 3
9533 3
9534 7
9535 6
9536 6
9537 6
9538 7
9539 10
9540 11
9541 10
9542 8
9543 7
9544 6
9545 4
9546 3
9547 1
9548 3
9549 0
9550 0
9551 1
9552 3
9553 3
9554 3
9555 3
9556 2
9557 3
9558 2
9559 1
9560 2
9561 1
9562 1
9563 0
9564 0
9565 1
9566 0
9567 1
9568 2
9569 2
9570 0
9571 2
9572 1
9573 2
9574 2
9575 0
9576 1
9577 2
9578 1
9579 2
9580 2
9581 1
9582 2
9583 2
9584 3
9585 3
9586 2
9587 1
9588 1
9589 3
9590 2
9591 2
9592 0
9593 2
9594 2
9595 2
9596 1
9597 0
9598 3
9599 4
9600 2
9601 1
9602 1
9603 3
9604 2
9605 4
9606 3
9607 4
9608 2
9609 2
9610 2
9611 3
9612 2
9613 3
9614 2
9615 3
9616 2
9617 5
9618 4
9619 3
9620 3
9621 4
9622 5
9623 5
9624 4
9625 2
9626 3
9627 2
9628 3
9629 3
9630 2
9631 3
9632 3
9633 3
9634 3
9635 0
9636 1
9637 1
9638 0
9639 2
9640 1
9641 0
9642 3
9643 3
9644 2
9645 0
9646 3
9647 2
9648 4
9649 4
9650 3
9651 1
9652 3
9653 2
9654 1
9655 1
9656 2
9657 1
9658 4
9659 4
9660 4
9661 3
9662 1
9663 3
9664 1
9665 3
9666 2
9667 2
9668 1
9669 0
9670 1
9671 2
9672 0
9673 1
9674 0
9675 2
9676 3
9677 1
9678 0
9679 5
9680 5
9681 5
9682 5
9683 6
9684 5
9685 3
9686 0
9687 3
9688 2
9689 2
9690 2
9691 3
9692 5
9693 3
9694 1
9695 1
9696 3
9697 1
9698 2
9699 3
9700 3
9701 4
9702 3
9703 2
9704 0
9705 3
9706 2
9707 4
9708 3
9709 1
9710 1
9711 1
9712 1
9713 1
9714 3
9715 0
9716 4
9717 2
9718 0
9719 1
9720 6
9721 6
9722 4
9723 1
9724 1
9725 0
9726 0
9727 2
9728 2
9729 1
9730 3
9731 2
9732 1
9733 3
9734 2
9735 3
9736 3
9737 3
9738 0
9739 3
9740 1
9741 1
9742 0
9743 2
9744 3
9745 0
9746 2
9747 2
9748 2
9749 3
9750 1
9751 1
9752 1
9753 3
9754 1
9755 1
9756 2
9757 5
9758 4
9759 2
9760 2
9761 5
9762 3
9763 3
9764 1
9765 2
9766 3
9767 3
9768 2
9769 2
9770 1
9771 1
9772 1
9773 0
9774 1
9775 0
9776 1
9777 0
9778 0
9779 5
9780 4
9781 5
9782 2
9783 3
9784 2
9785 3
9786 1
9787 1
9788 2
9789 2
9790 4
9791 4
9792 4
9793 3
9794 2
9795 3
9796 4
9797 4
9798 4
9799 3
9800 4
9801 3
9802 3
9803 1
9804 4
9805 5
9806 5
9807 3
9808 2
9809 4
9810 3
9811 1
9812 3
9813 3
9814 3
9815 2
9816 2
9817 2
9818 3
9819 2
9820 3
9821 3
9822 2
9823 3
9824 1
9825 1
9826 2
9827 4
9828 4
9829 4
9830 5
9831 5
9832 4
9833 4
9834 4
9835 2
9836 1
9837 1
9838 1
9839 2
9840 1
9841 0
9842 1
9843 1
9844 2
9845 3
9846 1
9847 2
9848 3
9849 1
9850 2
9851 0
9852 2
9853 3
9854 4
9855 3
9856 1
9857 3
9858 1
9859 2
9860 1
9861 1
9862 2
9863 2
9864 2
9865 1
9866 2
9867 0
9868 1
9869 1
9870 0
9871 2
9872 2
9873 2
9874 3
9875 4
9876 4
9877 3
9878 4
9879 4
9880 2
9881 1
9882 2
9883 1
9884 1
9885 0
9886 2
9887 2
9888 0
9889 2
9890 2
9891 2
9892 1
9893 3
9894 2
9895 1
9896 3
9897 3
9898 0
9899 3
9900 3
9901 1
9902 3
9903 3
9904 2
9905 2
9906 3
9907 2
9908 2
9909 2
9910 3
9911 2
9912 1
9913 2
9914 0
9915 1
9916 1
9917 1
9918 1
9919 0
9920 3
9921 2
9922 0
9923 1
9924 0
9925 1
9926 1
9927 1
9928 2
9929 0
9930 4
9931 4
9932 2
9933 1
9934 3
9935 2
9936 2
9937 2
9938 3
9939 2
9940 1
9941 2
9942 2
9943 1
9944 2
9945 2
9946 3
9947 2
9948 2
9949 3
9950 1
9951 1
9952 2
9953 2
9954 1
9955 4
9956 3
9957 1
9958 2
9959 3
9960 0
9961 3
9962 1
9963 2
9964 0
9965 1
9966 2
9967 1
9968 2
9969 1
9970 4
9971 3
9972 2
9973 4
9974 5
9975 3
9976 2
9977 1
9978 2
9979 2
9980 2
9981 4
9982 3
9983 3
9984 2
9985 3
9986 0
9987 3
9988 3
9989 2
9990 3
9991 1
9992 3
9993 2
9994 0
9995 4
9996 5
9997 2
9998 0
9999 1
