0 0
1 0
2 0
3 0
4 1
5 0
6 3
7 1
8 0
9 2
10 2
11 0
12 2
13 3
14 0
15 0
16 0
17 2
18 3
19 2
20 3
21 4
22 4
23 2
24 1
25 0
26 0
27 0
28 0
29 0
30 1
31 5
32 4
33 4
34 5
35 4
36 4
37 3
38 1
39 2
40 2
41 2
42 2
43 3
44 1
45 1
46 2
47 0
48 1
49 0
50 1
51 2
52 3
53 1
54 2
55 2
56 3
57 2
58 1
59 1
60 2
61 1
62 1
63 0
64 0
65 2
66 1
67 2
68 0
69 2
70 1
71 2
72 3
73 2
74 2
75 1
76 1
77 3
78 2
79 1
80 2
81 3
82 2
83 2
84 0
85 1
86 1
87 5
88 3
89 4
90 2
91 1
92 2
93 1
94 1
95 1
96 0
97 1
98 2
99 0
100 3
101 1
102 1
103 2
104 1
105 4
106 5
107 5
108 5
109 4
110 1
111 2
112 3
113 1
114 3
115 0
116 4
117 1
118 1
119 4
120 3
121 2
122 2
123 0
124 2
125 1
126 2
127 2
128 2
129 4
130 4
131 3
132 2
133 2
134 4
135 3
136 5
137 4
138 2
139 0
140 2
141 1
142 0
143 2
144 1
145 2
146 0
147 3
148 1
149 0
150 3
151 2
152 1
153 0
154 2
155 1
156 0
157 3
158 2
159 1
160 2
161 1
162 4
163 4
164 1
165 2
166 2
167 2
168 4
169 3
170 1
171 1
172 0
173 1
174 1
175 0
176 1
177 1
178 1
179 1
180 0
181 0
182 1
183 2
184 1
185 2
186 0
187 2
188 0
189 1
190 0
191 1
192 1
193 2
194 3
195 1
196 2
197 2
198 2
199 2
200 2
201 2
202 2
203 4
204 4
205 2
206 2
207 3
208 1
209 2
210 5
211 9
212 9
213 6
214 3
215 0
216 0
217 2
218 1
219 1
220 3
221 2
222 1
223 2
224 1
225 1
226 0
227 0
228 1
229 0
230 1
231 1
232 2
233 4
234 2
235 1
236 2
237 1
238 1
239 2
240 2
241 2
242 3
243 1
244 1
245 1
246 2
247 1
248 2
249 2
250 2
251 1
252 2
253 0
254 1
255 2
256 0
257 1
258 5
259 3
260 3
261 1
262 0
263 2
264 0
265 2
266 0
267 2
268 1
269 1
270 2
271 1
272 3
273 3
274 0
275 3
276 1
277 0
278 0
279 1
280 3
281 2
282 1
283 2
284 4
285 1
286 3
287 3
288 1
289 1
290 0
291 2
292 4
293 3
294 1
295 3
296 1
297 0
298 2
299 2
300 0
301 3
302 2
303 0
304 2
305 3
306 1
307 1
308 2
309 1
310 1
311 3
312 1
313 5
314 3
315 2
316 3
317 3
318 2
319 1
320 1
321 0
322 1
323 2
324 0
325 1
326 0
327 1
328 2
329 1
330 0
331 0
332 1
333 1
334 1
335 1
336 1
337 3
338 1
339 2
340 3
341 1
342 1
343 2
344 2
345 1
346 2
347 1
348 2
349 0
350 1
351 0
352 2
353 1
354 0
355 2
356 3
357 1
358 1
359 1
360 3
361 3
362 1
363 1
364 3
365 2
366 1
367 2
368 0
369 1
370 1
371 2
372 3
373 1
374 3
375 1
376 2
377 3
378 1
379 3
380 1
381 3
382 4
383 4
384 1
385 0
386 0
387 1
388 0
389 0
390 1
391 1
392 1
393 1
394 2
395 1
396 1
397 2
398 1
399 3
400 2
401 3
402 2
403 5
404 2
405 2
406 3
407 2
408 1
409 1
410 2
411 1
412 0
413 0
414 1
415 1
416 1
417 2
418 2
419 0
420 1
421 1
422 2
423 2
424 1
425 1
426 2
427 1
428 3
429 2
430 4
431 5
432 5
433 3
434 1
435 1
436 1
437 1
438 1
439 2
440 1
441 2
442 1
443 0
444 1
445 3
446 1
447 1
448 2
449 2
450 0
451 0
452 4
453 4
454 3
455 2
456 0
457 1
458 2
459 1
460 2
461 2
462 3
463 2
464 0
465 1
466 2
467 2
468 4
469 3
470 2
471 1
472 0
473 0
474 1
475 2
476 2
477 2
478 2
479 2
480 1
481 3
482 1
483 4
484 4
485 3
486 3
487 1
488 3
489 2
490 1
491 4
492 2
493 1
494 2
495 0
496 0
497 1
498 1
499 1
500 3
501 2
502 1
503 0
504 0
505 3
506 3
507 2
508 1
509 0
510 1
511 3
512 1
513 1
514 1
515 1
516 1
517 2
518 2
519 4
520 4
521 4
522 5
523 5
524 5
525 5
526 4
527 2
528 4
529 1
530 2
531 2
532 0
533 1
534 1
535 0
536 1
537 3
538 2
539 2
540 1
541 0
542 1
543 3
544 1
545 1
546 5
547 5
548 4
549 5
550 3
551 2
552 2
553 3
554 2
555 1
556 3
557 3
558 2
559 0
560 0
561 0
562 3
563 3
564 2
565 2
566 2
567 1
568 1
569 2
570 0
571 2
572 3
573 1
574 2
575 3
576 1
577 1
578 3
579 1
580 1
581 0
582 2
583 1
584 2
585 1
586 2
587 1
588 0
589 0
590 2
591 2
592 4
593 2
594 2
595 2
596 2
597 1
598 2
599 0
600 2
601 2
602 1
603 2
604 1
605 0
606 2
607 1
608 0
609 3
610 3
611 4
612 3
613 1
614 0
615 1
616 0
617 4
618 2
619 0
620 2
621 0
622 1
623 3
624 2
625 2
626 0
627 0
628 2
629 3
630 3
631 1
632 1
633 3
634 2
635 1
636 0
637 3
638 2
639 1
640 2
641 0
642 0
643 2
644 1
645 2
646 4
647 3
648 3
649 2
650 2
651 5
652 2
653 2
654 1
655 3
656 0
657 1
658 1
659 0
660 1
661 1
662 0
663 2
664 2
665 1
666 2
667 4
668 2
669 2
670 2
671 1
672 4
673 2
674 2
675 3
676 0
677 0
678 1
679 0
680 3
681 0
682 0
683 1
684 0
685 3
686 1
687 1
688 3
689 0
690 2
691 2
692 1
693 2
694 1
695 2
696 0
697 3
698 3
699 2
700 1
701 3
702 1
703 2
704 1
705 0
706 1
707 2
708 2
709 2
710 2
711 0
712 0
713 1
714 0
715 1
716 0
717 3
718 2
719 3
720 2
721 0
722 2
723 1
724 0
725 1
726 0
727 1
728 1
729 1
730 0
731 2
732 2
733 3
734 1
735 2
736 1
737 1
738 3
739 3
740 1
741 2
742 1
743 2
744 3
745 3
746 3
747 2
748 1
749 2
750 0
751 2
752 1
753 3
754 1
755 3
756 3
757 1
758 2
759 1
760 0
761 1
762 0
763 1
764 1
765 1
766 1
767 2
768 3
769 2
770 3
771 1
772 2
773 1
774 2
775 4
776 4
777 5
778 4
779 3
780 0
781 1
782 0
783 0
784 1
785 1
786 1
787 1
788 0
789 2
790 1
791 2
792 2
793 1
794 2
795 1
796 4
797 4
798 2
799 0
800 0
801 2
802 1
803 3
804 2
805 3
806 1
807 2
808 1
809 0
810 0
811 1
812 0
813 0
814 0
815 1
816 1
817 1
818 0
819 1
820 3
821 1
822 4
823 5
824 4
825 3
826 2
827 3
828 1
829 2
830 3
831 3
832 2
833 1
834 3
835 3
836 2
837 3
838 1
839 3
840 1
841 1
842 2
843 1
844 1
845 1
846 3
847 1
848 1
849 0
850 2
851 2
852 0
853 3
854 1
855 1
856 1
857 3
858 1
859 2
860 2
861 2
862 3
863 2
864 2
865 2
866 1
867 1
868 3
869 2
870 1
871 1
872 0
873 3
874 1
875 3
876 2
877 0
878 0
879 2
880 0
881 1
882 2
883 0
884 0
885 3
886 1
887 0
888 1
889 1
890 2
891 1
892 0
893 3
894 2
895 0
896 3
897 1
898 1
899 3
900 1
901 2
902 1
903 2
904 0
905 2
906 3
907 4
908 2
909 4
910 2
911 2
912 3
913 3
914 2
915 0
916 2
917 1
918 3
919 2
920 4
921 3
922 1
923 0
924 2
925 1
926 3
927 2
928 1
929 1
930 2
931 1
932 0
933 2
934 1
935 2
936 2
937 2
938 2
939 1
940 2
941 1
942 3
943 2
944 0
945 0
946 0
947 2
948 1
949 2
950 0
951 1
952 3
953 2
954 1
955 0
956 3
957 2
958 3
959 3
960 2
961 2
962 2
963 2
964 2
965 1
966 3
967 0
968 3
969 3
970 3
971 2
972 4
973 3
974 0
975 0
976 1
977 0
978 1
979 2
980 2
981 3
982 2
983 1
984 1
985 1
986 2
987 2
988 2
989 2
990 2
991 2
992 1
993 1
994 0
995 1
996 3
997 2
998 1
999 1
1000 1
1001 1
1002 0
1003 0
1004 2
1005 2
1006 1
1007 3
1008 1
1009 3
1010 2
1011 0
1012 2
1013 1
1014 4
1015 1
1016 0
1017 1
1018 3
1019 2
1020 0
1021 1
1022 1
1023 0
1024 0
1025 1
1026 1
1027 1
1028 2
1029 3
1030 1
1031 2
1032 2
1033 0
1034 4
1035 1
1036 1
1037 2
1038 3
1039 0
1040 1
1041 2
1042 2
1043 2
1044 0
1045 2
1046 1
1047 1
1048 1
1049 4
1050 4
1051 2
1052 0
1053 1
1054 0
1055 2
1056 0
1057 0
1058 0
1059 1
1060 2
1061 2
1062 1
1063 0
1064 2
1065 4
1066 2
1067 1
1068 2
1069 3
1070 1
1071 1
1072 2
1073 2
1074 0
1075 1
1076 1
1077 0
1078 0
1079 3
1080 2
1081 1
1082 0
1083 1
1084 1
1085 2
1086 2
1087 2
1088 3
1089 3
1090 1
1091 0
1092 2
1093 1
1094 2
1095 0
1096 0
1097 2
1098 1
1099 0
1100 2
1101 1
1102 3
1103 2
1104 1
1105 3
1106 1
1107 2
1108 1
1109 2
1110 1
1111 0
1112 0
1113 0
1114 1
1115 3
1116 1
1117 1
1118 2
1119 0
1120 0
1121 2
1122 2
1123 0
1124 1
1125 0
1126 3
1127 1
1128 3
1129 1
1130 4
1131 2
1132 1
1133 1
1134 1
1135 2
1136 1
1137 1
1138 3
1139 1
1140 3
1141 1
1142 2
1143 1
1144 0
1145 3
1146 2
1147 4
1148 4
1149 4
1150 4
1151 3
1152 0
1153 2
1154 4
1155 3
1156 2
1157 2
1158 2
1159 2
1160 2
1161 2
1162 1
1163 2
1164 0
1165 1
1166 2
1167 3
1168 0
1169 0
1170 0
1171 1
1172 3
1173 0
1174 2
1175 1
1176 0
1177 2
1178 2
1179 1
1180 1
1181 2
1182 4
1183 4
1184 2
1185 1
1186 3
1187 2
1188 2
1189 2
1190 3
1191 2
1192 5
1193 4
1194 5
1195 6
1196 6
1197 4
1198 2
1199 1
1200 0
1201 1
1202 2
1203 0
1204 2
1205 2
1206 1
1207 2
1208 1
1209 3
1210 2
1211 3
1212 4
1213 4
1214 3
1215 3
1216 1
1217 4
1218 1
1219 0
1220 2
1221 1
1222 1
1223 2
1224 0
1225 3
1226 1
1227 3
1228 2
1229 0
1230 2
1231 0
1232 0
1233 0
1234 4
1235 4
1236 3
1237 3
1238 2
1239 0
1240 2
1241 0
1242 1
1243 1
1244 2
1245 2
1246 0
1247 3
1248 1
1249 0
1250 1
1251 1
1252 4
1253 3
1254 1
1255 3
1256 0
1257 2
1258 2
1259 2
1260 1
1261 3
1262 2
1263 1
1264 0
1265 2
1266 2
1267 3
1268 2
1269 2
1270 2
1271 0
1272 1
1273 0
1274 2
1275 2
1276 2
1277 2
1278 0
1279 2
1280 2
1281 1
1282 0
1283 0
1284 3
1285 2
1286 1
1287 1
1288 2
1289 0
1290 0
1291 0
1292 0
1293 0
1294 2
1295 2
1296 1
1297 0
1298 1
1299 3
1300 3
1301 2
1302 1
1303 1
1304 4
1305 4
1306 2
1307 1
1308 1
1309 1
1310 2
1311 1
1312 3
1313 0
1314 1
1315 1
1316 1
1317 2
1318 4
1319 4
1320 3
1321 0
1322 2
1323 2
1324 1
1325 1
1326 3
1327 1
1328 1
1329 2
1330 3
1331 1
1332 2
1333 1
1334 1
1335 0
1336 2
1337 0
1338 2
1339 0
1340 2
1341 1
1342 2
1343 2
1344 0
1345 3
1346 0
1347 2
1348 2
1349 2
1350 3
1351 2
1352 2
1353 2
1354 3
1355 1
1356 2
1357 3
1358 3
1359 1
1360 1
1361 0
1362 0
1363 2
1364 0
1365 0
1366 4
1367 4
1368 2
1369 0
1370 1
1371 3
1372 2
1373 1
1374 1
1375 1
1376 2
1377 3
1378 1
1379 3
1380 2
1381 1
1382 0
1383 0
1384 1
1385 1
1386 0
1387 0
1388 0
1389 1
1390 2
1391 1
1392 0
1393 1
1394 1
1395 0
1396 1
1397 0
1398 0
1399 3
1400 2
1401 0
1402 2
1403 2
1404 2
1405 1
1406 2
1407 1
1408 2
1409 3
1410 0
1411 3
1412 2
1413 1
1414 0
1415 1
1416 1
1417 1
1418 0
1419 2
1420 3
1421 2
1422 1
1423 2
1424 4
1425 2
1426 4
1427 3
1428 2
1429 3
1430 1
1431 2
1432 0
1433 0
1434 3
1435 1
1436 0
1437 1
1438 1
1439 3
1440 2
1441 2
1442 2
1443 1
1444 2
1445 3
1446 2
1447 1
1448 4
1449 4
1450 3
1451 3
1452 2
1453 2
1454 1
1455 3
1456 2
1457 4
1458 4
1459 1
1460 1
1461 1
1462 0
1463 0
1464 1
1465 0
1466 1
1467 3
1468 1
1469 3
1470 0
1471 2
1472 1
1473 4
1474 3
1475 3
1476 1
1477 2
1478 1
1479 1
1480 3
1481 0
1482 1
1483 3
1484 0
1485 2
1486 0
1487 0
1488 4
1489 2
1490 2
1491 1
1492 0
1493 0
1494 1
1495 2
1496 3
1497 0
1498 2
1499 1
1500 2
1501 3
1502 2
1503 2
1504 1
1505 2
1506 0
1507 2
1508 4
1509 2
1510 0
1511 0
1512 3
1513 3
1514 2
1515 0
1516 1
1517 0
1518 1
1519 1
1520 1
1521 0
1522 4
1523 4
1524 4
1525 3
1526 1
1527 2
1528 1
1529 1
1530 0
1531 0
1532 0
1533 0
1534 1
1535 1
1536 2
1537 3
1538 2
1539 3
1540 2
1541 0
1542 2
1543 1
1544 3
1545 3
1546 2
1547 2
1548 2
1549 3
1550 2
1551 2
1552 2
1553 1
1554 1
1555 1
1556 1
1557 1
1558 2
1559 1
1560 1
1561 1
1562 2
1563 1
1564 3
1565 0
1566 0
1567 3
1568 2
1569 2
1570 2
1571 1
1572 3
1573 3
1574 2
1575 1
1576 3
1577 1
1578 1
1579 1
1580 2
1581 1
1582 0
1583 2
1584 3
1585 1
1586 4
1587 4
1588 3
1589 0
1590 0
1591 1
1592 0
1593 1
1594 1
1595 4
1596 3
1597 1
1598 3
1599 1
1600 1
1601 0
1602 2
1603 2
1604 3
1605 2
1606 3
1607 2
1608 2
1609 1
1610 3
1611 2
1612 2
1613 4
1614 5
1615 3
1616 0
1617 0
1618 0
1619 0
1620 1
1621 1
1622 1
1623 1
1624 2
1625 1
1626 2
1627 1
1628 1
1629 3
1630 2
1631 2
1632 2
1633 3
1634 3
1635 4
1636 1
1637 2
1638 0
1639 0
1640 3
1641 2
1642 4
1643 2
1644 2
1645 0
1646 5
1647 3
1648 2
1649 0
1650 2
1651 2
1652 2
1653 2
1654 3
1655 2
1656 2
1657 1
1658 1
1659 2
1660 1
1661 0
1662 1
1663 2
1664 4
1665 2
1666 1
1667 1
1668 2
1669 2
1670 2
1671 3
1672 3
1673 3
1674 1
1675 0
1676 1
1677 4
1678 5
1679 4
1680 1
1681 0
1682 0
1683 1
1684 1
1685 0
1686 2
1687 1
1688 2
1689 0
1690 0
1691 2
1692 1
1693 1
1694 1
1695 0
1696 1
1697 3
1698 4
1699 3
1700 3
1701 0
1702 1
1703 1
1704 1
1705 2
1706 0
1707 1
1708 4
1709 3
1710 3
1711 2
1712 1
1713 2
1714 0
1715 1
1716 0
1717 3
1718 1
1719 1
1720 1
1721 1
1722 1
1723 2
1724 2
1725 1
1726 2
1727 2
1728 2
1729 1
1730 2
1731 1
1732 2
1733 2
1734 3
1735 1
1736 1
1737 3
1738 1
1739 2
1740 4
1741 2
1742 0
1743 2
1744 2
1745 1
1746 1
1747 0
1748 1
1749 0
1750 0
1751 2
1752 4
1753 1
1754 2
1755 1
1756 1
1757 4
1758 2
1759 1
1760 1
1761 2
1762 3
1763 3
1764 1
1765 1
1766 0
1767 0
1768 0
1769 1
1770 1
1771 0
1772 4
1773 2
1774 1
1775 0
1776 2
1777 0
1778 1
1779 1
1780 1
1781 0
1782 0
1783 5
1784 4
1785 2
1786 2
1787 5
1788 3
1789 1
1790 4
1791 3
1792 2
1793 2
1794 2
1795 2
1796 0
1797 1
1798 0
1799 1
1800 2
1801 1
1802 3
1803 3
1804 2
1805 4
1806 1
1807 2
1808 3
1809 3
1810 1
1811 3
1812 2
1813 2
1814 1
1815 1
1816 2
1817 2
1818 0
1819 0
1820 2
1821 0
1822 0
1823 0
1824 2
1825 1
1826 1
1827 1
1828 2
1829 0
1830 1
1831 3
1832 2
1833 2
1834 1
1835 0
1836 1
1837 4
1838 1
1839 2
1840 3
1841 2
1842 2
1843 5
1844 4
1845 3
1846 1
1847 1
1848 1
1849 2
1850 1
1851 1
1852 1
1853 1
1854 2
1855 2
1856 1
1857 2
1858 1
1859 0
1860 1
1861 0
1862 1
1863 1
1864 0
1865 2
1866 4
1867 4
1868 2
1869 3
1870 3
1871 3
1872 2
1873 1
1874 3
1875 1
1876 2
1877 2
1878 2
1879 2
1880 4
1881 3
1882 2
1883 2
1884 0
1885 1
1886 0
1887 0
1888 1
1889 0
1890 1
1891 1
1892 2
1893 0
1894 2
1895 3
1896 2
1897 3
1898 1
1899 0
1900 1
1901 1
1902 2
1903 5
1904 3
1905 0
1906 2
1907 1
1908 0
1909 2
1910 0
1911 2
1912 0
1913 1
1914 1
1915 1
1916 1
1917 1
1918 2
1919 2
1920 3
1921 1
1922 3
1923 3
1924 1
1925 1
1926 0
1927 0
1928 0
1929 3
1930 1
1931 0
1932 1
1933 0
1934 0
1935 2
1936 4
1937 1
1938 1
1939 3
1940 3
1941 2
1942 1
1943 3
1944 2
1945 0
1946 1
1947 2
1948 1
1949 1
1950 2
1951 0
1952 0
1953 5
1954 2
1955 1
1956 1
1957 2
1958 1
1959 3
1960 2
1961 0
1962 0
1963 1
1964 2
1965 2
1966 2
1967 1
1968 1
1969 2
1970 2
1971 1
1972 1
1973 3
1974 2
1975 2
1976 2
1977 1
1978 1
1979 2
1980 3
1981 2
1982 2
1983 1
1984 2
1985 1
1986 0
1987 1
1988 2
1989 1
1990 0
1991 0
1992 2
1993 2
1994 2
1995 2
1996 0
1997 0
1998 1
1999 3
2000 1
2001 2
2002 2
2003 2
2004 2
2005 1
2006 2
2007 0
2008 2
2009 3
2010 2
2011 1
2012 1
2013 1
2014 3
2015 1
2016 2
2017 0
2018 0
2019 2
2020 3
2021 1
2022 1
2023 0
2024 0
2025 0
2026 2
2027 2
2028 4
2029 4
2030 3
2031 3
2032 0
2033 0
2034 2
2035 3
2036 2
2037 3
2038 0
2039 5
2040 5
2041 5
2042 5
2043 3
2044 3
2045 1
2046 0
2047 0
2048 0
2049 0
2050 0
2051 0
2052 2
2053 3
2054 2
2055 1
2056 5
2057 4
2058 1
2059 1
2060 1
2061 1
2062 3
2063 1
2064 3
2065 0
2066 2
2067 1
2068 2
2069 3
2070 2
2071 0
2072 1
2073 2
2074 0
2075 1
2076 1
2077 1
2078 0
2079 2
2080 4
2081 3
2082 3
2083 1
2084 2
2085 2
2086 2
2087 3
2088 2
2089 2
2090 3
2091 0
2092 1
2093 3
2094 1
2095 1
2096 0
2097 0
2098 1
2099 0
2100 2
2101 1
2102 1
2103 1
2104 1
2105 2
2106 2
2107 0
2108 2
2109 1
2110 2
2111 2
2112 2
2113 2
2114 1
2115 1
2116 0
2117 0
2118 0
2119 1
2120 0
2121 0
2122 4
2123 2
2124 2
2125 2
2126 1
2127 2
2128 3
2129 3
2130 2
2131 2
2132 2
2133 0
2134 2
2135 2
2136 1
2137 1
2138 2
2139 1
2140 3
2141 3
2142 2
2143 1
2144 0
2145 2
2146 3
2147 1
2148 1
2149 1
2150 2
2151 2
2152 1
2153 2
2154 1
2155 1
2156 2
2157 0
2158 2
2159 0
2160 0
2161 4
2162 3
2163 2
2164 2
2165 1
2166 4
2167 3
2168 3
2169 3
2170 3
2171 1
2172 2
2173 4
2174 3
2175 0
2176 3
2177 2
2178 3
2179 1
2180 0
2181 2
2182 1
2183 2
2184 2
2185 4
2186 3
2187 3
2188 2
2189 3
2190 4
2191 2
2192 2
2193 3
2194 2
2195 0
2196 2
2197 0
2198 3
2199 0
2200 0
2201 1
2202 3
2203 2
2204 3
2205 1
2206 0
2207 2
2208 2
2209 0
2210 2
2211 1
2212 0
2213 3
2214 2
2215 1
2216 1
2217 2
2218 3
2219 3
2220 1
2221 2
2222 4
2223 3
2224 1
2225 1
2226 2
2227 1
2228 1
2229 1
2230 3
2231 1
2232 2
2233 1
2234 1
2235 2
2236 1
2237 1
2238 1
2239 3
2240 0
2241 0
2242 2
2243 3
2244 0
2245 3
2246 2
2247 1
2248 2
2249 0
2250 3
2251 2
2252 2
2253 3
2254 2
2255 2
2256 1
2257 3
2258 1
2259 3
2260 1
2261 1
2262 1
2263 1
2264 1
2265 2
2266 1
2267 2
2268 2
2269 1
2270 0
2271 2
2272 2
2273 1
2274 1
2275 2
2276 3
2277 2
2278 1
2279 1
2280 1
2281 0
2282 1
2283 3
2284 1
2285 0
2286 3
2287 2
2288 0
2289 1
2290 3
2291 1
2292 4
2293 2
2294 0
2295 1
2296 2
2297 1
2298 0
2299 3
2300 2
2301 1
2302 2
2303 4
2304 4
2305 3
2306 0
2307 1
2308 0
2309 2
2310 2
2311 2
2312 0
2313 2
2314 3
2315 1
2316 1
2317 0
2318 2
2319 2
2320 0
2321 3
2322 2
2323 1
2324 2
2325 4
2326 2
2327 2
2328 1
2329 1
2330 1
2331 3
2332 3
2333 1
2334 1
2335 3
2336 1
2337 1
2338 2
2339 4
2340 1
2341 0
2342 0
2343 1
2344 2
2345 0
2346 1
2347 1
2348 3
2349 2
2350 2
2351 2
2352 2
2353 1
2354 1
2355 1
2356 2
2357 2
2358 1
2359 3
2360 1
2361 2
2362 0
2363 1
2364 2
2365 1
2366 1
2367 2
2368 2
2369 1
2370 1
2371 1
2372 4
2373 3
2374 1
2375 1
2376 0
2377 3
2378 2
2379 1
2380 3
2381 2
2382 2
2383 1
2384 1
2385 0
2386 3
2387 1
2388 2
2389 3
2390 2
2391 0
2392 2
2393 2
2394 2
2395 1
2396 1
2397 1
2398 0
2399 3
2400 2
2401 1
2402 2
2403 1
2404 1
2405 0
2406 1
2407 0
2408 0
2409 1
2410 3
2411 2
2412 1
2413 3
2414 2
2415 3
2416 1
2417 2
2418 2
2419 3
2420 0
2421 2
2422 0
2423 1
2424 0
2425 2
2426 2
2427 1
2428 1
2429 1
2430 1
2431 1
2432 1
2433 1
2434 2
2435 2
2436 1
2437 3
2438 1
2439 0
2440 2
2441 0
2442 0
2443 1
2444 1
2445 1
2446 0
2447 3
2448 3
2449 2
2450 1
2451 0
2452 1
2453 0
2454 0
2455 1
2456 0
2457 0
2458 4
2459 3
2460 1
2461 3
2462 3
2463 1
2464 1
2465 1
2466 3
2467 1
2468 2
2469 3
2470 2
2471 1
2472 2
2473 2
2474 2
2475 2
2476 0
2477 4
2478 2
2479 2
2480 2
2481 2
2482 0
2483 1
2484 3
2485 4
2486 2
2487 2
2488 1
2489 0
2490 2
2491 0
2492 2
2493 1
2494 2
2495 0
2496 4
2497 3
2498 0
2499 4
2500 2
2501 1
2502 1
2503 1
2504 0
2505 2
2506 1
2507 1
2508 1
2509 2
2510 2
2511 1
2512 1
2513 2
2514 2
2515 1
2516 2
2517 1
2518 2
2519 2
2520 2
2521 1
2522 2
2523 2
2524 0
2525 2
2526 3
2527 4
2528 4
2529 4
2530 3
2531 4
2532 1
2533 0
2534 0
2535 0
2536 1
2537 1
2538 0
2539 3
2540 2
2541 3
2542 0
2543 0
2544 3
2545 3
2546 1
2547 2
2548 0
2549 2
2550 1
2551 2
2552 3
2553 3
2554 1
2555 1
2556 0
2557 1
2558 1
2559 1
2560 2
2561 1
2562 3
2563 2
2564 2
2565 3
2566 4
2567 2
2568 3
2569 2
2570 3
2571 2
2572 2
2573 0
2574 3
2575 1
2576 0
2577 2
2578 1
2579 1
2580 1
2581 1
2582 0
2583 2
2584 3
2585 3
2586 3
2587 2
2588 1
2589 1
2590 1
2591 1
2592 1
2593 0
2594 1
2595 2
2596 1
2597 1
2598 3
2599 1
2600 2
2601 2
2602 2
2603 2
2604 1
2605 0
2606 2
2607 0
2608 0
2609 1
2610 0
2611 1
2612 1
2613 1
2614 3
2615 2
2616 3
2617 1
2618 3
2619 2
2620 2
2621 3
2622 4
2623 4
2624 2
2625 3
2626 2
2627 1
2628 1
2629 1
2630 0
2631 1
2632 1
2633 1
2634 1
2635 1
2636 1
2637 2
2638 0
2639 2
2640 0
2641 3
2642 2
2643 2
2644 1
2645 2
2646 2
2647 3
2648 0
2649 1
2650 4
2651 3
2652 4
2653 3
2654 2
2655 3
2656 1
2657 0
2658 1
2659 0
2660 0
2661 1
2662 0
2663 1
2664 1
2665 1
2666 1
2667 2
2668 0
2669 4
2670 2
2671 2
2672 2
2673 3
2674 3
2675 3
2676 3
2677 2
2678 2
2679 1
2680 1
2681 3
2682 2
2683 1
2684 1
2685 2
2686 1
2687 0
2688 2
2689 0
2690 1
2691 0
2692 1
2693 1
2694 1
2695 1
2696 2
2697 2
2698 1
2699 2
2700 1
2701 1
2702 1
2703 1
2704 1
2705 1
2706 2
2707 1
2708 1
2709 3
2710 1
2711 1
2712 2
2713 3
2714 0
2715 4
2716 3
2717 2
2718 0
2719 2
2720 2
2721 2
2722 1
2723 4
2724 3
2725 1
2726 0
2727 2
2728 1
2729 0
2730 1
2731 2
2732 1
2733 1
2734 3
2735 2
2736 2
2737 4
2738 4
2739 3
2740 2
2741 1
2742 1
2743 3
2744 2
2745 1
2746 2
2747 3
2748 2
2749 1
2750 2
2751 2
2752 3
2753 0
2754 2
2755 3
2756 1
2757 1
2758 2
2759 2
2760 1
2761 1
2762 2
2763 2
2764 1
2765 2
2766 2
2767 5
2768 3
2769 1
2770 2
2771 2
2772 2
2773 3
2774 2
2775 2
2776 1
2777 0
2778 1
2779 0
2780 2
2781 1
2782 0
2783 0
2784 1
2785 3
2786 2
2787 2
2788 1
2789 3
2790 3
2791 2
2792 2
2793 3
2794 3
2795 2
2796 1
2797 3
2798 3
2799 2
2800 1
2801 1
2802 1
2803 1
2804 1
2805 1
2806 1
2807 2
2808 3
2809 1
2810 2
2811 1
2812 4
2813 3
2814 0
2815 0
2816 3
2817 1
2818 2
2819 1
2820 0
2821 1
2822 2
2823 3
2824 1
2825 4
2826 5
2827 5
2828 4
2829 5
2830 4
2831 1
2832 1
2833 0
2834 2
2835 2
2836 0
2837 3
2838 3
2839 2
2840 1
2841 2
2842 1
2843 2
2844 1
2845 2
2846 2
2847 0
2848 2
2849 2
2850 0
2851 1
2852 1
2853 0
2854 4
2855 2
2856 2
2857 3
2858 3
2859 0
2860 0
2861 1
2862 3
2863 1
2864 1
2865 3
2866 2
2867 2
2868 2
2869 2
2870 1
2871 1
2872 1
2873 1
2874 2
2875 1
2876 2
2877 1
2878 0
2879 1
2880 2
2881 1
2882 3
2883 3
2884 2
2885 1
2886 2
2887 2
2888 2
2889 2
2890 1
2891 1
2892 0
2893 1
2894 1
2895 1
2896 2
2897 1
2898 0
2899 2
2900 1
2901 1
2902 3
2903 0
2904 1
2905 2
2906 4
2907 3
2908 1
2909 2
2910 2
2911 3
2912 3
2913 2
2914 0
2915 0
2916 3
2917 0
2918 3
2919 0
2920 2
2921 1
2922 2
2923 0
2924 3
2925 3
2926 0
2927 3
2928 4
2929 1
2930 1
2931 3
2932 0
2933 2
2934 1
2935 3
2936 1
2937 2
2938 3
2939 1
2940 1
2941 2
2942 2
2943 1
2944 1
2945 3
2946 1
2947 3
2948 2
2949 0
2950 2
2951 4
2952 2
2953 0
2954 2
2955 0
2956 1
2957 0
2958 1
2959 2
2960 0
2961 0
2962 1
2963 0
2964 0
2965 3
2966 1
2967 3
2968 1
2969 2
2970 2
2971 1
2972 1
2973 4
2974 1
2975 0
2976 0
2977 1
2978 1
2979 2
2980 1
2981 0
2982 0
2983 2
2984 1
2985 2
2986 2
2987 2
2988 1
2989 3
2990 6
2991 6
2992 5
2993 2
2994 0
2995 2
2996 2
2997 4
2998 4
2999 4
3000 3
3001 2
3002 0
3003 4
3004 3
3005 3
3006 1
3007 2
3008 2
3009 2
3010 3
3011 3
3012 2
3013 1
3014 1
3015 1
3016 2
3017 3
3018 2
3019 1
3020 2
3021 1
3022 1
3023 0
3024 1
3025 0
3026 1
3027 0
3028 0
3029 0
3030 0
3031 2
3032 3
3033 3
3034 2
3035 1
3036 1
3037 3
3038 3
3039 4
3040 2
3041 3
3042 2
3043 2
3044 2
3045 1
3046 5
3047 4
3048 4
3049 3
3050 4
3051 3
3052 4
3053 3
3054 1
3055 3
3056 2
3057 0
3058 1
3059 2
3060 2
3061 2
3062 0
3063 1
3064 1
3065 1
3066 1
3067 0
3068 3
3069 1
3070 2
3071 1
3072 0
3073 2
3074 2
3075 2
3076 0
3077 1
3078 4
3079 6
3080 4
3081 4
3082 3
3083 2
3084 3
3085 3
3086 2
3087 4
3088 3
3089 2
3090 1
3091 1
3092 2
3093 0
3094 2
3095 3
3096 0
3097 1
3098 3
3099 1
3100 1
3101 3
3102 1
3103 1
3104 2
3105 3
3106 1
3107 0
3108 1
3109 2
3110 3
3111 1
3112 2
3113 1
3114 2
3115 2
3116 2
3117 1
3118 2
3119 3
3120 2
3121 1
3122 1
3123 2
3124 3
3125 0
3126 0
3127 1
3128 0
3129 4
3130 2
3131 2
3132 0
3133 1
3134 1
3135 4
3136 1
3137 0
3138 3
3139 2
3140 1
3141 0
3142 4
3143 2
3144 3
3145 2
3146 3
3147 2
3148 0
3149 1
3150 0
3151 1
3152 0
3153 1
3154 2
3155 2
3156 1
3157 1
3158 2
3159 2
3160 1
3161 2
3162 0
3163 0
3164 1
3165 3
3166 2
3167 3
3168 1
3169 2
3170 1
3171 2
3172 1
3173 0
3174 3
3175 1
3176 1
3177 2
3178 1
3179 0
3180 2
3181 1
3182 1
3183 2
3184 1
3185 2
3186 0
3187 1
3188 2
3189 1
3190 3
3191 3
3192 1
3193 1
3194 1
3195 1
3196 0
3197 2
3198 2
3199 0
3200 3
3201 3
3202 5
3203 5
3204 5
3205 4
3206 2
3207 2
3208 1
3209 2
3210 2
3211 1
3212 1
3213 1
3214 2
3215 0
3216 2
3217 1
3218 1
3219 1
3220 1
3221 2
3222 2
3223 2
3224 2
3225 1
3226 4
3227 2
3228 2
3229 2
3230 3
3231 2
3232 4
3233 3
3234 3
3235 3
3236 2
3237 4
3238 3
3239 0
3240 0
3241 1
3242 1
3243 1
3244 3
3245 1
3246 4
3247 1
3248 2
3249 2
3250 2
3251 0
3252 0
3253 2
3254 1
3255 3
3256 5
3257 3
3258 3
3259 2
3260 2
3261 1
3262 2
3263 1
3264 3
3265 0
3266 2
3267 1
3268 1
3269 2
3270 0
3271 0
3272 2
3273 0
3274 2
3275 2
3276 2
3277 2
3278 2
3279 0
3280 1
3281 2
3282 3
3283 3
3284 0
3285 3
3286 2
3287 2
3288 2
3289 3
3290 0
3291 2
3292 1
3293 0
3294 0
3295 2
3296 1
3297 0
3298 1
3299 1
3300 2
3301 3
3302 3
3303 1
3304 2
3305 1
3306 1
3307 2
3308 1
3309 1
3310 2
3311 1
3312 4
3313 1
3314 1
3315 3
3316 3
3317 1
3318 2
3319 3
3320 1
3321 4
3322 3
3323 2
3324 1
3325 2
3326 3
3327 1
3328 3
3329 2
3330 3
3331 1
3332 2
3333 0
3334 2
3335 0
3336 2
3337 3
3338 2
3339 1
3340 1
3341 2
3342 2
3343 2
3344 2
3345 4
3346 3
3347 1
3348 0
3349 1
3350 3
3351 1
3352 3
3353 3
3354 1
3355 1
3356 2
3357 1
3358 2
3359 0
3360 3
3361 1
3362 1
3363 1
3364 1
3365 2
3366 2
3367 1
3368 2
3369 2
3370 3
3371 3
3372 3
3373 3
3374 3
3375 3
3376 2
3377 3
3378 3
3379 3
3380 3
3381 2
3382 2
3383 0
3384 1
3385 0
3386 0
3387 3
3388 0
3389 0
3390 0
3391 3
3392 1
3393 2
3394 2
3395 3
3396 0
3397 4
3398 4
3399 2
3400 3
3401 1
3402 2
3403 2
3404 1
3405 2
3406 2
3407 1
3408 3
3409 4
3410 2
3411 2
3412 2
3413 0
3414 0
3415 2
3416 2
3417 2
3418 2
3419 3
3420 0
3421 1
3422 2
3423 3
3424 3
3425 0
3426 4
3427 4
3428 4
3429 4
3430 4
3431 3
3432 2
3433 3
3434 1
3435 2
3436 1
3437 0
3438 0
3439 1
3440 1
3441 0
3442 1
3443 1
3444 2
3445 5
3446 3
3447 3
3448 2
3449 1
3450 2
3451 3
3452 2
3453 2
3454 0
3455 0
3456 0
3457 0
3458 0
3459 2
3460 1
3461 0
3462 1
3463 0
3464 2
3465 0
3466 1
3467 1
3468 2
3469 1
3470 3
3471 2
3472 1
3473 2
3474 2
3475 2
3476 2
3477 2
3478 2
3479 0
3480 3
3481 2
3482 3
3483 0
3484 3
3485 0
3486 2
3487 1
3488 2
3489 3
3490 1
3491 0
3492 2
3493 1
3494 2
3495 0
3496 0
3497 0
3498 1
3499 3
3500 1
3501 2
3502 1
3503 3
3504 0
3505 2
3506 4
3507 4
3508 4
3509 3
3510 2
3511 3
3512 2
3513 0
3514 1
3515 0
3516 1
3517 0
3518 3
3519 1
3520 1
3521 2
3522 2
3523 3
3524 0
3525 1
3526 3
3527 2
3528 2
3529 0
3530 0
3531 3
3532 2
3533 1
3534 4
3535 4
3536 4
3537 1
3538 0
3539 0
3540 2
3541 0
3542 1
3543 1
3544 2
3545 1
3546 3
3547 3
3548 3
3549 2
3550 2
3551 2
3552 1
3553 2
3554 1
3555 2
3556 1
3557 1
3558 3
3559 1
3560 1
3561 1
3562 2
3563 2
3564 2
3565 0
3566 2
3567 2
3568 0
3569 3
3570 0
3571 3
3572 1
3573 0
3574 0
3575 0
3576 1
3577 0
3578 1
3579 0
3580 0
3581 1
3582 1
3583 0
3584 4
3585 3
3586 2
3587 2
3588 1
3589 3
3590 2
3591 0
3592 2
3593 1
3594 2
3595 4
3596 4
3597 4
3598 2
3599 2
3600 3
3601 3
3602 0
3603 2
3604 2
3605 1
3606 0
3607 0
3608 1
3609 2
3610 0
3611 2
3612 1
3613 2
3614 3
3615 2
3616 3
3617 3
3618 1
3619 1
3620 0
3621 1
3622 1
3623 2
3624 2
3625 3
3626 4
3627 2
3628 1
3629 2
3630 2
3631 0
3632 2
3633 3
3634 3
3635 2
3636 2
3637 0
3638 3
3639 1
3640 3
3641 3
3642 2
3643 1
3644 3
3645 3
3646 2
3647 2
3648 0
3649 0
3650 0
3651 0
3652 1
3653 1
3654 3
3655 1
3656 3
3657 2
3658 2
3659 0
3660 2
3661 2
3662 2
3663 3
3664 3
3665 0
3666 3
3667 1
3668 3
3669 1
3670 1
3671 1
3672 1
3673 0
3674 1
3675 0
3676 2
3677 1
3678 2
3679 2
3680 3
3681 1
3682 1
3683 4
3684 2
3685 1
3686 0
3687 0
3688 1
3689 2
3690 1
3691 1
3692 2
3693 1
3694 2
3695 1
3696 3
3697 2
3698 3
3699 4
3700 2
3701 2
3702 0
3703 0
3704 0
3705 1
3706 0
3707 2
3708 1
3709 0
3710 0
3711 0
3712 1
3713 4
3714 3
3715 1
3716 1
3717 1
3718 1
3719 1
3720 1
3721 1
3722 4
3723 2
3724 1
3725 1
3726 2
3727 3
3728 3
3729 1
3730 3
3731 0
3732 0
3733 3
3734 1
3735 1
3736 2
3737 1
3738 1
3739 2
3740 1
3741 1
3742 1
3743 1
3744 3
3745 4
3746 1
3747 2
3748 0
3749 2
3750 3
3751 4
3752 2
3753 3
3754 2
3755 0
3756 1
3757 1
3758 2
3759 1
3760 3
3761 3
3762 0
3763 2
3764 2
3765 1
3766 2
3767 1
3768 2
3769 1
3770 1
3771 2
3772 2
3773 3
3774 2
3775 1
3776 2
3777 2
3778 3
3779 2
3780 1
3781 2
3782 2
3783 1
3784 3
3785 1
3786 1
3787 2
3788 0
3789 0
3790 0
3791 0
3792 1
3793 1
3794 2
3795 2
3796 1
3797 2
3798 1
3799 1
3800 1
3801 0
3802 4
3803 2
3804 3
3805 4
3806 5
3807 4
3808 3
3809 0
3810 2
3811 2
3812 3
3813 3
3814 2
3815 0
3816 2
3817 1
3818 2
3819 2
3820 4
3821 3
3822 1
3823 0
3824 0
3825 0
3826 0
3827 2
3828 0
3829 1
3830 0
3831 1
3832 1
3833 0
3834 2
3835 2
3836 2
3837 1
3838 1
3839 2
3840 2
3841 1
3842 0
3843 2
3844 0
3845 0
3846 4
3847 2
3848 4
3849 3
3850 2
3851 1
3852 2
3853 2
3854 1
3855 2
3856 1
3857 1
3858 1
3859 2
3860 1
3861 2
3862 3
3863 0
3864 3
3865 2
3866 2
3867 1
3868 2
3869 0
3870 2
3871 1
3872 1
3873 2
3874 1
3875 1
3876 2
3877 1
3878 2
3879 2
3880 2
3881 1
3882 3
3883 2
3884 1
3885 3
3886 2
3887 2
3888 2
3889 2
3890 2
3891 2
3892 1
3893 0
3894 1
3895 1
3896 2
3897 2
3898 3
3899 0
3900 2
3901 2
3902 0
3903 0
3904 2
3905 0
3906 1
3907 0
3908 2
3909 2
3910 0
3911 0
3912 1
3913 2
3914 2
3915 2
3916 2
3917 0
3918 1
3919 2
3920 2
3921 3
3922 2
3923 2
3924 2
3925 2
3926 4
3927 4
3928 2
3929 0
3930 3
3931 1
3932 1
3933 1
3934 0
3935 1
3936 0
3937 0
3938 1
3939 2
3940 0
3941 0
3942 3
3943 2
3944 1
3945 4
3946 4
3947 2
3948 2
3949 3
3950 2
3951 1
3952 2
3953 3
3954 1
3955 3
3956 2
3957 1
3958 1
3959 1
3960 0
3961 1
3962 2
3963 1
3964 1
3965 0
3966 2
3967 1
3968 0
3969 2
3970 2
3971 1
3972 3
3973 2
3974 1
3975 2
3976 1
3977 2
3978 3
3979 1
3980 3
3981 2
3982 1
3983 2
3984 1
3985 0
3986 0
3987 0
3988 0
3989 0
3990 0
3991 2
3992 1
3993 3
3994 2
3995 3
3996 1
3997 1
3998 1
3999 0
4000 0
4001 0
4002 0
4003 2
4004 1
4005 3
4006 1
4007 2
4008 1
4009 1
4010 1
4011 1
4012 2
4013 2
4014 1
4015 2
4016 2
4017 1
4018 2
4019 1
4020 1
4021 2
4022 2
4023 2
4024 2
4025 1
4026 3
4027 1
4028 1
4029 0
4030 1
4031 1
4032 1
4033 1
4034 2
4035 1
4036 1
4037 0
4038 2
4039 0
4040 0
4041 3
4042 2
4043 2
4044 1
4045 1
4046 1
4047 1
4048 0
4049 0
4050 0
4051 2
4052 2
4053 1
4054 2
4055 2
4056 0
4057 2
4058 2
4059 1
4060 1
4061 1
4062 2
4063 1
4064 4
4065 1
4066 1
4067 0
4068 0
4069 1
4070 1
4071 2
4072 2
4073 0
4074 3
4075 3
4076 2
4077 1
4078 1
4079 1
4080 1
4081 2
4082 2
4083 1
4084 0
4085 1
4086 1
4087 1
4088 1
4089 1
4090 3
4091 3
4092 2
4093 3
4094 2
4095 5
4096 4
4097 3
4098 3
4099 3
4100 2
4101 2
4102 2
4103 3
4104 1
4105 2
4106 1
4107 0
4108 1
4109 1
4110 3
4111 1
4112 2
4113 3
4114 1
4115 0
4116 1
4117 2
4118 3
4119 0
4120 3
4121 1
4122 2
4123 0
4124 3
4125 2
4126 1
4127 2
4128 1
4129 1
4130 1
4131 1
4132 1
4133 2
4134 2
4135 2
4136 2
4137 3
4138 2
4139 2
4140 1
4141 2
4142 0
4143 1
4144 1
4145 2
4146 1
4147 2
4148 4
4149 3
4150 1
4151 2
4152 0
4153 1
4154 2
4155 0
4156 0
4157 0
4158 2
4159 1
4160 1
4161 2
4162 2
4163 1
4164 3
4165 2
4166 2
4167 3
4168 2
4169 2
4170 0
4171 3
4172 3
4173 2
4174 0
4175 1
4176 1
4177 3
4178 0
4179 2
4180 2
4181 0
4182 0
4183 3
4184 2
4185 4
4186 2
4187 2
4188 2
4189 1
4190 1
4191 1
4192 2
4193 2
4194 2
4195 0
4196 2
4197 2
4198 2
4199 0
4200 0
4201 3
4202 1
4203 3
4204 2
4205 2
4206 0
4207 0
4208 0
4209 1
4210 4
4211 1
4212 0
4213 1
4214 1
4215 2
4216 3
4217 2
4218 2
4219 4
4220 2
4221 3
4222 1
4223 1
4224 1
4225 2
4226 3
4227 1
4228 2
4229 2
4230 1
4231 0
4232 1
4233 0
4234 0
4235 1
4236 1
4237 0
4238 3
4239 0
4240 2
4241 2
4242 2
4243 2
4244 1
4245 1
4246 0
4247 1
4248 2
4249 3
4250 2
4251 4
4252 2
4253 0
4254 1
4255 2
4256 1
4257 3
4258 1
4259 2
4260 2
4261 2
4262 1
4263 2
4264 1
4265 0
4266 1
4267 1
4268 1
4269 4
4270 1
4271 3
4272 1
4273 1
4274 0
4275 0
4276 2
4277 0
4278 2
4279 0
4280 1
4281 1
4282 2
4283 1
4284 1
4285 0
4286 0
4287 2
4288 2
4289 0
4290 1
4291 2
4292 4
4293 2
4294 1
4295 3
4296 1
4297 2
4298 1
4299 4
4300 3
4301 1
4302 4
4303 2
4304 0
4305 3
4306 1
4307 2
4308 3
4309 4
4310 3
4311 2
4312 2
4313 2
4314 3
4315 0
4316 1
4317 2
4318 1
4319 0
4320 1
4321 2
4322 1
4323 2
4324 5
4325 2
4326 1
4327 1
4328 0
4329 3
4330 0
4331 0
4332 2
4333 0
4334 0
4335 3
4336 0
4337 1
4338 1
4339 1
4340 1
4341 1
4342 3
4343 0
4344 0
4345 2
4346 0
4347 1
4348 0
4349 0
4350 3
4351 1
4352 2
4353 2
4354 4
4355 2
4356 0
4357 1
4358 1
4359 1
4360 0
4361 3
4362 1
4363 2
4364 0
4365 0
4366 1
4367 2
4368 2
4369 3
4370 3
4371 2
4372 4
4373 5
4374 3
4375 3
4376 3
4377 3
4378 3
4379 2
4380 2
4381 3
4382 1
4383 3
4384 0
4385 1
4386 0
4387 0
4388 1
4389 0
4390 2
4391 2
4392 2
4393 1
4394 2
4395 2
4396 3
4397 2
4398 3
4399 3
4400 1
4401 2
4402 3
4403 1
4404 2
4405 2
4406 3
4407 1
4408 4
4409 3
4410 4
4411 2
4412 4
4413 4
4414 2
4415 0
4416 1
4417 1
4418 0
4419 3
4420 2
4421 3
4422 2
4423 1
4424 0
4425 2
4426 2
4427 2
4428 2
4429 3
4430 3
4431 1
4432 2
4433 2
4434 2
4435 0
4436 4
4437 2
4438 2
4439 1
4440 0
4441 1
4442 1
4443 4
4444 3
4445 3
4446 2
4447 4
4448 3
4449 2
4450 0
4451 2
4452 1
4453 1
4454 1
4455 1
4456 0
4457 2
4458 2
4459 5
4460 3
4461 0
4462 3
4463 2
4464 1
4465 0
4466 1
4467 2
4468 4
4469 3
4470 3
4471 1
4472 3
4473 2
4474 4
4475 3
4476 3
4477 1
4478 3
4479 1
4480 2
4481 1
4482 3
4483 2
4484 2
4485 2
4486 0
4487 0
4488 1
4489 3
4490 1
4491 2
4492 2
4493 2
4494 0
4495 2
4496 0
4497 2
4498 1
4499 1
4500 1
4501 2
4502 1
4503 3
4504 2
4505 2
4506 1
4507 2
4508 2
4509 2
4510 1
4511 3
4512 2
4513 0
4514 1
4515 4
4516 3
4517 0
4518 0
4519 1
4520 3
4521 1
4522 0
4523 1
4524 0
4525 3
4526 4
4527 5
4528 4
4529 3
4530 4
4531 3
4532 0
4533 1
4534 1
4535 0
4536 3
4537 1
4538 1
4539 2
4540 2
4541 2
4542 3
4543 1
4544 1
4545 1
4546 2
4547 2
4548 0
4549 1
4550 1
4551 2
4552 3
4553 3
4554 1
4555 2
4556 2
4557 3
4558 3
4559 1
4560 1
4561 2
4562 3
4563 0
4564 0
4565 3
4566 1
4567 1
4568 1
4569 3
4570 1
4571 2
4572 2
4573 3
4574 2
4575 1
4576 2
4577 2
4578 2
4579 3
4580 0
4581 2
4582 2
4583 1
4584 2
4585 2
4586 0
4587 2
4588 2
4589 0
4590 1
4591 1
4592 2
4593 2
4594 2
4595 2
4596 3
4597 0
4598 0
4599 1
4600 1
4601 1
4602 4
4603 4
4604 1
4605 0
4606 1
4607 1
4608 2
4609 1
4610 2
4611 2
4612 0
4613 1
4614 3
4615 2
4616 1
4617 2
4618 2
4619 2
4620 2
4621 3
4622 1
4623 1
4624 2
4625 1
4626 2
4627 4
4628 1
4629 3
4630 3
4631 2
4632 1
4633 1
4634 0
4635 2
4636 0
4637 1
4638 1
4639 0
4640 1
4641 2
4642 1
4643 2
4644 0
4645 0
4646 1
4647 1
4648 2
4649 3
4650 2
4651 2
4652 3
4653 1
4654 1
4655 1
4656 2
4657 2
4658 1
4659 0
4660 3
4661 2
4662 2
4663 3
4664 3
4665 1
4666 4
4667 3
4668 2
4669 1
4670 2
4671 0
4672 2
4673 0
4674 3
4675 0
4676 1
4677 0
4678 2
4679 2
4680 3
4681 2
4682 1
4683 4
4684 3
4685 1
4686 3
4687 1
4688 2
4689 1
4690 1
4691 1
4692 1
4693 0
4694 0
4695 0
4696 1
4697 3
4698 0
4699 4
4700 1
4701 1
4702 4
4703 2
4704 2
4705 2
4706 4
4707 3
4708 1
4709 1
4710 2
4711 1
4712 1
4713 2
4714 2
4715 1
4716 3
4717 1
4718 1
4719 1
4720 0
4721 2
4722 3
4723 0
4724 1
4725 1
4726 1
4727 2
4728 3
4729 2
4730 2
4731 2
4732 1
4733 1
4734 1
4735 0
4736 2
4737 2
4738 0
4739 1
4740 0
4741 1
4742 0
4743 1
4744 2
4745 1
4746 3
4747 2
4748 2
4749 3
4750 2
4751 1
4752 0
4753 1
4754 1
4755 1
4756 2
4757 1
4758 1
4759 1
4760 0
4761 1
4762 1
4763 1
4764 2
4765 1
4766 2
4767 1
4768 1
4769 0
4770 3
4771 3
4772 1
4773 0
4774 1
4775 6
4776 5
4777 4
4778 3
4779 3
4780 4
4781 2
4782 3
4783 3
4784 3
4785 1
4786 2
4787 2
4788 3
4789 1
4790 0
4791 0
4792 0
4793 2
4794 1
4795 1
4796 4
4797 1
4798 0
4799 0
4800 1
4801 0
4802 1
4803 3
4804 2
4805 4
4806 2
4807 4
4808 3
4809 3
4810 1
4811 1
4812 2
4813 2
4814 1
4815 1
4816 2
4817 1
4818 2
4819 1
4820 1
4821 2
4822 2
4823 2
4824 3
4825 3
4826 1
4827 3
4828 0
4829 1
4830 0
4831 0
4832 3
4833 0
4834 0
4835 3
4836 3
4837 0
4838 4
4839 3
4840 3
4841 2
4842 4
4843 1
4844 2
4845 0
4846 0
4847 1
4848 0
4849 1
4850 1
4851 0
4852 2
4853 2
4854 3
4855 2
4856 3
4857 2
4858 2
4859 1
4860 1
4861 2
4862 1
4863 2
4864 2
4865 1
4866 1
4867 3
4868 1
4869 2
4870 0
4871 4
4872 4
4873 4
4874 2
4875 1
4876 0
4877 0
4878 2
4879 3
4880 0
4881 1
4882 0
4883 1
4884 1
4885 1
4886 3
4887 4
4888 1
4889 2
4890 0
4891 0
4892 4
4893 1
4894 2
4895 3
4896 2
4897 2
4898 0
4899 0
4900 0
4901 3
4902 2
4903 1
4904 4
4905 3
4906 1
4907 3
4908 1
4909 0
4910 0
4911 0
4912 1
4913 0
4914 1
4915 2
4916 4
4917 2
4918 2
4919 2
4920 3
4921 2
4922 2
4923 3
4924 3
4925 1
4926 3
4927 3
4928 2
4929 2
4930 3
4931 0
4932 0
4933 0
4934 1
4935 5
4936 5
4937 3
4938 1
4939 1
4940 1
4941 2
4942 1
4943 1
4944 5
4945 3
4946 3
4947 1
4948 2
4949 1
4950 2
4951 3
4952 1
4953 2
4954 1
4955 3
4956 1
4957 2
4958 1
4959 1
4960 1
4961 3
4962 3
4963 1
4964 2
4965 2
4966 3
4967 2
4968 2
4969 1
4970 0
4971 2
4972 2
4973 3
4974 2
4975 2
4976 2
4977 3
4978 2
4979 2
4980 1
4981 1
4982 2
4983 2
4984 0
4985 3
4986 0
4987 0
4988 2
4989 3
4990 1
4991 2
4992 1
4993 0
4994 3
4995 2
4996 3
4997 2
4998 1
4999 1
5000 1
5001 0
5002 2
5003 1
5004 0
5005 0
5006 2
5007 3
5008 2
5009 1
5010 1
5011 2
5012 5
5013 3
5014 3
5015 2
5016 1
5017 1
5018 1
5019 2
5020 3
5021 2
5022 4
5023 5
5024 3
5025 2
5026 3
5027 6
5028 5
5029 4
5030 2
5031 2
5032 2
5033 1
5034 4
5035 2
5036 1
5037 2
5038 2
5039 2
5040 2
5041 1
5042 1
5043 2
5044 1
5045 0
5046 3
5047 1
5048 2
5049 3
5050 1
5051 2
5052 2
5053 2
5054 2
5055 1
5056 1
5057 3
5058 3
5059 2
5060 0
5061 3
5062 1
5063 1
5064 2
5065 0
5066 3
5067 2
5068 2
5069 3
5070 1
5071 2
5072 3
5073 2
5074 3
5075 3
5076 3
5077 3
5078 2
5079 2
5080 3
5081 2
5082 1
5083 2
5084 1
5085 3
5086 1
5087 3
5088 0
5089 2
5090 4
5091 3
5092 4
5093 2
5094 4
5095 2
5096 1
5097 1
5098 2
5099 0
5100 0
5101 0
5102 2
5103 0
5104 2
5105 0
5106 2
5107 3
5108 1
5109 2
5110 2
5111 0
5112 2
5113 2
5114 2
5115 1
5116 2
5117 2
5118 1
5119 3
5120 1
5121 2
5122 1
5123 1
5124 2
5125 1
5126 3
5127 2
5128 2
5129 0
5130 1
5131 0
5132 2
5133 4
5134 4
5135 2
5136 0
5137 2
5138 1
5139 2
5140 3
5141 1
5142 1
5143 0
5144 1
5145 2
5146 3
5147 3
5148 0
5149 1
5150 0
5151 1
5152 2
5153 1
5154 4
5155 2
5156 3
5157 1
5158 4
5159 2
5160 2
5161 0
5162 1
5163 2
5164 1
5165 2
5166 1
5167 1
5168 0
5169 4
5170 3
5171 2
5172 1
5173 2
5174 4
5175 4
5176 3
5177 0
5178 1
5179 3
5180 0
5181 3
5182 1
5183 0
5184 2
5185 1
5186 1
5187 2
5188 3
5189 1
5190 3
5191 1
5192 0
5193 1
5194 2
5195 1
5196 1
5197 4
5198 2
5199 1
5200 0
5201 0
5202 0
5203 0
5204 1
5205 4
5206 5
5207 5
5208 3
5209 4
5210 3
5211 2
5212 3
5213 2
5214 0
5215 3
5216 2
5217 1
5218 0
5219 2
5220 2
5221 0
5222 1
5223 1
5224 1
5225 1
5226 2
5227 4
5228 3
5229 2
5230 2
5231 2
5232 1
5233 4
5234 2
5235 0
5236 1
5237 1
5238 2
5239 0
5240 1
5241 0
5242 3
5243 2
5244 3
5245 3
5246 1
5247 2
5248 3
5249 3
5250 2
5251 3
5252 1
5253 1
5254 1
5255 2
5256 1
5257 2
5258 1
5259 2
5260 0
5261 4
5262 3
5263 0
5264 0
5265 2
5266 3
5267 1
5268 3
5269 1
5270 4
5271 2
5272 0
5273 1
5274 3
5275 3
5276 1
5277 1
5278 1
5279 2
5280 0
5281 1
5282 3
5283 0
5284 1
5285 1
5286 0
5287 0
5288 5
5289 3
5290 2
5291 1
5292 4
5293 2
5294 4
5295 2
5296 2
5297 1
5298 2
5299 1
5300 2
5301 0
5302 0
5303 0
5304 1
5305 0
5306 1
5307 0
5308 1
5309 1
5310 1
5311 1
5312 1
5313 2
5314 2
5315 1
5316 2
5317 2
5318 1
5319 1
5320 2
5321 1
5322 3
5323 1
5324 2
5325 1
5326 1
5327 2
5328 1
5329 2
5330 1
5331 2
5332 1
5333 3
5334 3
5335 0
5336 0
5337 3
5338 0
5339 3
5340 0
5341 1
5342 1
5343 0
5344 1
5345 2
5346 2
5347 3
5348 2
5349 1
5350 0
5351 2
5352 1
5353 2
5354 3
5355 0
5356 3
5357 0
5358 2
5359 1
5360 1
5361 0
5362 0
5363 1
5364 1
5365 2
5366 0
5367 4
5368 1
5369 1
5370 4
5371 3
5372 2
5373 2
5374 0
5375 2
5376 0
5377 2
5378 1
5379 3
5380 2
5381 3
5382 3
5383 3
5384 1
5385 2
5386 2
5387 2
5388 0
5389 1
5390 1
5391 0
5392 0
5393 1
5394 2
5395 0
5396 1
5397 0
5398 2
5399 1
5400 1
5401 4
5402 4
5403 2
5404 4
5405 2
5406 2
5407 3
5408 2
5409 0
5410 2
5411 2
5412 1
5413 1
5414 0
5415 1
5416 3
5417 0
5418 0
5419 0
5420 0
5421 1
5422 1
5423 1
5424 1
5425 1
5426 1
5427 1
5428 0
5429 3
5430 2
5431 1
5432 1
5433 3
5434 0
5435 1
5436 1
5437 1
5438 2
5439 1
5440 1
5441 1
5442 1
5443 3
5444 1
5445 2
5446 0
5447 1
5448 0
5449 0
5450 1
5451 2
5452 0
5453 3
5454 0
5455 0
5456 1
5457 0
5458 3
5459 2
5460 2
5461 2
5462 2
5463 1
5464 4
5465 3
5466 2
5467 2
5468 1
5469 1
5470 1
5471 2
5472 1
5473 1
5474 1
5475 3
5476 3
5477 2
5478 2
5479 1
5480 0
5481 0
5482 1
5483 0
5484 1
5485 1
5486 0
5487 1
5488 0
5489 1
5490 1
5491 1
5492 1
5493 1
5494 1
5495 0
5496 0
5497 1
5498 2
5499 2
5500 3
5501 3
5502 1
5503 2
5504 1
5505 2
5506 2
5507 2
5508 3
5509 5
5510 3
5511 2
5512 0
5513 0
5514 2
5515 1
5516 2
5517 1
5518 0
5519 1
5520 0
5521 1
5522 2
5523 1
5524 4
5525 2
5526 2
5527 1
5528 2
5529 2
5530 1
5531 1
5532 3
5533 0
5534 1
5535 4
5536 2
5537 1
5538 3
5539 1
5540 0
5541 0
5542 2
5543 1
5544 2
5545 2
5546 2
5547 2
5548 4
5549 4
5550 5
5551 4
5552 4
5553 3
5554 1
5555 1
5556 1
5557 1
5558 1
5559 1
5560 2
5561 1
5562 2
5563 4
5564 2
5565 1
5566 1
5567 3
5568 0
5569 2
5570 0
5571 1
5572 1
5573 0
5574 0
5575 0
5576 1
5577 4
5578 4
5579 3
5580 0
5581 0
5582 0
5583 1
5584 3
5585 1
5586 4
5587 3
5588 1
5589 1
5590 2
5591 2
5592 1
5593 3
5594 1
5595 2
5596 2
5597 1
5598 3
5599 2
5600 1
5601 4
5602 2
5603 0
5604 0
5605 1
5606 0
5607 1
5608 1
5609 2
5610 3
5611 2
5612 3
5613 2
5614 2
5615 1
5616 1
5617 0
5618 0
5619 1
5620 1
5621 1
5622 3
5623 0
5624 1
5625 2
5626 1
5627 1
5628 2
5629 0
5630 2
5631 2
5632 1
5633 2
5634 2
5635 3
5636 0
5637 2
5638 4
5639 3
5640 2
5641 0
5642 1
5643 4
5644 4
5645 2
5646 2
5647 0
5648 1
5649 1
5650 0
5651 2
5652 0
5653 3
5654 1
5655 3
5656 4
5657 2
5658 3
5659 1
5660 1
5661 0
5662 5
5663 2
5664 2
5665 1
5666 3
5667 1
5668 3
5669 0
5670 1
5671 3
5672 0
5673 3
5674 2
5675 1
5676 1
5677 3
5678 2
5679 1
5680 1
5681 1
5682 2
5683 1
5684 2
5685 0
5686 1
5687 0
5688 2
5689 2
5690 2
5691 2
5692 3
5693 2
5694 0
5695 2
5696 3
5697 1
5698 1
5699 1
5700 0
5701 1
5702 0
5703 3
5704 3
5705 1
5706 0
5707 1
5708 1
5709 2
5710 2
5711 2
5712 2
5713 3
5714 1
5715 3
5716 1
5717 1
5718 1
5719 3
5720 4
5721 2
5722 0
5723 0
5724 1
5725 0
5726 1
5727 0
5728 1
5729 1
5730 1
5731 1
5732 2
5733 0
5734 3
5735 1
5736 1
5737 0
5738 1
5739 0
5740 0
5741 2
5742 3
5743 1
5744 0
5745 1
5746 4
5747 2
5748 1
5749 0
5750 2
5751 1
5752 1
5753 2
5754 2
5755 2
5756 1
5757 0
5758 3
5759 1
5760 3
5761 2
5762 3
5763 1
5764 0
5765 2
5766 2
5767 1
5768 1
5769 0
5770 0
5771 0
5772 2
5773 1
5774 1
5775 1
5776 1
5777 1
5778 0
5779 2
5780 2
5781 1
5782 3
5783 2
5784 1
5785 0
5786 0
5787 0
5788 2
5789 1
5790 2
5791 2
5792 2
5793 2
5794 1
5795 0
5796 3
5797 1
5798 4
5799 2
5800 1
5801 2
5802 2
5803 1
5804 1
5805 1
5806 2
5807 2
5808 3
5809 1
5810 1
5811 1
5812 2
5813 0
5814 2
5815 0
5816 3
5817 3
5818 0
5819 1
5820 2
5821 3
5822 3
5823 1
5824 5
5825 3
5826 0
5827 1
5828 1
5829 1
5830 2
5831 4
5832 1
5833 2
5834 1
5835 2
5836 1
5837 2
5838 6
5839 5
5840 5
5841 2
5842 1
5843 3
5844 3
5845 2
5846 0
5847 1
5848 1
5849 2
5850 2
5851 3
5852 3
5853 3
5854 4
5855 2
5856 1
5857 1
5858 2
5859 2
5860 1
5861 1
5862 2
5863 2
5864 1
5865 2
5866 1
5867 0
5868 0
5869 1
5870 1
5871 4
5872 3
5873 1
5874 0
5875 2
5876 1
5877 1
5878 1
5879 1
5880 2
5881 3
5882 1
5883 2
5884 5
5885 4
5886 2
5887 2
5888 4
5889 2
5890 1
5891 2
5892 1
5893 0
5894 1
5895 1
5896 1
5897 2
5898 1
5899 1
5900 0
5901 1
5902 4
5903 2
5904 1
5905 0
5906 1
5907 2
5908 3
5909 3
5910 1
5911 3
5912 1
5913 2
5914 3
5915 0
5916 0
5917 2
5918 2
5919 2
5920 0
5921 2
5922 1
5923 2
5924 2
5925 3
5926 2
5927 1
5928 3
5929 1
5930 2
5931 4
5932 5
5933 5
5934 5
5935 3
5936 0
5937 0
5938 0
5939 1
5940 0
5941 1
5942 0
5943 2
5944 0
5945 2
5946 1
5947 2
5948 1
5949 3
5950 3
5951 1
5952 2
5953 2
5954 1
5955 0
5956 3
5957 3
5958 1
5959 3
5960 2
5961 3
5962 2
5963 2
5964 3
5965 0
5966 3
5967 3
5968 1
5969 1
5970 1
5971 1
5972 2
5973 2
5974 1
5975 2
5976 4
5977 3
5978 2
5979 2
5980 1
5981 2
5982 0
5983 1
5984 0
5985 2
5986 3
5987 3
5988 3
5989 1
5990 4
5991 4
5992 1
5993 0
5994 0
5995 2
5996 3
5997 2
5998 0
5999 2
6000 0
6001 3
6002 3
6003 2
6004 2
6005 3
6006 2
6007 3
6008 3
6009 3
6010 2
6011 2
6012 2
6013 2
6014 2
6015 2
6016 1
6017 1
6018 1
6019 0
6020 2
6021 0
6022 3
6023 3
6024 2
6025 0
6026 1
6027 2
6028 3
6029 1
6030 0
6031 1
6032 2
6033 1
6034 1
6035 0
6036 2
6037 1
6038 1
6039 1
6040 0
6041 0
6042 1
6043 1
6044 2
6045 1
6046 2
6047 1
6048 2
6049 4
6050 3
6051 2
6052 0
6053 2
6054 2
6055 2
6056 0
6057 5
6058 5
6059 6
6060 4
6061 1
6062 3
6063 1
6064 2
6065 1
6066 2
6067 2
6068 2
6069 2
6070 1
6071 1
6072 2
6073 0
6074 1
6075 1
6076 1
6077 0
6078 2
6079 0
6080 2
6081 3
6082 1
6083 1
6084 2
6085 2
6086 1
6087 3
6088 1
6089 0
6090 1
6091 2
6092 3
6093 3
6094 3
6095 1
6096 2
6097 4
6098 2
6099 2
6100 1
6101 2
6102 1
6103 2
6104 2
6105 2
6106 0
6107 2
6108 2
6109 1
6110 3
6111 2
6112 3
6113 2
6114 1
6115 3
6116 3
6117 2
6118 0
6119 2
6120 2
6121 1
6122 3
6123 1
6124 0
6125 2
6126 3
6127 3
6128 2
6129 0
6130 1
6131 2
6132 0
6133 1
6134 0
6135 0
6136 0
6137 2
6138 0
6139 0
6140 1
6141 1
6142 2
6143 1
6144 1
6145 1
6146 1
6147 2
6148 0
6149 2
6150 2
6151 2
6152 1
6153 1
6154 0
6155 2
6156 1
6157 1
6158 0
6159 3
6160 2
6161 2
6162 1
6163 3
6164 2
6165 3
6166 3
6167 2
6168 2
6169 2
6170 2
6171 2
6172 1
6173 2
6174 3
6175 0
6176 1
6177 0
6178 1
6179 0
6180 2
6181 1
6182 2
6183 1
6184 1
6185 1
6186 1
6187 1
6188 2
6189 0
6190 2
6191 1
6192 1
6193 0
6194 1
6195 1
6196 1
6197 2
6198 3
6199 1
6200 1
6201 3
6202 1
6203 1
6204 0
6205 1
6206 2
6207 0
6208 1
6209 2
6210 1
6211 2
6212 1
6213 3
6214 2
6215 1
6216 1
6217 1
6218 0
6219 0
6220 0
6221 1
6222 2
6223 1
6224 1
6225 0
6226 2
6227 1
6228 1
6229 3
6230 3
6231 1
6232 2
6233 2
6234 3
6235 2
6236 1
6237 1
6238 1
6239 2
6240 2
6241 2
6242 2
6243 2
6244 0
6245 0
6246 0
6247 0
6248 0
6249 1
6250 3
6251 1
6252 1
6253 3
6254 6
6255 5
6256 5
6257 5
6258 8
6259 7
6260 7
6261 5
6262 3
6263 0
6264 0
6265 1
6266 1
6267 1
6268 1
6269 4
6270 5
6271 5
6272 5
6273 7
6274 7
6275 7
6276 6
6277 5
6278 5
6279 3
6280 2
6281 1
6282 0
6283 2
6284 1
6285 0
6286 3
6287 0
6288 1
6289 1
6290 0
6291 3
6292 3
6293 2
6294 3
6295 0
6296 2
6297 0
6298 3
6299 2
6300 2
6301 2
6302 1
6303 2
6304 1
6305 2
6306 1
6307 3
6308 1
6309 1
6310 0
6311 1
6312 2
6313 1
6314 2
6315 2
6316 1
6317 2
6318 0
6319 1
6320 1
6321 2
6322 2
6323 4
6324 3
6325 2
6326 1
6327 2
6328 3
6329 0
6330 2
6331 2
6332 2
6333 3
6334 2
6335 4
6336 2
6337 2
6338 1
6339 1
6340 3
6341 1
6342 4
6343 3
6344 2
6345 2
6346 2
6347 1
6348 1
6349 1
6350 0
6351 0
6352 1
6353 1
6354 3
6355 1
6356 1
6357 0
6358 3
6359 2
6360 2
6361 0
6362 0
6363 2
6364 0
6365 0
6366 1
6367 1
6368 2
6369 1
6370 2
6371 3
6372 3
6373 2
6374 1
6375 3
6376 2
6377 3
6378 4
6379 3
6380 1
6381 5
6382 4
6383 3
6384 3
6385 1
6386 3
6387 2
6388 2
6389 0
6390 1
6391 3
6392 2
6393 0
6394 0
6395 0
6396 2
6397 1
6398 2
6399 3
6400 0
6401 3
6402 2
6403 0
6404 1
6405 3
6406 1
6407 3
6408 3
6409 1
6410 1
6411 2
6412 2
6413 2
6414 5
6415 4
6416 3
6417 1
6418 3
6419 1
6420 3
6421 2
6422 3
6423 0
6424 1
6425 3
6426 3
6427 2
6428 1
6429 1
6430 3
6431 2
6432 4
6433 3
6434 0
6435 2
6436 0
6437 4
6438 3
6439 2
6440 2
6441 3
6442 3
6443 3
6444 2
6445 0
6446 0
6447 0
6448 0
6449 0
6450 0
6451 3
6452 0
6453 1
6454 1
6455 1
6456 2
6457 3
6458 1
6459 1
6460 1
6461 1
6462 2
6463 2
6464 1
6465 1
6466 1
6467 2
6468 2
6469 2
6470 1
6471 2
6472 2
6473 0
6474 1
6475 0
6476 1
6477 2
6478 0
6479 1
6480 3
6481 1
6482 0
6483 1
6484 2
6485 3
6486 2
6487 3
6488 2
6489 1
6490 3
6491 1
6492 1
6493 0
6494 3
6495 0
6496 2
6497 0
6498 2
6499 1
6500 1
6501 2
6502 2
6503 2
6504 3
6505 2
6506 0
6507 0
6508 2
6509 1
6510 2
6511 2
6512 2
6513 3
6514 0
6515 3
6516 0
6517 1
6518 2
6519 1
6520 0
6521 2
6522 2
6523 0
6524 4
6525 2
6526 1
6527 3
6528 2
6529 2
6530 1
6531 0
6532 0
6533 2
6534 4
6535 5
6536 3
6537 2
6538 0
6539 0
6540 2
6541 0
6542 0
6543 0
6544 0
6545 0
6546 0
6547 1
6548 2
6549 1
6550 1
6551 2
6552 2
6553 1
6554 3
6555 2
6556 2
6557 2
6558 5
6559 4
6560 4
6561 3
6562 1
6563 1
6564 3
6565 0
6566 0
6567 1
6568 2
6569 3
6570 0
6571 0
6572 0
6573 2
6574 2
6575 0
6576 0
6577 2
6578 0
6579 1
6580 1
6581 2
6582 2
6583 5
6584 3
6585 1
6586 2
6587 1
6588 1
6589 1
6590 1
6591 1
6592 2
6593 2
6594 1
6595 0
6596 1
6597 2
6598 0
6599 1
6600 5
6601 4
6602 2
6603 3
6604 3
6605 1
6606 2
6607 3
6608 2
6609 1
6610 0
6611 1
6612 0
6613 0
6614 1
6615 1
6616 0
6617 3
6618 2
6619 1
6620 0
6621 1
6622 1
6623 2
6624 2
6625 3
6626 3
6627 1
6628 2
6629 0
6630 3
6631 3
6632 2
6633 0
6634 0
6635 1
6636 0
6637 1
6638 1
6639 2
6640 0
6641 2
6642 2
6643 1
6644 2
6645 3
6646 1
6647 2
6648 3
6649 2
6650 4
6651 3
6652 0
6653 1
6654 1
6655 1
6656 1
6657 1
6658 1
6659 0
6660 0
6661 0
6662 4
6663 3
6664 3
6665 1
6666 3
6667 3
6668 1
6669 0
6670 1
6671 0
6672 2
6673 1
6674 2
6675 1
6676 3
6677 2
6678 0
6679 3
6680 1
6681 4
6682 2
6683 1
6684 1
6685 3
6686 0
6687 2
6688 1
6689 1
6690 0
6691 0
6692 1
6693 0
6694 1
6695 2
6696 0
6697 2
6698 2
6699 2
6700 1
6701 2
6702 2
6703 1
6704 0
6705 1
6706 2
6707 1
6708 1
6709 1
6710 3
6711 1
6712 1
6713 2
6714 3
6715 1
6716 0
6717 0
6718 2
6719 0
6720 1
6721 2
6722 1
6723 0
6724 1
6725 1
6726 0
6727 0
6728 2
6729 1
6730 2
6731 3
6732 3
6733 2
6734 2
6735 1
6736 0
6737 3
6738 1
6739 3
6740 2
6741 2
6742 1
6743 1
6744 3
6745 2
6746 0
6747 1
6748 2
6749 1
6750 3
6751 4
6752 3
6753 1
6754 3
6755 2
6756 2
6757 2
6758 2
6759 3
6760 2
6761 2
6762 0
6763 1
6764 1
6765 2
6766 3
6767 2
6768 3
6769 4
6770 4
6771 2
6772 2
6773 1
6774 0
6775 1
6776 1
6777 1
6778 0
6779 3
6780 0
6781 3
6782 2
6783 1
6784 5
6785 4
6786 1
6787 3
6788 1
6789 0
6790 1
6791 2
6792 1
6793 2
6794 3
6795 1
6796 1
6797 2
6798 0
6799 1
6800 1
6801 0
6802 1
6803 2
6804 0
6805 2
6806 1
6807 0
6808 2
6809 1
6810 4
6811 4
6812 1
6813 3
6814 1
6815 0
6816 3
6817 2
6818 1
6819 2
6820 1
6821 0
6822 2
6823 0
6824 3
6825 2
6826 3
6827 3
6828 1
6829 2
6830 0
6831 1
6832 1
6833 0
6834 1
6835 2
6836 2
6837 3
6838 2
6839 2
6840 1
6841 1
6842 3
6843 0
6844 1
6845 3
6846 0
6847 2
6848 3
6849 1
6850 2
6851 1
6852 0
6853 0
6854 3
6855 1
6856 2
6857 2
6858 2
6859 1
6860 2
6861 2
6862 1
6863 3
6864 1
6865 0
6866 3
6867 1
6868 3
6869 1
6870 3
6871 3
6872 0
6873 0
6874 1
6875 1
6876 2
6877 1
6878 1
6879 0
6880 3
6881 0
6882 2
6883 1
6884 3
6885 3
6886 0
6887 1
6888 2
6889 2
6890 0
6891 3
6892 1
6893 1
6894 3
6895 1
6896 4
6897 2
6898 2
6899 3
6900 4
6901 2
6902 2
6903 3
6904 1
6905 1
6906 2
6907 3
6908 1
6909 2
6910 1
6911 0
6912 1
6913 0
6914 6
6915 6
6916 5
6917 5
6918 4
6919 3
6920 4
6921 2
6922 1
6923 1
6924 3
6925 2
6926 2
6927 2
6928 2
6929 2
6930 1
6931 1
6932 2
6933 1
6934 3
6935 0
6936 0
6937 2
6938 2
6939 2
6940 1
6941 1
6942 3
6943 1
6944 2
6945 2
6946 2
6947 2
6948 1
6949 1
6950 2
6951 2
6952 1
6953 2
6954 1
6955 1
6956 1
6957 0
6958 3
6959 3
6960 1
6961 1
6962 1
6963 1
6964 2
6965 1
6966 3
6967 1
6968 2
6969 2
6970 1
6971 0
6972 5
6973 3
6974 1
6975 2
6976 1
6977 3
6978 4
6979 3
6980 2
6981 0
6982 0
6983 0
6984 0
6985 0
6986 0
6987 1
6988 2
6989 4
6990 1
6991 0
6992 1
6993 1
6994 3
6995 1
6996 2
6997 1
6998 3
6999 1
7000 2
7001 3
7002 0
7003 3
7004 3
7005 2
7006 1
7007 1
7008 1
7009 3
7010 0
7011 0
7012 1
7013 1
7014 2
7015 0
7016 0
7017 1
7018 2
7019 1
7020 2
7021 2
7022 0
7023 3
7024 2
7025 3
7026 2
7027 2
7028 2
7029 1
7030 2
7031 1
7032 1
7033 1
7034 2
7035 1
7036 3
7037 0
7038 4
7039 1
7040 2
7041 2
7042 2
7043 0
7044 2
7045 3
7046 2
7047 4
7048 1
7049 2
7050 2
7051 1
7052 0
7053 0
7054 1
7055 0
7056 1
7057 0
7058 1
7059 1
7060 1
7061 1
7062 1
7063 1
7064 0
7065 1
7066 1
7067 3
7068 2
7069 1
7070 2
7071 3
7072 2
7073 4
7074 3
7075 1
7076 2
7077 1
7078 2
7079 1
7080 0
7081 3
7082 0
7083 0
7084 3
7085 2
7086 1
7087 2
7088 0
7089 0
7090 1
7091 3
7092 3
7093 2
7094 5
7095 4
7096 2
7097 3
7098 4
7099 2
7100 0
7101 2
7102 1
7103 1
7104 2
7105 1
7106 1
7107 2
7108 0
7109 1
7110 1
7111 2
7112 1
7113 1
7114 2
7115 1
7116 0
7117 2
7118 0
7119 1
7120 1
7121 2
7122 1
7123 2
7124 1
7125 3
7126 0
7127 1
7128 3
7129 2
7130 2
7131 2
7132 1
7133 1
7134 0
7135 1
7136 1
7137 0
7138 2
7139 1
7140 1
7141 1
7142 1
7143 1
7144 3
7145 1
7146 1
7147 1
7148 1
7149 2
7150 1
7151 2
7152 2
7153 1
7154 2
7155 0
7156 0
7157 2
7158 2
7159 2
7160 2
7161 2
7162 2
7163 2
7164 0
7165 1
7166 3
7167 1
7168 2
7169 3
7170 1
7171 3
7172 2
7173 4
7174 3
7175 2
7176 1
7177 1
7178 0
7179 3
7180 1
7181 1
7182 1
7183 0
7184 4
7185 5
7186 5
7187 3
7188 1
7189 1
7190 3
7191 1
7192 3
7193 2
7194 1
7195 1
7196 2
7197 0
7198 3
7199 1
7200 2
7201 1
7202 5
7203 3
7204 1
7205 2
7206 0
7207 1
7208 1
7209 1
7210 1
7211 2
7212 1
7213 0
7214 1
7215 1
7216 1
7217 4
7218 5
7219 7
7220 6
7221 6
7222 6
7223 6
7224 5
7225 3
7226 2
7227 1
7228 0
7229 0
7230 0
7231 1
7232 1
7233 1
7234 1
7235 2
7236 2
7237 1
7238 2
7239 1
7240 0
7241 0
7242 0
7243 1
7244 0
7245 1
7246 0
7247 2
7248 4
7249 2
7250 4
7251 4
7252 3
7253 1
7254 2
7255 3
7256 2
7257 2
7258 1
7259 0
7260 1
7261 0
7262 2
7263 3
7264 2
7265 3
7266 1
7267 3
7268 0
7269 1
7270 4
7271 2
7272 2
7273 2
7274 3
7275 2
7276 2
7277 0
7278 0
7279 0
7280 0
7281 0
7282 1
7283 1
7284 1
7285 2
7286 3
7287 1
7288 2
7289 1
7290 2
7291 2
7292 1
7293 4
7294 1
7295 0
7296 0
7297 1
7298 3
7299 2
7300 0
7301 1
7302 2
7303 0
7304 2
7305 2
7306 1
7307 2
7308 1
7309 0
7310 1
7311 0
7312 1
7313 1
7314 0
7315 1
7316 2
7317 4
7318 2
7319 1
7320 4
7321 3
7322 0
7323 1
7324 1
7325 1
7326 3
7327 1
7328 2
7329 2
7330 0
7331 3
7332 2
7333 1
7334 0
7335 3
7336 1
7337 2
7338 2
7339 2
7340 2
7341 0
7342 0
7343 0
7344 2
7345 0
7346 2
7347 0
7348 0
7349 1
7350 0
7351 1
7352 2
7353 2
7354 0
7355 4
7356 2
7357 2
7358 0
7359 2
7360 2
7361 4
7362 2
7363 1
7364 2
7365 2
7366 3
7367 3
7368 3
7369 0
7370 2
7371 2
7372 1
7373 1
7374 3
7375 1
7376 3
7377 4
7378 1
7379 1
7380 4
7381 2
7382 1
7383 1
7384 1
7385 1
7386 2
7387 2
7388 2
7389 1
7390 2
7391 1
7392 1
7393 1
7394 1
7395 1
7396 3
7397 2
7398 2
7399 1
7400 1
7401 3
7402 0
7403 0
7404 2
7405 1
7406 2
7407 0
7408 1
7409 0
7410 1
7411 1
7412 4
7413 2
7414 2
7415 0
7416 2
7417 2
7418 2
7419 1
7420 2
7421 3
7422 2
7423 4
7424 2
7425 1
7426 1
7427 3
7428 1
7429 0
7430 2
7431 2
7432 2
7433 0
7434 2
7435 2
7436 0
7437 0
7438 0
7439 2
7440 2
7441 3
7442 3
7443 2
7444 0
7445 1
7446 4
7447 1
7448 4
7449 3
7450 0
7451 2
7452 2
7453 2
7454 3
7455 2
7456 2
7457 0
7458 0
7459 1
7460 2
7461 0
7462 0
7463 1
7464 2
7465 4
7466 2
7467 0
7468 1
7469 1
7470 2
7471 0
7472 2
7473 2
7474 2
7475 1
7476 2
7477 3
7478 1
7479 4
7480 3
7481 2
7482 3
7483 2
7484 3
7485 1
7486 1
7487 2
7488 0
7489 1
7490 2
7491 2
7492 3
7493 2
7494 4
7495 4
7496 3
7497 2
7498 3
7499 2
7500 4
7501 4
7502 3
7503 3
7504 2
7505 1
7506 1
7507 1
7508 2
7509 1
7510 0
7511 1
7512 1
7513 3
7514 2
7515 3
7516 1
7517 1
7518 2
7519 2
7520 1
7521 1
7522 2
7523 2
7524 1
7525 0
7526 0
7527 3
7528 0
7529 2
7530 3
7531 3
7532 0
7533 1
7534 1
7535 2
7536 1
7537 2
7538 1
7539 1
7540 1
7541 0
7542 0
7543 2
7544 4
7545 2
7546 3
7547 0
7548 1
7549 1
7550 3
7551 1
7552 1
7553 4
7554 3
7555 3
7556 1
7557 1
7558 0
7559 2
7560 1
7561 2
7562 2
7563 0
7564 3
7565 0
7566 1
7567 3
7568 4
7569 4
7570 6
7571 6
7572 5
7573 4
7574 3
7575 0
7576 0
7577 2
7578 1
7579 0
7580 1
7581 2
7582 3
7583 3
7584 3
7585 3
7586 2
7587 2
7588 2
7589 2
7590 0
7591 0
7592 1
7593 1
7594 2
7595 2
7596 2
7597 2
7598 2
7599 0
7600 1
7601 1
7602 2
7603 2
7604 3
7605 1
7606 3
7607 2
7608 3
7609 1
7610 3
7611 0
7612 0
7613 1
7614 0
7615 1
7616 0
7617 2
7618 2
7619 1
7620 3
7621 0
7622 0
7623 3
7624 3
7625 3
7626 2
7627 3
7628 2
7629 2
7630 0
7631 2
7632 1
7633 1
7634 2
7635 1
7636 3
7637 3
7638 0
7639 1
7640 1
7641 1
7642 0
7643 3
7644 3
7645 0
7646 2
7647 2
7648 1
7649 2
7650 1
7651 2
7652 0
7653 2
7654 0
7655 2
7656 2
7657 3
7658 2
7659 1
7660 2
7661 0
7662 2
7663 2
7664 1
7665 1
7666 1
7667 1
7668 2
7669 1
7670 2
7671 2
7672 2
7673 1
7674 3
7675 1
7676 0
7677 3
7678 4
7679 1
7680 4
7681 2
7682 2
7683 2
7684 2
7685 3
7686 3
7687 0
7688 1
7689 1
7690 1
7691 1
7692 0
7693 1
7694 0
7695 1
7696 0
7697 4
7698 2
7699 2
7700 2
7701 3
7702 3
7703 3
7704 2
7705 1
7706 2
7707 1
7708 1
7709 1
7710 2
7711 1
7712 3
7713 2
7714 2
7715 2
7716 2
7717 2
7718 2
7719 3
7720 3
7721 3
7722 2
7723 3
7724 0
7725 1
7726 1
7727 1
7728 0
7729 2
7730 2
7731 0
7732 3
7733 4
7734 3
7735 0
7736 1
7737 1
7738 4
7739 4
7740 2
7741 2
7742 2
7743 3
7744 3
7745 2
7746 4
7747 2
7748 2
7749 3
7750 2
7751 1
7752 2
7753 1
7754 2
7755 1
7756 0
7757 0
7758 1
7759 1
7760 2
7761 3
7762 2
7763 1
7764 1
7765 1
7766 0
7767 1
7768 3
7769 3
7770 3
7771 3
7772 1
7773 1
7774 1
7775 1
7776 1
7777 0
7778 1
7779 0
7780 4
7781 4
7782 3
7783 1
7784 0
7785 2
7786 2
7787 3
7788 0
7789 1
7790 2
7791 2
7792 0
7793 2
7794 2
7795 4
7796 3
7797 2
7798 3
7799 3
7800 3
7801 2
7802 2
7803 5
7804 3
7805 0
7806 2
7807 0
7808 1
7809 1
7810 0
7811 0
7812 2
7813 4
7814 4
7815 2
7816 1
7817 4
7818 5
7819 4
7820 2
7821 2
7822 2
7823 1
7824 1
7825 2
7826 2
7827 0
7828 1
7829 2
7830 3
7831 0
7832 3
7833 0
7834 2
7835 1
7836 0
7837 2
7838 0
7839 2
7840 2
7841 2
7842 2
7843 0
7844 2
7845 2
7846 3
7847 3
7848 0
7849 3
7850 1
7851 2
7852 1
7853 4
7854 3
7855 2
7856 1
7857 2
7858 2
7859 0
7860 0
7861 2
7862 0
7863 0
7864 0
7865 2
7866 1
7867 0
7868 0
7869 0
7870 1
7871 2
7872 2
7873 2
7874 3
7875 3
7876 3
7877 2
7878 1
7879 2
7880 1
7881 1
7882 0
7883 1
7884 1
7885 1
7886 2
7887 2
7888 1
7889 1
7890 0
7891 0
7892 4
7893 5
7894 3
7895 3
7896 1
7897 0
7898 1
7899 2
7900 0
7901 2
7902 2
7903 3
7904 1
7905 2
7906 1
7907 1
7908 2
7909 2
7910 0
7911 1
7912 2
7913 1
7914 1
7915 4
7916 3
7917 1
7918 3
7919 2
7920 2
7921 1
7922 1
7923 0
7924 2
7925 1
7926 2
7927 1
7928 1
7929 1
7930 0
7931 2
7932 2
7933 0
7934 1
7935 0
7936 1
7937 2
7938 1
7939 0
7940 3
7941 1
7942 0
7943 1
7944 2
7945 2
7946 2
7947 0
7948 2
7949 1
7950 1
7951 1
7952 3
7953 2
7954 1
7955 1
7956 1
7957 0
7958 2
7959 3
7960 1
7961 0
7962 1
7963 1
7964 1
7965 4
7966 3
7967 1
7968 3
7969 3
7970 2
7971 2
7972 1
7973 2
7974 3
7975 4
7976 2
7977 2
7978 2
7979 1
7980 0
7981 2
7982 0
7983 1
7984 0
7985 3
7986 1
7987 1
7988 1
7989 0
7990 0
7991 0
7992 0
7993 0
7994 1
7995 1
7996 1
7997 4
7998 4
7999 3
8000 1
8001 3
8002 3
8003 2
8004 5
8005 6
8006 4
8007 4
8008 2
8009 2
8010 2
8011 2
8012 1
8013 2
8014 1
8015 3
8016 3
8017 1
8018 1
8019 1
8020 2
8021 0
8022 1
8023 2
8024 3
8025 1
8026 1
8027 1
8028 0
8029 2
8030 1
8031 1
8032 2
8033 2
8034 3
8035 0
8036 0
8037 2
8038 3
8039 1
8040 3
8041 1
8042 3
8043 3
8044 3
8045 1
8046 1
8047 2
8048 1
8049 0
8050 0
8051 2
8052 2
8053 3
8054 1
8055 1
8056 1
8057 2
8058 4
8059 2
8060 2
8061 2
8062 0
8063 1
8064 0
8065 2
8066 3
8067 1
8068 2
8069 2
8070 1
8071 3
8072 0
8073 1
8074 4
8075 5
8076 3
8077 0
8078 1
8079 1
8080 2
8081 3
8082 0
8083 0
8084 0
8085 2
8086 1
8087 0
8088 1
8089 4
8090 2
8091 3
8092 1
8093 1
8094 0
8095 1
8096 1
8097 2
8098 3
8099 4
8100 2
8101 4
8102 3
8103 2
8104 4
8105 2
8106 1
8107 2
8108 3
8109 2
8110 1
8111 5
8112 6
8113 5
8114 2
8115 0
8116 0
8117 2
8118 1
8119 3
8120 0
8121 0
8122 1
8123 0
8124 2
8125 2
8126 2
8127 2
8128 1
8129 1
8130 3
8131 1
8132 1
8133 2
8134 3
8135 2
8136 3
8137 2
8138 1
8139 0
8140 1
8141 0
8142 1
8143 1
8144 2
8145 3
8146 1
8147 0
8148 1
8149 1
8150 0
8151 1
8152 1
8153 3
8154 3
8155 2
8156 2
8157 3
8158 3
8159 2
8160 2
8161 1
8162 1
8163 3
8164 2
8165 5
8166 3
8167 3
8168 1
8169 2
8170 2
8171 2
8172 2
8173 1
8174 3
8175 1
8176 1
8177 1
8178 2
8179 2
8180 2
8181 1
8182 0
8183 1
8184 2
8185 3
8186 3
8187 2
8188 2
8189 2
8190 2
8191 0
8192 0
8193 1
8194 1
8195 2
8196 4
8197 2
8198 0
8199 1
8200 1
8201 1
8202 0
8203 2
8204 1
8205 1
8206 0
8207 1
8208 1
8209 2
8210 2
8211 1
8212 1
8213 2
8214 3
8215 3
8216 2
8217 3
8218 1
8219 2
8220 1
8221 1
8222 0
8223 2
8224 2
8225 2
8226 0
8227 0
8228 2
8229 2
8230 2
8231 0
8232 0
8233 2
8234 0
8235 3
8236 0
8237 1
8238 4
8239 2
8240 2
8241 2
8242 2
8243 4
8244 3
8245 3
8246 1
8247 3
8248 3
8249 3
8250 1
8251 2
8252 1
8253 3
8254 4
8255 3
8256 3
8257 1
8258 2
8259 0
8260 2
8261 1
8262 2
8263 1
8264 2
8265 1
8266 1
8267 2
8268 3
8269 3
8270 3
8271 0
8272 2
8273 2
8274 1
8275 3
8276 1
8277 3
8278 3
8279 2
8280 2
8281 3
8282 3
8283 0
8284 1
8285 4
8286 3
8287 1
8288 2
8289 0
8290 1
8291 2
8292 2
8293 2
8294 3
8295 2
8296 3
8297 3
8298 1
8299 2
8300 3
8301 1
8302 1
8303 1
8304 2
8305 0
8306 0
8307 0
8308 0
8309 1
8310 1
8311 1
8312 0
8313 2
8314 3
8315 1
8316 1
8317 0
8318 1
8319 0
8320 0
8321 2
8322 1
8323 1
8324 1
8325 1
8326 1
8327 4
8328 2
8329 1
8330 1
8331 1
8332 2
8333 3
8334 3
8335 3
8336 4
8337 4
8338 2
8339 2
8340 4
8341 3
8342 2
8343 2
8344 2
8345 4
8346 3
8347 2
8348 2
8349 0
8350 1
8351 2
8352 1
8353 2
8354 2
8355 2
8356 3
8357 0
8358 3
8359 4
8360 4
8361 2
8362 0
8363 0
8364 3
8365 1
8366 2
8367 0
8368 1
8369 1
8370 2
8371 3
8372 3
8373 0
8374 1
8375 1
8376 3
8377 2
8378 3
8379 0
8380 1
8381 0
8382 3
8383 2
8384 1
8385 2
8386 0
8387 1
8388 1
8389 2
8390 1
8391 0
8392 1
8393 2
8394 3
8395 0
8396 0
8397 1
8398 0
8399 2
8400 2
8401 1
8402 1
8403 2
8404 1
8405 2
8406 1
8407 1
8408 2
8409 1
8410 1
8411 1
8412 1
8413 1
8414 0
8415 3
8416 5
8417 5
8418 4
8419 3
8420 4
8421 3
8422 0
8423 2
8424 3
8425 4
8426 3
8427 2
8428 1
8429 1
8430 1
8431 4
8432 1
8433 1
8434 1
8435 0
8436 1
8437 0
8438 2
8439 1
8440 5
8441 3
8442 0
8443 2
8444 4
8445 4
8446 4
8447 4
8448 4
8449 4
8450 2
8451 1
8452 2
8453 2
8454 1
8455 1
8456 0
8457 1
8458 2
8459 1
8460 2
8461 2
8462 1
8463 1
8464 0
8465 1
8466 2
8467 3
8468 1
8469 1
8470 2
8471 3
8472 3
8473 0
8474 1
8475 4
8476 2
8477 2
8478 3
8479 0
8480 3
8481 2
8482 0
8483 0
8484 4
8485 3
8486 0
8487 1
8488 0
8489 3
8490 1
8491 4
8492 2
8493 2
8494 0
8495 1
8496 0
8497 0
8498 4
8499 2
8500 0
8501 1
8502 2
8503 3
8504 0
8505 0
8506 2
8507 2
8508 0
8509 2
8510 1
8511 1
8512 1
8513 2
8514 1
8515 3
8516 1
8517 0
8518 2
8519 0
8520 1
8521 1
8522 1
8523 1
8524 2
8525 1
8526 0
8527 1
8528 1
8529 1
8530 4
8531 3
8532 0
8533 2
8534 2
8535 2
8536 2
8537 1
8538 1
8539 3
8540 4
8541 3
8542 3
8543 2
8544 2
8545 2
8546 1
8547 1
8548 4
8549 2
8550 1
8551 0
8552 0
8553 0
8554 0
8555 3
8556 4
8557 1
8558 0
8559 2
8560 1
8561 2
8562 1
8563 2
8564 2
8565 0
8566 1
8567 1
8568 0
8569 1
8570 1
8571 0
8572 0
8573 2
8574 1
8575 2
8576 2
8577 0
8578 1
8579 2
8580 0
8581 3
8582 3
8583 0
8584 3
8585 0
8586 2
8587 1
8588 2
8589 2
8590 2
8591 3
8592 3
8593 1
8594 1
8595 0
8596 0
8597 2
8598 1
8599 1
8600 1
8601 1
8602 0
8603 2
8604 1
8605 2
8606 3
8607 4
8608 5
8609 4
8610 2
8611 2
8612 1
8613 2
8614 0
8615 1
8616 5
8617 4
8618 1
8619 2
8620 2
8621 3
8622 3
8623 2
8624 0
8625 0
8626 2
8627 2
8628 2
8629 2
8630 2
8631 1
8632 0
8633 3
8634 3
8635 1
8636 1
8637 1
8638 1
8639 1
8640 3
8641 3
8642 1
8643 2
8644 1
8645 2
8646 2
8647 2
8648 1
8649 0
8650 2
8651 1
8652 2
8653 2
8654 2
8655 1
8656 1
8657 0
8658 1
8659 2
8660 0
8661 1
8662 2
8663 2
8664 0
8665 1
8666 1
8667 0
8668 0
8669 1
8670 0
8671 4
8672 4
8673 2
8674 3
8675 3
8676 1
8677 3
8678 3
8679 3
8680 3
8681 3
8682 2
8683 0
8684 2
8685 2
8686 1
8687 0
8688 1
8689 0
8690 0
8691 0
8692 3
8693 2
8694 0
8695 0
8696 1
8697 1
8698 0
8699 1
8700 0
8701 0
8702 2
8703 4
8704 3
8705 3
8706 1
8707 1
8708 3
8709 6
8710 7
8711 7
8712 7
8713 6
8714 4
8715 5
8716 3
8717 3
8718 0
8719 1
8720 2
8721 0
8722 1
8723 2
8724 0
8725 0
8726 2
8727 1
8728 1
8729 3
8730 3
8731 0
8732 1
8733 1
8734 0
8735 1
8736 1
8737 2
8738 2
8739 3
8740 2
8741 1
8742 1
8743 2
8744 1
8745 2
8746 4
8747 4
8748 3
8749 2
8750 0
8751 1
8752 1
8753 1
8754 1
8755 0
8756 4
8757 4
8758 3
8759 2
8760 3
8761 2
8762 2
8763 3
8764 0
8765 1
8766 2
8767 3
8768 3
8769 3
8770 1
8771 2
8772 2
8773 1
8774 1
8775 3
8776 1
8777 1
8778 0
8779 0
8780 1
8781 3
8782 2
8783 4
8784 2
8785 3
8786 2
8787 0
8788 3
8789 1
8790 2
8791 0
8792 2
8793 2
8794 1
8795 3
8796 2
8797 0
8798 1
8799 1
8800 2
8801 2
8802 2
8803 2
8804 0
8805 1
8806 3
8807 0
8808 1
8809 0
8810 1
8811 0
8812 1
8813 3
8814 4
8815 1
8816 1
8817 2
8818 1
8819 0
8820 0
8821 0
8822 1
8823 1
8824 4
8825 2
8826 3
8827 2
8828 1
8829 4
8830 2
8831 1
8832 3
8833 1
8834 2
8835 2
8836 2
8837 3
8838 1
8839 0
8840 0
8841 0
8842 1
8843 3
8844 1
8845 1
8846 2
8847 2
8848 1
8849 0
8850 0
8851 2
8852 2
8853 1
8854 2
8855 1
8856 2
8857 3
8858 2
8859 2
8860 2
8861 1
8862 2
8863 1
8864 1
8865 1
8866 1
8867 1
8868 3
8869 1
8870 1
8871 1
8872 0
8873 2
8874 2
8875 2
8876 3
8877 3
8878 2
8879 0
8880 2
8881 3
8882 2
8883 2
8884 3
8885 2
8886 2
8887 3
8888 2
8889 3
8890 2
8891 2
8892 0
8893 0
8894 0
8895 0
8896 1
8897 0
8898 5
8899 3
8900 0
8901 1
8902 1
8903 2
8904 2
8905 0
8906 0
8907 2
8908 1
8909 1
8910 3
8911 2
8912 1
8913 2
8914 2
8915 4
8916 2
8917 2
8918 2
8919 4
8920 1
8921 2
8922 3
8923 3
8924 2
8925 0
8926 1
8927 2
8928 0
8929 1
8930 1
8931 2
8932 1
8933 0
8934 1
8935 3
8936 2
8937 2
8938 2
8939 3
8940 2
8941 4
8942 3
8943 1
8944 2
8945 2
8946 1
8947 3
8948 0
8949 2
8950 1
8951 2
8952 3
8953 4
8954 4
8955 1
8956 0
8957 1
8958 2
8959 2
8960 2
8961 1
8962 3
8963 1
8964 1
8965 0
8966 1
8967 3
8968 3
8969 0
8970 2
8971 3
8972 0
8973 1
8974 2
8975 0
8976 0
8977 3
8978 2
8979 1
8980 4
8981 3
8982 0
8983 0
8984 0
8985 0
8986 1
8987 2
8988 2
8989 1
8990 2
8991 0
8992 3
8993 2
8994 4
8995 1
8996 1
8997 2
8998 3
8999 1
9000 3
9001 3
9002 1
9003 2
9004 3
9005 0
9006 2
9007 1
9008 2
9009 2
9010 2
9011 4
9012 3
9013 3
9014 3
9015 4
9016 4
9017 1
9018 1
9019 1
9020 2
9021 1
9022 2
9023 1
9024 3
9025 1
9026 1
9027 2
9028 1
9029 1
9030 1
9031 2
9032 2
9033 2
9034 2
9035 2
9036 0
9037 0
9038 2
9039 0
9040 3
9041 3
9042 1
9043 1
9044 2
9045 0
9046 1
9047 1
9048 1
9049 0
9050 1
9051 1
9052 0
9053 5
9054 3
9055 0
9056 2
9057 2
9058 2
9059 2
9060 1
9061 0
9062 4
9063 3
9064 1
9065 2
9066 2
9067 0
9068 1
9069 2
9070 1
9071 2
9072 3
9073 0
9074 1
9075 2
9076 2
9077 7
9078 5
9079 4
9080 3
9081 2
9082 2
9083 2
9084 2
9085 0
9086 1
9087 1
9088 0
9089 4
9090 3
9091 1
9092 2
9093 1
9094 1
9095 1
9096 2
9097 1
9098 3
9099 1
9100 4
9101 3
9102 2
9103 1
9104 2
9105 2
9106 3
9107 2
9108 3
9109 2
9110 1
9111 2
9112 1
9113 1
9114 2
9115 4
9116 2
9117 2
9118 2
9119 0
9120 1
9121 1
9122 0
9123 1
9124 3
9125 3
9126 4
9127 3
9128 0
9129 0
9130 1
9131 2
9132 2
9133 2
9134 3
9135 1
9136 4
9137 2
9138 2
9139 2
9140 3
9141 1
9142 1
9143 2
9144 2
9145 0
9146 1
9147 1
9148 0
9149 2
9150 0
9151 1
9152 1
9153 0
9154 1
9155 1
9156 1
9157 1
9158 1
9159 3
9160 0
9161 1
9162 3
9163 0
9164 0
9165 1
9166 1
9167 2
9168 0
9169 0
9170 1
9171 4
9172 3
9173 3
9174 2
9175 1
9176 2
9177 3
9178 1
9179 0
9180 5
9181 6
9182 4
9183 3
9184 1
9185 1
9186 0
9187 0
9188 1
9189 2
9190 1
9191 2
9192 1
9193 3
9194 2
9195 2
9196 1
9197 2
9198 4
9199 4
9200 4
9201 6
9202 6
9203 5
9204 5
9205 5
9206 4
9207 4
9208 5
9209 3
9210 1
9211 1
9212 0
9213 0
9214 1
9215 1
9216 1
9217 0
9218 1
9219 0
9220 1
9221 0
9222 3
9223 2
9224 3
9225 0
9226 1
9227 3
9228 2
9229 1
9230 2
9231 0
9232 1
9233 2
9234 2
9235 3
9236 1
9237 1
9238 1
9239 2
9240 3
9241 1
9242 1
9243 2
9244 3
9245 1
9246 3
9247 3
9248 3
9249 3
9250 3
9251 1
9252 2
9253 4
9254 4
9255 3
9256 1
9257 0
9258 0
9259 0
9260 3
9261 0
9262 2
9263 2
9264 2
9265 3
9266 2
9267 2
9268 1
9269 1
9270 1
9271 2
9272 2
9273 1
9274 2
9275 3
9276 1
9277 3
9278 3
9279 2
9280 2
9281 1
9282 3
9283 4
9284 1
9285 0
9286 1
9287 1
9288 0
9289 0
9290 3
9291 0
9292 1
9293 0
9294 3
9295 0
9296 3
9297 1
9298 1
9299 2
9300 3
9301 0
9302 1
9303 2
9304 0
9305 3
9306 1
9307 0
9308 2
9309 4
9310 4
9311 3
9312 2
9313 0
9314 1
9315 1
9316 1
9317 2
9318 0
9319 0
9320 0
9321 1
9322 3
9323 1
9324 3
9325 5
9326 5
9327 3
9328 2
9329 3
9330 3
9331 1
9332 2
9333 1
9334 1
9335 2
9336 1
9337 0
9338 0
9339 2
9340 1
9341 2
9342 1
9343 2
9344 2
9345 1
9346 4
9347 2
9348 2
9349 2
9350 1
9351 0
9352 1
9353 2
9354 2
9355 4
9356 3
9357 2
9358 4
9359 3
9360 2
9361 1
9362 3
9363 3
9364 0
9365 1
9366 2
9367 3
9368 1
9369 0
9370 2
9371 3
9372 2
9373 3
9374 0
9375 1
9376 0
9377 2
9378 1
9379 1
9380 2
9381 2
9382 4
9383 3
9384 2
9385 3
9386 3
9387 0
9388 4
9389 3
9390 2
9391 2
9392 2
9393 1
9394 3
9395 1
9396 2
9397 1
9398 2
9399 1
9400 0
9401 1
9402 2
9403 0
9404 2
9405 2
9406 1
9407 3
9408 0
9409 2
9410 2
9411 1
9412 2
9413 0
9414 1
9415 2
9416 4
9417 3
9418 3
9419 3
9420 1
9421 2
9422 1
9423 3
9424 3
9425 2
9426 0
9427 0
9428 0
9429 1
9430 0
9431 1
9432 3
9433 4
9434 3
9435 0
9436 1
9437 4
9438 1
9439 4
9440 3
9441 1
9442 3
9443 0
9444 0
9445 2
9446 3
9447 1
9448 0
9449 3
9450 2
9451 2
9452 2
9453 0
9454 1
9455 0
9456 1
9457 1
9458 2
9459 1
9460 1
9461 2
9462 2
9463 3
9464 0
9465 0
9466 2
9467 1
9468 3
9469 2
9470 5
9471 4
9472 3
9473 1
9474 0
9475 1
9476 0
9477 0
9478 1
9479 0
9480 2
9481 2
9482 2
9483 0
9484 0
9485 2
9486 2
9487 1
9488 1
9489 1
9490 2
9491 2
9492 2
9493 0
9494 2
9495 0
9496 4
9497 4
9498 1
9499 1
9500 2
9501 4
9502 2
9503 4
9504 2
9505 3
9506 2
9507 2
9508 0
9509 2
9510 2
9511 1
9512 2
9513 1
9514 1
9515 1
9516 1
9517 3
9518 2
9519 2
9520 2
9521 3
9522 1
9523 2
9524 0
9525 0
9526 1
9527 1
9528 2
9529 2
9530 0
9531 0
9532 1
9533 0
9534 2
9535 2
9536 3
9537 1
9538 3
9539 2
9540 1
9541 3
9542 3
9543 1
9544 2
9545 3
9546 0
9547 1
9548 0
9549 1
9550 2
9551 1
9552 4
9553 3
9554 3
9555 3
9556 4
9557 3
9558 2
9559 2
9560 0
9561 1
9562 1
9563 2
9564 2
9565 2
9566 2
9567 2
9568 1
9569 0
9570 1
9571 2
9572 3
9573 0
9574 3
9575 1
9576 0
9577 1
9578 2
9579 1
9580 2
9581 2
9582 2
9583 3
9584 2
9585 1
9586 0
9587 2
9588 0
9589 1
9590 2
9591 2
9592 0
9593 0
9594 0
9595 0
9596 1
9597 1
9598 3
9599 1
9600 4
9601 3
9602 1
9603 2
9604 2
9605 4
9606 2
9607 4
9608 1
9609 2
9610 2
9611 3
9612 0
9613 0
9614 2
9615 2
9616 1
9617 0
9618 1
9619 1
9620 1
9621 2
9622 0
9623 2
9624 2
9625 3
9626 2
9627 1
9628 1
9629 0
9630 2
9631 4
9632 4
9633 2
9634 0
9635 1
9636 1
9637 1
9638 1
9639 2
9640 1
9641 1
9642 1
9643 2
9644 1
9645 1
9646 0
9647 0
9648 1
9649 0
9650 1
9651 3
9652 1
9653 2
9654 2
9655 2
9656 3
9657 2
9658 2
9659 2
9660 3
9661 3
9662 2
9663 3
9664 1
9665 1
9666 2
9667 2
9668 1
9669 1
9670 1
9671 2
9672 2
9673 0
9674 0
9675 2
9676 1
9677 3
9678 1
9679 1
9680 1
9681 1
9682 3
9683 1
9684 1
9685 2
9686 0
9687 2
9688 4
9689 3
9690 3
9691 1
9692 2
9693 2
9694 1
9695 1
9696 2
9697 0
9698 1
9699 1
9700 3
9701 3
9702 1
9703 1
9704 1
9705 2
9706 2
9707 3
9708 1
9709 5
9710 4
9711 3
9712 2
9713 1
9714 2
9715 2
9716 0
9717 2
9718 1
9719 2
9720 1
9721 1
9722 3
9723 2
9724 1
9725 3
9726 0
9727 1
9728 1
9729 2
9730 2
9731 3
9732 0
9733 3
9734 3
9735 2
9736 2
9737 2
9738 3
9739 3
9740 1
9741 4
9742 2
9743 1
9744 3
9745 0
9746 0
9747 0
9748 3
9749 2
9750 0
9751 2
9752 1
9753 4
9754 2
9755 1
9756 2
9757 1
9758 0
9759 0
9760 0
9761 2
9762 1
9763 1
9764 1
9765 2
9766 4
9767 4
9768 3
9769 3
9770 1
9771 0
9772 0
9773 0
9774 1
9775 1
9776 4
9777 2
9778 2
9779 1
9780 1
9781 2
9782 0
9783 1
9784 2
9785 0
9786 1
9787 1
9788 2
9789 0
9790 0
9791 1
9792 4
9793 3
9794 1
9795 1
9796 1
9797 1
9798 0
9799 2
9800 1
9801 2
9802 2
9803 2
9804 1
9805 3
9806 1
9807 0
9808 2
9809 1
9810 2
9811 1
9812 1
9813 3
9814 4
9815 4
9816 4
9817 5
9818 2
9819 1
9820 2
9821 3
9822 2
9823 2
9824 1
9825 1
9826 0
9827 3
9828 2
9829 1
9830 0
9831 0
9832 1
9833 1
9834 0
9835 0
9836 1
9837 2
9838 0
9839 0
9840 2
9841 4
9842 2
9843 1
9844 1
9845 1
9846 0
9847 0
9848 3
9849 1
9850 2
9851 0
9852 3
9853 2
9854 1
9855 1
9856 1
9857 0
9858 0
9859 1
9860 2
9861 2
9862 2
9863 0
9864 2
9865 5
9866 3
9867 1
9868 0
9869 1
9870 0
9871 2
9872 1
9873 1
9874 1
9875 1
9876 0
9877 2
9878 1
9879 1
9880 6
9881 4
9882 2
9883 3
9884 2
9885 1
9886 2
9887 2
9888 3
9889 2
9890 3
9891 3
9892 1
9893 3
9894 2
9895 1
9896 6
9897 6
9898 6
9899 4
9900 2
9901 1
9902 2
9903 0
9904 2
9905 1
9906 1
9907 1
9908 2
9909 1
9910 0
9911 2
9912 3
9913 1
9914 0
9915 0
9916 0
9917 4
9918 4
9919 3
9920 1
9921 3
9922 3
9923 4
9924 2
9925 3
9926 2
9927 2
9928 2
9929 1
9930 0
9931 2
9932 1
9933 0
9934 1
9935 0
9936 1
9937 0
9938 1
9939 1
9940 1
9941 1
9942 1
9943 1
9944 2
9945 2
9946 0
9947 1
9948 2
9949 2
9950 1
9951 1
9952 0
9953 0
9954 1
9955 2
9956 3
9957 3
9958 3
9959 0
9960 1
9961 2
9962 2
9963 3
9964 3
9965 3
9966 2
9967 3
9968 1
9969 2
9970 3
9971 0
9972 1
9973 1
9974 3
9975 1
9976 3
9977 3
9978 3
9979 1
9980 3
9981 1
9982 1
9983 0
9984 0
9985 0
9986 2
9987 2
9988 3
9989 3
9990 2
9991 1
9992 4
9993 2
9994 1
9995 2
9996 1
9997 1
9998 2
9999 2
