248
235
236
234
230
245
236
228
238
220
252
235
223
246
228
235
228
234
229
235
244
228
229
240
247
234
219
241
233
236
236
223
227
251
235
258
243
235
241
219
245
228
236
243
227
242
244
230
223
239
245
234
231
227
221
230
219
247
245
226
230
223
231
237
232
226
222
236
236
230
224
236
246
229
241
235
226
232
247
246
239
218
245
245
227
236
226
245
249
225
247
243
222
231
262
229
241
228
239
225
226
226
237
239
245
238
233
243
231
230
214
229
226
218
256
233
237
224
234
227
228
224
241
247
232
222
239
241
234
226
238
236
235
243
235
251
237
236
236
248
232
250
229
241
249
231
235
254
231
244
262
248
238
231
225
235
223
227
210
232
245
232
245
241
233
238
231
234
250
231
228
244
229
233
239
236
246
220
250
233
239
243
241
214
205
234
238
216
245
223
222
234
236
244
239
241
241
231
241
226
229
230
248
224
237
227
233
237
238
238
230
228
214
237
226
213
248
237
233
233
235
246
223
221
232
220
234
236
249
245
231
235
236
229
235
234
232
233
228
240
238
236
225
227
240
246
243
212
232
243
251
228
214
239
240
227
231
233
249
227
229
242
236
232
240
230
242
242
226
232
236
236
237
233
243
241
246
230
229
240
243
229
236
235
233
253
239
233
211
244
223
222
228
247
259
235
232
250
233
230
238
224
228
226
244
235
223
242
249
246
242
227
223
216
241
245
236
214
239
231
237
230
239
240
240
241
255
233
241
247
237
240
229
232
241
238
236
238
240
218
242
237
244
237
245
232
206
230
231
228
220
236
230
202
235
222
232
225
237
228
239
222
229
232
234
242
232
229
233
247
241
225
255
236
229
234
235
230
231
243
235
239
229
234
248
226
239
237
243
246
221
234
229
228
230
240
230
237
229
205
244
236
224
236
238
232
226
245
228
226
227
252
241
230
235
231
234
231
231
225
243
246
220
238
240
221
228
240
244
