303
308
302
307
302
298
303
306
312
313
315
313
313
305
307
311
307
307
310
311
316
320
300
311
304
300
301
306
314
308
312
298
312
307
308
306
311
317
305
296
306
304
316
309
309
308
304
307
317
311
312
291
301
311
309
303
303
305
309
312
304
306
312
305
304
309
309
318
312
309
309
313
301
316
305
304
308
301
303
301
299
329
317
313
305
305
307
307
315
312
311
300
300
299
300
313
316
297
308
314
313
304
300
316
322
308
308
305
314
317
306
320
319
294
312
309
315
306
309
319
309
298
303
305
315
325
318
310
304
309
292
317
319
314
300
315
309
305
298
300
303
316
303
304
309
299
317
314
306
310
314
324
318
295
313
299
309
314
300
303
291
306
294
311
307
309
306
303
317
311
308
322
309
303
294
308
301
304
314
315
293
306
305
306
311
320
307
319
314
303
315
307
317
303
310
304
298
319
299
308
302
322
319
307
310
309
310
300
329
315
302
299
301
308
312
304
318
310
305
313
302
319
305
310
306
293
308
316
302
309
306
297
309
308
314
304
301
301
317
310
309
310
318
312
306
297
312
307
314
315
318
296
298
310
321
306
311
305
304
314
317
305
303
308
300
303
314
298
295
305
312
320
312
310
314
310
315
297
298
310
302
290
295
315
301
297
310
304
306
320
320
319
302
310
296
331
312
304
303
303
314
311
303
306
308
297
321
314
309
309
315
312
305
316
319
298
316
304
302
313
315
313
311
302
302
306
311
301
300
316
314
310
316
301
308
303
304
303
306
306
298
303
308
293
297
305
311
303
318
311
307
300
309
312
308
303
310
306
312
309
308
309
301
308
307
301
314
307
299
312
307
312
308
314
308
307
301
319
301
304
304
312
308
305
