0 inf
1 35
2 28.5
3 25.3333
4 23.75
5 22.8
6 22.1667
7 21.7143
8 21.375
9 21.1111
10 20.9
11 20.7273
12 20.5833
13 20.4615
14 20.3571
15 20.2667
16 20.1875
17 20.1176
18 20.0556
19 20
20 19.95
21 19.9048
22 19.8636
23 19.8261
24 19.7917
25 19.76
26 19.7308
27 19.7037
28 19.6786
29 19.6552
30 19.6333
31 19.6129
32 19.5938
33 19.5758
34 19.5588
35 19.5429
36 19.5278
37 19.5135
38 19.5
39 19.4872
40 19.475
41 19.4634
42 19.4524
43 19.4419
44 19.4318
45 19.4222
46 19.413
47 19.4043
48 19.3958
49 19.3878
50 19.38
51 19.3725
52 19.3654
53 19.3585
54 19.3519
55 19.3455
56 19.3393
57 19.3333
58 19.3276
59 19.322
60 19.3167
61 19.3115
62 19.3065
63 19.3016
64 19.2969
65 19.2923
66 19.2879
67 19.2836
68 19.2794
69 19.2754
70 19.2714
71 19.2676
72 19.2639
73 19.2603
74 19.2568
75 19.2533
76 19.25
77 19.2468
78 19.2436
79 19.2405
80 19.2375
81 19.2346
82 19.2317
83 19.2289
84 19.2262
85 19.2235
86 19.2209
87 19.2184
88 19.2159
89 19.2135
90 19.2111
91 19.2088
92 19.2065
93 19.2043
94 19.2021
95 19.2
96 19.1979
97 19.1959
98 19.1939
99 19.1919
100 19.19
101 19.1881
102 19.1863
103 19.1845
104 19.1827
105 19.181
106 19.1792
107 19.1776
108 19.1759
109 19.1743
110 19.1727
111 19.1712
112 19.1696
113 19.1681
114 19.1667
115 19.1652
116 19.1638
117 19.1624
118 19.161
119 19.1597
120 19.1583
121 19.157
122 19.1557
123 19.1545
124 19.1532
125 19.152
126 19.1508
127 19.1496
128 19.1484
129 19.1473
130 19.1462
131 19.145
132 19.1439
133 19.1429
134 19.1418
135 19.1407
136 19.1397
137 19.1387
138 19.1377
139 19.1367
140 19.1357
141 19.1348
142 19.1338
143 19.1329
144 19.1319
145 19.131
146 19.1301
147 19.1293
148 19.1284
149 19.1275
150 19.1267
151 19.1258
152 19.125
153 19.1242
154 19.1234
155 19.1226
156 19.1218
157 19.121
158 19.1203
159 19.1195
160 19.1187
161 19.118
162 19.1173
163 19.1166
164 19.1159
