0 1038
1 759
2 532
3 443
4 368
5 310
6 310
7 304
8 280
9 272
10 288
11 278
12 243
13 263
14 265
15 278
16 284
17 301
18 302
19 311
20 306
21 304
22 326
23 341
24 327
25 318
26 340
27 338
28 342
29 335
30 344
31 355
32 346
33 347
34 361
35 370
36 393
37 389
38 397
39 388
40 400
41 412
42 400
43 406
44 418
45 437
46 423
47 443
48 450
49 431
50 414
51 414
52 431
53 452
54 455
55 452
56 486
57 493
58 513
59 507
60 490
61 529
62 523
63 538
64 528
65 547
66 559
67 528
68 554
69 546
70 554
71 571
72 564
73 585
74 581
75 613
76 597
77 636
78 628
79 620
80 621
81 659
82 628
83 643
84 647
85 616
86 650
87 656
88 687
89 678
90 717
91 692
92 712
93 734
94 707
95 727
96 713
97 747
98 728
99 736
100 766
101 752
102 768
103 770
104 774
105 782
106 781
107 766
108 788
109 758
110 778
111 795
112 816
113 787
114 798
115 802
116 797
117 792
118 794
119 797
120 779
121 806
122 791
123 834
124 813
125 826
126 823
127 831
128 822
129 824
130 833
131 817
132 804
133 824
134 833
135 824
136 825
137 839
138 844
139 819
140 832
141 833
142 845
143 834
144 820
145 834
146 835
147 834
148 831
149 796
150 850
151 839
152 828
153 835
154 838
155 817
156 851
157 815
158 834
159 833
160 842
161 837
162 827
163 861
164 845
165 836
166 821
167 844
168 807
169 822
170 807
171 809
172 854
173 834
174 831
175 847
176 840
177 841
178 852
179 822
180 831
181 872
182 881
183 867
184 857
185 836
186 854
187 858
188 871
189 881
190 890
191 869
192 855
193 891
194 869
195 885
196 880
197 868
198 890
199 907
200 858
201 842
202 873
203 885
204 867
205 893
206 889
207 869
208 880
209 856
210 859
211 852
212 860
213 868
214 847
215 849
216 863
217 841
218 865
219 862
220 862
221 840
222 857
223 854
224 835
225 827
226 840
227 818
228 829
229 848
230 835
231 854
232 860
233 831
234 855
235 847
236 841
237 850
238 858
239 833
240 856
241 855
242 864
243 851
244 876
245 835
246 852
247 813
248 848
249 829
250 853
251 827
252 846
253 842
254 850
255 842
256 843
257 854
258 855
259 836
260 817
261 842
262 835
263 829
264 827
265 846
266 829
267 838
268 855
269 852
270 869
271 869
272 842
273 864
274 858
275 842
276 848
277 875
278 876
279 873
280 879
281 885
282 861
283 873
284 873
285 892
286 905
287 884
288 878
289 879
290 869
291 873
292 856
293 863
294 847
295 850
296 852
297 849
298 873
299 856
300 852
301 853
302 857
303 820
304 875
305 845
306 845
307 841
308 842
309 822
310 846
311 819
312 837
313 835
314 841
315 835
316 832
317 836
318 836
319 843
320 826
321 806
322 837
323 813
324 834
325 815
326 849
327 810
328 860
329 843
330 846
331 847
332 830
333 859
334 824
335 833
336 835
337 841
338 847
339 857
340 844
341 828
342 866
343 844
344 847
345 882
346 854
347 840
348 849
349 871
350 864
351 843
352 863
353 838
354 838
355 861
356 830
357 842
358 855
359 856
360 877
361 863
362 858
363 859
364 852
365 837
366 848
367 819
368 844
369 835
370 842
371 844
372 856
373 848
374 850
375 861
376 837
377 842
378 862
379 844
380 852
381 825
382 833
383 837
384 832
385 851
386 838
387 842
388 858
389 854
390 842
391 876
392 852
393 869
394 845
395 879
396 870
397 861
398 873
399 873
400 863
401 847
402 868
403 860
404 886
405 890
406 881
407 884
408 866
409 888
410 880
411 883
412 883
413 872
414 904
415 889
416 891
417 876
418 874
419 877
420 878
421 867
422 847
423 872
424 860
425 856
426 864
427 843
428 831
429 835
430 805
431 838
432 808
433 828
434 819
435 834
436 833
437 834
438 839
439 835
440 811
441 817
442 855
443 811
444 830
445 837
446 836
447 829
448 844
449 839
450 831
451 851
452 832
453 852
454 844
455 821
456 824
457 846
458 857
459 858
460 839
461 848
462 835
463 874
464 847
465 879
466 858
467 845
468 842
469 877
470 864
471 866
472 883
473 886
474 890
475 875
476 897
477 900
478 884
479 886
480 920
481 867
482 866
483 867
484 883
485 855
486 872
487 863
488 868
489 872
490 888
491 859
492 883
493 872
494 882
495 882
496 899
497 890
498 879
499 886
500 889
501 876
502 887
503 880
504 863
505 863
506 862
507 879
508 868
509 869
510 865
511 859
512 859
513 856
514 875
515 881
516 881
517 867
518 877
519 873
520 885
521 853
522 854
523 855
524 840
525 848
526 839
527 858
528 868
529 861
530 867
531 832
532 854
533 838
534 850
535 819
536 833
537 828
538 847
539 833
540 857
541 850
542 843
543 854
544 874
545 859
546 850
547 889
548 861
549 865
550 864
551 904
552 868
553 865
554 885
555 861
556 855
557 852
558 863
559 858
560 853
561 843
562 861
563 848
564 872
565 854
566 878
567 873
568 861
569 851
570 862
571 869
572 856
573 857
574 847
575 812
576 831
577 845
578 817
579 848
580 835
581 830
582 863
583 838
584 840
585 857
586 854
587 857
588 835
589 843
590 820
591 852
592 829
593 844
594 841
595 855
596 871
597 854
598 842
599 844
600 870
601 861
602 877
603 872
604 890
605 866
606 883
607 884
608 855
609 881
610 873
611 862
612 876
613 879
614 898
615 870
616 855
617 881
618 873
619 887
620 862
621 858
622 844
623 848
624 859
625 870
626 843
627 849
628 826
629 851
630 850
631 841
632 857
633 849
634 857
635 851
636 849
637 884
638 860
639 860
640 837
641 824
642 856
643 845
644 860
645 893
646 887
647 871
648 887
649 850
650 874
651 860
652 863
653 853
654 840
655 858
656 869
657 866
658 872
659 863
660 872
661 849
662 857
663 856
664 845
665 843
666 832
667 820
668 848
669 842
670 825
671 865
672 858
673 846
674 838
675 848
676 854
677 880
678 873
679 879
680 869
681 846
682 866
683 858
684 838
685 833
686 842
687 831
688 852
689 815
690 838
691 840
692 818
693 814
694 800
695 856
696 815
697 849
698 818
699 820
700 820
701 830
702 799
703 798
704 805
705 827
706 814
707 809
708 820
709 834
710 840
711 822
712 825
713 844
714 845
715 846
716 861
717 863
718 848
719 857
720 850
721 874
722 872
723 854
724 858
725 861
726 873
727 865
728 886
729 876
730 862
731 868
732 853
733 852
734 856
735 838
736 816
737 849
738 851
739 812
740 853
741 854
742 858
743 860
744 849
745 853
746 874
747 866
748 860
749 844
750 865
751 867
752 868
753 872
754 873
755 892
756 871
757 884
758 883
759 864
760 856
761 842
762 867
763 837
764 848
765 860
766 843
767 865
768 844
769 879
770 836
771 887
772 854
773 864
774 855
775 852
776 846
777 854
778 854
779 852
780 851
781 868
782 870
783 858
784 862
785 867
786 889
787 861
788 872
789 859
790 884
791 865
792 848
793 880
794 848
795 861
796 872
797 849
798 851
799 865
800 834
801 832
802 823
803 822
804 849
805 846
806 832
807 827
808 828
809 848
810 822
811 820
812 816
813 828
814 813
815 808
816 822
817 827
818 797
819 831
820 809
821 847
822 834
823 840
824 836
825 841
826 837
827 839
828 847
829 832
830 824
831 846
832 827
833 811
834 814
835 824
836 812
837 833
838 826
839 845
840 861
841 819
842 841
843 832
844 820
845 820
846 839
847 849
848 827
849 845
850 851
851 843
852 850
853 822
854 838
855 854
856 843
857 837
858 825
859 848
860 836
861 838
862 848
863 852
864 841
865 837
866 837
867 832
868 871
869 850
870 841
871 839
872 832
873 839
874 854
875 858
876 860
877 865
878 846
879 862
880 863
881 865
882 863
883 854
884 866
885 861
886 854
887 828
888 833
889 857
890 876
891 879
892 853
893 863
894 864
895 875
896 871
897 877
898 869
899 853
900 866
901 862
902 868
903 865
904 894
905 883
906 865
907 850
908 869
909 869
910 876
911 871
912 883
913 878
914 892
915 872
916 886
917 863
918 863
919 880
920 869
921 865
922 842
923 854
924 853
925 864
926 840
927 854
928 868
929 872
930 863
931 874
932 881
933 855
934 888
935 887
936 881
937 867
938 888
939 887
940 876
941 879
942 866
943 855
944 853
945 863
946 844
947 853
948 853
949 853
950 830
951 855
952 817
953 842
954 845
955 856
956 854
957 858
958 857
959 862
960 855
961 861
962 864
963 857
964 862
965 870
966 867
967 866
968 850
969 846
970 844
971 857
972 862
973 863
974 819
975 848
976 836
977 861
978 857
979 845
980 862
981 844
982 859
983 864
984 877
985 863
986 867
987 865
988 862
989 872
990 856
991 867
992 859
993 864
994 857
995 873
996 876
997 873
998 859
999 851
1000 864
1001 851
1002 868
1003 839
1004 851
1005 840
1006 824
1007 824
1008 855
1009 852
1010 851
1011 853
1012 817
1013 851
1014 855
1015 866
1016 883
1017 882
1018 856
1019 877
1020 861
1021 853
1022 859
1023 858
1024 866
1025 869
1026 858
1027 847
1028 867
1029 859
1030 850
1031 862
1032 867
1033 854
1034 899
1035 882
1036 879
1037 834
1038 875
1039 873
1040 866
1041 846
1042 855
1043 864
1044 871
1045 892
1046 877
1047 870
1048 867
1049 877
1050 880
1051 866
1052 863
1053 875
1054 862
1055 866
1056 860
1057 863
1058 871
1059 865
1060 864
1061 877
1062 868
1063 865
1064 851
1065 865
1066 862
1067 865
1068 865
1069 848
1070 852
1071 857
1072 863
1073 857
1074 870
1075 863
1076 828
1077 862
1078 852
1079 864
1080 858
1081 849
1082 862
1083 869
1084 860
1085 864
1086 858
1087 861
1088 848
1089 860
1090 844
1091 858
1092 832
1093 846
1094 841
1095 820
1096 843
1097 836
1098 846
1099 796
1100 844
1101 835
1102 837
1103 841
1104 839
1105 821
1106 833
1107 824
1108 818
1109 821
1110 795
1111 804
1112 794
1113 829
1114 828
1115 831
1116 809
1117 828
1118 820
1119 827
1120 822
1121 852
1122 836
1123 829
1124 839
1125 848
1126 830
1127 828
1128 844
1129 842
1130 854
1131 848
1132 834
1133 838
1134 838
1135 836
1136 837
1137 833
1138 845
1139 847
1140 853
1141 834
1142 819
1143 820
1144 833
1145 839
1146 822
1147 830
1148 828
1149 796
1150 835
1151 817
1152 816
1153 849
1154 844
1155 845
1156 850
1157 831
1158 833
1159 857
1160 840
1161 834
1162 848
1163 850
1164 838
1165 836
1166 846
1167 846
1168 844
1169 860
1170 848
1171 879
1172 849
1173 879
1174 870
1175 863
1176 864
1177 839
1178 877
1179 873
1180 870
1181 848
1182 847
1183 861
1184 870
1185 865
1186 850
1187 851
1188 838
1189 861
1190 842
1191 884
1192 849
1193 843
1194 858
1195 854
1196 848
1197 842
1198 849
1199 865
1200 844
1201 845
1202 848
1203 859
1204 846
1205 835
1206 843
1207 873
1208 848
1209 850
1210 851
1211 847
1212 861
1213 861
1214 864
1215 816
1216 853
1217 829
1218 840
1219 809
1220 859
1221 822
1222 850
1223 836
1224 861
1225 836
1226 836
1227 824
1228 825
1229 848
1230 822
1231 845
1232 821
1233 838
1234 845
1235 849
1236 849
1237 867
1238 838
1239 826
1240 824
1241 845
1242 815
1243 864
1244 847
1245 842
1246 840
1247 844
1248 851
1249 850
1250 851
1251 867
1252 835
1253 873
1254 847
1255 840
1256 841
1257 865
1258 843
1259 832
1260 854
1261 824
1262 856
1263 831
1264 837
1265 847
1266 873
1267 858
1268 852
1269 877
1270 875
1271 847
1272 866
1273 851
1274 863
1275 862
1276 888
1277 861
1278 874
1279 886
1280 867
1281 852
1282 865
1283 847
1284 863
1285 870
1286 839
1287 824
1288 831
1289 851
1290 835
1291 827
1292 823
1293 839
1294 817
1295 846
1296 809
1297 817
1298 821
1299 817
1300 830
1301 820
1302 842
1303 830
1304 806
1305 807
1306 812
1307 844
1308 820
1309 831
1310 829
1311 831
1312 813
1313 834
1314 822
1315 832
1316 867
1317 861
1318 854
1319 844
1320 840
1321 839
1322 859
1323 856
1324 869
1325 869
1326 866
1327 842
1328 859
1329 840
1330 865
1331 850
1332 864
1333 864
1334 851
1335 866
1336 844
1337 856
1338 879
1339 845
1340 870
1341 855
1342 861
1343 857
1344 843
1345 823
1346 870
1347 851
1348 859
1349 870
1350 836
1351 859
1352 873
1353 849
1354 846
1355 865
1356 847
1357 863
1358 865
1359 853
1360 844
1361 857
1362 846
1363 889
1364 856
1365 869
1366 839
1367 856
1368 827
1369 849
1370 853
1371 857
1372 838
1373 851
1374 855
1375 845
1376 851
1377 840
1378 859
1379 865
1380 871
1381 850
1382 871
1383 871
1384 873
1385 855
1386 863
1387 841
1388 853
1389 838
1390 824
1391 819
1392 833
1393 821
1394 836
1395 840
1396 850
1397 837
1398 843
1399 842
1400 862
1401 850
1402 852
1403 835
1404 856
1405 853
1406 840
1407 858
1408 852
1409 836
1410 861
1411 849
1412 875
1413 861
1414 875
1415 843
1416 874
1417 873
1418 877
1419 893
1420 866
1421 868
1422 860
1423 880
1424 858
1425 842
1426 854
1427 855
1428 820
1429 839
1430 839
1431 845
1432 853
1433 846
1434 870
1435 865
1436 854
1437 878
1438 846
1439 864
1440 839
1441 840
1442 859
1443 838
1444 839
1445 853
1446 856
1447 859
1448 850
1449 865
1450 863
1451 873
1452 853
1453 884
1454 871
1455 859
1456 875
1457 871
1458 874
1459 891
1460 874
1461 891
1462 900
1463 869
1464 880
1465 877
1466 886
1467 885
1468 909
1469 895
1470 895
1471 902
1472 865
1473 911
1474 883
1475 894
1476 883
1477 860
1478 880
1479 881
1480 845
1481 863
1482 841
1483 857
1484 855
1485 836
1486 884
1487 870
1488 868
1489 862
1490 876
1491 881
1492 861
1493 861
1494 876
1495 875
1496 849
1497 858
1498 857
1499 857
1500 840
1501 834
1502 842
1503 849
1504 839
1505 858
1506 854
1507 852
1508 873
1509 861
1510 874
1511 880
1512 903
1513 888
1514 861
1515 893
1516 867
1517 874
1518 865
1519 867
1520 853
1521 843
1522 822
1523 835
1524 813
1525 852
1526 830
1527 848
1528 837
1529 866
1530 838
1531 850
1532 835
1533 875
1534 872
1535 841
1536 859
1537 852
1538 872
1539 862
1540 885
1541 864
1542 893
1543 869
1544 870
1545 863
1546 864
1547 847
1548 848
1549 832
1550 830
1551 841
1552 844
1553 853
1554 843
1555 844
1556 890
1557 845
1558 876
1559 852
1560 870
1561 864
1562 871
1563 851
1564 868
1565 854
1566 869
1567 866
1568 861
1569 862
1570 845
1571 855
1572 875
1573 864
1574 859
1575 865
1576 842
1577 847
1578 874
1579 871
1580 874
1581 875
1582 856
1583 870
1584 860
1585 877
1586 855
1587 865
1588 855
1589 847
1590 845
1591 856
1592 868
1593 830
1594 828
1595 849
1596 832
1597 854
1598 861
1599 847
1600 836
1601 847
1602 850
1603 833
1604 837
1605 847
1606 859
1607 838
1608 839
1609 855
1610 859
1611 840
1612 859
1613 845
1614 856
1615 856
1616 862
1617 858
1618 860
1619 874
1620 847
1621 866
1622 881
1623 888
1624 869
1625 854
1626 886
1627 894
1628 883
1629 869
1630 876
1631 878
1632 875
1633 894
1634 856
1635 872
1636 862
1637 879
1638 840
1639 869
1640 850
1641 853
1642 860
1643 865
1644 842
1645 843
1646 848
1647 836
1648 858
1649 821
1650 824
1651 848
1652 856
1653 841
1654 823
1655 845
1656 877
1657 883
1658 864
1659 860
1660 866
1661 865
1662 861
1663 880
1664 864
1665 892
1666 869
1667 873
1668 875
1669 867
1670 866
1671 853
1672 864
1673 855
1674 880
1675 850
1676 856
1677 857
1678 843
1679 842
1680 853
1681 843
1682 850
1683 833
1684 870
1685 833
1686 865
1687 857
1688 868
1689 864
1690 841
1691 841
1692 852
1693 839
1694 839
1695 828
1696 858
1697 852
1698 865
1699 864
1700 871
1701 842
1702 858
1703 844
1704 857
1705 882
1706 852
1707 879
1708 850
1709 856
1710 849
1711 846
1712 850
1713 837
1714 845
1715 845
1716 831
1717 846
1718 836
1719 878
1720 874
1721 883
1722 880
1723 866
1724 870
1725 859
1726 875
1727 860
1728 879
1729 861
1730 888
1731 874
1732 885
1733 866
1734 872
1735 865
1736 870
1737 869
1738 875
1739 839
1740 864
1741 849
1742 856
1743 851
1744 852
1745 848
1746 837
1747 845
1748 837
1749 817
1750 849
1751 835
1752 821
1753 835
1754 812
1755 828
1756 808
1757 833
1758 825
1759 829
1760 811
1761 832
1762 803
1763 837
1764 833
1765 831
1766 803
1767 828
1768 828
1769 819
1770 821
1771 824
1772 861
1773 828
1774 853
1775 827
1776 822
1777 817
1778 843
1779 806
1780 827
1781 830
1782 823
1783 835
1784 834
1785 844
1786 811
1787 817
1788 800
1789 834
1790 824
1791 850
1792 859
1793 838
1794 847
1795 840
1796 833
1797 827
1798 828
1799 795
1800 835
1801 861
1802 837
1803 845
1804 817
1805 821
1806 808
1807 820
1808 802
1809 816
1810 831
1811 824
1812 837
1813 806
1814 838
1815 797
1816 815
1817 825
1818 837
1819 837
1820 819
1821 836
1822 818
1823 836
1824 847
1825 861
1826 840
1827 861
1828 874
1829 859
1830 868
1831 852
1832 872
1833 839
1834 864
1835 846
1836 880
1837 875
1838 881
1839 880
1840 875
1841 869
1842 877
1843 863
1844 858
1845 882
1846 859
1847 879
1848 859
1849 854
1850 854
1851 863
1852 878
1853 880
1854 863
1855 877
1856 857
1857 883
1858 878
1859 890
1860 896
1861 880
1862 875
1863 883
1864 865
1865 824
1866 861
1867 863
1868 889
1869 871
1870 862
1871 882
1872 875
1873 880
1874 893
1875 878
1876 878
1877 881
1878 857
1879 864
1880 867
1881 885
1882 893
1883 881
1884 881
1885 863
1886 867
1887 888
1888 877
1889 863
1890 880
1891 887
1892 891
1893 889
1894 871
1895 858
1896 836
1897 850
1898 838
1899 858
1900 836
1901 856
1902 828
1903 838
1904 811
1905 833
1906 818
1907 827
1908 804
1909 806
1910 842
1911 824
1912 815
1913 820
1914 806
1915 817
1916 798
1917 795
1918 803
1919 810
1920 834
1921 811
1922 817
1923 842
1924 830
1925 847
1926 849
1927 847
1928 824
1929 849
1930 844
1931 822
1932 813
1933 835
1934 815
1935 854
1936 829
1937 841
1938 835
1939 852
1940 831
1941 833
1942 829
1943 826
1944 849
1945 865
1946 814
1947 827
1948 810
1949 816
1950 853
1951 845
1952 852
1953 840
1954 853
1955 852
1956 826
1957 839
1958 839
1959 840
1960 855
1961 847
1962 848
1963 840
1964 847
1965 846
1966 863
1967 865
1968 862
1969 879
1970 867
1971 868
1972 856
1973 862
1974 853
1975 876
1976 855
1977 841
1978 846
1979 842
1980 856
1981 841
1982 855
1983 839
1984 849
1985 864
1986 850
1987 843
1988 867
1989 849
1990 869
1991 838
1992 860
1993 841
1994 872
1995 854
1996 839
1997 845
1998 860
1999 829
2000 850
2001 840
2002 855
2003 837
2004 853
2005 848
2006 847
2007 855
2008 843
2009 867
2010 842
2011 842
2012 857
2013 861
2014 841
2015 840
2016 838
2017 815
2018 829
2019 833
2020 836
2021 814
2022 836
2023 842
2024 824
2025 850
2026 837
2027 822
2028 850
2029 830
2030 815
2031 820
2032 825
2033 822
2034 826
2035 835
2036 821
2037 831
2038 839
2039 829
2040 838
2041 822
2042 841
2043 842
2044 849
2045 836
2046 865
2047 838
2048 852
2049 853
2050 859
2051 842
2052 866
2053 875
2054 872
2055 858
2056 876
2057 891
2058 856
2059 860
2060 827
2061 846
2062 849
2063 858
2064 817
2065 870
2066 831
2067 841
2068 798
2069 821
2070 819
2071 818
2072 808
2073 803
2074 811
2075 820
2076 805
2077 815
2078 827
2079 811
2080 822
2081 814
2082 795
2083 831
2084 802
2085 849
2086 840
2087 841
2088 814
2089 847
2090 842
2091 838
2092 833
2093 833
2094 857
2095 830
2096 849
2097 809
2098 828
2099 867
2100 846
2101 870
2102 853
2103 849
2104 852
2105 860
2106 879
2107 857
2108 892
2109 866
2110 881
2111 875
2112 888
2113 890
2114 879
2115 875
2116 876
2117 866
2118 861
2119 859
2120 846
2121 867
2122 886
2123 889
2124 900
2125 881
2126 874
2127 861
2128 856
2129 878
2130 874
2131 879
2132 870
2133 871
2134 868
2135 874
2136 871
2137 864
2138 839
2139 836
2140 831
2141 860
2142 859
2143 877
2144 897
2145 878
2146 881
2147 883
2148 885
2149 864
2150 887
2151 893
2152 880
2153 889
2154 877
2155 874
2156 872
2157 871
2158 853
2159 853
2160 852
2161 834
2162 849
2163 871
2164 888
2165 882
2166 882
2167 869
2168 866
2169 858
2170 855
2171 838
2172 849
2173 850
2174 868
2175 852
2176 857
2177 841
2178 825
2179 856
2180 829
2181 828
2182 863
2183 858
2184 845
2185 855
2186 868
2187 851
2188 871
2189 861
2190 860
2191 866
2192 851
2193 855
2194 860
2195 857
2196 853
2197 893
2198 878
2199 873
2200 867
2201 855
2202 866
2203 861
2204 860
2205 853
2206 853
2207 812
2208 849
2209 836
2210 847
2211 837
2212 831
2213 867
2214 837
2215 869
2216 848
2217 844
2218 838
2219 848
2220 848
2221 861
2222 835
2223 847
2224 876
2225 882
2226 885
2227 890
2228 856
2229 866
2230 844
2231 869
2232 858
2233 846
2234 829
2235 860
2236 850
2237 831
2238 845
2239 868
2240 852
2241 833
2242 844
2243 861
2244 862
2245 869
2246 867
2247 869
2248 879
2249 861
2250 885
2251 876
2252 882
2253 857
2254 853
2255 870
2256 847
2257 835
2258 851
2259 843
2260 853
2261 860
2262 841
2263 847
2264 839
2265 834
2266 815
2267 840
2268 852
2269 846
2270 843
2271 832
2272 840
2273 845
2274 832
2275 812
2276 837
2277 812
2278 837
2279 807
2280 795
2281 814
2282 798
2283 830
2284 847
2285 831
2286 835
2287 836
2288 864
2289 849
2290 848
2291 856
2292 861
2293 842
2294 865
2295 847
2296 844
2297 868
2298 863
2299 854
2300 858
2301 869
2302 843
2303 866
2304 844
2305 852
2306 856
2307 868
2308 876
2309 885
2310 866
2311 858
2312 872
2313 866
2314 869
2315 860
2316 890
2317 860
2318 917
2319 852
2320 873
2321 863
2322 865
2323 864
2324 865
2325 882
2326 873
2327 861
2328 871
2329 874
2330 859
2331 885
2332 862
2333 885
2334 881
2335 878
2336 884
2337 877
2338 871
2339 862
2340 861
2341 852
2342 871
2343 857
2344 867
2345 864
2346 855
2347 847
2348 841
2349 845
2350 842
2351 864
2352 844
2353 832
2354 837
2355 826
2356 829
2357 814
2358 840
2359 843
2360 843
2361 814
2362 826
2363 826
2364 840
2365 862
2366 846
2367 837
2368 844
2369 863
2370 846
2371 847
2372 873
2373 860
2374 879
2375 835
2376 836
2377 848
2378 838
2379 844
2380 868
2381 825
2382 843
2383 849
2384 857
2385 844
2386 854
2387 848
2388 825
2389 819
2390 813
2391 825
2392 862
2393 839
2394 850
2395 844
2396 840
2397 851
2398 818
2399 842
2400 818
2401 816
2402 832
2403 834
2404 833
2405 827
2406 812
2407 840
2408 831
2409 826
2410 827
2411 842
2412 838
2413 839
2414 828
2415 833
2416 819
2417 864
2418 811
2419 826
2420 825
2421 839
2422 843
2423 832
2424 806
2425 837
2426 813
2427 870
2428 837
2429 863
2430 869
2431 839
2432 823
2433 818
2434 838
2435 837
2436 863
2437 869
2438 852
2439 872
2440 859
2441 877
2442 840
2443 868
2444 833
2445 872
2446 863
2447 873
2448 869
2449 861
2450 839
2451 877
2452 864
2453 859
2454 849
2455 861
2456 862
2457 845
2458 832
2459 846
2460 826
2461 791
2462 815
2463 794
2464 811
2465 810
2466 818
2467 803
2468 817
2469 827
2470 804
2471 811
2472 814
2473 803
2474 816
2475 815
2476 814
2477 786
2478 812
2479 810
2480 818
2481 829
2482 822
2483 844
2484 830
2485 830
2486 831
2487 833
2488 825
2489 818
2490 854
2491 836
2492 842
2493 825
2494 818
2495 835
2496 842
2497 825
2498 850
2499 847
2500 851
2501 859
2502 863
2503 865
2504 855
2505 841
2506 858
2507 851
2508 852
2509 838
2510 854
2511 853
2512 858
2513 838
2514 832
2515 820
2516 828
2517 838
2518 821
2519 825
2520 815
2521 820
2522 812
2523 822
2524 813
2525 801
2526 837
2527 825
2528 852
2529 834
2530 826
2531 828
2532 826
2533 845
2534 827
2535 841
2536 842
2537 837
2538 835
2539 843
2540 831
2541 843
2542 839
2543 815
2544 831
2545 825
2546 833
2547 844
2548 838
2549 837
2550 825
2551 832
2552 835
2553 832
2554 837
2555 833
2556 813
2557 847
2558 835
2559 827
2560 832
2561 844
2562 833
2563 839
2564 830
2565 814
2566 819
2567 826
2568 848
2569 843
2570 833
2571 835
2572 824
2573 845
2574 810
2575 809
2576 790
2577 811
2578 831
2579 823
2580 836
2581 824
2582 845
2583 839
2584 845
2585 839
2586 827
2587 847
2588 843
2589 833
2590 855
2591 852
2592 846
2593 854
2594 845
2595 843
2596 829
2597 811
2598 817
2599 826
2600 808
2601 807
2602 799
2603 800
2604 817
2605 818
2606 838
2607 829
2608 851
2609 811
2610 833
2611 820
2612 824
2613 799
2614 840
2615 804
2616 834
2617 842
2618 844
2619 806
2620 827
2621 823
2622 811
2623 816
2624 803
2625 802
2626 811
2627 821
2628 816
2629 820
2630 801
2631 829
2632 836
2633 809
2634 806
2635 808
2636 821
2637 792
2638 791
2639 809
2640 800
2641 801
2642 818
2643 799
2644 779
2645 829
2646 821
2647 814
2648 830
2649 808
2650 830
2651 852
2652 870
2653 858
2654 869
2655 871
2656 864
2657 853
2658 862
2659 867
2660 862
2661 875
2662 873
2663 858
2664 882
2665 871
2666 886
2667 873
2668 848
2669 855
2670 851
2671 844
2672 868
2673 818
2674 834
2675 834
2676 847
2677 861
2678 838
2679 849
2680 842
2681 832
2682 829
2683 855
2684 841
2685 851
2686 853
2687 845
2688 845
2689 832
2690 839
2691 836
2692 806
2693 854
2694 849
2695 834
2696 856
2697 850
2698 843
2699 857
2700 859
2701 844
2702 847
2703 841
2704 809
2705 825
2706 829
2707 817
2708 799
2709 826
2710 819
2711 837
2712 854
2713 825
2714 857
2715 814
2716 846
2717 818
2718 837
2719 806
2720 821
2721 824
2722 850
2723 864
2724 841
2725 855
2726 857
2727 857
2728 849
2729 850
2730 849
2731 879
2732 852
2733 847
2734 845
2735 865
2736 845
2737 850
2738 844
2739 819
2740 847
2741 828
2742 815
2743 827
2744 814
2745 805
2746 812
2747 828
2748 840
2749 837
2750 829
2751 811
2752 812
2753 811
2754 830
2755 842
2756 828
2757 839
2758 837
2759 841
2760 824
2761 837
2762 836
2763 849
2764 823
2765 833
2766 842
2767 835
2768 840
2769 821
2770 851
2771 825
2772 832
2773 845
2774 850
2775 848
2776 847
2777 852
2778 852
2779 836
2780 853
2781 837
2782 845
2783 846
2784 808
2785 827
2786 812
2787 828
2788 812
2789 839
2790 842
2791 834
2792 833
2793 831
2794 827
2795 808
2796 841
2797 818
2798 847
2799 794
2800 825
2801 808
2802 829
2803 837
2804 839
2805 829
2806 849
2807 838
2808 834
2809 842
2810 853
2811 841
2812 863
2813 850
2814 845
2815 842
2816 832
2817 823
2818 844
2819 832
2820 870
2821 842
2822 871
2823 870
2824 867
2825 883
2826 863
2827 870
2828 887
2829 864
2830 871
2831 859
2832 863
2833 875
2834 889
2835 859
2836 872
2837 858
2838 878
2839 846
2840 873
2841 835
2842 871
2843 863
2844 868
2845 857
2846 856
2847 868
2848 860
2849 841
2850 857
2851 839
2852 856
2853 863
2854 865
2855 847
2856 849
2857 848
2858 872
2859 847
2860 855
2861 850
2862 854
2863 855
2864 856
2865 852
2866 886
2867 875
2868 892
2869 887
2870 866
2871 870
2872 861
2873 870
2874 885
2875 856
2876 840
2877 849
2878 847
2879 861
2880 879
2881 844
2882 859
2883 856
2884 869
2885 836
2886 835
2887 845
2888 831
2889 858
2890 848
2891 867
2892 850
2893 831
2894 865
2895 864
2896 883
2897 880
2898 900
2899 884
2900 879
2901 869
2902 861
2903 850
2904 882
2905 859
2906 849
2907 858
2908 840
2909 873
2910 842
2911 845
2912 851
2913 873
2914 845
2915 823
2916 848
2917 827
2918 822
2919 817
2920 821
2921 814
2922 820
2923 825
2924 806
2925 799
2926 826
2927 809
2928 804
2929 851
2930 843
2931 866
2932 858
2933 852
2934 867
2935 860
2936 864
2937 839
2938 856
2939 878
2940 867
2941 870
2942 873
2943 879
2944 851
2945 848
2946 864
2947 867
2948 880
2949 869
2950 848
2951 876
2952 867
2953 853
2954 851
2955 826
2956 844
2957 819
2958 839
2959 824
2960 840
2961 830
2962 822
2963 841
2964 846
2965 825
2966 823
2967 839
2968 805
2969 816
2970 832
2971 837
2972 863
2973 844
2974 850
2975 834
2976 856
2977 839
2978 879
2979 841
2980 846
2981 860
2982 858
2983 854
2984 863
2985 855
2986 853
2987 849
2988 834
2989 844
2990 823
2991 849
2992 835
2993 869
2994 858
2995 867
2996 845
2997 858
2998 848
2999 855
3000 860
3001 866
3002 849
3003 870
3004 855
3005 876
3006 840
3007 859
3008 843
3009 846
3010 830
3011 831
3012 809
3013 828
3014 819
3015 864
3016 849
3017 846
3018 870
3019 824
3020 847
3021 840
3022 851
3023 847
3024 862
3025 839
3026 846
3027 885
3028 826
3029 860
3030 842
3031 849
3032 857
3033 841
3034 856
3035 843
3036 803
3037 815
3038 829
3039 836
3040 802
3041 854
3042 866
3043 854
3044 845
3045 843
3046 869
3047 846
3048 882
3049 862
3050 851
3051 843
3052 845
3053 848
3054 849
3055 855
3056 826
3057 865
3058 847
3059 845
3060 841
3061 844
3062 862
3063 827
3064 856
3065 864
3066 860
3067 856
3068 844
3069 854
3070 847
3071 870
3072 848
3073 861
3074 870
3075 841
3076 839
3077 870
3078 851
3079 862
3080 855
3081 848
3082 854
3083 854
3084 858
3085 862
3086 844
3087 859
3088 854
3089 878
3090 881
3091 885
3092 882
3093 879
3094 878
3095 867
3096 860
3097 866
3098 842
3099 861
3100 870
3101 873
3102 886
3103 863
3104 875
3105 842
3106 853
3107 864
3108 848
3109 858
3110 846
3111 839
3112 817
3113 824
3114 808
3115 833
3116 849
3117 852
3118 840
3119 861
3120 852
3121 825
3122 820
3123 857
3124 852
3125 854
3126 825
3127 834
3128 828
3129 847
3130 845
3131 863
3132 866
3133 854
3134 863
3135 856
3136 857
3137 850
3138 858
3139 844
3140 861
3141 824
3142 846
3143 847
3144 817
3145 846
3146 848
3147 837
3148 860
3149 850
3150 856
3151 841
3152 829
3153 841
3154 854
3155 845
3156 857
3157 839
3158 870
3159 845
3160 840
3161 834
3162 830
3163 852
3164 836
3165 847
3166 843
3167 850
3168 843
3169 846
3170 842
3171 838
3172 838
3173 842
3174 845
3175 862
3176 851
3177 881
3178 845
3179 843
3180 828
3181 864
3182 835
3183 863
3184 865
3185 872
3186 877
3187 870
3188 857
3189 865
3190 842
3191 845
3192 874
3193 871
3194 855
3195 867
3196 865
3197 858
3198 858
3199 840
3200 861
3201 868
3202 863
3203 844
3204 858
3205 865
3206 872
3207 858
3208 852
3209 842
3210 848
3211 853
3212 862
3213 868
3214 870
3215 858
3216 888
3217 876
3218 883
3219 878
3220 846
3221 866
3222 862
3223 860
3224 860
3225 873
3226 864
3227 864
3228 883
3229 855
3230 852
3231 858
3232 879
3233 889
3234 871
3235 866
3236 856
3237 849
3238 842
3239 842
3240 851
3241 862
3242 865
3243 845
3244 877
3245 846
3246 859
3247 834
3248 824
3249 829
3250 845
3251 825
3252 820
3253 836
3254 833
3255 812
3256 842
3257 820
3258 827
3259 846
3260 814
3261 827
3262 825
3263 829
3264 852
3265 837
3266 852
3267 830
3268 852
3269 840
3270 846
3271 863
3272 845
3273 844
3274 846
3275 862
3276 847
3277 867
3278 855
3279 853
3280 864
3281 858
3282 851
3283 854
3284 857
3285 864
3286 856
3287 865
3288 877
3289 854
3290 855
3291 853
3292 853
3293 874
3294 866
3295 843
3296 875
3297 872
3298 858
3299 857
3300 881
3301 872
3302 865
3303 850
3304 852
3305 836
3306 843
3307 840
3308 837
3309 839
3310 848
3311 827
3312 835
3313 821
3314 843
3315 844
3316 825
3317 842
3318 844
3319 833
3320 851
3321 844
3322 842
3323 845
3324 837
3325 865
3326 859
3327 834
3328 841
3329 864
3330 867
3331 870
3332 875
3333 871
3334 878
3335 890
3336 869
3337 895
3338 862
3339 881
3340 870
3341 906
3342 866
3343 856
3344 867
3345 858
3346 870
3347 863
3348 854
3349 834
3350 839
3351 832
3352 835
3353 826
3354 848
3355 824
3356 822
3357 833
3358 853
3359 824
3360 870
3361 852
3362 846
3363 846
3364 820
3365 831
3366 844
3367 833
3368 833
3369 836
3370 823
3371 832
3372 835
3373 808
3374 832
3375 831
3376 827
3377 848
3378 847
3379 847
3380 815
3381 815
3382 829
3383 815
3384 851
3385 804
3386 809
3387 831
3388 822
3389 807
3390 816
3391 792
3392 807
3393 801
3394 802
3395 823
3396 811
3397 832
3398 802
3399 842
3400 808
3401 844
3402 871
3403 814
3404 829
3405 812
3406 834
3407 849
3408 859
3409 852
3410 878
3411 867
3412 869
3413 867
3414 854
3415 862
3416 846
3417 870
3418 829
3419 865
3420 841
3421 859
3422 833
3423 862
3424 844
3425 827
3426 842
3427 844
3428 831
3429 844
3430 808
3431 807
3432 828
3433 821
3434 806
3435 817
3436 851
3437 831
3438 858
3439 859
3440 851
3441 873
3442 861
3443 867
3444 852
3445 872
3446 884
3447 878
3448 882
3449 871
3450 858
3451 877
3452 858
3453 871
3454 866
3455 866
3456 860
3457 869
3458 847
3459 829
3460 855
3461 854
3462 864
3463 859
3464 847
3465 840
3466 854
3467 836
3468 850
3469 847
3470 853
3471 839
3472 829
3473 836
3474 826
3475 832
3476 805
3477 837
3478 857
3479 849
3480 858
3481 821
3482 845
3483 802
3484 823
3485 810
3486 812
3487 811
3488 799
3489 807
3490 805
3491 815
3492 806
3493 795
3494 801
3495 823
3496 809
3497 828
3498 845
3499 828
3500 815
3501 816
3502 805
3503 786
3504 783
3505 792
3506 774
3507 789
3508 810
3509 799
3510 797
3511 819
3512 790
3513 815
3514 815
3515 831
3516 841
3517 832
3518 826
3519 826
3520 835
3521 813
3522 832
3523 814
3524 813
3525 831
3526 791
3527 812
3528 811
3529 836
3530 821
3531 828
3532 837
3533 821
3534 794
3535 826
3536 799
3537 814
3538 814
3539 835
3540 807
3541 802
3542 826
3543 801
3544 818
3545 796
3546 815
3547 818
3548 826
3549 851
3550 855
3551 856
3552 847
3553 824
3554 828
3555 844
3556 817
3557 843
3558 848
3559 843
3560 831
3561 848
3562 845
3563 873
3564 840
3565 864
3566 847
3567 863
3568 849
3569 858
3570 874
3571 882
3572 849
3573 827
3574 827
3575 850
3576 838
3577 851
3578 859
3579 845
3580 828
3581 868
3582 824
3583 856
3584 856
3585 853
3586 847
3587 873
3588 860
3589 861
3590 881
3591 864
3592 874
3593 845
3594 866
3595 865
3596 837
3597 848
3598 835
3599 822
3600 839
3601 800
3602 833
3603 825
3604 830
3605 825
3606 797
3607 794
3608 801
3609 810
3610 812
3611 812
3612 825
3613 826
3614 848
3615 843
3616 855
3617 847
3618 849
3619 856
3620 853
3621 828
3622 824
3623 810
3624 857
3625 841
3626 814
3627 852
3628 837
3629 846
3630 836
3631 856
3632 840
3633 863
3634 835
3635 840
3636 835
3637 814
3638 829
3639 849
3640 833
3641 845
3642 813
3643 842
3644 842
3645 836
3646 812
3647 850
3648 847
3649 851
3650 831
3651 854
3652 853
3653 827
3654 811
3655 807
3656 822
3657 837
3658 853
3659 850
3660 850
3661 851
3662 847
3663 825
3664 858
3665 864
3666 853
3667 849
3668 831
3669 824
3670 860
3671 801
3672 826
3673 816
3674 811
3675 832
3676 821
3677 830
3678 825
3679 828
3680 835
3681 851
3682 837
3683 838
3684 852
3685 831
3686 854
3687 815
3688 854
3689 826
3690 843
3691 867
3692 842
3693 856
3694 838
3695 863
3696 845
3697 832
3698 804
3699 832
3700 850
3701 843
3702 834
3703 863
3704 829
3705 859
3706 848
3707 871
3708 858
3709 844
3710 847
3711 859
3712 849
3713 836
3714 860
3715 852
3716 849
3717 859
3718 857
3719 849
3720 850
3721 824
3722 835
3723 855
3724 841
3725 832
3726 831
3727 841
3728 833
3729 839
3730 840
3731 848
3732 826
3733 832
3734 822
3735 817
3736 816
3737 857
3738 853
3739 845
3740 845
3741 845
3742 829
3743 833
3744 847
3745 853
3746 842
3747 857
3748 857
3749 862
3750 857
3751 865
3752 877
3753 860
3754 870
3755 891
3756 873
3757 917
3758 896
3759 891
3760 856
3761 877
3762 874
3763 877
3764 887
3765 882
3766 878
3767 875
3768 852
3769 870
3770 881
3771 869
3772 859
3773 861
3774 868
3775 886
3776 877
3777 895
3778 879
3779 860
3780 844
3781 861
3782 851
3783 860
3784 840
3785 835
3786 802
3787 823
3788 829
3789 829
3790 836
3791 859
3792 851
3793 865
3794 852
3795 856
3796 859
3797 836
3798 861
3799 832
3800 859
3801 855
3802 862
3803 837
3804 841
3805 852
3806 854
3807 839
3808 854
3809 847
3810 838
3811 861
3812 855
3813 860
3814 845
3815 848
3816 845
3817 842
3818 849
3819 810
3820 857
3821 816
3822 850
3823 835
3824 825
3825 835
3826 822
3827 853
3828 843
3829 868
3830 843
3831 859
3832 840
3833 843
3834 829
3835 850
3836 848
3837 842
3838 856
3839 858
3840 872
3841 873
3842 854
3843 869
3844 874
3845 854
3846 862
3847 884
3848 871
3849 885
3850 881
3851 871
3852 856
3853 858
3854 841
3855 853
3856 854
3857 826
3858 828
3859 822
3860 821
3861 822
3862 828
3863 841
3864 854
3865 863
3866 849
3867 857
3868 863
3869 859
3870 871
3871 841
3872 856
3873 863
3874 873
3875 849
3876 844
3877 875
3878 858
3879 870
3880 864
3881 868
3882 879
3883 859
3884 850
3885 859
3886 854
3887 832
3888 861
3889 875
3890 863
3891 848
3892 866
3893 862
3894 827
3895 864
3896 860
3897 852
3898 847
3899 877
3900 873
3901 885
3902 867
3903 878
3904 851
3905 860
3906 864
3907 863
3908 859
3909 845
3910 883
3911 850
3912 864
3913 882
3914 872
3915 888
3916 898
3917 886
3918 887
3919 898
3920 863
3921 867
3922 864
3923 851
3924 875
3925 887
3926 891
3927 871
3928 858
3929 845
3930 888
3931 854
3932 879
3933 879
3934 850
3935 873
3936 854
3937 883
3938 861
3939 887
3940 862
3941 864
3942 854
3943 849
3944 870
3945 876
3946 843
3947 855
3948 843
3949 852
3950 868
3951 857
3952 830
3953 855
3954 856
3955 833
3956 860
3957 840
3958 834
3959 835
3960 846
3961 832
3962 853
3963 837
3964 842
3965 827
3966 815
3967 809
3968 803
3969 794
3970 782
3971 791
3972 810
3973 805
3974 805
3975 841
3976 810
3977 814
3978 816
3979 807
3980 808
3981 843
3982 819
3983 823
3984 836
3985 826
3986 827
3987 847
3988 861
3989 838
3990 836
3991 841
3992 817
3993 821
3994 837
3995 846
3996 823
3997 852
3998 858
3999 843
4000 854
4001 873
4002 870
4003 856
4004 885
4005 853
4006 842
4007 855
4008 859
4009 839
4010 851
4011 849
4012 821
4013 853
4014 846
4015 805
4016 860
4017 832
4018 824
4019 834
4020 823
4021 823
4022 824
4023 832
4024 861
4025 851
4026 834
4027 867
4028 818
4029 848
4030 834
4031 843
4032 817
4033 832
4034 837
4035 848
4036 834
4037 811
4038 845
4039 812
4040 827
4041 838
4042 823
4043 837
4044 855
4045 846
4046 831
4047 834
4048 816
4049 829
4050 836
4051 830
4052 846
4053 842
4054 856
4055 842
4056 851
4057 840
4058 828
4059 833
4060 810
4061 826
4062 797
4063 824
4064 838
4065 814
4066 811
4067 861
4068 834
4069 852
4070 826
4071 838
4072 822
4073 832
4074 827
4075 819
4076 828
4077 836
4078 862
4079 847
4080 860
4081 840
4082 855
4083 837
4084 861
4085 863
4086 866
4087 835
4088 879
4089 858
4090 875
4091 873
4092 846
4093 868
4094 877
4095 871
4096 877
4097 851
4098 859
4099 854
4100 883
4101 860
4102 858
4103 858
4104 877
4105 876
4106 880
4107 873
4108 895
4109 900
4110 881
4111 893
4112 916
4113 890
4114 905
4115 917
4116 887
4117 897
4118 881
4119 919
4120 905
4121 894
4122 878
4123 884
4124 873
4125 876
4126 854
4127 880
4128 878
4129 881
4130 871
4131 877
4132 865
4133 872
4134 874
4135 878
4136 886
4137 862
4138 880
4139 885
4140 891
4141 895
4142 860
4143 881
4144 891
4145 849
4146 886
4147 858
4148 852
4149 879
4150 869
4151 870
4152 875
4153 847
4154 858
4155 885
4156 882
4157 873
4158 869
4159 885
4160 875
4161 866
4162 870
4163 859
4164 864
4165 902
4166 871
4167 861
4168 869
4169 865
4170 839
4171 865
4172 850
4173 850
4174 830
4175 838
4176 838
4177 852
4178 838
4179 849
4180 859
4181 864
4182 861
4183 876
4184 841
4185 868
4186 880
4187 869
4188 855
4189 855
4190 850
4191 859
4192 834
4193 851
4194 841
4195 852
4196 841
4197 838
4198 838
4199 868
4200 849
4201 846
4202 848
4203 834
4204 855
4205 844
4206 861
4207 836
4208 860
4209 827
4210 870
4211 865
4212 875
4213 856
4214 871
4215 870
4216 865
4217 862
4218 871
4219 856
4220 858
4221 891
4222 858
4223 864
4224 865
4225 880
4226 846
4227 855
4228 838
4229 839
4230 832
4231 874
4232 840
4233 853
4234 827
4235 868
4236 849
4237 881
4238 856
4239 856
4240 857
4241 862
4242 842
4243 890
4244 862
4245 902
4246 878
4247 863
4248 863
4249 863
4250 857
4251 876
4252 882
4253 883
4254 876
4255 868
4256 897
4257 865
4258 873
4259 865
4260 847
4261 857
4262 867
4263 857
4264 850
4265 876
4266 870
4267 873
4268 889
4269 857
4270 851
4271 891
4272 847
4273 859
4274 836
4275 856
4276 859
4277 858
4278 876
4279 874
4280 888
4281 883
4282 892
4283 879
4284 872
4285 873
4286 875
4287 874
4288 877
4289 856
4290 864
4291 846
4292 879
4293 869
4294 883
4295 866
4296 867
4297 888
4298 883
4299 884
4300 856
4301 875
4302 841
4303 843
4304 847
4305 874
4306 860
4307 894
4308 868
4309 854
4310 862
4311 867
4312 863
4313 848
4314 852
4315 853
4316 848
4317 852
4318 849
4319 829
4320 835
4321 843
4322 853
4323 859
4324 844
4325 862
4326 844
4327 880
4328 863
4329 868
4330 855
4331 870
4332 856
4333 861
4334 856
4335 863
4336 883
4337 886
4338 882
4339 889
4340 892
4341 910
4342 912
4343 900
4344 883
4345 913
4346 907
4347 909
4348 888
4349 896
4350 880
4351 893
4352 878
4353 893
4354 880
4355 899
4356 868
4357 849
4358 847
4359 831
4360 847
4361 846
4362 867
4363 860
4364 865
4365 868
4366 857
4367 854
4368 845
4369 852
4370 841
4371 834
4372 829
4373 830
4374 825
4375 810
4376 823
4377 854
4378 816
4379 836
4380 841
4381 826
4382 849
4383 865
4384 851
4385 846
4386 860
4387 853
4388 866
4389 841
4390 847
4391 850
4392 853
4393 841
4394 840
4395 832
4396 846
4397 836
4398 845
4399 825
4400 839
4401 841
4402 843
4403 850
4404 861
4405 871
4406 874
4407 861
4408 852
4409 840
4410 824
4411 828
4412 867
4413 832
4414 894
4415 855
4416 863
4417 853
4418 893
4419 889
4420 875
4421 885
4422 862
4423 874
4424 856
4425 870
4426 860
4427 867
4428 861
4429 856
4430 847
4431 861
4432 838
4433 830
4434 859
4435 841
4436 856
4437 842
4438 845
4439 831
4440 843
4441 814
4442 842
4443 845
4444 850
4445 872
4446 861
4447 864
4448 884
4449 840
4450 852
4451 856
4452 880
4453 861
4454 866
4455 868
4456 864
4457 867
4458 884
4459 842
4460 855
4461 869
4462 876
4463 846
4464 863
4465 843
4466 824
4467 856
4468 812
4469 832
4470 839
4471 813
4472 864
4473 814
4474 812
4475 835
4476 831
4477 817
4478 838
4479 850
4480 840
4481 837
4482 869
4483 850
4484 856
4485 843
4486 853
4487 850
4488 857
4489 820
4490 834
4491 830
4492 842
4493 839
4494 850
4495 854
4496 850
4497 862
4498 864
4499 846
4500 840
4501 847
4502 850
4503 842
4504 846
4505 851
4506 856
4507 839
4508 836
4509 862
4510 850
4511 866
4512 826
4513 821
4514 843
4515 800
4516 816
4517 837
4518 844
4519 861
4520 847
4521 864
4522 826
4523 851
4524 864
4525 855
4526 856
4527 837
4528 858
4529 855
4530 842
4531 822
4532 825
4533 825
4534 825
4535 839
4536 839
4537 869
4538 841
4539 853
4540 829
4541 837
4542 824
4543 838
4544 824
4545 851
4546 843
4547 831
4548 843
4549 821
4550 841
4551 857
4552 844
4553 824
4554 848
4555 820
4556 849
4557 842
4558 850
4559 837
4560 860
4561 835
4562 859
4563 846
4564 861
4565 854
4566 831
4567 860
4568 830
4569 830
4570 837
4571 834
4572 813
4573 809
4574 831
4575 813
4576 845
4577 831
4578 832
4579 810
4580 827
4581 844
4582 834
4583 846
4584 847
4585 826
4586 825
4587 842
4588 831
4589 825
4590 795
4591 810
4592 820
4593 830
4594 824
4595 861
4596 842
4597 870
4598 829
4599 843
4600 852
4601 826
4602 803
4603 840
4604 822
4605 834
4606 861
4607 845
4608 859
4609 835
4610 846
4611 836
4612 852
4613 855
4614 866
4615 856
4616 846
4617 849
4618 832
4619 847
4620 846
4621 833
4622 830
4623 860
4624 859
4625 844
4626 863
4627 833
4628 834
4629 814
4630 856
4631 822
4632 849
4633 852
4634 854
4635 848
4636 831
4637 856
4638 869
4639 850
4640 876
4641 879
4642 851
4643 875
4644 845
4645 851
4646 846
4647 845
4648 826
4649 861
4650 848
4651 852
4652 849
4653 849
4654 845
4655 861
4656 869
4657 854
4658 875
4659 847
4660 868
4661 872
4662 882
4663 884
4664 885
4665 876
4666 864
4667 875
4668 862
4669 880
4670 885
4671 893
4672 873
4673 877
4674 876
4675 883
4676 885
4677 875
4678 891
4679 881
4680 891
4681 855
4682 868
4683 872
4684 873
4685 864
4686 864
4687 862
4688 855
4689 860
4690 873
4691 857
4692 882
4693 863
4694 886
4695 872
4696 876
4697 882
4698 891
4699 893
4700 875
4701 860
4702 882
4703 856
4704 852
4705 875
4706 867
4707 861
4708 848
4709 858
4710 860
4711 837
4712 842
4713 844
4714 869
4715 858
4716 871
4717 826
4718 849
4719 824
4720 845
4721 826
4722 865
4723 822
4724 852
4725 865
4726 871
4727 847
4728 861
4729 844
4730 853
4731 827
4732 830
4733 845
4734 837
4735 817
4736 836
4737 836
4738 838
4739 842
4740 871
4741 860
4742 847
4743 832
4744 865
4745 863
4746 871
4747 867
4748 878
4749 868
4750 871
4751 860
4752 862
4753 864
4754 879
4755 859
4756 873
4757 874
4758 863
4759 870
4760 867
4761 844
4762 872
4763 848
4764 869
4765 844
4766 851
4767 829
4768 853
4769 849
4770 867
4771 876
4772 861
4773 851
4774 866
4775 865
4776 856
4777 867
4778 874
4779 873
4780 842
4781 856
4782 850
4783 862
4784 863
4785 829
4786 841
4787 816
4788 880
4789 841
4790 870
4791 855
4792 855
4793 862
4794 856
4795 865
4796 848
4797 852
4798 868
4799 843
4800 847
4801 845
4802 836
4803 838
4804 845
4805 853
4806 837
4807 829
4808 841
4809 831
4810 846
4811 852
4812 829
4813 825
4814 843
4815 843
4816 853
4817 838
4818 863
4819 825
4820 848
4821 856
4822 825
4823 832
4824 802
4825 828
4826 822
4827 845
4828 812
4829 824
4830 822
4831 821
4832 841
4833 833
4834 864
4835 858
4836 847
4837 832
4838 830
4839 853
4840 841
4841 850
4842 853
4843 840
4844 852
4845 830
4846 846
4847 844
4848 824
4849 834
4850 846
4851 844
4852 827
4853 844
4854 858
4855 823
4856 825
4857 854
4858 863
4859 854
4860 859
4861 853
4862 850
4863 826
4864 850
4865 843
4866 845
4867 835
4868 843
4869 829
4870 853
4871 835
4872 844
4873 843
4874 818
4875 857
4876 848
4877 844
4878 862
4879 857
4880 861
4881 864
4882 834
4883 863
4884 844
4885 867
4886 877
4887 870
4888 880
4889 874
4890 871
4891 873
4892 879
4893 846
4894 859
4895 874
4896 848
4897 863
4898 870
4899 872
4900 872
4901 855
4902 877
4903 865
4904 894
4905 885
4906 877
4907 875
4908 870
4909 860
4910 827
4911 862
4912 869
4913 873
4914 872
4915 866
4916 867
4917 863
4918 867
4919 879
4920 851
4921 861
4922 851
4923 871
4924 854
4925 842
4926 850
4927 863
4928 861
4929 864
4930 843
4931 863
4932 852
4933 850
4934 874
4935 873
4936 863
4937 859
4938 869
4939 860
4940 851
4941 855
4942 864
4943 849
4944 859
4945 849
4946 857
4947 841
4948 849
4949 821
4950 854
4951 808
4952 830
4953 825
4954 807
4955 833
4956 838
4957 844
4958 868
4959 872
4960 854
4961 845
4962 841
4963 852
4964 853
4965 850
4966 854
4967 861
4968 864
4969 884
4970 883
4971 878
4972 860
4973 844
4974 865
4975 871
4976 865
4977 846
4978 860
4979 836
4980 819
4981 824
4982 829
4983 844
4984 826
4985 847
4986 853
4987 855
4988 858
4989 841
4990 861
4991 848
4992 856
4993 836
4994 834
4995 848
4996 871
4997 865
4998 858
4999 870
5000 867
5001 859
5002 862
5003 829
5004 858
5005 856
5006 842
5007 865
5008 885
5009 879
5010 852
5011 861
5012 863
5013 901
5014 852
5015 868
5016 897
5017 879
5018 878
5019 885
5020 858
5021 883
5022 902
5023 869
5024 869
5025 870
5026 871
5027 855
5028 865
5029 861
5030 876
5031 864
5032 873
5033 869
5034 876
5035 850
5036 862
5037 867
5038 880
5039 856
5040 847
5041 891
5042 841
5043 854
5044 852
5045 843
5046 849
5047 867
5048 849
5049 867
5050 860
5051 864
5052 856
5053 871
5054 862
5055 858
5056 859
5057 850
5058 866
5059 856
5060 875
5061 868
5062 885
5063 854
5064 850
5065 849
5066 849
5067 856
5068 871
5069 847
5070 860
5071 837
5072 844
5073 841
5074 836
5075 836
5076 831
5077 801
5078 816
5079 868
5080 832
5081 830
5082 824
5083 836
5084 846
5085 850
5086 845
5087 841
5088 843
5089 841
5090 846
5091 853
5092 842
5093 860
5094 843
5095 871
5096 842
5097 873
5098 856
5099 867
5100 886
5101 888
5102 891
5103 861
5104 896
5105 871
5106 866
5107 867
5108 868
5109 864
5110 874
5111 873
5112 860
5113 856
5114 862
5115 849
5116 860
5117 855
5118 839
5119 870
5120 869
5121 844
5122 849
5123 847
5124 864
5125 857
5126 859
5127 846
5128 854
5129 841
5130 844
5131 853
5132 854
5133 847
5134 864
5135 864
5136 851
5137 867
5138 863
5139 865
5140 857
5141 844
5142 868
5143 843
5144 844
5145 863
5146 848
5147 866
5148 863
5149 861
5150 866
5151 877
5152 891
5153 881
5154 871
5155 868
5156 864
5157 874
5158 850
5159 879
5160 847
5161 851
5162 851
5163 860
5164 844
5165 847
5166 849
5167 857
5168 827
5169 867
5170 855
5171 854
5172 851
5173 831
5174 832
5175 842
5176 852
5177 876
5178 853
5179 889
5180 841
5181 866
5182 851
5183 865
5184 858
5185 847
5186 840
5187 864
5188 875
5189 869
5190 861
5191 881
5192 857
5193 859
5194 860
5195 861
5196 841
5197 857
5198 847
5199 852
5200 866
5201 875
5202 868
5203 868
5204 869
5205 894
5206 871
5207 886
5208 868
5209 882
5210 863
5211 841
5212 885
5213 862
5214 867
5215 860
5216 871
5217 868
5218 851
5219 854
5220 852
5221 864
5222 864
5223 865
5224 879
5225 859
5226 864
5227 858
5228 878
5229 857
5230 865
5231 840
5232 865
5233 836
5234 857
5235 869
5236 852
5237 861
5238 851
5239 853
5240 848
5241 835
5242 832
5243 840
5244 829
5245 826
5246 818
5247 863
5248 846
5249 851
5250 855
5251 858
5252 833
5253 833
5254 862
5255 845
5256 848
5257 870
5258 841
5259 833
5260 832
5261 855
5262 832
5263 874
5264 864
5265 862
5266 864
5267 871
5268 840
5269 875
5270 859
5271 864
5272 852
5273 840
5274 863
5275 864
5276 854
5277 853
5278 854
5279 884
5280 882
5281 878
5282 871
5283 881
5284 882
5285 882
5286 857
5287 860
5288 861
5289 858
5290 862
5291 857
5292 852
5293 847
5294 824
5295 843
5296 839
5297 833
5298 834
5299 850
5300 827
5301 822
5302 840
5303 842
5304 828
5305 825
5306 813
5307 810
5308 822
5309 822
5310 844
5311 835
5312 833
5313 824
5314 847
5315 844
5316 839
5317 851
5318 823
5319 820
5320 821
5321 862
5322 861
5323 871
5324 866
5325 856
5326 837
5327 845
5328 844
5329 831
5330 821
5331 854
5332 853
5333 867
5334 862
5335 827
5336 848
5337 845
5338 852
5339 869
5340 873
5341 876
5342 860
5343 880
5344 875
5345 878
5346 866
5347 869
5348 873
5349 867
5350 856
5351 862
5352 857
5353 847
5354 845
5355 840
5356 844
5357 828
5358 837
5359 866
5360 848
5361 858
5362 841
5363 849
5364 838
5365 829
5366 841
5367 835
5368 846
5369 827
5370 843
5371 822
5372 844
5373 836
5374 843
5375 852
5376 831
5377 849
5378 845
5379 830
5380 855
5381 843
5382 822
5383 850
5384 821
5385 853
5386 820
5387 805
5388 829
5389 813
5390 832
5391 825
5392 820
5393 817
5394 816
5395 818
5396 818
5397 840
5398 835
5399 853
5400 810
5401 829
5402 822
5403 807
5404 819
5405 805
5406 827
5407 825
5408 818
5409 824
5410 819
5411 808
5412 814
5413 822
5414 819
5415 822
5416 809
5417 780
5418 791
5419 790
5420 816
5421 821
5422 843
5423 828
5424 846
5425 820
5426 833
5427 819
5428 811
5429 833
5430 795
5431 796
5432 794
5433 813
5434 828
5435 803
5436 797
5437 813
5438 824
5439 826
5440 827
5441 815
5442 804
5443 814
5444 832
5445 842
5446 838
5447 834
5448 828
5449 837
5450 842
5451 821
5452 817
5453 798
5454 801
5455 846
5456 821
5457 839
5458 827
5459 828
5460 836
5461 842
5462 845
5463 839
5464 832
5465 849
5466 847
5467 848
5468 834
5469 838
5470 822
5471 842
5472 817
5473 847
5474 842
5475 847
5476 853
5477 849
5478 862
5479 856
5480 842
5481 835
5482 841
5483 839
5484 879
5485 843
5486 838
5487 844
5488 851
5489 856
5490 840
5491 857
5492 860
5493 864
5494 874
5495 862
5496 855
5497 829
5498 856
5499 826
5500 820
5501 823
5502 844
5503 855
5504 847
5505 850
5506 864
5507 845
5508 847
5509 853
5510 838
5511 869
5512 855
5513 855
5514 864
5515 867
5516 854
5517 841
5518 854
5519 835
5520 860
5521 858
5522 851
5523 861
5524 819
5525 848
5526 827
5527 862
5528 820
5529 853
5530 824
5531 829
5532 829
5533 835
5534 815
5535 861
5536 838
5537 845
5538 842
5539 851
5540 849
5541 837
5542 865
5543 848
5544 844
5545 867
5546 842
5547 847
5548 844
5549 835
5550 842
5551 853
5552 877
5553 856
5554 870
5555 866
5556 848
5557 849
5558 842
5559 823
5560 842
5561 807
5562 833
5563 812
5564 836
5565 828
5566 802
5567 800
5568 822
5569 810
5570 802
5571 812
5572 809
5573 810
5574 817
5575 811
5576 827
5577 823
5578 838
5579 830
5580 838
5581 822
5582 805
5583 816
5584 829
5585 826
5586 854
5587 828
5588 817
5589 819
5590 850
5591 838
5592 841
5593 834
5594 839
5595 837
5596 799
5597 823
5598 821
5599 814
5600 833
5601 843
5602 832
5603 818
5604 832
5605 824
5606 839
5607 846
5608 855
5609 869
5610 852
5611 872
5612 868
5613 861
5614 853
5615 844
5616 865
5617 876
5618 877
5619 866
5620 864
5621 873
5622 860
5623 860
5624 864
5625 860
5626 876
5627 874
5628 848
5629 863
5630 857
5631 866
5632 839
5633 864
5634 848
5635 867
5636 869
5637 878
5638 883
5639 881
5640 851
5641 872
5642 835
5643 831
5644 841
5645 857
5646 829
5647 848
5648 871
5649 860
5650 897
5651 875
5652 882
5653 897
5654 870
5655 854
5656 855
5657 858
5658 870
5659 839
5660 855
5661 856
5662 831
5663 889
5664 870
5665 879
5666 853
5667 875
5668 855
5669 869
5670 853
5671 843
5672 818
5673 829
5674 820
5675 808
5676 845
5677 836
5678 838
5679 815
5680 837
5681 824
5682 817
5683 839
5684 823
5685 818
5686 819
5687 834
5688 843
5689 828
5690 812
5691 838
5692 829
5693 838
5694 855
5695 848
5696 835
5697 847
5698 823
5699 826
5700 818
5701 856
5702 834
5703 824
5704 833
5705 837
5706 834
5707 795
5708 817
5709 822
5710 826
5711 828
5712 834
5713 818
5714 828
5715 830
5716 819
5717 837
5718 806
5719 842
5720 819
5721 811
5722 824
5723 807
5724 842
5725 846
5726 819
5727 837
5728 847
5729 838
5730 850
5731 849
5732 855
5733 835
5734 840
5735 841
5736 865
5737 843
5738 868
5739 854
5740 853
5741 857
5742 850
5743 860
5744 847
5745 869
5746 865
5747 842
5748 856
5749 853
5750 846
5751 857
5752 874
5753 871
5754 887
5755 890
5756 874
5757 866
5758 858
5759 843
5760 831
5761 846
5762 870
5763 825
5764 848
5765 851
5766 850
5767 870
5768 845
5769 842
5770 861
5771 854
5772 866
5773 851
5774 856
5775 834
5776 853
5777 842
5778 848
5779 850
5780 849
5781 857
5782 848
5783 855
5784 845
5785 857
5786 827
5787 829
5788 819
5789 805
5790 817
5791 816
5792 823
5793 801
5794 791
5795 816
5796 810
5797 820
5798 843
5799 830
5800 861
5801 849
5802 844
5803 833
5804 819
5805 792
5806 851
5807 818
5808 824
5809 839
5810 822
5811 850
5812 831
5813 862
5814 824
5815 836
5816 831
5817 834
5818 859
5819 823
5820 844
5821 850
5822 857
5823 866
5824 844
5825 851
5826 850
5827 840
5828 847
5829 830
5830 841
5831 845
5832 838
5833 832
5834 848
5835 808
5836 812
5837 827
5838 830
5839 840
5840 819
5841 842
5842 852
5843 823
5844 847
5845 841
5846 858
5847 860
5848 851
5849 871
5850 859
5851 855
5852 866
5853 844
5854 850
5855 829
5856 840
5857 828
5858 833
5859 821
5860 828
5861 829
5862 852
5863 820
5864 853
5865 831
5866 860
5867 816
5868 848
5869 844
5870 839
5871 826
5872 833
5873 830
5874 837
5875 832
5876 810
5877 824
5878 821
5879 815
5880 822
5881 828
5882 856
5883 817
5884 837
5885 864
5886 843
5887 863
5888 858
5889 863
5890 843
5891 852
5892 837
5893 842
5894 852
5895 842
5896 849
5897 845
5898 838
5899 826
5900 847
5901 847
5902 847
5903 847
5904 836
5905 830
5906 833
5907 841
5908 832
5909 853
5910 857
5911 847
5912 877
5913 857
5914 839
5915 848
5916 833
5917 834
5918 844
5919 835
5920 843
5921 854
5922 840
5923 863
5924 862
5925 887
5926 860
5927 854
5928 857
5929 868
5930 871
5931 874
5932 881
5933 863
5934 881
5935 869
5936 876
5937 845
5938 890
5939 853
5940 881
5941 860
5942 861
5943 865
5944 851
5945 849
5946 844
5947 866
5948 845
5949 866
5950 837
5951 854
5952 865
5953 842
5954 859
5955 861
5956 864
5957 853
5958 885
5959 874
5960 883
5961 883
5962 849
5963 865
5964 878
5965 857
5966 879
5967 870
5968 855
5969 856
5970 857
5971 852
5972 847
5973 819
5974 829
5975 855
5976 838
5977 843
5978 858
5979 831
5980 846
5981 831
5982 821
5983 836
5984 843
5985 834
5986 820
5987 855
5988 821
5989 817
5990 839
5991 822
5992 833
5993 834
5994 843
5995 835
5996 828
5997 836
5998 849
5999 836
6000 824
6001 823
6002 832
6003 827
6004 858
6005 833
6006 858
6007 849
6008 843
6009 851
6010 871
6011 857
6012 840
6013 868
6014 873
6015 869
6016 882
6017 873
6018 877
6019 872
6020 862
6021 871
6022 868
6023 855
6024 866
6025 852
6026 841
6027 852
6028 827
6029 882
6030 855
6031 848
6032 851
6033 853
6034 858
6035 868
6036 881
6037 857
6038 875
6039 858
6040 856
6041 843
6042 837
6043 871
6044 821
6045 844
6046 845
6047 843
6048 859
6049 852
6050 864
6051 851
6052 871
6053 858
6054 862
6055 863
6056 857
6057 858
6058 850
6059 833
6060 837
6061 844
6062 830
6063 848
6064 865
6065 838
6066 831
6067 826
6068 809
6069 804
6070 831
6071 818
6072 840
6073 803
6074 818
6075 816
6076 843
6077 826
6078 823
6079 829
6080 816
6081 823
6082 819
6083 822
6084 826
6085 814
6086 837
6087 808
6088 844
6089 845
6090 850
6091 850
6092 851
6093 844
6094 863
6095 846
6096 853
6097 874
6098 859
6099 860
6100 866
6101 866
6102 868
6103 868
6104 879
6105 882
6106 880
6107 873
6108 871
6109 893
6110 872
6111 890
6112 854
6113 896
6114 865
6115 881
6116 869
6117 866
6118 851
6119 870
6120 867
6121 875
6122 859
6123 859
6124 874
6125 885
6126 884
6127 889
6128 872
6129 866
6130 870
6131 858
6132 872
6133 870
6134 864
6135 869
6136 890
6137 876
6138 887
6139 874
6140 883
6141 846
6142 869
6143 856
6144 857
6145 855
6146 855
6147 858
6148 861
6149 860
6150 886
6151 853
6152 857
6153 856
6154 842
6155 836
6156 837
6157 831
6158 814
6159 817
6160 815
6161 859
6162 828
6163 837
6164 838
6165 823
6166 851
6167 848
6168 839
6169 857
6170 845
6171 847
6172 844
6173 860
6174 854
6175 877
6176 883
6177 876
6178 883
6179 840
6180 859
6181 851
6182 852
6183 848
6184 844
6185 859
6186 822
6187 851
6188 851
6189 847
6190 843
6191 828
6192 835
6193 858
6194 850
6195 838
6196 855
6197 858
6198 837
6199 840
6200 856
6201 840
6202 822
6203 871
6204 846
6205 859
6206 830
6207 847
6208 844
6209 859
6210 847
6211 842
6212 854
6213 831
6214 857
6215 851
6216 868
6217 841
6218 848
6219 857
6220 879
6221 870
6222 889
6223 863
6224 866
6225 835
6226 859
6227 874
6228 823
6229 867
6230 846
6231 882
6232 857
6233 862
6234 834
6235 798
6236 836
6237 822
6238 845
6239 828
6240 857
6241 849
6242 847
6243 860
6244 832
6245 824
6246 807
6247 806
6248 832
6249 801
6250 809
6251 832
6252 819
6253 825
6254 832
6255 821
6256 837
6257 826
6258 855
6259 826
6260 866
6261 848
6262 853
6263 826
6264 862
6265 847
6266 828
6267 844
6268 859
6269 848
6270 866
6271 835
6272 845
6273 846
6274 850
6275 837
6276 837
6277 828
6278 815
6279 836
6280 848
6281 842
6282 847
6283 851
6284 835
6285 846
6286 844
6287 845
6288 850
6289 861
6290 851
6291 840
6292 824
6293 836
6294 868
6295 854
6296 851
6297 859
6298 841
6299 846
6300 834
6301 851
6302 852
6303 839
6304 856
6305 846
6306 835
6307 837
6308 824
6309 828
6310 827
6311 843
6312 842
6313 837
6314 843
6315 836
6316 840
6317 826
6318 835
6319 827
6320 852
6321 815
6322 859
6323 837
6324 839
6325 836
6326 844
6327 839
6328 828
6329 807
6330 817
6331 810
6332 804
6333 823
6334 825
6335 822
6336 798
6337 800
6338 804
6339 806
6340 826
6341 797
6342 815
6343 803
6344 824
6345 822
6346 836
6347 787
6348 818
6349 819
6350 823
6351 812
6352 813
6353 825
6354 832
6355 819
6356 823
6357 822
6358 811
6359 826
6360 833
6361 838
6362 849
6363 849
6364 848
6365 873
6366 840
6367 858
6368 841
6369 862
6370 839
6371 855
6372 867
6373 881
6374 860
6375 842
6376 858
6377 832
6378 855
6379 846
6380 862
6381 842
6382 844
6383 828
6384 835
6385 834
6386 816
6387 819
6388 839
6389 813
6390 834
6391 853
6392 807
6393 827
6394 832
6395 826
6396 832
6397 839
6398 838
6399 823
6400 853
6401 829
6402 828
6403 819
6404 825
6405 836
6406 850
6407 840
6408 818
6409 832
6410 812
6411 827
6412 824
6413 809
6414 810
6415 825
6416 836
6417 846
6418 809
6419 843
6420 837
6421 820
6422 816
6423 836
6424 860
6425 818
6426 854
6427 798
6428 833
6429 836
6430 809
6431 821
6432 824
6433 824
6434 841
6435 836
6436 821
6437 839
6438 839
6439 847
6440 862
6441 854
6442 822
6443 825
6444 827
6445 809
6446 805
6447 824
6448 848
6449 858
6450 854
6451 856
6452 867
6453 891
6454 857
6455 870
6456 832
6457 855
6458 869
6459 868
6460 836
6461 863
6462 851
6463 854
6464 866
6465 833
6466 858
6467 847
6468 820
6469 829
6470 849
6471 853
6472 858
6473 863
6474 866
6475 863
6476 855
6477 881
6478 895
6479 910
6480 891
6481 898
6482 900
6483 909
6484 896
6485 883
6486 868
6487 871
6488 853
6489 892
6490 861
6491 844
6492 879
6493 855
6494 851
6495 865
6496 853
6497 851
6498 861
6499 886
6500 879
6501 859
6502 869
6503 864
6504 846
6505 849
6506 848
6507 856
6508 847
6509 857
6510 860
6511 843
6512 838
6513 859
6514 859
6515 834
6516 882
6517 849
6518 875
6519 852
6520 859
6521 832
6522 876
6523 846
6524 881
6525 873
6526 857
6527 869
6528 879
6529 874
6530 860
6531 869
6532 863
6533 861
6534 870
6535 870
6536 857
6537 888
6538 869
6539 888
6540 861
6541 858
6542 867
6543 856
6544 861
6545 845
6546 828
6547 829
6548 821
6549 848
6550 854
6551 832
6552 842
6553 854
6554 847
6555 834
6556 862
6557 856
6558 865
6559 850
6560 849
6561 843
6562 867
6563 829
6564 827
6565 840
6566 830
6567 834
6568 829
6569 854
6570 849
6571 839
6572 862
6573 838
6574 853
6575 851
6576 857
6577 838
6578 851
6579 865
6580 840
6581 834
6582 849
6583 856
6584 829
6585 864
6586 855
6587 862
6588 876
6589 829
6590 842
6591 841
6592 847
6593 845
6594 835
6595 822
6596 806
6597 823
6598 813
6599 807
6600 809
6601 825
6602 808
6603 795
6604 824
6605 786
6606 803
6607 803
6608 790
6609 804
6610 781
6611 798
6612 790
6613 796
6614 803
6615 798
6616 802
6617 799
6618 798
6619 805
6620 783
6621 809
6622 822
6623 819
6624 836
6625 836
6626 813
6627 802
6628 835
6629 838
6630 836
6631 841
6632 821
6633 824
6634 825
6635 841
6636 853
6637 855
6638 860
6639 860
6640 860
6641 853
6642 857
6643 847
6644 872
6645 871
6646 866
6647 851
6648 872
6649 879
6650 865
6651 881
6652 879
6653 883
6654 861
6655 857
6656 865
6657 843
6658 878
6659 851
6660 865
6661 887
6662 853
6663 870
6664 870
6665 879
6666 885
6667 886
6668 883
6669 854
6670 864
6671 853
6672 843
6673 869
6674 860
6675 862
6676 886
6677 856
6678 868
6679 870
6680 859
6681 857
6682 871
6683 851
6684 830
6685 838
6686 851
6687 841
6688 846
6689 856
6690 861
6691 846
6692 845
6693 875
6694 866
6695 874
6696 852
6697 859
6698 864
6699 866
6700 866
6701 850
6702 856
6703 856
6704 870
6705 864
6706 861
6707 859
6708 850
6709 851
6710 850
6711 883
6712 854
6713 871
6714 863
6715 878
6716 875
6717 854
6718 859
6719 850
6720 867
6721 853
6722 851
6723 874
6724 888
6725 859
6726 867
6727 871
6728 861
6729 876
6730 856
6731 884
6732 873
6733 877
6734 852
6735 845
6736 853
6737 848
6738 832
6739 838
6740 834
6741 844
6742 868
6743 844
6744 876
6745 850
6746 850
6747 853
6748 872
6749 857
6750 875
6751 873
6752 831
6753 853
6754 850
6755 861
6756 854
6757 872
6758 874
6759 841
6760 885
6761 861
6762 854
6763 867
6764 863
6765 876
6766 868
6767 866
6768 858
6769 868
6770 864
6771 868
6772 871
6773 857
6774 848
6775 866
6776 853
6777 844
6778 839
6779 834
6780 842
6781 856
6782 855
6783 865
6784 857
6785 871
6786 845
6787 844
6788 843
6789 842
6790 838
6791 835
6792 839
6793 840
6794 855
6795 829
6796 852
6797 837
6798 811
6799 862
6800 826
6801 857
6802 858
6803 832
6804 814
6805 834
6806 817
6807 812
6808 845
6809 874
6810 845
6811 835
6812 849
6813 845
6814 850
6815 836
6816 834
6817 859
6818 863
6819 833
6820 853
6821 823
6822 871
6823 831
6824 854
6825 834
6826 841
6827 844
6828 836
6829 854
6830 850
6831 842
6832 854
6833 861
6834 840
6835 855
6836 866
6837 847
6838 864
6839 864
6840 840
6841 841
6842 830
6843 847
6844 867
6845 877
6846 876
6847 895
6848 865
6849 897
6850 892
6851 886
6852 875
6853 862
6854 882
6855 879
6856 878
6857 873
6858 880
6859 882
6860 865
6861 865
6862 859
6863 849
6864 860
6865 862
6866 830
6867 850
6868 858
6869 865
6870 833
6871 856
6872 838
6873 860
6874 847
6875 847
6876 849
6877 854
6878 851
6879 875
6880 827
6881 830
6882 833
6883 841
6884 832
6885 840
6886 838
6887 841
6888 849
6889 826
6890 835
6891 850
6892 821
6893 839
6894 855
6895 861
6896 868
6897 868
6898 868
6899 865
6900 870
6901 880
6902 860
6903 863
6904 865
6905 855
6906 867
6907 878
6908 878
6909 882
6910 873
6911 861
6912 859
6913 858
6914 857
6915 861
6916 866
6917 844
6918 855
6919 844
6920 859
6921 853
6922 849
6923 861
6924 833
6925 854
6926 864
6927 841
6928 861
6929 875
6930 850
6931 866
6932 844
6933 847
6934 852
6935 834
6936 840
6937 854
6938 828
6939 847
6940 872
6941 853
6942 863
6943 864
6944 854
6945 839
6946 844
6947 823
6948 813
6949 815
6950 819
6951 841
6952 820
6953 821
6954 811
6955 826
6956 828
6957 801
6958 828
6959 811
6960 810
6961 802
6962 828
6963 803
6964 822
6965 789
6966 801
6967 814
6968 806
6969 852
6970 821
6971 830
6972 833
6973 838
6974 805
6975 850
6976 844
6977 842
6978 818
6979 848
6980 834
6981 855
6982 854
6983 870
6984 843
6985 855
6986 827
6987 864
6988 832
6989 835
6990 825
6991 833
6992 854
6993 867
6994 869
6995 874
6996 868
6997 868
6998 859
6999 843
7000 852
7001 834
7002 852
7003 855
7004 836
7005 869
7006 857
7007 858
7008 857
7009 852
7010 849
7011 859
7012 848
7013 855
7014 868
7015 867
7016 859
7017 852
7018 845
7019 863
7020 826
7021 835
7022 833
7023 836
7024 844
7025 835
7026 822
7027 844
7028 835
7029 858
7030 840
7031 853
7032 835
7033 876
7034 852
7035 847
7036 841
7037 862
7038 852
7039 847
7040 849
7041 850
7042 859
7043 858
7044 836
7045 843
7046 847
7047 861
7048 841
7049 873
7050 883
7051 868
7052 858
7053 853
7054 872
7055 850
7056 842
7057 834
7058 836
7059 845
7060 853
7061 850
7062 850
7063 859
7064 826
7065 844
7066 832
7067 842
7068 854
7069 858
7070 867
7071 858
7072 863
7073 866
7074 850
7075 867
7076 838
7077 830
7078 828
7079 823
7080 821
7081 844
7082 814
7083 840
7084 824
7085 847
7086 818
7087 867
7088 836
7089 833
7090 834
7091 839
7092 819
7093 824
7094 832
7095 840
7096 826
7097 828
7098 820
7099 820
7100 831
7101 854
7102 844
7103 868
7104 865
7105 837
7106 849
7107 850
7108 856
7109 871
7110 863
7111 860
7112 859
7113 868
7114 862
7115 849
7116 870
7117 867
7118 905
7119 889
7120 871
7121 875
7122 882
7123 877
7124 889
7125 869
7126 877
7127 875
7128 866
7129 882
7130 861
7131 875
7132 849
7133 841
7134 834
7135 839
7136 830
7137 839
7138 814
7139 823
7140 822
7141 808
7142 811
7143 814
7144 824
7145 818
7146 811
7147 821
7148 792
7149 813
7150 819
7151 796
7152 812
7153 823
7154 798
7155 825
7156 824
7157 814
7158 833
7159 820
7160 824
7161 838
7162 877
7163 825
7164 835
7165 816
7166 856
7167 871
7168 867
7169 844
7170 844
7171 867
7172 834
7173 860
7174 830
7175 846
7176 857
7177 852
7178 861
7179 845
7180 851
7181 847
7182 861
7183 842
7184 824
7185 805
7186 808
7187 838
7188 824
7189 854
7190 821
7191 821
7192 837
7193 834
7194 835
7195 832
7196 829
7197 814
7198 836
7199 859
7200 828
7201 853
7202 826
7203 816
7204 847
7205 845
7206 832
7207 856
7208 830
7209 842
7210 838
7211 857
7212 860
7213 861
7214 842
7215 846
7216 854
7217 869
7218 833
7219 865
7220 870
7221 846
7222 832
7223 851
7224 845
7225 855
7226 850
7227 848
7228 848
7229 865
7230 828
7231 861
7232 868
7233 875
7234 856
7235 859
7236 841
7237 845
7238 871
7239 852
7240 841
7241 849
7242 838
7243 858
7244 846
7245 839
7246 847
7247 862
7248 833
7249 867
7250 870
7251 896
7252 867
7253 876
7254 881
7255 871
7256 884
7257 855
7258 875
7259 861
7260 860
7261 878
7262 869
7263 840
7264 851
7265 863
7266 844
7267 851
7268 840
7269 858
7270 856
7271 855
7272 872
7273 835
7274 843
7275 850
7276 877
7277 872
7278 878
7279 878
7280 867
7281 864
7282 877
7283 885
7284 885
7285 878
7286 875
7287 900
7288 871
7289 862
7290 865
7291 878
7292 843
7293 866
7294 866
7295 872
7296 878
7297 867
7298 871
7299 866
7300 859
7301 873
7302 882
7303 866
7304 867
7305 847
7306 850
7307 872
7308 859
7309 851
7310 876
7311 854
7312 872
7313 847
7314 896
7315 872
7316 859
7317 867
7318 857
7319 885
7320 868
7321 880
7322 848
7323 884
7324 854
7325 879
7326 861
7327 862
7328 858
7329 860
7330 854
7331 844
7332 839
7333 859
7334 856
7335 852
7336 859
7337 874
7338 848
7339 870
7340 865
7341 837
7342 848
7343 839
7344 852
7345 847
7346 854
7347 860
7348 886
7349 855
7350 861
7351 876
7352 866
7353 854
7354 862
7355 872
7356 865
7357 861
7358 862
7359 873
7360 891
7361 873
7362 859
7363 867
7364 858
7365 863
7366 871
7367 849
7368 902
7369 843
7370 853
7371 862
7372 850
7373 846
7374 865
7375 827
7376 836
7377 829
7378 824
7379 846
7380 820
7381 824
7382 816
7383 803
7384 789
7385 801
7386 828
7387 828
7388 809
7389 812
7390 830
7391 818
7392 826
7393 810
7394 846
7395 853
7396 844
7397 857
7398 839
7399 872
7400 882
7401 866
7402 874
7403 871
7404 859
7405 873
7406 866
7407 844
7408 865
7409 840
7410 854
7411 845
7412 873
7413 864
7414 843
7415 847
7416 853
7417 857
7418 839
7419 855
7420 822
7421 855
7422 858
7423 864
7424 864
7425 819
7426 847
7427 848
7428 855
7429 852
7430 861
7431 855
7432 846
7433 841
7434 859
7435 841
7436 845
7437 871
7438 876
7439 860
7440 864
7441 873
7442 878
7443 849
7444 828
7445 840
7446 829
7447 853
7448 832
7449 855
7450 834
7451 827
7452 846
7453 837
7454 853
7455 842
7456 850
7457 843
7458 822
7459 832
7460 853
7461 843
7462 860
7463 854
7464 827
7465 834
7466 841
7467 829
7468 852
7469 835
7470 854
7471 839
7472 819
7473 831
7474 809
7475 796
7476 813
7477 810
7478 832
7479 836
7480 847
7481 836
7482 835
7483 844
7484 822
7485 811
7486 809
7487 820
7488 834
7489 842
7490 834
7491 841
7492 832
7493 850
7494 837
7495 835
7496 846
7497 827
7498 855
7499 843
7500 842
7501 844
7502 878
7503 872
7504 872
7505 865
7506 881
7507 861
7508 873
7509 895
7510 876
7511 889
7512 867
7513 850
7514 844
7515 860
7516 817
7517 830
7518 840
7519 828
7520 825
7521 821
7522 825
7523 824
7524 827
7525 845
7526 843
7527 843
7528 842
7529 832
7530 819
7531 838
7532 824
7533 820
7534 834
7535 818
7536 820
7537 815
7538 809
7539 837
7540 834
7541 846
7542 814
7543 815
7544 807
7545 858
7546 847
7547 835
7548 871
7549 853
7550 858
7551 855
7552 855
7553 875
7554 846
7555 862
7556 864
7557 860
7558 844
7559 860
7560 866
7561 864
7562 889
7563 857
7564 850
7565 836
7566 848
7567 844
7568 830
7569 846
7570 858
7571 821
7572 837
7573 846
7574 848
7575 852
7576 848
7577 853
7578 840
7579 829
7580 842
7581 835
7582 845
7583 843
7584 831
7585 846
7586 846
7587 858
7588 833
7589 841
7590 855
7591 835
7592 856
7593 847
7594 868
7595 849
7596 847
7597 845
7598 828
7599 828
7600 850
7601 822
7602 856
7603 844
7604 844
7605 825
7606 828
7607 820
7608 822
7609 820
7610 813
7611 828
7612 814
7613 818
7614 831
7615 827
7616 838
7617 803
7618 799
7619 817
7620 811
7621 850
7622 836
7623 822
7624 831
7625 835
7626 851
7627 833
7628 850
7629 810
7630 868
7631 835
7632 848
7633 841
7634 850
7635 836
7636 860
7637 855
7638 857
7639 853
7640 846
7641 839
7642 842
7643 806
7644 829
7645 794
7646 852
7647 851
7648 862
7649 824
7650 860
7651 843
7652 843
7653 843
7654 872
7655 855
7656 847
7657 854
7658 831
7659 831
7660 827
7661 869
7662 855
7663 837
7664 860
7665 855
7666 855
7667 838
7668 839
7669 849
7670 844
7671 822
7672 841
7673 819
7674 843
7675 816
7676 798
7677 826
7678 839
7679 806
7680 816
7681 834
7682 817
7683 836
7684 822
7685 815
7686 839
7687 846
7688 872
7689 834
7690 818
7691 837
7692 831
7693 841
7694 818
7695 815
7696 833
7697 827
7698 820
7699 836
7700 836
7701 829
7702 849
7703 808
7704 832
7705 844
7706 836
7707 831
7708 849
7709 832
7710 836
7711 837
7712 829
7713 840
7714 832
7715 842
7716 826
7717 845
7718 843
7719 875
7720 844
7721 853
7722 872
7723 870
7724 864
7725 846
7726 823
7727 844
7728 859
7729 872
7730 842
7731 847
7732 843
7733 826
7734 813
7735 842
7736 857
7737 854
7738 855
7739 846
7740 876
7741 837
7742 848
7743 839
7744 865
7745 827
7746 841
7747 840
7748 860
7749 826
7750 858
7751 855
7752 869
7753 862
7754 864
7755 875
7756 859
7757 842
7758 854
7759 839
7760 864
7761 832
7762 838
7763 856
7764 870
7765 854
7766 859
7767 852
7768 848
7769 841
7770 872
7771 878
7772 868
7773 861
7774 871
7775 862
7776 867
7777 872
7778 886
7779 865
7780 864
7781 856
7782 875
7783 854
7784 861
7785 835
7786 858
7787 855
7788 847
7789 852
7790 858
7791 850
7792 839
7793 829
7794 862
7795 850
7796 857
7797 845
7798 857
7799 846
7800 855
7801 852
7802 840
7803 835
7804 835
7805 846
7806 845
7807 822
7808 831
7809 794
7810 807
7811 779
7812 806
7813 805
7814 840
7815 826
7816 834
7817 857
7818 843
7819 817
7820 838
7821 851
7822 834
7823 843
7824 841
7825 824
7826 850
7827 853
7828 847
7829 845
7830 847
7831 810
7832 855
7833 856
7834 833
7835 844
7836 861
7837 845
7838 829
7839 850
7840 833
7841 855
7842 859
7843 866
7844 890
7845 857
7846 858
7847 847
7848 843
7849 861
7850 853
7851 839
7852 853
7853 848
7854 810
7855 830
7856 827
7857 846
7858 828
7859 843
7860 833
7861 827
7862 847
7863 852
7864 836
7865 839
7866 843
7867 844
7868 863
7869 840
7870 812
7871 825
7872 830
7873 832
7874 834
7875 800
7876 835
7877 814
7878 792
7879 797
7880 822
7881 829
7882 861
7883 840
7884 872
7885 873
7886 868
7887 855
7888 860
7889 884
7890 854
7891 882
7892 862
7893 848
7894 847
7895 846
7896 852
7897 856
7898 840
7899 855
7900 832
7901 869
7902 884
7903 892
7904 862
7905 892
7906 885
7907 881
7908 862
7909 868
7910 876
7911 854
7912 884
7913 865
7914 852
7915 867
7916 853
7917 846
7918 856
7919 854
7920 845
7921 862
7922 870
7923 821
7924 846
7925 827
7926 829
7927 852
7928 829
7929 833
7930 815
7931 847
7932 819
7933 843
7934 840
7935 863
7936 860
7937 856
7938 848
7939 844
7940 862
7941 841
7942 844
7943 863
7944 836
7945 845
7946 840
7947 849
7948 866
7949 860
7950 867
7951 884
7952 859
7953 873
7954 846
7955 857
7956 829
7957 840
7958 831
7959 821
7960 837
7961 860
7962 835
7963 855
7964 840
7965 846
7966 851
7967 861
7968 844
7969 846
7970 847
7971 848
7972 830
7973 833
7974 861
7975 880
7976 862
7977 845
7978 862
7979 857
7980 887
7981 859
7982 883
7983 897
7984 887
7985 906
7986 879
7987 879
7988 895
7989 852
7990 870
7991 862
7992 872
7993 849
7994 838
7995 852
7996 848
7997 855
7998 863
7999 883
8000 868
8001 850
8002 873
8003 872
8004 864
8005 869
8006 865
8007 872
8008 861
8009 868
8010 864
8011 866
8012 887
8013 879
8014 854
8015 863
8016 870
8017 848
8018 868
8019 850
8020 841
8021 866
8022 875
8023 867
8024 854
8025 885
8026 854
8027 854
8028 869
8029 871
8030 863
8031 855
8032 845
8033 840
8034 851
8035 874
8036 872
8037 866
8038 882
8039 843
8040 881
8041 856
8042 872
8043 895
8044 880
8045 857
8046 868
8047 849
8048 851
8049 874
8050 856
8051 838
8052 837
8053 856
8054 846
8055 852
8056 862
8057 857
8058 853
8059 828
8060 857
8061 833
8062 844
8063 856
8064 839
8065 845
8066 849
8067 842
8068 857
8069 844
8070 871
8071 834
8072 867
8073 865
8074 841
8075 844
8076 821
8077 843
8078 844
8079 821
8080 821
8081 859
8082 849
8083 813
8084 846
8085 822
8086 833
8087 829
8088 847
8089 811
8090 831
8091 810
8092 796
8093 826
8094 837
8095 847
8096 835
8097 856
8098 857
8099 848
8100 894
8101 839
8102 869
8103 833
8104 859
8105 883
8106 859
8107 864
8108 888
8109 856
8110 869
8111 866
8112 860
8113 871
8114 862
8115 854
8116 864
8117 868
8118 856
8119 867
8120 873
8121 867
8122 848
8123 863
8124 843
8125 813
8126 847
8127 844
8128 851
8129 850
8130 844
8131 841
8132 822
8133 828
8134 834
8135 837
8136 830
8137 841
8138 852
8139 833
8140 845
8141 827
8142 853
8143 841
8144 852
8145 829
8146 904
8147 869
8148 888
8149 872
8150 870
8151 869
8152 886
8153 902
8154 869
8155 869
8156 867
8157 848
8158 865
8159 859
8160 873
8161 869
8162 876
8163 887
8164 864
8165 863
8166 874
8167 861
8168 865
8169 880
8170 857
8171 869
8172 873
8173 868
8174 847
8175 867
8176 878
8177 848
8178 867
8179 835
8180 857
8181 861
8182 856
8183 839
8184 869
8185 860
8186 856
8187 879
8188 862
8189 873
8190 852
8191 863
8192 855
8193 832
8194 844
8195 812
8196 831
8197 853
8198 869
8199 878
8200 849
8201 868
8202 877
8203 877
8204 866
8205 869
8206 870
8207 876
8208 875
8209 885
8210 871
8211 862
8212 867
8213 854
8214 882
8215 875
8216 880
8217 877
8218 874
8219 864
8220 861
8221 871
8222 861
8223 875
8224 883
8225 868
8226 856
8227 854
8228 862
8229 843
8230 846
8231 830
8232 854
8233 858
8234 835
8235 840
8236 823
8237 845
8238 849
8239 838
8240 842
8241 856
8242 849
8243 869
8244 843
8245 836
8246 848
8247 851
8248 847
8249 856
8250 858
8251 852
8252 845
8253 855
8254 847
8255 870
8256 840
8257 865
8258 865
8259 857
8260 850
8261 836
8262 865
8263 849
8264 844
8265 848
8266 833
8267 854
8268 855
8269 837
8270 861
8271 849
8272 851
8273 848
8274 843
8275 837
8276 837
8277 825
8278 857
8279 847
8280 821
8281 822
8282 829
8283 838
8284 829
8285 817
8286 793
8287 813
8288 829
8289 801
8290 834
8291 831
8292 840
8293 803
8294 826
8295 817
8296 823
8297 825
8298 853
8299 851
8300 844
8301 844
8302 840
8303 858
8304 867
8305 857
8306 859
8307 856
8308 838
8309 844
8310 826
8311 854
8312 814
8313 826
8314 805
8315 812
8316 803
8317 809
8318 834
8319 803
8320 822
8321 821
8322 821
8323 826
8324 843
8325 831
8326 854
8327 844
8328 831
8329 851
8330 827
8331 845
8332 858
8333 837
8334 831
8335 845
8336 838
8337 847
8338 854
8339 857
8340 868
8341 858
8342 854
8343 877
8344 873
8345 877
8346 881
8347 888
8348 877
8349 865
8350 852
8351 870
8352 866
8353 894
8354 875
8355 892
8356 875
8357 884
8358 888
8359 907
8360 889
8361 895
8362 897
8363 878
8364 858
8365 864
8366 882
8367 863
8368 869
8369 869
8370 867
8371 872
8372 900
8373 871
8374 883
8375 875
8376 896
8377 896
8378 897
8379 876
8380 890
8381 870
8382 878
8383 869
8384 866
8385 855
8386 892
8387 867
8388 882
8389 875
8390 866
8391 883
8392 882
8393 863
8394 870
8395 888
8396 852
8397 890
8398 887
8399 887
8400 873
8401 891
8402 882
8403 868
8404 889
8405 858
8406 866
8407 860
8408 864
8409 868
8410 857
8411 854
8412 873
8413 873
8414 853
8415 877
8416 858
8417 886
8418 870
8419 881
8420 869
8421 866
8422 895
8423 865
8424 860
8425 856
8426 867
8427 830
8428 847
8429 857
8430 882
8431 884
8432 878
8433 876
8434 859
8435 878
8436 882
8437 886
8438 851
8439 882
8440 852
8441 836
8442 845
8443 844
8444 862
8445 851
8446 853
8447 844
8448 838
8449 848
8450 831
8451 832
8452 823
8453 829
8454 854
8455 861
8456 840
8457 822
8458 834
8459 820
8460 848
8461 824
8462 816
8463 833
8464 843
8465 831
8466 822
8467 826
8468 846
8469 827
8470 832
8471 829
8472 831
8473 842
8474 839
8475 856
8476 840
8477 853
8478 840
8479 842
8480 832
8481 852
8482 875
8483 884
8484 866
8485 867
8486 888
8487 864
8488 882
8489 876
8490 880
8491 866
8492 852
8493 856
8494 871
8495 871
8496 861
8497 839
8498 861
8499 871
8500 890
8501 867
8502 868
8503 862
8504 868
8505 858
8506 859
8507 845
8508 864
8509 848
8510 870
8511 866
8512 865
8513 852
8514 878
8515 842
8516 830
8517 861
8518 857
8519 870
8520 850
8521 859
8522 821
8523 832
8524 824
8525 840
8526 858
8527 844
8528 842
8529 862
8530 839
8531 840
8532 833
8533 851
8534 819
8535 835
8536 848
8537 841
8538 836
8539 833
8540 835
8541 842
8542 832
8543 841
8544 831
8545 827
8546 833
8547 840
8548 812
8549 827
8550 804
8551 822
8552 832
8553 822
8554 822
8555 837
8556 830
8557 832
8558 838
8559 825
8560 841
8561 816
8562 836
8563 828
8564 827
8565 848
8566 837
8567 855
8568 852
8569 842
8570 836
8571 840
8572 857
8573 852
8574 885
8575 856
8576 867
8577 875
8578 843
8579 850
8580 863
8581 864
8582 878
8583 851
8584 855
8585 855
8586 836
8587 859
8588 849
8589 856
8590 859
8591 836
8592 830
8593 828
8594 819
8595 826
8596 802
8597 804
8598 813
8599 820
8600 849
8601 816
8602 803
8603 803
8604 791
8605 790
8606 796
8607 797
8608 774
8609 800
8610 811
8611 814
8612 804
8613 814
8614 803
8615 795
8616 795
8617 793
8618 817
8619 819
8620 849
8621 801
8622 820
8623 845
8624 834
8625 797
8626 831
8627 819
8628 791
8629 834
8630 822
8631 815
8632 837
8633 813
8634 830
8635 807
8636 810
8637 803
8638 813
8639 833
8640 845
8641 850
8642 842
8643 827
8644 821
8645 855
8646 832
8647 820
8648 818
8649 834
8650 839
8651 830
8652 839
8653 805
8654 852
8655 823
8656 837
8657 834
8658 843
8659 856
8660 822
8661 838
8662 853
8663 832
8664 836
8665 824
8666 847
8667 834
8668 836
8669 838
8670 849
8671 827
8672 828
8673 831
8674 842
8675 839
8676 825
8677 843
8678 846
8679 813
8680 840
8681 812
8682 834
8683 841
8684 833
8685 847
8686 850
8687 861
8688 859
8689 836
8690 838
8691 842
8692 865
8693 861
8694 838
8695 848
8696 848
8697 835
8698 844
8699 865
8700 841
8701 851
8702 824
8703 819
8704 832
8705 835
8706 828
8707 820
8708 834
8709 856
8710 857
8711 853
8712 845
8713 844
8714 837
8715 849
8716 843
8717 839
8718 845
8719 834
8720 872
8721 850
8722 868
8723 853
8724 839
8725 846
8726 841
8727 860
8728 859
8729 829
8730 843
8731 852
8732 842
8733 854
8734 844
8735 870
8736 857
8737 857
8738 876
8739 882
8740 892
8741 878
8742 874
8743 867
8744 880
8745 861
8746 876
8747 857
8748 855
8749 862
8750 857
8751 860
8752 841
8753 861
8754 844
8755 865
8756 844
8757 844
8758 848
8759 846
8760 854
8761 856
8762 864
8763 866
8764 878
8765 844
8766 841
8767 842
8768 830
8769 841
8770 859
8771 842
8772 855
8773 859
8774 866
8775 843
8776 864
8777 852
8778 872
8779 868
8780 867
8781 858
8782 893
8783 858
8784 854
8785 869
8786 837
8787 844
8788 868
8789 846
8790 836
8791 854
8792 844
8793 828
8794 846
8795 835
8796 820
8797 852
8798 854
8799 858
8800 873
8801 862
8802 855
8803 864
8804 858
8805 886
8806 854
8807 852
8808 823
8809 857
8810 847
8811 866
8812 842
8813 835
8814 860
8815 856
8816 867
8817 854
8818 873
8819 843
8820 861
8821 873
8822 858
8823 876
8824 857
8825 863
8826 850
8827 871
8828 855
8829 869
8830 856
8831 850
8832 859
8833 844
8834 873
8835 829
8836 859
8837 846
8838 837
8839 850
8840 850
8841 840
8842 867
8843 877
8844 857
8845 853
8846 866
8847 841
8848 867
8849 836
8850 838
8851 853
8852 838
8853 816
8854 811
8855 816
8856 802
8857 824
8858 800
8859 818
8860 808
8861 795
8862 793
8863 797
8864 790
8865 795
8866 809
8867 804
8868 819
8869 817
8870 839
8871 815
8872 836
8873 800
8874 838
8875 788
8876 808
8877 808
8878 809
8879 828
8880 841
8881 831
8882 819
8883 837
8884 845
8885 839
8886 857
8887 827
8888 834
8889 853
8890 830
8891 844
8892 836
8893 850
8894 856
8895 825
8896 850
8897 839
8898 857
8899 881
8900 860
8901 860
8902 851
8903 869
8904 873
8905 832
8906 848
8907 884
8908 864
8909 866
8910 852
8911 862
8912 874
8913 854
8914 863
8915 890
8916 847
8917 861
8918 827
8919 870
8920 860
8921 867
8922 886
8923 879
8924 852
8925 873
8926 860
8927 907
8928 870
8929 905
8930 886
8931 889
8932 879
8933 891
8934 908
8935 894
8936 910
8937 903
8938 897
8939 897
8940 882
8941 877
8942 880
8943 898
8944 891
8945 904
8946 886
8947 870
8948 889
8949 890
8950 855
8951 870
8952 838
8953 861
8954 834
8955 824
8956 821
8957 838
8958 834
8959 838
8960 832
8961 823
8962 857
8963 823
8964 844
8965 840
8966 811
8967 830
8968 804
8969 822
8970 848
8971 820
8972 833
8973 822
8974 803
8975 802
8976 828
8977 785
8978 813
8979 810
8980 786
8981 809
8982 819
8983 831
8984 808
8985 827
8986 827
8987 847
8988 846
8989 850
8990 868
8991 857
8992 859
8993 856
8994 864
8995 835
8996 857
8997 863
8998 859
8999 867
9000 851
9001 856
9002 857
9003 845
9004 857
9005 862
9006 817
9007 869
9008 850
9009 841
9010 825
9011 857
9012 828
9013 857
9014 847
9015 865
9016 856
9017 859
9018 863
9019 821
9020 843
9021 827
9022 851
9023 850
9024 866
9025 870
9026 852
9027 873
9028 870
9029 868
9030 863
9031 841
9032 845
9033 846
9034 845
9035 828
9036 857
9037 849
9038 859
9039 837
9040 848
9041 850
9042 839
9043 859
9044 830
9045 828
9046 823
9047 810
9048 837
9049 836
9050 827
9051 823
9052 837
9053 844
9054 836
9055 830
9056 824
9057 804
9058 816
9059 808
9060 822
9061 833
9062 840
9063 830
9064 847
9065 839
9066 851
9067 859
9068 833
9069 837
9070 860
9071 838
9072 835
9073 824
9074 832
9075 816
9076 832
9077 836
9078 869
9079 851
9080 858
9081 864
9082 858
9083 881
9084 862
9085 852
9086 859
9087 863
9088 846
9089 869
9090 858
9091 890
9092 871
9093 898
9094 869
9095 880
9096 875
9097 864
9098 864
9099 861
9100 849
9101 863
9102 852
9103 856
9104 853
9105 849
9106 847
9107 843
9108 853
9109 836
9110 846
9111 830
9112 844
9113 862
9114 858
9115 866
9116 839
9117 881
9118 865
9119 854
9120 823
9121 841
9122 842
9123 826
9124 815
9125 832
9126 833
9127 814
9128 846
9129 830
9130 843
9131 831
9132 831
9133 828
9134 824
9135 846
9136 840
9137 855
9138 827
9139 831
9140 853
9141 843
9142 867
9143 848
9144 857
9145 846
9146 867
9147 849
9148 855
9149 825
9150 862
9151 847
9152 862
9153 855
9154 883
9155 855
9156 904
9157 858
9158 843
9159 860
9160 838
9161 853
9162 865
9163 857
9164 863
9165 845
9166 849
9167 857
9168 849
9169 856
9170 898
9171 866
9172 883
9173 874
9174 874
9175 876
9176 886
9177 884
9178 876
9179 883
9180 924
9181 893
9182 873
9183 902
9184 886
9185 869
9186 859
9187 871
9188 857
9189 856
9190 845
9191 845
9192 853
9193 827
9194 863
9195 827
9196 847
9197 852
9198 846
9199 855
9200 850
9201 873
9202 865
9203 870
9204 876
9205 858
9206 870
9207 846
9208 854
9209 862
9210 863
9211 851
9212 852
9213 886
9214 851
9215 878
9216 869
9217 875
9218 880
9219 844
9220 869
9221 860
9222 839
9223 857
9224 864
9225 845
9226 848
9227 848
9228 842
9229 874
9230 863
9231 839
9232 824
9233 840
9234 844
9235 836
9236 841
9237 840
9238 826
9239 832
9240 828
9241 825
9242 831
9243 846
9244 832
9245 851
9246 841
9247 831
9248 833
9249 827
9250 859
9251 869
9252 852
9253 877
9254 874
9255 879
9256 876
9257 848
9258 819
9259 842
9260 833
9261 825
9262 836
9263 836
9264 812
9265 835
9266 846
9267 830
9268 835
9269 829
9270 830
9271 813
9272 845
9273 829
9274 844
9275 811
9276 856
9277 842
9278 851
9279 866
9280 853
9281 834
9282 838
9283 828
9284 865
9285 854
9286 847
9287 858
9288 868
9289 825
9290 870
9291 850
9292 827
9293 830
9294 838
9295 854
9296 854
9297 846
9298 856
9299 837
9300 834
9301 822
9302 845
9303 824
9304 830
9305 807
9306 817
9307 824
9308 822
9309 827
9310 810
9311 817
9312 813
9313 822
9314 803
9315 830
9316 841
9317 845
9318 830
9319 827
9320 829
9321 822
9322 837
9323 833
9324 827
9325 844
9326 818
9327 831
9328 832
9329 836
9330 822
9331 815
9332 827
9333 835
9334 820
9335 864
9336 851
9337 843
9338 841
9339 827
9340 840
9341 860
9342 852
9343 851
9344 868
9345 852
9346 845
9347 821
9348 826
9349 813
9350 841
9351 826
9352 839
9353 835
9354 807
9355 822
9356 826
9357 846
9358 845
9359 838
9360 856
9361 847
9362 845
9363 840
9364 842
9365 844
9366 842
9367 843
9368 824
9369 830
9370 829
9371 809
9372 819
9373 795
9374 807
9375 825
9376 802
9377 802
9378 788
9379 790
9380 809
9381 813
9382 825
9383 792
9384 810
9385 841
9386 828
9387 825
9388 821
9389 812
9390 822
9391 821
9392 829
9393 825
9394 833
9395 845
9396 835
9397 860
9398 823
9399 847
9400 830
9401 841
9402 856
9403 838
9404 842
9405 848
9406 834
9407 844
9408 852
9409 854
9410 833
9411 842
9412 856
9413 833
9414 857
9415 828
9416 839
9417 860
9418 845
9419 842
9420 849
9421 846
9422 876
9423 846
9424 888
9425 844
9426 869
9427 833
9428 848
9429 856
9430 863
9431 845
9432 868
9433 860
9434 863
9435 879
9436 864
9437 878
9438 894
9439 880
9440 890
9441 895
9442 899
9443 858
9444 876
9445 890
9446 860
9447 859
9448 873
9449 856
9450 865
9451 884
9452 848
9453 864
9454 858
9455 861
9456 870
9457 871
9458 875
9459 895
9460 872
9461 883
9462 875
9463 888
9464 883
9465 868
9466 855
9467 863
9468 845
9469 850
9470 842
9471 840
9472 845
9473 849
9474 831
9475 819
9476 837
9477 836
9478 837
9479 833
9480 851
9481 823
9482 837
9483 838
9484 838
9485 827
9486 842
9487 844
9488 844
9489 832
9490 850
9491 834
9492 824
9493 831
9494 849
9495 850
9496 823
9497 833
9498 837
9499 852
9500 846
9501 839
9502 826
9503 831
9504 849
9505 798
9506 846
9507 857
9508 842
9509 831
9510 855
9511 854
9512 852
9513 825
9514 837
9515 838
9516 855
9517 825
9518 823
9519 836
9520 819
9521 806
9522 837
9523 833
9524 820
9525 836
9526 800
9527 825
9528 848
9529 800
9530 827
9531 817
9532 834
9533 836
9534 837
9535 857
9536 848
9537 841
9538 836
9539 853
9540 826
9541 817
9542 853
9543 840
9544 862
9545 846
9546 823
9547 850
9548 825
9549 820
9550 830
9551 820
9552 804
9553 817
9554 828
9555 812
9556 817
9557 844
9558 816
9559 826
9560 861
9561 844
9562 850
9563 860
9564 868
9565 857
9566 850
9567 864
9568 862
9569 839
9570 842
9571 860
9572 853
9573 861
9574 849
9575 878
9576 854
9577 866
9578 859
9579 831
9580 841
9581 837
9582 809
9583 866
9584 836
9585 820
9586 844
9587 832
9588 808
9589 857
9590 832
9591 825
9592 834
9593 814
9594 829
9595 841
9596 831
9597 823
9598 814
9599 821
9600 833
9601 838
9602 843
9603 852
9604 831
9605 864
9606 846
9607 867
9608 834
9609 854
9610 835
9611 854
9612 876
9613 864
9614 865
9615 877
9616 884
9617 861
9618 866
9619 861
9620 851
9621 842
9622 827
9623 837
9624 826
9625 818
9626 818
9627 817
9628 822
9629 791
9630 796
9631 805
9632 801
9633 813
9634 796
9635 818
9636 811
9637 820
9638 791
9639 825
9640 815
9641 811
9642 795
9643 789
9644 792
9645 794
9646 795
9647 773
9648 805
9649 773
9650 766
9651 789
9652 768
9653 758
9654 741
9655 751
9656 757
9657 754
9658 773
9659 740
9660 752
9661 764
9662 744
9663 758
9664 753
9665 753
9666 766
9667 744
9668 736
9669 761
9670 783
9671 799
9672 799
9673 803
9674 806
9675 799
9676 803
9677 794
9678 793
9679 778
9680 787
9681 802
9682 795
9683 801
9684 803
9685 801
9686 818
9687 820
9688 821
9689 828
9690 804
9691 834
9692 796
9693 830
9694 800
9695 825
9696 813
9697 842
9698 813
9699 832
9700 834
9701 841
9702 851
9703 832
9704 850
9705 846
9706 836
9707 816
9708 839
9709 836
9710 829
9711 832
9712 840
9713 817
9714 817
9715 829
9716 842
9717 825
9718 827
9719 823
9720 818
9721 814
9722 805
9723 822
9724 815
9725 818
9726 829
9727 836
9728 860
9729 819
9730 831
9731 837
9732 827
9733 843
9734 845
9735 848
9736 868
9737 848
9738 858
9739 823
9740 856
9741 808
9742 802
9743 814
9744 804
9745 806
9746 778
9747 798
9748 789
9749 792
9750 807
9751 801
9752 792
9753 784
9754 807
9755 789
9756 781
9757 749
9758 804
9759 782
9760 778
9761 785
9762 802
9763 821
9764 832
9765 849
9766 834
9767 824
9768 841
9769 833
9770 829
9771 847
9772 815
9773 840
9774 830
9775 855
9776 847
9777 843
9778 872
9779 865
9780 875
9781 852
9782 869
9783 874
9784 868
9785 864
9786 862
9787 870
9788 857
9789 866
9790 866
9791 838
9792 875
9793 859
9794 844
9795 874
9796 870
9797 849
9798 855
9799 850
9800 876
9801 873
9802 852
9803 884
9804 873
9805 878
9806 883
9807 869
9808 854
9809 853
9810 865
9811 834
9812 833
9813 836
9814 866
9815 867
9816 890
9817 872
9818 864
9819 853
9820 837
9821 863
9822 826
9823 833
9824 838
9825 853
9826 851
9827 839
9828 821
9829 867
9830 832
9831 865
9832 848
9833 880
9834 844
9835 865
9836 858
9837 854
9838 858
9839 851
9840 848
9841 830
9842 833
9843 833
9844 832
9845 834
9846 819
9847 831
9848 825
9849 810
9850 828
9851 827
9852 828
9853 841
9854 837
9855 821
9856 818
9857 821
9858 805
9859 828
9860 823
9861 820
9862 840
9863 848
9864 823
9865 857
9866 832
9867 813
9868 816
9869 828
9870 816
9871 835
9872 815
9873 816
9874 829
9875 832
9876 808
9877 829
9878 813
9879 820
9880 800
9881 816
9882 847
9883 828
9884 823
9885 825
9886 826
9887 834
9888 876
9889 880
9890 860
9891 853
9892 837
9893 857
9894 860
9895 840
9896 843
9897 837
9898 859
9899 827
9900 834
9901 823
9902 812
9903 824
9904 846
9905 826
9906 846
9907 837
9908 852
9909 832
9910 838
9911 823
9912 820
9913 864
9914 849
9915 826
9916 836
9917 827
9918 832
9919 801
9920 804
9921 827
9922 819
9923 829
9924 838
9925 835
9926 821
9927 809
9928 836
9929 806
9930 797
9931 817
9932 814
9933 782
9934 775
9935 777
9936 806
9937 797
9938 793
9939 816
9940 795
9941 808
9942 811
9943 805
9944 812
9945 801
9946 814
9947 809
9948 814
9949 797
9950 802
9951 795
9952 800
9953 791
9954 807
9955 784
9956 813
9957 800
9958 802
9959 838
9960 800
9961 819
9962 821
9963 827
9964 831
9965 836
9966 844
9967 795
9968 835
9969 841
9970 793
9971 835
9972 814
9973 845
9974 811
9975 842
9976 824
9977 837
9978 814
9979 831
9980 827
9981 838
9982 826
9983 832
9984 860
9985 840
9986 819
9987 843
9988 844
9989 841
9990 827
9991 853
9992 830
9993 838
9994 828
9995 845
9996 824
9997 833
9998 849
9999 863
