0 785
1 633
2 546
3 488
4 471
5 423
6 430
7 462
8 461
9 493
10 497
11 520
12 529
13 551
14 564
15 572
16 581
17 606
18 623
19 624
20 625
21 656
22 647
23 643
24 637
25 633
26 627
27 638
28 649
29 631
30 631
31 639
32 628
33 642
34 619
35 629
36 616
37 614
38 610
39 617
40 619
41 605
42 630
43 629
44 629
45 633
46 635
47 614
48 616
49 626
50 631
51 620
52 623
53 611
54 604
55 619
56 622
57 636
58 653
59 660
60 644
61 658
62 642
63 647
64 648
65 658
66 638
67 649
68 658
69 653
70 637
71 645
72 643
73 655
74 644
75 661
76 651
77 655
78 658
79 653
80 660
81 657
82 662
83 645
84 648
85 640
86 648
87 656
88 668
89 659
90 662
91 656
92 649
93 651
94 642
95 667
96 655
97 661
98 635
99 646
100 662
101 624
102 645
103 645
104 636
105 641
106 638
107 651
108 631
109 639
110 642
111 644
112 629
113 639
114 652
115 655
116 639
117 661
118 657
119 643
120 638
121 645
122 647
123 634
124 632
125 659
126 651
127 655
128 664
129 655
130 646
131 645
132 642
133 636
134 637
135 641
136 627
137 626
138 643
139 639
140 640
141 663
142 646
143 653
144 655
145 656
146 654
147 668
148 652
149 636
150 634
151 640
152 631
153 645
154 650
155 666
156 660
157 618
158 639
159 642
160 651
161 642
162 637
163 633
164 629
165 634
166 640
167 633
168 645
169 652
170 645
171 658
172 664
173 672
174 650
175 662
176 673
177 671
178 664
179 678
180 664
181 653
182 656
183 657
184 652
185 638
186 635
187 656
188 651
189 640
190 659
191 643
192 633
193 623
194 618
195 630
196 620
197 639
198 623
199 621
200 624
201 649
202 658
203 653
204 656
205 660
206 643
207 647
208 660
209 641
210 655
211 653
212 663
213 641
214 648
215 659
216 665
217 669
218 664
219 653
220 651
221 646
222 629
223 645
224 628
225 634
226 635
227 642
228 637
229 617
230 610
231 620
232 635
233 649
234 648
235 646
236 663
237 642
238 655
239 646
240 652
241 625
242 646
243 655
244 633
245 644
246 655
247 650
248 629
249 634
250 599
251 620
252 627
253 633
254 635
255 635
256 645
257 651
258 635
259 642
260 639
261 631
262 646
263 640
264 631
265 644
266 644
267 645
268 638
269 638
270 638
271 645
272 644
273 640
274 636
275 636
276 635
277 609
278 624
279 633
280 639
281 634
282 631
283 648
284 646
285 647
286 633
287 637
288 643
289 649
290 649
291 644
292 649
293 647
294 652
295 648
296 662
297 654
298 657
299 654
300 663
301 674
302 667
303 676
304 669
305 674
306 639
307 645
308 640
309 621
310 654
311 649
312 636
313 635
314 632
315 656
316 637
317 638
318 622
319 637
320 639
321 638
322 625
323 621
324 624
325 635
326 638
327 636
328 648
329 637
330 624
331 624
332 622
333 629
334 657
335 641
336 634
337 655
338 663
339 662
340 651
341 629
342 644
343 637
344 629
345 647
346 641
347 640
348 641
349 627
350 638
351 652
352 660
353 647
354 626
355 676
356 652
357 666
358 658
359 660
360 653
361 651
362 658
363 624
364 630
365 637
366 640
367 626
368 650
369 645
370 640
371 647
372 652
373 646
374 651
375 648
376 665
377 669
378 664
379 667
380 660
381 672
382 660
383 658
384 655
385 659
386 661
387 642
388 630
389 631
390 636
391 646
392 641
393 625
394 597
395 605
396 611
397 620
398 620
399 628
400 634
401 640
402 647
403 663
404 664
405 644
406 658
407 654
408 649
409 660
410 640
411 640
412 651
413 646
414 661
415 648
416 644
417 620
418 633
419 631
420 636
421 654
422 653
423 639
424 635
425 642
426 642
427 623
428 643
429 631
430 642
431 651
432 639
433 644
434 640
435 622
436 623
437 630
438 617
439 637
440 640
441 642
442 634
443 624
444 663
445 649
446 651
447 654
448 657
449 654
450 660
451 658
452 653
453 661
454 667
455 654
456 660
457 650
458 661
459 650
460 654
461 651
462 651
463 633
464 625
465 622
466 635
467 628
468 632
469 644
470 629
471 665
472 669
473 669
474 650
475 663
476 648
477 633
478 656
479 656
480 641
481 645
482 649
483 648
484 668
485 655
486 661
487 653
488 657
489 647
490 656
491 664
492 652
493 657
494 658
495 665
496 669
497 653
498 657
499 638
500 651
501 661
502 657
503 646
504 673
505 649
506 626
507 636
508 648
509 649
510 649
511 646
512 672
513 650
514 659
515 657
516 658
517 649
518 651
519 648
520 646
521 645
522 649
523 665
524 634
525 654
526 645
527 637
528 640
529 638
530 636
531 635
532 633
533 636
534 639
535 648
536 651
537 654
538 663
539 657
540 651
541 637
542 644
543 649
544 650
545 661
546 658
547 651
548 630
549 641
550 623
551 629
552 648
553 645
554 657
555 648
556 669
557 655
558 640
559 623
560 627
561 626
562 635
563 639
564 648
565 621
566 638
567 628
568 634
569 649
570 654
571 649
572 659
573 634
574 647
575 636
576 633
577 645
578 646
579 634
580 623
581 642
582 637
583 644
584 627
585 626
586 625
587 625
588 639
589 652
590 642
591 620
592 619
593 638
594 642
595 611
596 616
597 622
598 615
599 627
600 624
601 639
602 629
603 647
604 611
605 625
606 645
607 674
608 678
609 665
610 671
611 660
612 651
613 652
614 687
615 662
616 654
617 667
618 663
619 667
620 666
621 636
622 635
623 647
624 647
625 638
626 639
627 633
628 614
629 632
630 639
631 635
632 617
633 627
634 636
635 625
636 646
637 640
638 637
639 650
640 642
641 642
642 637
643 642
644 638
645 641
646 637
647 656
648 649
649 633
650 627
651 635
652 622
653 647
654 649
655 651
656 634
657 650
658 645
659 643
660 647
661 636
662 637
663 651
664 624
665 639
666 638
667 637
668 645
669 621
670 624
671 636
672 634
673 609
674 616
675 614
676 608
677 616
678 623
679 623
680 634
681 636
682 642
683 633
684 650
685 662
686 648
687 651
688 645
689 655
690 651
691 657
692 633
693 645
694 646
695 626
696 616
697 631
698 628
699 628
700 642
701 660
702 643
703 650
704 646
705 635
706 620
707 624
708 627
709 617
710 631
711 644
712 636
713 632
714 630
715 627
716 636
717 634
718 649
719 660
720 660
721 673
722 661
723 641
724 641
725 640
726 634
727 632
728 647
729 657
730 663
731 647
732 639
733 636
734 647
735 653
736 635
737 645
738 630
739 633
740 628
741 623
742 631
743 637
744 642
745 647
746 640
747 638
748 635
749 649
750 632
751 617
752 605
753 629
754 638
755 619
756 618
757 630
758 641
759 629
760 636
761 624
762 624
763 639
764 642
765 645
766 644
767 652
768 632
769 648
770 644
771 634
772 639
773 625
774 615
775 630
776 636
777 637
778 640
779 633
780 657
781 660
782 669
783 664
784 649
785 639
786 641
787 633
788 646
789 632
790 639
791 626
792 618
793 625
794 635
795 625
796 628
797 651
798 631
799 641
800 632
801 645
802 656
803 658
804 657
805 670
806 662
807 670
808 662
809 650
810 649
811 641
812 666
813 655
814 659
815 649
816 649
817 647
818 646
819 642
820 630
821 614
822 613
823 635
824 640
825 636
826 625
827 639
828 638
829 633
830 632
831 648
832 639
833 642
834 640
835 630
836 633
837 630
838 620
839 619
840 636
841 630
842 648
843 641
844 639
845 639
846 650
847 639
848 638
849 631
850 616
851 616
852 626
853 643
854 633
855 633
856 639
857 649
858 637
859 626
860 647
861 643
862 637
863 661
864 653
865 653
866 640
867 631
868 648
869 623
870 643
871 632
872 644
873 650
874 657
875 638
876 640
877 638
878 660
879 650
880 652
881 648
882 667
883 642
884 624
885 628
886 624
887 636
888 620
889 628
890 633
891 624
892 595
893 621
894 601
895 611
896 606
897 594
898 597
899 610
900 618
901 633
902 640
903 629
904 636
905 645
906 654
907 632
908 640
909 642
910 655
911 649
912 668
913 675
914 686
915 676
916 667
917 658
918 636
919 658
920 654
921 647
922 676
923 668
924 643
925 667
926 643
927 638
928 646
929 641
930 643
931 664
932 666
933 679
934 660
935 651
936 640
937 654
938 643
939 628
940 634
941 637
942 639
943 650
944 651
945 651
946 652
947 644
948 675
949 662
950 661
951 667
952 674
953 656
954 642
955 639
956 645
957 659
958 645
959 649
960 657
961 646
962 639
963 663
964 641
965 646
966 663
967 644
968 652
969 649
970 669
971 668
972 661
973 674
974 657
975 650
976 630
977 629
978 636
979 643
980 636
981 645
982 634
983 647
984 647
985 645
986 646
987 647
988 644
989 624
990 643
991 610
992 624
993 629
994 622
995 636
996 637
997 625
998 635
999 631
1000 646
1001 637
1002 659
1003 635
1004 654
1005 650
1006 665
1007 671
1008 676
1009 646
1010 638
1011 629
1012 623
1013 641
1014 628
1015 646
1016 654
1017 638
1018 627
1019 627
1020 615
1021 639
1022 631
1023 627
1024 642
1025 641
1026 629
1027 634
1028 623
1029 631
1030 617
1031 606
1032 632
1033 627
1034 640
1035 625
1036 620
1037 633
1038 629
1039 634
1040 641
1041 620
1042 632
1043 622
1044 628
1045 640
1046 634
1047 653
1048 654
1049 655
1050 637
1051 629
1052 628
1053 627
1054 642
1055 637
1056 639
1057 624
1058 652
1059 655
1060 652
1061 644
1062 655
1063 641
1064 654
1065 648
1066 658
1067 652
1068 626
1069 652
1070 651
1071 656
1072 652
1073 644
1074 643
1075 649
1076 638
1077 640
1078 644
1079 657
1080 638
1081 640
1082 637
1083 651
1084 636
1085 641
1086 651
1087 653
1088 667
1089 661
1090 657
1091 636
1092 637
1093 619
1094 625
1095 625
1096 641
1097 621
1098 619
1099 608
1100 623
1101 630
1102 636
1103 630
1104 623
1105 622
1106 619
1107 635
1108 625
1109 635
1110 646
1111 644
1112 647
1113 648
1114 628
1115 616
1116 623
1117 643
1118 662
1119 641
1120 638
1121 648
1122 661
1123 653
1124 656
1125 662
1126 667
1127 660
1128 644
1129 636
1130 642
1131 628
1132 624
1133 634
1134 625
1135 622
1136 622
1137 619
1138 622
1139 637
1140 633
1141 636
1142 631
1143 617
1144 629
1145 626
1146 631
1147 632
1148 628
1149 638
1150 633
1151 646
1152 654
1153 631
1154 646
1155 632
1156 624
1157 643
1158 654
1159 642
1160 658
1161 652
1162 660
1163 668
1164 650
1165 643
1166 639
1167 629
1168 641
1169 632
1170 616
1171 608
1172 599
1173 622
1174 600
1175 622
1176 608
1177 603
1178 605
1179 596
1180 609
1181 625
1182 624
1183 618
1184 641
1185 639
1186 633
1187 623
1188 644
1189 630
1190 629
1191 630
1192 633
1193 648
1194 634
1195 639
1196 632
1197 632
1198 646
1199 631
1200 637
1201 641
1202 632
1203 620
1204 618
1205 622
1206 636
1207 633
1208 616
1209 637
1210 626
1211 619
1212 647
1213 657
1214 655
1215 647
1216 642
1217 637
1218 652
1219 637
1220 640
1221 631
1222 637
1223 638
1224 656
1225 646
1226 639
1227 632
1228 635
1229 634
1230 634
1231 623
1232 628
1233 621
1234 612
1235 611
1236 627
1237 632
1238 626
1239 621
1240 638
1241 642
1242 649
1243 646
1244 654
1245 639
1246 630
1247 632
1248 626
1249 619
1250 624
1251 621
1252 618
1253 630
1254 638
1255 630
1256 634
1257 635
1258 642
1259 636
1260 657
1261 652
1262 637
1263 651
1264 659
1265 669
1266 654
1267 667
1268 668
1269 653
1270 623
1271 626
1272 648
1273 638
1274 631
1275 630
1276 633
1277 620
1278 624
1279 610
1280 633
1281 657
1282 646
1283 653
1284 654
1285 654
1286 655
1287 640
1288 641
1289 661
1290 661
1291 642
1292 655
1293 637
1294 644
1295 638
1296 642
1297 645
1298 648
1299 625
1300 650
1301 648
1302 655
1303 640
1304 648
1305 627
1306 627
1307 645
1308 651
1309 641
1310 657
1311 634
1312 634
1313 638
1314 660
1315 648
1316 643
1317 636
1318 651
1319 650
1320 648
1321 651
1322 651
1323 647
1324 662
1325 655
1326 643
1327 645
1328 633
1329 634
1330 646
1331 656
1332 639
1333 641
1334 654
1335 641
1336 638
1337 632
1338 633
1339 626
1340 662
1341 659
1342 647
1343 648
1344 650
1345 626
1346 629
1347 636
1348 651
1349 639
1350 641
1351 634
1352 632
1353 635
1354 634
1355 646
1356 652
1357 622
1358 640
1359 647
1360 650
1361 647
1362 641
1363 629
1364 608
1365 625
1366 644
1367 640
1368 641
1369 642
1370 642
1371 630
1372 618
1373 618
1374 624
1375 631
1376 644
1377 653
1378 646
1379 634
1380 637
1381 655
1382 670
1383 656
1384 657
1385 633
1386 654
1387 653
1388 644
1389 642
1390 644
1391 658
1392 645
1393 649
1394 660
1395 667
1396 659
1397 667
1398 645
1399 649
1400 651
1401 631
1402 654
1403 619
1404 633
1405 643
1406 639
1407 635
1408 647
1409 643
1410 638
1411 647
1412 631
1413 647
1414 648
1415 636
1416 627
1417 615
1418 631
1419 626
1420 615
1421 622
1422 603
1423 609
1424 619
1425 614
1426 610
1427 626
1428 625
1429 619
1430 618
1431 648
1432 646
1433 645
1434 653
1435 653
1436 642
1437 641
1438 646
1439 652
1440 634
1441 620
1442 636
1443 617
1444 631
1445 649
1446 653
1447 635
1448 634
1449 629
1450 636
1451 634
1452 627
1453 634
1454 642
1455 649
1456 644
1457 652
1458 645
1459 642
1460 644
1461 651
1462 621
1463 650
1464 637
1465 632
1466 637
1467 636
1468 622
1469 633
1470 630
1471 647
1472 632
1473 635
1474 625
1475 631
1476 641
1477 665
1478 669
1479 655
1480 647
1481 658
1482 655
1483 685
1484 669
1485 665
1486 647
1487 644
1488 638
1489 623
1490 625
1491 627
1492 630
1493 625
1494 644
1495 658
1496 640
1497 627
1498 638
1499 641
1500 639
1501 655
1502 639
1503 639
1504 653
1505 646
1506 659
1507 652
1508 651
1509 638
1510 628
1511 641
1512 652
1513 644
1514 645
1515 644
1516 640
1517 626
1518 639
1519 628
1520 632
1521 639
1522 628
1523 615
1524 628
1525 643
1526 619
1527 625
1528 634
1529 627
1530 632
1531 638
1532 629
1533 640
1534 619
1535 650
1536 661
1537 674
1538 655
1539 654
1540 658
1541 640
1542 629
1543 633
1544 633
1545 645
1546 645
1547 654
1548 650
1549 637
1550 619
1551 604
1552 620
1553 613
1554 611
1555 619
1556 620
1557 635
1558 644
1559 630
1560 640
1561 653
1562 649
1563 650
1564 666
1565 658
1566 645
1567 636
1568 654
1569 665
1570 647
1571 659
1572 631
1573 646
1574 651
1575 650
1576 639
1577 635
1578 653
1579 640
1580 658
1581 656
1582 649
1583 647
1584 655
1585 657
1586 662
1587 650
1588 657
1589 650
1590 647
1591 669
1592 659
1593 658
1594 642
1595 629
1596 622
1597 636
1598 635
1599 632
1600 649
1601 647
1602 647
1603 649
1604 636
1605 651
1606 632
1607 620
1608 627
1609 622
1610 638
1611 629
1612 615
1613 629
1614 640
1615 636
1616 620
1617 638
1618 655
1619 663
1620 650
1621 661
1622 671
1623 657
1624 664
1625 662
1626 674
1627 649
1628 640
1629 644
1630 633
1631 618
1632 643
1633 635
1634 625
1635 619
1636 622
1637 622
1638 632
1639 618
1640 628
1641 630
1642 640
1643 623
1644 621
1645 617
1646 610
1647 625
1648 637
1649 625
1650 615
1651 623
1652 634
1653 636
1654 645
1655 653
1656 671
1657 649
1658 651
1659 669
1660 663
1661 660
1662 659
1663 659
1664 655
1665 666
1666 674
1667 647
1668 648
1669 650
1670 634
1671 639
1672 655
1673 663
1674 663
1675 647
1676 659
1677 649
1678 642
1679 632
1680 629
1681 630
1682 632
1683 635
1684 645
1685 652
1686 652
1687 649
1688 644
1689 641
1690 639
1691 634
1692 653
1693 653
1694 675
1695 659
1696 643
1697 647
1698 649
1699 641
1700 660
1701 661
1702 660
1703 658
1704 661
1705 676
1706 668
1707 676
1708 648
1709 648
1710 649
1711 652
1712 663
1713 654
1714 657
1715 665
1716 665
1717 683
1718 684
1719 683
1720 685
1721 682
1722 682
1723 691
1724 669
1725 681
1726 673
1727 667
1728 668
1729 680
1730 665
1731 654
1732 664
1733 657
1734 656
1735 653
1736 659
1737 679
1738 657
1739 654
1740 645
1741 641
1742 635
1743 643
1744 647
1745 650
1746 645
1747 656
1748 649
1749 651
1750 647
1751 653
1752 642
1753 645
1754 654
1755 640
1756 658
1757 648
1758 649
1759 644
1760 643
1761 655
1762 656
1763 633
1764 634
1765 649
1766 625
1767 618
1768 619
1769 618
1770 632
1771 638
1772 646
1773 623
1774 624
1775 619
1776 639
1777 619
1778 635
1779 623
1780 599
1781 610
1782 611
1783 602
1784 609
1785 618
1786 610
1787 612
1788 620
1789 643
1790 630
1791 640
1792 647
1793 652
1794 657
1795 683
1796 659
1797 685
1798 669
1799 676
1800 655
1801 643
1802 658
1803 646
1804 623
1805 619
1806 636
1807 629
1808 617
1809 631
1810 656
1811 642
1812 645
1813 623
1814 616
1815 649
1816 662
1817 645
1818 657
1819 640
1820 638
1821 637
1822 626
1823 645
1824 634
1825 630
1826 634
1827 639
1828 633
1829 633
1830 623
1831 631
1832 641
1833 637
1834 639
1835 655
1836 657
1837 658
1838 657
1839 642
1840 645
1841 636
1842 617
1843 620
1844 631
1845 622
1846 639
1847 625
1848 621
1849 621
1850 618
1851 614
1852 635
1853 657
1854 662
1855 670
1856 659
1857 653
1858 633
1859 657
1860 653
1861 633
1862 648
1863 669
1864 637
1865 652
1866 656
1867 659
1868 652
1869 653
1870 644
1871 648
1872 621
1873 619
1874 620
1875 610
1876 621
1877 638
1878 615
1879 634
1880 652
1881 664
1882 635
1883 658
1884 666
1885 665
1886 671
1887 680
1888 647
1889 640
1890 631
1891 639
1892 649
1893 646
1894 657
1895 648
1896 653
1897 636
1898 624
1899 647
1900 632
1901 617
1902 621
1903 626
1904 629
1905 628
1906 639
1907 635
1908 631
1909 648
1910 630
1911 634
1912 625
1913 631
1914 622
1915 646
1916 637
1917 654
1918 617
1919 634
1920 631
1921 625
1922 644
1923 650
1924 647
1925 647
1926 648
1927 659
1928 643
1929 647
1930 633
1931 656
1932 650
1933 665
1934 665
1935 661
1936 654
1937 650
1938 654
1939 668
1940 649
1941 654
1942 653
1943 629
1944 638
1945 628
1946 625
1947 645
1948 647
1949 654
1950 642
1951 642
1952 629
1953 616
1954 622
1955 625
1956 615
1957 620
1958 640
1959 617
1960 619
1961 635
1962 633
1963 632
1964 637
1965 643
1966 621
1967 629
1968 628
1969 625
1970 612
1971 604
1972 624
1973 622
1974 636
1975 633
1976 617
1977 615
1978 629
1979 626
1980 651
1981 653
1982 653
1983 644
1984 630
1985 621
1986 626
1987 644
1988 636
1989 653
1990 627
1991 615
1992 629
1993 611
1994 618
1995 599
1996 603
1997 612
1998 599
1999 616
2000 617
2001 621
2002 625
2003 623
2004 646
2005 650
2006 623
2007 639
2008 647
2009 649
2010 646
2011 647
2012 652
2013 644
2014 645
2015 628
2016 643
2017 627
2018 629
2019 605
2020 609
2021 621
2022 618
2023 627
2024 621
2025 636
2026 603
2027 626
2028 626
2029 609
2030 610
2031 630
2032 629
2033 629
2034 647
2035 650
2036 646
2037 645
2038 628
2039 640
2040 640
2041 641
2042 634
2043 656
2044 653
2045 647
2046 646
2047 640
2048 630
2049 627
2050 631
2051 645
2052 656
2053 642
2054 661
2055 635
2056 634
2057 635
2058 651
2059 656
2060 661
2061 668
2062 666
2063 678
2064 676
2065 668
2066 668
2067 652
2068 637
2069 638
2070 627
2071 642
2072 639
2073 626
2074 622
2075 624
2076 640
2077 638
2078 615
2079 641
2080 640
2081 659
2082 638
2083 636
2084 644
2085 636
2086 642
2087 631
2088 636
2089 652
2090 629
2091 668
2092 655
2093 664
2094 661
2095 663
2096 647
2097 634
2098 642
2099 658
2100 639
2101 644
2102 641
2103 649
2104 653
2105 647
2106 643
2107 631
2108 624
2109 641
2110 624
2111 637
2112 647
2113 639
2114 661
2115 668
2116 657
2117 658
2118 651
2119 648
2120 658
2121 654
2122 640
2123 640
2124 647
2125 646
2126 659
2127 661
2128 665
2129 668
2130 651
2131 652
2132 681
2133 683
2134 666
2135 660
2136 679
2137 637
2138 633
2139 642
2140 635
2141 636
2142 631
2143 648
2144 638
2145 654
2146 634
2147 647
2148 631
2149 658
2150 645
2151 674
2152 656
2153 649
2154 653
2155 662
2156 639
2157 646
2158 649
2159 674
2160 654
2161 634
2162 634
2163 651
2164 622
2165 630
2166 626
2167 639
2168 647
2169 626
2170 643
2171 642
2172 629
2173 631
2174 631
2175 619
2176 623
2177 626
2178 611
2179 612
2180 621
2181 632
2182 620
2183 627
2184 622
2185 628
2186 628
2187 631
2188 603
2189 636
2190 632
2191 630
2192 617
2193 629
2194 626
2195 634
2196 639
2197 655
2198 659
2199 667
2200 655
2201 658
2202 649
2203 645
2204 640
2205 634
2206 651
2207 671
2208 640
2209 634
2210 643
2211 644
2212 657
2213 641
2214 653
2215 622
2216 633
2217 640
2218 642
2219 630
2220 638
2221 638
2222 620
2223 634
2224 644
2225 620
2226 608
2227 623
2228 627
2229 649
2230 656
2231 640
2232 651
2233 663
2234 641
2235 655
2236 648
2237 653
2238 660
2239 648
2240 658
2241 644
2242 655
2243 642
2244 653
2245 650
2246 644
2247 645
2248 629
2249 620
2250 632
2251 635
2252 628
2253 631
2254 626
2255 629
2256 646
2257 651
2258 649
2259 646
2260 647
2261 644
2262 652
2263 645
2264 658
2265 648
2266 645
2267 653
2268 635
2269 640
2270 642
2271 611
2272 618
2273 644
2274 626
2275 627
2276 632
2277 634
2278 645
2279 646
2280 641
2281 630
2282 631
2283 635
2284 622
2285 620
2286 619
2287 632
2288 650
2289 634
2290 644
2291 649
2292 673
2293 669
2294 656
2295 669
2296 667
2297 654
2298 660
2299 660
2300 639
2301 660
2302 652
2303 662
2304 662
2305 677
2306 673
2307 650
2308 637
2309 641
2310 639
2311 649
2312 627
2313 641
2314 651
2315 648
2316 672
2317 656
2318 664
2319 654
2320 656
2321 674
2322 667
2323 665
2324 657
2325 657
2326 655
2327 665
2328 640
2329 645
2330 645
2331 653
2332 636
2333 630
2334 631
2335 627
2336 628
2337 648
2338 640
2339 656
2340 656
2341 643
2342 643
2343 650
2344 643
2345 637
2346 655
2347 647
2348 646
2349 643
2350 644
2351 642
2352 653
2353 640
2354 629
2355 635
2356 618
2357 639
2358 644
2359 639
2360 644
2361 643
2362 658
2363 662
2364 652
2365 644
2366 652
2367 665
2368 664
2369 662
2370 645
2371 641
2372 628
2373 641
2374 649
2375 636
2376 638
2377 628
2378 635
2379 634
2380 638
2381 650
2382 652
2383 653
2384 639
2385 653
2386 661
2387 660
2388 663
2389 679
2390 669
2391 680
2392 667
2393 667
2394 665
2395 660
2396 658
2397 664
2398 666
2399 644
2400 640
2401 653
2402 633
2403 627
2404 624
2405 630
2406 619
2407 644
2408 632
2409 648
2410 632
2411 620
2412 644
2413 644
2414 634
2415 635
2416 639
2417 631
2418 643
2419 644
2420 624
2421 627
2422 645
2423 644
2424 646
2425 650
2426 665
2427 655
2428 663
2429 650
2430 656
2431 639
2432 621
2433 623
2434 626
2435 635
2436 623
2437 616
2438 629
2439 640
2440 620
2441 631
2442 647
2443 644
2444 641
2445 643
2446 643
2447 646
2448 665
2449 655
2450 634
2451 632
2452 639
2453 649
2454 633
2455 661
2456 632
2457 658
2458 638
2459 647
2460 636
2461 628
2462 631
2463 646
2464 644
2465 641
2466 656
2467 628
2468 639
2469 630
2470 636
2471 637
2472 642
2473 649
2474 649
2475 657
2476 625
2477 635
2478 635
2479 629
2480 622
2481 627
2482 613
2483 622
2484 623
2485 618
2486 636
2487 627
2488 613
2489 635
2490 622
2491 633
2492 613
2493 632
2494 640
2495 643
2496 647
2497 670
2498 671
2499 660
2500 650
2501 659
2502 660
2503 638
2504 658
2505 635
2506 640
2507 652
2508 654
2509 647
2510 638
2511 669
2512 627
2513 631
2514 620
2515 637
2516 629
2517 632
2518 631
2519 642
2520 645
2521 656
2522 655
2523 654
2524 634
2525 620
2526 625
2527 621
2528 641
2529 634
2530 656
2531 653
2532 659
2533 639
2534 641
2535 659
2536 649
2537 638
2538 659
2539 655
2540 649
2541 645
2542 639
2543 642
2544 636
2545 627
2546 641
2547 641
2548 643
2549 634
2550 639
2551 636
2552 636
2553 636
2554 623
2555 635
2556 641
2557 624
2558 628
2559 630
2560 645
2561 619
2562 628
2563 630
2564 633
2565 643
2566 640
2567 633
2568 627
2569 612
2570 619
2571 624
2572 637
2573 633
2574 629
2575 650
2576 637
2577 657
2578 662
2579 660
2580 650
2581 653
2582 663
2583 650
2584 634
2585 638
2586 638
2587 642
2588 644
2589 655
2590 649
2591 654
2592 642
2593 651
2594 635
2595 659
2596 644
2597 653
2598 636
2599 640
2600 639
2601 631
2602 624
2603 648
2604 652
2605 647
2606 657
2607 645
2608 640
2609 643
2610 647
2611 650
2612 643
2613 634
2614 632
2615 632
2616 638
2617 653
2618 660
2619 657
2620 644
2621 636
2622 634
2623 636
2624 641
2625 628
2626 625
2627 614
2628 634
2629 647
2630 641
2631 645
2632 662
2633 669
2634 660
2635 645
2636 644
2637 654
2638 647
2639 632
2640 646
2641 647
2642 640
2643 660
2644 640
2645 658
2646 656
2647 670
2648 667
2649 658
2650 647
2651 657
2652 649
2653 650
2654 648
2655 628
2656 621
2657 646
2658 627
2659 641
2660 641
2661 635
2662 642
2663 638
2664 651
2665 630
2666 640
2667 656
2668 654
2669 656
2670 654
2671 660
2672 635
2673 646
2674 630
2675 638
2676 645
2677 664
2678 668
2679 650
2680 640
2681 653
2682 666
2683 632
2684 641
2685 649
2686 666
2687 659
2688 648
2689 657
2690 635
2691 646
2692 652
2693 659
2694 636
2695 645
2696 637
2697 651
2698 658
2699 643
2700 648
2701 655
2702 675
2703 663
2704 653
2705 647
2706 663
2707 667
2708 665
2709 646
2710 654
2711 656
2712 653
2713 661
2714 631
2715 633
2716 629
2717 642
2718 647
2719 642
2720 640
2721 650
2722 657
2723 656
2724 664
2725 653
2726 633
2727 652
2728 646
2729 637
2730 645
2731 626
2732 644
2733 651
2734 654
2735 655
2736 667
2737 648
2738 640
2739 623
2740 614
2741 612
2742 622
2743 619
2744 641
2745 647
2746 650
2747 671
2748 655
2749 636
2750 651
2751 659
2752 644
2753 654
2754 683
2755 665
2756 646
2757 643
2758 665
2759 656
2760 647
2761 652
2762 660
2763 639
2764 620
2765 641
2766 635
2767 641
2768 660
2769 636
2770 657
2771 641
2772 647
2773 646
2774 635
2775 619
2776 628
2777 647
2778 661
2779 656
2780 669
2781 672
2782 674
2783 673
2784 667
2785 664
2786 662
2787 642
2788 637
2789 624
2790 633
2791 635
2792 633
2793 618
2794 626
2795 626
2796 639
2797 641
2798 631
2799 619
2800 624
2801 632
2802 621
2803 640
2804 654
2805 655
2806 666
2807 656
2808 639
2809 655
2810 662
2811 662
2812 654
2813 634
2814 652
2815 627
2816 653
2817 644
2818 656
2819 663
2820 649
2821 640
2822 656
2823 645
2824 631
2825 628
2826 637
2827 629
2828 624
2829 616
2830 608
2831 638
2832 618
2833 641
2834 653
2835 646
2836 645
2837 652
2838 622
2839 634
2840 632
2841 640
2842 661
2843 645
2844 650
2845 657
2846 654
2847 650
2848 655
2849 640
2850 648
2851 633
2852 640
2853 629
2854 634
2855 660
2856 662
2857 665
2858 662
2859 639
2860 630
2861 615
2862 628
2863 628
2864 628
2865 632
2866 646
2867 649
2868 644
2869 660
2870 643
2871 645
2872 643
2873 647
2874 646
2875 633
2876 627
2877 640
2878 646
2879 648
2880 649
2881 658
2882 638
2883 631
2884 645
2885 624
2886 644
2887 659
2888 652
2889 655
2890 625
2891 626
2892 642
2893 637
2894 628
2895 623
2896 628
2897 621
2898 617
2899 627
2900 643
2901 636
2902 631
2903 632
2904 635
2905 650
2906 624
2907 636
2908 623
2909 626
2910 602
2911 604
2912 621
2913 618
2914 625
2915 622
2916 632
2917 642
2918 629
2919 636
2920 655
2921 671
2922 668
2923 642
2924 630
2925 623
2926 639
2927 641
2928 642
2929 642
2930 645
2931 657
2932 643
2933 662
2934 651
2935 665
2936 649
2937 650
2938 647
2939 654
2940 655
2941 647
2942 658
2943 670
2944 669
2945 683
2946 681
2947 694
2948 664
2949 652
2950 642
2951 643
2952 643
2953 627
2954 636
2955 636
2956 656
2957 646
2958 640
2959 640
2960 645
2961 644
2962 645
2963 658
2964 649
2965 644
2966 625
2967 632
2968 636
2969 629
2970 638
2971 650
2972 645
2973 647
2974 633
2975 636
2976 645
2977 635
2978 658
2979 641
2980 640
2981 639
2982 646
2983 651
2984 642
2985 649
2986 643
2987 638
2988 639
2989 639
2990 643
2991 640
2992 657
2993 661
2994 654
2995 639
2996 656
2997 634
2998 641
2999 655
3000 657
3001 650
3002 648
3003 667
3004 685
3005 671
3006 667
3007 667
3008 645
3009 664
3010 659
3011 662
3012 645
3013 632
3014 642
3015 639
3016 630
3017 648
3018 651
3019 655
3020 643
3021 632
3022 650
3023 641
3024 642
3025 661
3026 658
3027 662
3028 675
3029 671
3030 663
3031 658
3032 651
3033 641
3034 633
3035 637
3036 628
3037 634
3038 630
3039 637
3040 638
3041 635
3042 637
3043 657
3044 639
3045 663
3046 658
3047 642
3048 646
3049 645
3050 643
3051 639
3052 640
3053 639
3054 655
3055 653
3056 660
3057 667
3058 652
3059 652
3060 652
3061 657
3062 641
3063 644
3064 653
3065 647
3066 649
3067 646
3068 637
3069 647
3070 632
3071 638
3072 660
3073 663
3074 654
3075 649
3076 655
3077 652
3078 638
3079 618
3080 626
3081 631
3082 637
3083 615
3084 628
3085 647
3086 635
3087 625
3088 649
3089 646
3090 639
3091 633
3092 622
3093 633
3094 616
3095 596
3096 622
3097 616
3098 629
3099 631
3100 642
3101 648
3102 658
3103 651
3104 637
3105 638
3106 645
3107 644
3108 637
3109 649
3110 650
3111 647
3112 638
3113 647
3114 651
3115 660
3116 663
3117 662
3118 665
3119 673
3120 665
3121 646
3122 660
3123 648
3124 648
3125 649
3126 651
3127 653
3128 649
3129 655
3130 651
3131 653
3132 631
3133 617
3134 614
3135 616
3136 633
3137 638
3138 636
3139 646
3140 660
3141 643
3142 639
3143 636
3144 636
3145 651
3146 649
3147 656
3148 660
3149 650
3150 663
3151 646
3152 658
3153 657
3154 664
3155 666
3156 650
3157 657
3158 649
3159 638
3160 644
3161 633
3162 649
3163 658
3164 660
3165 659
3166 649
3167 650
3168 644
3169 629
3170 643
3171 660
3172 664
3173 653
3174 649
3175 635
3176 644
3177 627
3178 611
3179 618
3180 624
3181 618
3182 630
3183 631
3184 652
3185 653
3186 654
3187 657
3188 658
3189 661
3190 680
3191 678
3192 657
3193 639
3194 641
3195 643
3196 642
3197 652
3198 644
3199 649
3200 658
3201 660
3202 658
3203 668
3204 647
3205 638
3206 650
3207 659
3208 659
3209 670
3210 676
3211 659
3212 653
3213 648
3214 672
3215 663
3216 655
3217 642
3218 637
3219 648
3220 632
3221 647
3222 646
3223 642
3224 633
3225 653
3226 650
3227 661
3228 670
3229 653
3230 664
3231 662
3232 661
3233 663
3234 662
3235 656
3236 668
3237 664
3238 657
3239 654
3240 655
3241 651
3242 653
3243 643
3244 607
3245 603
3246 609
3247 620
3248 606
3249 623
3250 613
3251 621
3252 614
3253 632
3254 652
3255 638
3256 639
3257 641
3258 635
3259 630
3260 636
3261 646
3262 659
3263 645
3264 659
3265 651
3266 651
3267 643
3268 639
3269 641
3270 615
3271 608
3272 631
3273 631
3274 634
3275 623
3276 620
3277 623
3278 621
3279 633
3280 643
3281 633
3282 637
3283 638
3284 617
3285 625
3286 639
3287 648
3288 652
3289 646
3290 665
3291 636
3292 645
3293 647
3294 638
3295 640
3296 655
3297 653
3298 652
3299 655
3300 632
3301 656
3302 631
3303 660
3304 632
3305 641
3306 656
3307 665
3308 656
3309 664
3310 660
3311 661
3312 658
3313 640
3314 646
3315 647
3316 633
3317 646
3318 633
3319 636
3320 634
3321 646
3322 631
3323 638
3324 646
3325 650
3326 656
3327 644
3328 635
3329 644
3330 649
3331 655
3332 679
3333 666
3334 680
3335 660
3336 671
3337 667
3338 650
3339 639
3340 640
3341 641
3342 649
3343 624
3344 632
3345 642
3346 638
3347 641
3348 638
3349 631
3350 636
3351 648
3352 624
3353 646
3354 651
3355 636
3356 655
3357 641
3358 659
3359 674
3360 662
3361 669
3362 671
3363 668
3364 669
3365 666
3366 649
3367 639
3368 619
3369 640
3370 639
3371 621
3372 627
3373 628
3374 627
3375 624
3376 623
3377 641
3378 634
3379 612
3380 624
3381 641
3382 623
3383 617
3384 620
3385 640
3386 637
3387 642
3388 637
3389 638
3390 647
3391 618
3392 633
3393 646
3394 636
3395 627
3396 632
3397 636
3398 627
3399 638
3400 635
3401 633
3402 645
3403 652
3404 639
3405 647
3406 652
3407 648
3408 659
3409 658
3410 643
3411 638
3412 658
3413 649
3414 641
3415 626
3416 635
3417 648
3418 647
3419 640
3420 643
3421 643
3422 636
3423 647
3424 627
3425 649
3426 664
3427 642
3428 655
3429 664
3430 653
3431 643
3432 639
3433 645
3434 652
3435 656
3436 654
3437 659
3438 664
3439 656
3440 658
3441 620
3442 610
3443 617
3444 616
3445 631
3446 628
3447 628
3448 622
3449 623
3450 648
3451 653
3452 642
3453 641
3454 632
3455 634
3456 628
3457 628
3458 615
3459 621
3460 633
3461 626
3462 639
3463 632
3464 646
3465 646
3466 634
3467 649
3468 656
3469 651
3470 650
3471 642
3472 654
3473 632
3474 625
3475 619
3476 617
3477 617
3478 609
3479 610
3480 625
3481 625
3482 631
3483 635
3484 639
3485 654
3486 653
3487 635
3488 656
3489 656
3490 673
3491 649
3492 651
3493 637
3494 666
3495 646
3496 653
3497 662
3498 630
3499 654
3500 658
3501 648
3502 638
3503 640
3504 653
3505 651
3506 637
3507 652
3508 644
3509 637
3510 640
3511 650
3512 653
3513 649
3514 660
3515 657
3516 647
3517 649
3518 655
3519 648
3520 659
3521 646
3522 655
3523 649
3524 642
3525 645
3526 635
3527 642
3528 643
3529 649
3530 641
3531 648
3532 634
3533 633
3534 641
3535 650
3536 640
3537 642
3538 659
3539 657
3540 656
3541 659
3542 662
3543 653
3544 655
3545 647
3546 651
3547 651
3548 643
3549 660
3550 651
3551 668
3552 664
3553 646
3554 647
3555 631
3556 634
3557 639
3558 629
3559 637
3560 652
3561 646
3562 653
3563 643
3564 625
3565 649
3566 668
3567 650
3568 635
3569 631
3570 625
3571 625
3572 644
3573 667
3574 673
3575 657
3576 668
3577 683
3578 677
3579 695
3580 678
3581 686
3582 670
3583 677
3584 647
3585 634
3586 650
3587 654
3588 644
3589 647
3590 645
3591 652
3592 655
3593 660
3594 649
3595 658
3596 649
3597 657
3598 650
3599 661
3600 647
3601 652
3602 664
3603 652
3604 651
3605 651
3606 652
3607 635
3608 640
3609 614
3610 616
3611 602
3612 608
3613 595
3614 631
3615 619
3616 635
3617 635
3618 625
3619 631
3620 672
3621 643
3622 646
3623 642
3624 643
3625 643
3626 652
3627 642
3628 637
3629 645
3630 643
3631 637
3632 652
3633 647
3634 654
3635 653
3636 667
3637 651
3638 652
3639 624
3640 650
3641 645
3642 650
3643 651
3644 654
3645 654
3646 658
3647 657
3648 652
3649 660
3650 657
3651 677
3652 667
3653 670
3654 652
3655 643
3656 647
3657 638
3658 641
3659 634
3660 621
3661 626
3662 628
3663 642
3664 658
3665 651
3666 653
3667 647
3668 645
3669 638
3670 650
3671 631
3672 635
3673 642
3674 641
3675 630
3676 621
3677 631
3678 627
3679 622
3680 625
3681 621
3682 621
3683 619
3684 619
3685 636
3686 657
3687 653
3688 637
3689 650
3690 659
3691 658
3692 647
3693 657
3694 655
3695 652
3696 655
3697 637
3698 651
3699 635
3700 641
3701 644
3702 654
3703 656
3704 645
3705 651
3706 648
3707 663
3708 646
3709 646
3710 623
3711 658
3712 647
3713 630
3714 639
3715 626
3716 641
3717 618
3718 625
3719 640
3720 636
3721 623
3722 612
3723 611
3724 627
3725 645
3726 625
3727 633
3728 639
3729 634
3730 643
3731 633
3732 650
3733 645
3734 638
3735 633
3736 635
3737 648
3738 638
3739 632
3740 650
3741 651
3742 645
3743 643
3744 636
3745 654
3746 648
3747 632
3748 629
3749 655
3750 637
3751 631
3752 625
3753 617
3754 626
3755 630
3756 630
3757 640
3758 636
3759 633
3760 644
3761 627
3762 636
3763 657
3764 647
3765 635
3766 624
3767 662
3768 636
3769 644
3770 644
3771 631
3772 638
3773 631
3774 641
3775 639
3776 618
3777 619
3778 637
3779 651
3780 658
3781 672
3782 660
3783 663
3784 670
3785 665
3786 657
3787 647
3788 649
3789 659
3790 657
3791 649
3792 665
3793 645
3794 641
3795 632
3796 637
3797 628
3798 638
3799 641
3800 621
3801 624
3802 616
3803 633
3804 612
3805 621
3806 622
3807 631
3808 640
3809 610
3810 625
3811 643
3812 621
3813 624
3814 622
3815 632
3816 648
3817 633
3818 637
3819 646
3820 646
3821 648
3822 631
3823 652
3824 665
3825 676
3826 666
3827 654
3828 662
3829 677
3830 681
3831 657
3832 663
3833 659
3834 648
3835 645
3836 636
3837 638
3838 647
3839 639
3840 626
3841 638
3842 641
3843 634
3844 634
3845 634
3846 643
3847 656
3848 649
3849 635
3850 636
3851 646
3852 630
3853 629
3854 632
3855 626
3856 630
3857 630
3858 620
3859 629
3860 650
3861 632
3862 643
3863 650
3864 636
3865 627
3866 634
3867 646
3868 647
3869 639
3870 632
3871 631
3872 637
3873 635
3874 629
3875 615
3876 627
3877 634
3878 644
3879 646
3880 639
3881 640
3882 626
3883 654
3884 635
3885 641
3886 647
3887 644
3888 625
3889 649
3890 632
3891 632
3892 645
3893 623
3894 647
3895 624
3896 630
3897 644
3898 658
3899 658
3900 661
3901 636
3902 630
3903 622
3904 622
3905 624
3906 628
3907 631
3908 620
3909 616
3910 621
3911 626
3912 598
3913 606
3914 604
3915 600
3916 604
3917 615
3918 636
3919 641
3920 650
3921 662
3922 643
3923 647
3924 641
3925 644
3926 635
3927 647
3928 661
3929 639
3930 642
3931 648
3932 635
3933 634
3934 637
3935 647
3936 630
3937 633
3938 633
3939 647
3940 645
3941 630
3942 641
3943 644
3944 650
3945 671
3946 650
3947 661
3948 685
3949 675
3950 671
3951 652
3952 645
3953 645
3954 652
3955 645
3956 639
3957 632
3958 610
3959 606
3960 614
3961 610
3962 643
3963 642
3964 648
3965 669
3966 658
3967 646
3968 652
3969 645
3970 663
3971 671
3972 653
3973 649
3974 642
3975 633
3976 648
3977 677
3978 653
3979 655
3980 635
3981 636
3982 646
3983 629
3984 638
3985 628
3986 631
3987 650
3988 648
3989 639
3990 640
3991 656
3992 668
3993 686
3994 671
3995 665
3996 657
3997 669
3998 667
3999 653
4000 666
4001 668
4002 679
4003 672
4004 666
4005 658
4006 666
4007 680
4008 671
4009 660
4010 659
4011 660
4012 645
4013 645
4014 624
4015 613
4016 610
4017 617
4018 623
4019 635
4020 626
4021 622
4022 624
4023 633
4024 617
4025 613
4026 636
4027 631
4028 652
4029 645
4030 643
4031 633
4032 639
4033 628
4034 649
4035 649
4036 665
4037 651
4038 638
4039 640
4040 637
4041 624
4042 620
4043 626
4044 625
4045 607
4046 610
4047 626
4048 632
4049 614
4050 628
4051 634
4052 640
4053 639
4054 645
4055 644
4056 644
4057 632
4058 631
4059 630
4060 634
4061 643
4062 649
4063 657
4064 646
4065 657
4066 643
4067 648
4068 627
4069 640
4070 630
4071 654
4072 645
4073 627
4074 610
4075 622
4076 631
4077 653
4078 647
4079 632
4080 641
4081 660
4082 633
4083 645
4084 645
4085 626
4086 627
4087 636
4088 637
4089 646
4090 658
4091 662
4092 652
4093 655
4094 657
4095 657
4096 664
4097 655
4098 648
4099 649
4100 662
4101 670
4102 659
4103 659
4104 650
4105 648
4106 633
4107 645
4108 641
4109 643
4110 637
4111 647
4112 658
4113 633
4114 649
4115 646
4116 644
4117 636
4118 629
4119 627
4120 631
4121 638
4122 632
4123 630
4124 653
4125 641
4126 655
4127 644
4128 651
4129 649
4130 643
4131 648
4132 651
4133 668
4134 642
4135 625
4136 629
4137 633
4138 635
4139 626
4140 615
4141 625
4142 632
4143 639
4144 651
4145 638
4146 649
4147 635
4148 659
4149 659
4150 658
4151 659
4152 651
4153 662
4154 666
4155 646
4156 655
4157 661
4158 660
4159 637
4160 642
4161 638
4162 651
4163 661
4164 665
4165 647
4166 658
4167 645
4168 635
4169 654
4170 631
4171 639
4172 634
4173 639
4174 637
4175 645
4176 631
4177 631
4178 634
4179 657
4180 652
4181 646
4182 654
4183 669
4184 666
4185 651
4186 678
4187 652
4188 643
4189 645
4190 634
4191 624
4192 627
4193 633
4194 623
4195 637
4196 643
4197 652
4198 659
4199 656
4200 661
4201 649
4202 652
4203 659
4204 652
4205 638
4206 643
4207 644
4208 645
4209 655
4210 640
4211 672
4212 661
4213 648
4214 658
4215 667
4216 656
4217 651
4218 639
4219 638
4220 650
4221 645
4222 651
4223 659
4224 659
4225 656
4226 662
4227 646
4228 620
4229 642
4230 653
4231 665
4232 672
4233 656
4234 655
4235 647
4236 653
4237 662
4238 648
4239 643
4240 637
4241 631
4242 649
4243 641
4244 636
4245 648
4246 646
4247 620
4248 629
4249 644
4250 657
4251 637
4252 649
4253 618
4254 628
4255 631
4256 640
4257 634
4258 644
4259 639
4260 653
4261 633
4262 626
4263 611
4264 634
4265 642
4266 646
4267 643
4268 639
4269 624
4270 628
4271 638
4272 627
4273 639
4274 626
4275 635
4276 653
4277 636
4278 622
4279 636
4280 652
4281 639
4282 632
4283 656
4284 626
4285 641
4286 645
4287 645
4288 644
4289 642
4290 651
4291 632
4292 628
4293 635
4294 620
4295 650
4296 645
4297 622
4298 640
4299 623
4300 635
4301 644
4302 639
4303 648
4304 649
4305 632
4306 640
4307 661
4308 652
4309 650
4310 644
4311 662
4312 665
4313 680
4314 654
4315 662
4316 645
4317 644
4318 635
4319 652
4320 651
4321 655
4322 648
4323 624
4324 634
4325 660
4326 650
4327 641
4328 650
4329 634
4330 639
4331 654
4332 656
4333 640
4334 657
4335 653
4336 645
4337 625
4338 633
4339 623
4340 632
4341 646
4342 652
4343 656
4344 653
4345 645
4346 652
4347 650
4348 657
4349 648
4350 639
4351 642
4352 631
4353 643
4354 657
4355 637
4356 638
4357 650
4358 643
4359 655
4360 651
4361 659
4362 652
4363 630
4364 650
4365 626
4366 631
4367 622
4368 659
4369 656
4370 646
4371 669
4372 654
4373 664
4374 656
4375 657
4376 650
4377 658
4378 638
4379 635
4380 635
4381 636
4382 648
4383 654
4384 668
4385 652
4386 659
4387 660
4388 662
4389 658
4390 646
4391 640
4392 648
4393 650
4394 660
4395 643
4396 642
4397 627
4398 628
4399 627
4400 625
4401 616
4402 639
4403 614
4404 628
4405 629
4406 635
4407 656
4408 645
4409 659
4410 646
4411 646
4412 664
4413 664
4414 657
4415 651
4416 659
4417 648
4418 644
4419 649
4420 629
4421 629
4422 622
4423 631
4424 614
4425 623
4426 635
4427 628
4428 630
4429 646
4430 637
4431 648
4432 656
4433 664
4434 656
4435 670
4436 663
4437 662
4438 657
4439 662
4440 664
4441 675
4442 667
4443 655
4444 667
4445 644
4446 662
4447 668
4448 670
4449 669
4450 647
4451 639
4452 650
4453 645
4454 662
4455 632
4456 639
4457 641
4458 654
4459 663
4460 659
4461 661
4462 657
4463 669
4464 652
4465 634
4466 623
4467 643
4468 638
4469 634
4470 645
4471 647
4472 653
4473 652
4474 663
4475 660
4476 643
4477 646
4478 654
4479 651
4480 646
4481 650
4482 641
4483 640
4484 635
4485 649
4486 649
4487 661
4488 659
4489 643
4490 628
4491 642
4492 643
4493 631
4494 634
4495 638
4496 641
4497 660
4498 652
4499 627
4500 652
4501 630
4502 636
4503 642
4504 653
4505 653
4506 648
4507 627
4508 642
4509 624
4510 642
4511 645
4512 639
4513 637
4514 649
4515 637
4516 642
4517 646
4518 641
4519 639
4520 639
4521 640
4522 648
4523 647
4524 623
4525 603
4526 618
4527 636
4528 638
4529 649
4530 646
4531 646
4532 658
4533 644
4534 643
4535 636
4536 651
4537 667
4538 659
4539 675
4540 663
4541 658
4542 642
4543 641
4544 646
4545 621
4546 642
4547 639
4548 616
4549 639
4550 611
4551 631
4552 647
4553 632
4554 655
4555 642
4556 665
4557 654
4558 630
4559 647
4560 626
4561 634
4562 635
4563 651
4564 646
4565 640
4566 632
4567 632
4568 635
4569 632
4570 629
4571 617
4572 619
4573 614
4574 599
4575 617
4576 611
4577 626
4578 604
4579 614
4580 620
4581 596
4582 620
4583 610
4584 619
4585 624
4586 624
4587 623
4588 610
4589 605
4590 623
4591 623
4592 639
4593 606
4594 612
4595 614
4596 626
4597 618
4598 618
4599 615
4600 620
4601 628
4602 645
4603 649
4604 671
4605 645
4606 654
4607 651
4608 661
4609 661
4610 655
4611 650
4612 632
4613 636
4614 630
4615 628
4616 621
4617 629
4618 607
4619 637
4620 638
4621 642
4622 631
4623 632
4624 649
4625 639
4626 649
4627 651
4628 664
4629 666
4630 657
4631 660
4632 654
4633 640
4634 644
4635 654
4636 647
4637 654
4638 655
4639 667
4640 639
4641 644
4642 647
4643 633
4644 632
4645 646
4646 650
4647 645
4648 660
4649 652
4650 658
4651 653
4652 649
4653 639
4654 624
4655 630
4656 639
4657 642
4658 663
4659 672
4660 653
4661 656
4662 638
4663 628
4664 625
4665 623
4666 633
4667 626
4668 632
4669 614
4670 639
4671 632
4672 641
4673 639
4674 659
4675 643
4676 658
4677 651
4678 659
4679 662
4680 655
4681 664
4682 665
4683 675
4684 676
4685 671
4686 679
4687 668
4688 677
4689 670
4690 656
4691 654
4692 657
4693 653
4694 673
4695 655
4696 666
4697 646
4698 646
4699 628
4700 628
4701 633
4702 634
4703 633
4704 615
4705 633
4706 638
4707 639
4708 621
4709 624
4710 638
4711 639
4712 631
4713 619
4714 624
4715 621
4716 626
4717 636
4718 615
4719 633
4720 651
4721 635
4722 632
4723 631
4724 644
4725 642
4726 643
4727 646
4728 636
4729 626
4730 639
4731 622
4732 611
4733 617
4734 633
4735 647
4736 650
4737 640
4738 634
4739 599
4740 619
4741 607
4742 609
4743 602
4744 615
4745 630
4746 636
4747 631
4748 634
4749 636
4750 638
4751 630
4752 649
4753 649
4754 638
4755 636
4756 646
4757 663
4758 641
4759 639
4760 638
4761 661
4762 638
4763 635
4764 628
4765 637
4766 649
4767 642
4768 627
4769 637
4770 618
4771 614
4772 628
4773 630
4774 634
4775 638
4776 637
4777 631
4778 638
4779 644
4780 623
4781 640
4782 646
4783 624
4784 648
4785 624
4786 654
4787 650
4788 642
4789 640
4790 649
4791 634
4792 647
4793 644
4794 632
4795 637
4796 633
4797 649
4798 626
4799 633
4800 630
4801 607
4802 619
4803 640
4804 639
4805 637
4806 630
4807 636
4808 608
4809 623
4810 632
4811 620
4812 640
4813 636
4814 641
4815 663
4816 664
4817 666
4818 657
4819 646
4820 653
4821 661
4822 650
4823 657
4824 649
4825 648
4826 660
4827 631
4828 650
4829 637
4830 651
4831 637
4832 653
4833 656
4834 653
4835 642
4836 654
4837 647
4838 657
4839 642
4840 632
4841 636
4842 627
4843 647
4844 641
4845 648
4846 651
4847 639
4848 645
4849 633
4850 628
4851 636
4852 650
4853 659
4854 658
4855 635
4856 639
4857 651
4858 628
4859 648
4860 643
4861 658
4862 651
4863 645
4864 645
4865 647
4866 667
4867 648
4868 660
4869 651
4870 660
4871 666
4872 637
4873 635
4874 634
4875 611
4876 609
4877 629
4878 617
4879 610
4880 632
4881 641
4882 627
4883 628
4884 652
4885 660
4886 660
4887 673
4888 674
4889 664
4890 672
4891 675
4892 669
4893 680
4894 684
4895 673
4896 646
4897 653
4898 644
4899 646
4900 646
4901 644
4902 633
4903 645
4904 647
4905 651
4906 648
4907 646
4908 660
4909 663
4910 638
4911 646
4912 646
4913 647
4914 657
4915 641
4916 640
4917 635
4918 647
4919 635
4920 635
4921 640
4922 642
4923 655
4924 664
4925 666
4926 657
4927 659
4928 655
4929 672
4930 664
4931 651
4932 652
4933 669
4934 673
4935 652
4936 656
4937 662
4938 640
4939 654
4940 651
4941 642
4942 645
4943 643
4944 652
4945 659
4946 633
4947 623
4948 648
4949 640
4950 634
4951 631
4952 629
4953 620
4954 632
4955 636
4956 646
4957 636
4958 636
4959 640
4960 641
4961 646
4962 635
4963 633
4964 637
4965 638
4966 633
4967 613
4968 608
4969 620
4970 638
4971 634
4972 651
4973 645
4974 645
4975 659
4976 677
4977 676
4978 670
4979 669
4980 657
4981 659
4982 648
4983 641
4984 638
4985 641
4986 649
4987 652
4988 642
4989 649
4990 634
4991 644
4992 642
4993 635
4994 638
4995 633
4996 620
4997 626
4998 633
4999 612
5000 612
5001 605
5002 620
5003 620
5004 618
5005 629
5006 618
5007 637
5008 657
5009 645
5010 651
5011 636
5012 648
5013 643
5014 650
5015 645
5016 634
5017 615
5018 629
5019 633
5020 621
5021 611
5022 626
5023 631
5024 623
5025 633
5026 654
5027 634
5028 617
5029 605
5030 625
5031 631
5032 658
5033 647
5034 642
5035 663
5036 640
5037 638
5038 618
5039 635
5040 627
5041 614
5042 595
5043 610
5044 631
5045 615
5046 623
5047 615
5048 639
5049 623
5050 653
5051 642
5052 645
5053 640
5054 657
5055 636
5056 654
5057 668
5058 656
5059 628
5060 646
5061 633
5062 655
5063 638
5064 632
5065 641
5066 646
5067 648
5068 639
5069 629
5070 645
5071 621
5072 623
5073 641
5074 658
5075 677
5076 649
5077 648
5078 654
5079 667
5080 651
5081 661
5082 649
5083 635
5084 635
5085 636
5086 657
5087 667
5088 648
5089 651
5090 658
5091 654
5092 650
5093 644
5094 635
5095 636
5096 650
5097 654
5098 665
5099 645
5100 660
5101 658
5102 667
5103 674
5104 679
5105 688
5106 693
5107 658
5108 644
5109 656
5110 630
5111 644
5112 624
5113 616
5114 619
5115 622
5116 622
5117 618
5118 626
5119 645
5120 629
5121 636
5122 646
5123 650
5124 636
5125 646
5126 647
5127 645
5128 640
5129 644
5130 641
5131 653
5132 645
5133 666
5134 662
5135 669
5136 662
5137 663
5138 662
5139 668
5140 658
5141 654
5142 659
5143 657
5144 643
5145 663
5146 665
5147 664
5148 652
5149 648
5150 649
5151 646
5152 660
5153 643
5154 635
5155 647
5156 650
5157 661
5158 633
5159 651
5160 643
5161 648
5162 656
5163 649
5164 648
5165 651
5166 642
5167 630
5168 648
5169 634
5170 612
5171 593
5172 603
5173 608
5174 597
5175 596
5176 605
5177 585
5178 596
5179 616
5180 611
5181 616
5182 624
5183 644
5184 656
5185 656
5186 648
5187 637
5188 644
5189 641
5190 641
5191 648
5192 643
5193 640
5194 660
5195 647
5196 636
5197 641
5198 638
5199 624
5200 628
5201 634
5202 630
5203 633
5204 624
5205 629
5206 628
5207 635
5208 628
5209 626
5210 635
5211 618
5212 633
5213 641
5214 647
5215 654
5216 635
5217 639
5218 637
5219 637
5220 632
5221 650
5222 637
5223 648
5224 642
5225 636
5226 640
5227 635
5228 626
5229 634
5230 646
5231 651
5232 650
5233 636
5234 634
5235 619
5236 634
5237 621
5238 616
5239 634
5240 633
5241 654
5242 657
5243 634
5244 639
5245 665
5246 654
5247 652
5248 650
5249 637
5250 643
5251 640
5252 639
5253 640
5254 647
5255 648
5256 663
5257 664
5258 655
5259 667
5260 660
5261 677
5262 675
5263 651
5264 658
5265 669
5266 660
5267 655
5268 657
5269 643
5270 654
5271 650
5272 641
5273 631
5274 645
5275 644
5276 647
5277 619
5278 631
5279 676
5280 655
5281 641
5282 643
5283 649
5284 651
5285 648
5286 654
5287 649
5288 646
5289 641
5290 641
5291 647
5292 642
5293 634
5294 639
5295 663
5296 658
5297 652
5298 639
5299 630
5300 623
5301 621
5302 616
5303 613
5304 625
5305 612
5306 635
5307 627
5308 624
5309 635
5310 613
5311 613
5312 617
5313 632
5314 641
5315 657
5316 644
5317 650
5318 650
5319 643
5320 634
5321 645
5322 647
5323 634
5324 632
5325 651
5326 649
5327 631
5328 633
5329 635
5330 645
5331 654
5332 643
5333 667
5334 664
5335 659
5336 653
5337 654
5338 643
5339 638
5340 622
5341 627
5342 650
5343 643
5344 635
5345 643
5346 656
5347 664
5348 660
5349 653
5350 671
5351 662
5352 651
5353 659
5354 638
5355 667
5356 658
5357 647
5358 653
5359 666
5360 662
5361 656
5362 648
5363 652
5364 664
5365 647
5366 645
5367 636
5368 627
5369 640
5370 658
5371 655
5372 642
5373 633
5374 639
5375 638
5376 631
5377 615
5378 616
5379 615
5380 632
5381 647
5382 657
5383 651
5384 664
5385 664
5386 662
5387 653
5388 650
5389 641
5390 646
5391 617
5392 634
5393 642
5394 632
5395 638
5396 631
5397 660
5398 637
5399 645
5400 631
5401 631
5402 626
5403 633
5404 630
5405 633
5406 632
5407 612
5408 634
5409 629
5410 631
5411 635
5412 629
5413 632
5414 632
5415 630
5416 626
5417 625
5418 652
5419 644
5420 626
5421 644
5422 649
5423 638
5424 648
5425 652
5426 647
5427 657
5428 673
5429 672
5430 666
5431 674
5432 694
5433 679
5434 686
5435 672
5436 686
5437 661
5438 657
5439 644
5440 658
5441 665
5442 667
5443 656
5444 645
5445 648
5446 644
5447 628
5448 650
5449 641
5450 645
5451 648
5452 631
5453 628
5454 651
5455 662
5456 649
5457 660
5458 657
5459 647
5460 660
5461 645
5462 648
5463 649
5464 652
5465 652
5466 665
5467 657
5468 654
5469 660
5470 675
5471 683
5472 681
5473 680
5474 684
5475 675
5476 680
5477 665
5478 655
5479 645
5480 660
5481 648
5482 648
5483 631
5484 640
5485 638
5486 640
5487 646
5488 653
5489 642
5490 630
5491 647
5492 640
5493 636
5494 643
5495 651
5496 668
5497 672
5498 652
5499 640
5500 631
5501 636
5502 621
5503 640
5504 635
5505 633
5506 629
5507 620
5508 629
5509 632
5510 632
5511 641
5512 631
5513 630
5514 636
5515 642
5516 649
5517 681
5518 652
5519 660
5520 652
5521 650
5522 663
5523 642
5524 631
5525 641
5526 625
5527 633
5528 645
5529 646
5530 638
5531 636
5532 637
5533 635
5534 650
5535 652
5536 651
5537 653
5538 661
5539 652
5540 636
5541 637
5542 630
5543 636
5544 620
5545 642
5546 649
5547 653
5548 652
5549 650
5550 632
5551 644
5552 661
5553 633
5554 638
5555 630
5556 636
5557 642
5558 635
5559 622
5560 639
5561 640
5562 632
5563 639
5564 628
5565 622
5566 652
5567 663
5568 648
5569 654
5570 623
5571 625
5572 638
5573 634
5574 629
5575 638
5576 634
5577 631
5578 646
5579 652
5580 651
5581 656
5582 638
5583 637
5584 627
5585 625
5586 630
5587 637
5588 645
5589 655
5590 666
5591 663
5592 649
5593 636
5594 656
5595 628
5596 623
5597 627
5598 628
5599 640
5600 641
5601 653
5602 646
5603 642
5604 624
5605 637
5606 645
5607 656
5608 629
5609 655
5610 654
5611 645
5612 629
5613 633
5614 627
5615 640
5616 622
5617 616
5618 592
5619 610
5620 619
5621 616
5622 632
5623 634
5624 639
5625 640
5626 657
5627 666
5628 678
5629 660
5630 673
5631 642
5632 656
5633 645
5634 641
5635 653
5636 631
5637 634
5638 627
5639 632
5640 638
5641 631
5642 634
5643 629
5644 629
5645 634
5646 625
5647 635
5648 627
5649 634
5650 631
5651 652
5652 646
5653 634
5654 641
5655 658
5656 653
5657 657
5658 644
5659 641
5660 645
5661 649
5662 640
5663 657
5664 677
5665 669
5666 671
5667 665
5668 664
5669 661
5670 661
5671 650
5672 647
5673 632
5674 647
5675 655
5676 648
5677 637
5678 634
5679 647
5680 638
5681 645
5682 631
5683 637
5684 636
5685 642
5686 642
5687 659
5688 678
5689 675
5690 684
5691 670
5692 658
5693 655
5694 686
5695 657
5696 641
5697 640
5698 654
5699 658
5700 650
5701 638
5702 641
5703 649
5704 640
5705 666
5706 652
5707 652
5708 631
5709 642
5710 648
5711 653
5712 658
5713 660
5714 649
5715 660
5716 651
5717 657
5718 659
5719 649
5720 648
5721 650
5722 640
5723 635
5724 653
5725 642
5726 635
5727 621
5728 658
5729 620
5730 621
5731 626
5732 624
5733 636
5734 634
5735 649
5736 627
5737 639
5738 642
5739 649
5740 673
5741 678
5742 662
5743 646
5744 638
5745 638
5746 652
5747 661
5748 660
5749 650
5750 620
5751 616
5752 615
5753 626
5754 638
5755 645
5756 617
5757 640
5758 622
5759 632
5760 643
5761 632
5762 645
5763 663
5764 642
5765 655
5766 633
5767 668
5768 641
5769 653
5770 662
5771 675
5772 672
5773 666
5774 640
5775 648
5776 661
5777 643
5778 660
5779 665
5780 642
5781 632
5782 643
5783 629
5784 646
5785 645
5786 647
5787 641
5788 644
5789 636
5790 633
5791 620
5792 628
5793 630
5794 624
5795 627
5796 621
5797 632
5798 634
5799 630
5800 644
5801 659
5802 632
5803 642
5804 648
5805 654
5806 645
5807 648
5808 651
5809 637
5810 625
5811 603
5812 637
5813 620
5814 653
5815 655
5816 639
5817 642
5818 640
5819 659
5820 655
5821 651
5822 628
5823 633
5824 636
5825 643
5826 652
5827 614
5828 615
5829 630
5830 634
5831 633
5832 632
5833 623
5834 634
5835 630
5836 627
5837 633
5838 628
5839 620
5840 628
5841 620
5842 614
5843 626
5844 618
5845 608
5846 619
5847 618
5848 622
5849 629
5850 632
5851 643
5852 648
5853 642
5854 634
5855 642
5856 665
5857 648
5858 634
5859 649
5860 645
5861 635
5862 622
5863 624
5864 643
5865 648
5866 646
5867 645
5868 659
5869 659
5870 663
5871 634
5872 658
5873 638
5874 623
5875 643
5876 639
5877 659
5878 633
5879 631
5880 631
5881 638
5882 637
5883 650
5884 649
5885 661
5886 650
5887 652
5888 658
5889 662
5890 656
5891 651
5892 637
5893 639
5894 663
5895 641
5896 664
5897 650
5898 647
5899 637
5900 631
5901 650
5902 652
5903 655
5904 627
5905 654
5906 631
5907 633
5908 623
5909 635
5910 643
5911 646
5912 651
5913 651
5914 649
5915 654
5916 635
5917 653
5918 650
5919 647
5920 618
5921 626
5922 627
5923 626
5924 642
5925 649
5926 643
5927 640
5928 625
5929 630
5930 619
5931 619
5932 624
5933 646
5934 630
5935 637
5936 648
5937 648
5938 652
5939 666
5940 668
5941 677
5942 676
5943 663
5944 648
5945 636
5946 630
5947 639
5948 651
5949 666
5950 673
5951 653
5952 653
5953 641
5954 649
5955 639
5956 645
5957 633
5958 632
5959 636
5960 622
5961 646
5962 663
5963 648
5964 641
5965 640
5966 656
5967 640
5968 635
5969 663
5970 666
5971 650
5972 655
5973 662
5974 643
5975 638
5976 633
5977 635
5978 640
5979 645
5980 626
5981 629
5982 653
5983 647
5984 643
5985 639
5986 637
5987 641
5988 616
5989 632
5990 613
5991 609
5992 626
5993 626
5994 647
5995 642
5996 655
5997 675
5998 654
5999 634
6000 640
6001 645
6002 654
6003 651
6004 643
6005 663
6006 640
6007 655
6008 656
6009 659
6010 632
6011 643
6012 630
6013 649
6014 658
6015 647
6016 637
6017 623
6018 633
6019 645
6020 639
6021 630
6022 635
6023 639
6024 636
6025 651
6026 633
6027 644
6028 644
6029 641
6030 647
6031 665
6032 663
6033 654
6034 642
6035 648
6036 658
6037 634
6038 651
6039 639
6040 636
6041 640
6042 646
6043 660
6044 629
6045 628
6046 650
6047 649
6048 650
6049 645
6050 652
6051 652
6052 655
6053 659
6054 656
6055 662
6056 668
6057 638
6058 621
6059 624
6060 643
6061 650
6062 667
6063 649
6064 659
6065 654
6066 638
6067 627
6068 652
6069 632
6070 644
6071 642
6072 646
6073 647
6074 658
6075 635
6076 668
6077 669
6078 679
6079 686
6080 671
6081 662
6082 651
6083 651
6084 663
6085 653
6086 670
6087 665
6088 665
6089 665
6090 648
6091 663
6092 650
6093 671
6094 654
6095 655
6096 669
6097 639
6098 645
6099 630
6100 641
6101 645
6102 655
6103 649
6104 647
6105 653
6106 645
6107 646
6108 659
6109 652
6110 645
6111 657
6112 654
6113 663
6114 660
6115 658
6116 652
6117 654
6118 661
6119 633
6120 658
6121 650
6122 658
6123 638
6124 636
6125 635
6126 640
6127 654
6128 661
6129 648
6130 654
6131 653
6132 646
6133 654
6134 644
6135 643
6136 646
6137 646
6138 664
6139 654
6140 643
6141 644
6142 644
6143 637
6144 617
6145 615
6146 623
6147 616
6148 637
6149 642
6150 624
6151 632
6152 612
6153 623
6154 620
6155 610
6156 600
6157 616
6158 614
6159 616
6160 618
6161 617
6162 619
6163 610
6164 616
6165 636
6166 641
6167 658
6168 654
6169 653
6170 646
6171 665
6172 660
6173 644
6174 640
6175 639
6176 634
6177 652
6178 651
6179 635
6180 648
6181 660
6182 653
6183 642
6184 648
6185 644
6186 647
6187 629
6188 632
6189 634
6190 633
6191 629
6192 642
6193 631
6194 642
6195 645
6196 640
6197 636
6198 634
6199 642
6200 633
6201 637
6202 653
6203 660
6204 649
6205 651
6206 642
6207 652
6208 660
6209 653
6210 661
6211 649
6212 655
6213 642
6214 632
6215 630
6216 632
6217 629
6218 634
6219 633
6220 638
6221 639
6222 646
6223 641
6224 644
6225 644
6226 667
6227 658
6228 657
6229 629
6230 634
6231 649
6232 641
6233 644
6234 630
6235 626
6236 645
6237 637
6238 644
6239 640
6240 658
6241 657
6242 655
6243 646
6244 640
6245 660
6246 663
6247 673
6248 653
6249 630
6250 632
6251 624
6252 631
6253 608
6254 630
6255 612
6256 631
6257 627
6258 644
6259 641
6260 623
6261 627
6262 617
6263 650
6264 648
6265 653
6266 661
6267 635
6268 650
6269 625
6270 632
6271 652
6272 653
6273 637
6274 648
6275 657
6276 650
6277 628
6278 632
6279 638
6280 630
6281 624
6282 628
6283 644
6284 653
6285 658
6286 644
6287 666
6288 653
6289 642
6290 635
6291 645
6292 623
6293 630
6294 633
6295 634
6296 598
6297 634
6298 631
6299 623
6300 637
6301 636
6302 633
6303 643
6304 640
6305 651
6306 648
6307 640
6308 649
6309 638
6310 634
6311 641
6312 645
6313 629
6314 635
6315 629
6316 633
6317 622
6318 632
6319 633
6320 636
6321 656
6322 648
6323 649
6324 646
6325 649
6326 629
6327 643
6328 629
6329 616
6330 622
6331 631
6332 618
6333 605
6334 609
6335 628
6336 643
6337 628
6338 634
6339 631
6340 649
6341 655
6342 658
6343 649
6344 642
6345 648
6346 652
6347 646
6348 642
6349 649
6350 646
6351 641
6352 643
6353 659
6354 655
6355 668
6356 656
6357 638
6358 648
6359 655
6360 650
6361 640
6362 651
6363 646
6364 648
6365 653
6366 676
6367 675
6368 658
6369 649
6370 641
6371 665
6372 666
6373 680
6374 667
6375 667
6376 657
6377 642
6378 657
6379 644
6380 633
6381 626
6382 615
6383 631
6384 619
6385 622
6386 634
6387 615
6388 625
6389 624
6390 632
6391 636
6392 635
6393 643
6394 639
6395 646
6396 627
6397 625
6398 621
6399 615
6400 625
6401 630
6402 633
6403 640
6404 635
6405 662
6406 633
6407 642
6408 648
6409 636
6410 636
6411 632
6412 627
6413 614
6414 635
6415 614
6416 613
6417 616
6418 624
6419 613
6420 625
6421 620
6422 612
6423 620
6424 630
6425 639
6426 637
6427 633
6428 635
6429 632
6430 641
6431 649
6432 672
6433 656
6434 643
6435 645
6436 631
6437 629
6438 601
6439 619
6440 631
6441 625
6442 629
6443 610
6444 620
6445 628
6446 632
6447 614
6448 633
6449 633
6450 623
6451 641
6452 643
6453 646
6454 631
6455 623
6456 628
6457 622
6458 652
6459 643
6460 645
6461 638
6462 640
6463 658
6464 662
6465 634
6466 647
6467 632
6468 649
6469 652
6470 649
6471 659
6472 661
6473 674
6474 663
6475 646
6476 638
6477 657
6478 641
6479 648
6480 636
6481 649
6482 629
6483 643
6484 624
6485 632
6486 639
6487 618
6488 629
6489 637
6490 623
6491 622
6492 645
6493 645
6494 627
6495 665
6496 650
6497 672
6498 672
6499 665
6500 676
6501 668
6502 657
6503 663
6504 664
6505 649
6506 658
6507 638
6508 646
6509 657
6510 666
6511 648
6512 639
6513 644
6514 639
6515 653
6516 639
6517 617
6518 639
6519 651
6520 640
6521 647
6522 638
6523 652
6524 647
6525 620
6526 618
6527 629
6528 635
6529 626
6530 637
6531 652
6532 651
6533 651
6534 667
6535 657
6536 663
6537 651
6538 659
6539 636
6540 641
6541 631
6542 634
6543 636
6544 652
6545 653
6546 651
6547 634
6548 621
6549 653
6550 651
6551 643
6552 656
6553 667
6554 649
6555 650
6556 650
6557 646
6558 625
6559 643
6560 664
6561 632
6562 628
6563 655
6564 658
6565 669
6566 674
6567 666
6568 661
6569 656
6570 672
6571 660
6572 666
6573 656
6574 650
6575 665
6576 641
6577 612
6578 636
6579 642
6580 642
6581 636
6582 636
6583 635
6584 644
6585 644
6586 645
6587 647
6588 661
6589 659
6590 633
6591 639
6592 621
6593 626
6594 635
6595 617
6596 638
6597 623
6598 627
6599 642
6600 620
6601 618
6602 627
6603 624
6604 621
6605 626
6606 647
6607 663
6608 647
6609 649
6610 650
6611 667
6612 649
6613 651
6614 646
6615 608
6616 623
6617 636
6618 635
6619 644
6620 659
6621 634
6622 630
6623 648
6624 633
6625 647
6626 632
6627 615
6628 619
6629 646
6630 647
6631 615
6632 624
6633 637
6634 646
6635 646
6636 651
6637 644
6638 647
6639 650
6640 638
6641 647
6642 639
6643 655
6644 656
6645 646
6646 668
6647 660
6648 680
6649 659
6650 652
6651 637
6652 643
6653 664
6654 652
6655 656
6656 648
6657 641
6658 632
6659 626
6660 641
6661 644
6662 637
6663 630
6664 634
6665 619
6666 611
6667 622
6668 626
6669 627
6670 638
6671 649
6672 648
6673 656
6674 658
6675 655
6676 656
6677 648
6678 659
6679 660
6680 655
6681 668
6682 653
6683 652
6684 654
6685 645
6686 647
6687 651
6688 645
6689 655
6690 629
6691 637
6692 637
6693 629
6694 640
6695 638
6696 617
6697 628
6698 623
6699 627
6700 646
6701 624
6702 634
6703 642
6704 640
6705 642
6706 634
6707 646
6708 646
6709 656
6710 657
6711 659
6712 665
6713 660
6714 655
6715 635
6716 649
6717 633
6718 638
6719 624
6720 640
6721 633
6722 649
6723 634
6724 614
6725 620
6726 630
6727 612
6728 638
6729 615
6730 617
6731 637
6732 632
6733 643
6734 635
6735 635
6736 641
6737 645
6738 651
6739 638
6740 635
6741 641
6742 661
6743 652
6744 655
6745 662
6746 651
6747 650
6748 645
6749 643
6750 640
6751 660
6752 650
6753 647
6754 640
6755 654
6756 636
6757 630
6758 648
6759 644
6760 618
6761 622
6762 620
6763 620
6764 629
6765 617
6766 628
6767 620
6768 623
6769 640
6770 654
6771 647
6772 648
6773 653
6774 646
6775 636
6776 632
6777 638
6778 646
6779 658
6780 653
6781 639
6782 651
6783 655
6784 664
6785 649
6786 648
6787 623
6788 649
6789 630
6790 643
6791 639
6792 636
6793 614
6794 615
6795 602
6796 613
6797 630
6798 643
6799 656
6800 662
6801 651
6802 658
6803 642
6804 650
6805 644
6806 633
6807 658
6808 642
6809 647
6810 635
6811 633
6812 649
6813 644
6814 648
6815 637
6816 642
6817 644
6818 615
6819 620
6820 616
6821 630
6822 639
6823 629
6824 636
6825 651
6826 639
6827 623
6828 653
6829 642
6830 639
6831 635
6832 644
6833 640
6834 646
6835 642
6836 665
6837 663
6838 661
6839 655
6840 640
6841 642
6842 647
6843 663
6844 664
6845 646
6846 642
6847 657
6848 643
6849 649
6850 667
6851 651
6852 648
6853 629
6854 644
6855 636
6856 622
6857 635
6858 627
6859 626
6860 644
6861 621
6862 624
6863 629
6864 622
6865 634
6866 646
6867 651
6868 642
6869 652
6870 663
6871 649
6872 646
6873 659
6874 648
6875 673
6876 675
6877 657
6878 663
6879 656
6880 666
6881 650
6882 642
6883 631
6884 630
6885 629
6886 615
6887 630
6888 633
6889 629
6890 645
6891 641
6892 643
6893 648
6894 638
6895 657
6896 631
6897 637
6898 620
6899 630
6900 639
6901 640
6902 640
6903 642
6904 646
6905 655
6906 650
6907 653
6908 635
6909 648
6910 647
6911 642
6912 655
6913 653
6914 645
6915 658
6916 656
6917 654
6918 659
6919 659
6920 659
6921 674
6922 671
6923 690
6924 695
6925 678
6926 679
6927 656
6928 670
6929 671
6930 656
6931 648
6932 636
6933 646
6934 644
6935 655
6936 648
6937 650
6938 649
6939 646
6940 639
6941 653
6942 648
6943 648
6944 654
6945 642
6946 644
6947 627
6948 621
6949 627
6950 639
6951 616
6952 635
6953 624
6954 631
6955 645
6956 642
6957 644
6958 660
6959 643
6960 643
6961 651
6962 651
6963 652
6964 658
6965 648
6966 649
6967 657
6968 650
6969 653
6970 641
6971 640
6972 661
6973 643
6974 634
6975 654
6976 610
6977 608
6978 620
6979 628
6980 632
6981 635
6982 648
6983 627
6984 631
6985 624
6986 626
6987 632
6988 651
6989 647
6990 638
6991 638
6992 649
6993 645
6994 648
6995 657
6996 636
6997 658
6998 644
6999 645
7000 633
7001 636
7002 653
7003 640
7004 631
7005 637
7006 646
7007 648
7008 656
7009 651
7010 644
7011 626
7012 647
7013 641
7014 650
7015 632
7016 635
7017 616
7018 642
7019 646
7020 635
7021 656
7022 660
7023 653
7024 647
7025 657
7026 655
7027 656
7028 654
7029 663
7030 645
7031 650
7032 657
7033 659
7034 664
7035 626
7036 649
7037 645
7038 632
7039 629
7040 649
7041 626
7042 625
7043 630
7044 617
7045 618
7046 634
7047 627
7048 637
7049 642
7050 655
7051 622
7052 657
7053 646
7054 651
7055 653
7056 676
7057 659
7058 634
7059 630
7060 644
7061 639
7062 655
7063 676
7064 667
7065 652
7066 640
7067 660
7068 629
7069 643
7070 645
7071 651
7072 653
7073 653
7074 652
7075 659
7076 653
7077 645
7078 658
7079 654
7080 644
7081 644
7082 645
7083 650
7084 652
7085 661
7086 664
7087 659
7088 648
7089 672
7090 658
7091 666
7092 645
7093 656
7094 651
7095 643
7096 640
7097 635
7098 646
7099 635
7100 645
7101 649
7102 661
7103 659
7104 657
7105 652
7106 644
7107 646
7108 643
7109 650
7110 636
7111 647
7112 638
7113 628
7114 633
7115 647
7116 649
7117 644
7118 637
7119 635
7120 655
7121 656
7122 662
7123 654
7124 658
7125 675
7126 648
7127 654
7128 661
7129 659
7130 654
7131 644
7132 645
7133 643
7134 636
7135 646
7136 647
7137 652
7138 653
7139 661
7140 667
7141 662
7142 659
7143 661
7144 649
7145 631
7146 639
7147 626
7148 625
7149 633
7150 659
7151 630
7152 648
7153 644
7154 635
7155 646
7156 651
7157 649
7158 653
7159 651
7160 663
7161 675
7162 685
7163 656
7164 659
7165 648
7166 645
7167 649
7168 648
7169 630
7170 649
7171 659
7172 662
7173 662
7174 649
7175 675
7176 660
7177 661
7178 653
7179 658
7180 667
7181 648
7182 645
7183 635
7184 642
7185 636
7186 642
7187 650
7188 642
7189 647
7190 626
7191 639
7192 651
7193 652
7194 651
7195 644
7196 644
7197 620
7198 634
7199 622
7200 637
7201 636
7202 626
7203 613
7204 627
7205 633
7206 634
7207 640
7208 636
7209 672
7210 648
7211 656
7212 656
7213 646
7214 649
7215 647
7216 652
7217 681
7218 674
7219 655
7220 647
7221 651
7222 636
7223 649
7224 648
7225 642
7226 641
7227 623
7228 630
7229 622
7230 618
7231 624
7232 613
7233 636
7234 608
7235 628
7236 621
7237 646
7238 640
7239 644
7240 639
7241 634
7242 640
7243 625
7244 638
7245 620
7246 652
7247 672
7248 656
7249 654
7250 668
7251 657
7252 670
7253 646
7254 681
7255 672
7256 663
7257 669
7258 662
7259 660
7260 638
7261 649
7262 661
7263 667
7264 667
7265 671
7266 647
7267 650
7268 648
7269 645
7270 649
7271 643
7272 622
7273 633
7274 638
7275 622
7276 639
7277 640
7278 635
7279 644
7280 659
7281 655
7282 667
7283 657
7284 665
7285 663
7286 650
7287 642
7288 647
7289 632
7290 625
7291 621
7292 621
7293 631
7294 645
7295 629
7296 645
7297 644
7298 643
7299 657
7300 646
7301 643
7302 622
7303 650
7304 644
7305 630
7306 625
7307 617
7308 635
7309 624
7310 632
7311 635
7312 645
7313 636
7314 638
7315 653
7316 647
7317 652
7318 656
7319 644
7320 630
7321 648
7322 650
7323 653
7324 661
7325 647
7326 663
7327 651
7328 647
7329 640
7330 638
7331 620
7332 619
7333 618
7334 615
7335 619
7336 611
7337 625
7338 632
7339 627
7340 646
7341 655
7342 646
7343 657
7344 660
7345 653
7346 647
7347 654
7348 653
7349 647
7350 636
7351 632
7352 642
7353 652
7354 646
7355 642
7356 648
7357 652
7358 634
7359 633
7360 652
7361 652
7362 627
7363 634
7364 640
7365 635
7366 634
7367 648
7368 636
7369 637
7370 640
7371 637
7372 619
7373 633
7374 633
7375 636
7376 653
7377 637
7378 631
7379 632
7380 649
7381 652
7382 639
7383 643
7384 649
7385 668
7386 651
7387 639
7388 637
7389 624
7390 638
7391 627
7392 621
7393 625
7394 633
7395 634
7396 639
7397 644
7398 645
7399 660
7400 630
7401 644
7402 655
7403 637
7404 639
7405 638
7406 639
7407 640
7408 636
7409 620
7410 640
7411 645
7412 651
7413 645
7414 646
7415 634
7416 661
7417 645
7418 658
7419 661
7420 653
7421 650
7422 639
7423 640
7424 636
7425 632
7426 638
7427 628
7428 622
7429 609
7430 630
7431 610
7432 614
7433 622
7434 637
7435 627
7436 628
7437 653
7438 640
7439 646
7440 658
7441 654
7442 657
7443 657
7444 645
7445 630
7446 620
7447 629
7448 640
7449 630
7450 648
7451 639
7452 653
7453 648
7454 659
7455 662
7456 665
7457 643
7458 657
7459 655
7460 659
7461 642
7462 619
7463 626
7464 631
7465 637
7466 640
7467 650
7468 645
7469 649
7470 655
7471 649
7472 655
7473 662
7474 662
7475 665
7476 669
7477 649
7478 642
7479 642
7480 656
7481 671
7482 648
7483 653
7484 660
7485 632
7486 619
7487 635
7488 627
7489 644
7490 641
7491 643
7492 633
7493 625
7494 614
7495 650
7496 652
7497 645
7498 647
7499 666
7500 662
7501 663
7502 646
7503 658
7504 664
7505 653
7506 639
7507 662
7508 663
7509 663
7510 668
7511 655
7512 636
7513 638
7514 641
7515 652
7516 650
7517 638
7518 628
7519 639
7520 637
7521 638
7522 620
7523 641
7524 623
7525 643
7526 646
7527 631
7528 646
7529 645
7530 640
7531 644
7532 639
7533 632
7534 639
7535 640
7536 638
7537 647
7538 644
7539 632
7540 660
7541 656
7542 661
7543 650
7544 661
7545 668
7546 677
7547 663
7548 659
7549 656
7550 670
7551 648
7552 643
7553 651
7554 660
7555 663
7556 668
7557 665
7558 671
7559 673
7560 654
7561 655
7562 658
7563 640
7564 641
7565 627
7566 641
7567 646
7568 652
7569 649
7570 649
7571 634
7572 637
7573 649
7574 656
7575 650
7576 665
7577 651
7578 647
7579 655
7580 647
7581 647
7582 638
7583 648
7584 657
7585 670
7586 671
7587 658
7588 646
7589 663
7590 657
7591 647
7592 634
7593 640
7594 646
7595 647
7596 640
7597 643
7598 642
7599 620
7600 624
7601 640
7602 624
7603 623
7604 601
7605 619
7606 619
7607 634
7608 636
7609 631
7610 643
7611 661
7612 638
7613 639
7614 648
7615 647
7616 652
7617 662
7618 633
7619 620
7620 627
7621 650
7622 652
7623 637
7624 648
7625 667
7626 666
7627 660
7628 656
7629 661
7630 661
7631 648
7632 641
7633 635
7634 626
7635 628
7636 614
7637 613
7638 624
7639 603
7640 613
7641 633
7642 625
7643 629
7644 638
7645 638
7646 638
7647 649
7648 630
7649 642
7650 654
7651 640
7652 641
7653 633
7654 656
7655 650
7656 646
7657 641
7658 646
7659 639
7660 654
7661 662
7662 648
7663 640
7664 643
7665 645
7666 666
7667 675
7668 657
7669 633
7670 634
7671 624
7672 637
7673 644
7674 631
7675 629
7676 628
7677 617
7678 617
7679 622
7680 631
7681 628
7682 633
7683 631
7684 644
7685 660
7686 645
7687 628
7688 649
7689 656
7690 656
7691 647
7692 642
7693 650
7694 652
7695 658
7696 647
7697 624
7698 651
7699 639
7700 643
7701 635
7702 651
7703 626
7704 622
7705 629
7706 634
7707 635
7708 618
7709 615
7710 607
7711 617
7712 628
7713 626
7714 624
7715 621
7716 618
7717 628
7718 634
7719 617
7720 621
7721 624
7722 637
7723 643
7724 641
7725 673
7726 644
7727 646
7728 640
7729 645
7730 646
7731 617
7732 655
7733 650
7734 640
7735 628
7736 641
7737 640
7738 641
7739 629
7740 649
7741 638
7742 619
7743 619
7744 626
7745 615
7746 644
7747 594
7748 616
7749 624
7750 634
7751 629
7752 624
7753 617
7754 618
7755 601
7756 607
7757 599
7758 614
7759 629
7760 637
7761 628
7762 634
7763 643
7764 635
7765 633
7766 635
7767 647
7768 640
7769 650
7770 631
7771 648
7772 627
7773 625
7774 605
7775 632
7776 618
7777 620
7778 616
7779 628
7780 635
7781 614
7782 624
7783 610
7784 610
7785 627
7786 637
7787 641
7788 635
7789 634
7790 664
7791 652
7792 662
7793 653
7794 644
7795 642
7796 646
7797 619
7798 628
7799 626
7800 627
7801 630
7802 641
7803 638
7804 630
7805 613
7806 599
7807 610
7808 607
7809 620
7810 609
7811 607
7812 608
7813 594
7814 614
7815 623
7816 621
7817 633
7818 632
7819 641
7820 643
7821 639
7822 649
7823 648
7824 671
7825 663
7826 665
7827 666
7828 659
7829 645
7830 675
7831 660
7832 646
7833 655
7834 669
7835 648
7836 643
7837 625
7838 621
7839 645
7840 643
7841 645
7842 646
7843 653
7844 646
7845 640
7846 657
7847 656
7848 659
7849 645
7850 650
7851 650
7852 649
7853 655
7854 643
7855 649
7856 628
7857 646
7858 660
7859 655
7860 645
7861 663
7862 657
7863 654
7864 672
7865 656
7866 638
7867 620
7868 627
7869 628
7870 622
7871 620
7872 632
7873 635
7874 624
7875 644
7876 640
7877 649
7878 661
7879 653
7880 667
7881 659
7882 678
7883 682
7884 667
7885 661
7886 662
7887 662
7888 663
7889 653
7890 658
7891 663
7892 656
7893 677
7894 664
7895 658
7896 659
7897 657
7898 636
7899 650
7900 651
7901 644
7902 637
7903 631
7904 649
7905 653
7906 632
7907 636
7908 665
7909 675
7910 677
7911 679
7912 656
7913 637
7914 641
7915 644
7916 649
7917 645
7918 634
7919 650
7920 656
7921 656
7922 657
7923 658
7924 673
7925 663
7926 652
7927 659
7928 654
7929 669
7930 660
7931 652
7932 649
7933 646
7934 631
7935 625
7936 643
7937 632
7938 640
7939 645
7940 645
7941 643
7942 649
7943 653
7944 641
7945 647
7946 670
7947 657
7948 650
7949 627
7950 639
7951 658
7952 659
7953 644
7954 649
7955 646
7956 648
7957 633
7958 627
7959 638
7960 646
7961 646
7962 650
7963 661
7964 672
7965 669
7966 677
7967 668
7968 660
7969 647
7970 646
7971 642
7972 660
7973 631
7974 647
7975 621
7976 638
7977 631
7978 634
7979 642
7980 631
7981 643
7982 647
7983 657
7984 649
7985 621
7986 625
7987 642
7988 640
7989 659
7990 655
7991 632
7992 658
7993 680
7994 682
7995 687
7996 671
7997 669
7998 656
7999 668
8000 652
8001 649
8002 659
8003 673
8004 668
8005 667
8006 639
8007 641
8008 627
8009 621
8010 632
8011 620
8012 662
8013 646
8014 652
8015 652
8016 644
8017 642
8018 650
8019 648
8020 638
8021 634
8022 630
8023 622
8024 629
8025 629
8026 658
8027 634
8028 651
8029 650
8030 637
8031 641
8032 642
8033 659
8034 658
8035 647
8036 644
8037 655
8038 644
8039 658
8040 663
8041 662
8042 663
8043 657
8044 646
8045 647
8046 638
8047 647
8048 632
8049 633
8050 630
8051 621
8052 621
8053 616
8054 633
8055 632
8056 657
8057 645
8058 644
8059 658
8060 667
8061 664
8062 641
8063 631
8064 632
8065 635
8066 641
8067 644
8068 643
8069 652
8070 635
8071 634
8072 628
8073 620
8074 629
8075 640
8076 627
8077 646
8078 651
8079 648
8080 644
8081 642
8082 650
8083 663
8084 663
8085 652
8086 633
8087 651
8088 643
8089 651
8090 646
8091 636
8092 624
8093 624
8094 639
8095 630
8096 628
8097 628
8098 624
8099 645
8100 657
8101 634
8102 649
8103 627
8104 626
8105 638
8106 647
8107 659
8108 657
8109 645
8110 648
8111 656
8112 649
8113 642
8114 640
8115 650
8116 629
8117 625
8118 620
8119 611
8120 623
8121 631
8122 620
8123 607
8124 598
8125 616
8126 609
8127 601
8128 618
8129 617
8130 612
8131 614
8132 612
8133 638
8134 627
8135 634
8136 645
8137 663
8138 648
8139 638
8140 620
8141 616
8142 626
8143 630
8144 624
8145 631
8146 626
8147 610
8148 631
8149 636
8150 642
8151 637
8152 650
8153 650
8154 644
8155 672
8156 664
8157 645
8158 655
8159 657
8160 670
8161 662
8162 658
8163 662
8164 652
8165 664
8166 657
8167 644
8168 658
8169 654
8170 641
8171 654
8172 640
8173 634
8174 637
8175 637
8176 625
8177 634
8178 635
8179 634
8180 625
8181 631
8182 628
8183 629
8184 633
8185 624
8186 627
8187 621
8188 644
8189 641
8190 651
8191 644
8192 628
8193 627
8194 635
8195 639
8196 642
8197 652
8198 642
8199 664
8200 673
8201 657
8202 638
8203 644
8204 654
8205 665
8206 652
8207 643
8208 637
8209 634
8210 628
8211 647
8212 656
8213 640
8214 659
8215 626
8216 629
8217 641
8218 630
8219 618
8220 637
8221 606
8222 625
8223 628
8224 614
8225 614
8226 619
8227 633
8228 623
8229 632
8230 632
8231 653
8232 635
8233 639
8234 641
8235 639
8236 640
8237 648
8238 650
8239 658
8240 662
8241 664
8242 663
8243 644
8244 647
8245 653
8246 657
8247 645
8248 649
8249 638
8250 639
8251 635
8252 627
8253 642
8254 633
8255 628
8256 645
8257 649
8258 652
8259 658
8260 636
8261 653
8262 658
8263 665
8264 645
8265 645
8266 624
8267 633
8268 633
8269 616
8270 612
8271 643
8272 613
8273 609
8274 621
8275 617
8276 618
8277 619
8278 607
8279 635
8280 659
8281 653
8282 656
8283 638
8284 640
8285 641
8286 650
8287 651
8288 647
8289 646
8290 647
8291 649
8292 651
8293 653
8294 648
8295 628
8296 637
8297 642
8298 640
8299 656
8300 643
8301 637
8302 623
8303 650
8304 624
8305 627
8306 624
8307 612
8308 630
8309 622
8310 637
8311 644
8312 653
8313 653
8314 656
8315 647
8316 643
8317 656
8318 649
8319 658
8320 659
8321 667
8322 672
8323 668
8324 646
8325 649
8326 643
8327 645
8328 645
8329 661
8330 646
8331 651
8332 663
8333 641
8334 632
8335 645
8336 648
8337 620
8338 630
8339 629
8340 636
8341 633
8342 647
8343 635
8344 649
8345 640
8346 642
8347 632
8348 659
8349 660
8350 642
8351 647
8352 638
8353 635
8354 636
8355 641
8356 668
8357 663
8358 657
8359 665
8360 649
8361 643
8362 644
8363 656
8364 621
8365 617
8366 617
8367 627
8368 618
8369 591
8370 601
8371 607
8372 610
8373 614
8374 637
8375 646
8376 647
8377 623
8378 631
8379 625
8380 651
8381 653
8382 647
8383 636
8384 643
8385 661
8386 654
8387 669
8388 659
8389 650
8390 656
8391 648
8392 651
8393 669
8394 640
8395 665
8396 643
8397 652
8398 663
8399 647
8400 648
8401 629
8402 628
8403 645
8404 629
8405 637
8406 632
8407 639
8408 654
8409 632
8410 643
8411 637
8412 632
8413 629
8414 626
8415 640
8416 652
8417 640
8418 643
8419 638
8420 664
8421 654
8422 644
8423 632
8424 650
8425 645
8426 649
8427 669
8428 657
8429 674
8430 667
8431 672
8432 664
8433 644
8434 636
8435 638
8436 623
8437 651
8438 624
8439 640
8440 636
8441 630
8442 654
8443 651
8444 642
8445 637
8446 621
8447 626
8448 626
8449 640
8450 652
8451 625
8452 627
8453 638
8454 657
8455 662
8456 668
8457 651
8458 639
8459 633
8460 628
8461 643
8462 652
8463 659
8464 679
8465 664
8466 656
8467 662
8468 650
8469 638
8470 639
8471 625
8472 625
8473 621
8474 613
8475 624
8476 635
8477 635
8478 642
8479 652
8480 639
8481 646
8482 659
8483 671
8484 657
8485 652
8486 648
8487 628
8488 649
8489 665
8490 663
8491 663
8492 662
8493 661
8494 647
8495 661
8496 651
8497 643
8498 649
8499 665
8500 650
8501 647
8502 642
8503 641
8504 654
8505 676
8506 676
8507 668
8508 663
8509 673
8510 685
8511 674
8512 663
8513 639
8514 648
8515 635
8516 646
8517 641
8518 630
8519 651
8520 627
8521 631
8522 647
8523 656
8524 660
8525 638
8526 630
8527 637
8528 629
8529 619
8530 614
8531 632
8532 606
8533 620
8534 614
8535 637
8536 610
8537 619
8538 643
8539 639
8540 646
8541 641
8542 621
8543 614
8544 627
8545 623
8546 628
8547 637
8548 641
8549 640
8550 643
8551 652
8552 649
8553 654
8554 653
8555 652
8556 656
8557 645
8558 651
8559 654
8560 660
8561 665
8562 673
8563 658
8564 643
8565 660
8566 654
8567 651
8568 643
8569 631
8570 638
8571 645
8572 640
8573 629
8574 646
8575 646
8576 645
8577 629
8578 656
8579 641
8580 649
8581 640
8582 649
8583 630
8584 632
8585 630
8586 630
8587 625
8588 625
8589 639
8590 637
8591 621
8592 626
8593 641
8594 644
8595 657
8596 658
8597 653
8598 661
8599 671
8600 666
8601 657
8602 658
8603 654
8604 659
8605 673
8606 693
8607 675
8608 665
8609 663
8610 662
8611 649
8612 656
8613 647
8614 650
8615 664
8616 634
8617 632
8618 623
8619 639
8620 640
8621 659
8622 657
8623 659
8624 666
8625 652
8626 646
8627 652
8628 647
8629 649
8630 654
8631 643
8632 642
8633 642
8634 633
8635 622
8636 630
8637 652
8638 652
8639 646
8640 659
8641 659
8642 655
8643 647
8644 646
8645 640
8646 646
8647 649
8648 638
8649 625
8650 637
8651 633
8652 624
8653 638
8654 626
8655 631
8656 625
8657 633
8658 643
8659 633
8660 650
8661 651
8662 645
8663 656
8664 670
8665 657
8666 657
8667 642
8668 639
8669 623
8670 618
8671 633
8672 629
8673 628
8674 639
8675 619
8676 621
8677 631
8678 639
8679 635
8680 640
8681 646
8682 658
8683 670
8684 664
8685 651
8686 637
8687 613
8688 610
8689 610
8690 611
8691 609
8692 634
8693 625
8694 616
8695 633
8696 646
8697 650
8698 644
8699 632
8700 654
8701 655
8702 657
8703 655
8704 643
8705 635
8706 650
8707 645
8708 650
8709 650
8710 631
8711 648
8712 663
8713 650
8714 644
8715 636
8716 627
8717 630
8718 607
8719 610
8720 615
8721 605
8722 610
8723 624
8724 638
8725 642
8726 649
8727 629
8728 634
8729 626
8730 630
8731 629
8732 616
8733 629
8734 648
8735 637
8736 641
8737 656
8738 661
8739 650
8740 626
8741 637
8742 637
8743 638
8744 616
8745 627
8746 617
8747 620
8748 627
8749 624
8750 623
8751 626
8752 636
8753 634
8754 646
8755 632
8756 647
8757 644
8758 640
8759 644
8760 655
8761 640
8762 631
8763 635
8764 627
8765 634
8766 638
8767 635
8768 627
8769 628
8770 635
8771 639
8772 633
8773 639
8774 656
8775 652
8776 639
8777 652
8778 668
8779 650
8780 663
8781 655
8782 669
8783 653
8784 652
8785 646
8786 640
8787 652
8788 644
8789 634
8790 646
8791 652
8792 639
8793 624
8794 642
8795 621
8796 626
8797 638
8798 641
8799 641
8800 650
8801 664
8802 651
8803 660
8804 647
8805 656
8806 673
8807 658
8808 667
8809 670
8810 676
8811 673
8812 667
8813 665
8814 689
8815 666
8816 660
8817 678
8818 667
8819 662
8820 644
8821 668
8822 654
8823 655
8824 653
8825 632
8826 651
8827 645
8828 641
8829 625
8830 629
8831 630
8832 641
8833 647
8834 660
8835 666
8836 667
8837 663
8838 664
8839 665
8840 665
8841 653
8842 645
8843 649
8844 646
8845 628
8846 648
8847 626
8848 633
8849 614
8850 627
8851 615
8852 624
8853 620
8854 632
8855 604
8856 613
8857 623
8858 636
8859 649
8860 639
8861 640
8862 656
8863 648
8864 661
8865 654
8866 648
8867 639
8868 634
8869 638
8870 625
8871 622
8872 623
8873 630
8874 639
8875 624
8876 638
8877 631
8878 652
8879 656
8880 655
8881 632
8882 632
8883 622
8884 609
8885 627
8886 632
8887 624
8888 623
8889 644
8890 635
8891 650
8892 671
8893 619
8894 626
8895 622
8896 643
8897 635
8898 641
8899 647
8900 653
8901 652
8902 656
8903 668
8904 659
8905 656
8906 667
8907 646
8908 641
8909 646
8910 644
8911 638
8912 628
8913 630
8914 640
8915 626
8916 641
8917 645
8918 652
8919 659
8920 664
8921 663
8922 663
8923 661
8924 648
8925 654
8926 620
8927 632
8928 640
8929 639
8930 648
8931 642
8932 667
8933 661
8934 656
8935 650
8936 665
8937 651
8938 653
8939 662
8940 660
8941 658
8942 657
8943 656
8944 664
8945 662
8946 662
8947 647
8948 656
8949 653
8950 661
8951 656
8952 646
8953 633
8954 661
8955 668
8956 657
8957 658
8958 664
8959 659
8960 658
8961 643
8962 640
8963 645
8964 641
8965 643
8966 663
8967 655
8968 672
8969 683
8970 669
8971 677
8972 662
8973 649
8974 641
8975 637
8976 650
8977 650
8978 635
8979 625
8980 608
8981 637
8982 632
8983 623
8984 636
8985 631
8986 643
8987 623
8988 632
8989 626
8990 665
8991 629
8992 633
8993 623
8994 626
8995 618
8996 626
8997 643
8998 637
8999 642
9000 644
9001 662
9002 666
9003 661
9004 656
9005 657
9006 652
9007 658
9008 661
9009 638
9010 628
9011 662
9012 643
9013 640
9014 660
9015 662
9016 651
9017 644
9018 651
9019 645
9020 633
9021 652
9022 649
9023 646
9024 637
9025 633
9026 646
9027 655
9028 632
9029 649
9030 654
9031 653
9032 654
9033 677
9034 657
9035 657
9036 655
9037 652
9038 661
9039 649
9040 634
9041 645
9042 622
9043 627
9044 632
9045 633
9046 635
9047 646
9048 667
9049 652
9050 655
9051 635
9052 634
9053 662
9054 659
9055 649
9056 633
9057 635
9058 624
9059 630
9060 638
9061 628
9062 625
9063 614
9064 614
9065 617
9066 600
9067 605
9068 614
9069 645
9070 635
9071 646
9072 648
9073 661
9074 670
9075 663
9076 663
9077 645
9078 648
9079 647
9080 648
9081 646
9082 649
9083 639
9084 642
9085 658
9086 670
9087 669
9088 657
9089 649
9090 660
9091 638
9092 636
9093 651
9094 628
9095 635
9096 623
9097 632
9098 628
9099 612
9100 625
9101 633
9102 618
9103 606
9104 624
9105 623
9106 598
9107 621
9108 610
9109 620
9110 643
9111 641
9112 633
9113 646
9114 637
9115 641
9116 642
9117 626
9118 639
9119 655
9120 629
9121 647
9122 621
9123 640
9124 633
9125 636
9126 652
9127 635
9128 648
9129 638
9130 633
9131 621
9132 644
9133 640
9134 625
9135 620
9136 630
9137 634
9138 634
9139 617
9140 628
9141 641
9142 645
9143 651
9144 653
9145 663
9146 657
9147 646
9148 641
9149 638
9150 647
9151 650
9152 647
9153 643
9154 650
9155 625
9156 647
9157 637
9158 638
9159 614
9160 636
9161 624
9162 650
9163 626
9164 649
9165 637
9166 647
9167 646
9168 620
9169 619
9170 612
9171 625
9172 650
9173 643
9174 646
9175 641
9176 640
9177 642
9178 659
9179 640
9180 623
9181 627
9182 634
9183 631
9184 650
9185 641
9186 650
9187 642
9188 652
9189 657
9190 659
9191 649
9192 634
9193 639
9194 647
9195 656
9196 631
9197 640
9198 655
9199 658
9200 650
9201 662
9202 671
9203 661
9204 664
9205 657
9206 628
9207 632
9208 631
9209 622
9210 632
9211 640
9212 641
9213 624
9214 628
9215 653
9216 624
9217 638
9218 623
9219 633
9220 621
9221 619
9222 626
9223 617
9224 622
9225 645
9226 657
9227 631
9228 621
9229 632
9230 649
9231 647
9232 637
9233 636
9234 660
9235 650
9236 643
9237 666
9238 647
9239 651
9240 629
9241 640
9242 653
9243 654
9244 652
9245 649
9246 656
9247 660
9248 663
9249 646
9250 661
9251 652
9252 662
9253 658
9254 661
9255 646
9256 641
9257 634
9258 628
9259 643
9260 664
9261 645
9262 641
9263 630
9264 634
9265 655
9266 645
9267 635
9268 645
9269 650
9270 635
9271 658
9272 649
9273 641
9274 638
9275 637
9276 662
9277 653
9278 648
9279 650
9280 647
9281 650
9282 654
9283 659
9284 653
9285 637
9286 629
9287 628
9288 625
9289 621
9290 624
9291 625
9292 643
9293 650
9294 650
9295 656
9296 664
9297 694
9298 675
9299 662
9300 664
9301 645
9302 640
9303 649
9304 629
9305 644
9306 639
9307 663
9308 664
9309 647
9310 643
9311 646
9312 641
9313 638
9314 636
9315 636
9316 661
9317 642
9318 638
9319 660
9320 652
9321 665
9322 674
9323 670
9324 670
9325 670
9326 655
9327 656
9328 666
9329 652
9330 661
9331 657
9332 655
9333 658
9334 658
9335 667
9336 665
9337 653
9338 654
9339 651
9340 648
9341 647
9342 655
9343 657
9344 654
9345 649
9346 643
9347 650
9348 641
9349 635
9350 644
9351 648
9352 637
9353 654
9354 606
9355 608
9356 596
9357 618
9358 621
9359 640
9360 621
9361 630
9362 627
9363 613
9364 623
9365 606
9366 625
9367 648
9368 646
9369 653
9370 654
9371 668
9372 650
9373 651
9374 637
9375 655
9376 638
9377 634
9378 631
9379 623
9380 629
9381 630
9382 629
9383 621
9384 620
9385 601
9386 628
9387 631
9388 626
9389 630
9390 645
9391 646
9392 649
9393 639
9394 655
9395 660
9396 666
9397 667
9398 671
9399 672
9400 679
9401 667
9402 659
9403 645
9404 633
9405 650
9406 666
9407 648
9408 646
9409 651
9410 635
9411 660
9412 664
9413 661
9414 658
9415 670
9416 655
9417 649
9418 648
9419 650
9420 657
9421 661
9422 674
9423 671
9424 659
9425 653
9426 645
9427 642
9428 638
9429 654
9430 659
9431 644
9432 640
9433 632
9434 622
9435 621
9436 634
9437 633
9438 649
9439 641
9440 636
9441 645
9442 635
9443 640
9444 632
9445 636
9446 624
9447 648
9448 650
9449 644
9450 642
9451 642
9452 635
9453 652
9454 656
9455 656
9456 644
9457 637
9458 648
9459 635
9460 635
9461 641
9462 652
9463 655
9464 660
9465 662
9466 666
9467 655
9468 653
9469 637
9470 658
9471 660
9472 655
9473 650
9474 666
9475 655
9476 641
9477 651
9478 628
9479 623
9480 630
9481 639
9482 631
9483 647
9484 632
9485 627
9486 630
9487 624
9488 624
9489 649
9490 633
9491 635
9492 646
9493 648
9494 623
9495 660
9496 657
9497 648
9498 651
9499 634
9500 649
9501 635
9502 649
9503 657
9504 662
9505 654
9506 664
9507 671
9508 664
9509 655
9510 654
9511 646
9512 662
9513 635
9514 654
9515 652
9516 673
9517 682
9518 653
9519 636
9520 645
9521 635
9522 644
9523 660
9524 647
9525 640
9526 644
9527 656
9528 645
9529 655
9530 642
9531 636
9532 637
9533 635
9534 642
9535 629
9536 639
9537 645
9538 647
9539 641
9540 634
9541 621
9542 641
9543 635
9544 607
9545 644
9546 637
9547 648
9548 634
9549 631
9550 636
9551 641
9552 637
9553 632
9554 644
9555 647
9556 638
9557 636
9558 632
9559 639
9560 637
9561 635
9562 633
9563 651
9564 658
9565 640
9566 646
9567 652
9568 661
9569 644
9570 664
9571 657
9572 646
9573 648
9574 657
9575 655
9576 650
9577 653
9578 635
9579 640
9580 629
9581 630
9582 650
9583 653
9584 663
9585 655
9586 653
9587 639
9588 626
9589 615
9590 616
9591 644
9592 638
9593 659
9594 657
9595 642
9596 643
9597 650
9598 660
9599 640
9600 658
9601 634
9602 632
9603 633
9604 654
9605 651
9606 655
9607 650
9608 652
9609 654
9610 647
9611 650
9612 651
9613 642
9614 645
9615 653
9616 667
9617 648
9618 682
9619 666
9620 667
9621 659
9622 668
9623 648
9624 657
9625 656
9626 654
9627 650
9628 671
9629 666
9630 675
9631 667
9632 663
9633 674
9634 682
9635 684
9636 664
9637 657
9638 643
9639 651
9640 648
9641 630
9642 627
9643 640
9644 639
9645 629
9646 655
9647 633
9648 637
9649 632
9650 627
9651 638
9652 652
9653 670
9654 638
9655 636
9656 649
9657 652
9658 648
9659 647
9660 666
9661 643
9662 648
9663 648
9664 639
9665 638
9666 620
9667 622
9668 617
9669 635
9670 624
9671 618
9672 620
9673 623
9674 632
9675 620
9676 633
9677 626
9678 627
9679 615
9680 616
9681 615
9682 630
9683 608
9684 644
9685 627
9686 651
9687 629
9688 623
9689 617
9690 616
9691 637
9692 649
9693 654
9694 656
9695 661
9696 664
9697 635
9698 654
9699 643
9700 647
9701 669
9702 650
9703 633
9704 633
9705 630
9706 637
9707 636
9708 645
9709 629
9710 622
9711 613
9712 620
9713 629
9714 623
9715 619
9716 616
9717 625
9718 623
9719 618
9720 645
9721 649
9722 636
9723 640
9724 622
9725 624
9726 642
9727 648
9728 640
9729 627
9730 645
9731 652
9732 662
9733 680
9734 662
9735 661
9736 675
9737 668
9738 652
9739 669
9740 653
9741 655
9742 666
9743 643
9744 660
9745 649
9746 641
9747 638
9748 641
9749 620
9750 620
9751 636
9752 634
9753 636
9754 627
9755 636
9756 636
9757 638
9758 642
9759 642
9760 648
9761 642
9762 652
9763 670
9764 646
9765 643
9766 653
9767 625
9768 651
9769 636
9770 636
9771 613
9772 621
9773 644
9774 626
9775 632
9776 636
9777 640
9778 646
9779 656
9780 663
9781 653
9782 651
9783 651
9784 641
9785 629
9786 643
9787 624
9788 632
9789 635
9790 637
9791 641
9792 650
9793 671
9794 660
9795 649
9796 639
9797 644
9798 640
9799 638
9800 626
9801 627
9802 638
9803 637
9804 658
9805 637
9806 651
9807 655
9808 680
9809 665
9810 663
9811 674
9812 651
9813 662
9814 641
9815 643
9816 639
9817 636
9818 624
9819 627
9820 618
9821 628
9822 635
9823 645
9824 649
9825 641
9826 647
9827 642
9828 645
9829 640
9830 661
9831 659
9832 647
9833 651
9834 648
9835 673
9836 662
9837 668
9838 662
9839 661
9840 661
9841 673
9842 668
9843 653
9844 648
9845 645
9846 654
9847 646
9848 643
9849 646
9850 670
9851 666
9852 660
9853 653
9854 663
9855 655
9856 641
9857 651
9858 657
9859 652
9860 657
9861 657
9862 671
9863 672
9864 673
9865 680
9866 678
9867 690
9868 686
9869 686
9870 671
9871 663
9872 668
9873 642
9874 638
9875 643
9876 646
9877 652
9878 639
9879 642
9880 656
9881 651
9882 672
9883 664
9884 686
9885 677
9886 653
9887 651
9888 654
9889 656
9890 643
9891 659
9892 637
9893 644
9894 631
9895 648
9896 644
9897 641
9898 627
9899 616
9900 641
9901 635
9902 607
9903 643
9904 634
9905 618
9906 619
9907 606
9908 632
9909 608
9910 639
9911 618
9912 599
9913 608
9914 620
9915 606
9916 614
9917 633
9918 627
9919 638
9920 638
9921 651
9922 652
9923 659
9924 655
9925 635
9926 637
9927 628
9928 638
9929 624
9930 647
9931 635
9932 630
9933 601
9934 616
9935 612
9936 622
9937 631
9938 631
9939 623
9940 628
9941 653
9942 630
9943 634
9944 633
9945 649
9946 642
9947 651
9948 650
9949 639
9950 650
9951 654
9952 669
9953 654
9954 659
9955 659
9956 654
9957 642
9958 634
9959 638
9960 647
9961 650
9962 654
9963 645
9964 668
9965 652
9966 649
9967 636
9968 626
9969 632
9970 618
9971 620
9972 599
9973 604
9974 617
9975 635
9976 625
9977 615
9978 656
9979 651
9980 647
9981 639
9982 649
9983 636
9984 642
9985 648
9986 648
9987 657
9988 666
9989 657
9990 635
9991 641
9992 647
9993 642
9994 640
9995 637
9996 629
9997 638
9998 630
9999 625
