0 925
1 729
2 550
3 531
4 520
5 469
6 485
7 473
8 474
9 515
10 541
11 544
12 564
13 574
14 571
15 620
16 621
17 631
18 648
19 637
20 660
21 674
22 682
23 676
24 666
25 665
26 663
27 664
28 693
29 701
30 690
31 716
32 705
33 730
34 732
35 737
36 726
37 734
38 730
39 740
40 730
41 714
42 721
43 757
44 752
45 753
46 760
47 758
48 746
49 747
50 715
51 720
52 721
53 732
54 722
55 748
56 729
57 743
58 734
59 719
60 711
61 748
62 728
63 741
64 754
65 742
66 758
67 766
68 746
69 732
70 742
71 732
72 722
73 736
74 746
75 740
76 744
77 754
78 736
79 746
80 755
81 739
82 749
83 744
84 751
85 759
86 761
87 761
88 761
89 773
90 785
91 766
92 782
93 770
94 778
95 780
96 771
97 760
98 738
99 749
100 754
101 763
102 760
103 748
104 768
105 763
106 780
107 774
108 785
109 756
110 780
111 772
112 756
113 750
114 770
115 766
116 755
117 761
118 746
119 757
120 755
121 755
122 742
123 772
124 759
125 729
126 736
127 742
128 744
129 743
130 751
131 741
132 745
133 765
134 771
135 771
136 778
137 775
138 762
139 778
140 754
141 755
142 753
143 773
144 766
145 751
146 760
147 776
148 766
149 776
150 770
151 774
152 755
153 786
154 780
155 802
156 778
157 776
158 751
159 764
160 758
161 749
162 766
163 746
164 770
165 769
166 765
167 771
168 770
169 762
170 773
171 787
172 764
173 789
174 770
175 756
176 758
177 769
178 747
179 737
180 751
181 749
182 760
183 746
184 738
185 750
186 753
187 762
188 754
189 772
190 751
191 761
192 788
193 759
194 753
195 759
196 750
197 754
198 737
199 719
200 737
201 725
202 741
203 725
204 735
205 724
206 720
207 725
208 742
209 743
210 751
211 752
212 742
213 747
214 767
215 774
216 787
217 776
218 787
219 756
220 785
221 779
222 768
223 779
224 765
225 780
226 794
227 768
228 777
229 774
230 791
231 771
232 792
233 778
234 765
235 764
236 790
237 770
238 764
239 786
240 784
241 782
242 774
243 761
244 781
245 783
246 778
247 769
248 763
249 751
250 758
251 778
252 776
253 777
254 800
255 789
256 771
257 757
258 758
259 779
260 787
261 784
262 761
263 778
264 767
265 778
266 768
267 755
268 753
269 737
270 745
271 740
272 747
273 762
274 746
275 754
276 755
277 770
278 758
279 781
280 748
281 762
282 762
283 765
284 759
285 774
286 772
287 767
288 764
289 764
290 764
291 775
292 775
293 766
294 764
295 752
296 761
297 737
298 763
299 768
300 755
301 745
302 751
303 751
304 780
305 758
306 746
307 760
308 754
309 764
310 756
311 738
312 757
313 757
314 752
315 743
316 755
317 758
318 758
319 773
320 760
321 753
322 739
323 736
324 736
325 731
326 755
327 727
328 734
329 737
330 733
331 752
332 750
333 771
334 749
335 762
336 760
337 756
338 749
339 763
340 767
341 787
342 767
343 765
344 753
345 742
346 732
347 746
348 757
349 744
350 760
351 746
352 745
353 746
354 759
355 747
356 737
357 719
358 746
359 736
360 746
361 737
362 741
363 737
364 770
365 768
366 788
367 771
368 756
369 755
370 748
371 728
372 757
373 763
374 767
375 766
376 766
377 779
378 773
379 781
380 769
381 779
382 765
383 773
384 778
385 784
386 768
387 750
388 741
389 768
390 727
391 751
392 768
393 767
394 752
395 761
396 757
397 747
398 764
399 742
400 771
401 745
402 758
403 754
404 769
405 766
406 763
407 783
408 788
409 765
410 766
411 788
412 773
413 775
414 788
415 764
416 761
417 784
418 793
419 783
420 768
421 757
422 736
423 744
424 728
425 745
426 740
427 756
428 757
429 766
430 755
431 758
432 764
433 765
434 754
435 767
436 762
437 769
438 781
439 788
440 784
441 782
442 766
443 757
444 784
445 779
446 766
447 797
448 756
449 763
450 740
451 752
452 728
453 743
454 741
455 769
456 766
457 763
458 745
459 784
460 770
461 778
462 761
463 790
464 769
465 763
466 760
467 753
468 746
469 758
470 762
471 751
472 761
473 766
474 762
475 751
476 763
477 762
478 759
479 761
480 756
481 745
482 752
483 737
484 740
485 764
486 761
487 780
488 774
489 758
490 761
491 747
492 766
493 784
494 755
495 738
496 741
497 727
498 755
499 750
500 754
501 767
502 772
503 762
504 761
505 771
506 766
507 778
508 771
509 790
510 767
511 779
512 787
513 789
514 777
515 787
516 770
517 786
518 765
519 756
520 760
521 752
522 746
523 725
524 743
525 741
526 725
527 739
528 719
529 729
530 763
531 770
532 774
533 778
534 763
535 758
536 742
537 767
538 759
539 730
540 736
541 735
542 759
543 773
544 753
545 752
546 755
547 729
548 744
549 764
550 752
551 757
552 769
553 771
554 776
555 766
556 769
557 762
558 756
559 743
560 742
561 742
562 752
563 761
564 753
565 753
566 760
567 745
568 728
569 723
570 734
571 749
572 756
573 762
574 749
575 799
576 766
577 770
578 753
579 735
580 750
581 737
582 748
583 750
584 785
585 773
586 785
587 793
588 782
589 765
590 771
591 763
592 747
593 743
594 757
595 737
596 732
597 737
598 757
599 726
600 747
601 757
602 726
603 725
604 727
605 713
606 735
607 742
608 715
609 758
610 753
611 739
612 763
613 730
614 732
615 763
616 756
617 767
618 744
619 755
620 777
621 750
622 767
623 776
624 755
625 774
626 766
627 773
628 749
629 747
630 759
631 755
632 770
633 766
634 744
635 740
636 752
637 747
638 731
639 748
640 751
641 766
642 755
643 742
644 725
645 713
646 732
647 747
648 714
649 748
650 734
651 752
652 741
653 759
654 755
655 752
656 767
657 773
658 742
659 756
660 774
661 757
662 769
663 745
664 753
665 749
666 768
667 761
668 761
669 755
670 760
671 748
672 749
673 757
674 749
675 754
676 744
677 734
678 764
679 758
680 765
681 772
682 776
683 786
684 787
685 772
686 764
687 753
688 761
689 745
690 749
691 773
692 776
693 777
694 766
695 745
696 770
697 780
698 768
699 742
700 727
701 763
702 743
703 766
704 758
705 784
706 789
707 772
708 795
709 763
710 768
711 748
712 744
713 763
714 741
715 760
716 740
717 759
718 740
719 747
720 731
721 753
722 763
723 769
724 761
725 738
726 767
727 751
728 771
729 756
730 753
731 769
732 745
733 782
734 774
735 759
736 761
737 766
738 776
739 766
740 779
741 770
742 769
743 758
744 764
745 766
746 764
747 762
748 761
749 747
750 742
751 730
752 752
753 751
754 759
755 744
756 753
757 742
758 753
759 746
760 734
761 748
762 766
763 768
764 747
765 756
766 753
767 753
768 773
769 752
770 748
771 769
772 759
773 745
774 775
775 751
776 758
777 735
778 749
779 760
780 761
781 769
782 766
783 762
784 739
785 758
786 760
787 750
788 732
789 737
790 751
791 728
792 730
793 735
794 747
795 738
796 748
797 745
798 766
799 752
800 778
801 750
802 750
803 735
804 754
805 735
806 731
807 734
808 716
809 740
810 741
811 739
812 760
813 767
814 747
815 756
816 768
817 757
818 760
819 769
820 779
821 752
822 781
823 753
824 749
825 759
826 758
827 742
828 752
829 742
830 758
831 766
832 783
833 791
834 779
835 767
836 782
837 770
838 751
839 762
840 757
841 753
842 754
843 763
844 740
845 753
846 754
847 742
848 782
849 762
850 760
851 760
852 747
853 746
854 732
855 742
856 759
857 741
858 752
859 762
860 746
861 759
862 756
863 779
864 767
865 754
866 760
867 762
868 772
869 776
870 772
871 774
872 770
873 755
874 771
875 770
876 770
877 777
878 744
879 766
880 755
881 756
882 761
883 755
884 730
885 749
886 740
887 731
888 741
889 725
890 732
891 755
892 753
893 734
894 726
895 733
896 747
897 749
898 750
899 768
900 760
901 769
902 746
903 782
904 785
905 766
906 749
907 777
908 765
909 769
910 776
911 778
912 766
913 771
914 762
915 773
916 783
917 789
918 789
919 772
920 774
921 778
922 755
923 759
924 745
925 764
926 769
927 783
928 792
929 783
930 772
931 752
932 771
933 750
934 760
935 747
936 772
937 747
938 759
939 750
940 759
941 747
942 748
943 771
944 743
945 767
946 772
947 766
948 751
949 753
950 759
951 761
952 784
953 753
954 773
955 772
956 790
957 785
958 787
959 778
960 772
961 773
962 776
963 784
964 767
965 785
966 746
967 760
968 750
969 727
970 747
971 715
972 739
973 727
974 729
975 725
976 727
977 747
978 737
979 730
980 741
981 744
982 751
983 749
984 756
985 763
986 749
987 744
988 727
989 747
990 740
991 746
992 758
993 757
994 748
995 764
996 750
997 755
998 745
999 769
1000 724
1001 748
1002 737
1003 721
1004 745
1005 768
1006 741
1007 769
1008 773
1009 770
1010 771
1011 776
1012 778
1013 776
1014 789
1015 781
1016 793
1017 780
1018 794
1019 766
1020 791
1021 797
1022 794
1023 784
1024 785
1025 767
1026 765
1027 793
1028 781
1029 776
1030 749
1031 779
1032 777
1033 775
1034 747
1035 754
1036 755
1037 757
1038 744
1039 764
1040 758
1041 765
1042 770
1043 779
1044 764
1045 785
1046 746
1047 736
1048 753
1049 741
1050 751
1051 766
1052 780
1053 753
1054 758
1055 748
1056 746
1057 738
1058 753
1059 736
1060 737
1061 722
1062 732
1063 709
1064 703
1065 709
1066 720
1067 721
1068 745
1069 744
1070 744
1071 742
1072 746
1073 768
1074 775
1075 759
1076 763
1077 755
1078 750
1079 740
1080 744
1081 759
1082 732
1083 745
1084 734
1085 758
1086 755
1087 766
1088 769
1089 765
1090 781
1091 771
1092 778
1093 769
1094 767
1095 775
1096 777
1097 789
1098 789
1099 795
1100 783
1101 769
1102 754
1103 763
1104 767
1105 768
1106 773
1107 766
1108 764
1109 771
1110 767
1111 771
1112 756
1113 748
1114 752
1115 764
1116 741
1117 735
1118 737
1119 742
1120 760
1121 749
1122 731
1123 748
1124 754
1125 741
1126 745
1127 726
1128 755
1129 734
1130 756
1131 766
1132 753
1133 738
1134 753
1135 742
1136 763
1137 754
1138 764
1139 762
1140 761
1141 776
1142 770
1143 770
1144 760
1145 756
1146 756
1147 782
1148 782
1149 757
1150 758
1151 765
1152 754
1153 749
1154 745
1155 745
1156 749
1157 754
1158 745
1159 755
1160 758
1161 754
1162 756
1163 773
1164 773
1165 758
1166 741
1167 735
1168 729
1169 737
1170 734
1171 731
1172 733
1173 756
1174 756
1175 780
1176 748
1177 760
1178 756
1179 744
1180 752
1181 759
1182 740
1183 745
1184 743
1185 709
1186 737
1187 724
1188 730
1189 726
1190 736
1191 747
1192 746
1193 745
1194 751
1195 752
1196 745
1197 746
1198 740
1199 747
1200 755
1201 748
1202 748
1203 745
1204 747
1205 752
1206 761
1207 760
1208 767
1209 766
1210 765
1211 753
1212 775
1213 740
1214 763
1215 740
1216 749
1217 741
1218 716
1219 725
1220 718
1221 732
1222 734
1223 742
1224 728
1225 736
1226 755
1227 759
1228 760
1229 763
1230 772
1231 755
1232 768
1233 752
1234 759
1235 755
1236 754
1237 745
1238 744
1239 752
1240 738
1241 737
1242 739
1243 726
1244 734
1245 724
1246 734
1247 754
1248 753
1249 764
1250 765
1251 770
1252 772
1253 762
1254 764
1255 742
1256 755
1257 720
1258 735
1259 741
1260 733
1261 756
1262 765
1263 742
1264 764
1265 779
1266 751
1267 761
1268 768
1269 766
1270 775
1271 776
1272 738
1273 739
1274 750
1275 757
1276 759
1277 744
1278 735
1279 733
1280 707
1281 728
1282 745
1283 718
1284 732
1285 742
1286 759
1287 755
1288 756
1289 750
1290 745
1291 760
1292 750
1293 750
1294 734
1295 733
1296 745
1297 738
1298 746
1299 742
1300 750
1301 760
1302 762
1303 778
1304 784
1305 751
1306 748
1307 760
1308 747
1309 745
1310 749
1311 752
1312 768
1313 779
1314 771
1315 770
1316 751
1317 734
1318 769
1319 760
1320 763
1321 731
1322 748
1323 757
1324 759
1325 781
1326 790
1327 766
1328 769
1329 755
1330 752
1331 750
1332 746
1333 765
1334 765
1335 762
1336 772
1337 762
1338 773
1339 765
1340 738
1341 749
1342 749
1343 745
1344 756
1345 752
1346 748
1347 772
1348 751
1349 740
1350 754
1351 754
1352 758
1353 776
1354 754
1355 737
1356 717
1357 730
1358 743
1359 735
1360 740
1361 707
1362 729
1363 735
1364 753
1365 758
1366 747
1367 776
1368 756
1369 734
1370 743
1371 772
1372 742
1373 757
1374 763
1375 758
1376 764
1377 768
1378 754
1379 745
1380 747
1381 731
1382 754
1383 745
1384 765
1385 758
1386 770
1387 755
1388 744
1389 749
1390 739
1391 739
1392 740
1393 744
1394 737
1395 739
1396 739
1397 733
1398 719
1399 753
1400 731
1401 744
1402 734
1403 741
1404 760
1405 733
1406 752
1407 758
1408 752
1409 754
1410 770
1411 753
1412 769
1413 756
1414 743
1415 751
1416 760
1417 764
1418 761
1419 772
1420 758
1421 774
1422 758
1423 752
1424 744
1425 753
1426 750
1427 751
1428 759
1429 738
1430 755
1431 732
1432 758
1433 737
1434 770
1435 749
1436 737
1437 748
1438 754
1439 779
1440 774
1441 762
1442 768
1443 759
1444 777
1445 748
1446 735
1447 751
1448 741
1449 735
1450 753
1451 748
1452 741
1453 769
1454 778
1455 751
1456 744
1457 759
1458 738
1459 741
1460 752
1461 736
1462 745
1463 752
1464 756
1465 753
1466 749
1467 725
1468 732
1469 733
1470 734
1471 726
1472 733
1473 751
1474 738
1475 742
1476 734
1477 746
1478 751
1479 761
1480 754
1481 760
1482 776
1483 779
1484 784
1485 772
1486 771
1487 759
1488 753
1489 742
1490 734
1491 755
1492 777
1493 755
1494 766
1495 760
1496 751
1497 762
1498 765
1499 758
1500 773
1501 775
1502 755
1503 753
1504 749
1505 754
1506 753
1507 754
1508 775
1509 787
1510 760
1511 764
1512 769
1513 764
1514 771
1515 761
1516 773
1517 743
1518 751
1519 741
1520 749
1521 749
1522 767
1523 775
1524 755
1525 747
1526 757
1527 743
1528 749
1529 774
1530 761
1531 761
1532 767
1533 765
1534 766
1535 756
1536 724
1537 733
1538 727
1539 755
1540 724
1541 735
1542 753
1543 777
1544 795
1545 769
1546 755
1547 756
1548 766
1549 777
1550 781
1551 786
1552 775
1553 787
1554 772
1555 772
1556 772
1557 768
1558 772
1559 759
1560 760
1561 741
1562 752
1563 732
1564 720
1565 727
1566 738
1567 725
1568 749
1569 772
1570 758
1571 776
1572 760
1573 754
1574 769
1575 780
1576 756
1577 742
1578 738
1579 735
1580 761
1581 751
1582 762
1583 769
1584 786
1585 767
1586 767
1587 769
1588 762
1589 744
1590 738
1591 729
1592 750
1593 738
1594 751
1595 750
1596 763
1597 752
1598 770
1599 757
1600 738
1601 736
1602 754
1603 731
1604 732
1605 746
1606 728
1607 740
1608 716
1609 720
1610 725
1611 725
1612 733
1613 739
1614 743
1615 752
1616 759
1617 761
1618 748
1619 751
1620 742
1621 753
1622 729
1623 745
1624 749
1625 746
1626 766
1627 751
1628 779
1629 763
1630 753
1631 761
1632 764
1633 761
1634 734
1635 751
1636 742
1637 745
1638 755
1639 760
1640 770
1641 779
1642 784
1643 792
1644 783
1645 806
1646 783
1647 777
1648 791
1649 776
1650 753
1651 754
1652 754
1653 752
1654 752
1655 722
1656 737
1657 737
1658 719
1659 736
1660 740
1661 753
1662 758
1663 750
1664 774
1665 763
1666 760
1667 772
1668 783
1669 760
1670 758
1671 784
1672 770
1673 768
1674 769
1675 756
1676 775
1677 763
1678 756
1679 747
1680 730
1681 734
1682 740
1683 738
1684 732
1685 745
1686 729
1687 740
1688 732
1689 725
1690 732
1691 752
1692 753
1693 743
1694 759
1695 735
1696 743
1697 741
1698 773
1699 743
1700 726
1701 751
1702 731
1703 734
1704 755
1705 748
1706 754
1707 772
1708 755
1709 769
1710 756
1711 747
1712 752
1713 754
1714 761
1715 765
1716 746
1717 763
1718 760
1719 769
1720 752
1721 769
1722 771
1723 752
1724 775
1725 773
1726 776
1727 766
1728 777
1729 770
1730 764
1731 765
1732 779
1733 766
1734 759
1735 753
1736 771
1737 768
1738 774
1739 776
1740 758
1741 759
1742 738
1743 726
1744 739
1745 747
1746 732
1747 727
1748 730
1749 732
1750 736
1751 733
1752 743
1753 734
1754 752
1755 745
1756 752
1757 730
1758 734
1759 755
1760 750
1761 763
1762 754
1763 765
1764 743
1765 754
1766 722
1767 745
1768 759
1769 754
1770 750
1771 752
1772 748
1773 744
1774 767
1775 779
1776 759
1777 777
1778 778
1779 759
1780 753
1781 762
1782 719
1783 740
1784 766
1785 762
1786 756
1787 732
1788 757
1789 740
1790 738
1791 757
1792 746
1793 748
1794 742
1795 748
1796 770
1797 762
1798 755
1799 728
1800 771
1801 733
1802 748
1803 747
1804 749
1805 754
1806 772
1807 754
1808 769
1809 745
1810 756
1811 772
1812 763
1813 753
1814 760
1815 764
1816 759
1817 754
1818 765
1819 750
1820 769
1821 765
1822 754
1823 750
1824 747
1825 762
1826 760
1827 737
1828 745
1829 775
1830 763
1831 773
1832 771
1833 746
1834 754
1835 769
1836 773
1837 778
1838 794
1839 780
1840 770
1841 770
1842 760
1843 752
1844 751
1845 771
1846 765
1847 797
1848 761
1849 787
1850 785
1851 783
1852 769
1853 773
1854 759
1855 777
1856 784
1857 776
1858 779
1859 769
1860 731
1861 754
1862 755
1863 773
1864 759
1865 768
1866 768
1867 768
1868 768
1869 778
1870 788
1871 768
1872 774
1873 776
1874 777
1875 768
1876 782
1877 793
1878 775
1879 780
1880 784
1881 758
1882 785
1883 770
1884 775
1885 758
1886 750
1887 747
1888 751
1889 746
1890 760
1891 753
1892 775
1893 761
1894 767
1895 759
1896 760
1897 774
1898 755
1899 753
1900 771
1901 746
1902 756
1903 755
1904 752
1905 750
1906 762
1907 756
1908 761
1909 736
1910 733
1911 748
1912 742
1913 775
1914 761
1915 754
1916 744
1917 756
1918 747
1919 769
1920 759
1921 783
1922 778
1923 789
1924 745
1925 781
1926 774
1927 767
1928 770
1929 772
1930 741
1931 757
1932 769
1933 759
1934 775
1935 754
1936 756
1937 744
1938 738
1939 744
1940 741
1941 754
1942 752
1943 741
1944 767
1945 745
1946 757
1947 756
1948 734
1949 757
1950 737
1951 760
1952 738
1953 760
1954 764
1955 754
1956 758
1957 773
1958 764
1959 774
1960 780
1961 785
1962 768
1963 764
1964 770
1965 762
1966 776
1967 751
1968 747
1969 735
1970 762
1971 753
1972 747
1973 740
1974 755
1975 771
1976 771
1977 762
1978 768
1979 758
1980 741
1981 775
1982 767
1983 774
1984 763
1985 770
1986 766
1987 776
1988 773
1989 791
1990 777
1991 761
1992 753
1993 751
1994 746
1995 742
1996 746
1997 745
1998 739
1999 750
2000 759
2001 755
2002 737
2003 721
2004 737
2005 721
2006 739
2007 751
2008 742
2009 742
2010 761
2011 748
2012 761
2013 751
2014 748
2015 744
2016 759
2017 771
2018 761
2019 743
2020 760
2021 733
2022 754
2023 759
2024 769
2025 757
2026 768
2027 756
2028 746
2029 756
2030 772
2031 762
2032 782
2033 782
2034 773
2035 766
2036 758
2037 725
2038 749
2039 737
2040 754
2041 745
2042 783
2043 764
2044 793
2045 777
2046 775
2047 768
2048 762
2049 764
2050 774
2051 764
2052 744
2053 774
2054 740
2055 739
2056 749
2057 759
2058 774
2059 769
2060 767
2061 733
2062 762
2063 747
2064 765
2065 754
2066 772
2067 770
2068 776
2069 760
2070 767
2071 756
2072 762
2073 743
2074 748
2075 719
2076 722
2077 731
2078 754
2079 727
2080 710
2081 724
2082 738
2083 737
2084 742
2085 742
2086 745
2087 759
2088 774
2089 778
2090 777
2091 753
2092 771
2093 751
2094 750
2095 734
2096 749
2097 743
2098 748
2099 732
2100 731
2101 761
2102 750
2103 745
2104 752
2105 767
2106 760
2107 759
2108 750
2109 757
2110 760
2111 743
2112 749
2113 739
2114 767
2115 768
2116 771
2117 777
2118 784
2119 776
2120 771
2121 779
2122 776
2123 763
2124 770
2125 756
2126 782
2127 775
2128 774
2129 769
2130 781
2131 780
2132 774
2133 791
2134 795
2135 793
2136 788
2137 793
2138 806
2139 765
2140 792
2141 787
2142 788
2143 789
2144 774
2145 797
2146 791
2147 763
2148 777
2149 792
2150 773
2151 764
2152 764
2153 777
2154 762
2155 771
2156 760
2157 768
2158 770
2159 772
2160 768
2161 767
2162 742
2163 740
2164 752
2165 759
2166 763
2167 751
2168 750
2169 742
2170 738
2171 749
2172 745
2173 770
2174 749
2175 764
2176 783
2177 768
2178 775
2179 779
2180 783
2181 782
2182 777
2183 780
2184 777
2185 769
2186 777
2187 782
2188 791
2189 758
2190 789
2191 761
2192 770
2193 747
2194 737
2195 725
2196 735
2197 726
2198 746
2199 733
2200 759
2201 775
2202 765
2203 778
2204 746
2205 748
2206 757
2207 769
2208 764
2209 767
2210 776
2211 773
2212 796
2213 776
2214 797
2215 784
2216 796
2217 789
2218 779
2219 772
2220 794
2221 772
2222 755
2223 760
2224 747
2225 757
2226 749
2227 775
2228 760
2229 773
2230 777
2231 773
2232 769
2233 767
2234 765
2235 749
2236 773
2237 753
2238 770
2239 775
2240 766
2241 734
2242 749
2243 765
2244 779
2245 756
2246 742
2247 741
2248 725
2249 742
2250 751
2251 744
2252 747
2253 756
2254 754
2255 756
2256 775
2257 784
2258 773
2259 769
2260 776
2261 781
2262 779
2263 779
2264 789
2265 796
2266 780
2267 767
2268 776
2269 756
2270 756
2271 757
2272 722
2273 751
2274 735
2275 748
2276 740
2277 751
2278 740
2279 733
2280 758
2281 733
2282 740
2283 738
2284 760
2285 761
2286 773
2287 768
2288 766
2289 753
2290 759
2291 777
2292 767
2293 767
2294 753
2295 751
2296 737
2297 771
2298 747
2299 760
2300 736
2301 731
2302 740
2303 746
2304 751
2305 770
2306 747
2307 763
2308 778
2309 786
2310 773
2311 774
2312 760
2313 785
2314 779
2315 761
2316 769
2317 764
2318 768
2319 772
2320 777
2321 779
2322 783
2323 784
2324 771
2325 762
2326 757
2327 750
2328 755
2329 771
2330 761
2331 751
2332 751
2333 783
2334 726
2335 747
2336 753
2337 756
2338 760
2339 737
2340 770
2341 759
2342 755
2343 766
2344 768
2345 742
2346 734
2347 754
2348 729
2349 733
2350 717
2351 733
2352 725
2353 746
2354 745
2355 750
2356 744
2357 756
2358 745
2359 751
2360 734
2361 741
2362 741
2363 741
2364 754
2365 761
2366 763
2367 774
2368 764
2369 756
2370 749
2371 749
2372 749
2373 753
2374 756
2375 768
2376 756
2377 756
2378 766
2379 742
2380 771
2381 749
2382 749
2383 724
2384 741
2385 733
2386 732
2387 741
2388 750
2389 765
2390 734
2391 737
2392 732
2393 735
2394 747
2395 759
2396 751
2397 748
2398 738
2399 746
2400 740
2401 760
2402 753
2403 781
2404 782
2405 785
2406 785
2407 767
2408 759
2409 761
2410 779
2411 756
2412 757
2413 772
2414 771
2415 774
2416 741
2417 752
2418 767
2419 757
2420 762
2421 755
2422 741
2423 754
2424 759
2425 764
2426 742
2427 755
2428 741
2429 753
2430 729
2431 748
2432 757
2433 762
2434 743
2435 751
2436 726
2437 744
2438 754
2439 739
2440 766
2441 746
2442 753
2443 769
2444 781
2445 784
2446 791
2447 787
2448 779
2449 763
2450 780
2451 768
2452 768
2453 741
2454 765
2455 765
2456 746
2457 758
2458 748
2459 759
2460 766
2461 761
2462 759
2463 753
2464 760
2465 757
2466 750
2467 752
2468 723
2469 739
2470 766
2471 771
2472 763
2473 781
2474 767
2475 771
2476 766
2477 744
2478 769
2479 759
2480 771
2481 781
2482 771
2483 775
2484 785
2485 768
2486 762
2487 781
2488 792
2489 764
2490 797
2491 772
2492 764
2493 782
2494 782
2495 771
2496 767
2497 776
2498 773
2499 785
2500 781
2501 782
2502 794
2503 776
2504 776
2505 740
2506 760
2507 756
2508 752
2509 738
2510 751
2511 741
2512 735
2513 748
2514 749
2515 747
2516 755
2517 764
2518 751
2519 749
2520 747
2521 763
2522 746
2523 764
2524 755
2525 756
2526 759
2527 754
2528 749
2529 779
2530 758
2531 742
2532 755
2533 761
2534 767
2535 774
2536 769
2537 777
2538 791
2539 780
2540 776
2541 787
2542 778
2543 765
2544 762
2545 779
2546 744
2547 765
2548 763
2549 761
2550 777
2551 765
2552 761
2553 759
2554 746
2555 731
2556 763
2557 729
2558 734
2559 730
2560 697
2561 702
2562 690
2563 713
2564 713
2565 693
2566 689
2567 730
2568 715
2569 745
2570 706
2571 725
2572 706
2573 733
2574 718
2575 751
2576 750
2577 718
2578 721
2579 713
2580 719
2581 719
2582 725
2583 715
2584 730
2585 747
2586 746
2587 746
2588 737
2589 750
2590 755
2591 743
2592 752
2593 752
2594 763
2595 761
2596 753
2597 740
2598 766
2599 750
2600 744
2601 746
2602 739
2603 736
2604 759
2605 715
2606 749
2607 725
2608 740
2609 760
2610 760
2611 748
2612 750
2613 743
2614 728
2615 750
2616 746
2617 734
2618 748
2619 764
2620 754
2621 752
2622 748
2623 752
2624 750
2625 752
2626 755
2627 765
2628 768
2629 754
2630 783
2631 758
2632 743
2633 757
2634 749
2635 747
2636 741
2637 744
2638 755
2639 747
2640 770
2641 751
2642 748
2643 756
2644 771
2645 782
2646 787
2647 763
2648 777
2649 778
2650 755
2651 766
2652 768
2653 779
2654 782
2655 766
2656 755
2657 751
2658 759
2659 770
2660 762
2661 761
2662 764
2663 754
2664 760
2665 750
2666 755
2667 746
2668 748
2669 744
2670 743
2671 760
2672 801
2673 777
2674 772
2675 777
2676 776
2677 752
2678 764
2679 761
2680 774
2681 763
2682 763
2683 776
2684 755
2685 770
2686 736
2687 737
2688 739
2689 742
2690 756
2691 742
2692 732
2693 758
2694 750
2695 745
2696 747
2697 758
2698 727
2699 741
2700 752
2701 745
2702 754
2703 755
2704 756
2705 750
2706 741
2707 753
2708 762
2709 763
2710 777
2711 770
2712 760
2713 772
2714 768
2715 745
2716 778
2717 758
2718 751
2719 739
2720 751
2721 751
2722 760
2723 776
2724 748
2725 766
2726 774
2727 768
2728 754
2729 738
2730 732
2731 733
2732 740
2733 734
2734 730
2735 710
2736 738
2737 706
2738 715
2739 737
2740 729
2741 750
2742 734
2743 759
2744 756
2745 745
2746 752
2747 746
2748 740
2749 747
2750 739
2751 747
2752 742
2753 756
2754 760
2755 760
2756 754
2757 764
2758 756
2759 765
2760 764
2761 771
2762 776
2763 763
2764 760
2765 735
2766 744
2767 759
2768 758
2769 743
2770 757
2771 760
2772 779
2773 788
2774 764
2775 776
2776 778
2777 772
2778 761
2779 776
2780 753
2781 736
2782 746
2783 772
2784 749
2785 766
2786 760
2787 752
2788 757
2789 747
2790 753
2791 758
2792 740
2793 745
2794 736
2795 753
2796 742
2797 755
2798 738
2799 744
2800 733
2801 760
2802 741
2803 721
2804 729
2805 734
2806 722
2807 727
2808 719
2809 719
2810 744
2811 742
2812 721
2813 724
2814 735
2815 726
2816 733
2817 736
2818 744
2819 751
2820 723
2821 719
2822 763
2823 774
2824 785
2825 798
2826 744
2827 750
2828 779
2829 753
2830 768
2831 754
2832 766
2833 756
2834 759
2835 732
2836 745
2837 759
2838 734
2839 741
2840 740
2841 734
2842 728
2843 735
2844 731
2845 744
2846 746
2847 756
2848 739
2849 759
2850 740
2851 742
2852 738
2853 750
2854 745
2855 736
2856 740
2857 717
2858 738
2859 753
2860 743
2861 744
2862 740
2863 737
2864 753
2865 738
2866 749
2867 743
2868 757
2869 762
2870 724
2871 739
2872 738
2873 765
2874 756
2875 760
2876 744
2877 763
2878 750
2879 739
2880 745
2881 759
2882 743
2883 755
2884 734
2885 743
2886 739
2887 746
2888 749
2889 752
2890 734
2891 727
2892 739
2893 733
2894 745
2895 737
2896 728
2897 735
2898 738
2899 746
2900 748
2901 732
2902 733
2903 743
2904 734
2905 740
2906 731
2907 749
2908 753
2909 757
2910 748
2911 730
2912 758
2913 761
2914 760
2915 750
2916 763
2917 769
2918 779
2919 746
2920 775
2921 764
2922 767
2923 753
2924 759
2925 748
2926 739
2927 757
2928 733
2929 780
2930 783
2931 796
2932 788
2933 783
2934 769
2935 750
2936 771
2937 762
2938 753
2939 746
2940 760
2941 763
2942 770
2943 762
2944 770
2945 764
2946 758
2947 723
2948 753
2949 752
2950 753
2951 769
2952 770
2953 765
2954 750
2955 764
2956 747
2957 752
2958 759
2959 768
2960 758
2961 757
2962 756
2963 762
2964 739
2965 732
2966 720
2967 718
2968 739
2969 722
2970 744
2971 731
2972 736
2973 747
2974 747
2975 736
2976 755
2977 724
2978 738
2979 728
2980 719
2981 705
2982 712
2983 727
2984 735
2985 717
2986 709
2987 757
2988 726
2989 730
2990 730
2991 746
2992 752
2993 747
2994 739
2995 746
2996 758
2997 742
2998 744
2999 733
3000 753
3001 751
3002 761
3003 743
3004 758
3005 737
3006 739
3007 749
3008 754
3009 746
3010 747
3011 730
3012 730
3013 744
3014 740
3015 741
3016 723
3017 716
3018 722
3019 720
3020 732
3021 719
3022 730
3023 739
3024 782
3025 762
3026 760
3027 772
3028 785
3029 780
3030 775
3031 794
3032 783
3033 774
3034 771
3035 762
3036 772
3037 745
3038 742
3039 750
3040 767
3041 742
3042 774
3043 759
3044 742
3045 725
3046 730
3047 725
3048 727
3049 709
3050 724
3051 740
3052 702
3053 734
3054 735
3055 748
3056 733
3057 748
3058 758
3059 753
3060 770
3061 779
3062 750
3063 768
3064 774
3065 774
3066 757
3067 744
3068 737
3069 748
3070 750
3071 748
3072 756
3073 756
3074 756
3075 755
3076 758
3077 739
3078 770
3079 743
3080 767
3081 768
3082 771
3083 776
3084 769
3085 761
3086 757
3087 746
3088 748
3089 728
3090 769
3091 751
3092 765
3093 786
3094 759
3095 745
3096 745
3097 739
3098 753
3099 737
3100 763
3101 742
3102 765
3103 770
3104 769
3105 750
3106 751
3107 739
3108 769
3109 758
3110 771
3111 772
3112 766
3113 767
3114 750
3115 753
3116 765
3117 784
3118 764
3119 762
3120 752
3121 751
3122 745
3123 745
3124 768
3125 758
3126 754
3127 735
3128 748
3129 743
3130 766
3131 752
3132 743
3133 762
3134 752
3135 756
3136 755
3137 750
3138 762
3139 742
3140 722
3141 756
3142 735
3143 768
3144 742
3145 749
3146 760
3147 751
3148 768
3149 768
3150 746
3151 735
3152 747
3153 750
3154 753
3155 762
3156 750
3157 736
3158 725
3159 742
3160 750
3161 778
3162 760
3163 765
3164 749
3165 729
3166 753
3167 754
3168 767
3169 754
3170 745
3171 728
3172 754
3173 736
3174 729
3175 734
3176 736
3177 740
3178 736
3179 749
3180 738
3181 760
3182 760
3183 761
3184 781
3185 770
3186 780
3187 766
3188 762
3189 765
3190 761
3191 765
3192 751
3193 764
3194 758
3195 715
3196 740
3197 738
3198 731
3199 745
3200 740
3201 738
3202 737
3203 748
3204 743
3205 738
3206 752
3207 744
3208 746
3209 755
3210 748
3211 772
3212 778
3213 775
3214 782
3215 765
3216 780
3217 764
3218 777
3219 760
3220 767
3221 759
3222 771
3223 778
3224 773
3225 747
3226 753
3227 741
3228 748
3229 750
3230 749
3231 745
3232 777
3233 778
3234 779
3235 775
3236 768
3237 771
3238 769
3239 769
3240 757
3241 756
3242 749
3243 750
3244 755
3245 789
3246 771
3247 773
3248 775
3249 741
3250 761
3251 756
3252 748
3253 738
3254 747
3255 759
3256 764
3257 754
3258 748
3259 763
3260 759
3261 776
3262 768
3263 764
3264 777
3265 763
3266 750
3267 753
3268 728
3269 741
3270 745
3271 753
3272 761
3273 760
3274 759
3275 752
3276 758
3277 738
3278 747
3279 752
3280 779
3281 765
3282 763
3283 767
3284 745
3285 744
3286 753
3287 744
3288 750
3289 745
3290 768
3291 765
3292 792
3293 782
3294 788
3295 779
3296 787
3297 772
3298 745
3299 760
3300 745
3301 770
3302 761
3303 775
3304 778
3305 766
3306 756
3307 772
3308 763
3309 757
3310 751
3311 749
3312 770
3313 754
3314 767
3315 773
3316 764
3317 747
3318 761
3319 785
3320 767
3321 771
3322 754
3323 755
3324 803
3325 781
3326 784
3327 788
3328 777
3329 774
3330 785
3331 775
3332 761
3333 749
3334 742
3335 750
3336 745
3337 740
3338 751
3339 746
3340 759
3341 734
3342 765
3343 770
3344 769
3345 750
3346 763
3347 763
3348 778
3349 777
3350 774
3351 757
3352 746
3353 771
3354 772
3355 746
3356 753
3357 743
3358 767
3359 765
3360 764
3361 760
3362 742
3363 743
3364 723
3365 732
3366 720
3367 717
3368 736
3369 721
3370 724
3371 737
3372 715
3373 743
3374 761
3375 758
3376 741
3377 764
3378 754
3379 742
3380 747
3381 743
3382 763
3383 765
3384 765
3385 766
3386 747
3387 751
3388 773
3389 768
3390 783
3391 760
3392 745
3393 765
3394 769
3395 719
3396 727
3397 756
3398 742
3399 755
3400 755
3401 766
3402 784
3403 760
3404 746
3405 743
3406 755
3407 730
3408 749
3409 744
3410 732
3411 754
3412 732
3413 755
3414 743
3415 758
3416 755
3417 742
3418 762
3419 775
3420 788
3421 760
3422 772
3423 742
3424 749
3425 749
3426 760
3427 736
3428 747
3429 721
3430 754
3431 762
3432 762
3433 766
3434 773
3435 751
3436 755
3437 742
3438 752
3439 726
3440 734
3441 729
3442 753
3443 739
3444 759
3445 753
3446 760
3447 767
3448 774
3449 755
3450 774
3451 778
3452 778
3453 788
3454 777
3455 770
3456 757
3457 777
3458 774
3459 759
3460 754
3461 764
3462 756
3463 756
3464 727
3465 756
3466 734
3467 737
3468 741
3469 738
3470 744
3471 752
3472 748
3473 738
3474 737
3475 759
3476 739
3477 742
3478 735
3479 757
3480 743
3481 745
3482 756
3483 755
3484 748
3485 755
3486 727
3487 742
3488 747
3489 723
3490 737
3491 724
3492 724
3493 743
3494 761
3495 729
3496 758
3497 752
3498 739
3499 748
3500 749
3501 745
3502 754
3503 757
3504 772
3505 766
3506 756
3507 743
3508 750
3509 747
3510 773
3511 752
3512 746
3513 763
3514 759
3515 732
3516 740
3517 740
3518 745
3519 740
3520 740
3521 748
3522 742
3523 740
3524 752
3525 745
3526 762
3527 754
3528 763
3529 743
3530 740
3531 766
3532 757
3533 749
3534 745
3535 743
3536 722
3537 730
3538 732
3539 751
3540 769
3541 751
3542 749
3543 775
3544 763
3545 767
3546 745
3547 758
3548 758
3549 769
3550 771
3551 775
3552 763
3553 777
3554 777
3555 774
3556 771
3557 759
3558 766
3559 756
3560 767
3561 778
3562 763
3563 764
3564 755
3565 768
3566 746
3567 758
3568 742
3569 752
3570 757
3571 736
3572 766
3573 755
3574 752
3575 751
3576 750
3577 743
3578 777
3579 751
3580 757
3581 764
3582 781
3583 791
3584 786
3585 785
3586 780
3587 757
3588 767
3589 758
3590 759
3591 758
3592 758
3593 756
3594 779
3595 755
3596 771
3597 765
3598 743
3599 748
3600 756
3601 757
3602 750
3603 744
3604 734
3605 734
3606 744
3607 727
3608 738
3609 734
3610 730
3611 741
3612 751
3613 716
3614 719
3615 732
3616 741
3617 732
3618 723
3619 733
3620 741
3621 734
3622 739
3623 746
3624 709
3625 744
3626 727
3627 717
3628 746
3629 734
3630 751
3631 733
3632 741
3633 738
3634 737
3635 746
3636 750
3637 761
3638 766
3639 763
3640 761
3641 754
3642 755
3643 764
3644 770
3645 777
3646 780
3647 781
3648 785
3649 763
3650 776
3651 743
3652 771
3653 758
3654 760
3655 763
3656 761
3657 746
3658 766
3659 769
3660 768
3661 756
3662 744
3663 747
3664 750
3665 748
3666 755
3667 758
3668 751
3669 754
3670 759
3671 756
3672 756
3673 762
3674 751
3675 761
3676 739
3677 755
3678 742
3679 753
3680 762
3681 747
3682 752
3683 770
3684 762
3685 749
3686 758
3687 755
3688 737
3689 742
3690 734
3691 749
3692 762
3693 761
3694 763
3695 773
3696 758
3697 767
3698 756
3699 759
3700 747
3701 742
3702 736
3703 744
3704 731
3705 746
3706 718
3707 727
3708 714
3709 736
3710 746
3711 753
3712 752
3713 755
3714 749
3715 750
3716 755
3717 758
3718 776
3719 759
3720 764
3721 775
3722 765
3723 791
3724 769
3725 758
3726 768
3727 760
3728 761
3729 745
3730 734
3731 749
3732 735
3733 751
3734 739
3735 749
3736 745
3737 745
3738 742
3739 752
3740 730
3741 733
3742 724
3743 733
3744 761
3745 768
3746 744
3747 768
3748 771
3749 755
3750 751
3751 758
3752 748
3753 748
3754 724
3755 733
3756 724
3757 756
3758 746
3759 759
3760 779
3761 766
3762 745
3763 761
3764 740
3765 727
3766 750
3767 747
3768 745
3769 741
3770 740
3771 740
3772 737
3773 751
3774 758
3775 739
3776 739
3777 747
3778 761
3779 738
3780 774
3781 735
3782 752
3783 743
3784 747
3785 736
3786 755
3787 735
3788 736
3789 740
3790 746
3791 748
3792 760
3793 759
3794 757
3795 747
3796 726
3797 741
3798 739
3799 748
3800 744
3801 773
3802 768
3803 770
3804 777
3805 763
3806 756
3807 752
3808 762
3809 753
3810 754
3811 757
3812 764
3813 771
3814 760
3815 775
3816 762
3817 756
3818 761
3819 741
3820 769
3821 738
3822 760
3823 752
3824 760
3825 757
3826 758
3827 767
3828 750
3829 766
3830 761
3831 755
3832 738
3833 728
3834 738
3835 732
3836 739
3837 740
3838 727
3839 781
3840 752
3841 761
3842 757
3843 751
3844 762
3845 762
3846 744
3847 743
3848 753
3849 769
3850 784
3851 765
3852 771
3853 781
3854 752
3855 765
3856 757
3857 745
3858 750
3859 761
3860 749
3861 728
3862 747
3863 748
3864 744
3865 742
3866 754
3867 757
3868 761
3869 773
3870 743
3871 760
3872 747
3873 762
3874 764
3875 765
3876 762
3877 761
3878 768
3879 767
3880 773
3881 771
3882 742
3883 745
3884 751
3885 747
3886 757
3887 778
3888 764
3889 759
3890 744
3891 753
3892 729
3893 741
3894 736
3895 732
3896 740
3897 734
3898 749
3899 737
3900 729
3901 740
3902 736
3903 757
3904 732
3905 754
3906 735
3907 745
3908 764
3909 742
3910 742
3911 745
3912 756
3913 764
3914 764
3915 748
3916 746
3917 773
3918 766
3919 776
3920 772
3921 795
3922 796
3923 790
3924 781
3925 782
3926 762
3927 761
3928 783
3929 744
3930 762
3931 743
3932 747
3933 761
3934 737
3935 746
3936 731
3937 734
3938 739
3939 734
3940 760
3941 761
3942 776
3943 775
3944 751
3945 789
3946 772
3947 777
3948 777
3949 745
3950 762
3951 749
3952 746
3953 750
3954 754
3955 747
3956 769
3957 767
3958 762
3959 758
3960 748
3961 734
3962 742
3963 762
3964 751
3965 765
3966 758
3967 750
3968 760
3969 726
3970 719
3971 733
3972 722
3973 728
3974 736
3975 740
3976 713
3977 717
3978 730
3979 723
3980 732
3981 727
3982 710
3983 715
3984 736
3985 737
3986 756
3987 765
3988 754
3989 748
3990 766
3991 756
3992 740
3993 763
3994 742
3995 745
3996 751
3997 739
3998 757
3999 746
4000 759
4001 743
4002 740
4003 755
4004 781
4005 762
4006 750
4007 747
4008 770
4009 764
4010 753
4011 768
4012 745
4013 752
4014 762
4015 745
4016 752
4017 752
4018 752
4019 737
4020 740
4021 763
4022 768
4023 758
4024 735
4025 740
4026 731
4027 725
4028 733
4029 758
4030 731
4031 748
4032 764
4033 762
4034 764
4035 763
4036 762
4037 763
4038 748
4039 740
4040 733
4041 743
4042 746
4043 729
4044 751
4045 742
4046 728
4047 758
4048 747
4049 737
4050 743
4051 751
4052 749
4053 758
4054 754
4055 756
4056 766
4057 779
4058 765
4059 780
4060 778
4061 785
4062 758
4063 758
4064 750
4065 761
4066 753
4067 747
4068 759
4069 767
4070 751
4071 748
4072 739
4073 766
4074 766
4075 732
4076 743
4077 733
4078 758
4079 757
4080 743
4081 769
4082 764
4083 779
4084 784
4085 790
4086 773
4087 758
4088 775
4089 777
4090 785
4091 792
4092 797
4093 778
4094 773
4095 762
4096 776
4097 748
4098 770
4099 763
4100 754
4101 764
4102 776
4103 774
4104 772
4105 764
4106 760
4107 750
4108 761
4109 752
4110 741
4111 757
4112 745
4113 752
4114 736
4115 746
4116 741
4117 756
4118 750
4119 766
4120 757
4121 759
4122 755
4123 769
4124 784
4125 746
4126 753
4127 767
4128 771
4129 750
4130 786
4131 779
4132 775
4133 772
4134 772
4135 739
4136 769
4137 777
4138 763
4139 758
4140 756
4141 765
4142 780
4143 763
4144 753
4145 739
4146 729
4147 751
4148 778
4149 770
4150 757
4151 762
4152 771
4153 749
4154 745
4155 751
4156 747
4157 742
4158 742
4159 757
4160 764
4161 754
4162 765
4163 755
4164 754
4165 741
4166 750
4167 771
4168 769
4169 766
4170 759
4171 758
4172 746
4173 758
4174 764
4175 751
4176 764
4177 766
4178 777
4179 748
4180 758
4181 745
4182 753
4183 747
4184 750
4185 749
4186 751
4187 751
4188 734
4189 747
4190 756
4191 741
4192 740
4193 710
4194 729
4195 740
4196 737
4197 744
4198 755
4199 743
4200 738
4201 746
4202 759
4203 745
4204 746
4205 731
4206 762
4207 756
4208 734
4209 725
4210 742
4211 738
4212 754
4213 731
4214 751
4215 752
4216 762
4217 763
4218 752
4219 756
4220 751
4221 763
4222 740
4223 750
4224 762
4225 732
4226 754
4227 741
4228 752
4229 771
4230 747
4231 744
4232 744
4233 764
4234 755
4235 742
4236 731
4237 753
4238 738
4239 774
4240 737
4241 756
4242 759
4243 766
4244 749
4245 747
4246 754
4247 755
4248 746
4249 756
4250 763
4251 760
4252 768
4253 770
4254 757
4255 747
4256 725
4257 721
4258 737
4259 726
4260 731
4261 729
4262 740
4263 742
4264 743
4265 748
4266 747
4267 768
4268 768
4269 777
4270 765
4271 758
4272 757
4273 756
4274 779
4275 762
4276 753
4277 753
4278 741
4279 740
4280 756
4281 746
4282 744
4283 751
4284 748
4285 735
4286 742
4287 751
4288 750
4289 763
4290 750
4291 766
4292 764
4293 774
4294 762
4295 765
4296 751
4297 755
4298 774
4299 764
4300 793
4301 761
4302 785
4303 777
4304 791
4305 802
4306 772
4307 768
4308 759
4309 767
4310 762
4311 759
4312 770
4313 768
4314 757
4315 758
4316 770
4317 792
4318 769
4319 757
4320 747
4321 736
4322 740
4323 744
4324 758
4325 758
4326 773
4327 787
4328 771
4329 768
4330 764
4331 774
4332 770
4333 772
4334 765
4335 761
4336 766
4337 760
4338 765
4339 756
4340 753
4341 757
4342 740
4343 728
4344 750
4345 746
4346 748
4347 761
4348 741
4349 729
4350 742
4351 738
4352 741
4353 747
4354 745
4355 770
4356 772
4357 773
4358 760
4359 769
4360 772
4361 758
4362 773
4363 770
4364 770
4365 762
4366 762
4367 773
4368 752
4369 778
4370 755
4371 746
4372 752
4373 727
4374 736
4375 738
4376 748
4377 732
4378 751
4379 745
4380 739
4381 753
4382 750
4383 739
4384 716
4385 742
4386 735
4387 741
4388 751
4389 743
4390 741
4391 737
4392 746
4393 746
4394 741
4395 721
4396 751
4397 766
4398 764
4399 780
4400 773
4401 763
4402 769
4403 762
4404 781
4405 756
4406 759
4407 750
4408 746
4409 732
4410 761
4411 751
4412 741
4413 738
4414 734
4415 763
4416 746
4417 758
4418 772
4419 780
4420 781
4421 779
4422 773
4423 768
4424 772
4425 757
4426 767
4427 755
4428 768
4429 765
4430 771
4431 767
4432 756
4433 756
4434 759
4435 769
4436 742
4437 762
4438 756
4439 746
4440 748
4441 736
4442 738
4443 747
4444 721
4445 736
4446 718
4447 741
4448 749
4449 725
4450 723
4451 721
4452 718
4453 722
4454 734
4455 708
4456 724
4457 719
4458 734
4459 727
4460 721
4461 697
4462 722
4463 719
4464 720
4465 717
4466 730
4467 739
4468 730
4469 732
4470 730
4471 723
4472 732
4473 735
4474 757
4475 758
4476 755
4477 764
4478 753
4479 763
4480 756
4481 776
4482 756
4483 773
4484 741
4485 753
4486 733
4487 764
4488 748
4489 778
4490 751
4491 746
4492 736
4493 723
4494 734
4495 750
4496 746
4497 753
4498 756
4499 757
4500 729
4501 742
4502 771
4503 755
4504 747
4505 765
4506 764
4507 771
4508 752
4509 761
4510 765
4511 739
4512 746
4513 765
4514 769
4515 749
4516 756
4517 765
4518 755
4519 743
4520 775
4521 777
4522 774
4523 776
4524 777
4525 791
4526 770
4527 768
4528 772
4529 789
4530 781
4531 773
4532 774
4533 762
4534 747
4535 761
4536 742
4537 754
4538 741
4539 748
4540 735
4541 753
4542 739
4543 735
4544 718
4545 743
4546 740
4547 737
4548 756
4549 737
4550 738
4551 756
4552 745
4553 774
4554 751
4555 774
4556 767
4557 777
4558 786
4559 779
4560 751
4561 761
4562 775
4563 777
4564 791
4565 787
4566 768
4567 749
4568 739
4569 755
4570 762
4571 772
4572 759
4573 760
4574 762
4575 763
4576 761
4577 774
4578 760
4579 798
4580 770
4581 753
4582 772
4583 754
4584 746
4585 732
4586 741
4587 753
4588 746
4589 766
4590 765
4591 754
4592 754
4593 732
4594 750
4595 750
4596 729
4597 757
4598 718
4599 745
4600 751
4601 737
4602 742
4603 770
4604 739
4605 745
4606 747
4607 747
4608 746
4609 739
4610 742
4611 730
4612 742
4613 743
4614 747
4615 738
4616 756
4617 761
4618 752
4619 744
4620 767
4621 786
4622 781
4623 773
4624 774
4625 748
4626 767
4627 774
4628 737
4629 749
4630 725
4631 738
4632 723
4633 722
4634 721
4635 741
4636 744
4637 716
4638 727
4639 737
4640 741
4641 730
4642 737
4643 721
4644 724
4645 731
4646 727
4647 740
4648 733
4649 744
4650 749
4651 749
4652 753
4653 757
4654 741
4655 729
4656 761
4657 752
4658 753
4659 736
4660 728
4661 739
4662 766
4663 759
4664 765
4665 756
4666 752
4667 752
4668 743
4669 769
4670 732
4671 725
4672 741
4673 747
4674 732
4675 746
4676 744
4677 727
4678 714
4679 730
4680 747
4681 750
4682 766
4683 723
4684 724
4685 740
4686 728
4687 759
4688 763
4689 776
4690 785
4691 777
4692 773
4693 806
4694 795
4695 785
4696 771
4697 781
4698 754
4699 774
4700 749
4701 772
4702 769
4703 739
4704 752
4705 733
4706 762
4707 747
4708 769
4709 778
4710 776
4711 737
4712 761
4713 766
4714 763
4715 769
4716 789
4717 776
4718 761
4719 764
4720 771
4721 759
4722 767
4723 765
4724 787
4725 764
4726 756
4727 748
4728 753
4729 743
4730 755
4731 773
4732 760
4733 789
4734 750
4735 766
4736 744
4737 772
4738 767
4739 749
4740 757
4741 755
4742 762
4743 739
4744 759
4745 752
4746 744
4747 759
4748 740
4749 758
4750 737
4751 747
4752 748
4753 760
4754 738
4755 750
4756 728
4757 764
4758 749
4759 738
4760 735
4761 752
4762 728
4763 746
4764 743
4765 760
4766 751
4767 764
4768 738
4769 743
4770 745
4771 756
4772 750
4773 765
4774 769
4775 751
4776 779
4777 758
4778 764
4779 756
4780 740
4781 746
4782 745
4783 764
4784 759
4785 768
4786 758
4787 780
4788 772
4789 765
4790 743
4791 729
4792 720
4793 747
4794 733
4795 755
4796 733
4797 736
4798 720
4799 729
4800 754
4801 750
4802 754
4803 755
4804 750
4805 750
4806 746
4807 746
4808 754
4809 758
4810 733
4811 754
4812 724
4813 715
4814 722
4815 721
4816 724
4817 738
4818 728
4819 736
4820 748
4821 755
4822 734
4823 766
4824 756
4825 762
4826 774
4827 757
4828 778
4829 760
4830 778
4831 774
4832 764
4833 757
4834 772
4835 787
4836 787
4837 773
4838 772
4839 763
4840 775
4841 766
4842 770
4843 774
4844 768
4845 773
4846 782
4847 769
4848 772
4849 774
4850 772
4851 779
4852 770
4853 759
4854 763
4855 747
4856 774
4857 769
4858 762
4859 764
4860 790
4861 777
4862 776
4863 762
4864 778
4865 777
4866 772
4867 763
4868 766
4869 741
4870 758
4871 761
4872 747
4873 771
4874 739
4875 747
4876 773
4877 738
4878 741
4879 744
4880 737
4881 760
4882 751
4883 748
4884 774
4885 757
4886 765
4887 778
4888 774
4889 768
4890 770
4891 785
4892 757
4893 762
4894 767
4895 741
4896 757
4897 743
4898 750
4899 771
4900 737
4901 754
4902 752
4903 728
4904 746
4905 744
4906 750
4907 771
4908 762
4909 762
4910 761
4911 752
4912 755
4913 742
4914 766
4915 744
4916 753
4917 753
4918 754
4919 765
4920 773
4921 748
4922 770
4923 748
4924 751
4925 754
4926 750
4927 769
4928 778
4929 773
4930 790
4931 769
4932 758
4933 772
4934 766
4935 768
4936 783
4937 762
4938 766
4939 787
4940 783
4941 772
4942 763
4943 748
4944 759
4945 753
4946 763
4947 777
4948 762
4949 776
4950 755
4951 765
4952 808
4953 767
4954 780
4955 757
4956 766
4957 761
4958 765
4959 742
4960 746
4961 762
4962 762
4963 787
4964 777
4965 781
4966 774
4967 776
4968 754
4969 752
4970 747
4971 744
4972 757
4973 750
4974 753
4975 748
4976 764
4977 757
4978 755
4979 768
4980 767
4981 771
4982 781
4983 761
4984 778
4985 769
4986 763
4987 771
4988 758
4989 758
4990 754
4991 767
4992 749
4993 760
4994 746
4995 777
4996 752
4997 754
4998 758
4999 752
5000 753
5001 748
5002 733
5003 735
5004 733
5005 733
5006 780
5007 760
5008 784
5009 761
5010 758
5011 751
5012 746
5013 772
5014 777
5015 761
5016 753
5017 743
5018 731
5019 730
5020 742
5021 746
5022 737
5023 745
5024 737
5025 759
5026 741
5027 717
5028 725
5029 743
5030 743
5031 736
5032 735
5033 751
5034 754
5035 742
5036 739
5037 770
5038 757
5039 752
5040 738
5041 752
5042 751
5043 739
5044 751
5045 741
5046 718
5047 724
5048 709
5049 749
5050 745
5051 757
5052 772
5053 780
5054 784
5055 781
5056 760
5057 761
5058 763
5059 760
5060 747
5061 753
5062 745
5063 764
5064 774
5065 760
5066 760
5067 759
5068 760
5069 737
5070 742
5071 755
5072 758
5073 769
5074 759
5075 750
5076 742
5077 747
5078 764
5079 754
5080 749
5081 772
5082 763
5083 763
5084 763
5085 765
5086 738
5087 736
5088 741
5089 734
5090 738
5091 738
5092 751
5093 765
5094 741
5095 786
5096 755
5097 774
5098 753
5099 762
5100 758
5101 758
5102 754
5103 746
5104 745
5105 727
5106 753
5107 767
5108 764
5109 770
5110 752
5111 753
5112 740
5113 746
5114 751
5115 723
5116 746
5117 746
5118 751
5119 725
5120 750
5121 732
5122 724
5123 767
5124 756
5125 768
5126 764
5127 766
5128 730
5129 759
5130 743
5131 765
5132 764
5133 775
5134 772
5135 775
5136 776
5137 766
5138 784
5139 784
5140 792
5141 805
5142 790
5143 793
5144 789
5145 753
5146 738
5147 748
5148 770
5149 770
5150 784
5151 761
5152 766
5153 767
5154 754
5155 741
5156 743
5157 756
5158 752
5159 757
5160 752
5161 752
5162 743
5163 737
5164 731
5165 739
5166 743
5167 752
5168 761
5169 744
5170 726
5171 753
5172 744
5173 734
5174 733
5175 740
5176 752
5177 732
5178 737
5179 726
5180 744
5181 745
5182 737
5183 747
5184 768
5185 772
5186 788
5187 793
5188 797
5189 786
5190 794
5191 791
5192 803
5193 806
5194 783
5195 776
5196 773
5197 782
5198 768
5199 757
5200 764
5201 751
5202 763
5203 779
5204 775
5205 768
5206 763
5207 752
5208 776
5209 773
5210 784
5211 788
5212 790
5213 785
5214 760
5215 757
5216 747
5217 763
5218 756
5219 771
5220 746
5221 728
5222 756
5223 754
5224 750
5225 745
5226 740
5227 749
5228 743
5229 761
5230 751
5231 760
5232 740
5233 754
5234 755
5235 747
5236 742
5237 737
5238 732
5239 729
5240 742
5241 747
5242 733
5243 742
5244 749
5245 742
5246 749
5247 743
5248 750
5249 748
5250 755
5251 744
5252 739
5253 752
5254 762
5255 752
5256 784
5257 753
5258 764
5259 774
5260 768
5261 763
5262 744
5263 772
5264 770
5265 776
5266 770
5267 757
5268 770
5269 757
5270 788
5271 753
5272 756
5273 757
5274 781
5275 785
5276 751
5277 739
5278 741
5279 749
5280 761
5281 748
5282 734
5283 730
5284 744
5285 729
5286 733
5287 723
5288 723
5289 734
5290 746
5291 734
5292 737
5293 742
5294 749
5295 748
5296 740
5297 762
5298 736
5299 752
5300 781
5301 764
5302 770
5303 780
5304 763
5305 778
5306 773
5307 774
5308 754
5309 757
5310 774
5311 774
5312 789
5313 793
5314 779
5315 756
5316 753
5317 768
5318 758
5319 766
5320 756
5321 737
5322 718
5323 718
5324 731
5325 744
5326 767
5327 745
5328 773
5329 776
5330 761
5331 758
5332 764
5333 768
5334 782
5335 755
5336 760
5337 768
5338 784
5339 775
5340 771
5341 779
5342 779
5343 758
5344 754
5345 777
5346 790
5347 775
5348 780
5349 762
5350 775
5351 769
5352 765
5353 762
5354 767
5355 760
5356 770
5357 779
5358 772
5359 759
5360 761
5361 759
5362 763
5363 757
5364 766
5365 762
5366 754
5367 750
5368 764
5369 753
5370 747
5371 759
5372 755
5373 755
5374 766
5375 772
5376 754
5377 756
5378 755
5379 751
5380 768
5381 773
5382 767
5383 746
5384 762
5385 776
5386 767
5387 773
5388 761
5389 771
5390 735
5391 767
5392 738
5393 767
5394 759
5395 770
5396 781
5397 771
5398 754
5399 765
5400 792
5401 784
5402 773
5403 780
5404 794
5405 792
5406 774
5407 767
5408 779
5409 780
5410 779
5411 780
5412 785
5413 783
5414 759
5415 802
5416 767
5417 765
5418 764
5419 750
5420 768
5421 758
5422 762
5423 743
5424 744
5425 749
5426 738
5427 730
5428 717
5429 720
5430 737
5431 730
5432 729
5433 740
5434 747
5435 741
5436 730
5437 752
5438 752
5439 766
5440 750
5441 772
5442 764
5443 756
5444 753
5445 788
5446 765
5447 758
5448 770
5449 768
5450 771
5451 764
5452 760
5453 758
5454 761
5455 781
5456 766
5457 758
5458 757
5459 739
5460 730
5461 755
5462 744
5463 730
5464 739
5465 734
5466 744
5467 735
5468 742
5469 737
5470 746
5471 774
5472 764
5473 760
5474 772
5475 765
5476 779
5477 806
5478 768
5479 781
5480 766
5481 761
5482 769
5483 781
5484 757
5485 772
5486 745
5487 747
5488 774
5489 750
5490 762
5491 761
5492 765
5493 729
5494 756
5495 764
5496 740
5497 733
5498 742
5499 731
5500 766
5501 768
5502 772
5503 769
5504 761
5505 762
5506 751
5507 766
5508 762
5509 768
5510 767
5511 759
5512 766
5513 761
5514 761
5515 760
5516 778
5517 750
5518 745
5519 747
5520 725
5521 721
5522 734
5523 736
5524 746
5525 748
5526 745
5527 762
5528 748
5529 751
5530 751
5531 756
5532 768
5533 762
5534 748
5535 757
5536 746
5537 736
5538 748
5539 726
5540 716
5541 727
5542 760
5543 747
5544 756
5545 764
5546 775
5547 759
5548 760
5549 750
5550 757
5551 773
5552 778
5553 786
5554 776
5555 760
5556 789
5557 785
5558 784
5559 785
5560 777
5561 758
5562 763
5563 760
5564 772
5565 757
5566 764
5567 762
5568 789
5569 764
5570 788
5571 778
5572 769
5573 774
5574 784
5575 772
5576 778
5577 785
5578 765
5579 784
5580 757
5581 772
5582 785
5583 789
5584 741
5585 775
5586 748
5587 760
5588 772
5589 773
5590 777
5591 776
5592 764
5593 755
5594 754
5595 744
5596 752
5597 750
5598 736
5599 727
5600 711
5601 730
5602 725
5603 733
5604 714
5605 722
5606 696
5607 718
5608 710
5609 727
5610 722
5611 751
5612 745
5613 761
5614 761
5615 769
5616 750
5617 757
5618 792
5619 764
5620 756
5621 774
5622 775
5623 779
5624 766
5625 782
5626 761
5627 749
5628 748
5629 748
5630 757
5631 766
5632 760
5633 751
5634 769
5635 787
5636 780
5637 776
5638 774
5639 773
5640 772
5641 775
5642 763
5643 761
5644 769
5645 772
5646 776
5647 774
5648 769
5649 782
5650 774
5651 786
5652 766
5653 763
5654 771
5655 766
5656 745
5657 755
5658 740
5659 761
5660 766
5661 772
5662 753
5663 753
5664 736
5665 736
5666 758
5667 749
5668 752
5669 749
5670 726
5671 742
5672 743
5673 757
5674 768
5675 784
5676 778
5677 778
5678 788
5679 791
5680 768
5681 769
5682 757
5683 769
5684 743
5685 741
5686 748
5687 762
5688 756
5689 730
5690 758
5691 756
5692 751
5693 735
5694 750
5695 739
5696 716
5697 747
5698 713
5699 730
5700 713
5701 748
5702 748
5703 759
5704 758
5705 737
5706 766
5707 759
5708 754
5709 748
5710 729
5711 744
5712 729
5713 741
5714 740
5715 761
5716 745
5717 756
5718 738
5719 734
5720 728
5721 737
5722 728
5723 751
5724 760
5725 751
5726 755
5727 756
5728 749
5729 769
5730 746
5731 770
5732 779
5733 782
5734 771
5735 763
5736 777
5737 763
5738 775
5739 759
5740 753
5741 746
5742 739
5743 742
5744 752
5745 739
5746 738
5747 753
5748 764
5749 760
5750 729
5751 744
5752 740
5753 713
5754 749
5755 728
5756 745
5757 749
5758 759
5759 767
5760 739
5761 775
5762 761
5763 758
5764 751
5765 770
5766 766
5767 742
5768 728
5769 752
5770 749
5771 740
5772 721
5773 736
5774 738
5775 765
5776 754
5777 747
5778 750
5779 738
5780 731
5781 736
5782 739
5783 731
5784 732
5785 731
5786 741
5787 738
5788 751
5789 761
5790 743
5791 751
5792 759
5793 762
5794 764
5795 767
5796 771
5797 754
5798 746
5799 754
5800 777
5801 785
5802 766
5803 751
5804 764
5805 758
5806 757
5807 755
5808 758
5809 768
5810 793
5811 777
5812 776
5813 769
5814 782
5815 779
5816 795
5817 779
5818 780
5819 761
5820 771
5821 763
5822 761
5823 768
5824 750
5825 758
5826 775
5827 762
5828 764
5829 757
5830 772
5831 784
5832 772
5833 767
5834 762
5835 749
5836 732
5837 752
5838 762
5839 760
5840 772
5841 744
5842 755
5843 757
5844 774
5845 758
5846 760
5847 782
5848 764
5849 763
5850 769
5851 749
5852 752
5853 742
5854 762
5855 756
5856 767
5857 774
5858 775
5859 786
5860 760
5861 784
5862 779
5863 767
5864 757
5865 754
5866 771
5867 745
5868 761
5869 757
5870 753
5871 769
5872 777
5873 777
5874 781
5875 737
5876 762
5877 750
5878 765
5879 763
5880 758
5881 759
5882 758
5883 743
5884 782
5885 766
5886 763
5887 752
5888 764
5889 786
5890 748
5891 773
5892 761
5893 787
5894 783
5895 773
5896 768
5897 764
5898 748
5899 759
5900 774
5901 752
5902 764
5903 751
5904 763
5905 768
5906 764
5907 766
5908 757
5909 777
5910 785
5911 784
5912 767
5913 775
5914 751
5915 744
5916 736
5917 722
5918 715
5919 727
5920 725
5921 726
5922 740
5923 739
5924 743
5925 735
5926 732
5927 738
5928 767
5929 744
5930 751
5931 737
5932 752
5933 763
5934 752
5935 755
5936 757
5937 770
5938 787
5939 756
5940 748
5941 755
5942 754
5943 761
5944 781
5945 766
5946 778
5947 764
5948 767
5949 775
5950 762
5951 751
5952 750
5953 769
5954 775
5955 787
5956 769
5957 772
5958 767
5959 765
5960 732
5961 758
5962 744
5963 753
5964 743
5965 745
5966 747
5967 728
5968 733
5969 754
5970 744
5971 756
5972 739
5973 748
5974 787
5975 736
5976 754
5977 742
5978 756
5979 755
5980 734
5981 743
5982 742
5983 737
5984 757
5985 740
5986 756
5987 767
5988 753
5989 730
5990 726
5991 714
5992 729
5993 699
5994 745
5995 737
5996 739
5997 749
5998 744
5999 740
6000 741
6001 753
6002 749
6003 734
6004 741
6005 747
6006 743
6007 748
6008 760
6009 755
6010 739
6011 749
6012 752
6013 753
6014 763
6015 763
6016 771
6017 738
6018 748
6019 716
6020 744
6021 746
6022 726
6023 731
6024 751
6025 740
6026 770
6027 757
6028 743
6029 742
6030 744
6031 705
6032 744
6033 723
6034 735
6035 741
6036 754
6037 769
6038 774
6039 774
6040 765
6041 764
6042 767
6043 761
6044 752
6045 751
6046 760
6047 761
6048 749
6049 727
6050 737
6051 724
6052 729
6053 744
6054 736
6055 748
6056 745
6057 734
6058 750
6059 745
6060 747
6061 752
6062 747
6063 760
6064 774
6065 751
6066 755
6067 749
6068 756
6069 771
6070 750
6071 740
6072 751
6073 762
6074 748
6075 751
6076 744
6077 741
6078 776
6079 743
6080 742
6081 775
6082 748
6083 735
6084 743
6085 760
6086 770
6087 768
6088 764
6089 763
6090 761
6091 749
6092 750
6093 716
6094 738
6095 741
6096 721
6097 725
6098 722
6099 726
6100 723
6101 730
6102 748
6103 729
6104 737
6105 750
6106 746
6107 740
6108 749
6109 736
6110 751
6111 737
6112 741
6113 733
6114 735
6115 753
6116 735
6117 728
6118 722
6119 735
6120 745
6121 748
6122 742
6123 758
6124 746
6125 735
6126 745
6127 738
6128 752
6129 769
6130 773
6131 760
6132 768
6133 747
6134 764
6135 763
6136 761
6137 753
6138 774
6139 754
6140 774
6141 762
6142 758
6143 747
6144 771
6145 722
6146 747
6147 749
6148 748
6149 751
6150 735
6151 756
6152 772
6153 771
6154 756
6155 778
6156 750
6157 761
6158 749
6159 772
6160 760
6161 764
6162 764
6163 770
6164 765
6165 773
6166 745
6167 739
6168 743
6169 767
6170 745
6171 754
6172 746
6173 755
6174 749
6175 763
6176 775
6177 771
6178 778
6179 769
6180 774
6181 761
6182 753
6183 728
6184 736
6185 740
6186 744
6187 745
6188 738
6189 736
6190 759
6191 745
6192 761
6193 744
6194 758
6195 764
6196 766
6197 769
6198 770
6199 750
6200 752
6201 753
6202 755
6203 748
6204 761
6205 760
6206 767
6207 770
6208 779
6209 763
6210 779
6211 783
6212 742
6213 753
6214 740
6215 769
6216 751
6217 773
6218 754
6219 761
6220 768
6221 756
6222 752
6223 752
6224 740
6225 767
6226 764
6227 765
6228 746
6229 765
6230 741
6231 779
6232 763
6233 751
6234 733
6235 728
6236 755
6237 745
6238 774
6239 760
6240 757
6241 734
6242 731
6243 742
6244 745
6245 743
6246 738
6247 726
6248 745
6249 743
6250 738
6251 717
6252 715
6253 713
6254 737
6255 721
6256 694
6257 713
6258 723
6259 729
6260 742
6261 749
6262 730
6263 735
6264 748
6265 760
6266 767
6267 744
6268 769
6269 772
6270 769
6271 756
6272 756
6273 756
6274 752
6275 744
6276 746
6277 740
6278 746
6279 763
6280 775
6281 748
6282 750
6283 775
6284 745
6285 770
6286 745
6287 745
6288 744
6289 736
6290 738
6291 735
6292 741
6293 735
6294 736
6295 719
6296 752
6297 744
6298 753
6299 732
6300 743
6301 733
6302 745
6303 762
6304 753
6305 735
6306 726
6307 767
6308 739
6309 741
6310 725
6311 739
6312 736
6313 764
6314 758
6315 745
6316 748
6317 752
6318 767
6319 770
6320 772
6321 775
6322 795
6323 779
6324 776
6325 770
6326 784
6327 769
6328 774
6329 768
6330 770
6331 783
6332 780
6333 779
6334 756
6335 760
6336 762
6337 740
6338 755
6339 748
6340 761
6341 763
6342 776
6343 755
6344 754
6345 748
6346 760
6347 765
6348 771
6349 758
6350 754
6351 745
6352 754
6353 748
6354 748
6355 755
6356 749
6357 760
6358 749
6359 762
6360 747
6361 746
6362 749
6363 750
6364 754
6365 770
6366 748
6367 766
6368 749
6369 769
6370 757
6371 765
6372 753
6373 749
6374 773
6375 773
6376 761
6377 765
6378 766
6379 775
6380 783
6381 757
6382 755
6383 762
6384 755
6385 752
6386 758
6387 764
6388 779
6389 777
6390 750
6391 751
6392 745
6393 766
6394 743
6395 752
6396 769
6397 781
6398 749
6399 771
6400 755
6401 756
6402 760
6403 798
6404 777
6405 791
6406 796
6407 759
6408 799
6409 781
6410 795
6411 781
6412 764
6413 790
6414 769
6415 773
6416 754
6417 750
6418 751
6419 730
6420 755
6421 746
6422 741
6423 760
6424 741
6425 747
6426 757
6427 756
6428 772
6429 756
6430 757
6431 747
6432 759
6433 767
6434 763
6435 761
6436 746
6437 738
6438 751
6439 734
6440 748
6441 744
6442 747
6443 765
6444 775
6445 773
6446 766
6447 780
6448 744
6449 749
6450 762
6451 732
6452 730
6453 731
6454 721
6455 727
6456 738
6457 750
6458 729
6459 749
6460 769
6461 762
6462 757
6463 755
6464 751
6465 729
6466 753
6467 736
6468 732
6469 712
6470 736
6471 725
6472 729
6473 729
6474 728
6475 749
6476 748
6477 759
6478 747
6479 744
6480 763
6481 760
6482 760
6483 738
6484 755
6485 741
6486 742
6487 747
6488 743
6489 764
6490 750
6491 749
6492 744
6493 730
6494 736
6495 727
6496 747
6497 751
6498 749
6499 763
6500 750
6501 755
6502 770
6503 744
6504 754
6505 749
6506 733
6507 749
6508 735
6509 745
6510 729
6511 740
6512 736
6513 735
6514 751
6515 770
6516 758
6517 749
6518 774
6519 771
6520 756
6521 767
6522 770
6523 760
6524 773
6525 759
6526 762
6527 775
6528 765
6529 779
6530 744
6531 766
6532 744
6533 763
6534 777
6535 775
6536 780
6537 782
6538 790
6539 778
6540 787
6541 761
6542 761
6543 756
6544 737
6545 748
6546 720
6547 739
6548 729
6549 722
6550 725
6551 717
6552 734
6553 730
6554 711
6555 728
6556 741
6557 748
6558 748
6559 754
6560 741
6561 754
6562 748
6563 760
6564 756
6565 760
6566 791
6567 772
6568 781
6569 769
6570 764
6571 777
6572 759
6573 744
6574 769
6575 776
6576 764
6577 776
6578 773
6579 783
6580 799
6581 782
6582 787
6583 769
6584 772
6585 770
6586 769
6587 768
6588 763
6589 758
6590 773
6591 763
6592 775
6593 777
6594 759
6595 724
6596 719
6597 735
6598 750
6599 765
6600 754
6601 759
6602 755
6603 758
6604 762
6605 752
6606 753
6607 752
6608 744
6609 757
6610 754
6611 764
6612 761
6613 767
6614 754
6615 756
6616 766
6617 791
6618 745
6619 763
6620 758
6621 758
6622 760
6623 744
6624 751
6625 759
6626 755
6627 760
6628 773
6629 770
6630 768
6631 797
6632 794
6633 780
6634 779
6635 784
6636 777
6637 760
6638 754
6639 752
6640 752
6641 757
6642 744
6643 750
6644 745
6645 734
6646 736
6647 733
6648 741
6649 747
6650 746
6651 752
6652 735
6653 758
6654 738
6655 761
6656 747
6657 761
6658 741
6659 757
6660 744
6661 728
6662 737
6663 748
6664 722
6665 733
6666 736
6667 746
6668 732
6669 766
6670 749
6671 751
6672 748
6673 766
6674 752
6675 772
6676 765
6677 791
6678 781
6679 759
6680 768
6681 772
6682 769
6683 773
6684 756
6685 770
6686 759
6687 755
6688 753
6689 786
6690 767
6691 774
6692 761
6693 767
6694 743
6695 739
6696 749
6697 757
6698 756
6699 755
6700 768
6701 772
6702 773
6703 780
6704 765
6705 772
6706 753
6707 759
6708 751
6709 739
6710 741
6711 748
6712 713
6713 734
6714 726
6715 745
6716 736
6717 741
6718 760
6719 740
6720 766
6721 761
6722 766
6723 774
6724 776
6725 766
6726 761
6727 785
6728 753
6729 743
6730 744
6731 755
6732 749
6733 761
6734 760
6735 750
6736 752
6737 742
6738 757
6739 732
6740 755
6741 760
6742 769
6743 767
6744 778
6745 781
6746 771
6747 767
6748 776
6749 772
6750 759
6751 773
6752 764
6753 747
6754 763
6755 760
6756 776
6757 773
6758 771
6759 786
6760 778
6761 761
6762 760
6763 750
6764 763
6765 776
6766 767
6767 775
6768 787
6769 763
6770 752
6771 775
6772 771
6773 770
6774 763
6775 755
6776 753
6777 753
6778 745
6779 771
6780 775
6781 788
6782 781
6783 764
6784 774
6785 779
6786 779
6787 777
6788 771
6789 789
6790 785
6791 788
6792 781
6793 751
6794 771
6795 736
6796 759
6797 762
6798 770
6799 772
6800 770
6801 757
6802 777
6803 778
6804 768
6805 785
6806 763
6807 793
6808 771
6809 750
6810 750
6811 752
6812 757
6813 764
6814 763
6815 747
6816 740
6817 729
6818 745
6819 758
6820 755
6821 770
6822 764
6823 747
6824 741
6825 763
6826 766
6827 757
6828 750
6829 751
6830 749
6831 762
6832 747
6833 743
6834 751
6835 752
6836 742
6837 743
6838 769
6839 755
6840 760
6841 741
6842 773
6843 774
6844 787
6845 775
6846 788
6847 782
6848 775
6849 787
6850 738
6851 771
6852 769
6853 753
6854 749
6855 740
6856 749
6857 770
6858 775
6859 774
6860 769
6861 773
6862 752
6863 785
6864 773
6865 768
6866 757
6867 768
6868 744
6869 753
6870 752
6871 733
6872 755
6873 748
6874 753
6875 771
6876 761
6877 760
6878 777
6879 781
6880 781
6881 780
6882 794
6883 777
6884 744
6885 761
6886 761
6887 755
6888 761
6889 760
6890 741
6891 752
6892 730
6893 717
6894 727
6895 717
6896 740
6897 730
6898 753
6899 741
6900 731
6901 770
6902 753
6903 754
6904 774
6905 781
6906 791
6907 786
6908 778
6909 779
6910 766
6911 760
6912 796
6913 780
6914 772
6915 758
6916 747
6917 748
6918 762
6919 765
6920 753
6921 733
6922 726
6923 742
6924 737
6925 731
6926 733
6927 745
6928 750
6929 730
6930 760
6931 752
6932 756
6933 754
6934 733
6935 743
6936 751
6937 766
6938 748
6939 743
6940 767
6941 754
6942 785
6943 774
6944 762
6945 757
6946 758
6947 771
6948 758
6949 756
6950 776
6951 749
6952 762
6953 732
6954 754
6955 755
6956 744
6957 744
6958 745
6959 752
6960 774
6961 758
6962 756
6963 756
6964 772
6965 761
6966 750
6967 744
6968 744
6969 747
6970 757
6971 781
6972 762
6973 774
6974 774
6975 759
6976 784
6977 763
6978 778
6979 766
6980 780
6981 759
6982 769
6983 752
6984 752
6985 755
6986 758
6987 774
6988 766
6989 750
6990 734
6991 757
6992 760
6993 747
6994 767
6995 743
6996 758
6997 756
6998 761
6999 769
7000 753
7001 769
7002 761
7003 763
7004 769
7005 775
7006 750
7007 769
7008 768
7009 783
7010 766
7011 761
7012 763
7013 746
7014 767
7015 752
7016 756
7017 757
7018 765
7019 750
7020 752
7021 743
7022 750
7023 738
7024 754
7025 741
7026 745
7027 745
7028 758
7029 767
7030 757
7031 761
7032 770
7033 736
7034 771
7035 756
7036 763
7037 755
7038 756
7039 778
7040 744
7041 748
7042 751
7043 737
7044 742
7045 748
7046 728
7047 715
7048 748
7049 748
7050 728
7051 717
7052 732
7053 759
7054 745
7055 753
7056 728
7057 752
7058 753
7059 753
7060 759
7061 764
7062 754
7063 766
7064 784
7065 769
7066 786
7067 769
7068 777
7069 767
7070 776
7071 759
7072 758
7073 755
7074 733
7075 767
7076 735
7077 749
7078 761
7079 749
7080 761
7081 776
7082 785
7083 791
7084 807
7085 791
7086 783
7087 783
7088 774
7089 786
7090 760
7091 753
7092 766
7093 758
7094 761
7095 758
7096 769
7097 773
7098 758
7099 757
7100 757
7101 754
7102 766
7103 771
7104 775
7105 757
7106 759
7107 773
7108 747
7109 743
7110 727
7111 727
7112 725
7113 746
7114 758
7115 746
7116 742
7117 761
7118 759
7119 768
7120 762
7121 778
7122 752
7123 754
7124 767
7125 760
7126 768
7127 747
7128 733
7129 735
7130 727
7131 755
7132 744
7133 751
7134 737
7135 752
7136 744
7137 732
7138 751
7139 757
7140 751
7141 752
7142 764
7143 758
7144 740
7145 769
7146 756
7147 777
7148 757
7149 749
7150 764
7151 749
7152 741
7153 739
7154 730
7155 760
7156 762
7157 769
7158 778
7159 765
7160 755
7161 744
7162 757
7163 768
7164 757
7165 767
7166 778
7167 766
7168 780
7169 765
7170 760
7171 763
7172 762
7173 778
7174 781
7175 771
7176 791
7177 805
7178 791
7179 793
7180 793
7181 768
7182 768
7183 778
7184 758
7185 758
7186 769
7187 769
7188 760
7189 775
7190 799
7191 783
7192 778
7193 772
7194 780
7195 754
7196 760
7197 764
7198 782
7199 754
7200 755
7201 764
7202 780
7203 763
7204 765
7205 761
7206 765
7207 764
7208 760
7209 765
7210 758
7211 765
7212 768
7213 759
7214 775
7215 766
7216 763
7217 768
7218 755
7219 770
7220 767
7221 754
7222 752
7223 745
7224 750
7225 760
7226 748
7227 755
7228 753
7229 743
7230 746
7231 751
7232 750
7233 755
7234 779
7235 737
7236 742
7237 746
7238 750
7239 744
7240 760
7241 744
7242 746
7243 739
7244 715
7245 743
7246 746
7247 770
7248 745
7249 754
7250 737
7251 735
7252 739
7253 749
7254 764
7255 759
7256 746
7257 764
7258 739
7259 750
7260 756
7261 759
7262 768
7263 760
7264 762
7265 771
7266 787
7267 748
7268 746
7269 757
7270 775
7271 751
7272 748
7273 755
7274 760
7275 772
7276 761
7277 733
7278 747
7279 731
7280 730
7281 758
7282 758
7283 796
7284 785
7285 772
7286 790
7287 782
7288 770
7289 778
7290 771
7291 790
7292 799
7293 773
7294 777
7295 764
7296 770
7297 753
7298 766
7299 791
7300 777
7301 765
7302 760
7303 762
7304 750
7305 756
7306 774
7307 760
7308 763
7309 764
7310 762
7311 762
7312 760
7313 753
7314 784
7315 782
7316 790
7317 783
7318 774
7319 792
7320 755
7321 749
7322 727
7323 716
7324 722
7325 720
7326 735
7327 747
7328 752
7329 739
7330 749
7331 737
7332 745
7333 739
7334 742
7335 717
7336 745
7337 746
7338 761
7339 757
7340 767
7341 771
7342 770
7343 784
7344 756
7345 775
7346 793
7347 792
7348 754
7349 764
7350 738
7351 755
7352 754
7353 755
7354 773
7355 786
7356 769
7357 764
7358 761
7359 735
7360 742
7361 729
7362 731
7363 716
7364 720
7365 734
7366 713
7367 743
7368 728
7369 730
7370 753
7371 762
7372 759
7373 762
7374 766
7375 757
7376 748
7377 738
7378 755
7379 762
7380 769
7381 738
7382 731
7383 747
7384 748
7385 776
7386 773
7387 769
7388 759
7389 765
7390 737
7391 756
7392 778
7393 767
7394 744
7395 767
7396 744
7397 727
7398 717
7399 730
7400 755
7401 748
7402 757
7403 774
7404 750
7405 775
7406 755
7407 778
7408 756
7409 749
7410 759
7411 763
7412 779
7413 778
7414 780
7415 779
7416 785
7417 780
7418 755
7419 754
7420 742
7421 729
7422 752
7423 757
7424 770
7425 747
7426 741
7427 756
7428 744
7429 736
7430 736
7431 735
7432 740
7433 755
7434 719
7435 729
7436 725
7437 716
7438 740
7439 741
7440 760
7441 744
7442 739
7443 763
7444 758
7445 755
7446 765
7447 766
7448 757
7449 744
7450 759
7451 758
7452 773
7453 776
7454 758
7455 786
7456 762
7457 763
7458 758
7459 746
7460 763
7461 757
7462 779
7463 797
7464 792
7465 771
7466 766
7467 769
7468 750
7469 775
7470 765
7471 767
7472 762
7473 729
7474 753
7475 770
7476 754
7477 729
7478 747
7479 748
7480 746
7481 739
7482 746
7483 744
7484 742
7485 763
7486 744
7487 751
7488 747
7489 752
7490 772
7491 779
7492 763
7493 769
7494 766
7495 778
7496 769
7497 778
7498 772
7499 767
7500 777
7501 755
7502 768
7503 739
7504 748
7505 774
7506 769
7507 750
7508 746
7509 743
7510 761
7511 753
7512 765
7513 781
7514 771
7515 751
7516 765
7517 767
7518 771
7519 757
7520 745
7521 753
7522 767
7523 744
7524 739
7525 714
7526 718
7527 721
7528 718
7529 742
7530 706
7531 712
7532 700
7533 728
7534 715
7535 765
7536 742
7537 753
7538 729
7539 747
7540 759
7541 724
7542 733
7543 732
7544 743
7545 749
7546 746
7547 742
7548 753
7549 737
7550 746
7551 717
7552 729
7553 743
7554 725
7555 733
7556 722
7557 725
7558 734
7559 728
7560 731
7561 696
7562 724
7563 716
7564 750
7565 779
7566 759
7567 770
7568 749
7569 759
7570 752
7571 766
7572 776
7573 768
7574 770
7575 761
7576 746
7577 748
7578 767
7579 755
7580 768
7581 750
7582 749
7583 763
7584 762
7585 766
7586 766
7587 754
7588 774
7589 773
7590 782
7591 776
7592 768
7593 791
7594 765
7595 789
7596 784
7597 771
7598 799
7599 773
7600 746
7601 753
7602 772
7603 735
7604 731
7605 717
7606 751
7607 757
7608 757
7609 766
7610 751
7611 757
7612 753
7613 768
7614 783
7615 777
7616 785
7617 772
7618 788
7619 760
7620 769
7621 750
7622 760
7623 768
7624 770
7625 764
7626 756
7627 751
7628 759
7629 727
7630 748
7631 734
7632 720
7633 741
7634 741
7635 726
7636 720
7637 740
7638 715
7639 730
7640 732
7641 738
7642 734
7643 756
7644 752
7645 721
7646 733
7647 727
7648 727
7649 753
7650 737
7651 759
7652 751
7653 771
7654 747
7655 761
7656 758
7657 753
7658 758
7659 753
7660 781
7661 745
7662 778
7663 734
7664 739
7665 732
7666 732
7667 723
7668 738
7669 721
7670 750
7671 741
7672 739
7673 757
7674 756
7675 759
7676 741
7677 750
7678 741
7679 744
7680 762
7681 755
7682 758
7683 763
7684 744
7685 758
7686 743
7687 771
7688 781
7689 769
7690 767
7691 772
7692 777
7693 781
7694 794
7695 771
7696 765
7697 788
7698 787
7699 768
7700 776
7701 774
7702 771
7703 768
7704 752
7705 757
7706 778
7707 756
7708 767
7709 748
7710 768
7711 761
7712 772
7713 770
7714 783
7715 767
7716 766
7717 777
7718 762
7719 757
7720 754
7721 750
7722 747
7723 749
7724 759
7725 771
7726 774
7727 775
7728 787
7729 780
7730 784
7731 773
7732 767
7733 772
7734 763
7735 755
7736 776
7737 764
7738 762
7739 773
7740 780
7741 764
7742 764
7743 768
7744 771
7745 753
7746 781
7747 762
7748 771
7749 782
7750 752
7751 760
7752 742
7753 741
7754 735
7755 710
7756 737
7757 738
7758 749
7759 739
7760 743
7761 747
7762 745
7763 737
7764 771
7765 744
7766 761
7767 761
7768 750
7769 761
7770 742
7771 735
7772 745
7773 736
7774 725
7775 727
7776 739
7777 757
7778 762
7779 749
7780 747
7781 752
7782 762
7783 761
7784 763
7785 747
7786 749
7787 730
7788 758
7789 745
7790 759
7791 738
7792 762
7793 753
7794 739
7795 738
7796 738
7797 747
7798 759
7799 779
7800 762
7801 790
7802 762
7803 757
7804 747
7805 755
7806 763
7807 745
7808 762
7809 769
7810 762
7811 754
7812 761
7813 774
7814 752
7815 777
7816 745
7817 741
7818 729
7819 729
7820 745
7821 740
7822 745
7823 744
7824 742
7825 745
7826 725
7827 747
7828 754
7829 746
7830 758
7831 752
7832 753
7833 770
7834 769
7835 768
7836 768
7837 782
7838 772
7839 748
7840 750
7841 770
7842 766
7843 759
7844 769
7845 757
7846 791
7847 775
7848 767
7849 771
7850 777
7851 758
7852 779
7853 770
7854 792
7855 785
7856 773
7857 765
7858 775
7859 760
7860 783
7861 773
7862 788
7863 791
7864 777
7865 786
7866 772
7867 774
7868 765
7869 773
7870 767
7871 750
7872 760
7873 758
7874 749
7875 779
7876 779
7877 788
7878 787
7879 779
7880 762
7881 752
7882 750
7883 760
7884 768
7885 772
7886 763
7887 785
7888 791
7889 792
7890 777
7891 787
7892 760
7893 739
7894 747
7895 763
7896 744
7897 760
7898 769
7899 759
7900 757
7901 770
7902 782
7903 754
7904 745
7905 744
7906 741
7907 751
7908 751
7909 756
7910 773
7911 774
7912 748
7913 749
7914 743
7915 745
7916 753
7917 740
7918 754
7919 740
7920 746
7921 724
7922 745
7923 728
7924 740
7925 756
7926 757
7927 744
7928 761
7929 767
7930 745
7931 735
7932 739
7933 748
7934 765
7935 721
7936 741
7937 751
7938 741
7939 741
7940 772
7941 769
7942 756
7943 742
7944 728
7945 738
7946 722
7947 752
7948 748
7949 748
7950 752
7951 728
7952 750
7953 753
7954 740
7955 759
7956 763
7957 753
7958 762
7959 733
7960 743
7961 746
7962 737
7963 738
7964 743
7965 756
7966 770
7967 778
7968 777
7969 752
7970 741
7971 751
7972 751
7973 772
7974 781
7975 788
7976 789
7977 771
7978 775
7979 765
7980 762
7981 766
7982 746
7983 767
7984 763
7985 749
7986 740
7987 731
7988 761
7989 761
7990 765
7991 756
7992 766
7993 776
7994 772
7995 766
7996 732
7997 754
7998 745
7999 741
8000 756
8001 733
8002 740
8003 749
8004 775
8005 774
8006 770
8007 753
8008 715
8009 751
8010 734
8011 747
8012 750
8013 759
8014 746
8015 745
8016 737
8017 753
8018 744
8019 757
8020 751
8021 753
8022 752
8023 760
8024 758
8025 768
8026 761
8027 773
8028 765
8029 765
8030 772
8031 776
8032 760
8033 757
8034 750
8035 740
8036 726
8037 728
8038 742
8039 722
8040 760
8041 748
8042 746
8043 759
8044 744
8045 748
8046 752
8047 739
8048 762
8049 742
8050 765
8051 766
8052 787
8053 770
8054 779
8055 803
8056 791
8057 774
8058 773
8059 791
8060 758
8061 750
8062 742
8063 750
8064 758
8065 744
8066 759
8067 755
8068 770
8069 770
8070 753
8071 773
8072 765
8073 765
8074 770
8075 748
8076 786
8077 765
8078 767
8079 742
8080 761
8081 764
8082 738
8083 766
8084 752
8085 740
8086 737
8087 738
8088 736
8089 738
8090 722
8091 723
8092 732
8093 732
8094 742
8095 713
8096 736
8097 736
8098 729
8099 716
8100 729
8101 723
8102 741
8103 760
8104 750
8105 758
8106 748
8107 760
8108 721
8109 731
8110 733
8111 758
8112 734
8113 758
8114 739
8115 750
8116 742
8117 746
8118 738
8119 730
8120 714
8121 736
8122 735
8123 748
8124 740
8125 734
8126 744
8127 747
8128 747
8129 768
8130 747
8131 761
8132 745
8133 740
8134 725
8135 737
8136 737
8137 747
8138 752
8139 755
8140 745
8141 746
8142 753
8143 728
8144 750
8145 738
8146 731
8147 753
8148 740
8149 741
8150 737
8151 745
8152 755
8153 742
8154 751
8155 754
8156 762
8157 762
8158 744
8159 747
8160 739
8161 720
8162 736
8163 716
8164 734
8165 752
8166 750
8167 766
8168 760
8169 773
8170 771
8171 773
8172 758
8173 762
8174 747
8175 774
8176 753
8177 779
8178 767
8179 765
8180 750
8181 742
8182 749
8183 743
8184 759
8185 742
8186 738
8187 763
8188 758
8189 786
8190 783
8191 738
8192 749
8193 726
8194 717
8195 735
8196 745
8197 769
8198 764
8199 747
8200 763
8201 752
8202 762
8203 737
8204 758
8205 755
8206 770
8207 748
8208 753
8209 740
8210 750
8211 767
8212 750
8213 738
8214 748
8215 761
8216 767
8217 744
8218 760
8219 765
8220 763
8221 746
8222 735
8223 742
8224 731
8225 746
8226 763
8227 755
8228 762
8229 769
8230 760
8231 763
8232 769
8233 772
8234 776
8235 767
8236 768
8237 765
8238 757
8239 754
8240 756
8241 749
8242 752
8243 731
8244 751
8245 724
8246 735
8247 749
8248 748
8249 766
8250 763
8251 766
8252 758
8253 746
8254 773
8255 757
8256 773
8257 738
8258 742
8259 737
8260 718
8261 730
8262 732
8263 727
8264 736
8265 719
8266 727
8267 740
8268 732
8269 741
8270 741
8271 726
8272 749
8273 742
8274 736
8275 766
8276 767
8277 749
8278 742
8279 736
8280 765
8281 755
8282 761
8283 740
8284 748
8285 751
8286 762
8287 749
8288 733
8289 743
8290 748
8291 745
8292 745
8293 748
8294 746
8295 726
8296 746
8297 721
8298 744
8299 752
8300 765
8301 775
8302 762
8303 756
8304 771
8305 769
8306 796
8307 756
8308 767
8309 754
8310 747
8311 771
8312 760
8313 765
8314 771
8315 781
8316 769
8317 745
8318 748
8319 732
8320 748
8321 754
8322 743
8323 746
8324 722
8325 758
8326 754
8327 744
8328 738
8329 735
8330 741
8331 767
8332 727
8333 723
8334 727
8335 721
8336 739
8337 733
8338 731
8339 737
8340 737
8341 750
8342 743
8343 759
8344 763
8345 770
8346 770
8347 756
8348 773
8349 792
8350 786
8351 788
8352 774
8353 765
8354 764
8355 753
8356 728
8357 748
8358 762
8359 760
8360 764
8361 756
8362 776
8363 775
8364 759
8365 738
8366 744
8367 751
8368 755
8369 742
8370 767
8371 756
8372 750
8373 756
8374 748
8375 729
8376 728
8377 727
8378 724
8379 756
8380 748
8381 765
8382 753
8383 777
8384 769
8385 755
8386 754
8387 768
8388 759
8389 762
8390 760
8391 756
8392 778
8393 760
8394 750
8395 739
8396 757
8397 756
8398 744
8399 751
8400 746
8401 758
8402 743
8403 756
8404 751
8405 737
8406 732
8407 743
8408 735
8409 746
8410 747
8411 754
8412 753
8413 764
8414 757
8415 754
8416 763
8417 769
8418 773
8419 758
8420 769
8421 749
8422 755
8423 730
8424 761
8425 765
8426 754
8427 769
8428 758
8429 758
8430 744
8431 746
8432 721
8433 726
8434 736
8435 739
8436 758
8437 755
8438 758
8439 749
8440 760
8441 756
8442 753
8443 765
8444 783
8445 770
8446 789
8447 779
8448 748
8449 764
8450 745
8451 759
8452 766
8453 774
8454 765
8455 747
8456 759
8457 751
8458 754
8459 740
8460 755
8461 765
8462 759
8463 771
8464 785
8465 756
8466 774
8467 756
8468 760
8469 761
8470 759
8471 754
8472 739
8473 755
8474 769
8475 745
8476 756
8477 767
8478 759
8479 754
8480 742
8481 757
8482 730
8483 738
8484 759
8485 737
8486 753
8487 760
8488 774
8489 764
8490 760
8491 751
8492 749
8493 740
8494 744
8495 765
8496 777
8497 771
8498 755
8499 755
8500 756
8501 760
8502 762
8503 751
8504 740
8505 752
8506 743
8507 746
8508 734
8509 756
8510 759
8511 750
8512 730
8513 730
8514 758
8515 758
8516 744
8517 746
8518 736
8519 760
8520 741
8521 775
8522 758
8523 777
8524 795
8525 781
8526 776
8527 789
8528 792
8529 793
8530 778
8531 772
8532 763
8533 781
8534 753
8535 736
8536 729
8537 748
8538 739
8539 721
8540 729
8541 744
8542 750
8543 748
8544 762
8545 781
8546 764
8547 754
8548 761
8549 739
8550 766
8551 749
8552 774
8553 759
8554 753
8555 773
8556 760
8557 771
8558 771
8559 763
8560 767
8561 783
8562 751
8563 768
8564 782
8565 778
8566 766
8567 760
8568 766
8569 740
8570 745
8571 736
8572 739
8573 760
8574 778
8575 752
8576 762
8577 747
8578 758
8579 745
8580 746
8581 763
8582 772
8583 755
8584 735
8585 751
8586 745
8587 757
8588 744
8589 755
8590 750
8591 749
8592 750
8593 739
8594 731
8595 734
8596 737
8597 744
8598 748
8599 733
8600 742
8601 730
8602 735
8603 733
8604 727
8605 723
8606 727
8607 740
8608 736
8609 740
8610 712
8611 738
8612 749
8613 743
8614 752
8615 762
8616 762
8617 780
8618 757
8619 760
8620 759
8621 765
8622 756
8623 758
8624 740
8625 744
8626 744
8627 739
8628 717
8629 747
8630 732
8631 753
8632 721
8633 737
8634 717
8635 744
8636 746
8637 735
8638 754
8639 736
8640 732
8641 740
8642 723
8643 744
8644 757
8645 763
8646 762
8647 734
8648 742
8649 747
8650 750
8651 752
8652 756
8653 760
8654 779
8655 753
8656 774
8657 759
8658 764
8659 763
8660 757
8661 768
8662 764
8663 762
8664 748
8665 739
8666 746
8667 736
8668 754
8669 759
8670 764
8671 764
8672 770
8673 779
8674 775
8675 759
8676 758
8677 764
8678 768
8679 761
8680 757
8681 782
8682 761
8683 770
8684 776
8685 778
8686 762
8687 766
8688 756
8689 774
8690 746
8691 763
8692 754
8693 751
8694 743
8695 761
8696 747
8697 765
8698 772
8699 765
8700 794
8701 766
8702 767
8703 764
8704 770
8705 752
8706 739
8707 731
8708 758
8709 752
8710 770
8711 739
8712 767
8713 713
8714 739
8715 726
8716 742
8717 748
8718 747
8719 750
8720 737
8721 726
8722 757
8723 749
8724 757
8725 758
8726 766
8727 748
8728 787
8729 774
8730 762
8731 768
8732 772
8733 764
8734 758
8735 756
8736 764
8737 771
8738 746
8739 767
8740 758
8741 765
8742 795
8743 778
8744 785
8745 773
8746 773
8747 759
8748 762
8749 766
8750 775
8751 768
8752 760
8753 738
8754 732
8755 750
8756 737
8757 734
8758 745
8759 736
8760 747
8761 749
8762 755
8763 739
8764 761
8765 767
8766 781
8767 758
8768 769
8769 759
8770 759
8771 751
8772 741
8773 750
8774 761
8775 766
8776 760
8777 748
8778 764
8779 757
8780 745
8781 752
8782 743
8783 737
8784 741
8785 754
8786 774
8787 780
8788 777
8789 746
8790 751
8791 779
8792 775
8793 765
8794 759
8795 782
8796 757
8797 765
8798 766
8799 746
8800 757
8801 768
8802 767
8803 761
8804 779
8805 767
8806 762
8807 749
8808 752
8809 766
8810 746
8811 769
8812 748
8813 767
8814 752
8815 756
8816 760
8817 740
8818 745
8819 755
8820 746
8821 747
8822 753
8823 760
8824 736
8825 759
8826 745
8827 736
8828 746
8829 759
8830 732
8831 725
8832 730
8833 750
8834 735
8835 753
8836 741
8837 770
8838 764
8839 786
8840 782
8841 763
8842 776
8843 761
8844 769
8845 789
8846 784
8847 778
8848 766
8849 757
8850 764
8851 757
8852 755
8853 768
8854 743
8855 758
8856 764
8857 735
8858 750
8859 727
8860 734
8861 746
8862 746
8863 765
8864 763
8865 760
8866 768
8867 773
8868 756
8869 761
8870 775
8871 773
8872 767
8873 786
8874 777
8875 801
8876 772
8877 777
8878 785
8879 774
8880 777
8881 777
8882 760
8883 760
8884 783
8885 774
8886 791
8887 791
8888 771
8889 767
8890 768
8891 751
8892 761
8893 744
8894 749
8895 751
8896 759
8897 750
8898 743
8899 760
8900 725
8901 742
8902 725
8903 743
8904 753
8905 745
8906 741
8907 753
8908 743
8909 735
8910 729
8911 747
8912 739
8913 752
8914 735
8915 749
8916 739
8917 740
8918 743
8919 758
8920 749
8921 774
8922 757
8923 766
8924 755
8925 747
8926 765
8927 758
8928 743
8929 757
8930 770
8931 752
8932 769
8933 753
8934 775
8935 736
8936 739
8937 720
8938 719
8939 732
8940 739
8941 720
8942 721
8943 732
8944 752
8945 733
8946 772
8947 766
8948 756
8949 762
8950 770
8951 772
8952 758
8953 757
8954 777
8955 760
8956 769
8957 761
8958 787
8959 778
8960 777
8961 776
8962 762
8963 781
8964 788
8965 779
8966 796
8967 779
8968 773
8969 792
8970 788
8971 789
8972 764
8973 771
8974 760
8975 754
8976 737
8977 760
8978 756
8979 749
8980 747
8981 757
8982 765
8983 752
8984 756
8985 756
8986 751
8987 742
8988 752
8989 757
8990 752
8991 748
8992 741
8993 750
8994 763
8995 749
8996 752
8997 731
8998 758
8999 759
9000 752
9001 749
9002 756
9003 750
9004 751
9005 784
9006 792
9007 795
9008 786
9009 791
9010 789
9011 784
9012 777
9013 782
9014 786
9015 792
9016 771
9017 757
9018 740
9019 770
9020 764
9021 758
9022 759
9023 747
9024 756
9025 745
9026 756
9027 734
9028 749
9029 752
9030 750
9031 752
9032 753
9033 749
9034 760
9035 742
9036 744
9037 752
9038 745
9039 774
9040 760
9041 782
9042 783
9043 773
9044 778
9045 763
9046 766
9047 755
9048 766
9049 773
9050 767
9051 762
9052 757
9053 756
9054 778
9055 774
9056 759
9057 776
9058 772
9059 758
9060 757
9061 743
9062 759
9063 738
9064 770
9065 766
9066 752
9067 784
9068 768
9069 778
9070 777
9071 752
9072 777
9073 772
9074 789
9075 778
9076 770
9077 786
9078 773
9079 770
9080 773
9081 762
9082 736
9083 761
9084 774
9085 770
9086 780
9087 766
9088 785
9089 773
9090 782
9091 764
9092 776
9093 792
9094 772
9095 778
9096 779
9097 768
9098 761
9099 769
9100 761
9101 789
9102 754
9103 754
9104 753
9105 765
9106 762
9107 790
9108 763
9109 780
9110 767
9111 773
9112 770
9113 782
9114 771
9115 759
9116 748
9117 757
9118 774
9119 757
9120 747
9121 744
9122 761
9123 756
9124 746
9125 760
9126 755
9127 760
9128 766
9129 765
9130 746
9131 749
9132 748
9133 728
9134 745
9135 744
9136 729
9137 737
9138 734
9139 736
9140 736
9141 743
9142 770
9143 773
9144 774
9145 781
9146 806
9147 780
9148 764
9149 771
9150 784
9151 804
9152 775
9153 768
9154 773
9155 771
9156 773
9157 775
9158 771
9159 742
9160 756
9161 751
9162 736
9163 748
9164 755
9165 769
9166 758
9167 753
9168 769
9169 748
9170 764
9171 737
9172 753
9173 749
9174 762
9175 751
9176 767
9177 763
9178 795
9179 766
9180 776
9181 769
9182 770
9183 769
9184 786
9185 780
9186 772
9187 768
9188 783
9189 756
9190 767
9191 793
9192 786
9193 770
9194 769
9195 760
9196 747
9197 769
9198 749
9199 758
9200 795
9201 792
9202 766
9203 760
9204 770
9205 770
9206 789
9207 777
9208 764
9209 782
9210 772
9211 770
9212 747
9213 755
9214 750
9215 756
9216 743
9217 713
9218 735
9219 736
9220 765
9221 763
9222 788
9223 765
9224 769
9225 757
9226 753
9227 744
9228 763
9229 774
9230 763
9231 765
9232 745
9233 753
9234 745
9235 718
9236 745
9237 733
9238 714
9239 719
9240 753
9241 744
9242 719
9243 730
9244 718
9245 729
9246 726
9247 745
9248 744
9249 762
9250 764
9251 766
9252 759
9253 744
9254 736
9255 733
9256 754
9257 753
9258 750
9259 744
9260 745
9261 733
9262 752
9263 720
9264 746
9265 761
9266 765
9267 756
9268 749
9269 743
9270 732
9271 749
9272 739
9273 746
9274 758
9275 748
9276 752
9277 755
9278 753
9279 760
9280 750
9281 752
9282 753
9283 757
9284 744
9285 741
9286 750
9287 736
9288 777
9289 763
9290 763
9291 774
9292 761
9293 791
9294 780
9295 787
9296 768
9297 749
9298 756
9299 756
9300 753
9301 782
9302 744
9303 746
9304 741
9305 737
9306 754
9307 746
9308 740
9309 755
9310 740
9311 735
9312 749
9313 778
9314 743
9315 742
9316 775
9317 782
9318 759
9319 775
9320 760
9321 778
9322 748
9323 765
9324 754
9325 791
9326 792
9327 763
9328 774
9329 760
9330 774
9331 750
9332 724
9333 743
9334 733
9335 757
9336 757
9337 768
9338 764
9339 761
9340 760
9341 764
9342 756
9343 749
9344 753
9345 759
9346 758
9347 772
9348 785
9349 778
9350 792
9351 788
9352 779
9353 784
9354 776
9355 770
9356 775
9357 747
9358 762
9359 755
9360 769
9361 746
9362 758
9363 759
9364 748
9365 724
9366 771
9367 734
9368 737
9369 747
9370 755
9371 745
9372 729
9373 723
9374 724
9375 716
9376 715
9377 746
9378 748
9379 741
9380 762
9381 759
9382 751
9383 771
9384 763
9385 760
9386 779
9387 769
9388 774
9389 764
9390 767
9391 780
9392 783
9393 768
9394 763
9395 751
9396 764
9397 768
9398 767
9399 764
9400 739
9401 744
9402 733
9403 733
9404 709
9405 699
9406 715
9407 723
9408 747
9409 762
9410 749
9411 758
9412 780
9413 775
9414 746
9415 760
9416 751
9417 737
9418 751
9419 757
9420 774
9421 779
9422 776
9423 767
9424 791
9425 794
9426 769
9427 763
9428 772
9429 748
9430 776
9431 766
9432 759
9433 779
9434 782
9435 764
9436 756
9437 752
9438 741
9439 737
9440 745
9441 758
9442 751
9443 728
9444 745
9445 758
9446 745
9447 731
9448 737
9449 739
9450 738
9451 755
9452 752
9453 745
9454 744
9455 748
9456 741
9457 756
9458 733
9459 738
9460 739
9461 751
9462 746
9463 741
9464 756
9465 737
9466 761
9467 754
9468 738
9469 759
9470 750
9471 758
9472 766
9473 746
9474 729
9475 734
9476 731
9477 738
9478 739
9479 730
9480 744
9481 750
9482 761
9483 764
9484 768
9485 769
9486 768
9487 757
9488 741
9489 768
9490 747
9491 755
9492 745
9493 781
9494 751
9495 776
9496 769
9497 750
9498 726
9499 741
9500 754
9501 755
9502 742
9503 775
9504 749
9505 759
9506 776
9507 745
9508 744
9509 752
9510 748
9511 760
9512 756
9513 754
9514 748
9515 723
9516 736
9517 750
9518 767
9519 758
9520 775
9521 769
9522 744
9523 746
9524 749
9525 741
9526 762
9527 744
9528 748
9529 737
9530 756
9531 743
9532 743
9533 739
9534 765
9535 763
9536 751
9537 729
9538 735
9539 732
9540 743
9541 756
9542 774
9543 767
9544 773
9545 747
9546 764
9547 763
9548 767
9549 745
9550 758
9551 748
9552 768
9553 777
9554 758
9555 778
9556 759
9557 733
9558 736
9559 764
9560 733
9561 758
9562 754
9563 742
9564 756
9565 742
9566 749
9567 739
9568 743
9569 763
9570 744
9571 743
9572 782
9573 759
9574 766
9575 782
9576 772
9577 778
9578 770
9579 770
9580 763
9581 749
9582 750
9583 758
9584 754
9585 742
9586 753
9587 735
9588 753
9589 748
9590 731
9591 764
9592 749
9593 754
9594 759
9595 742
9596 739
9597 740
9598 743
9599 763
9600 768
9601 739
9602 744
9603 753
9604 759
9605 758
9606 752
9607 748
9608 747
9609 751
9610 727
9611 724
9612 744
9613 756
9614 738
9615 743
9616 752
9617 754
9618 738
9619 753
9620 748
9621 753
9622 744
9623 745
9624 747
9625 732
9626 722
9627 737
9628 728
9629 704
9630 729
9631 741
9632 738
9633 727
9634 739
9635 738
9636 763
9637 756
9638 770
9639 739
9640 756
9641 746
9642 746
9643 739
9644 747
9645 757
9646 763
9647 753
9648 737
9649 738
9650 751
9651 758
9652 706
9653 755
9654 740
9655 749
9656 739
9657 746
9658 739
9659 753
9660 745
9661 740
9662 744
9663 724
9664 730
9665 747
9666 742
9667 759
9668 744
9669 750
9670 757
9671 762
9672 746
9673 767
9674 750
9675 764
9676 776
9677 773
9678 765
9679 755
9680 751
9681 747
9682 766
9683 744
9684 752
9685 754
9686 751
9687 773
9688 759
9689 758
9690 780
9691 775
9692 770
9693 778
9694 760
9695 763
9696 743
9697 769
9698 769
9699 763
9700 774
9701 759
9702 760
9703 751
9704 743
9705 756
9706 740
9707 736
9708 745
9709 757
9710 746
9711 742
9712 737
9713 734
9714 751
9715 745
9716 749
9717 735
9718 748
9719 761
9720 781
9721 789
9722 787
9723 788
9724 764
9725 740
9726 753
9727 768
9728 765
9729 758
9730 764
9731 776
9732 774
9733 782
9734 776
9735 774
9736 768
9737 762
9738 769
9739 771
9740 762
9741 761
9742 745
9743 755
9744 779
9745 752
9746 775
9747 757
9748 762
9749 760
9750 741
9751 750
9752 745
9753 749
9754 756
9755 755
9756 749
9757 749
9758 765
9759 777
9760 767
9761 772
9762 752
9763 742
9764 763
9765 745
9766 748
9767 748
9768 738
9769 732
9770 711
9771 737
9772 740
9773 752
9774 740
9775 753
9776 736
9777 716
9778 751
9779 763
9780 755
9781 754
9782 731
9783 751
9784 759
9785 774
9786 752
9787 766
9788 773
9789 768
9790 773
9791 790
9792 781
9793 756
9794 761
9795 759
9796 763
9797 777
9798 768
9799 781
9800 775
9801 763
9802 780
9803 798
9804 783
9805 783
9806 804
9807 784
9808 774
9809 762
9810 753
9811 752
9812 758
9813 732
9814 755
9815 764
9816 767
9817 750
9818 742
9819 751
9820 731
9821 733
9822 753
9823 717
9824 728
9825 723
9826 725
9827 705
9828 726
9829 717
9830 708
9831 711
9832 718
9833 729
9834 742
9835 740
9836 730
9837 741
9838 732
9839 729
9840 713
9841 747
9842 744
9843 742
9844 746
9845 754
9846 762
9847 772
9848 757
9849 728
9850 737
9851 738
9852 749
9853 754
9854 741
9855 740
9856 737
9857 744
9858 748
9859 755
9860 733
9861 722
9862 728
9863 746
9864 743
9865 734
9866 747
9867 743
9868 761
9869 750
9870 757
9871 747
9872 733
9873 748
9874 726
9875 747
9876 762
9877 758
9878 767
9879 760
9880 768
9881 764
9882 766
9883 770
9884 770
9885 780
9886 775
9887 761
9888 738
9889 778
9890 793
9891 770
9892 781
9893 783
9894 751
9895 762
9896 772
9897 726
9898 748
9899 761
9900 763
9901 754
9902 760
9903 765
9904 761
9905 769
9906 747
9907 766
9908 770
9909 760
9910 752
9911 745
9912 756
9913 737
9914 770
9915 742
9916 748
9917 757
9918 766
9919 740
9920 745
9921 744
9922 734
9923 738
9924 734
9925 741
9926 735
9927 757
9928 746
9929 753
9930 753
9931 746
9932 747
9933 761
9934 744
9935 779
9936 783
9937 770
9938 749
9939 755
9940 767
9941 773
9942 775
9943 781
9944 777
9945 774
9946 762
9947 763
9948 755
9949 771
9950 771
9951 767
9952 756
9953 746
9954 758
9955 743
9956 733
9957 758
9958 771
9959 743
9960 762
9961 740
9962 739
9963 770
9964 756
9965 779
9966 752
9967 737
9968 772
9969 749
9970 746
9971 742
9972 746
9973 752
9974 767
9975 761
9976 775
9977 764
9978 764
9979 763
9980 775
9981 774
9982 770
9983 765
9984 774
9985 772
9986 767
9987 737
9988 754
9989 748
9990 735
9991 740
9992 750
9993 750
9994 737
9995 749
9996 738
9997 751
9998 753
9999 746
