0 10
1 8
2 8
3 7
4 8
5 6
6 7
7 5
8 7
9 7
10 7
11 5
12 6
13 7
14 5
15 6
16 6
17 3
18 1
19 5
20 7
21 6
22 4
23 4
24 3
25 1
26 4
27 2
28 1
29 1
30 3
31 3
32 4
33 5
34 5
35 9
36 6
37 7
38 7
39 5
40 5
41 7
42 6
43 7
44 10
45 9
46 8
47 10
48 12
49 12
50 10
51 11
52 12
53 13
54 14
55 14
56 13
57 14
58 13
59 13
60 12
61 14
62 14
63 12
64 11
65 10
66 12
67 12
68 12
69 11
70 13
71 13
72 14
73 14
74 13
75 11
76 12
77 14
78 14
79 13
80 13
81 11
82 12
83 12
84 14
85 11
86 10
87 9
88 10
89 8
90 9
91 7
92 8
93 8
94 9
95 10
96 11
97 9
98 11
99 11
100 11
101 11
102 13
103 14
104 12
105 15
106 12
107 11
108 11
109 11
110 11
111 11
112 10
113 10
114 10
115 9
116 8
117 7
118 8
119 7
120 8
121 6
122 5
123 5
124 4
125 3
126 4
127 4
128 4
129 5
130 4
131 5
132 5
133 4
134 5
135 4
136 6
137 5
138 6
139 5
140 7
141 5
142 4
143 6
144 4
145 5
146 5
147 5
148 4
149 4
150 4
151 4
152 4
153 2
154 2
155 1
156 5
157 4
158 3
159 3
160 3
161 3
162 2
163 2
164 3
165 2
166 3
167 4
168 3
169 2
170 4
171 1
172 4
173 4
174 7
175 7
176 6
177 7
178 8
179 11
180 9
181 9
182 8
183 10
184 10
185 8
186 8
187 8
188 8
189 7
190 6
191 4
192 3
193 5
194 4
195 1
196 1
197 3
198 1
199 4
200 3
201 3
202 3
203 2
204 4
205 3
206 2
207 2
208 3
209 3
210 2
211 2
212 3
213 4
214 2
215 1
216 2
217 3
218 2
219 4
220 2
221 3
222 3
223 0
224 5
225 4
226 5
227 6
228 5
229 6
230 4
231 6
232 4
233 5
234 5
235 5
236 4
237 5
238 5
239 6
240 8
241 8
242 5
243 5
244 4
245 4
246 6
247 3
248 4
249 2
250 1
251 3
252 3
253 3
254 4
255 5
256 5
257 5
258 6
259 6
260 4
261 2
262 1
263 4
264 4
265 1
266 2
267 1
268 3
269 4
270 4
271 4
272 4
273 7
274 7
275 7
276 7
277 7
278 8
279 5
280 6
281 8
282 8
283 7
284 7
285 6
286 4
287 5
288 6
289 5
290 3
291 2
292 4
293 5
294 6
295 6
296 6
297 5
298 5
299 2
300 2
301 3
302 4
303 5
304 4
305 4
306 6
307 8
308 7
309 7
310 8
311 10
312 10
313 10
314 10
315 9
316 11
317 11
318 10
319 10
320 9
321 8
322 5
323 3
324 2
325 1
326 2
327 2
328 1
329 2
330 3
331 2
332 1
333 3
334 3
335 2
336 2
337 2
338 2
339 3
340 1
341 2
342 4
343 3
344 3
345 1
346 2
347 2
348 2
349 3
350 3
351 3
352 5
353 6
354 3
355 0
356 4
357 6
358 4
359 4
360 4
361 5
362 6
363 9
364 9
365 10
366 10
367 11
368 12
369 12
370 12
371 13
372 12
373 12
374 10
375 9
376 10
377 12
378 11
379 11
380 12
381 10
382 12
383 11
384 11
385 13
386 11
387 14
388 18
389 15
390 12
391 11
392 10
393 8
394 8
395 7
396 5
397 7
398 8
399 5
400 6
401 5
402 4
403 7
404 7
405 7
406 7
407 9
408 11
409 11
410 11
411 10
412 11
413 12
414 10
415 9
416 7
417 6
418 5
419 3
420 2
421 4
422 1
423 2
424 3
425 2
426 2
427 4
428 5
429 6
430 5
431 4
432 4
433 6
434 4
435 3
436 4
437 3
438 3
439 5
440 5
441 3
442 4
443 4
444 3
445 3
446 3
447 0
448 2
449 3
450 2
451 1
452 3
453 3
454 2
455 3
456 3
457 4
458 5
459 3
460 2
461 4
462 4
463 2
464 4
465 3
466 2
467 4
468 3
469 4
470 4
471 5
472 6
473 4
474 3
475 3
476 4
477 4
478 5
479 5
480 6
481 8
482 8
483 8
484 5
485 7
486 8
487 6
488 6
489 7
490 8
491 9
492 8
493 9
494 11
495 10
496 10
497 8
498 8
499 8
500 6
501 8
502 6
503 6
504 5
505 4
506 5
507 5
508 5
509 4
510 4
511 5
512 6
513 5
514 4
515 4
516 4
517 5
518 8
519 7
520 6
521 7
522 7
523 6
524 7
525 7
526 6
527 6
528 9
529 9
530 10
531 10
532 11
533 12
534 13
535 11
536 10
537 9
538 9
539 9
540 9
541 8
542 8
543 9
544 10
545 10
546 9
547 9
548 10
549 9
550 9
551 7
552 5
553 4
554 4
555 4
556 4
557 5
558 4
559 6
560 5
561 6
562 7
563 7
564 8
565 7
566 8
567 10
568 9
569 7
570 6
571 6
572 7
573 6
574 7
575 5
576 6
577 7
578 8
579 9
580 8
581 5
582 3
583 1
584 2
585 2
586 4
587 3
588 5
589 7
590 6
591 7
592 8
593 7
594 7
595 9
596 9
597 10
598 9
599 10
600 11
601 13
602 12
603 11
604 15
605 12
606 11
607 10
608 10
609 10
610 11
611 11
612 13
613 13
614 13
615 13
616 11
617 9
618 7
619 8
620 6
621 5
622 3
623 3
624 3
625 3
626 2
627 3
628 3
629 2
630 1
631 2
632 2
633 3
634 1
635 4
636 3
637 3
638 3
639 5
640 6
641 7
642 7
643 9
644 10
645 9
646 9
647 7
648 6
649 6
650 7
651 6
652 5
653 3
654 3
655 2
656 2
657 4
658 2
659 3
660 2
661 1
662 4
663 4
664 1
665 1
666 2
667 3
668 1
669 2
670 4
671 5
672 5
673 6
674 7
675 7
676 5
677 3
678 3
679 1
680 2
681 2
682 2
683 1
684 2
685 3
686 3
687 3
688 5
689 5
690 5
691 5
692 3
693 4
694 3
695 5
696 5
697 4
698 2
699 2
700 2
701 1
702 3
703 4
704 2
705 2
706 3
707 2
708 3
709 3
710 2
711 4
712 3
713 4
714 4
715 1
716 3
717 1
718 3
719 3
720 5
721 4
722 2
723 3
724 7
725 5
726 7
727 5
728 6
729 6
730 5
731 5
732 4
733 3
734 1
735 2
736 4
737 5
738 5
739 6
740 4
741 4
742 5
743 5
744 2
745 0
746 1
747 2
748 1
749 0
750 2
751 2
752 1
753 2
754 2
755 4
756 3
757 3
758 6
759 7
760 5
761 3
762 3
763 5
764 7
765 6
766 6
767 8
768 8
769 6
770 4
771 4
772 6
773 5
774 5
775 4
776 4
777 7
778 9
779 10
780 8
781 6
782 7
783 7
784 7
785 9
786 11
787 12
788 12
789 13
790 14
791 14
792 13
793 15
794 12
795 12
796 10
797 10
798 11
799 10
800 10
801 11
802 11
803 12
804 12
805 13
806 14
807 14
808 14
809 13
810 14
811 15
812 12
813 11
814 9
815 8
816 9
817 8
818 8
819 8
820 7
821 7
822 8
823 11
824 11
825 13
826 16
827 13
828 13
829 12
830 13
831 13
832 14
833 15
834 12
835 11
836 12
837 11
838 11
839 8
840 9
841 6
842 6
843 6
844 7
845 8
846 9
847 11
848 11
849 11
850 11
851 10
852 9
853 8
854 10
855 8
856 6
857 8
858 9
859 11
860 12
861 12
862 13
863 14
864 16
865 13
866 11
867 10
868 7
869 5
870 7
871 5
872 4
873 3
874 2
875 1
876 4
877 5
878 5
879 3
880 0
881 2
882 3
883 3
884 1
885 4
886 6
887 8
888 9
889 6
890 7
891 8
892 9
893 7
894 5
895 5
896 5
897 4
898 3
899 2
900 2
901 4
902 5
903 6
904 7
905 6
906 5
907 3
908 4
909 5
910 6
911 6
912 5
913 6
914 7
915 6
916 8
917 10
918 10
919 11
920 13
921 13
922 12
923 10
924 12
925 14
926 14
927 12
928 11
929 8
930 7
931 4
932 5
933 6
934 6
935 7
936 8
937 8
938 8
939 6
940 7
941 6
942 7
943 4
944 5
945 2
946 1
947 2
948 4
949 2
950 2
951 1
952 3
953 1
954 1
955 4
956 3
957 5
958 6
959 3
960 1
961 3
962 2
963 2
964 1
965 0
966 3
967 6
968 5
969 5
970 4
971 2
972 5
973 6
974 4
975 5
976 4
977 2
978 3
979 4
980 5
981 4
982 2
983 5
984 6
985 7
986 7
987 7
988 8
989 10
990 8
991 8
992 8
993 6
994 6
995 8
996 7
997 7
998 6
999 7
1000 6
1001 9
1002 11
1003 12
1004 11
1005 13
1006 11
1007 10
1008 12
1009 12
1010 13
1011 12
1012 10
1013 9
1014 8
1015 8
1016 8
1017 9
1018 9
1019 8
1020 9
1021 11
1022 12
1023 11
1024 11
1025 11
1026 12
1027 14
1028 15
1029 12
1030 12
1031 13
1032 14
1033 14
1034 13
1035 12
1036 10
1037 13
1038 12
1039 10
1040 10
1041 9
1042 8
1043 6
1044 5
1045 7
1046 8
1047 7
1048 9
1049 10
1050 9
1051 11
1052 9
1053 11
1054 8
1055 9
1056 8
1057 8
1058 7
1059 7
1060 7
1061 6
1062 6
1063 6
1064 4
1065 6
1066 5
1067 4
1068 6
1069 6
1070 4
1071 7
1072 6
1073 4
1074 2
1075 3
1076 5
1077 5
1078 5
1079 6
1080 8
1081 8
1082 9
1083 8
1084 6
1085 9
1086 8
1087 7
1088 6
1089 4
1090 3
1091 3
1092 4
1093 2
1094 2
1095 1
1096 5
1097 5
1098 6
1099 5
1100 3
1101 4
1102 2
1103 3
1104 4
1105 4
1106 4
1107 4
1108 6
1109 5
1110 4
1111 3
1112 1
1113 3
1114 1
1115 2
1116 1
1117 1
1118 5
1119 3
1120 1
1121 1
1122 2
1123 2
1124 3
1125 4
1126 3
1127 1
1128 4
1129 3
1130 4
1131 3
1132 5
1133 6
1134 6
1135 4
1136 3
1137 3
1138 3
1139 3
1140 3
1141 2
1142 3
1143 4
1144 3
1145 2
1146 1
1147 2
1148 1
1149 2
1150 2
1151 1
1152 5
1153 3
1154 2
1155 5
1156 5
1157 6
1158 5
1159 3
1160 2
1161 4
1162 4
1163 5
1164 4
1165 5
1166 4
1167 4
1168 4
1169 2
1170 2
1171 5
1172 2
1173 5
1174 4
1175 4
1176 4
1177 4
1178 4
1179 4
1180 4
1181 3
1182 2
1183 2
1184 2
1185 4
1186 3
1187 4
1188 3
1189 3
1190 2
1191 4
1192 2
1193 2
1194 2
1195 2
1196 4
1197 3
1198 6
1199 5
1200 6
1201 8
1202 8
1203 8
1204 8
1205 8
1206 8
1207 7
1208 7
1209 5
1210 4
1211 3
1212 3
1213 4
1214 2
1215 2
1216 2
1217 0
1218 2
1219 4
1220 2
1221 2
1222 2
1223 3
1224 2
1225 1
1226 3
1227 3
1228 2
1229 3
1230 4
1231 3
1232 4
1233 3
1234 2
1235 2
1236 3
1237 2
1238 5
1239 2
1240 2
1241 3
1242 4
1243 3
1244 3
1245 5
1246 3
1247 3
1248 3
1249 2
1250 3
1251 2
1252 2
1253 5
1254 4
1255 5
1256 4
1257 4
1258 5
1259 5
1260 5
1261 2
1262 0
1263 3
1264 2
1265 2
1266 4
1267 2
1268 3
1269 2
1270 2
1271 3
1272 1
1273 2
1274 0
1275 2
1276 1
1277 2
1278 4
1279 1
1280 3
1281 3
1282 0
1283 3
1284 2
1285 2
1286 4
1287 4
1288 5
1289 4
1290 4
1291 6
1292 7
1293 6
1294 6
1295 6
1296 7
1297 8
1298 6
1299 7
1300 8
1301 8
1302 7
1303 6
1304 5
1305 5
1306 4
1307 2
1308 3
1309 1
1310 3
1311 5
1312 4
1313 5
1314 5
1315 5
1316 6
1317 8
1318 9
1319 9
1320 10
1321 10
1322 9
1323 9
1324 10
1325 11
1326 11
1327 10
1328 9
1329 7
1330 5
1331 5
1332 4
1333 3
1334 2
1335 2
1336 1
1337 1
1338 2
1339 0
1340 1
1341 2
1342 3
1343 2
1344 2
1345 2
1346 3
1347 1
1348 0
1349 1
1350 6
1351 6
1352 5
1353 5
1354 3
1355 0
1356 2
1357 3
1358 1
1359 0
1360 3
1361 5
1362 5
1363 3
1364 2
1365 2
1366 2
1367 2
1368 2
1369 3
1370 2
1371 3
1372 2
1373 3
1374 0
1375 3
1376 3
1377 0
1378 4
1379 5
1380 2
1381 2
1382 2
1383 4
1384 3
1385 1
1386 1
1387 2
1388 1
1389 0
1390 3
1391 3
1392 3
1393 3
1394 2
1395 1
1396 3
1397 4
1398 5
1399 5
1400 3
1401 2
1402 3
1403 2
1404 5
1405 5
1406 4
1407 2
1408 2
1409 0
1410 5
1411 6
1412 7
1413 5
1414 3
1415 1
1416 4
1417 2
1418 3
1419 4
1420 6
1421 4
1422 3
1423 3
1424 2
1425 3
1426 1
1427 1
1428 3
1429 3
1430 1
1431 1
1432 5
1433 5
1434 7
1435 5
1436 6
1437 7
1438 7
1439 8
1440 10
1441 11
1442 11
1443 10
1444 12
1445 14
1446 12
1447 12
1448 13
1449 13
1450 12
1451 12
1452 13
1453 13
1454 13
1455 12
1456 13
1457 13
1458 14
1459 13
1460 16
1461 13
1462 12
1463 11
1464 11
1465 11
1466 9
1467 9
1468 9
1469 12
1470 14
1471 14
1472 14
1473 16
1474 13
1475 14
1476 13
1477 13
1478 11
1479 10
1480 10
1481 8
1482 9
1483 7
1484 8
1485 9
1486 12
1487 10
1488 10
1489 10
1490 9
1491 9
1492 9
1493 8
1494 9
1495 11
1496 12
1497 12
1498 11
1499 13
1500 14
1501 14
1502 16
1503 13
1504 13
1505 12
1506 11
1507 10
1508 9
1509 9
1510 9
1511 9
1512 7
1513 6
1514 7
1515 7
1516 11
1517 12
1518 14
1519 13
1520 12
1521 10
1522 8
1523 6
1524 4
1525 3
1526 4
1527 2
1528 1
1529 1
1530 5
1531 4
1532 8
1533 8
1534 7
1535 9
1536 9
1537 9
1538 7
1539 10
1540 9
1541 9
1542 7
1543 7
1544 9
1545 8
1546 8
1547 7
1548 7
1549 6
1550 7
1551 6
1552 5
1553 4
1554 4
1555 3
1556 2
1557 3
1558 1
1559 3
1560 3
1561 3
1562 0
1563 2
1564 1
1565 3
1566 1
1567 3
1568 3
1569 2
1570 2
1571 4
1572 4
1573 5
1574 6
1575 6
1576 8
1577 7
1578 8
1579 7
1580 7
1581 10
1582 9
1583 8
1584 6
1585 5
1586 6
1587 6
1588 7
1589 6
1590 4
1591 4
1592 3
1593 4
1594 5
1595 2
1596 4
1597 1
1598 6
1599 6
1600 6
1601 7
1602 7
1603 5
1604 8
1605 7
1606 6
1607 5
1608 5
1609 5
1610 5
1611 3
1612 3
1613 2
1614 5
1615 4
1616 4
1617 3
1618 3
1619 1
1620 2
1621 2
1622 1
1623 1
1624 2
1625 2
1626 4
1627 1
1628 4
1629 3
1630 4
1631 5
1632 4
1633 4
1634 5
1635 4
1636 3
1637 6
1638 4
1639 2
1640 1
1641 3
1642 3
1643 2
1644 3
1645 0
1646 3
1647 4
1648 4
1649 4
1650 4
1651 6
1652 6
1653 8
1654 7
1655 8
1656 6
1657 5
1658 5
1659 5
1660 4
1661 3
1662 0
1663 0
1664 5
1665 5
1666 4
1667 2
1668 4
1669 5
1670 7
1671 7
1672 7
1673 7
1674 6
1675 6
1676 6
1677 3
1678 2
1679 2
1680 1
1681 3
1682 2
1683 5
1684 3
1685 2
1686 1
1687 3
1688 3
1689 2
1690 3
1691 3
1692 3
1693 4
1694 5
1695 5
1696 6
1697 8
1698 10
1699 10
1700 10
1701 10
1702 7
1703 9
1704 9
1705 8
1706 7
1707 7
1708 6
1709 6
1710 5
1711 5
1712 4
1713 5
1714 5
1715 4
1716 4
1717 3
1718 4
1719 2
1720 3
1721 2
1722 2
1723 3
1724 4
1725 3
1726 5
1727 6
1728 5
1729 4
1730 4
1731 4
1732 2
1733 2
1734 2
1735 1
1736 1
1737 4
1738 2
1739 2
1740 0
1741 3
1742 4
1743 3
1744 3
1745 4
1746 3
1747 2
1748 5
1749 4
1750 6
1751 4
1752 4
1753 3
1754 4
1755 3
1756 3
1757 1
1758 1
1759 1
1760 4
1761 4
1762 4
1763 3
1764 1
1765 3
1766 2
1767 3
1768 2
1769 2
1770 2
1771 3
1772 3
1773 2
1774 3
1775 3
1776 2
1777 1
1778 3
1779 2
1780 3
1781 1
1782 1
1783 5
1784 4
1785 2
1786 2
1787 3
1788 1
1789 3
1790 4
1791 7
1792 4
1793 3
1794 4
1795 4
1796 4
1797 3
1798 2
1799 3
1800 3
1801 1
1802 2
1803 3
1804 5
1805 6
1806 4
1807 3
1808 3
1809 4
1810 3
1811 2
1812 4
1813 1
1814 1
1815 1
1816 2
1817 4
1818 2
1819 2
1820 2
1821 2
1822 3
1823 4
1824 5
1825 4
1826 3
1827 1
1828 3
1829 3
1830 2
1831 5
1832 5
1833 4
1834 2
1835 1
1836 2
1837 0
1838 1
1839 1
1840 0
1841 4
1842 5
1843 5
1844 2
1845 3
1846 5
1847 2
1848 3
1849 2
1850 2
1851 2
1852 3
1853 3
1854 4
1855 4
1856 4
1857 1
1858 3
1859 2
1860 2
1861 3
1862 2
1863 3
1864 2
1865 3
1866 2
1867 2
1868 4
1869 3
1870 2
1871 2
1872 3
1873 3
1874 2
1875 2
1876 2
1877 1
1878 4
1879 2
1880 0
1881 1
1882 1
1883 4
1884 2
1885 2
1886 2
1887 3
1888 5
1889 4
1890 6
1891 6
1892 7
1893 6
1894 6
1895 6
1896 8
1897 7
1898 9
1899 9
1900 10
1901 10
1902 9
1903 7
1904 7
1905 6
1906 6
1907 7
1908 8
1909 8
1910 8
1911 6
1912 7
1913 6
1914 7
1915 7
1916 8
1917 8
1918 8
1919 9
1920 9
1921 8
1922 9
1923 9
1924 7
1925 9
1926 10
1927 10
1928 11
1929 10
1930 10
1931 11
1932 12
1933 12
1934 14
1935 15
1936 12
1937 12
1938 12
1939 14
1940 14
1941 15
1942 12
1943 12
1944 12
1945 10
1946 13
1947 12
1948 11
1949 10
1950 7
1951 9
1952 9
1953 10
1954 9
1955 6
1956 8
1957 12
1958 12
1959 13
1960 14
1961 13
1962 11
1963 9
1964 7
1965 7
1966 6
1967 5
1968 4
1969 2
1970 3
1971 2
1972 3
1973 1
1974 1
1975 3
1976 2
1977 2
1978 4
1979 4
1980 4
1981 2
1982 2
1983 2
1984 2
1985 4
1986 5
1987 5
1988 5
1989 6
1990 5
1991 7
1992 8
1993 10
1994 8
1995 5
1996 4
1997 4
1998 5
1999 4
2000 4
2001 3
2002 2
2003 3
2004 2
2005 1
2006 1
2007 3
2008 4
2009 4
2010 4
2011 3
2012 5
2013 4
2014 3
2015 2
2016 1
2017 2
2018 2
2019 4
2020 6
2021 8
2022 10
2023 11
2024 12
2025 11
2026 11
2027 11
2028 12
2029 14
2030 16
2031 13
2032 12
2033 12
2034 14
2035 14
2036 14
2037 14
2038 14
2039 14
2040 14
2041 13
2042 12
2043 11
2044 9
2045 8
2046 9
2047 10
2048 9
2049 10
2050 11
2051 13
2052 13
2053 13
2054 14
2055 13
2056 13
2057 13
2058 12
2059 12
2060 14
2061 14
2062 14
2063 16
2064 13
2065 13
2066 11
2067 11
2068 9
2069 10
2070 11
2071 12
2072 12
2073 11
2074 13
2075 13
2076 12
2077 12
2078 12
2079 14
2080 15
2081 12
2082 12
2083 14
2084 11
2085 13
2086 12
2087 10
2088 11
2089 15
2090 12
2091 11
2092 11
2093 12
2094 11
2095 11
2096 12
2097 14
2098 14
2099 14
2100 14
2101 14
2102 13
2103 13
2104 14
2105 15
2106 12
2107 11
2108 9
2109 8
2110 9
2111 8
2112 10
2113 12
2114 14
2115 17
2116 14
2117 16
2118 13
2119 13
2120 12
2121 11
2122 11
2123 12
2124 13
2125 11
2126 10
2127 10
2128 9
2129 9
2130 8
2131 9
2132 7
2133 6
2134 6
2135 9
2136 10
2137 11
2138 12
2139 13
2140 14
2141 15
2142 12
2143 12
2144 12
2145 14
2146 13
2147 11
2148 11
2149 12
2150 11
2151 13
2152 13
2153 14
2154 11
2155 9
2156 10
2157 12
2158 12
2159 10
2160 8
2161 9
2162 13
2163 11
2164 11
2165 12
2166 10
2167 11
2168 12
2169 12
2170 11
2171 11
2172 10
2173 8
2174 8
2175 10
2176 9
2177 10
2178 10
2179 12
2180 11
2181 10
2182 8
2183 6
2184 6
2185 7
2186 6
2187 6
2188 5
2189 6
2190 6
2191 6
2192 4
2193 5
2194 5
2195 7
2196 6
2197 5
2198 5
2199 5
2200 3
2201 3
2202 1
2203 1
2204 4
2205 3
2206 2
2207 2
2208 1
2209 4
2210 4
2211 4
2212 3
2213 3
2214 8
2215 7
2216 6
2217 6
2218 4
2219 4
2220 7
2221 7
2222 7
2223 4
2224 4
2225 2
2226 2
2227 3
2228 3
2229 3
2230 3
2231 2
2232 1
2233 1
2234 1
2235 2
2236 3
2237 3
2238 5
2239 5
2240 3
2241 3
2242 3
2243 3
2244 2
2245 3
2246 3
2247 2
2248 4
2249 3
2250 3
2251 4
2252 2
2253 4
2254 6
2255 4
2256 3
2257 4
2258 5
2259 6
2260 4
2261 7
2262 7
2263 8
2264 9
2265 8
2266 8
2267 8
2268 7
2269 5
2270 4
2271 4
2272 2
2273 5
2274 6
2275 7
2276 8
2277 7
2278 7
2279 8
2280 5
2281 5
2282 5
2283 3
2284 3
2285 4
2286 5
2287 4
2288 3
2289 0
2290 1
2291 2
2292 1
2293 3
2294 2
2295 1
2296 2
2297 2
2298 3
2299 5
2300 6
2301 8
2302 7
2303 8
2304 7
2305 7
2306 5
2307 4
2308 5
2309 4
2310 1
2311 1
2312 0
2313 2
2314 0
2315 2
2316 3
2317 3
2318 3
2319 2
2320 5
2321 3
2322 1
2323 2
2324 3
2325 3
2326 1
2327 3
2328 1
2329 4
2330 2
2331 1
2332 2
2333 3
2334 2
2335 3
2336 2
2337 2
2338 3
2339 7
2340 6
2341 7
2342 9
2343 10
2344 10
2345 8
2346 7
2347 5
2348 6
2349 6
2350 6
2351 5
2352 4
2353 4
2354 4
2355 6
2356 6
2357 5
2358 5
2359 5
2360 4
2361 3
2362 7
2363 7
2364 6
2365 4
2366 2
2367 3
2368 3
2369 0
2370 3
2371 0
2372 1
2373 1
2374 5
2375 4
2376 3
2377 3
2378 5
2379 4
2380 6
2381 6
2382 6
2383 4
2384 4
2385 1
2386 2
2387 4
2388 2
2389 2
2390 3
2391 3
2392 4
2393 3
2394 6
2395 6
2396 8
2397 8
2398 8
2399 8
2400 8
2401 7
2402 7
2403 5
2404 5
2405 6
2406 7
2407 7
2408 8
2409 8
2410 7
2411 6
2412 5
2413 4
2414 6
2415 9
2416 10
2417 8
2418 8
2419 7
2420 9
2421 11
2422 10
2423 8
2424 6
2425 8
2426 6
2427 6
2428 5
2429 4
2430 2
2431 3
2432 2
2433 7
2434 7
2435 9
2436 9
2437 6
2438 5
2439 7
2440 8
2441 8
2442 8
2443 8
2444 7
2445 6
2446 5
2447 5
2448 5
2449 5
2450 4
2451 3
2452 3
2453 4
2454 2
2455 2
2456 1
2457 0
2458 4
2459 4
2460 5
2461 6
2462 7
2463 8
2464 9
2465 11
2466 11
2467 10
2468 9
2469 9
2470 8
2471 6
2472 6
2473 5
2474 4
2475 5
2476 4
2477 3
2478 5
2479 3
2480 3
2481 2
2482 3
2483 6
2484 7
2485 5
2486 4
2487 4
2488 3
2489 4
2490 6
2491 7
2492 6
2493 5
2494 4
2495 2
2496 3
2497 1
2498 1
2499 4
2500 2
2501 1
2502 5
2503 6
2504 6
2505 6
2506 6
2507 4
2508 3
2509 2
2510 1
2511 1
2512 1
2513 2
2514 2
2515 2
2516 4
2517 6
2518 5
2519 6
2520 6
2521 4
2522 6
2523 7
2524 8
2525 7
2526 7
2527 8
2528 8
2529 9
2530 10
2531 11
2532 12
2533 9
2534 8
2535 10
2536 10
2537 11
2538 10
2539 7
2540 6
2541 6
2542 6
2543 6
2544 5
2545 4
2546 7
2547 8
2548 8
2549 7
2550 6
2551 5
2552 5
2553 5
2554 4
2555 4
2556 3
2557 1
2558 1
2559 0
2560 2
2561 1
2562 1
2563 4
2564 5
2565 4
2566 4
2567 5
2568 3
2569 0
2570 3
2571 2
2572 3
2573 2
2574 3
2575 2
2576 4
2577 5
2578 5
2579 5
2580 5
2581 6
2582 6
2583 6
2584 6
2585 6
2586 7
2587 9
2588 11
2589 10
2590 11
2591 11
2592 11
2593 10
2594 9
2595 9
2596 11
2597 10
2598 11
2599 11
2600 10
2601 9
2602 9
2603 9
2604 11
2605 11
2606 9
2607 9
2608 9
2609 9
2610 10
2611 8
2612 10
2613 11
2614 11
2615 11
2616 10
2617 9
2618 8
2619 9
2620 8
2621 9
2622 7
2623 7
2624 6
2625 9
2626 10
2627 10
2628 11
2629 12
2630 11
2631 13
2632 13
2633 13
2634 12
2635 12
2636 13
2637 15
2638 12
2639 11
2640 10
2641 12
2642 13
2643 13
2644 14
2645 15
2646 12
2647 13
2648 12
2649 14
2650 14
2651 14
2652 13
2653 12
2654 13
2655 13
2656 13
2657 13
2658 11
2659 11
2660 11
2661 10
2662 11
2663 10
2664 8
2665 5
2666 3
2667 3
2668 1
2669 4
2670 4
2671 5
2672 4
2673 4
2674 3
2675 3
2676 1
2677 2
2678 5
2679 6
2680 6
2681 7
2682 7
2683 7
2684 7
2685 5
2686 5
2687 8
2688 7
2689 8
2690 9
2691 9
2692 10
2693 12
2694 11
2695 10
2696 8
2697 8
2698 7
2699 7
2700 5
2701 4
2702 5
2703 5
2704 4
2705 2
2706 2
2707 4
2708 2
2709 4
2710 5
2711 3
2712 1
2713 1
2714 4
2715 2
2716 4
2717 5
2718 4
2719 2
2720 3
2721 4
2722 2
2723 5
2724 5
2725 6
2726 7
2727 6
2728 6
2729 8
2730 10
2731 9
2732 8
2733 8
2734 8
2735 9
2736 9
2737 9
2738 11
2739 12
2740 10
2741 8
2742 8
2743 9
2744 9
2745 7
2746 9
2747 11
2748 10
2749 10
2750 10
2751 9
2752 10
2753 9
2754 7
2755 6
2756 6
2757 4
2758 4
2759 4
2760 3
2761 0
2762 2
2763 4
2764 5
2765 6
2766 8
2767 8
2768 9
2769 10
2770 10
2771 10
2772 10
2773 12
2774 11
2775 12
2776 12
2777 12
2778 12
2779 14
2780 15
2781 12
2782 13
2783 16
2784 13
2785 14
2786 15
2787 12
2788 11
2789 10
2790 11
2791 11
2792 13
2793 13
2794 15
2795 12
2796 14
2797 14
2798 14
2799 13
2800 13
2801 14
2802 14
2803 14
2804 14
2805 16
2806 13
2807 12
2808 14
2809 13
2810 13
2811 12
2812 12
2813 10
2814 7
2815 6
2816 4
2817 2
2818 5
2819 6
2820 5
2821 6
2822 7
2823 6
2824 5
2825 5
2826 5
2827 4
2828 5
2829 5
2830 4
2831 6
2832 5
2833 6
2834 4
2835 3
2836 3
2837 2
2838 2
2839 3
2840 5
2841 4
2842 4
2843 3
2844 2
2845 5
2846 6
2847 6
2848 5
2849 6
2850 5
2851 3
2852 1
2853 2
2854 2
2855 3
2856 5
2857 4
2858 3
2859 4
2860 4
2861 2
2862 2
2863 2
2864 5
2865 5
2866 5
2867 7
2868 7
2869 5
2870 7
2871 6
2872 4
2873 4
2874 6
2875 5
2876 4
2877 2
2878 2
2879 3
2880 5
2881 7
2882 9
2883 9
2884 7
2885 7
2886 5
2887 8
2888 10
2889 10
2890 10
2891 9
2892 9
2893 9
2894 9
2895 9
2896 10
2897 9
2898 9
2899 7
2900 5
2901 5
2902 5
2903 4
2904 4
2905 6
2906 5
2907 4
2908 3
2909 3
2910 1
2911 2
2912 6
2913 3
2914 2
2915 2
2916 0
2917 3
2918 6
2919 6
2920 5
2921 3
2922 2
2923 5
2924 6
2925 8
2926 6
2927 5
2928 3
2929 3
2930 2
2931 4
2932 2
2933 2
2934 2
2935 1
2936 2
2937 2
2938 3
2939 3
2940 3
2941 0
2942 3
2943 4
2944 4
2945 3
2946 1
2947 4
2948 3
2949 1
2950 3
2951 0
2952 3
2953 2
2954 1
2955 2
2956 4
2957 2
2958 1
2959 4
2960 4
2961 2
2962 5
2963 5
2964 6
2965 5
2966 4
2967 4
2968 7
2969 9
2970 7
2971 8
2972 9
2973 10
2974 11
2975 10
2976 10
2977 11
2978 12
2979 11
2980 11
2981 11
2982 9
2983 9
2984 9
2985 7
2986 8
2987 5
2988 5
2989 5
2990 2
2991 1
2992 3
2993 3
2994 1
2995 1
2996 3
2997 2
2998 4
2999 2
3000 2
3001 3
3002 2
3003 4
3004 5
3005 4
3006 4
3007 3
3008 2
3009 3
3010 3
3011 3
3012 1
3013 1
3014 2
3015 3
3016 4
3017 3
3018 4
3019 4
3020 5
3021 6
3022 3
3023 4
3024 3
3025 2
3026 3
3027 2
3028 2
3029 4
3030 3
3031 2
3032 3
3033 2
3034 2
3035 2
3036 4
3037 2
3038 2
3039 5
3040 4
3041 3
3042 3
3043 5
3044 6
3045 6
3046 3
3047 2
3048 1
3049 2
3050 3
3051 1
3052 3
3053 2
3054 3
3055 3
3056 3
3057 2
3058 3
3059 3
3060 3
3061 4
3062 5
3063 6
3064 7
3065 7
3066 5
3067 5
3068 4
3069 2
3070 2
3071 2
3072 2
3073 3
3074 3
3075 3
3076 3
3077 2
3078 3
3079 1
3080 4
3081 5
3082 6
3083 6
3084 5
3085 5
3086 7
3087 8
3088 6
3089 6
3090 7
3091 4
3092 5
3093 5
3094 4
3095 2
3096 5
3097 6
3098 8
3099 8
3100 8
3101 6
3102 4
3103 3
3104 2
3105 2
3106 3
3107 4
3108 3
3109 1
3110 2
3111 5
3112 4
3113 2
3114 4
3115 2
3116 3
3117 2
3118 2
3119 2
3120 3
3121 2
3122 3
3123 2
3124 5
3125 7
3126 5
3127 3
3128 3
3129 1
3130 4
3131 4
3132 5
3133 5
3134 5
3135 3
3136 5
3137 5
3138 3
3139 3
3140 2
3141 3
3142 2
3143 4
3144 6
3145 7
3146 6
3147 4
3148 4
3149 4
3150 4
3151 3
3152 1
3153 2
3154 6
3155 4
3156 2
3157 1
3158 1
3159 2
3160 4
3161 5
3162 5
3163 6
3164 7
3165 6
3166 4
3167 5
3168 4
3169 6
3170 6
3171 9
3172 10
3173 10
3174 9
3175 9
3176 9
3177 8
3178 8
3179 5
3180 5
3181 6
3182 4
3183 4
3184 4
3185 2
3186 2
3187 2
3188 2
3189 3
3190 1
3191 1
3192 2
3193 2
3194 2
3195 1
3196 2
3197 4
3198 4
3199 5
3200 4
3201 3
3202 3
3203 3
3204 1
3205 5
3206 5
3207 4
3208 5
3209 2
3210 4
3211 5
3212 4
3213 2
3214 1
3215 2
3216 2
3217 1
3218 3
3219 3
3220 4
3221 2
3222 2
3223 4
3224 2
3225 3
3226 2
3227 3
3228 2
3229 4
3230 5
3231 5
3232 5
3233 5
3234 7
3235 8
3236 8
3237 8
3238 10
3239 10
3240 10
3241 10
3242 8
3243 8
3244 7
3245 6
3246 8
3247 10
3248 10
3249 10
3250 7
3251 6
3252 7
3253 8
3254 6
3255 4
3256 3
3257 3
3258 3
3259 4
3260 4
3261 6
3262 4
3263 5
3264 6
3265 6
3266 6
3267 5
3268 5
3269 5
3270 5
3271 5
3272 4
3273 3
3274 3
3275 2
3276 2
3277 2
3278 1
3279 1
3280 2
3281 2
3282 2
3283 2
3284 1
3285 0
3286 1
3287 4
3288 4
3289 5
3290 4
3291 3
3292 5
3293 6
3294 7
3295 6
3296 5
3297 4
3298 4
3299 4
3300 3
3301 4
3302 3
3303 2
3304 3
3305 2
3306 2
3307 2
3308 3
3309 1
3310 3
3311 4
3312 4
3313 5
3314 3
3315 1
3316 1
3317 6
3318 5
3319 4
3320 5
3321 5
3322 6
3323 5
3324 4
3325 5
3326 7
3327 7
3328 8
3329 7
3330 9
3331 9
3332 8
3333 8
3334 6
3335 6
3336 5
3337 4
3338 2
3339 3
3340 1
3341 2
3342 4
3343 3
3344 1
3345 4
3346 3
3347 3
3348 2
3349 2
3350 5
3351 4
3352 3
3353 3
3354 2
3355 5
3356 6
3357 7
3358 10
3359 11
3360 10
3361 11
3362 10
3363 9
3364 9
3365 13
3366 14
3367 14
3368 12
3369 11
3370 11
3371 11
3372 10
3373 10
3374 8
3375 7
3376 8
3377 9
3378 8
3379 7
3380 7
3381 6
3382 6
3383 7
3384 7
3385 6
3386 5
3387 5
3388 5
3389 7
3390 7
3391 5
3392 4
3393 2
3394 3
3395 1
3396 3
3397 4
3398 4
3399 2
3400 3
3401 4
3402 4
3403 6
3404 7
3405 8
3406 6
3407 7
3408 7
3409 5
3410 7
3411 7
3412 6
3413 5
3414 4
3415 4
3416 3
3417 4
3418 5
3419 4
3420 2
3421 3
3422 2
3423 4
3424 3
3425 4
3426 3
3427 1
3428 2
3429 1
3430 4
3431 4
3432 3
3433 2
3434 3
3435 3
3436 4
3437 1
3438 1
3439 4
3440 2
3441 5
3442 6
3443 5
3444 6
3445 6
3446 7
3447 8
3448 10
3449 9
3450 8
3451 5
3452 8
3453 7
3454 9
3455 11
3456 8
3457 9
3458 7
3459 6
3460 4
3461 4
3462 3
3463 0
3464 3
3465 2
3466 5
3467 4
3468 2
3469 2
3470 3
3471 2
3472 2
3473 1
3474 3
3475 3
3476 2
3477 3
3478 5
3479 3
3480 4
3481 4
3482 4
3483 6
3484 6
3485 8
3486 11
3487 11
3488 12
3489 10
3490 11
3491 12
3492 12
3493 13
3494 13
3495 15
3496 12
3497 12
3498 13
3499 13
3500 13
3501 11
3502 10
3503 10
3504 11
3505 13
3506 14
3507 17
3508 14
3509 14
3510 14
3511 14
3512 13
3513 12
3514 11
3515 10
3516 12
3517 9
3518 9
3519 8
3520 6
3521 8
3522 7
3523 6
3524 4
3525 4
3526 5
3527 6
3528 5
3529 4
3530 3
3531 2
3532 5
3533 3
3534 3
3535 5
3536 5
3537 5
3538 5
3539 5
3540 4
3541 6
3542 4
3543 5
3544 4
3545 6
3546 5
3547 3
3548 0
3549 2
3550 1
3551 1
3552 3
3553 4
3554 6
3555 4
3556 5
3557 6
3558 5
3559 4
3560 1
3561 4
3562 2
3563 2
3564 3
3565 2
3566 0
3567 3
3568 5
3569 4
3570 2
3571 3
3572 4
3573 3
3574 2
3575 1
3576 2
3577 3
3578 3
3579 2
3580 4
3581 4
3582 4
3583 3
3584 3
3585 3
3586 3
3587 2
3588 6
3589 6
3590 6
3591 6
3592 5
3593 4
3594 4
3595 5
3596 6
3597 6
3598 7
3599 5
3600 7
3601 6
3602 5
3603 4
3604 4
3605 4
3606 5
3607 6
3608 8
3609 7
3610 6
3611 6
3612 5
3613 6
3614 4
3615 3
3616 2
3617 2
3618 3
3619 3
3620 3
3621 2
3622 4
3623 4
3624 6
3625 4
3626 6
3627 6
3628 8
3629 8
3630 7
3631 6
3632 5
3633 3
3634 4
3635 4
3636 3
3637 3
3638 4
3639 6
3640 7
3641 8
3642 7
3643 7
3644 5
3645 7
3646 6
3647 7
3648 8
3649 7
3650 8
3651 9
3652 9
3653 9
3654 10
3655 10
3656 10
3657 10
3658 9
3659 8
3660 6
3661 8
3662 7
3663 6
3664 6
3665 6
3666 5
3667 4
3668 5
3669 3
3670 4
3671 4
3672 4
3673 3
3674 6
3675 6
3676 7
3677 8
3678 8
3679 8
3680 8
3681 6
3682 6
3683 9
3684 9
3685 8
3686 9
3687 7
3688 8
3689 8
3690 10
3691 10
3692 11
3693 12
3694 12
3695 13
3696 12
3697 10
3698 8
3699 8
3700 7
3701 7
3702 7
3703 6
3704 6
3705 7
3706 9
3707 9
3708 6
3709 8
3710 8
3711 9
3712 9
3713 6
3714 6
3715 4
3716 4
3717 6
3718 6
3719 6
3720 6
3721 4
3722 4
3723 2
3724 3
3725 3
3726 4
3727 5
3728 3
3729 4
3730 3
3731 3
3732 3
3733 3
3734 5
3735 3
3736 3
3737 4
3738 5
3739 4
3740 6
3741 7
3742 5
3743 7
3744 6
3745 7
3746 6
3747 6
3748 6
3749 8
3750 9
3751 11
3752 9
3753 9
3754 9
3755 7
3756 7
3757 6
3758 5
3759 6
3760 6
3761 4
3762 2
3763 3
3764 4
3765 4
3766 3
3767 3
3768 2
3769 3
3770 3
3771 4
3772 2
3773 2
3774 3
3775 4
3776 4
3777 5
3778 5
3779 4
3780 2
3781 4
3782 3
3783 2
3784 4
3785 3
3786 3
3787 0
3788 2
3789 5
3790 7
3791 8
3792 7
3793 5
3794 5
3795 5
3796 5
3797 4
3798 4
3799 3
3800 2
3801 3
3802 1
3803 3
3804 0
3805 3
3806 2
3807 2
3808 1
3809 2
3810 3
3811 4
3812 3
3813 5
3814 6
3815 5
3816 5
3817 2
3818 2
3819 3
3820 3
3821 4
3822 5
3823 5
3824 5
3825 5
3826 5
3827 4
3828 1
3829 3
3830 3
3831 2
3832 1
3833 6
3834 4
3835 3
3836 2
3837 2
3838 2
3839 4
3840 3
3841 0
3842 3
3843 1
3844 1
3845 2
3846 4
3847 3
3848 1
3849 3
3850 1
3851 4
3852 4
3853 3
3854 2
3855 3
3856 3
3857 1
3858 3
3859 1
3860 3
3861 3
3862 3
3863 1
3864 0
3865 1
3866 2
3867 2
3868 1
3869 4
3870 5
3871 4
3872 3
3873 4
3874 5
3875 3
3876 2
3877 2
3878 2
3879 3
3880 5
3881 6
3882 4
3883 4
3884 3
3885 3
3886 5
3887 5
3888 3
3889 2
3890 1
3891 2
3892 3
3893 2
3894 3
3895 0
3896 4
3897 2
3898 3
3899 3
3900 1
3901 5
3902 7
3903 9
3904 9
3905 9
3906 10
3907 8
3908 6
3909 4
3910 3
3911 1
3912 4
3913 1
3914 1
3915 1
3916 0
3917 2
3918 2
3919 3
3920 1
3921 3
3922 3
3923 5
3924 7
3925 7
3926 7
3927 5
3928 5
3929 3
3930 1
3931 4
3932 4
3933 6
3934 4
3935 7
3936 6
3937 5
3938 3
3939 4
3940 2
3941 4
3942 4
3943 4
3944 1
3945 0
3946 3
3947 3
3948 2
3949 1
3950 3
3951 6
3952 5
3953 6
3954 6
3955 6
3956 5
3957 6
3958 5
3959 3
3960 4
3961 3
3962 5
3963 4
3964 4
3965 6
3966 6
3967 3
3968 5
3969 6
3970 6
3971 7
3972 8
3973 7
3974 7
3975 7
3976 5
3977 5
3978 7
3979 7
3980 6
3981 6
3982 7
3983 6
3984 6
3985 7
3986 8
3987 7
3988 8
3989 8
3990 9
3991 8
3992 8
3993 7
3994 5
3995 3
3996 4
3997 2
3998 1
3999 2
4000 3
4001 3
4002 2
4003 3
4004 3
4005 0
4006 3
4007 0
4008 2
4009 5
4010 2
4011 0
4012 2
4013 4
4014 3
4015 1
4016 3
4017 1
4018 4
4019 4
4020 4
4021 4
4022 2
4023 2
4024 1
4025 4
4026 2
4027 0
4028 3
4029 5
4030 2
4031 2
4032 2
4033 3
4034 2
4035 0
4036 2
4037 3
4038 2
4039 3
4040 3
4041 3
4042 1
4043 1
4044 4
4045 2
4046 4
4047 3
4048 0
4049 3
4050 2
4051 1
4052 5
4053 8
4054 7
4055 7
4056 7
4057 8
4058 8
4059 6
4060 7
4061 8
4062 9
4063 9
4064 10
4065 9
4066 8
4067 7
4068 5
4069 5
4070 3
4071 4
4072 2
4073 3
4074 4
4075 4
4076 5
4077 6
4078 5
4079 5
4080 5
4081 3
4082 3
4083 3
4084 5
4085 6
4086 5
4087 3
4088 2
4089 1
4090 3
4091 1
4092 3
4093 2
4094 5
4095 4
4096 5
4097 6
4098 8
4099 7
4100 9
4101 7
4102 6
4103 6
4104 6
4105 6
4106 9
4107 9
4108 11
4109 13
4110 12
4111 11
4112 9
4113 6
4114 6
4115 6
4116 5
4117 6
4118 3
4119 1
4120 2
4121 2
4122 4
4123 4
4124 1
4125 3
4126 2
4127 3
4128 4
4129 4
4130 3
4131 1
4132 4
4133 3
4134 3
4135 0
4136 0
4137 4
4138 2
4139 3
4140 4
4141 4
4142 4
4143 2
4144 2
4145 4
4146 6
4147 5
4148 2
4149 2
4150 1
4151 3
4152 3
4153 2
4154 3
4155 1
4156 0
4157 4
4158 3
4159 3
4160 4
4161 4
4162 4
4163 5
4164 2
4165 0
4166 3
4167 0
4168 5
4169 4
4170 3
4171 3
4172 2
4173 3
4174 2
4175 4
4176 2
4177 4
4178 1
4179 2
4180 2
4181 1
4182 1
4183 5
4184 5
4185 6
4186 6
4187 7
4188 8
4189 10
4190 12
4191 13
4192 11
4193 11
4194 10
4195 10
4196 10
4197 8
4198 7
4199 7
4200 7
4201 7
4202 7
4203 8
4204 7
4205 6
4206 5
4207 6
4208 5
4209 4
4210 6
4211 4
4212 3
4213 3
4214 3
4215 2
4216 4
4217 4
4218 4
4219 3
4220 3
4221 3
4222 2
4223 2
4224 2
4225 2
4226 2
4227 2
4228 1
4229 3
4230 3
4231 2
4232 2
4233 3
4234 2
4235 3
4236 2
4237 2
4238 3
4239 2
4240 3
4241 3
4242 3
4243 4
4244 2
4245 4
4246 7
4247 7
4248 6
4249 3
4250 1
4251 0
4252 1
4253 3
4254 4
4255 3
4256 3
4257 5
4258 5
4259 5
4260 5
4261 4
4262 4
4263 4
4264 5
4265 4
4266 4
4267 4
4268 3
4269 3
4270 3
4271 2
4272 3
4273 2
4274 4
4275 3
4276 2
4277 4
4278 5
4279 3
4280 4
4281 6
4282 6
4283 5
4284 2
4285 3
4286 6
4287 5
4288 6
4289 10
4290 9
4291 8
4292 6
4293 8
4294 8
4295 9
4296 10
4297 9
4298 8
4299 7
4300 7
4301 5
4302 5
4303 5
4304 5
4305 5
4306 4
4307 4
4308 3
4309 1
4310 1
4311 1
4312 3
4313 2
4314 2
4315 1
4316 2
4317 0
4318 2
4319 4
4320 1
4321 4
4322 4
4323 8
4324 7
4325 9
4326 8
4327 9
4328 9
4329 8
4330 7
4331 7
4332 6
4333 8
4334 7
4335 5
4336 5
4337 2
4338 2
4339 1
4340 5
4341 4
4342 4
4343 1
4344 3
4345 4
4346 4
4347 4
4348 4
4349 5
4350 5
4351 6
4352 6
4353 4
4354 5
4355 6
4356 7
4357 7
4358 8
4359 9
4360 10
4361 8
4362 7
4363 6
4364 4
4365 5
4366 3
4367 2
4368 3
4369 1
4370 1
4371 4
4372 2
4373 3
4374 3
4375 3
4376 1
4377 3
4378 3
4379 1
4380 1
4381 4
4382 3
4383 1
4384 1
4385 2
4386 0
4387 4
4388 5
4389 6
4390 9
4391 7
4392 8
4393 8
4394 7
4395 7
4396 9
4397 10
4398 10
4399 9
4400 9
4401 8
4402 9
4403 8
4404 5
4405 6
4406 5
4407 4
4408 2
4409 3
4410 4
4411 7
4412 4
4413 5
4414 3
4415 3
4416 3
4417 5
4418 4
4419 4
4420 3
4421 4
4422 3
4423 1
4424 2
4425 4
4426 5
4427 4
4428 4
4429 4
4430 2
4431 3
4432 3
4433 3
4434 1
4435 3
4436 1
4437 5
4438 7
4439 6
4440 7
4441 6
4442 5
4443 4
4444 3
4445 3
4446 3
4447 2
4448 3
4449 2
4450 2
4451 1
4452 2
4453 3
4454 1
4455 0
4456 3
4457 3
4458 3
4459 1
4460 2
4461 4
4462 1
4463 4
4464 2
4465 1
4466 3
4467 1
4468 5
4469 6
4470 6
4471 5
4472 7
4473 8
4474 9
4475 8
4476 7
4477 9
4478 9
4479 8
4480 8
4481 11
4482 11
4483 12
4484 10
4485 11
4486 11
4487 10
4488 10
4489 10
4490 8
4491 8
4492 8
4493 7
4494 6
4495 5
4496 5
4497 5
4498 6
4499 7
4500 8
4501 9
4502 9
4503 10
4504 10
4505 10
4506 8
4507 8
4508 6
4509 6
4510 7
4511 5
4512 5
4513 6
4514 6
4515 6
4516 6
4517 5
4518 6
4519 5
4520 6
4521 6
4522 6
4523 6
4524 9
4525 11
4526 10
4527 9
4528 10
4529 12
4530 14
4531 12
4532 11
4533 11
4534 14
4535 13
4536 12
4537 10
4538 11
4539 12
4540 13
4541 12
4542 10
4543 8
4544 6
4545 7
4546 5
4547 4
4548 3
4549 2
4550 2
4551 2
4552 5
4553 2
4554 2
4555 2
4556 4
4557 3
4558 2
4559 2
4560 5
4561 5
4562 4
4563 3
4564 2
4565 3
4566 1
4567 1
4568 2
4569 2
4570 2
4571 3
4572 3
4573 3
4574 4
4575 6
4576 5
4577 6
4578 5
4579 6
4580 4
4581 5
4582 4
4583 2
4584 1
4585 2
4586 5
4587 4
4588 4
4589 4
4590 3
4591 0
4592 3
4593 2
4594 5
4595 7
4596 6
4597 5
4598 4
4599 3
4600 1
4601 2
4602 1
4603 3
4604 1
4605 3
4606 2
4607 0
4608 4
4609 5
4610 5
4611 3
4612 4
4613 2
4614 4
4615 4
4616 2
4617 2
4618 1
4619 2
4620 1
4621 2
4622 3
4623 3
4624 2
4625 2
4626 2
4627 2
4628 0
4629 4
4630 3
4631 3
4632 3
4633 2
4634 3
4635 4
4636 5
4637 8
4638 9
4639 7
4640 7
4641 6
4642 6
4643 7
4644 7
4645 6
4646 8
4647 6
4648 6
4649 7
4650 7
4651 8
4652 7
4653 7
4654 7
4655 8
4656 9
4657 10
4658 11
4659 13
4660 13
4661 13
4662 13
4663 12
4664 10
4665 10
4666 11
4667 10
4668 10
4669 8
4670 6
4671 7
4672 8
4673 6
4674 4
4675 3
4676 2
4677 2
4678 4
4679 3
4680 2
4681 4
4682 2
4683 1
4684 2
4685 3
4686 4
4687 4
4688 5
4689 6
4690 8
4691 7
4692 6
4693 4
4694 3
4695 4
4696 3
4697 4
4698 3
4699 7
4700 8
4701 9
4702 7
4703 6
4704 3
4705 2
4706 2
4707 2
4708 5
4709 6
4710 7
4711 6
4712 6
4713 6
4714 3
4715 2
4716 4
4717 4
4718 6
4719 8
4720 6
4721 4
4722 3
4723 3
4724 2
4725 5
4726 7
4727 5
4728 6
4729 6
4730 7
4731 7
4732 6
4733 3
4734 3
4735 1
4736 4
4737 4
4738 3
4739 2
4740 5
4741 5
4742 5
4743 4
4744 3
4745 1
4746 2
4747 2
4748 1
4749 2
4750 2
4751 3
4752 3
4753 2
4754 3
4755 4
4756 3
4757 4
4758 5
4759 5
4760 3
4761 4
4762 4
4763 4
4764 2
4765 4
4766 3
4767 4
4768 4
4769 3
4770 4
4771 3
4772 4
4773 5
4774 5
4775 4
4776 2
4777 3
4778 2
4779 4
4780 5
4781 4
4782 2
4783 0
4784 3
4785 3
4786 4
4787 4
4788 2
4789 3
4790 2
4791 1
4792 2
4793 3
4794 3
4795 2
4796 4
4797 5
4798 6
4799 6
4800 4
4801 5
4802 3
4803 1
4804 1
4805 3
4806 4
4807 3
4808 4
4809 5
4810 7
4811 7
4812 7
4813 7
4814 7
4815 6
4816 5
4817 4
4818 4
4819 2
4820 4
4821 2
4822 1
4823 2
4824 3
4825 2
4826 2
4827 2
4828 5
4829 4
4830 4
4831 3
4832 3
4833 2
4834 2
4835 3
4836 3
4837 6
4838 4
4839 3
4840 3
4841 2
4842 4
4843 5
4844 8
4845 7
4846 6
4847 7
4848 7
4849 6
4850 9
4851 8
4852 9
4853 10
4854 8
4855 6
4856 7
4857 7
4858 9
4859 9
4860 8
4861 7
4862 7
4863 7
4864 6
4865 7
4866 9
4867 8
4868 9
4869 9
4870 7
4871 6
4872 6
4873 4
4874 4
4875 3
4876 2
4877 4
4878 4
4879 4
4880 4
4881 2
4882 4
4883 3
4884 3
4885 1
4886 2
4887 3
4888 2
4889 3
4890 2
4891 5
4892 5
4893 5
4894 7
4895 8
4896 7
4897 8
4898 5
4899 2
4900 3
4901 2
4902 0
4903 6
4904 5
4905 3
4906 4
4907 4
4908 2
4909 3
4910 2
4911 3
4912 1
4913 1
4914 3
4915 3
4916 0
4917 3
4918 4
4919 3
4920 1
4921 1
4922 1
4923 2
4924 3
4925 5
4926 3
4927 3
4928 3
4929 3
4930 3
4931 2
4932 3
4933 5
4934 4
4935 6
4936 6
4937 4
4938 7
4939 5
4940 5
4941 5
4942 3
4943 1
4944 6
4945 5
4946 4
4947 5
4948 3
4949 5
4950 6
4951 7
4952 6
4953 6
4954 5
4955 3
4956 3
4957 2
4958 3
4959 5
4960 5
4961 4
4962 3
4963 2
4964 6
4965 5
4966 6
4967 7
4968 6
4969 4
4970 6
4971 3
4972 5
4973 6
4974 10
4975 7
4976 7
4977 7
4978 8
4979 6
4980 5
4981 5
4982 5
4983 5
4984 5
4985 5
4986 3
4987 3
4988 5
4989 4
4990 4
4991 3
4992 4
4993 2
4994 4
4995 1
4996 3
4997 2
4998 2
4999 3
5000 5
5001 4
5002 4
5003 4
5004 5
5005 4
5006 5
5007 5
5008 5
5009 4
5010 8
5011 9
5012 7
5013 6
5014 5
5015 4
5016 4
5017 4
5018 5
5019 4
5020 2
5021 3
5022 3
5023 2
5024 3
5025 0
5026 5
5027 4
5028 4
5029 4
5030 4
5031 4
5032 3
5033 4
5034 4
5035 5
5036 5
5037 4
5038 4
5039 5
5040 4
5041 5
5042 3
5043 2
5044 5
5045 7
5046 8
5047 9
5048 10
5049 11
5050 15
5051 12
5052 14
5053 18
5054 15
5055 12
5056 13
5057 13
5058 13
5059 11
5060 10
5061 9
5062 9
5063 8
5064 6
5065 5
5066 6
5067 6
5068 7
5069 8
5070 8
5071 9
5072 9
5073 7
5074 7
5075 7
5076 10
5077 12
5078 10
5079 9
5080 6
5081 4
5082 2
5083 3
5084 4
5085 5
5086 4
5087 5
5088 3
5089 4
5090 3
5091 4
5092 4
5093 2
5094 1
5095 2
5096 2
5097 5
5098 6
5099 5
5100 4
5101 5
5102 4
5103 4
5104 4
5105 5
5106 5
5107 6
5108 7
5109 7
5110 8
5111 6
5112 5
5113 4
5114 4
5115 5
5116 2
5117 2
5118 2
5119 2
5120 2
5121 2
5122 1
5123 1
5124 0
5125 2
5126 3
5127 0
5128 3
5129 3
5130 4
5131 6
5132 6
5133 5
5134 6
5135 6
5136 7
5137 6
5138 4
5139 5
5140 4
5141 5
5142 5
5143 6
5144 5
5145 4
5146 5
5147 4
5148 4
5149 1
5150 3
5151 4
5152 4
5153 4
5154 2
5155 4
5156 2
5157 3
5158 1
5159 3
5160 4
5161 4
5162 2
5163 2
5164 4
5165 4
5166 4
5167 3
5168 4
5169 4
5170 3
5171 3
5172 3
5173 3
5174 5
5175 4
5176 6
5177 5
5178 6
5179 7
5180 8
5181 6
5182 5
5183 5
5184 2
5185 2
5186 3
5187 4
5188 4
5189 3
5190 4
5191 3
5192 3
5193 2
5194 1
5195 3
5196 1
5197 4
5198 4
5199 6
5200 7
5201 6
5202 5
5203 4
5204 5
5205 4
5206 4
5207 3
5208 2
5209 2
5210 5
5211 6
5212 6
5213 8
5214 8
5215 6
5216 7
5217 9
5218 11
5219 10
5220 9
5221 8
5222 9
5223 10
5224 11
5225 13
5226 15
5227 12
5228 12
5229 10
5230 8
5231 8
5232 9
5233 9
5234 8
5235 7
5236 10
5237 9
5238 10
5239 10
5240 8
5241 8
5242 8
5243 8
5244 9
5245 10
5246 9
5247 7
5248 7
5249 7
5250 7
5251 6
5252 6
5253 7
5254 7
5255 7
5256 6
5257 7
5258 8
5259 8
5260 6
5261 4
5262 4
5263 5
5264 4
5265 4
5266 5
5267 3
5268 2
5269 2
5270 3
5271 2
5272 2
5273 4
5274 4
5275 1
5276 3
5277 2
5278 3
5279 4
5280 3
5281 2
5282 2
5283 2
5284 5
5285 8
5286 7
5287 6
5288 7
5289 6
5290 6
5291 6
5292 4
5293 5
5294 7
5295 8
5296 9
5297 7
5298 4
5299 2
5300 4
5301 3
5302 4
5303 3
5304 4
5305 4
5306 1
5307 5
5308 3
5309 1
5310 2
5311 2
5312 4
5313 3
5314 4
5315 4
5316 4
5317 3
5318 2
5319 4
5320 5
5321 4
5322 5
5323 6
5324 5
5325 3
5326 2
5327 2
5328 4
5329 3
5330 3
5331 3
5332 1
5333 2
5334 5
5335 4
5336 2
5337 3
5338 1
5339 3
5340 4
5341 5
5342 6
5343 8
5344 7
5345 6
5346 5
5347 4
5348 2
5349 2
5350 2
5351 1
5352 2
5353 2
5354 2
5355 2
5356 4
5357 5
5358 5
5359 5
5360 3
5361 3
5362 4
5363 3
5364 5
5365 4
5366 4
5367 4
5368 6
5369 6
5370 5
5371 4
5372 5
5373 6
5374 6
5375 7
5376 7
5377 7
5378 7
5379 8
5380 11
5381 12
5382 10
5383 8
5384 9
5385 11
5386 12
5387 11
5388 10
5389 11
5390 10
5391 11
5392 10
5393 10
5394 9
5395 8
5396 7
5397 7
5398 10
5399 9
5400 11
5401 12
5402 14
5403 12
5404 10
5405 9
5406 8
5407 8
5408 6
5409 4
5410 5
5411 5
5412 3
5413 1
5414 2
5415 3
5416 1
5417 4
5418 3
5419 4
5420 4
5421 7
5422 7
5423 7
5424 7
5425 8
5426 7
5427 7
5428 7
5429 6
5430 5
5431 3
5432 2
5433 2
5434 2
5435 2
5436 3
5437 5
5438 4
5439 3
5440 2
5441 5
5442 8
5443 9
5444 10
5445 11
5446 10
5447 9
5448 12
5449 10
5450 9
5451 8
5452 9
5453 7
5454 6
5455 5
5456 3
5457 1
5458 3
5459 3
5460 1
5461 3
5462 2
5463 4
5464 1
5465 1
5466 1
5467 3
5468 3
5469 2
5470 3
5471 0
5472 3
5473 1
5474 3
5475 2
5476 3
5477 4
5478 3
5479 5
5480 5
5481 4
5482 1
5483 0
5484 3
5485 3
5486 5
5487 5
5488 5
5489 5
5490 5
5491 5
5492 2
5493 2
5494 2
5495 2
5496 4
5497 3
5498 2
5499 4
5500 3
5501 5
5502 5
5503 5
5504 6
5505 5
5506 4
5507 3
5508 3
5509 3
5510 2
5511 1
5512 0
5513 1
5514 1
5515 1
5516 3
5517 2
5518 4
5519 5
5520 3
5521 4
5522 6
5523 4
5524 4
5525 5
5526 5
5527 5
5528 3
5529 1
5530 3
5531 1
5532 3
5533 3
5534 1
5535 2
5536 1
5537 1
5538 4
5539 2
5540 3
5541 4
5542 5
5543 7
5544 6
5545 6
5546 4
5547 3
5548 3
5549 3
5550 1
5551 1
5552 4
5553 4
5554 3
5555 1
5556 2
5557 1
5558 2
5559 4
5560 3
5561 1
5562 4
5563 4
5564 3
5565 3
5566 1
5567 2
5568 3
5569 1
5570 3
5571 1
5572 1
5573 1
5574 3
5575 3
5576 3
5577 3
5578 5
5579 4
5580 5
5581 4
5582 3
5583 1
5584 2
5585 3
5586 2
5587 3
5588 4
5589 4
5590 1
5591 2
5592 3
5593 2
5594 2
5595 4
5596 3
5597 3
5598 5
5599 6
5600 8
5601 6
5602 5
5603 5
5604 3
5605 2
5606 1
5607 3
5608 4
5609 4
5610 5
5611 5
5612 6
5613 4
5614 5
5615 4
5616 4
5617 4
5618 4
5619 3
5620 2
5621 3
5622 1
5623 3
5624 3
5625 2
5626 4
5627 1
5628 5
5629 4
5630 5
5631 7
5632 6
5633 6
5634 5
5635 6
5636 7
5637 4
5638 3
5639 2
5640 4
5641 7
5642 8
5643 7
5644 8
5645 7
5646 6
5647 6
5648 7
5649 9
5650 8
5651 9
5652 9
5653 9
5654 7
5655 9
5656 8
5657 8
5658 7
5659 7
5660 7
5661 8
5662 9
5663 7
5664 6
5665 6
5666 6
5667 4
5668 3
5669 4
5670 3
5671 3
5672 2
5673 3
5674 1
5675 4
5676 2
5677 4
5678 3
5679 2
5680 1
5681 0
5682 0
5683 4
5684 3
5685 4
5686 4
5687 4
5688 4
5689 2
5690 0
5691 3
5692 3
5693 1
5694 3
5695 3
5696 2
5697 1
5698 2
5699 2
5700 1
5701 2
5702 1
5703 2
5704 3
5705 1
5706 3
5707 5
5708 4
5709 1
5710 2
5711 2
5712 4
5713 3
5714 3
5715 2
5716 3
5717 5
5718 7
5719 6
5720 6
5721 8
5722 10
5723 10
5724 10
5725 9
5726 9
5727 9
5728 8
5729 8
5730 8
5731 7
5732 6
5733 6
5734 6
5735 4
5736 3
5737 3
5738 6
5739 7
5740 8
5741 8
5742 6
5743 7
5744 8
5745 10
5746 11
5747 12
5748 13
5749 13
5750 14
5751 15
5752 12
5753 11
5754 12
5755 11
5756 10
5757 10
5758 9
5759 7
5760 5
5761 7
5762 4
5763 4
5764 7
5765 8
5766 10
5767 10
5768 11
5769 11
5770 9
5771 11
5772 8
5773 8
5774 7
5775 5
5776 4
5777 2
5778 3
5779 4
5780 2
5781 3
5782 4
5783 5
5784 4
5785 3
5786 3
5787 5
5788 4
5789 4
5790 4
5791 5
5792 5
5793 4
5794 2
5795 1
5796 5
5797 3
5798 3
5799 3
5800 2
5801 1
5802 2
5803 6
5804 4
5805 6
5806 5
5807 4
5808 2
5809 1
5810 3
5811 1
5812 4
5813 4
5814 4
5815 5
5816 4
5817 3
5818 1
5819 3
5820 5
5821 5
5822 3
5823 2
5824 2
5825 4
5826 5
5827 8
5828 11
5829 11
5830 9
5831 10
5832 8
5833 8
5834 6
5835 6
5836 6
5837 4
5838 4
5839 5
5840 3
5841 4
5842 2
5843 2
5844 2
5845 4
5846 4
5847 5
5848 7
5849 7
5850 6
5851 5
5852 4
5853 4
5854 4
5855 5
5856 3
5857 4
5858 4
5859 7
5860 6
5861 6
5862 6
5863 8
5864 5
5865 4
5866 2
5867 1
5868 2
5869 3
5870 5
5871 7
5872 7
5873 5
5874 6
5875 4
5876 2
5877 3
5878 2
5879 2
5880 3
5881 2
5882 2
5883 3
5884 4
5885 3
5886 2
5887 2
5888 3
5889 3
5890 3
5891 3
5892 2
5893 3
5894 2
5895 1
5896 1
5897 1
5898 2
5899 1
5900 0
5901 4
5902 4
5903 2
5904 6
5905 8
5906 6
5907 5
5908 5
5909 4
5910 4
5911 2
5912 1
5913 1
5914 5
5915 5
5916 4
5917 2
5918 2
5919 4
5920 2
5921 5
5922 5
5923 8
5924 7
5925 6
5926 7
5927 7
5928 7
5929 8
5930 6
5931 6
5932 7
5933 6
5934 6
5935 5
5936 8
5937 8
5938 9
5939 8
5940 7
5941 6
5942 6
5943 5
5944 5
5945 4
5946 3
5947 3
5948 4
5949 4
5950 2
5951 4
5952 5
5953 5
5954 6
5955 6
5956 4
5957 4
5958 4
5959 3
5960 2
5961 2
5962 1
5963 2
5964 1
5965 4
5966 5
5967 4
5968 4
5969 3
5970 2
5971 2
5972 5
5973 7
5974 7
5975 8
5976 7
5977 5
5978 3
5979 0
5980 3
5981 2
5982 1
5983 1
5984 2
5985 1
5986 4
5987 4
5988 3
5989 2
5990 4
5991 3
5992 3
5993 4
5994 4
5995 3
5996 2
5997 0
5998 2
5999 1
6000 1
6001 2
6002 3
6003 4
6004 2
6005 4
6006 2
6007 2
6008 4
6009 4
6010 5
6011 3
6012 2
6013 2
6014 2
6015 4
6016 4
6017 3
6018 3
6019 3
6020 3
6021 0
6022 2
6023 1
6024 3
6025 2
6026 2
6027 2
6028 1
6029 4
6030 4
6031 3
6032 1
6033 1
6034 2
6035 1
6036 3
6037 4
6038 2
6039 3
6040 5
6041 5
6042 6
6043 5
6044 5
6045 4
6046 5
6047 4
6048 3
6049 2
6050 3
6051 1
6052 4
6053 3
6054 2
6055 3
6056 3
6057 2
6058 3
6059 2
6060 2
6061 4
6062 4
6063 3
6064 5
6065 5
6066 6
6067 5
6068 5
6069 6
6070 4
6071 2
6072 2
6073 4
6074 4
6075 3
6076 3
6077 3
6078 3
6079 3
6080 1
6081 3
6082 4
6083 4
6084 3
6085 2
6086 1
6087 4
6088 6
6089 4
6090 5
6091 5
6092 4
6093 5
6094 5
6095 3
6096 3
6097 3
6098 2
6099 3
6100 4
6101 6
6102 5
6103 5
6104 4
6105 3
6106 1
6107 5
6108 4
6109 5
6110 4
6111 2
6112 3
6113 1
6114 6
6115 8
6116 9
6117 10
6118 10
6119 9
6120 8
6121 7
6122 9
6123 7
6124 7
6125 6
6126 6
6127 5
6128 3
6129 1
6130 6
6131 8
6132 11
6133 10
6134 10
6135 9
6136 9
6137 11
6138 8
6139 8
6140 9
6141 10
6142 10
6143 12
6144 13
6145 13
6146 12
6147 13
6148 14
6149 13
6150 12
6151 10
6152 9
6153 8
6154 9
6155 8
6156 8
6157 9
6158 8
6159 6
6160 6
6161 6
6162 5
6163 4
6164 4
6165 3
6166 5
6167 4
6168 3
6169 1
6170 2
6171 2
6172 2
6173 1
6174 4
6175 4
6176 3
6177 1
6178 0
6179 2
6180 4
6181 5
6182 3
6183 4
6184 2
6185 4
6186 7
6187 6
6188 9
6189 7
6190 6
6191 7
6192 7
6193 7
6194 7
6195 6
6196 4
6197 5
6198 4
6199 4
6200 2
6201 3
6202 4
6203 3
6204 2
6205 2
6206 4
6207 4
6208 3
6209 1
6210 2
6211 5
6212 4
6213 2
6214 2
6215 2
6216 4
6217 5
6218 6
6219 5
6220 4
6221 4
6222 1
6223 2
6224 2
6225 3
6226 4
6227 5
6228 5
6229 3
6230 3
6231 2
6232 3
6233 3
6234 3
6235 4
6236 5
6237 3
6238 2
6239 1
6240 2
6241 4
6242 8
6243 7
6244 7
6245 6
6246 5
6247 5
6248 5
6249 3
6250 1
6251 1
6252 1
6253 3
6254 3
6255 4
6256 3
6257 3
6258 0
6259 1
6260 4
6261 4
6262 4
6263 5
6264 5
6265 5
6266 5
6267 5
6268 5
6269 5
6270 5
6271 7
6272 6
6273 4
6274 3
6275 1
6276 3
6277 3
6278 3
6279 4
6280 3
6281 2
6282 3
6283 4
6284 3
6285 5
6286 6
6287 6
6288 5
6289 4
6290 4
6291 3
6292 2
6293 4
6294 2
6295 3
6296 2
6297 3
6298 1
6299 5
6300 4
6301 3
6302 2
6303 4
6304 3
6305 1
6306 3
6307 2
6308 4
6309 2
6310 3
6311 2
6312 3
6313 3
6314 1
6315 3
6316 2
6317 1
6318 4
6319 3
6320 3
6321 3
6322 3
6323 4
6324 4
6325 5
6326 2
6327 4
6328 3
6329 2
6330 5
6331 5
6332 3
6333 1
6334 0
6335 3
6336 3
6337 3
6338 0
6339 2
6340 2
6341 2
6342 2
6343 1
6344 1
6345 1
6346 2
6347 3
6348 1
6349 2
6350 2
6351 2
6352 3
6353 3
6354 4
6355 4
6356 4
6357 5
6358 5
6359 3
6360 5
6361 4
6362 3
6363 4
6364 3
6365 2
6366 0
6367 1
6368 2
6369 1
6370 1
6371 2
6372 3
6373 2
6374 3
6375 4
6376 1
6377 1
6378 4
6379 2
6380 3
6381 1
6382 2
6383 2
6384 3
6385 2
6386 2
6387 2
6388 2
6389 2
6390 2
6391 5
6392 4
6393 4
6394 1
6395 1
6396 4
6397 3
6398 2
6399 2
6400 4
6401 7
6402 6
6403 6
6404 5
6405 4
6406 2
6407 2
6408 3
6409 2
6410 3
6411 2
6412 2
6413 5
6414 3
6415 4
6416 4
6417 1
6418 2
6419 3
6420 6
6421 5
6422 4
6423 3
6424 3
6425 3
6426 2
6427 2
6428 3
6429 5
6430 2
6431 2
6432 1
6433 2
6434 2
6435 3
6436 1
6437 3
6438 2
6439 3
6440 5
6441 5
6442 4
6443 2
6444 2
6445 4
6446 5
6447 6
6448 7
6449 6
6450 6
6451 6
6452 7
6453 6
6454 5
6455 5
6456 6
6457 5
6458 5
6459 5
6460 5
6461 4
6462 6
6463 7
6464 8
6465 8
6466 6
6467 5
6468 4
6469 6
6470 6
6471 6
6472 6
6473 6
6474 6
6475 6
6476 6
6477 4
6478 3
6479 4
6480 7
6481 8
6482 11
6483 12
6484 13
6485 14
6486 14
6487 12
6488 12
6489 12
6490 12
6491 13
6492 13
6493 12
6494 11
6495 10
6496 11
6497 10
6498 12
6499 11
6500 9
6501 9
6502 10
6503 9
6504 9
6505 10
6506 10
6507 11
6508 11
6509 11
6510 13
6511 14
6512 14
6513 14
6514 17
6515 14
6516 13
6517 12
6518 13
6519 12
6520 11
6521 10
6522 10
6523 8
6524 6
6525 5
6526 4
6527 3
6528 6
6529 5
6530 6
6531 6
6532 5
6533 6
6534 7
6535 9
6536 7
6537 5
6538 5
6539 6
6540 7
6541 6
6542 8
6543 8
6544 8
6545 8
6546 8
6547 6
6548 7
6549 8
6550 6
6551 5
6552 3
6553 5
6554 3
6555 1
6556 3
6557 4
6558 2
6559 4
6560 4
6561 4
6562 7
6563 7
6564 8
6565 6
6566 4
6567 3
6568 1
6569 3
6570 4
6571 5
6572 4
6573 5
6574 5
6575 4
6576 3
6577 5
6578 6
6579 7
6580 7
6581 5
6582 2
6583 1
6584 1
6585 2
6586 3
6587 4
6588 4
6589 3
6590 1
6591 4
6592 4
6593 3
6594 3
6595 3
6596 4
6597 6
6598 9
6599 8
6600 7
6601 8
6602 9
6603 8
6604 5
6605 4
6606 3
6607 2
6608 3
6609 4
6610 3
6611 3
6612 2
6613 1
6614 4
6615 5
6616 2
6617 1
6618 4
6619 6
6620 5
6621 4
6622 4
6623 7
6624 5
6625 2
6626 5
6627 6
6628 7
6629 9
6630 9
6631 8
6632 8
6633 5
6634 5
6635 3
6636 1
6637 2
6638 2
6639 4
6640 4
6641 3
6642 2
6643 3
6644 3
6645 3
6646 3
6647 2
6648 2
6649 2
6650 6
6651 9
6652 10
6653 9
6654 8
6655 9
6656 11
6657 12
6658 9
6659 8
6660 8
6661 8
6662 6
6663 4
6664 5
6665 4
6666 4
6667 2
6668 2
6669 2
6670 0
6671 3
6672 3
6673 5
6674 5
6675 6
6676 7
6677 5
6678 3
6679 2
6680 3
6681 4
6682 4
6683 5
6684 4
6685 3
6686 2
6687 2
6688 3
6689 5
6690 3
6691 2
6692 3
6693 2
6694 4
6695 5
6696 5
6697 5
6698 6
6699 4
6700 3
6701 3
6702 1
6703 4
6704 4
6705 3
6706 4
6707 3
6708 0
6709 5
6710 2
6711 5
6712 5
6713 4
6714 2
6715 2
6716 2
6717 5
6718 5
6719 8
6720 7
6721 5
6722 3
6723 4
6724 2
6725 4
6726 3
6727 2
6728 2
6729 4
6730 3
6731 3
6732 1
6733 4
6734 2
6735 3
6736 3
6737 4
6738 5
6739 6
6740 6
6741 7
6742 6
6743 6
6744 6
6745 4
6746 6
6747 5
6748 5
6749 5
6750 6
6751 5
6752 5
6753 6
6754 6
6755 7
6756 7
6757 6
6758 4
6759 1
6760 1
6761 1
6762 6
6763 7
6764 7
6765 7
6766 4
6767 4
6768 5
6769 5
6770 7
6771 7
6772 7
6773 7
6774 6
6775 7
6776 5
6777 3
6778 2
6779 4
6780 4
6781 5
6782 3
6783 2
6784 2
6785 1
6786 3
6787 2
6788 1
6789 3
6790 3
6791 3
6792 2
6793 1
6794 3
6795 4
6796 5
6797 5
6798 8
6799 8
6800 7
6801 5
6802 9
6803 9
6804 11
6805 11
6806 12
6807 12
6808 14
6809 12
6810 12
6811 11
6812 13
6813 12
6814 12
6815 13
6816 10
6817 9
6818 8
6819 7
6820 8
6821 8
6822 8
6823 7
6824 4
6825 2
6826 3
6827 1
6828 1
6829 5
6830 6
6831 6
6832 7
6833 6
6834 5
6835 4
6836 5
6837 6
6838 6
6839 3
6840 3
6841 7
6842 8
6843 7
6844 6
6845 6
6846 6
6847 3
6848 2
6849 4
6850 3
6851 1
6852 1
6853 2
6854 3
6855 3
6856 4
6857 3
6858 5
6859 6
6860 3
6861 3
6862 3
6863 5
6864 4
6865 4
6866 3
6867 2
6868 5
6869 5
6870 5
6871 5
6872 6
6873 7
6874 8
6875 8
6876 8
6877 8
6878 9
6879 10
6880 9
6881 9
6882 8
6883 7
6884 7
6885 8
6886 8
6887 6
6888 6
6889 8
6890 9
6891 6
6892 7
6893 8
6894 7
6895 8
6896 5
6897 3
6898 4
6899 5
6900 6
6901 6
6902 5
6903 4
6904 5
6905 5
6906 7
6907 8
6908 7
6909 6
6910 8
6911 6
6912 5
6913 6
6914 7
6915 8
6916 6
6917 7
6918 7
6919 5
6920 4
6921 3
6922 1
6923 2
6924 1
6925 2
6926 2
6927 2
6928 5
6929 6
6930 6
6931 6
6932 5
6933 5
6934 4
6935 4
6936 4
6937 5
6938 3
6939 1
6940 4
6941 5
6942 5
6943 4
6944 1
6945 3
6946 3
6947 4
6948 4
6949 6
6950 6
6951 6
6952 7
6953 8
6954 6
6955 5
6956 7
6957 9
6958 8
6959 7
6960 8
6961 9
6962 11
6963 10
6964 7
6965 5
6966 6
6967 7
6968 10
6969 11
6970 12
6971 11
6972 11
6973 11
6974 10
6975 8
6976 7
6977 7
6978 6
6979 7
6980 8
6981 7
6982 6
6983 6
6984 5
6985 5
6986 4
6987 6
6988 6
6989 6
6990 5
6991 5
6992 4
6993 3
6994 4
6995 3
6996 3
6997 2
6998 1
6999 3
7000 3
7001 3
7002 2
7003 2
7004 4
7005 4
7006 6
7007 5
7008 3
7009 1
7010 5
7011 6
7012 4
7013 3
7014 5
7015 6
7016 3
7017 2
7018 3
7019 2
7020 2
7021 0
7022 3
7023 2
7024 3
7025 4
7026 3
7027 3
7028 3
7029 3
7030 4
7031 6
7032 7
7033 8
7034 9
7035 8
7036 7
7037 9
7038 8
7039 7
7040 7
7041 7
7042 7
7043 6
7044 8
7045 6
7046 5
7047 6
7048 4
7049 3
7050 1
7051 2
7052 3
7053 4
7054 3
7055 2
7056 3
7057 2
7058 2
7059 2
7060 5
7061 5
7062 7
7063 8
7064 8
7065 9
7066 8
7067 10
7068 8
7069 9
7070 7
7071 11
7072 11
7073 10
7074 11
7075 10
7076 9
7077 7
7078 7
7079 8
7080 9
7081 9
7082 6
7083 4
7084 6
7085 7
7086 6
7087 5
7088 4
7089 4
7090 6
7091 5
7092 4
7093 7
7094 6
7095 4
7096 3
7097 2
7098 2
7099 2
7100 1
7101 2
7102 1
7103 1
7104 2
7105 2
7106 2
7107 2
7108 6
7109 5
7110 5
7111 3
7112 2
7113 3
7114 1
7115 1
7116 3
7117 3
7118 2
7119 3
7120 1
7121 3
7122 1
7123 2
7124 3
7125 2
7126 4
7127 4
7128 1
7129 2
7130 5
7131 4
7132 5
7133 5
7134 3
7135 3
7136 3
7137 2
7138 2
7139 4
7140 4
7141 4
7142 6
7143 7
7144 6
7145 4
7146 2
7147 1
7148 5
7149 4
7150 4
7151 2
7152 3
7153 1
7154 3
7155 3
7156 1
7157 3
7158 4
7159 3
7160 2
7161 4
7162 3
7163 4
7164 4
7165 7
7166 8
7167 10
7168 10
7169 10
7170 9
7171 8
7172 8
7173 7
7174 5
7175 8
7176 9
7177 10
7178 11
7179 11
7180 9
7181 9
7182 9
7183 7
7184 5
7185 5
7186 4
7187 4
7188 5
7189 6
7190 5
7191 6
7192 6
7193 5
7194 5
7195 5
7196 5
7197 6
7198 3
7199 2
7200 2
7201 6
7202 5
7203 6
7204 7
7205 8
7206 8
7207 7
7208 8
7209 6
7210 3
7211 0
7212 4
7213 5
7214 4
7215 2
7216 5
7217 5
7218 4
7219 3
7220 3
7221 4
7222 2
7223 5
7224 7
7225 7
7226 7
7227 7
7228 6
7229 7
7230 7
7231 5
7232 4
7233 6
7234 6
7235 5
7236 3
7237 1
7238 4
7239 6
7240 5
7241 5
7242 4
7243 5
7244 5
7245 6
7246 7
7247 6
7248 4
7249 4
7250 5
7251 3
7252 2
7253 5
7254 6
7255 5
7256 4
7257 5
7258 5
7259 3
7260 4
7261 4
7262 7
7263 7
7264 6
7265 4
7266 4
7267 4
7268 5
7269 5
7270 4
7271 4
7272 3
7273 2
7274 4
7275 3
7276 2
7277 2
7278 2
7279 3
7280 4
7281 6
7282 5
7283 4
7284 3
7285 2
7286 1
7287 3
7288 3
7289 3
7290 3
7291 5
7292 5
7293 7
7294 6
7295 5
7296 2
7297 3
7298 3
7299 3
7300 2
7301 2
7302 3
7303 2
7304 0
7305 3
7306 1
7307 1
7308 1
7309 1
7310 4
7311 3
7312 0
7313 3
7314 3
7315 1
7316 5
7317 6
7318 7
7319 7
7320 9
7321 8
7322 9
7323 10
7324 9
7325 10
7326 8
7327 8
7328 9
7329 8
7330 5
7331 4
7332 4
7333 4
7334 4
7335 5
7336 6
7337 4
7338 5
7339 3
7340 2
7341 3
7342 2
7343 5
7344 4
7345 3
7346 2
7347 4
7348 4
7349 4
7350 4
7351 4
7352 2
7353 3
7354 3
7355 3
7356 3
7357 1
7358 5
7359 6
7360 5
7361 3
7362 2
7363 6
7364 5
7365 6
7366 7
7367 5
7368 2
7369 3
7370 4
7371 3
7372 3
7373 1
7374 6
7375 6
7376 5
7377 5
7378 5
7379 6
7380 8
7381 8
7382 8
7383 9
7384 7
7385 9
7386 9
7387 7
7388 4
7389 4
7390 5
7391 3
7392 2
7393 4
7394 4
7395 1
7396 3
7397 2
7398 2
7399 2
7400 4
7401 3
7402 4
7403 3
7404 2
7405 2
7406 3
7407 2
7408 3
7409 3
7410 3
7411 2
7412 5
7413 4
7414 4
7415 2
7416 4
7417 3
7418 1
7419 3
7420 4
7421 5
7422 3
7423 2
7424 3
7425 4
7426 4
7427 2
7428 5
7429 5
7430 4
7431 5
7432 5
7433 7
7434 6
7435 5
7436 5
7437 6
7438 6
7439 5
7440 4
7441 4
7442 3
7443 3
7444 5
7445 2
7446 3
7447 1
7448 3
7449 2
7450 3
7451 2
7452 2
7453 5
7454 4
7455 4
7456 5
7457 3
7458 2
7459 3
7460 1
7461 4
7462 5
7463 7
7464 7
7465 7
7466 7
7467 9
7468 8
7469 6
7470 7
7471 8
7472 7
7473 5
7474 6
7475 5
7476 3
7477 5
7478 5
7479 4
7480 4
7481 2
7482 4
7483 6
7484 5
7485 5
7486 4
7487 3
7488 3
7489 2
7490 3
7491 2
7492 1
7493 5
7494 4
7495 4
7496 3
7497 2
7498 3
7499 1
7500 3
7501 2
7502 3
7503 1
7504 4
7505 2
7506 4
7507 3
7508 3
7509 1
7510 2
7511 3
7512 2
7513 2
7514 2
7515 2
7516 3
7517 1
7518 1
7519 1
7520 2
7521 1
7522 2
7523 4
7524 6
7525 4
7526 3
7527 1
7528 1
7529 1
7530 4
7531 2
7532 1
7533 4
7534 1
7535 4
7536 3
7537 1
7538 6
7539 6
7540 5
7541 3
7542 0
7543 3
7544 2
7545 3
7546 3
7547 4
7548 4
7549 2
7550 3
7551 3
7552 3
7553 3
7554 5
7555 7
7556 7
7557 5
7558 5
7559 3
7560 0
7561 3
7562 3
7563 2
7564 2
7565 4
7566 4
7567 4
7568 6
7569 4
7570 3
7571 3
7572 4
7573 2
7574 1
7575 3
7576 3
7577 1
7578 2
7579 3
7580 2
7581 3
7582 2
7583 5
7584 7
7585 7
7586 7
7587 7
7588 6
7589 7
7590 7
7591 6
7592 4
7593 3
7594 4
7595 6
7596 5
7597 5
7598 4
7599 3
7600 3
7601 4
7602 5
7603 7
7604 4
7605 6
7606 6
7607 10
7608 12
7609 13
7610 13
7611 13
7612 14
7613 14
7614 13
7615 14
7616 15
7617 12
7618 13
7619 14
7620 14
7621 14
7622 16
7623 13
7624 11
7625 12
7626 13
7627 14
7628 14
7629 15
7630 12
7631 11
7632 12
7633 11
7634 11
7635 11
7636 10
7637 8
7638 8
7639 8
7640 7
7641 7
7642 5
7643 5
7644 4
7645 3
7646 1
7647 1
7648 1
7649 2
7650 4
7651 6
7652 7
7653 6
7654 6
7655 6
7656 4
7657 2
7658 1
7659 1
7660 1
7661 1
7662 4
7663 2
7664 3
7665 3
7666 3
7667 3
7668 3
7669 1
7670 2
7671 4
7672 6
7673 5
7674 3
7675 4
7676 5
7677 3
7678 2
7679 2
7680 2
7681 3
7682 0
7683 2
7684 2
7685 3
7686 2
7687 5
7688 4
7689 4
7690 3
7691 1
7692 3
7693 5
7694 5
7695 4
7696 4
7697 4
7698 4
7699 5
7700 7
7701 6
7702 7
7703 8
7704 7
7705 8
7706 11
7707 12
7708 14
7709 14
7710 12
7711 13
7712 14
7713 12
7714 13
7715 11
7716 10
7717 10
7718 8
7719 8
7720 6
7721 7
7722 7
7723 8
7724 9
7725 9
7726 7
7727 7
7728 5
7729 5
7730 5
7731 6
7732 5
7733 4
7734 4
7735 5
7736 5
7737 3
7738 2
7739 3
7740 4
7741 3
7742 2
7743 3
7744 2
7745 3
7746 1
7747 3
7748 2
7749 3
7750 3
7751 5
7752 4
7753 5
7754 2
7755 4
7756 6
7757 6
7758 6
7759 6
7760 6
7761 6
7762 4
7763 2
7764 5
7765 4
7766 2
7767 2
7768 0
7769 1
7770 1
7771 2
7772 2
7773 2
7774 5
7775 8
7776 9
7777 7
7778 5
7779 5
7780 5
7781 3
7782 1
7783 5
7784 5
7785 5
7786 7
7787 5
7788 5
7789 4
7790 4
7791 3
7792 2
7793 4
7794 3
7795 2
7796 2
7797 3
7798 4
7799 7
7800 6
7801 5
7802 4
7803 2
7804 3
7805 1
7806 4
7807 5
7808 3
7809 3
7810 2
7811 3
7812 2
7813 2
7814 3
7815 6
7816 5
7817 2
7818 3
7819 3
7820 3
7821 4
7822 4
7823 2
7824 2
7825 1
7826 2
7827 2
7828 2
7829 2
7830 4
7831 3
7832 3
7833 2
7834 2
7835 0
7836 2
7837 4
7838 4
7839 3
7840 3
7841 3
7842 4
7843 2
7844 2
7845 2
7846 1
7847 2
7848 4
7849 4
7850 3
7851 1
7852 5
7853 7
7854 9
7855 9
7856 8
7857 8
7858 7
7859 6
7860 6
7861 4
7862 1
7863 4
7864 2
7865 3
7866 3
7867 4
7868 6
7869 6
7870 5
7871 5
7872 5
7873 4
7874 5
7875 4
7876 4
7877 4
7878 3
7879 3
7880 3
7881 4
7882 3
7883 3
7884 4
7885 4
7886 3
7887 3
7888 2
7889 5
7890 6
7891 6
7892 5
7893 6
7894 3
7895 3
7896 4
7897 5
7898 6
7899 6
7900 5
7901 5
7902 7
7903 7
7904 7
7905 9
7906 10
7907 9
7908 8
7909 8
7910 6
7911 6
7912 6
7913 4
7914 4
7915 3
7916 3
7917 1
7918 2
7919 3
7920 3
7921 1
7922 2
7923 1
7924 0
7925 3
7926 4
7927 4
7928 3
7929 4
7930 3
7931 2
7932 4
7933 2
7934 4
7935 1
7936 2
7937 2
7938 4
7939 3
7940 3
7941 6
7942 7
7943 5
7944 5
7945 5
7946 7
7947 8
7948 8
7949 10
7950 10
7951 10
7952 10
7953 11
7954 11
7955 11
7956 11
7957 11
7958 11
7959 10
7960 10
7961 10
7962 10
7963 9
7964 10
7965 11
7966 10
7967 11
7968 11
7969 10
7970 10
7971 8
7972 8
7973 7
7974 4
7975 3
7976 2
7977 2
7978 4
7979 2
7980 5
7981 6
7982 6
7983 6
7984 5
7985 7
7986 6
7987 8
7988 9
7989 8
7990 9
7991 11
7992 12
7993 12
7994 12
7995 12
7996 11
7997 12
7998 12
7999 13
8000 14
8001 16
8002 13
8003 11
8004 13
8005 13
8006 12
8007 14
8008 14
8009 16
8010 13
8011 14
8012 15
8013 12
8014 9
8015 10
8016 10
8017 11
8018 12
8019 15
8020 12
8021 12
8022 12
8023 12
8024 12
8025 15
8026 12
8027 12
8028 12
8029 12
8030 12
8031 12
8032 12
8033 13
8034 13
8035 14
8036 15
8037 12
8038 11
8039 12
8040 10
8041 9
8042 11
8043 11
8044 11
8045 11
8046 12
8047 14
8048 13
8049 12
8050 13
8051 14
8052 15
8053 12
8054 13
8055 12
8056 11
8057 12
8058 15
8059 12
8060 11
8061 11
8062 12
8063 12
8064 12
8065 12
8066 10
8067 9
8068 10
8069 9
8070 10
8071 10
8072 12
8073 9
8074 9
8075 8
8076 7
8077 8
8078 7
8079 5
8080 5
8081 5
8082 5
8083 6
8084 8
8085 9
8086 8
8087 7
8088 6
8089 6
8090 6
8091 5
8092 5
8093 5
8094 6
8095 9
8096 11
8097 9
8098 10
8099 8
8100 10
8101 9
8102 10
8103 11
8104 12
8105 10
8106 10
8107 11
8108 10
8109 8
8110 8
8111 7
8112 6
8113 8
8114 5
8115 5
8116 6
8117 7
8118 6
8119 6
8120 6
8121 6
8122 6
8123 6
8124 6
8125 7
8126 6
8127 5
8128 6
8129 5
8130 5
8131 5
8132 5
8133 5
8134 6
8135 5
8136 2
8137 0
8138 2
8139 2
8140 0
8141 3
8142 3
8143 1
8144 2
8145 1
8146 4
8147 3
8148 1
8149 0
8150 1
8151 4
8152 4
8153 4
8154 4
8155 3
8156 3
8157 2
8158 2
8159 1
8160 3
8161 2
8162 1
8163 1
8164 4
8165 3
8166 4
8167 4
8168 5
8169 3
8170 1
8171 2
8172 4
8173 3
8174 6
8175 6
8176 6
8177 5
8178 6
8179 5
8180 6
8181 5
8182 3
8183 2
8184 5
8185 2
8186 3
8187 2
8188 1
8189 3
8190 5
8191 6
8192 8
8193 9
8194 11
8195 13
8196 11
8197 12
8198 13
8199 12
8200 13
8201 14
8202 15
8203 12
8204 13
8205 14
8206 15
8207 12
8208 13
8209 12
8210 12
8211 13
8212 12
8213 11
8214 11
8215 11
8216 12
8217 10
8218 8
8219 6
8220 4
8221 3
8222 0
8223 2
8224 2
8225 3
8226 2
8227 3
8228 2
8229 5
8230 6
8231 5
8232 6
8233 7
8234 8
8235 6
8236 5
8237 3
8238 3
8239 5
8240 4
8241 3
8242 2
8243 1
8244 5
8245 5
8246 6
8247 5
8248 4
8249 5
8250 7
8251 8
8252 9
8253 11
8254 11
8255 9
8256 9
8257 11
8258 11
8259 10
8260 9
8261 8
8262 8
8263 8
8264 7
8265 6
8266 4
8267 3
8268 3
8269 3
8270 3
8271 3
8272 2
8273 1
8274 2
8275 6
8276 5
8277 3
8278 4
8279 7
8280 6
8281 4
8282 3
8283 1
8284 2
8285 5
8286 3
8287 1
8288 0
8289 1
8290 1
8291 1
8292 4
8293 3
8294 3
8295 1
8296 3
8297 3
8298 3
8299 3
8300 2
8301 4
8302 3
8303 1
8304 2
8305 3
8306 3
8307 2
8308 3
8309 2
8310 1
8311 1
8312 2
8313 2
8314 1
8315 1
8316 5
8317 7
8318 6
8319 5
8320 3
8321 2
8322 1
8323 6
8324 6
8325 8
8326 7
8327 7
8328 7
8329 7
8330 8
8331 8
8332 7
8333 8
8334 9
8335 10
8336 8
8337 9
8338 7
8339 9
8340 9
8341 9
8342 10
8343 9
8344 10
8345 8
8346 8
8347 6
8348 7
8349 5
8350 7
8351 6
8352 5
8353 3
8354 6
8355 5
8356 8
8357 7
8358 8
8359 6
8360 6
8361 4
8362 4
8363 5
8364 5
8365 4
8366 4
8367 3
8368 4
8369 4
8370 4
8371 2
8372 2
8373 3
8374 3
8375 2
8376 2
8377 5
8378 5
8379 4
8380 5
8381 7
8382 7
8383 7
8384 6
8385 5
8386 8
8387 8
8388 7
8389 7
8390 7
8391 5
8392 6
8393 5
8394 2
8395 4
8396 5
8397 4
8398 4
8399 6
8400 5
8401 4
8402 6
8403 7
8404 6
8405 3
8406 2
8407 2
8408 3
8409 3
8410 4
8411 5
8412 6
8413 5
8414 6
8415 5
8416 7
8417 6
8418 7
8419 8
8420 8
8421 9
8422 8
8423 8
8424 6
8425 6
8426 6
8427 7
8428 6
8429 5
8430 4
8431 4
8432 3
8433 7
8434 8
8435 9
8436 7
8437 6
8438 6
8439 5
8440 5
8441 2
8442 2
8443 0
8444 3
8445 4
8446 4
8447 3
8448 1
8449 0
8450 3
8451 1
8452 1
8453 1
8454 3
8455 3
8456 2
8457 2
8458 5
8459 4
8460 3
8461 3
8462 5
8463 7
8464 5
8465 5
8466 5
8467 2
8468 5
8469 4
8470 4
8471 4
8472 4
8473 3
8474 2
8475 3
8476 1
8477 2
8478 1
8479 3
8480 3
8481 2
8482 3
8483 1
8484 5
8485 5
8486 4
8487 1
8488 1
8489 4
8490 2
8491 1
8492 5
8493 4
8494 3
8495 2
8496 7
8497 7
8498 7
8499 6
8500 6
8501 4
8502 6
8503 5
8504 4
8505 6
8506 9
8507 10
8508 9
8509 11
8510 9
8511 12
8512 13
8513 12
8514 13
8515 13
8516 12
8517 14
8518 15
8519 12
8520 10
8521 12
8522 12
8523 12
8524 13
8525 14
8526 13
8527 13
8528 15
8529 12
8530 14
8531 13
8532 13
8533 12
8534 12
8535 12
8536 12
8537 13
8538 11
8539 10
8540 10
8541 8
8542 7
8543 6
8544 4
8545 6
8546 5
8547 6
8548 5
8549 5
8550 6
8551 3
8552 4
8553 3
8554 2
8555 2
8556 2
8557 2
8558 2
8559 1
8560 1
8561 5
8562 5
8563 7
8564 6
8565 8
8566 9
8567 8
8568 5
8569 6
8570 5
8571 4
8572 5
8573 3
8574 3
8575 5
8576 7
8577 5
8578 6
8579 4
8580 3
8581 3
8582 5
8583 3
8584 2
8585 5
8586 6
8587 6
8588 5
8589 5
8590 6
8591 7
8592 5
8593 7
8594 6
8595 7
8596 7
8597 7
8598 7
8599 7
8600 7
8601 8
8602 7
8603 6
8604 5
8605 4
8606 3
8607 3
8608 3
8609 4
8610 4
8611 4
8612 3
8613 1
8614 1
8615 2
8616 4
8617 4
8618 5
8619 6
8620 5
8621 8
8622 7
8623 7
8624 7
8625 6
8626 5
8627 4
8628 4
8629 4
8630 4
8631 3
8632 5
8633 6
8634 5
8635 5
8636 3
8637 3
8638 4
8639 3
8640 2
8641 2
8642 2
8643 2
8644 1
8645 3
8646 3
8647 1
8648 5
8649 2
8650 2
8651 2
8652 2
8653 2
8654 0
8655 0
8656 1
8657 1
8658 4
8659 5
8660 3
8661 1
8662 1
8663 2
8664 3
8665 1
8666 5
8667 5
8668 6
8669 10
8670 9
8671 9
8672 6
8673 6
8674 5
8675 6
8676 5
8677 5
8678 5
8679 4
8680 6
8681 9
8682 9
8683 7
8684 8
8685 7
8686 5
8687 6
8688 6
8689 4
8690 3
8691 3
8692 3
8693 4
8694 4
8695 5
8696 3
8697 5
8698 3
8699 4
8700 6
8701 5
8702 4
8703 4
8704 5
8705 6
8706 8
8707 7
8708 7
8709 4
8710 7
8711 5
8712 6
8713 5
8714 6
8715 7
8716 6
8717 5
8718 5
8719 4
8720 2
8721 2
8722 3
8723 3
8724 2
8725 4
8726 5
8727 5
8728 4
8729 5
8730 4
8731 3
8732 2
8733 2
8734 4
8735 4
8736 3
8737 2
8738 2
8739 5
8740 4
8741 4
8742 5
8743 5
8744 4
8745 4
8746 3
8747 2
8748 3
8749 4
8750 4
8751 6
8752 6
8753 6
8754 5
8755 4
8756 5
8757 5
8758 6
8759 5
8760 4
8761 7
8762 7
8763 8
8764 9
8765 11
8766 10
8767 11
8768 12
8769 10
8770 12
8771 11
8772 10
8773 8
8774 6
8775 6
8776 4
8777 3
8778 5
8779 3
8780 3
8781 4
8782 4
8783 4
8784 7
8785 9
8786 9
8787 9
8788 8
8789 9
8790 11
8791 9
8792 9
8793 11
8794 13
8795 12
8796 12
8797 10
8798 10
8799 11
8800 9
8801 7
8802 5
8803 5
8804 4
8805 1
8806 4
8807 6
8808 6
8809 4
8810 3
8811 5
8812 6
8813 4
8814 2
8815 2
8816 5
8817 8
8818 8
8819 9
8820 8
8821 7
8822 6
8823 6
8824 9
8825 9
8826 10
8827 7
8828 7
8829 7
8830 7
8831 6
8832 5
8833 3
8834 2
8835 4
8836 3
8837 2
8838 4
8839 3
8840 1
8841 4
8842 4
8843 5
8844 6
8845 5
8846 4
8847 2
8848 4
8849 4
8850 5
8851 5
8852 5
8853 6
8854 5
8855 6
8856 6
8857 6
8858 6
8859 6
8860 5
8861 5
8862 4
8863 3
8864 2
8865 5
8866 4
8867 3
8868 4
8869 2
8870 5
8871 4
8872 5
8873 5
8874 3
8875 3
8876 5
8877 2
8878 2
8879 0
8880 1
8881 2
8882 1
8883 0
8884 0
8885 2
8886 2
8887 1
8888 2
8889 0
8890 6
8891 7
8892 8
8893 6
8894 7
8895 7
8896 7
8897 7
8898 6
8899 3
8900 0
8901 3
8902 2
8903 1
8904 2
8905 2
8906 1
8907 1
8908 1
8909 0
8910 1
8911 0
8912 4
8913 3
8914 2
8915 3
8916 2
8917 3
8918 2
8919 3
8920 3
8921 2
8922 3
8923 2
8924 3
8925 2
8926 0
8927 3
8928 1
8929 2
8930 1
8931 4
8932 3
8933 3
8934 4
8935 3
8936 2
8937 2
8938 2
8939 2
8940 3
8941 5
8942 5
8943 7
8944 6
8945 5
8946 8
8947 7
8948 7
8949 8
8950 7
8951 6
8952 3
8953 2
8954 4
8955 5
8956 3
8957 3
8958 3
8959 3
8960 6
8961 7
8962 8
8963 6
8964 5
8965 4
8966 4
8967 3
8968 3
8969 4
8970 2
8971 2
8972 3
8973 4
8974 3
8975 2
8976 3
8977 4
8978 2
8979 2
8980 4
8981 6
8982 4
8983 2
8984 1
8985 5
8986 6
8987 4
8988 5
8989 6
8990 4
8991 3
8992 4
8993 6
8994 5
8995 4
8996 4
8997 3
8998 2
8999 3
9000 2
9001 5
9002 2
9003 1
9004 2
9005 1
9006 2
9007 5
9008 5
9009 5
9010 6
9011 4
9012 3
9013 3
9014 1
9015 4
9016 5
9017 7
9018 6
9019 5
9020 3
9021 2
9022 1
9023 5
9024 4
9025 3
9026 0
9027 2
9028 3
9029 5
9030 6
9031 6
9032 8
9033 5
9034 8
9035 8
9036 8
9037 7
9038 5
9039 5
9040 4
9041 6
9042 7
9043 8
9044 6
9045 5
9046 7
9047 5
9048 5
9049 8
9050 7
9051 7
9052 7
9053 8
9054 9
9055 9
9056 11
9057 12
9058 12
9059 13
9060 12
9061 12
9062 10
9063 8
9064 5
9065 4
9066 2
9067 2
9068 1
9069 1
9070 1
9071 3
9072 3
9073 2
9074 1
9075 5
9076 4
9077 4
9078 4
9079 6
9080 6
9081 7
9082 8
9083 8
9084 8
9085 7
9086 5
9087 4
9088 5
9089 4
9090 5
9091 6
9092 5
9093 5
9094 3
9095 3
9096 1
9097 1
9098 3
9099 1
9100 3
9101 4
9102 4
9103 5
9104 6
9105 8
9106 10
9107 13
9108 13
9109 13
9110 11
9111 11
9112 11
9113 11
9114 8
9115 6
9116 5
9117 6
9118 4
9119 1
9120 1
9121 2
9122 1
9123 2
9124 3
9125 5
9126 5
9127 5
9128 7
9129 7
9130 6
9131 6
9132 7
9133 7
9134 8
9135 7
9136 8
9137 7
9138 8
9139 7
9140 7
9141 6
9142 5
9143 4
9144 2
9145 3
9146 4
9147 6
9148 9
9149 11
9150 12
9151 13
9152 14
9153 16
9154 13
9155 14
9156 15
9157 12
9158 11
9159 12
9160 14
9161 14
9162 13
9163 13
9164 16
9165 13
9166 14
9167 14
9168 17
9169 14
9170 13
9171 13
9172 15
9173 12
9174 13
9175 14
9176 12
9177 14
9178 14
9179 14
9180 14
9181 14
9182 15
9183 12
9184 13
9185 14
9186 14
9187 17
9188 14
9189 15
9190 12
9191 13
9192 13
9193 15
9194 12
9195 14
9196 13
9197 14
9198 13
9199 10
9200 12
9201 13
9202 12
9203 13
9204 12
9205 14
9206 12
9207 14
9208 14
9209 12
9210 11
9211 10
9212 10
9213 9
9214 8
9215 8
9216 8
9217 10
9218 8
9219 8
9220 7
9221 5
9222 3
9223 2
9224 3
9225 1
9226 4
9227 4
9228 2
9229 0
9230 5
9231 8
9232 9
9233 8
9234 8
9235 6
9236 6
9237 5
9238 5
9239 6
9240 6
9241 7
9242 7
9243 8
9244 8
9245 11
9246 9
9247 10
9248 9
9249 10
9250 11
9251 12
9252 11
9253 12
9254 11
9255 10
9256 8
9257 9
9258 9
9259 10
9260 9
9261 9
9262 11
9263 10
9264 10
9265 9
9266 10
9267 10
9268 11
9269 12
9270 12
9271 9
9272 7
9273 5
9274 2
9275 4
9276 3
9277 4
9278 5
9279 6
9280 8
9281 9
9282 10
9283 11
9284 9
9285 7
9286 7
9287 8
9288 8
9289 8
9290 7
9291 6
9292 7
9293 6
9294 5
9295 5
9296 4
9297 5
9298 5
9299 5
9300 5
9301 4
9302 2
9303 0
9304 3
9305 0
9306 4
9307 5
9308 5
9309 5
9310 4
9311 4
9312 4
9313 3
9314 2
9315 4
9316 4
9317 1
9318 3
9319 3
9320 2
9321 3
9322 2
9323 3
9324 2
9325 4
9326 4
9327 5
9328 7
9329 8
9330 6
9331 5
9332 4
9333 3
9334 1
9335 1
9336 2
9337 2
9338 2
9339 3
9340 2
9341 1
9342 3
9343 0
9344 2
9345 2
9346 2
9347 5
9348 5
9349 4
9350 4
9351 6
9352 6
9353 6
9354 6
9355 8
9356 9
9357 8
9358 8
9359 7
9360 6
9361 6
9362 7
9363 8
9364 6
9365 5
9366 6
9367 6
9368 9
9369 9
9370 10
9371 10
9372 9
9373 9
9374 9
9375 7
9376 6
9377 4
9378 4
9379 5
9380 6
9381 8
9382 8
9383 9
9384 8
9385 6
9386 4
9387 3
9388 3
9389 5
9390 5
9391 5
9392 4
9393 2
9394 3
9395 3
9396 4
9397 5
9398 6
9399 5
9400 5
9401 5
9402 5
9403 5
9404 4
9405 5
9406 4
9407 6
9408 6
9409 6
9410 5
9411 6
9412 7
9413 7
9414 8
9415 7
9416 6
9417 6
9418 4
9419 4
9420 4
9421 2
9422 3
9423 5
9424 3
9425 3
9426 2
9427 2
9428 3
9429 4
9430 3
9431 3
9432 1
9433 1
9434 2
9435 1
9436 3
9437 3
9438 3
9439 1
9440 4
9441 4
9442 3
9443 2
9444 3
9445 4
9446 3
9447 4
9448 4
9449 3
9450 0
9451 3
9452 4
9453 4
9454 6
9455 7
9456 5
9457 4
9458 5
9459 6
9460 6
9461 6
9462 7
9463 9
9464 11
9465 12
9466 13
9467 15
9468 12
9469 11
9470 11
9471 11
9472 12
9473 11
9474 10
9475 8
9476 8
9477 7
9478 6
9479 6
9480 6
9481 8
9482 5
9483 5
9484 4
9485 3
9486 5
9487 5
9488 3
9489 2
9490 0
9491 1
9492 3
9493 3
9494 3
9495 1
9496 2
9497 3
9498 3
9499 2
9500 3
9501 2
9502 1
9503 2
9504 3
9505 5
9506 3
9507 1
9508 4
9509 3
9510 5
9511 7
9512 7
9513 9
9514 9
9515 7
9516 8
9517 7
9518 8
9519 9
9520 8
9521 9
9522 8
9523 7
9524 9
9525 8
9526 10
9527 9
9528 11
9529 12
9530 12
9531 10
9532 8
9533 9
9534 10
9535 9
9536 9
9537 8
9538 6
9539 7
9540 8
9541 8
9542 7
9543 7
9544 8
9545 10
9546 10
9547 9
9548 8
9549 8
9550 6
9551 7
9552 7
9553 4
9554 2
9555 4
9556 3
9557 1
9558 5
9559 2
9560 2
9561 2
9562 1
9563 3
9564 0
9565 5
9566 7
9567 8
9568 8
9569 7
9570 7
9571 9
9572 9
9573 8
9574 8
9575 8
9576 8
9577 6
9578 5
9579 6
9580 5
9581 4
9582 4
9583 2
9584 2
9585 3
9586 3
9587 4
9588 6
9589 5
9590 5
9591 6
9592 7
9593 10
9594 9
9595 9
9596 9
9597 8
9598 7
9599 6
9600 7
9601 8
9602 8
9603 8
9604 9
9605 10
9606 10
9607 9
9608 9
9609 6
9610 6
9611 7
9612 5
9613 7
9614 7
9615 6
9616 4
9617 4
9618 5
9619 3
9620 1
9621 3
9622 4
9623 5
9624 4
9625 4
9626 6
9627 7
9628 5
9629 4
9630 5
9631 4
9632 1
9633 2
9634 2
9635 3
9636 2
9637 6
9638 5
9639 6
9640 8
9641 8
9642 8
9643 11
9644 9
9645 8
9646 8
9647 5
9648 3
9649 2
9650 3
9651 1
9652 5
9653 8
9654 10
9655 11
9656 12
9657 15
9658 12
9659 12
9660 11
9661 11
9662 12
9663 11
9664 11
9665 12
9666 11
9667 11
9668 15
9669 12
9670 12
9671 11
9672 11
9673 10
9674 11
9675 11
9676 12
9677 15
9678 12
9679 13
9680 12
9681 15
9682 12
9683 9
9684 10
9685 11
9686 12
9687 11
9688 11
9689 10
9690 12
9691 10
9692 9
9693 10
9694 8
9695 9
9696 7
9697 9
9698 9
9699 7
9700 8
9701 7
9702 6
9703 3
9704 4
9705 6
9706 8
9707 7
9708 7
9709 4
9710 4
9711 3
9712 1
9713 3
9714 2
9715 4
9716 5
9717 4
9718 6
9719 8
9720 9
9721 7
9722 6
9723 6
9724 5
9725 3
9726 3
9727 2
9728 2
9729 5
9730 3
9731 3
9732 4
9733 5
9734 4
9735 3
9736 2
9737 4
9738 4
9739 4
9740 4
9741 5
9742 5
9743 5
9744 4
9745 5
9746 6
9747 6
9748 5
9749 5
9750 5
9751 5
9752 5
9753 6
9754 5
9755 4
9756 2
9757 2
9758 1
9759 4
9760 6
9761 5
9762 6
9763 6
9764 5
9765 3
9766 1
9767 2
9768 4
9769 2
9770 1
9771 3
9772 3
9773 2
9774 3
9775 5
9776 4
9777 4
9778 5
9779 4
9780 1
9781 2
9782 2
9783 3
9784 3
9785 2
9786 0
9787 3
9788 3
9789 3
9790 5
9791 3
9792 2
9793 1
9794 2
9795 3
9796 6
9797 5
9798 6
9799 7
9800 7
9801 7
9802 7
9803 6
9804 5
9805 5
9806 4
9807 3
9808 5
9809 5
9810 5
9811 5
9812 4
9813 1
9814 1
9815 2
9816 1
9817 5
9818 6
9819 7
9820 7
9821 9
9822 8
9823 6
9824 5
9825 6
9826 5
9827 4
9828 5
9829 7
9830 6
9831 5
9832 7
9833 9
9834 8
9835 7
9836 4
9837 3
9838 2
9839 2
9840 2
9841 1
9842 1
9843 2
9844 1
9845 6
9846 4
9847 2
9848 1
9849 4
9850 2
9851 2
9852 1
9853 2
9854 2
9855 1
9856 3
9857 3
9858 2
9859 4
9860 3
9861 5
9862 3
9863 2
9864 2
9865 1
9866 4
9867 5
9868 4
9869 5
9870 3
9871 1
9872 5
9873 3
9874 3
9875 3
9876 5
9877 5
9878 3
9879 5
9880 5
9881 6
9882 8
9883 10
9884 8
9885 7
9886 8
9887 9
9888 9
9889 10
9890 10
9891 10
9892 9
9893 10
9894 11
9895 9
9896 7
9897 7
9898 8
9899 7
9900 8
9901 10
9902 8
9903 7
9904 8
9905 6
9906 6
9907 7
9908 6
9909 5
9910 2
9911 3
9912 4
9913 4
9914 4
9915 2
9916 3
9917 1
9918 2
9919 1
9920 3
9921 5
9922 4
9923 3
9924 4
9925 2
9926 2
9927 2
9928 2
9929 2
9930 2
9931 3
9932 1
9933 2
9934 3
9935 3
9936 0
9937 2
9938 2
9939 1
9940 1
9941 1
9942 1
9943 4
9944 2
9945 3
9946 3
9947 4
9948 6
9949 5
9950 6
9951 4
9952 3
9953 4
9954 3
9955 2
9956 3
9957 4
9958 2
9959 2
9960 5
9961 7
9962 7
9963 6
9964 7
9965 8
9966 8
9967 5
9968 5
9969 5
9970 7
9971 6
9972 5
9973 3
9974 5
9975 5
9976 3
9977 4
9978 5
9979 6
9980 6
9981 6
9982 6
9983 6
9984 4
9985 2
9986 1
9987 4
9988 4
9989 3
9990 2
9991 2
9992 1
9993 4
9994 4
9995 6
9996 4
9997 5
9998 6
9999 7
