0 5
1 3
2 2
3 3
4 5
5 7
6 7
7 6
8 7
9 8
10 8
11 10
12 10
13 10
14 11
15 14
16 14
17 15
18 12
19 12
20 14
21 13
22 14
23 15
24 12
25 11
26 11
27 11
28 13
29 14
30 15
31 12
32 10
33 9
34 7
35 6
36 8
37 9
38 9
39 9
40 7
41 7
42 9
43 10
44 10
45 8
46 8
47 7
48 9
49 9
50 8
51 9
52 9
53 8
54 7
55 8
56 14
57 14
58 15
59 12
60 12
61 11
62 12
63 12
64 10
65 9
66 8
67 6
68 5
69 6
70 5
71 3
72 3
73 3
74 3
75 2
76 2
77 5
78 6
79 6
80 5
81 2
82 2
83 4
84 3
85 4
86 2
87 2
88 5
89 4
90 4
91 4
92 3
93 2
94 4
95 2
96 3
97 2
98 3
99 3
100 3
101 1
102 3
103 3
104 6
105 6
106 9
107 12
108 10
109 8
110 7
111 6
112 7
113 9
114 10
115 10
116 10
117 12
118 10
119 10
120 10
121 12
122 12
123 10
124 8
125 8
126 7
127 7
128 8
129 11
130 11
131 9
132 9
133 12
134 11
135 11
136 12
137 11
138 12
139 10
140 8
141 6
142 6
143 5
144 5
145 6
146 5
147 9
148 9
149 10
150 11
151 11
152 10
153 11
154 12
155 10
156 10
157 11
158 11
159 11
160 8
161 7
162 9
163 8
164 8
165 8
166 6
167 9
168 12
169 11
170 10
171 10
172 11
173 11
174 10
175 9
176 6
177 4
178 3
179 5
180 4
181 2
182 6
183 8
184 8
185 9
186 11
187 12
188 11
189 12
190 13
191 10
192 12
193 13
194 12
195 13
196 12
197 11
198 12
199 10
200 10
201 10
202 10
203 12
204 13
205 12
206 13
207 13
208 11
209 15
210 12
211 13
212 11
213 9
214 10
215 8
216 12
217 14
218 14
219 13
220 12
221 11
222 9
223 9
224 9
225 9
226 9
227 11
228 12
229 12
230 12
231 17
232 14
233 13
234 13
235 11
236 11
237 10
238 9
239 7
240 8
241 8
242 6
243 5
244 7
245 4
246 4
247 5
248 4
249 6
250 4
251 8
252 9
253 12
254 13
255 12
256 9
257 8
258 10
259 12
260 11
261 8
262 8
263 7
264 7
265 5
266 4
267 3
268 0
269 3
270 2
271 2
272 1
273 2
274 4
275 5
276 4
277 5
278 5
279 5
280 7
281 6
282 7
283 5
284 6
285 4
286 3
287 2
288 5
289 5
290 6
291 6
292 5
293 4
294 6
295 7
296 6
297 6
298 6
299 7
300 6
301 7
302 7
303 6
304 5
305 3
306 4
307 3
308 6
309 3
310 5
311 9
312 9
313 8
314 7
315 8
316 10
317 12
318 10
319 13
320 12
321 11
322 10
323 9
324 9
325 12
326 12
327 12
328 12
329 13
330 11
331 11
332 9
333 8
334 8
335 8
336 9
337 7
338 6
339 7
340 5
341 6
342 7
343 8
344 8
345 9
346 7
347 6
348 5
349 4
350 3
351 3
352 2
353 3
354 3
355 3
356 2
357 4
358 4
359 5
360 5
361 5
362 7
363 7
364 7
365 5
366 4
367 6
368 7
369 5
370 5
371 4
372 4
373 5
374 6
375 6
376 5
377 5
378 2
379 5
380 6
381 4
382 4
383 4
384 7
385 6
386 5
387 4
388 5
389 8
390 8
391 7
392 6
393 6
394 7
395 7
396 8
397 6
398 4
399 2
400 3
401 1
402 3
403 3
404 0
405 4
406 3
407 1
408 3
409 2
410 1
411 2
412 2
413 4
414 4
415 7
416 8
417 9
418 11
419 10
420 11
421 10
422 9
423 7
424 8
425 7
426 5
427 6
428 6
429 4
430 4
431 5
432 6
433 5
434 3
435 5
436 3
437 1
438 4
439 3
440 2
441 2
442 5
443 4
444 3
445 6
446 5
447 4
448 3
449 4
450 2
451 2
452 3
453 3
454 1
455 5
456 5
457 5
458 7
459 6
460 4
461 2
462 3
463 1
464 2
465 2
466 1
467 4
468 4
469 4
470 4
471 5
472 4
473 3
474 3
475 3
476 5
477 7
478 6
479 4
480 5
481 2
482 2
483 3
484 3
485 2
486 5
487 5
488 4
489 4
490 2
491 6
492 8
493 10
494 10
495 13
496 12
497 11
498 12
499 10
500 9
501 9
502 8
503 6
504 5
505 6
506 7
507 11
508 10
509 10
510 9
511 9
512 10
513 13
514 15
515 12
516 10
517 9
518 7
519 6
520 5
521 5
522 6
523 5
524 3
525 4
526 4
527 4
528 5
529 5
530 8
531 7
532 7
533 7
534 9
535 8
536 9
537 9
538 12
539 10
540 8
541 6
542 4
543 5
544 5
545 4
546 2
547 2
548 6
549 8
550 7
551 9
552 9
553 8
554 9
555 10
556 9
557 7
558 6
559 6
560 3
561 3
562 5
563 3
564 3
565 2
566 2
567 1
568 8
569 7
570 7
571 7
572 7
573 7
574 7
575 7
576 6
577 6
578 7
579 8
580 6
581 6
582 4
583 3
584 2
585 4
586 3
587 2
588 4
589 5
590 4
591 5
592 9
593 9
594 8
595 7
596 7
597 7
598 7
599 8
600 6
601 7
602 5
603 8
604 9
605 11
606 11
607 13
608 16
609 13
610 15
611 12
612 11
613 10
614 10
615 12
616 12
617 11
618 10
619 11
620 11
621 11
622 12
623 11
624 13
625 11
626 11
627 10
628 8
629 6
630 4
631 7
632 9
633 12
634 10
635 8
636 8
637 7
638 7
639 7
640 7
641 8
642 8
643 8
644 9
645 11
646 12
647 13
648 13
649 14
650 17
651 14
652 14
653 13
654 15
655 12
656 10
657 10
658 10
659 10
660 11
661 12
662 9
663 8
664 6
665 9
666 9
667 8
668 7
669 7
670 6
671 4
672 5
673 5
674 7
675 9
676 7
677 8
678 6
679 5
680 6
681 6
682 3
683 4
684 4
685 4
686 3
687 4
688 4
689 3
690 2
691 2
692 0
693 3
694 4
695 3
696 3
697 3
698 3
699 2
700 2
701 3
702 5
703 2
704 1
705 3
706 4
707 5
708 5
709 4
710 2
711 4
712 5
713 4
714 4
715 4
716 4
717 3
718 3
719 1
720 3
721 3
722 4
723 7
724 8
725 6
726 5
727 3
728 4
729 2
730 2
731 3
732 4
733 1
734 3
735 2
736 1
737 1
738 5
739 4
740 5
741 5
742 5
743 4
744 5
745 5
746 5
747 4
748 4
749 1
750 3
751 3
752 4
753 4
754 4
755 3
756 4
757 3
758 3
759 3
760 2
761 1
762 5
763 7
764 9
765 11
766 11
767 10
768 9
769 9
770 9
771 9
772 9
773 8
774 12
775 10
776 8
777 9
778 9
779 7
780 6
781 3
782 4
783 3
784 3
785 1
786 2
787 1
788 2
789 3
790 2
791 4
792 3
793 4
794 6
795 7
796 5
797 6
798 5
799 4
800 4
801 6
802 5
803 5
804 4
805 2
806 3
807 5
808 6
809 6
810 5
811 7
812 9
813 7
814 7
815 7
816 8
817 7
818 4
819 2
820 4
821 2
822 2
823 5
824 2
825 3
826 5
827 3
828 3
829 3
830 3
831 2
832 3
833 3
834 2
835 5
836 2
837 6
838 5
839 5
840 3
841 7
842 6
843 8
844 8
845 8
846 10
847 9
848 10
849 13
850 13
851 11
852 8
853 9
854 9
855 10
856 11
857 8
858 9
859 9
860 8
861 7
862 7
863 8
864 10
865 8
866 6
867 4
868 5
869 5
870 4
871 4
872 2
873 5
874 5
875 5
876 5
877 4
878 2
879 6
880 4
881 2
882 1
883 2
884 1
885 3
886 3
887 5
888 5
889 5
890 2
891 3
892 2
893 0
894 4
895 5
896 3
897 4
898 3
899 3
900 3
901 5
902 6
903 7
904 5
905 3
906 1
907 4
908 1
909 2
910 5
911 3
912 3
913 3
914 1
915 1
916 2
917 1
918 3
919 2
920 5
921 4
922 5
923 4
924 5
925 3
926 5
927 6
928 9
929 10
930 7
931 9
932 8
933 8
934 8
935 8
936 8
937 6
938 7
939 8
940 7
941 7
942 6
943 4
944 2
945 2
946 4
947 3
948 1
949 1
950 6
951 5
952 6
953 8
954 8
955 10
956 8
957 11
958 9
959 11
960 11
961 9
962 8
963 10
964 11
965 10
966 8
967 9
968 9
969 7
970 8
971 13
972 13
973 12
974 14
975 13
976 14
977 12
978 13
979 12
980 11
981 10
982 9
983 7
984 8
985 10
986 7
987 5
988 6
989 4
990 4
991 5
992 6
993 8
994 6
995 4
996 3
997 3
998 0
999 2
1000 3
1001 0
1002 2
1003 4
1004 3
1005 2
1006 2
1007 1
1008 2
1009 3
1010 2
1011 1
1012 4
1013 3
1014 3
1015 4
1016 3
1017 6
1018 7
1019 7
1020 6
1021 6
1022 3
1023 6
1024 4
1025 1
1026 3
1027 1
1028 2
1029 1
1030 3
1031 2
1032 6
1033 5
1034 3
1035 1
1036 2
1037 5
1038 3
1039 6
1040 4
1041 3
1042 4
1043 1
1044 3
1045 3
1046 1
1047 1
1048 5
1049 6
1050 5
1051 5
1052 7
1053 6
1054 7
1055 9
1056 9
1057 10
1058 7
1059 6
1060 5
1061 6
1062 5
1063 3
1064 6
1065 6
1066 5
1067 3
1068 1
1069 3
1070 5
1071 6
1072 5
1073 4
1074 6
1075 5
1076 6
1077 6
1078 7
1079 7
1080 7
1081 6
1082 6
1083 5
1084 5
1085 5
1086 4
1087 4
1088 2
1089 0
1090 5
1091 3
1092 1
1093 5
1094 4
1095 3
1096 2
1097 2
1098 1
1099 6
1100 5
1101 4
1102 2
1103 4
1104 3
1105 3
1106 4
1107 5
1108 7
1109 9
1110 7
1111 8
1112 8
1113 6
1114 6
1115 4
1116 5
1117 3
1118 1
1119 1
1120 2
1121 2
1122 6
1123 4
1124 5
1125 7
1126 8
1127 8
1128 7
1129 9
1130 10
1131 12
1132 13
1133 15
1134 12
1135 12
1136 15
1137 12
1138 12
1139 10
1140 10
1141 9
1142 9
1143 9
1144 9
1145 6
1146 4
1147 4
1148 6
1149 5
1150 4
1151 5
1152 3
1153 4
1154 6
1155 7
1156 9
1157 10
1158 8
1159 8
1160 8
1161 7
1162 6
1163 9
1164 8
1165 6
1166 6
1167 4
1168 7
1169 5
1170 4
1171 7
1172 7
1173 9
1174 11
1175 11
1176 9
1177 8
1178 7
1179 7
1180 5
1181 3
1182 2
1183 1
1184 3
1185 1
1186 5
1187 4
1188 6
1189 5
1190 3
1191 2
1192 3
1193 2
1194 3
1195 1
1196 0
1197 2
1198 4
1199 5
1200 7
1201 8
1202 5
1203 5
1204 3
1205 1
1206 2
1207 6
1208 4
1209 5
1210 5
1211 3
1212 1
1213 4
1214 3
1215 1
1216 2
1217 3
1218 5
1219 5
1220 4
1221 4
1222 5
1223 6
1224 6
1225 5
1226 3
1227 2
1228 3
1229 3
1230 6
1231 7
1232 8
1233 9
1234 10
1235 10
1236 9
1237 8
1238 6
1239 8
1240 8
1241 7
1242 9
1243 8
1244 9
1245 10
1246 11
1247 10
1248 12
1249 16
1250 13
1251 12
1252 14
1253 18
1254 15
1255 12
1256 9
1257 8
1258 7
1259 6
1260 6
1261 5
1262 5
1263 5
1264 5
1265 5
1266 3
1267 4
1268 5
1269 4
1270 2
1271 3
1272 3
1273 2
1274 3
1275 4
1276 2
1277 1
1278 3
1279 5
1280 4
1281 3
1282 4
1283 6
1284 6
1285 8
1286 8
1287 8
1288 6
1289 5
1290 2
1291 3
1292 4
1293 5
1294 4
1295 7
1296 7
1297 9
1298 8
1299 6
1300 5
1301 5
1302 6
1303 4
1304 3
1305 4
1306 4
1307 2
1308 0
1309 2
1310 3
1311 2
1312 4
1313 5
1314 4
1315 2
1316 4
1317 4
1318 3
1319 4
1320 1
1321 4
1322 3
1323 1
1324 3
1325 3
1326 0
1327 2
1328 4
1329 4
1330 3
1331 5
1332 3
1333 3
1334 3
1335 2
1336 1
1337 1
1338 2
1339 2
1340 4
1341 3
1342 4
1343 5
1344 6
1345 6
1346 7
1347 7
1348 4
1349 6
1350 5
1351 5
1352 8
1353 8
1354 9
1355 8
1356 5
1357 4
1358 4
1359 5
1360 5
1361 7
1362 6
1363 6
1364 5
1365 6
1366 4
1367 7
1368 8
1369 6
1370 4
1371 4
1372 5
1373 5
1374 3
1375 4
1376 5
1377 5
1378 7
1379 7
1380 7
1381 4
1382 4
1383 4
1384 3
1385 1
1386 2
1387 3
1388 3
1389 3
1390 2
1391 6
1392 6
1393 5
1394 5
1395 4
1396 7
1397 7
1398 10
1399 8
1400 7
1401 7
1402 5
1403 4
1404 4
1405 3
1406 3
1407 4
1408 5
1409 3
1410 2
1411 4
1412 1
1413 3
1414 4
1415 6
1416 5
1417 7
1418 7
1419 7
1420 5
1421 5
1422 6
1423 5
1424 3
1425 5
1426 4
1427 5
1428 3
1429 1
1430 1
1431 5
1432 3
1433 2
1434 4
1435 7
1436 8
1437 10
1438 12
1439 11
1440 10
1441 8
1442 10
1443 11
1444 12
1445 11
1446 12
1447 11
1448 12
1449 14
1450 12
1451 11
1452 12
1453 11
1454 9
1455 7
1456 5
1457 3
1458 1
1459 2
1460 5
1461 7
1462 8
1463 8
1464 8
1465 8
1466 7
1467 6
1468 7
1469 6
1470 5
1471 5
1472 6
1473 6
1474 4
1475 4
1476 5
1477 6
1478 8
1479 8
1480 9
1481 8
1482 7
1483 8
1484 7
1485 6
1486 4
1487 3
1488 4
1489 4
1490 3
1491 2
1492 4
1493 2
1494 4
1495 2
1496 1
1497 6
1498 4
1499 3
1500 3
1501 3
1502 0
1503 2
1504 5
1505 5
1506 5
1507 10
1508 9
1509 10
1510 10
1511 10
1512 10
1513 10
1514 9
1515 8
1516 10
1517 13
1518 12
1519 12
1520 14
1521 15
1522 12
1523 13
1524 14
1525 13
1526 15
1527 12
1528 13
1529 12
1530 10
1531 11
1532 15
1533 12
1534 12
1535 11
1536 12
1537 12
1538 15
1539 12
1540 10
1541 10
1542 10
1543 8
1544 8
1545 8
1546 6
1547 9
1548 7
1549 5
1550 4
1551 5
1552 6
1553 4
1554 5
1555 2
1556 3
1557 3
1558 2
1559 3
1560 5
1561 4
1562 4
1563 5
1564 6
1565 5
1566 5
1567 3
1568 4
1569 3
1570 2
1571 1
1572 3
1573 5
1574 5
1575 3
1576 3
1577 4
1578 3
1579 1
1580 3
1581 3
1582 4
1583 4
1584 5
1585 5
1586 3
1587 4
1588 4
1589 6
1590 8
1591 8
1592 7
1593 10
1594 10
1595 11
1596 11
1597 9
1598 9
1599 6
1600 9
1601 7
1602 7
1603 4
1604 4
1605 3
1606 4
1607 4
1608 3
1609 4
1610 2
1611 4
1612 6
1613 5
1614 6
1615 8
1616 5
1617 3
1618 4
1619 2
1620 3
1621 2
1622 2
1623 4
1624 3
1625 3
1626 1
1627 5
1628 4
1629 3
1630 5
1631 3
1632 2
1633 2
1634 2
1635 0
1636 2
1637 3
1638 1
1639 1
1640 5
1641 6
1642 3
1643 2
1644 3
1645 4
1646 3
1647 1
1648 6
1649 5
1650 3
1651 0
1652 2
1653 2
1654 3
1655 2
1656 1
1657 2
1658 4
1659 4
1660 3
1661 2
1662 0
1663 1
1664 0
1665 3
1666 4
1667 5
1668 6
1669 6
1670 7
1671 4
1672 4
1673 1
1674 3
1675 4
1676 2
1677 2
1678 4
1679 4
1680 6
1681 6
1682 6
1683 5
1684 4
1685 8
1686 9
1687 8
1688 7
1689 8
1690 7
1691 7
1692 9
1693 10
1694 10
1695 9
1696 8
1697 5
1698 6
1699 7
1700 7
1701 8
1702 7
1703 8
1704 10
1705 9
1706 10
1707 13
1708 13
1709 11
1710 12
1711 13
1712 14
1713 13
1714 12
1715 11
1716 11
1717 16
1718 13
1719 13
1720 15
1721 12
1722 11
1723 12
1724 11
1725 11
1726 12
1727 11
1728 11
1729 9
1730 9
1731 9
1732 7
1733 8
1734 8
1735 8
1736 7
1737 6
1738 7
1739 8
1740 8
1741 8
1742 8
1743 7
1744 7
1745 9
1746 9
1747 10
1748 8
1749 6
1750 4
1751 2
1752 3
1753 1
1754 3
1755 2
1756 2
1757 3
1758 2
1759 3
1760 3
1761 3
1762 1
1763 4
1764 4
1765 2
1766 1
1767 1
1768 3
1769 1
1770 3
1771 2
1772 2
1773 2
1774 5
1775 5
1776 7
1777 6
1778 3
1779 3
1780 1
1781 5
1782 6
1783 6
1784 5
1785 6
1786 4
1787 3
1788 2
1789 0
1790 1
1791 4
1792 5
1793 2
1794 3
1795 0
1796 5
1797 3
1798 4
1799 3
1800 6
1801 8
1802 9
1803 10
1804 8
1805 9
1806 10
1807 13
1808 13
1809 12
1810 12
1811 11
1812 9
1813 11
1814 9
1815 9
1816 6
1817 7
1818 6
1819 5
1820 5
1821 3
1822 7
1823 6
1824 6
1825 6
1826 6
1827 6
1828 5
1829 7
1830 6
1831 4
1832 3
1833 4
1834 5
1835 5
1836 6
1837 4
1838 4
1839 5
1840 2
1841 1
1842 2
1843 0
1844 3
1845 4
1846 8
1847 8
1848 7
1849 9
1850 10
1851 9
1852 7
1853 5
1854 6
1855 6
1856 8
1857 8
1858 8
1859 8
1860 6
1861 5
1862 7
1863 5
1864 3
1865 2
1866 1
1867 3
1868 1
1869 2
1870 5
1871 3
1872 2
1873 2
1874 3
1875 2
1876 3
1877 1
1878 3
1879 4
1880 4
1881 4
1882 5
1883 5
1884 5
1885 8
1886 11
1887 11
1888 13
1889 11
1890 12
1891 12
1892 14
1893 17
1894 14
1895 12
1896 12
1897 13
1898 11
1899 12
1900 13
1901 13
1902 12
1903 13
1904 14
1905 14
1906 15
1907 12
1908 10
1909 10
1910 8
1911 8
1912 9
1913 8
1914 7
1915 11
1916 10
1917 9
1918 10
1919 11
1920 10
1921 10
1922 13
1923 12
1924 9
1925 8
1926 10
1927 11
1928 9
1929 7
1930 7
1931 6
1932 6
1933 8
1934 7
1935 7
1936 9
1937 8
1938 7
1939 8
1940 6
1941 6
1942 8
1943 9
1944 9
1945 6
1946 4
1947 4
1948 5
1949 2
1950 4
1951 2
1952 4
1953 5
1954 7
1955 10
1956 10
1957 10
1958 13
1959 12
1960 12
1961 12
1962 12
1963 13
1964 12
1965 10
1966 10
1967 12
1968 13
1969 13
1970 12
1971 11
1972 12
1973 10
1974 12
1975 11
1976 11
1977 9
1978 7
1979 8
1980 7
1981 8
1982 9
1983 12
1984 11
1985 10
1986 10
1987 12
1988 13
1989 14
1990 12
1991 11
1992 12
1993 16
1994 13
1995 14
1996 15
1997 12
1998 11
1999 10
2000 9
2001 8
2002 7
2003 5
2004 9
2005 8
2006 8
2007 6
2008 8
2009 6
2010 8
2011 7
2012 7
2013 8
2014 11
2015 13
2016 14
2017 14
2018 14
2019 14
2020 14
2021 12
2022 12
2023 14
2024 12
2025 11
2026 10
2027 11
2028 13
2029 11
2030 12
2031 11
2032 8
2033 8
2034 11
2035 13
2036 14
2037 11
2038 11
2039 13
2040 12
2041 10
2042 9
2043 9
2044 9
2045 9
2046 8
2047 9
2048 13
2049 13
2050 13
2051 13
2052 13
2053 15
2054 12
2055 11
2056 12
2057 10
2058 9
2059 9
2060 9
2061 7
2062 5
2063 3
2064 2
2065 3
2066 3
2067 2
2068 1
2069 1
2070 3
2071 3
2072 4
2073 3
2074 2
2075 3
2076 4
2077 6
2078 4
2079 5
2080 3
2081 1
2082 2
2083 4
2084 4
2085 3
2086 3
2087 4
2088 2
2089 3
2090 2
2091 1
2092 5
2093 7
2094 9
2095 9
2096 7
2097 7
2098 7
2099 5
2100 4
2101 3
2102 5
2103 5
2104 5
2105 3
2106 2
2107 4
2108 2
2109 4
2110 4
2111 2
2112 6
2113 5
2114 5
2115 3
2116 3
2117 4
2118 3
2119 4
2120 6
2121 6
2122 7
2123 7
2124 8
2125 8
2126 7
2127 4
2128 6
2129 7
2130 9
2131 9
2132 8
2133 7
2134 7
2135 4
2136 3
2137 2
2138 5
2139 5
2140 3
2141 0
2142 4
2143 1
2144 2
2145 3
2146 2
2147 1
2148 4
2149 4
2150 3
2151 0
2152 3
2153 2
2154 2
2155 5
2156 5
2157 5
2158 3
2159 1
2160 2
2161 3
2162 5
2163 5
2164 6
2165 6
2166 6
2167 7
2168 8
2169 6
2170 8
2171 8
2172 8
2173 8
2174 7
2175 9
2176 9
2177 9
2178 8
2179 7
2180 6
2181 6
2182 8
2183 5
2184 4
2185 2
2186 5
2187 6
2188 5
2189 4
2190 5
2191 5
2192 6
2193 6
2194 4
2195 2
2196 5
2197 5
2198 3
2199 1
2200 4
2201 4
2202 4
2203 2
2204 2
2205 5
2206 5
2207 3
2208 2
2209 5
2210 5
2211 5
2212 3
2213 1
2214 2
2215 2
2216 2
2217 2
2218 3
2219 4
2220 3
2221 3
2222 3
2223 3
2224 3
2225 2
2226 3
2227 2
2228 2
2229 4
2230 2
2231 2
2232 1
2233 6
2234 7
2235 6
2236 3
2237 3
2238 2
2239 3
2240 1
2241 3
2242 6
2243 7
2244 7
2245 4
2246 2
2247 3
2248 0
2249 4
2250 5
2251 5
2252 3
2253 2
2254 2
2255 3
2256 5
2257 4
2258 5
2259 4
2260 2
2261 6
2262 8
2263 10
2264 10
2265 10
2266 10
2267 9
2268 7
2269 6
2270 8
2271 7
2272 6
2273 4
2274 6
2275 5
2276 6
2277 4
2278 2
2279 2
2280 3
2281 4
2282 5
2283 5
2284 6
2285 7
2286 6
2287 7
2288 6
2289 5
2290 7
2291 6
2292 7
2293 5
2294 5
2295 5
2296 5
2297 7
2298 4
2299 2
2300 2
2301 4
2302 5
2303 5
2304 5
2305 4
2306 1
2307 2
2308 2
2309 2
2310 2
2311 2
2312 2
2313 3
2314 5
2315 4
2316 5
2317 8
2318 7
2319 9
2320 9
2321 7
2322 8
2323 7
2324 5
2325 4
2326 3
2327 4
2328 3
2329 3
2330 2
2331 4
2332 3
2333 4
2334 4
2335 4
2336 6
2337 6
2338 5
2339 4
2340 4
2341 4
2342 3
2343 3
2344 2
2345 6
2346 5
2347 8
2348 7
2349 9
2350 10
2351 8
2352 10
2353 9
2354 9
2355 8
2356 8
2357 9
2358 7
2359 7
2360 6
2361 5
2362 4
2363 1
2364 7
2365 8
2366 9
2367 9
2368 9
2369 9
2370 12
2371 13
2372 13
2373 14
2374 14
2375 13
2376 12
2377 13
2378 16
2379 13
2380 12
2381 11
2382 12
2383 12
2384 9
2385 9
2386 11
2387 12
2388 13
2389 13
2390 13
2391 14
2392 15
2393 12
2394 13
2395 14
2396 13
2397 17
2398 14
2399 14
2400 16
2401 13
2402 16
2403 13
2404 14
2405 13
2406 15
2407 12
2408 11
2409 9
2410 10
2411 8
2412 9
2413 7
2414 6
2415 8
2416 7
2417 5
2418 4
2419 7
2420 8
2421 6
2422 7
2423 4
2424 3
2425 3
2426 4
2427 2
2428 2
2429 5
2430 6
2431 6
2432 5
2433 7
2434 5
2435 3
2436 3
2437 3
2438 3
2439 6
2440 6
2441 7
2442 5
2443 5
2444 5
2445 3
2446 0
2447 3
2448 4
2449 1
2450 4
2451 5
2452 4
2453 5
2454 5
2455 2
2456 4
2457 8
2458 10
2459 8
2460 11
2461 10
2462 10
2463 12
2464 10
2465 11
2466 15
2467 12
2468 13
2469 13
2470 14
2471 12
2472 12
2473 12
2474 13
2475 12
2476 9
2477 9
2478 12
2479 12
2480 9
2481 11
2482 10
2483 9
2484 8
2485 9
2486 8
2487 5
2488 3
2489 3
2490 4
2491 3
2492 4
2493 1
2494 2
2495 2
2496 3
2497 5
2498 4
2499 5
2500 4
2501 2
2502 5
2503 6
2504 4
2505 2
2506 4
2507 4
2508 6
2509 4
2510 7
2511 7
2512 5
2513 4
2514 4
2515 3
2516 4
2517 6
2518 5
2519 6
2520 5
2521 11
2522 12
2523 11
2524 11
2525 8
2526 10
2527 9
2528 8
2529 9
2530 8
2531 13
2532 13
2533 12
2534 10
2535 11
2536 9
2537 7
2538 7
2539 8
2540 9
2541 8
2542 8
2543 9
2544 6
2545 7
2546 10
2547 8
2548 8
2549 6
2550 5
2551 3
2552 3
2553 5
2554 4
2555 3
2556 2
2557 1
2558 2
2559 3
2560 3
2561 6
2562 6
2563 5
2564 2
2565 2
2566 1
2567 3
2568 0
2569 1
2570 3
2571 3
2572 6
2573 7
2574 7
2575 5
2576 6
2577 5
2578 7
2579 6
2580 4
2581 5
2582 3
2583 1
2584 1
2585 2
2586 4
2587 6
2588 8
2589 6
2590 6
2591 3
2592 1
2593 5
2594 6
2595 5
2596 5
2597 4
2598 3
2599 1
2600 5
2601 7
2602 5
2603 3
2604 5
2605 8
2606 6
2607 9
2608 10
2609 11
2610 11
2611 10
2612 9
2613 9
2614 10
2615 11
2616 12
2617 12
2618 10
2619 10
2620 11
2621 12
2622 12
2623 13
2624 13
2625 13
2626 10
2627 10
2628 7
2629 8
2630 8
2631 9
2632 8
2633 6
2634 6
2635 4
2636 3
2637 1
2638 6
2639 8
2640 6
2641 8
2642 7
2643 8
2644 8
2645 9
2646 8
2647 8
2648 7
2649 6
2650 5
2651 6
2652 3
2653 3
2654 2
2655 4
2656 5
2657 4
2658 3
2659 1
2660 5
2661 5
2662 5
2663 3
2664 1
2665 4
2666 2
2667 4
2668 4
2669 2
2670 3
2671 4
2672 5
2673 4
2674 1
2675 3
2676 0
2677 3
2678 2
2679 4
2680 5
2681 4
2682 4
2683 5
2684 8
2685 7
2686 6
2687 7
2688 10
2689 13
2690 15
2691 12
2692 14
2693 14
2694 11
2695 14
2696 14
2697 15
2698 12
2699 13
2700 13
2701 14
2702 13
2703 12
2704 11
2705 12
2706 12
2707 12
2708 15
2709 12
2710 9
2711 10
2712 10
2713 13
2714 11
2715 15
2716 12
2717 14
2718 14
2719 14
2720 14
2721 14
2722 17
2723 14
2724 13
2725 14
2726 12
2727 10
2728 9
2729 10
2730 12
2731 11
2732 9
2733 8
2734 8
2735 10
2736 10
2737 9
2738 11
2739 12
2740 11
2741 13
2742 14
2743 13
2744 12
2745 10
2746 10
2747 12
2748 9
2749 8
2750 8
2751 8
2752 7
2753 7
2754 5
2755 7
2756 7
2757 5
2758 4
2759 6
2760 7
2761 9
2762 6
2763 5
2764 5
2765 7
2766 5
2767 4
2768 5
2769 5
2770 6
2771 7
2772 5
2773 5
2774 3
2775 2
2776 4
2777 3
2778 2
2779 3
2780 2
2781 2
2782 2
2783 7
2784 4
2785 4
2786 6
2787 5
2788 4
2789 3
2790 0
2791 9
2792 6
2793 4
2794 6
2795 6
2796 4
2797 4
2798 1
2799 4
2800 4
2801 5
2802 5
2803 6
2804 6
2805 7
2806 6
2807 3
2808 5
2809 5
2810 7
2811 7
2812 6
2813 4
2814 2
2815 5
2816 7
2817 5
2818 3
2819 2
2820 3
2821 2
2822 1
2823 1
2824 2
2825 5
2826 2
2827 5
2828 6
2829 6
2830 7
2831 4
2832 5
2833 6
2834 8
2835 7
2836 7
2837 5
2838 4
2839 5
2840 4
2841 5
2842 3
2843 3
2844 2
2845 4
2846 4
2847 7
2848 9
2849 9
2850 9
2851 9
2852 8
2853 10
2854 9
2855 8
2856 8
2857 8
2858 8
2859 5
2860 7
2861 8
2862 8
2863 7
2864 6
2865 6
2866 5
2867 6
2868 7
2869 8
2870 5
2871 5
2872 5
2873 2
2874 0
2875 4
2876 4
2877 4
2878 2
2879 2
2880 3
2881 4
2882 5
2883 3
2884 4
2885 7
2886 9
2887 10
2888 10
2889 12
2890 12
2891 13
2892 11
2893 10
2894 10
2895 9
2896 10
2897 10
2898 9
2899 10
2900 8
2901 8
2902 6
2903 5
2904 4
2905 3
2906 5
2907 4
2908 5
2909 4
2910 4
2911 5
2912 6
2913 5
2914 2
2915 3
2916 3
2917 4
2918 4
2919 4
2920 3
2921 6
2922 6
2923 6
2924 3
2925 3
2926 0
2927 1
2928 3
2929 3
2930 5
2931 4
2932 4
2933 7
2934 9
2935 7
2936 7
2937 6
2938 8
2939 6
2940 5
2941 6
2942 5
2943 4
2944 4
2945 6
2946 7
2947 8
2948 8
2949 7
2950 5
2951 5
2952 2
2953 3
2954 2
2955 3
2956 2
2957 4
2958 2
2959 3
2960 2
2961 3
2962 2
2963 3
2964 4
2965 2
2966 2
2967 2
2968 4
2969 6
2970 6
2971 7
2972 7
2973 7
2974 5
2975 4
2976 3
2977 6
2978 6
2979 6
2980 7
2981 7
2982 7
2983 7
2984 6
2985 3
2986 3
2987 4
2988 3
2989 3
2990 3
2991 5
2992 4
2993 6
2994 6
2995 5
2996 6
2997 7
2998 9
2999 11
3000 11
3001 9
3002 8
3003 6
3004 8
3005 9
3006 8
3007 9
3008 8
3009 9
3010 11
3011 13
3012 14
3013 14
3014 13
3015 12
3016 13
3017 13
3018 14
3019 18
3020 15
3021 12
3022 13
3023 14
3024 13
3025 14
3026 13
3027 14
3028 16
3029 13
3030 17
3031 14
3032 15
3033 12
3034 13
3035 14
3036 14
3037 13
3038 13
3039 12
3040 13
3041 16
3042 13
3043 12
3044 11
3045 15
3046 12
3047 11
3048 10
3049 7
3050 7
3051 5
3052 5
3053 3
3054 4
3055 4
3056 4
3057 5
3058 4
3059 8
3060 11
3061 11
3062 11
3063 9
3064 10
3065 11
3066 13
3067 14
3068 11
3069 11
3070 10
3071 10
3072 10
3073 10
3074 9
3075 11
3076 11
3077 11
3078 10
3079 11
3080 10
3081 9
3082 9
3083 8
3084 7
3085 7
3086 6
3087 6
3088 6
3089 6
3090 5
3091 4
3092 5
3093 3
3094 4
3095 8
3096 9
3097 9
3098 9
3099 12
3100 13
3101 12
3102 13
3103 12
3104 17
3105 14
3106 11
3107 12
3108 13
3109 12
3110 14
3111 14
3112 11
3113 9
3114 11
3115 10
3116 10
3117 8
3118 7
3119 8
3120 8
3121 6
3122 6
3123 5
3124 4
3125 6
3126 7
3127 7
3128 7
3129 4
3130 3
3131 2
3132 4
3133 5
3134 2
3135 2
3136 3
3137 2
3138 3
3139 2
3140 3
3141 6
3142 5
3143 2
3144 3
3145 1
3146 7
3147 8
3148 6
3149 6
3150 6
3151 6
3152 9
3153 8
3154 8
3155 9
3156 9
3157 7
3158 7
3159 10
3160 10
3161 10
3162 8
3163 10
3164 11
3165 9
3166 7
3167 7
3168 5
3169 4
3170 4
3171 5
3172 4
3173 4
3174 4
3175 4
3176 3
3177 3
3178 1
3179 3
3180 2
3181 2
3182 2
3183 2
3184 1
3185 5
3186 7
3187 11
3188 13
3189 12
3190 10
3191 11
3192 8
3193 8
3194 7
3195 8
3196 8
3197 9
3198 6
3199 7
3200 7
3201 8
3202 6
3203 5
3204 5
3205 5
3206 6
3207 5
3208 7
3209 4
3210 2
3211 5
3212 6
3213 4
3214 3
3215 2
3216 4
3217 4
3218 4
3219 4
3220 3
3221 1
3222 1
3223 2
3224 1
3225 4
3226 5
3227 6
3228 4
3229 6
3230 6
3231 7
3232 8
3233 8
3234 6
3235 6
3236 6
3237 6
3238 4
3239 4
3240 3
3241 0
3242 2
3243 6
3244 6
3245 7
3246 8
3247 6
3248 8
3249 8
3250 6
3251 6
3252 7
3253 6
3254 7
3255 5
3256 3
3257 1
3258 4
3259 3
3260 2
3261 5
3262 7
3263 7
3264 8
3265 6
3266 4
3267 4
3268 2
3269 3
3270 6
3271 5
3272 6
3273 7
3274 8
3275 9
3276 9
3277 8
3278 7
3279 7
3280 8
3281 8
3282 9
3283 11
3284 11
3285 11
3286 10
3287 11
3288 12
3289 12
3290 12
3291 10
3292 7
3293 6
3294 4
3295 7
3296 7
3297 6
3298 4
3299 1
3300 7
3301 7
3302 7
3303 7
3304 9
3305 10
3306 11
3307 10
3308 12
3309 13
3310 12
3311 15
3312 12
3313 10
3314 10
3315 9
3316 11
3317 16
3318 13
3319 14
3320 15
3321 12
3322 15
3323 12
3324 11
3325 10
3326 11
3327 10
3328 10
3329 9
3330 9
3331 9
3332 8
3333 7
3334 6
3335 6
3336 7
3337 10
3338 8
3339 6
3340 6
3341 5
3342 3
3343 6
3344 4
3345 5
3346 6
3347 5
3348 7
3349 8
3350 6
3351 6
3352 9
3353 11
3354 9
3355 9
3356 12
3357 12
3358 13
3359 11
3360 10
3361 10
3362 10
3363 12
3364 11
3365 11
3366 11
3367 10
3368 11
3369 11
3370 11
3371 10
3372 11
3373 12
3374 13
3375 11
3376 11
3377 11
3378 13
3379 14
3380 14
3381 14
3382 15
3383 12
3384 11
3385 9
3386 10
3387 10
3388 11
3389 11
3390 11
3391 10
3392 10
3393 8
3394 8
3395 7
3396 8
3397 8
3398 8
3399 9
3400 9
3401 10
3402 11
3403 13
3404 14
3405 15
3406 12
3407 10
3408 9
3409 9
3410 7
3411 8
3412 6
3413 5
3414 5
3415 4
3416 2
3417 2
3418 1
3419 3
3420 6
3421 6
3422 5
3423 5
3424 5
3425 6
3426 6
3427 6
3428 6
3429 6
3430 9
3431 9
3432 8
3433 10
3434 7
3435 9
3436 7
3437 5
3438 4
3439 3
3440 2
3441 3
3442 1
3443 3
3444 1
3445 1
3446 1
3447 2
3448 2
3449 4
3450 4
3451 3
3452 1
3453 3
3454 1
3455 6
3456 6
3457 8
3458 7
3459 8
3460 7
3461 12
3462 13
3463 14
3464 14
3465 12
3466 12
3467 13
3468 13
3469 14
3470 14
3471 13
3472 13
3473 16
3474 13
3475 13
3476 12
3477 11
3478 12
3479 14
3480 16
3481 13
3482 14
3483 13
3484 13
3485 12
3486 10
3487 11
3488 9
3489 8
3490 10
3491 11
3492 11
3493 11
3494 12
3495 11
3496 11
3497 9
3498 10
3499 9
3500 9
3501 9
3502 7
3503 8
3504 6
3505 8
3506 6
3507 4
3508 6
3509 6
3510 6
3511 5
3512 6
3513 8
3514 8
3515 7
3516 5
3517 6
3518 6
3519 6
3520 7
3521 7
3522 5
3523 4
3524 9
3525 8
3526 9
3527 8
3528 7
3529 7
3530 8
3531 7
3532 6
3533 6
3534 9
3535 8
3536 9
3537 6
3538 6
3539 5
3540 4
3541 5
3542 6
3543 5
3544 3
3545 1
3546 4
3547 4
3548 3
3549 2
3550 3
3551 6
3552 6
3553 5
3554 6
3555 7
3556 9
3557 12
3558 14
3559 16
3560 13
3561 14
3562 12
3563 12
3564 10
3565 9
3566 8
3567 9
3568 8
3569 8
3570 7
3571 7
3572 6
3573 5
3574 5
3575 8
3576 7
3577 8
3578 8
3579 8
3580 9
3581 10
3582 10
3583 8
3584 10
3585 9
3586 8
3587 9
3588 11
3589 10
3590 10
3591 9
3592 10
3593 9
3594 10
3595 9
3596 8
3597 8
3598 7
3599 5
3600 7
3601 7
3602 6
3603 7
3604 6
3605 6
3606 5
3607 6
3608 6
3609 5
3610 3
3611 1
3612 4
3613 4
3614 5
3615 4
3616 3
3617 2
3618 4
3619 3
3620 4
3621 5
3622 3
3623 2
3624 3
3625 1
3626 6
3627 8
3628 8
3629 8
3630 5
3631 7
3632 9
3633 9
3634 9
3635 9
3636 11
3637 10
3638 9
3639 9
3640 9
3641 8
3642 10
3643 11
3644 12
3645 11
3646 9
3647 9
3648 8
3649 8
3650 5
3651 7
3652 7
3653 5
3654 5
3655 9
3656 9
3657 9
3658 8
3659 7
3660 5
3661 6
3662 6
3663 7
3664 4
3665 6
3666 5
3667 3
3668 1
3669 3
3670 0
3671 4
3672 2
3673 1
3674 5
3675 4
3676 3
3677 5
3678 6
3679 6
3680 6
3681 4
3682 6
3683 7
3684 4
3685 2
3686 3
3687 5
3688 4
3689 1
3690 1
3691 3
3692 1
3693 2
3694 3
3695 1
3696 1
3697 7
3698 6
3699 5
3700 6
3701 4
3702 3
3703 2
3704 3
3705 3
3706 2
3707 3
3708 3
3709 2
3710 5
3711 5
3712 7
3713 6
3714 7
3715 6
3716 6
3717 4
3718 2
3719 2
3720 2
3721 3
3722 3
3723 1
3724 3
3725 2
3726 4
3727 8
3728 8
3729 9
3730 13
3731 13
3732 11
3733 12
3734 13
3735 13
3736 13
3737 12
3738 12
3739 10
3740 9
3741 7
3742 8
3743 7
3744 7
3745 6
3746 5
3747 4
3748 4
3749 5
3750 5
3751 4
3752 6
3753 8
3754 9
3755 10
3756 11
3757 9
3758 10
3759 11
3760 11
3761 12
3762 9
3763 7
3764 7
3765 5
3766 4
3767 4
3768 5
3769 3
3770 2
3771 2
3772 2
3773 4
3774 3
3775 2
3776 2
3777 3
3778 1
3779 3
3780 2
3781 6
3782 7
3783 6
3784 7
3785 5
3786 4
3787 2
3788 2
3789 3
3790 5
3791 5
3792 4
3793 3
3794 4
3795 2
3796 7
3797 6
3798 3
3799 4
3800 5
3801 3
3802 0
3803 6
3804 9
3805 11
3806 12
3807 11
3808 10
3809 9
3810 10
3811 12
3812 13
3813 12
3814 13
3815 12
3816 10
3817 10
3818 9
3819 10
3820 11
3821 12
3822 11
3823 11
3824 9
3825 8
3826 7
3827 8
3828 5
3829 8
3830 6
3831 5
3832 4
3833 5
3834 7
3835 6
3836 8
3837 7
3838 7
3839 7
3840 7
3841 7
3842 7
3843 6
3844 7
3845 7
3846 7
3847 8
3848 5
3849 6
3850 6
3851 5
3852 5
3853 5
3854 7
3855 7
3856 6
3857 7
3858 7
3859 5
3860 3
3861 5
3862 2
3863 0
3864 4
3865 5
3866 2
3867 4
3868 3
3869 2
3870 0
3871 3
3872 6
3873 8
3874 7
3875 6
3876 6
3877 7
3878 5
3879 6
3880 6
3881 4
3882 3
3883 4
3884 2
3885 3
3886 3
3887 3
3888 1
3889 1
3890 2
3891 5
3892 4
3893 4
3894 3
3895 1
3896 2
3897 4
3898 3
3899 4
3900 3
3901 2
3902 4
3903 4
3904 5
3905 7
3906 5
3907 5
3908 4
3909 8
3910 8
3911 7
3912 6
3913 4
3914 3
3915 3
3916 2
3917 8
3918 6
3919 5
3920 2
3921 6
3922 3
3923 3
3924 2
3925 5
3926 4
3927 2
3928 4
3929 4
3930 3
3931 3
3932 3
3933 4
3934 1
3935 1
3936 1
3937 3
3938 2
3939 3
3940 2
3941 4
3942 3
3943 6
3944 6
3945 6
3946 7
3947 5
3948 6
3949 5
3950 7
3951 8
3952 11
3953 12
3954 11
3955 12
3956 14
3957 16
3958 13
3959 13
3960 10
3961 11
3962 9
3963 11
3964 9
3965 9
3966 10
3967 12
3968 9
3969 7
3970 6
3971 5
3972 3
3973 3
3974 6
3975 5
3976 9
3977 8
3978 10
3979 8
3980 6
3981 4
3982 5
3983 4
3984 1
3985 1
3986 2
3987 2
3988 3
3989 3
3990 2
3991 4
3992 5
3993 6
3994 4
3995 1
3996 4
3997 4
3998 3
3999 2
4000 0
4001 3
4002 5
4003 6
4004 4
4005 2
4006 3
4007 2
4008 2
4009 6
4010 5
4011 5
4012 5
4013 6
4014 8
4015 7
4016 5
4017 5
4018 7
4019 7
4020 7
4021 8
4022 6
4023 6
4024 4
4025 2
4026 5
4027 6
4028 4
4029 2
4030 6
4031 6
4032 6
4033 4
4034 4
4035 7
4036 8
4037 8
4038 5
4039 5
4040 3
4041 1
4042 0
4043 2
4044 4
4045 3
4046 3
4047 3
4048 4
4049 4
4050 3
4051 0
4052 1
4053 3
4054 1
4055 0
4056 1
4057 4
4058 4
4059 3
4060 4
4061 5
4062 5
4063 5
4064 4
4065 4
4066 3
4067 3
4068 5
4069 7
4070 6
4071 7
4072 6
4073 5
4074 4
4075 5
4076 4
4077 3
4078 2
4079 3
4080 5
4081 4
4082 4
4083 3
4084 1
4085 1
4086 4
4087 5
4088 4
4089 3
4090 2
4091 3
4092 3
4093 2
4094 3
4095 4
4096 3
4097 3
4098 3
4099 3
4100 0
4101 2
4102 2
4103 3
4104 3
4105 5
4106 6
4107 3
4108 1
4109 1
4110 3
4111 3
4112 2
4113 4
4114 1
4115 2
4116 5
4117 7
4118 7
4119 7
4120 8
4121 10
4122 8
4123 7
4124 6
4125 8
4126 8
4127 8
4128 7
4129 4
4130 3
4131 3
4132 3
4133 2
4134 3
4135 1
4136 4
4137 3
4138 2
4139 5
4140 6
4141 6
4142 6
4143 6
4144 5
4145 7
4146 7
4147 6
4148 6
4149 5
4150 4
4151 5
4152 4
4153 3
4154 3
4155 3
4156 3
4157 5
4158 7
4159 8
4160 7
4161 4
4162 5
4163 4
4164 3
4165 5
4166 6
4167 3
4168 5
4169 8
4170 8
4171 6
4172 4
4173 3
4174 1
4175 6
4176 6
4177 5
4178 4
4179 4
4180 2
4181 7
4182 7
4183 10
4184 8
4185 8
4186 7
4187 5
4188 6
4189 6
4190 10
4191 8
4192 10
4193 9
4194 9
4195 9
4196 8
4197 9
4198 10
4199 10
4200 10
4201 9
4202 8
4203 8
4204 9
4205 6
4206 4
4207 5
4208 6
4209 7
4210 5
4211 5
4212 6
4213 6
4214 5
4215 7
4216 7
4217 7
4218 6
4219 8
4220 7
4221 9
4222 8
4223 6
4224 7
4225 7
4226 6
4227 5
4228 5
4229 4
4230 6
4231 4
4232 4
4233 3
4234 5
4235 4
4236 3
4237 2
4238 5
4239 6
4240 6
4241 10
4242 11
4243 12
4244 11
4245 10
4246 10
4247 9
4248 10
4249 10
4250 11
4251 12
4252 11
4253 11
4254 10
4255 13
4256 13
4257 12
4258 13
4259 11
4260 11
4261 9
4262 11
4263 12
4264 11
4265 9
4266 8
4267 8
4268 7
4269 8
4270 9
4271 11
4272 10
4273 10
4274 11
4275 10
4276 10
4277 12
4278 13
4279 13
4280 14
4281 15
4282 12
4283 11
4284 9
4285 11
4286 12
4287 12
4288 13
4289 16
4290 13
4291 12
4292 14
4293 12
4294 14
4295 13
4296 13
4297 11
4298 11
4299 11
4300 10
4301 9
4302 8
4303 8
4304 7
4305 6
4306 5
4307 5
4308 3
4309 3
4310 2
4311 4
4312 3
4313 5
4314 2
4315 2
4316 0
4317 2
4318 3
4319 6
4320 6
4321 6
4322 7
4323 10
4324 11
4325 9
4326 8
4327 8
4328 6
4329 7
4330 5
4331 5
4332 5
4333 8
4334 11
4335 12
4336 10
4337 8
4338 7
4339 8
4340 7
4341 6
4342 7
4343 5
4344 8
4345 6
4346 6
4347 3
4348 1
4349 3
4350 1
4351 3
4352 2
4353 2
4354 3
4355 5
4356 3
4357 4
4358 4
4359 3
4360 2
4361 4
4362 4
4363 2
4364 3
4365 1
4366 1
4367 5
4368 6
4369 5
4370 5
4371 3
4372 2
4373 3
4374 3
4375 3
4376 4
4377 3
4378 4
4379 4
4380 6
4381 6
4382 8
4383 9
4384 11
4385 9
4386 9
4387 11
4388 8
4389 8
4390 10
4391 9
4392 11
4393 10
4394 10
4395 10
4396 11
4397 10
4398 9
4399 7
4400 6
4401 6
4402 7
4403 9
4404 10
4405 11
4406 13
4407 14
4408 15
4409 12
4410 12
4411 13
4412 10
4413 14
4414 12
4415 10
4416 12
4417 13
4418 11
4419 12
4420 16
4421 13
4422 12
4423 10
4424 11
4425 11
4426 12
4427 12
4428 12
4429 12
4430 13
4431 16
4432 13
4433 11
4434 10
4435 9
4436 10
4437 12
4438 12
4439 14
4440 18
4441 15
4442 12
4443 11
4444 8
4445 8
4446 11
4447 9
4448 13
4449 12
4450 14
4451 12
4452 12
4453 11
4454 13
4455 14
4456 16
4457 13
4458 12
4459 10
4460 8
4461 7
4462 7
4463 8
4464 6
4465 3
4466 2
4467 7
4468 6
4469 9
4470 7
4471 9
4472 8
4473 8
4474 8
4475 8
4476 7
4477 8
4478 5
4479 5
4480 4
4481 5
4482 4
4483 9
4484 7
4485 6
4486 5
4487 4
4488 5
4489 3
4490 3
4491 2
4492 2
4493 3
4494 4
4495 5
4496 2
4497 3
4498 5
4499 4
4500 6
4501 6
4502 5
4503 6
4504 7
4505 7
4506 6
4507 5
4508 3
4509 3
4510 3
4511 3
4512 5
4513 4
4514 3
4515 2
4516 1
4517 0
4518 2
4519 2
4520 3
4521 2
4522 1
4523 2
4524 3
4525 3
4526 2
4527 3
4528 2
4529 2
4530 3
4531 2
4532 6
4533 5
4534 3
4535 3
4536 4
4537 2
4538 3
4539 1
4540 2
4541 5
4542 6
4543 5
4544 3
4545 0
4546 3
4547 3
4548 3
4549 2
4550 3
4551 2
4552 4
4553 5
4554 6
4555 7
4556 5
4557 3
4558 1
4559 2
4560 4
4561 6
4562 4
4563 6
4564 4
4565 4
4566 6
4567 7
4568 6
4569 3
4570 5
4571 9
4572 10
4573 10
4574 10
4575 9
4576 10
4577 9
4578 9
4579 9
4580 6
4581 7
4582 5
4583 4
4584 5
4585 7
4586 6
4587 7
4588 8
4589 7
4590 7
4591 5
4592 8
4593 12
4594 13
4595 12
4596 13
4597 13
4598 13
4599 12
4600 12
4601 12
4602 14
4603 12
4604 12
4605 12
4606 13
4607 13
4608 15
4609 12
4610 10
4611 8
4612 9
4613 8
4614 8
4615 8
4616 6
4617 5
4618 5
4619 4
4620 4
4621 2
4622 5
4623 4
4624 2
4625 5
4626 7
4627 8
4628 7
4629 6
4630 6
4631 8
4632 9
4633 8
4634 10
4635 9
4636 8
4637 7
4638 8
4639 7
4640 6
4641 6
4642 7
4643 7
4644 8
4645 10
4646 8
4647 7
4648 6
4649 8
4650 9
4651 8
4652 7
4653 7
4654 6
4655 5
4656 5
4657 5
4658 6
4659 7
4660 7
4661 8
4662 6
4663 6
4664 8
4665 6
4666 6
4667 5
4668 5
4669 4
4670 3
4671 2
4672 1
4673 6
4674 5
4675 7
4676 8
4677 8
4678 8
4679 10
4680 10
4681 11
4682 11
4683 15
4684 12
4685 14
4686 13
4687 11
4688 11
4689 9
4690 9
4691 9
4692 10
4693 10
4694 8
4695 7
4696 10
4697 13
4698 11
4699 11
4700 12
4701 16
4702 13
4703 14
4704 14
4705 17
4706 14
4707 14
4708 14
4709 11
4710 11
4711 13
4712 12
4713 13
4714 11
4715 12
4716 11
4717 10
4718 11
4719 10
4720 11
4721 11
4722 12
4723 14
4724 13
4725 13
4726 11
4727 13
4728 13
4729 15
4730 12
4731 14
4732 14
4733 13
4734 15
4735 12
4736 14
4737 12
4738 12
4739 13
4740 12
4741 14
4742 16
4743 13
4744 13
4745 14
4746 16
4747 13
4748 12
4749 12
4750 10
4751 9
4752 10
4753 8
4754 7
4755 6
4756 7
4757 5
4758 7
4759 6
4760 4
4761 3
4762 5
4763 6
4764 7
4765 5
4766 6
4767 5
4768 5
4769 5
4770 5
4771 4
4772 2
4773 1
4774 3
4775 1
4776 1
4777 1
4778 3
4779 4
4780 5
4781 5
4782 3
4783 2
4784 0
4785 5
4786 3
4787 4
4788 3
4789 1
4790 0
4791 5
4792 6
4793 3
4794 3
4795 8
4796 8
4797 5
4798 4
4799 6
4800 9
4801 8
4802 6
4803 6
4804 10
4805 8
4806 6
4807 4
4808 6
4809 4
4810 7
4811 7
4812 6
4813 8
4814 7
4815 5
4816 3
4817 4
4818 6
4819 5
4820 5
4821 6
4822 3
4823 2
4824 1
4825 6
4826 7
4827 5
4828 7
4829 5
4830 3
4831 5
4832 5
4833 8
4834 9
4835 7
4836 6
4837 5
4838 6
4839 4
4840 4
4841 5
4842 5
4843 4
4844 5
4845 10
4846 7
4847 8
4848 6
4849 4
4850 3
4851 3
4852 3
4853 2
4854 3
4855 3
4856 2
4857 1
4858 4
4859 6
4860 6
4861 5
4862 8
4863 9
4864 8
4865 8
4866 7
4867 6
4868 7
4869 9
4870 7
4871 7
4872 5
4873 7
4874 7
4875 5
4876 3
4877 2
4878 3
4879 4
4880 2
4881 3
4882 7
4883 6
4884 6
4885 8
4886 7
4887 5
4888 3
4889 2
4890 3
4891 5
4892 5
4893 4
4894 3
4895 5
4896 4
4897 5
4898 4
4899 3
4900 2
4901 1
4902 3
4903 4
4904 3
4905 2
4906 2
4907 2
4908 1
4909 4
4910 4
4911 2
4912 4
4913 1
4914 4
4915 3
4916 3
4917 2
4918 1
4919 5
4920 5
4921 5
4922 6
4923 6
4924 7
4925 5
4926 5
4927 3
4928 2
4929 5
4930 2
4931 2
4932 1
4933 3
4934 2
4935 4
4936 4
4937 2
4938 3
4939 3
4940 2
4941 4
4942 5
4943 5
4944 6
4945 5
4946 3
4947 5
4948 3
4949 5
4950 8
4951 11
4952 12
4953 12
4954 12
4955 14
4956 14
4957 15
4958 12
4959 11
4960 12
4961 12
4962 9
4963 7
4964 8
4965 9
4966 11
4967 10
4968 8
4969 9
4970 7
4971 4
4972 3
4973 4
4974 3
4975 0
4976 5
4977 4
4978 4
4979 3
4980 2
4981 4
4982 2
4983 3
4984 4
4985 4
4986 5
4987 7
4988 7
4989 7
4990 9
4991 6
4992 5
4993 3
4994 2
4995 2
4996 2
4997 4
4998 3
4999 5
5000 6
5001 5
5002 4
5003 6
5004 6
5005 5
5006 6
5007 7
5008 7
5009 7
5010 9
5011 10
5012 11
5013 13
5014 13
5015 13
5016 11
5017 14
5018 14
5019 14
5020 13
5021 13
5022 14
5023 12
5024 12
5025 13
5026 15
5027 12
5028 14
5029 13
5030 14
5031 13
5032 12
5033 10
5034 7
5035 6
5036 6
5037 6
5038 4
5039 5
5040 7
5041 5
5042 8
5043 6
5044 6
5045 5
5046 6
5047 6
5048 7
5049 7
5050 6
5051 7
5052 6
5053 6
5054 6
5055 8
5056 8
5057 8
5058 6
5059 6
5060 3
5061 2
5062 3
5063 2
5064 4
5065 6
5066 5
5067 4
5068 1
5069 4
5070 4
5071 6
5072 6
5073 6
5074 4
5075 2
5076 3
5077 5
5078 4
5079 6
5080 9
5081 10
5082 12
5083 15
5084 12
5085 11
5086 9
5087 10
5088 10
5089 8
5090 9
5091 6
5092 4
5093 1
5094 4
5095 3
5096 4
5097 3
5098 2
5099 2
5100 3
5101 1
5102 5
5103 7
5104 6
5105 3
5106 3
5107 1
5108 3
5109 2
5110 3
5111 1
5112 3
5113 0
5114 3
5115 3
5116 1
5117 3
5118 5
5119 4
5120 2
5121 3
5122 0
5123 2
5124 2
5125 3
5126 3
5127 3
5128 4
5129 3
5130 3
5131 3
5132 3
5133 4
5134 6
5135 6
5136 4
5137 6
5138 7
5139 5
5140 5
5141 5
5142 2
5143 4
5144 4
5145 5
5146 4
5147 3
5148 3
5149 5
5150 5
5151 4
5152 3
5153 5
5154 6
5155 5
5156 3
5157 2
5158 3
5159 4
5160 3
5161 4
5162 4
5163 7
5164 9
5165 8
5166 9
5167 9
5168 8
5169 10
5170 8
5171 7
5172 8
5173 8
5174 8
5175 8
5176 9
5177 9
5178 9
5179 8
5180 7
5181 8
5182 6
5183 7
5184 9
5185 7
5186 7
5187 9
5188 10
5189 10
5190 10
5191 12
5192 12
5193 11
5194 10
5195 10
5196 11
5197 12
5198 14
5199 13
5200 11
5201 10
5202 9
5203 8
5204 11
5205 11
5206 11
5207 11
5208 11
5209 10
5210 11
5211 11
5212 10
5213 10
5214 9
5215 10
5216 7
5217 7
5218 8
5219 6
5220 7
5221 6
5222 5
5223 3
5224 2
5225 1
5226 2
5227 0
5228 4
5229 2
5230 4
5231 4
5232 4
5233 7
5234 7
5235 8
5236 7
5237 10
5238 9
5239 9
5240 11
5241 11
5242 13
5243 15
5244 12
5245 12
5246 13
5247 14
5248 13
5249 14
5250 12
5251 12
5252 14
5253 13
5254 14
5255 14
5256 15
5257 12
5258 12
5259 13
5260 11
5261 10
5262 9
5263 9
5264 11
5265 11
5266 12
5267 13
5268 12
5269 11
5270 11
5271 9
5272 8
5273 7
5274 8
5275 10
5276 10
5277 12
5278 13
5279 15
5280 12
5281 11
5282 11
5283 10
5284 10
5285 10
5286 8
5287 8
5288 9
5289 8
5290 7
5291 6
5292 8
5293 9
5294 9
5295 8
5296 9
5297 7
5298 6
5299 6
5300 6
5301 5
5302 4
5303 2
5304 4
5305 6
5306 8
5307 9
5308 10
5309 11
5310 8
5311 7
5312 6
5313 7
5314 10
5315 12
5316 10
5317 10
5318 12
5319 10
5320 12
5321 12
5322 15
5323 12
5324 11
5325 10
5326 9
5327 8
5328 8
5329 6
5330 5
5331 4
5332 3
5333 7
5334 11
5335 10
5336 10
5337 10
5338 10
5339 9
5340 7
5341 7
5342 8
5343 7
5344 8
5345 12
5346 11
5347 12
5348 11
5349 12
5350 11
5351 10
5352 9
5353 12
5354 12
5355 11
5356 11
5357 9
5358 9
5359 8
5360 8
5361 8
5362 8
5363 8
5364 7
5365 5
5366 6
5367 9
5368 8
5369 8
5370 6
5371 4
5372 5
5373 7
5374 5
5375 6
5376 8
5377 5
5378 4
5379 6
5380 5
5381 4
5382 3
5383 4
5384 3
5385 5
5386 6
5387 6
5388 5
5389 5
5390 4
5391 2
5392 0
5393 3
5394 3
5395 3
5396 3
5397 5
5398 5
5399 6
5400 7
5401 5
5402 6
5403 5
5404 7
5405 8
5406 7
5407 6
5408 3
5409 4
5410 3
5411 2
5412 3
5413 3
5414 2
5415 3
5416 2
5417 5
5418 5
5419 7
5420 6
5421 8
5422 9
5423 9
5424 10
5425 9
5426 11
5427 10
5428 11
5429 10
5430 8
5431 7
5432 6
5433 6
5434 3
5435 3
5436 2
5437 2
5438 4
5439 3
5440 6
5441 5
5442 4
5443 2
5444 3
5445 6
5446 7
5447 8
5448 9
5449 8
5450 7
5451 11
5452 11
5453 12
5454 10
5455 13
5456 11
5457 11
5458 15
5459 12
5460 15
5461 12
5462 13
5463 13
5464 13
5465 12
5466 14
5467 14
5468 12
5469 15
5470 12
5471 12
5472 12
5473 11
5474 8
5475 9
5476 11
5477 10
5478 8
5479 9
5480 11
5481 13
5482 14
5483 12
5484 10
5485 9
5486 8
5487 8
5488 7
5489 6
5490 7
5491 6
5492 6
5493 6
5494 8
5495 7
5496 7
5497 9
5498 7
5499 8
5500 9
5501 8
5502 8
5503 7
5504 7
5505 9
5506 10
5507 11
5508 9
5509 10
5510 11
5511 11
5512 9
5513 12
5514 13
5515 13
5516 10
5517 10
5518 10
5519 9
5520 11
5521 9
5522 9
5523 10
5524 8
5525 7
5526 6
5527 4
5528 8
5529 9
5530 8
5531 10
5532 9
5533 7
5534 6
5535 8
5536 9
5537 10
5538 12
5539 10
5540 10
5541 8
5542 6
5543 5
5544 6
5545 5
5546 4
5547 3
5548 2
5549 1
5550 5
5551 3
5552 1
5553 6
5554 5
5555 5
5556 2
5557 3
5558 3
5559 4
5560 3
5561 3
5562 2
5563 3
5564 3
5565 1
5566 2
5567 3
5568 4
5569 1
5570 4
5571 6
5572 5
5573 2
5574 3
5575 4
5576 2
5577 3
5578 6
5579 5
5580 5
5581 4
5582 4
5583 3
5584 3
5585 2
5586 3
5587 4
5588 7
5589 7
5590 10
5591 8
5592 8
5593 10
5594 11
5595 9
5596 7
5597 6
5598 5
5599 7
5600 7
5601 6
5602 9
5603 7
5604 7
5605 8
5606 8
5607 8
5608 11
5609 11
5610 11
5611 11
5612 11
5613 10
5614 10
5615 8
5616 7
5617 6
5618 4
5619 3
5620 3
5621 4
5622 2
5623 4
5624 3
5625 5
5626 5
5627 5
5628 7
5629 7
5630 8
5631 9
5632 8
5633 8
5634 10
5635 11
5636 13
5637 10
5638 12
5639 9
5640 8
5641 7
5642 6
5643 6
5644 6
5645 6
5646 5
5647 7
5648 8
5649 7
5650 7
5651 9
5652 9
5653 8
5654 8
5655 9
5656 10
5657 9
5658 8
5659 8
5660 6
5661 4
5662 3
5663 1
5664 1
5665 2
5666 3
5667 10
5668 11
5669 11
5670 10
5671 11
5672 11
5673 10
5674 11
5675 14
5676 14
5677 13
5678 15
5679 12
5680 11
5681 9
5682 10
5683 11
5684 10
5685 8
5686 10
5687 9
5688 8
5689 7
5690 6
5691 6
5692 7
5693 8
5694 9
5695 8
5696 8
5697 9
5698 7
5699 8
5700 7
5701 6
5702 6
5703 7
5704 7
5705 10
5706 10
5707 8
5708 8
5709 10
5710 12
5711 13
5712 11
5713 12
5714 13
5715 11
5716 12
5717 11
5718 11
5719 11
5720 11
5721 9
5722 7
5723 7
5724 5
5725 2
5726 4
5727 2
5728 4
5729 3
5730 2
5731 1
5732 4
5733 2
5734 5
5735 5
5736 5
5737 4
5738 3
5739 8
5740 9
5741 11
5742 11
5743 9
5744 11
5745 12
5746 11
5747 9
5748 10
5749 9
5750 10
5751 10
5752 8
5753 9
5754 9
5755 9
5756 8
5757 9
5758 7
5759 8
5760 9
5761 9
5762 13
5763 14
5764 12
5765 15
5766 12
5767 11
5768 10
5769 9
5770 6
5771 6
5772 6
5773 7
5774 4
5775 1
5776 3
5777 2
5778 3
5779 0
5780 4
5781 6
5782 4
5783 6
5784 7
5785 9
5786 10
5787 12
5788 14
5789 15
5790 12
5791 12
5792 14
5793 14
5794 12
5795 11
5796 13
5797 12
5798 10
5799 10
5800 12
5801 11
5802 11
5803 11
5804 11
5805 14
5806 14
5807 11
5808 11
5809 10
5810 9
5811 10
5812 9
5813 9
5814 9
5815 7
5816 6
5817 8
5818 9
5819 10
5820 9
5821 8
5822 8
5823 8
5824 9
5825 10
5826 12
5827 13
5828 12
5829 12
5830 13
5831 13
5832 12
5833 13
5834 12
5835 16
5836 13
5837 12
5838 9
5839 10
5840 12
5841 11
5842 10
5843 8
5844 13
5845 13
5846 12
5847 10
5848 8
5849 8
5850 10
5851 10
5852 9
5853 9
5854 10
5855 8
5856 9
5857 8
5858 7
5859 7
5860 7
5861 6
5862 5
5863 3
5864 1
5865 6
5866 5
5867 2
5868 5
5869 4
5870 4
5871 3
5872 1
5873 3
5874 2
5875 0
5876 5
5877 6
5878 6
5879 9
5880 8
5881 6
5882 6
5883 4
5884 3
5885 4
5886 4
5887 4
5888 3
5889 3
5890 3
5891 4
5892 7
5893 8
5894 5
5895 4
5896 3
5897 5
5898 5
5899 5
5900 8
5901 8
5902 8
5903 7
5904 5
5905 7
5906 6
5907 6
5908 5
5909 6
5910 5
5911 6
5912 7
5913 6
5914 8
5915 8
5916 8
5917 9
5918 10
5919 11
5920 14
5921 14
5922 14
5923 13
5924 14
5925 14
5926 13
5927 13
5928 15
5929 12
5930 13
5931 11
5932 11
5933 11
5934 13
5935 12
5936 13
5937 13
5938 14
5939 15
5940 12
5941 12
5942 13
5943 10
5944 12
5945 15
5946 12
5947 13
5948 12
5949 12
5950 10
5951 12
5952 11
5953 11
5954 14
5955 16
5956 13
5957 14
5958 16
5959 13
5960 14
5961 13
5962 16
5963 13
5964 11
5965 9
5966 10
5967 10
5968 10
5969 8
5970 8
5971 8
5972 7
5973 8
5974 9
5975 7
5976 5
5977 3
5978 4
5979 6
5980 8
5981 6
5982 6
5983 4
5984 3
5985 3
5986 3
5987 3
5988 2
5989 3
5990 2
5991 3
5992 4
5993 3
5994 5
5995 5
5996 4
5997 7
5998 7
5999 6
6000 5
6001 4
6002 5
6003 5
6004 3
6005 3
6006 2
6007 3
6008 2
6009 2
6010 3
6011 2
6012 6
6013 6
6014 4
6015 5
6016 4
6017 4
6018 4
6019 6
6020 8
6021 9
6022 11
6023 13
6024 16
6025 13
6026 17
6027 14
6028 15
6029 12
6030 10
6031 12
6032 11
6033 12
6034 10
6035 8
6036 10
6037 8
6038 6
6039 4
6040 1
6041 4
6042 2
6043 3
6044 4
6045 5
6046 5
6047 6
6048 7
6049 9
6050 8
6051 8
6052 6
6053 5
6054 6
6055 5
6056 4
6057 2
6058 3
6059 5
6060 5
6061 5
6062 5
6063 4
6064 4
6065 4
6066 3
6067 3
6068 4
6069 4
6070 7
6071 8
6072 9
6073 10
6074 8
6075 8
6076 8
6077 6
6078 4
6079 3
6080 2
6081 2
6082 4
6083 4
6084 1
6085 5
6086 4
6087 6
6088 7
6089 7
6090 9
6091 9
6092 9
6093 10
6094 9
6095 10
6096 11
6097 12
6098 11
6099 9
6100 8
6101 9
6102 11
6103 10
6104 13
6105 14
6106 15
6107 12
6108 13
6109 14
6110 12
6111 11
6112 12
6113 11
6114 12
6115 12
6116 12
6117 9
6118 11
6119 11
6120 13
6121 13
6122 13
6123 13
6124 14
6125 15
6126 12
6127 14
6128 14
6129 15
6130 12
6131 12
6132 14
6133 15
6134 12
6135 11
6136 15
6137 12
6138 11
6139 11
6140 14
6141 12
6142 12
6143 9
6144 7
6145 6
6146 6
6147 7
6148 8
6149 7
6150 7
6151 9
6152 8
6153 5
6154 5
6155 6
6156 5
6157 3
6158 1
6159 1
6160 2
6161 2
6162 3
6163 4
6164 4
6165 5
6166 3
6167 1
6168 2
6169 5
6170 4
6171 2
6172 5
6173 5
6174 3
6175 0
6176 2
6177 2
6178 5
6179 4
6180 3
6181 1
6182 0
6183 3
6184 3
6185 4
6186 6
6187 6
6188 7
6189 7
6190 5
6191 7
6192 8
6193 11
6194 13
6195 13
6196 11
6197 9
6198 8
6199 9
6200 13
6201 13
6202 13
6203 14
6204 14
6205 14
6206 15
6207 12
6208 14
6209 15
6210 12
6211 9
6212 8
6213 8
6214 8
6215 5
6216 5
6217 6
6218 5
6219 6
6220 8
6221 9
6222 10
6223 10
6224 9
6225 9
6226 9
6227 10
6228 10
6229 10
6230 12
6231 10
6232 9
6233 6
6234 4
6235 2
6236 4
6237 4
6238 2
6239 1
6240 4
6241 4
6242 1
6243 2
6244 1
6245 2
6246 3
6247 4
6248 2
6249 3
6250 3
6251 6
6252 4
6253 5
6254 5
6255 5
6256 3
6257 1
6258 3
6259 3
6260 3
6261 0
6262 2
6263 1
6264 0
6265 3
6266 5
6267 5
6268 5
6269 2
6270 1
6271 5
6272 2
6273 2
6274 2
6275 0
6276 1
6277 2
6278 5
6279 8
6280 7
6281 7
6282 5
6283 6
6284 7
6285 9
6286 9
6287 8
6288 8
6289 9
6290 8
6291 9
6292 8
6293 7
6294 8
6295 7
6296 7
6297 6
6298 7
6299 9
6300 9
6301 8
6302 7
6303 5
6304 5
6305 6
6306 8
6307 8
6308 7
6309 8
6310 9
6311 9
6312 8
6313 9
6314 11
6315 13
6316 15
6317 12
6318 11
6319 10
6320 8
6321 8
6322 8
6323 8
6324 8
6325 7
6326 9
6327 8
6328 8
6329 8
6330 6
6331 5
6332 5
6333 4
6334 4
6335 4
6336 8
6337 6
6338 6
6339 6
6340 6
6341 5
6342 5
6343 4
6344 4
6345 2
6346 3
6347 6
6348 6
6349 4
6350 4
6351 4
6352 4
6353 4
6354 3
6355 8
6356 7
6357 9
6358 7
6359 11
6360 12
6361 12
6362 11
6363 12
6364 16
6365 13
6366 12
6367 12
6368 11
6369 10
6370 9
6371 10
6372 11
6373 9
6374 8
6375 7
6376 7
6377 9
6378 10
6379 8
6380 5
6381 8
6382 8
6383 6
6384 7
6385 9
6386 9
6387 7
6388 8
6389 8
6390 6
6391 7
6392 7
6393 7
6394 9
6395 7
6396 7
6397 6
6398 5
6399 5
6400 2
6401 6
6402 7
6403 6
6404 7
6405 6
6406 6
6407 4
6408 3
6409 3
6410 5
6411 5
6412 4
6413 3
6414 5
6415 5
6416 6
6417 4
6418 4
6419 6
6420 5
6421 5
6422 5
6423 7
6424 7
6425 8
6426 8
6427 7
6428 7
6429 5
6430 4
6431 7
6432 6
6433 4
6434 3
6435 2
6436 1
6437 4
6438 5
6439 6
6440 3
6441 3
6442 3
6443 3
6444 1
6445 2
6446 3
6447 3
6448 4
6449 5
6450 5
6451 5
6452 3
6453 2
6454 3
6455 6
6456 5
6457 5
6458 6
6459 7
6460 8
6461 7
6462 7
6463 6
6464 6
6465 6
6466 11
6467 12
6468 13
6469 13
6470 13
6471 15
6472 12
6473 10
6474 8
6475 12
6476 13
6477 13
6478 12
6479 11
6480 13
6481 12
6482 10
6483 8
6484 5
6485 6
6486 5
6487 3
6488 4
6489 4
6490 7
6491 6
6492 5
6493 4
6494 6
6495 6
6496 5
6497 5
6498 4
6499 4
6500 5
6501 4
6502 5
6503 6
6504 4
6505 7
6506 6
6507 9
6508 9
6509 9
6510 11
6511 11
6512 15
6513 12
6514 12
6515 12
6516 14
6517 12
6518 13
6519 13
6520 12
6521 12
6522 14
6523 15
6524 12
6525 13
6526 12
6527 12
6528 10
6529 9
6530 8
6531 10
6532 7
6533 7
6534 5
6535 4
6536 5
6537 2
6538 4
6539 4
6540 4
6541 6
6542 7
6543 5
6544 5
6545 4
6546 5
6547 6
6548 8
6549 6
6550 5
6551 2
6552 3
6553 5
6554 3
6555 3
6556 4
6557 4
6558 2
6559 2
6560 3
6561 4
6562 4
6563 7
6564 7
6565 5
6566 4
6567 4
6568 4
6569 4
6570 4
6571 2
6572 4
6573 4
6574 4
6575 1
6576 3
6577 2
6578 2
6579 3
6580 3
6581 2
6582 2
6583 1
6584 2
6585 3
6586 3
6587 5
6588 3
6589 3
6590 1
6591 0
6592 4
6593 4
6594 5
6595 5
6596 4
6597 4
6598 1
6599 3
6600 7
6601 7
6602 4
6603 5
6604 5
6605 5
6606 5
6607 6
6608 5
6609 4
6610 5
6611 6
6612 6
6613 6
6614 6
6615 5
6616 5
6617 8
6618 7
6619 7
6620 7
6621 8
6622 6
6623 3
6624 2
6625 3
6626 5
6627 5
6628 7
6629 6
6630 8
6631 8
6632 10
6633 8
6634 10
6635 12
6636 11
6637 11
6638 10
6639 9
6640 8
6641 8
6642 9
6643 10
6644 11
6645 10
6646 11
6647 11
6648 9
6649 6
6650 7
6651 7
6652 5
6653 4
6654 4
6655 4
6656 4
6657 5
6658 6
6659 6
6660 5
6661 5
6662 4
6663 4
6664 5
6665 7
6666 6
6667 3
6668 3
6669 3
6670 4
6671 3
6672 1
6673 5
6674 6
6675 6
6676 7
6677 9
6678 9
6679 10
6680 8
6681 6
6682 5
6683 3
6684 3
6685 5
6686 5
6687 5
6688 3
6689 3
6690 2
6691 2
6692 5
6693 5
6694 2
6695 3
6696 5
6697 4
6698 1
6699 2
6700 5
6701 9
6702 13
6703 12
6704 11
6705 11
6706 13
6707 15
6708 12
6709 11
6710 13
6711 15
6712 12
6713 11
6714 12
6715 10
6716 11
6717 12
6718 15
6719 12
6720 10
6721 10
6722 11
6723 11
6724 12
6725 11
6726 9
6727 9
6728 8
6729 10
6730 8
6731 9
6732 7
6733 6
6734 6
6735 6
6736 6
6737 6
6738 4
6739 4
6740 5
6741 5
6742 5
6743 3
6744 1
6745 5
6746 7
6747 7
6748 4
6749 5
6750 10
6751 11
6752 10
6753 9
6754 8
6755 9
6756 10
6757 12
6758 12
6759 11
6760 8
6761 9
6762 9
6763 8
6764 5
6765 3
6766 7
6767 8
6768 8
6769 11
6770 12
6771 10
6772 10
6773 9
6774 7
6775 8
6776 7
6777 7
6778 6
6779 4
6780 5
6781 6
6782 6
6783 5
6784 7
6785 7
6786 5
6787 2
6788 3
6789 2
6790 1
6791 2
6792 4
6793 5
6794 6
6795 6
6796 4
6797 5
6798 6
6799 6
6800 8
6801 7
6802 9
6803 8
6804 7
6805 7
6806 6
6807 4
6808 3
6809 0
6810 1
6811 5
6812 6
6813 5
6814 8
6815 9
6816 9
6817 10
6818 9
6819 9
6820 10
6821 12
6822 12
6823 16
6824 13
6825 13
6826 12
6827 10
6828 9
6829 9
6830 10
6831 11
6832 11
6833 12
6834 13
6835 14
6836 14
6837 14
6838 17
6839 14
6840 14
6841 14
6842 17
6843 14
6844 13
6845 15
6846 12
6847 12
6848 14
6849 14
6850 12
6851 10
6852 9
6853 9
6854 10
6855 9
6856 9
6857 9
6858 10
6859 12
6860 10
6861 8
6862 7
6863 5
6864 5
6865 6
6866 7
6867 8
6868 6
6869 11
6870 13
6871 12
6872 12
6873 10
6874 9
6875 7
6876 4
6877 4
6878 6
6879 7
6880 5
6881 4
6882 8
6883 6
6884 3
6885 4
6886 5
6887 3
6888 1
6889 0
6890 3
6891 4
6892 6
6893 5
6894 11
6895 8
6896 7
6897 5
6898 9
6899 6
6900 4
6901 5
6902 5
6903 5
6904 6
6905 7
6906 6
6907 5
6908 5
6909 5
6910 3
6911 6
6912 7
6913 7
6914 5
6915 6
6916 5
6917 8
6918 7
6919 8
6920 8
6921 9
6922 9
6923 9
6924 10
6925 11
6926 10
6927 9
6928 7
6929 5
6930 6
6931 4
6932 8
6933 10
6934 11
6935 12
6936 14
6937 13
6938 13
6939 12
6940 15
6941 12
6942 11
6943 11
6944 11
6945 12
6946 14
6947 13
6948 15
6949 12
6950 13
6951 14
6952 14
6953 14
6954 13
6955 11
6956 12
6957 11
6958 9
6959 10
6960 9
6961 8
6962 8
6963 6
6964 8
6965 9
6966 7
6967 4
6968 4
6969 4
6970 4
6971 1
6972 2
6973 3
6974 4
6975 4
6976 2
6977 1
6978 5
6979 7
6980 5
6981 4
6982 6
6983 7
6984 9
6985 8
6986 6
6987 6
6988 7
6989 7
6990 8
6991 10
6992 11
6993 10
6994 8
6995 9
6996 9
6997 9
6998 11
6999 8
7000 9
7001 10
7002 9
7003 8
7004 7
7005 6
7006 6
7007 6
7008 5
7009 6
7010 7
7011 6
7012 7
7013 6
7014 7
7015 8
7016 10
7017 12
7018 10
7019 11
7020 10
7021 10
7022 10
7023 8
7024 8
7025 12
7026 13
7027 12
7028 11
7029 12
7030 12
7031 14
7032 14
7033 15
7034 12
7035 13
7036 12
7037 12
7038 13
7039 13
7040 13
7041 14
7042 17
7043 14
7044 15
7045 12
7046 11
7047 13
7048 12
7049 15
7050 12
7051 12
7052 10
7053 10
7054 10
7055 10
7056 9
7057 8
7058 8
7059 9
7060 10
7061 8
7062 7
7063 6
7064 5
7065 5
7066 5
7067 7
7068 5
7069 5
7070 5
7071 8
7072 7
7073 5
7074 4
7075 3
7076 3
7077 3
7078 1
7079 4
7080 6
7081 9
7082 9
7083 12
7084 13
7085 14
7086 15
7087 12
7088 12
7089 14
7090 12
7091 11
7092 10
7093 9
7094 10
7095 9
7096 8
7097 6
7098 5
7099 4
7100 5
7101 4
7102 5
7103 4
7104 3
7105 4
7106 6
7107 7
7108 8
7109 9
7110 8
7111 7
7112 5
7113 5
7114 9
7115 10
7116 8
7117 7
7118 7
7119 6
7120 5
7121 4
7122 2
7123 2
7124 1
7125 3
7126 1
7127 4
7128 4
7129 3
7130 5
7131 4
7132 2
7133 2
7134 2
7135 1
7136 3
7137 1
7138 2
7139 4
7140 5
7141 5
7142 5
7143 5
7144 5
7145 7
7146 6
7147 5
7148 5
7149 5
7150 6
7151 7
7152 6
7153 3
7154 0
7155 5
7156 5
7157 5
7158 9
7159 7
7160 5
7161 7
7162 6
7163 8
7164 8
7165 7
7166 7
7167 8
7168 8
7169 9
7170 11
7171 10
7172 10
7173 12
7174 12
7175 13
7176 15
7177 12
7178 12
7179 11
7180 9
7181 9
7182 9
7183 8
7184 7
7185 8
7186 11
7187 10
7188 9
7189 9
7190 11
7191 11
7192 13
7193 12
7194 9
7195 7
7196 9
7197 6
7198 4
7199 4
7200 4
7201 3
7202 4
7203 4
7204 3
7205 2
7206 3
7207 3
7208 3
7209 1
7210 2
7211 0
7212 3
7213 6
7214 4
7215 3
7216 5
7217 5
7218 4
7219 3
7220 3
7221 3
7222 2
7223 6
7224 6
7225 4
7226 6
7227 8
7228 9
7229 11
7230 12
7231 9
7232 9
7233 6
7234 4
7235 2
7236 4
7237 4
7238 6
7239 6
7240 6
7241 5
7242 6
7243 6
7244 8
7245 9
7246 10
7247 12
7248 11
7249 10
7250 11
7251 10
7252 11
7253 14
7254 13
7255 12
7256 10
7257 11
7258 10
7259 11
7260 11
7261 11
7262 12
7263 11
7264 10
7265 9
7266 8
7267 9
7268 10
7269 9
7270 7
7271 8
7272 6
7273 5
7274 6
7275 5
7276 6
7277 7
7278 7
7279 5
7280 3
7281 3
7282 4
7283 1
7284 4
7285 4
7286 4
7287 7
7288 6
7289 6
7290 5
7291 7
7292 7
7293 7
7294 6
7295 5
7296 7
7297 10
7298 9
7299 9
7300 6
7301 6
7302 5
7303 3
7304 1
7305 4
7306 3
7307 1
7308 2
7309 2
7310 2
7311 4
7312 5
7313 5
7314 6
7315 7
7316 8
7317 7
7318 8
7319 8
7320 10
7321 10
7322 8
7323 8
7324 6
7325 6
7326 9
7327 9
7328 12
7329 11
7330 11
7331 10
7332 8
7333 7
7334 7
7335 7
7336 6
7337 3
7338 3
7339 3
7340 4
7341 5
7342 4
7343 3
7344 4
7345 3
7346 0
7347 6
7348 3
7349 2
7350 4
7351 2
7352 2
7353 2
7354 3
7355 1
7356 3
7357 1
7358 3
7359 4
7360 3
7361 1
7362 3
7363 5
7364 5
7365 5
7366 5
7367 5
7368 6
7369 5
7370 5
7371 4
7372 2
7373 3
7374 5
7375 4
7376 3
7377 5
7378 4
7379 4
7380 3
7381 1
7382 2
7383 2
7384 1
7385 2
7386 3
7387 3
7388 4
7389 4
7390 3
7391 6
7392 8
7393 9
7394 7
7395 7
7396 6
7397 5
7398 6
7399 9
7400 8
7401 6
7402 7
7403 8
7404 8
7405 7
7406 8
7407 7
7408 8
7409 8
7410 7
7411 5
7412 6
7413 6
7414 6
7415 7
7416 7
7417 6
7418 5
7419 6
7420 5
7421 4
7422 4
7423 4
7424 5
7425 8
7426 8
7427 8
7428 9
7429 8
7430 7
7431 7
7432 5
7433 3
7434 4
7435 4
7436 3
7437 2
7438 2
7439 3
7440 3
7441 2
7442 2
7443 2
7444 5
7445 3
7446 4
7447 4
7448 3
7449 4
7450 2
7451 3
7452 4
7453 7
7454 7
7455 6
7456 7
7457 9
7458 10
7459 11
7460 10
7461 9
7462 7
7463 8
7464 10
7465 10
7466 12
7467 12
7468 11
7469 11
7470 11
7471 12
7472 13
7473 17
7474 14
7475 16
7476 13
7477 14
7478 15
7479 12
7480 13
7481 11
7482 10
7483 10
7484 9
7485 10
7486 10
7487 11
7488 12
7489 11
7490 10
7491 8
7492 7
7493 8
7494 8
7495 5
7496 7
7497 8
7498 7
7499 6
7500 5
7501 2
7502 4
7503 4
7504 3
7505 3
7506 6
7507 5
7508 4
7509 5
7510 6
7511 8
7512 8
7513 5
7514 5
7515 6
7516 10
7517 9
7518 9
7519 10
7520 9
7521 7
7522 8
7523 6
7524 8
7525 8
7526 7
7527 8
7528 8
7529 8
7530 6
7531 6
7532 5
7533 3
7534 3
7535 3
7536 3
7537 4
7538 5
7539 8
7540 9
7541 6
7542 7
7543 6
7544 4
7545 6
7546 8
7547 7
7548 8
7549 7
7550 8
7551 6
7552 5
7553 4
7554 1
7555 3
7556 2
7557 2
7558 7
7559 6
7560 5
7561 3
7562 5
7563 3
7564 6
7565 6
7566 8
7567 7
7568 6
7569 6
7570 5
7571 5
7572 6
7573 8
7574 7
7575 8
7576 7
7577 5
7578 2
7579 3
7580 3
7581 1
7582 3
7583 2
7584 3
7585 4
7586 2
7587 2
7588 4
7589 6
7590 6
7591 4
7592 4
7593 4
7594 4
7595 4
7596 3
7597 4
7598 5
7599 9
7600 8
7601 7
7602 5
7603 4
7604 5
7605 6
7606 7
7607 7
7608 6
7609 4
7610 3
7611 3
7612 4
7613 4
7614 4
7615 5
7616 6
7617 4
7618 5
7619 4
7620 2
7621 3
7622 2
7623 3
7624 5
7625 2
7626 4
7627 4
7628 5
7629 5
7630 5
7631 4
7632 7
7633 5
7634 3
7635 2
7636 3
7637 3
7638 3
7639 3
7640 0
7641 2
7642 4
7643 4
7644 7
7645 7
7646 6
7647 7
7648 6
7649 6
7650 5
7651 7
7652 6
7653 5
7654 6
7655 6
7656 6
7657 5
7658 2
7659 3
7660 3
7661 5
7662 4
7663 4
7664 2
7665 3
7666 3
7667 1
7668 4
7669 2
7670 4
7671 4
7672 2
7673 2
7674 5
7675 4
7676 1
7677 3
7678 3
7679 2
7680 4
7681 4
7682 2
7683 1
7684 2
7685 2
7686 2
7687 5
7688 4
7689 6
7690 5
7691 6
7692 6
7693 7
7694 10
7695 8
7696 9
7697 9
7698 6
7699 7
7700 7
7701 6
7702 7
7703 7
7704 6
7705 7
7706 7
7707 9
7708 12
7709 15
7710 12
7711 10
7712 10
7713 10
7714 12
7715 13
7716 14
7717 15
7718 12
7719 11
7720 11
7721 13
7722 11
7723 8
7724 7
7725 7
7726 8
7727 9
7728 9
7729 10
7730 9
7731 9
7732 9
7733 10
7734 9
7735 9
7736 6
7737 8
7738 5
7739 3
7740 2
7741 2
7742 5
7743 3
7744 2
7745 2
7746 2
7747 4
7748 3
7749 4
7750 5
7751 4
7752 3
7753 5
7754 6
7755 5
7756 3
7757 3
7758 4
7759 4
7760 3
7761 4
7762 4
7763 4
7764 5
7765 6
7766 5
7767 4
7768 4
7769 5
7770 4
7771 6
7772 6
7773 7
7774 7
7775 9
7776 11
7777 10
7778 9
7779 6
7780 6
7781 6
7782 5
7783 4
7784 4
7785 9
7786 11
7787 9
7788 8
7789 7
7790 8
7791 6
7792 5
7793 7
7794 5
7795 5
7796 4
7797 4
7798 4
7799 4
7800 2
7801 2
7802 2
7803 3
7804 5
7805 5
7806 4
7807 2
7808 1
7809 0
7810 4
7811 5
7812 9
7813 9
7814 7
7815 7
7816 6
7817 7
7818 7
7819 7
7820 7
7821 5
7822 6
7823 5
7824 4
7825 2
7826 3
7827 1
7828 4
7829 4
7830 4
7831 6
7832 4
7833 5
7834 6
7835 5
7836 4
7837 3
7838 0
7839 5
7840 3
7841 3
7842 5
7843 3
7844 2
7845 2
7846 2
7847 4
7848 4
7849 7
7850 7
7851 4
7852 3
7853 2
7854 3
7855 2
7856 2
7857 4
7858 7
7859 7
7860 8
7861 10
7862 8
7863 7
7864 7
7865 8
7866 11
7867 10
7868 11
7869 11
7870 12
7871 11
7872 10
7873 10
7874 10
7875 11
7876 13
7877 14
7878 16
7879 13
7880 14
7881 15
7882 12
7883 13
7884 13
7885 12
7886 13
7887 10
7888 12
7889 11
7890 14
7891 14
7892 14
7893 15
7894 12
7895 11
7896 11
7897 11
7898 13
7899 13
7900 12
7901 10
7902 9
7903 9
7904 12
7905 11
7906 8
7907 7
7908 6
7909 8
7910 6
7911 5
7912 5
7913 7
7914 9
7915 7
7916 7
7917 9
7918 8
7919 7
7920 8
7921 5
7922 3
7923 0
7924 4
7925 4
7926 3
7927 3
7928 2
7929 4
7930 6
7931 6
7932 3
7933 2
7934 4
7935 3
7936 2
7937 5
7938 5
7939 4
7940 2
7941 1
7942 1
7943 3
7944 2
7945 5
7946 3
7947 4
7948 5
7949 7
7950 5
7951 3
7952 2
7953 3
7954 1
7955 2
7956 3
7957 4
7958 5
7959 2
7960 1
7961 1
7962 3
7963 2
7964 2
7965 3
7966 2
7967 3
7968 2
7969 2
7970 1
7971 2
7972 5
7973 4
7974 3
7975 3
7976 3
7977 3
7978 4
7979 5
7980 4
7981 5
7982 3
7983 3
7984 2
7985 7
7986 7
7987 6
7988 8
7989 9
7990 9
7991 9
7992 11
7993 13
7994 11
7995 11
7996 10
7997 11
7998 12
7999 12
8000 14
8001 15
8002 12
8003 12
8004 11
8005 10
8006 12
8007 10
8008 9
8009 9
8010 8
8011 8
8012 10
8013 9
8014 8
8015 6
8016 7
8017 11
8018 10
8019 10
8020 8
8021 8
8022 7
8023 9
8024 7
8025 5
8026 7
8027 6
8028 3
8029 6
8030 5
8031 4
8032 6
8033 6
8034 9
8035 7
8036 5
8037 6
8038 9
8039 10
8040 11
8041 12
8042 11
8043 10
8044 11
8045 9
8046 9
8047 13
8048 13
8049 10
8050 10
8051 10
8052 8
8053 9
8054 10
8055 8
8056 8
8057 10
8058 11
8059 10
8060 10
8061 11
8062 13
8063 12
8064 13
8065 14
8066 13
8067 11
8068 10
8069 9
8070 8
8071 7
8072 6
8073 5
8074 5
8075 5
8076 4
8077 5
8078 3
8079 2
8080 2
8081 1
8082 3
8083 3
8084 2
8085 4
8086 2
8087 5
8088 4
8089 5
8090 5
8091 4
8092 8
8093 8
8094 7
8095 7
8096 5
8097 5
8098 4
8099 5
8100 5
8101 5
8102 5
8103 5
8104 5
8105 4
8106 3
8107 4
8108 5
8109 4
8110 3
8111 4
8112 4
8113 5
8114 4
8115 7
8116 6
8117 6
8118 5
8119 7
8120 7
8121 5
8122 5
8123 2
8124 0
8125 3
8126 3
8127 2
8128 2
8129 5
8130 3
8131 4
8132 2
8133 2
8134 3
8135 2
8136 1
8137 4
8138 5
8139 4
8140 3
8141 0
8142 4
8143 2
8144 1
8145 1
8146 3
8147 6
8148 7
8149 6
8150 6
8151 5
8152 4
8153 7
8154 9
8155 12
8156 13
8157 12
8158 13
8159 11
8160 12
8161 14
8162 15
8163 12
8164 10
8165 7
8166 5
8167 5
8168 5
8169 7
8170 6
8171 6
8172 5
8173 5
8174 5
8175 4
8176 7
8177 5
8178 4
8179 3
8180 3
8181 3
8182 6
8183 9
8184 11
8185 13
8186 16
8187 13
8188 14
8189 17
8190 14
8191 12
8192 11
8193 9
8194 10
8195 10
8196 13
8197 13
8198 11
8199 10
8200 11
8201 11
8202 10
8203 15
8204 12
8205 13
8206 14
8207 14
8208 12
8209 11
8210 11
8211 9
8212 7
8213 5
8214 7
8215 7
8216 6
8217 5
8218 4
8219 2
8220 4
8221 4
8222 4
8223 8
8224 7
8225 8
8226 8
8227 7
8228 8
8229 9
8230 8
8231 9
8232 9
8233 9
8234 7
8235 7
8236 8
8237 5
8238 5
8239 6
8240 5
8241 4
8242 2
8243 4
8244 3
8245 3
8246 3
8247 5
8248 6
8249 5
8250 5
8251 4
8252 5
8253 5
8254 6
8255 4
8256 1
8257 4
8258 3
8259 4
8260 4
8261 6
8262 4
8263 4
8264 3
8265 4
8266 5
8267 3
8268 1
8269 2
8270 6
8271 6
8272 6
8273 5
8274 5
8275 4
8276 5
8277 5
8278 4
8279 6
8280 6
8281 4
8282 6
8283 8
8284 9
8285 6
8286 8
8287 6
8288 4
8289 5
8290 6
8291 5
8292 5
8293 5
8294 3
8295 2
8296 2
8297 5
8298 5
8299 5
8300 2
8301 1
8302 2
8303 0
8304 1
8305 3
8306 0
8307 4
8308 1
8309 2
8310 2
8311 3
8312 0
8313 2
8314 2
8315 6
8316 5
8317 4
8318 1
8319 6
8320 5
8321 5
8322 7
8323 5
8324 6
8325 9
8326 9
8327 9
8328 10
8329 12
8330 12
8331 10
8332 9
8333 9
8334 10
8335 9
8336 9
8337 7
8338 8
8339 9
8340 9
8341 9
8342 9
8343 10
8344 7
8345 6
8346 6
8347 5
8348 3
8349 2
8350 1
8351 1
8352 3
8353 4
8354 5
8355 5
8356 7
8357 8
8358 6
8359 5
8360 3
8361 6
8362 9
8363 6
8364 8
8365 8
8366 9
8367 10
8368 13
8369 11
8370 10
8371 11
8372 10
8373 12
8374 15
8375 12
8376 11
8377 12
8378 12
8379 10
8380 10
8381 10
8382 10
8383 10
8384 11
8385 12
8386 16
8387 13
8388 12
8389 11
8390 10
8391 13
8392 10
8393 10
8394 9
8395 9
8396 10
8397 10
8398 10
8399 11
8400 12
8401 12
8402 13
8403 14
8404 13
8405 13
8406 12
8407 12
8408 11
8409 14
8410 15
8411 12
8412 13
8413 12
8414 13
8415 12
8416 11
8417 14
8418 12
8419 10
8420 9
8421 9
8422 8
8423 5
8424 6
8425 6
8426 5
8427 4
8428 6
8429 7
8430 7
8431 7
8432 5
8433 5
8434 2
8435 3
8436 3
8437 2
8438 2
8439 2
8440 4
8441 4
8442 6
8443 4
8444 3
8445 1
8446 2
8447 5
8448 4
8449 6
8450 5
8451 5
8452 4
8453 4
8454 4
8455 3
8456 2
8457 2
8458 6
8459 4
8460 6
8461 7
8462 8
8463 8
8464 11
8465 14
8466 11
8467 15
8468 12
8469 14
8470 11
8471 10
8472 11
8473 12
8474 13
8475 13
8476 11
8477 9
8478 8
8479 9
8480 8
8481 7
8482 7
8483 5
8484 5
8485 5
8486 6
8487 5
8488 4
8489 3
8490 1
8491 5
8492 5
8493 9
8494 9
8495 10
8496 11
8497 10
8498 12
8499 12
8500 13
8501 13
8502 12
8503 11
8504 8
8505 7
8506 8
8507 9
8508 9
8509 7
8510 8
8511 9
8512 9
8513 10
8514 9
8515 7
8516 7
8517 8
8518 10
8519 10
8520 11
8521 13
8522 10
8523 10
8524 9
8525 9
8526 7
8527 8
8528 6
8529 10
8530 9
8531 10
8532 10
8533 10
8534 11
8535 12
8536 10
8537 10
8538 12
8539 13
8540 12
8541 12
8542 13
8543 13
8544 12
8545 10
8546 9
8547 9
8548 9
8549 11
8550 10
8551 10
8552 11
8553 13
8554 15
8555 12
8556 11
8557 10
8558 9
8559 8
8560 9
8561 10
8562 10
8563 10
8564 11
8565 9
8566 7
8567 7
8568 5
8569 6
8570 5
8571 4
8572 3
8573 2
8574 2
8575 0
8576 4
8577 4
8578 3
8579 2
8580 6
8581 6
8582 4
8583 7
8584 6
8585 7
8586 4
8587 2
8588 3
8589 4
8590 5
8591 5
8592 4
8593 4
8594 5
8595 4
8596 3
8597 2
8598 1
8599 5
8600 8
8601 10
8602 13
8603 13
8604 13
8605 13
8606 11
8607 9
8608 9
8609 9
8610 10
8611 11
8612 11
8613 13
8614 11
8615 10
8616 11
8617 8
8618 7
8619 7
8620 8
8621 12
8622 10
8623 12
8624 13
8625 12
8626 11
8627 13
8628 13
8629 12
8630 11
8631 11
8632 11
8633 11
8634 12
8635 13
8636 13
8637 11
8638 10
8639 10
8640 14
8641 15
8642 12
8643 12
8644 12
8645 10
8646 9
8647 12
8648 14
8649 14
8650 12
8651 14
8652 11
8653 12
8654 11
8655 10
8656 8
8657 7
8658 7
8659 8
8660 7
8661 7
8662 4
8663 3
8664 5
8665 4
8666 1
8667 3
8668 4
8669 1
8670 4
8671 4
8672 5
8673 5
8674 5
8675 6
8676 3
8677 1
8678 1
8679 3
8680 1
8681 4
8682 4
8683 3
8684 4
8685 4
8686 6
8687 7
8688 5
8689 5
8690 6
8691 6
8692 7
8693 8
8694 7
8695 8
8696 9
8697 10
8698 9
8699 10
8700 12
8701 12
8702 11
8703 9
8704 10
8705 10
8706 10
8707 10
8708 9
8709 7
8710 6
8711 6
8712 7
8713 8
8714 8
8715 9
8716 9
8717 8
8718 9
8719 9
8720 9
8721 8
8722 7
8723 5
8724 5
8725 3
8726 4
8727 2
8728 4
8729 1
8730 3
8731 4
8732 4
8733 1
8734 5
8735 5
8736 7
8737 5
8738 6
8739 6
8740 4
8741 5
8742 5
8743 4
8744 5
8745 5
8746 5
8747 6
8748 5
8749 4
8750 4
8751 3
8752 4
8753 4
8754 3
8755 3
8756 2
8757 2
8758 3
8759 2
8760 1
8761 5
8762 5
8763 4
8764 4
8765 5
8766 5
8767 5
8768 6
8769 5
8770 8
8771 6
8772 5
8773 6
8774 7
8775 5
8776 6
8777 6
8778 7
8779 6
8780 5
8781 6
8782 6
8783 12
8784 9
8785 10
8786 11
8787 11
8788 12
8789 10
8790 8
8791 6
8792 4
8793 2
8794 1
8795 4
8796 3
8797 2
8798 6
8799 4
8800 3
8801 6
8802 5
8803 5
8804 5
8805 5
8806 7
8807 7
8808 6
8809 7
8810 7
8811 6
8812 4
8813 3
8814 4
8815 5
8816 7
8817 10
8818 9
8819 8
8820 6
8821 6
8822 6
8823 5
8824 6
8825 8
8826 9
8827 8
8828 7
8829 6
8830 6
8831 6
8832 4
8833 4
8834 4
8835 5
8836 6
8837 5
8838 3
8839 1
8840 4
8841 1
8842 3
8843 0
8844 2
8845 4
8846 2
8847 3
8848 4
8849 2
8850 8
8851 6
8852 6
8853 8
8854 13
8855 12
8856 13
8857 13
8858 14
8859 11
8860 10
8861 11
8862 8
8863 10
8864 10
8865 11
8866 11
8867 10
8868 8
8869 8
8870 7
8871 5
8872 6
8873 6
8874 6
8875 7
8876 7
8877 5
8878 3
8879 7
8880 7
8881 7
8882 11
8883 10
8884 10
8885 10
8886 11
8887 8
8888 10
8889 11
8890 10
8891 9
8892 9
8893 9
8894 7
8895 6
8896 6
8897 7
8898 6
8899 6
8900 6
8901 7
8902 9
8903 9
8904 7
8905 6
8906 7
8907 9
8908 7
8909 7
8910 4
8911 1
8912 0
8913 2
8914 2
8915 4
8916 3
8917 4
8918 3
8919 2
8920 5
8921 6
8922 3
8923 3
8924 2
8925 6
8926 7
8927 8
8928 12
8929 12
8930 12
8931 11
8932 12
8933 11
8934 9
8935 8
8936 8
8937 6
8938 5
8939 3
8940 3
8941 2
8942 3
8943 3
8944 3
8945 3
8946 3
8947 1
8948 0
8949 2
8950 3
8951 4
8952 4
8953 3
8954 4
8955 6
8956 8
8957 9
8958 6
8959 4
8960 2
8961 4
8962 5
8963 4
8964 2
8965 2
8966 3
8967 2
8968 3
8969 4
8970 5
8971 8
8972 9
8973 7
8974 6
8975 4
8976 6
8977 5
8978 5
8979 3
8980 4
8981 4
8982 5
8983 4
8984 5
8985 4
8986 5
8987 4
8988 3
8989 3
8990 5
8991 5
8992 5
8993 2
8994 2
8995 2
8996 4
8997 5
8998 3
8999 4
9000 6
9001 7
9002 9
9003 10
9004 12
9005 12
9006 11
9007 12
9008 13
9009 13
9010 13
9011 13
9012 13
9013 14
9014 15
9015 12
9016 13
9017 14
9018 13
9019 16
9020 13
9021 13
9022 15
9023 12
9024 10
9025 9
9026 10
9027 9
9028 7
9029 7
9030 6
9031 3
9032 5
9033 6
9034 5
9035 6
9036 6
9037 4
9038 3
9039 5
9040 2
9041 2
9042 3
9043 4
9044 5
9045 3
9046 1
9047 3
9048 2
9049 1
9050 2
9051 1
9052 1
9053 2
9054 4
9055 2
9056 2
9057 3
9058 7
9059 6
9060 4
9061 3
9062 3
9063 2
9064 3
9065 2
9066 5
9067 4
9068 5
9069 5
9070 4
9071 5
9072 5
9073 3
9074 0
9075 5
9076 4
9077 2
9078 2
9079 2
9080 4
9081 2
9082 3
9083 1
9084 0
9085 3
9086 3
9087 1
9088 1
9089 4
9090 3
9091 5
9092 3
9093 2
9094 4
9095 5
9096 6
9097 4
9098 3
9099 2
9100 5
9101 8
9102 9
9103 7
9104 6
9105 6
9106 8
9107 5
9108 3
9109 2
9110 3
9111 1
9112 4
9113 4
9114 4
9115 4
9116 3
9117 2
9118 3
9119 3
9120 3
9121 1
9122 1
9123 2
9124 1
9125 2
9126 4
9127 5
9128 8
9129 6
9130 7
9131 10
9132 9
9133 8
9134 9
9135 9
9136 10
9137 10
9138 8
9139 7
9140 7
9141 6
9142 10
9143 8
9144 6
9145 8
9146 9
9147 9
9148 11
9149 12
9150 13
9151 11
9152 11
9153 13
9154 13
9155 13
9156 14
9157 13
9158 14
9159 14
9160 14
9161 12
9162 11
9163 10
9164 11
9165 12
9166 13
9167 15
9168 12
9169 11
9170 12
9171 11
9172 10
9173 9
9174 8
9175 8
9176 6
9177 8
9178 8
9179 8
9180 7
9181 7
9182 7
9183 7
9184 6
9185 5
9186 4
9187 4
9188 6
9189 5
9190 4
9191 5
9192 4
9193 5
9194 4
9195 3
9196 3
9197 3
9198 5
9199 3
9200 4
9201 5
9202 7
9203 7
9204 10
9205 13
9206 12
9207 13
9208 11
9209 12
9210 12
9211 12
9212 13
9213 13
9214 15
9215 12
9216 11
9217 13
9218 11
9219 12
9220 11
9221 12
9222 13
9223 10
9224 11
9225 9
9226 7
9227 6
9228 5
9229 4
9230 2
9231 2
9232 2
9233 2
9234 2
9235 3
9236 1
9237 2
9238 0
9239 0
9240 3
9241 5
9242 4
9243 6
9244 5
9245 8
9246 8
9247 7
9248 6
9249 8
9250 9
9251 7
9252 5
9253 6
9254 4
9255 3
9256 1
9257 2
9258 1
9259 2
9260 3
9261 3
9262 2
9263 7
9264 8
9265 7
9266 7
9267 6
9268 6
9269 6
9270 5
9271 2
9272 2
9273 0
9274 2
9275 3
9276 3
9277 4
9278 7
9279 6
9280 3
9281 4
9282 5
9283 4
9284 4
9285 7
9286 8
9287 7
9288 8
9289 8
9290 8
9291 7
9292 4
9293 4
9294 4
9295 3
9296 3
9297 4
9298 3
9299 2
9300 4
9301 2
9302 2
9303 1
9304 5
9305 3
9306 4
9307 3
9308 0
9309 5
9310 4
9311 3
9312 5
9313 7
9314 7
9315 6
9316 7
9317 8
9318 8
9319 7
9320 6
9321 5
9322 5
9323 3
9324 6
9325 3
9326 4
9327 4
9328 3
9329 4
9330 3
9331 6
9332 6
9333 7
9334 8
9335 7
9336 6
9337 7
9338 9
9339 9
9340 8
9341 8
9342 9
9343 9
9344 7
9345 8
9346 6
9347 5
9348 7
9349 4
9350 3
9351 4
9352 5
9353 6
9354 4
9355 4
9356 6
9357 7
9358 7
9359 7
9360 7
9361 6
9362 10
9363 8
9364 7
9365 9
9366 11
9367 12
9368 14
9369 14
9370 15
9371 12
9372 11
9373 12
9374 12
9375 11
9376 10
9377 12
9378 11
9379 15
9380 12
9381 11
9382 8
9383 8
9384 9
9385 10
9386 10
9387 10
9388 11
9389 10
9390 11
9391 13
9392 12
9393 13
9394 13
9395 14
9396 15
9397 12
9398 11
9399 12
9400 13
9401 13
9402 14
9403 15
9404 12
9405 11
9406 10
9407 9
9408 9
9409 9
9410 10
9411 10
9412 8
9413 9
9414 10
9415 9
9416 8
9417 6
9418 5
9419 4
9420 5
9421 6
9422 7
9423 9
9424 8
9425 7
9426 7
9427 7
9428 5
9429 8
9430 5
9431 5
9432 6
9433 5
9434 6
9435 6
9436 9
9437 7
9438 4
9439 5
9440 3
9441 4
9442 4
9443 3
9444 1
9445 2
9446 3
9447 3
9448 4
9449 3
9450 3
9451 2
9452 7
9453 5
9454 4
9455 5
9456 5
9457 6
9458 5
9459 5
9460 4
9461 5
9462 5
9463 8
9464 6
9465 6
9466 8
9467 11
9468 11
9469 10
9470 12
9471 14
9472 17
9473 14
9474 15
9475 12
9476 15
9477 12
9478 11
9479 10
9480 8
9481 7
9482 9
9483 7
9484 6
9485 6
9486 6
9487 3
9488 5
9489 6
9490 7
9491 6
9492 8
9493 6
9494 4
9495 2
9496 3
9497 4
9498 4
9499 2
9500 1
9501 5
9502 4
9503 4
9504 3
9505 1
9506 4
9507 3
9508 5
9509 2
9510 4
9511 6
9512 6
9513 6
9514 7
9515 9
9516 8
9517 6
9518 4
9519 2
9520 1
9521 4
9522 7
9523 6
9524 7
9525 10
9526 7
9527 5
9528 4
9529 4
9530 2
9531 5
9532 5
9533 5
9534 4
9535 5
9536 3
9537 1
9538 4
9539 6
9540 5
9541 5
9542 6
9543 6
9544 5
9545 4
9546 3
9547 3
9548 1
9549 2
9550 4
9551 5
9552 4
9553 5
9554 2
9555 5
9556 9
9557 6
9558 4
9559 3
9560 4
9561 4
9562 6
9563 7
9564 8
9565 12
9566 13
9567 12
9568 10
9569 10
9570 9
9571 8
9572 8
9573 8
9574 6
9575 5
9576 4
9577 5
9578 4
9579 2
9580 4
9581 3
9582 7
9583 7
9584 9
9585 11
9586 13
9587 11
9588 8
9589 7
9590 8
9591 8
9592 7
9593 9
9594 8
9595 8
9596 9
9597 7
9598 5
9599 6
9600 5
9601 6
9602 6
9603 6
9604 3
9605 3
9606 3
9607 2
9608 5
9609 4
9610 5
9611 5
9612 6
9613 6
9614 6
9615 7
9616 5
9617 3
9618 1
9619 3
9620 1
9621 2
9622 2
9623 4
9624 4
9625 3
9626 3
9627 2
9628 2
9629 3
9630 4
9631 8
9632 9
9633 9
9634 9
9635 10
9636 8
9637 9
9638 7
9639 5
9640 3
9641 5
9642 4
9643 2
9644 2
9645 2
9646 2
9647 3
9648 2
9649 1
9650 2
9651 7
9652 8
9653 7
9654 6
9655 5
9656 3
9657 1
9658 1
9659 2
9660 6
9661 4
9662 3
9663 3
9664 2
9665 2
9666 3
9667 5
9668 4
9669 4
9670 4
9671 1
9672 5
9673 2
9674 6
9675 4
9676 5
9677 5
9678 6
9679 6
9680 5
9681 4
9682 2
9683 3
9684 3
9685 3
9686 4
9687 5
9688 7
9689 10
9690 10
9691 8
9692 10
9693 10
9694 9
9695 9
9696 9
9697 7
9698 4
9699 4
9700 3
9701 2
9702 1
9703 4
9704 3
9705 1
9706 3
9707 8
9708 9
9709 7
9710 5
9711 5
9712 5
9713 7
9714 8
9715 5
9716 6
9717 5
9718 2
9719 2
9720 1
9721 3
9722 3
9723 0
9724 3
9725 3
9726 1
9727 3
9728 5
9729 5
9730 6
9731 7
9732 11
9733 12
9734 11
9735 11
9736 12
9737 11
9738 13
9739 12
9740 10
9741 11
9742 12
9743 11
9744 12
9745 11
9746 11
9747 9
9748 9
9749 11
9750 12
9751 12
9752 11
9753 11
9754 10
9755 11
9756 10
9757 11
9758 9
9759 10
9760 10
9761 12
9762 11
9763 13
9764 13
9765 14
9766 13
9767 16
9768 13
9769 13
9770 15
9771 12
9772 11
9773 10
9774 10
9775 9
9776 10
9777 9
9778 6
9779 7
9780 7
9781 9
9782 7
9783 9
9784 10
9785 11
9786 10
9787 8
9788 8
9789 8
9790 8
9791 6
9792 7
9793 7
9794 7
9795 6
9796 5
9797 5
9798 5
9799 5
9800 6
9801 6
9802 4
9803 1
9804 3
9805 4
9806 5
9807 6
9808 5
9809 4
9810 4
9811 5
9812 6
9813 11
9814 12
9815 11
9816 9
9817 9
9818 7
9819 7
9820 6
9821 5
9822 3
9823 1
9824 3
9825 3
9826 4
9827 5
9828 7
9829 8
9830 8
9831 8
9832 6
9833 6
9834 4
9835 5
9836 5
9837 4
9838 5
9839 6
9840 6
9841 8
9842 8
9843 7
9844 4
9845 4
9846 7
9847 6
9848 6
9849 5
9850 6
9851 4
9852 4
9853 6
9854 6
9855 9
9856 10
9857 10
9858 11
9859 12
9860 12
9861 14
9862 16
9863 13
9864 14
9865 15
9866 12
9867 14
9868 13
9869 13
9870 17
9871 14
9872 17
9873 14
9874 13
9875 15
9876 12
9877 10
9878 12
9879 10
9880 11
9881 9
9882 9
9883 9
9884 10
9885 9
9886 10
9887 11
9888 12
9889 13
9890 11
9891 8
9892 7
9893 8
9894 7
9895 4
9896 3
9897 0
9898 5
9899 7
9900 7
9901 5
9902 4
9903 7
9904 6
9905 4
9906 1
9907 3
9908 2
9909 6
9910 4
9911 6
9912 7
9913 8
9914 7
9915 10
9916 8
9917 8
9918 9
9919 11
9920 13
9921 15
9922 12
9923 12
9924 12
9925 11
9926 10
9927 9
9928 9
9929 9
9930 10
9931 9
9932 8
9933 6
9934 3
9935 4
9936 4
9937 5
9938 5
9939 5
9940 3
9941 5
9942 4
9943 5
9944 6
9945 6
9946 7
9947 8
9948 9
9949 9
9950 7
9951 6
9952 9
9953 9
9954 8
9955 8
9956 8
9957 7
9958 4
9959 2
9960 4
9961 3
9962 3
9963 2
9964 6
9965 4
9966 4
9967 5
9968 5
9969 4
9970 4
9971 7
9972 9
9973 7
9974 10
9975 10
9976 9
9977 9
9978 10
9979 8
9980 9
9981 6
9982 5
9983 2
9984 3
9985 4
9986 2
9987 5
9988 6
9989 5
9990 6
9991 4
9992 3
9993 1
9994 5
9995 7
9996 9
9997 8
9998 7
9999 7
