0 2
1 0
2 2
3 1
4 4
5 3
6 1
7 2
8 3
9 1
10 2
11 1
12 5
13 3
14 0
15 4
16 3
17 1
18 2
19 2
20 1
21 1
22 3
23 3
24 1
25 2
26 2
27 2
28 2
29 4
30 4
31 3
32 1
33 4
34 4
35 6
36 6
37 5
38 2
39 2
40 3
41 2
42 1
43 2
44 2
45 2
46 2
47 0
48 1
49 3
50 0
51 1
52 3
53 2
54 1
55 3
56 3
57 0
58 3
59 1
60 1
61 2
62 5
63 4
64 2
65 3
66 1
67 1
68 4
69 2
70 4
71 2
72 2
73 1
74 0
75 2
76 1
77 0
78 2
79 2
80 1
81 3
82 1
83 1
84 0
85 2
86 4
87 4
88 2
89 1
90 2
91 3
92 0
93 3
94 3
95 2
96 2
97 1
98 0
99 2
100 4
101 3
102 1
103 2
104 1
105 2
106 2
107 3
108 2
109 1
110 3
111 1
112 1
113 2
114 1
115 0
116 1
117 0
118 4
119 4
120 3
121 3
122 1
123 4
124 6
125 3
126 3
127 1
128 3
129 3
130 3
131 5
132 5
133 7
134 8
135 10
136 9
137 8
138 5
139 4
140 3
141 0
142 1
143 1
144 0
145 2
146 2
147 3
148 2
149 1
150 2
151 3
152 2
153 1
154 6
155 6
156 4
157 3
158 3
159 0
160 4
161 2
162 2
163 2
164 2
165 4
166 3
167 0
168 2
169 5
170 5
171 4
172 3
173 2
174 4
175 3
176 0
177 4
178 2
179 1
180 4
181 4
182 3
183 1
184 1
185 2
186 1
187 2
188 3
189 1
190 3
191 3
192 1
193 0
194 3
195 3
196 2
197 1
198 0
199 4
200 4
201 2
202 1
203 1
204 1
205 1
206 3
207 3
208 4
209 5
210 4
211 3
212 4
213 3
214 1
215 0
216 1
217 4
218 4
219 2
220 3
221 2
222 2
223 4
224 3
225 3
226 2
227 1
228 0
229 4
230 2
231 2
232 3
233 0
234 1
235 1
236 0
237 5
238 3
239 3
240 2
241 3
242 1
243 5
244 10
245 12
246 10
247 12
248 11
249 12
250 11
251 8
252 6
253 4
254 6
255 6
256 4
257 4
258 4
259 3
260 2
261 1
262 2
263 1
264 2
265 4
266 1
267 2
268 5
269 3
270 2
271 2
272 4
273 3
274 2
275 2
276 4
277 3
278 1
279 1
280 3
281 3
282 0
283 3
284 5
285 3
286 3
287 5
288 5
289 5
290 3
291 2
292 4
293 3
294 3
295 3
296 5
297 7
298 6
299 6
300 3
301 2
302 0
303 2
304 1
305 2
306 2
307 1
308 0
309 5
310 5
311 4
312 5
313 4
314 6
315 5
316 2
317 0
318 2
319 2
320 2
321 1
322 3
323 0
324 1
325 3
326 2
327 1
328 1
329 2
330 3
331 2
332 2
333 3
334 0
335 3
336 2
337 1
338 3
339 5
340 7
341 5
342 4
343 4
344 4
345 2
346 2
347 1
348 1
349 1
350 4
351 1
352 3
353 0
354 3
355 0
356 0
357 3
358 4
359 2
360 2
361 2
362 2
363 1
364 1
365 4
366 4
367 2
368 3
369 1
370 2
371 2
372 1
373 2
374 1
375 1
376 3
377 3
378 2
379 2
380 4
381 2
382 1
383 4
384 2
385 2
386 2
387 1
388 0
389 1
390 2
391 2
392 2
393 4
394 3
395 2
396 1
397 1
398 1
399 2
400 3
401 2
402 3
403 1
404 3
405 1
406 1
407 3
408 1
409 1
410 5
411 4
412 3
413 0
414 2
415 1
416 2
417 1
418 2
419 3
420 4
421 3
422 2
423 1
424 2
425 1
426 0
427 0
428 4
429 5
430 4
431 3
432 3
433 2
434 3
435 1
436 3
437 3
438 3
439 3
440 2
441 1
442 0
443 5
444 5
445 3
446 1
447 3
448 4
449 3
450 2
451 0
452 3
453 3
454 0
455 4
456 6
457 4
458 3
459 2
460 2
461 1
462 2
463 6
464 3
465 1
466 5
467 5
468 5
469 5
470 4
471 3
472 0
473 0
474 1
475 1
476 0
477 1
478 0
479 3
480 3
481 0
482 2
483 3
484 6
485 4
486 1
487 4
488 2
489 1
490 2
491 1
492 0
493 1
494 2
495 3
496 1
497 0
498 4
499 3
500 3
501 2
502 4
503 5
504 4
505 3
506 1
507 0
508 2
509 1
510 5
511 5
512 3
513 2
514 4
515 4
516 3
517 3
518 1
519 2
520 1
521 1
522 1
523 0
524 1
525 3
526 1
527 2
528 0
529 4
530 3
531 2
532 4
533 2
534 3
535 0
536 2
537 2
538 0
539 6
540 5
541 5
542 4
543 5
544 5
545 6
546 4
547 4
548 3
549 2
550 2
551 3
552 0
553 0
554 0
555 2
556 2
557 3
558 1
559 1
560 4
561 3
562 3
563 2
564 3
565 1
566 1
567 1
568 0
569 1
570 2
571 3
572 1
573 2
574 1
575 3
576 2
577 1
578 2
579 3
580 6
581 7
582 6
583 3
584 1
585 2
586 4
587 2
588 3
589 2
590 1
591 2
592 1
593 1
594 2
595 0
596 2
597 0
598 1
599 2
600 3
601 2
602 1
603 1
604 2
605 1
606 2
607 1
608 2
609 4
610 3
611 3
612 3
613 3
614 2
615 1
616 1
617 1
618 4
619 4
620 3
621 2
622 3
623 3
624 1
625 2
626 2
627 0
628 2
629 2
630 1
631 2
632 2
633 4
634 2
635 3
636 3
637 0
638 1
639 3
640 2
641 3
642 3
643 2
644 4
645 3
646 2
647 3
648 2
649 1
650 4
651 4
652 2
653 3
654 3
655 2
656 2
657 0
658 2
659 4
660 1
661 0
662 2
663 1
664 2
665 1
666 2
667 1
668 5
669 5
670 2
671 2
672 2
673 2
674 1
675 4
676 2
677 3
678 3
679 2
680 2
681 0
682 2
683 3
684 3
685 3
686 2
687 2
688 2
689 5
690 4
691 1
692 5
693 5
694 5
695 4
696 5
697 4
698 4
699 2
700 5
701 3
702 1
703 3
704 3
705 4
706 6
707 6
708 4
709 2
710 3
711 2
712 3
713 2
714 1
715 1
716 3
717 3
718 4
719 3
720 0
721 2
722 3
723 2
724 2
725 1
726 2
727 2
728 2
729 3
730 1
731 1
732 2
733 1
734 2
735 1
736 0
737 1
738 2
739 1
740 1
741 5
742 4
743 1
744 2
745 2
746 0
747 3
748 3
749 1
750 7
751 4
752 6
753 4
754 1
755 1
756 4
757 4
758 4
759 2
760 0
761 3
762 0
763 5
764 4
765 2
766 0
767 3
768 3
769 3
770 4
771 2
772 2
773 4
774 1
775 2
776 1
777 2
778 3
779 1
780 1
781 3
782 4
783 3
784 1
785 3
786 2
787 4
788 5
789 3
790 2
791 3
792 0
793 2
794 4
795 3
796 1
797 1
798 1
799 3
800 2
801 1
802 3
803 2
804 1
805 3
806 0
807 2
808 1
809 3
810 2
811 3
812 2
813 4
814 2
815 1
816 1
817 2
818 3
819 0
820 6
821 4
822 5
823 5
824 4
825 3
826 2
827 3
828 2
829 1
830 1
831 1
832 1
833 1
834 2
835 2
836 2
837 2
838 1
839 3
840 1
841 2
842 2
843 6
844 5
845 2
846 2
847 0
848 6
849 7
850 5
851 5
852 4
853 4
854 5
855 5
856 3
857 0
858 2
859 0
860 1
861 1
862 2
863 3
864 3
865 1
866 3
867 0
868 2
869 3
870 2
871 2
872 4
873 1
874 3
875 4
876 4
877 2
878 0
879 4
880 2
881 3
882 3
883 1
884 3
885 0
886 2
887 2
888 1
889 4
890 2
891 3
892 2
893 1
894 3
895 4
896 2
897 3
898 5
899 4
900 5
901 4
902 2
903 3
904 2
905 2
906 3
907 1
908 1
909 3
910 2
911 2
912 0
913 1
914 1
915 2
916 0
917 2
918 1
919 3
920 1
921 1
922 2
923 1
924 4
925 4
926 1
927 1
928 2
929 2
930 2
931 2
932 1
933 2
934 2
935 1
936 3
937 2
938 5
939 5
940 8
941 9
942 8
943 5
944 4
945 4
946 1
947 3
948 1
949 2
950 3
951 1
952 4
953 3
954 0
955 0
956 4
957 3
958 1
959 1
960 3
961 2
962 3
963 1
964 2
965 4
966 5
967 5
968 3
969 2
970 3
971 0
972 4
973 1
974 4
975 3
976 0
977 4
978 5
979 5
980 2
981 0
982 1
983 3
984 2
985 0
986 1
987 1
988 3
989 1
990 1
991 2
992 2
993 4
994 3
995 1
996 3
997 3
998 2
999 2
1000 3
1001 3
1002 4
1003 6
1004 5
1005 5
1006 3
1007 3
1008 1
1009 2
1010 3
1011 2
1012 1
1013 1
1014 5
1015 3
1016 2
1017 2
1018 3
1019 2
1020 1
1021 2
1022 3
1023 1
1024 2
1025 2
1026 4
1027 4
1028 1
1029 2
1030 1
1031 0
1032 0
1033 2
1034 2
1035 3
1036 4
1037 4
1038 4
1039 5
1040 4
1041 3
1042 3
1043 3
1044 3
1045 4
1046 4
1047 2
1048 1
1049 3
1050 3
1051 2
1052 2
1053 3
1054 0
1055 2
1056 3
1057 4
1058 3
1059 2
1060 1
1061 2
1062 3
1063 1
1064 5
1065 5
1066 5
1067 5
1068 6
1069 6
1070 6
1071 8
1072 8
1073 7
1074 5
1075 2
1076 2
1077 1
1078 2
1079 2
1080 3
1081 3
1082 1
1083 0
1084 4
1085 3
1086 1
1087 1
1088 3
1089 2
1090 2
1091 0
1092 3
1093 1
1094 3
1095 2
1096 3
1097 1
1098 3
1099 2
1100 2
1101 0
1102 3
1103 1
1104 2
1105 1
1106 2
1107 2
1108 1
1109 3
1110 3
1111 2
1112 1
1113 2
1114 2
1115 3
1116 2
1117 1
1118 2
1119 3
1120 2
1121 5
1122 4
1123 4
1124 2
1125 1
1126 0
1127 0
1128 0
1129 2
1130 2
1131 4
1132 4
1133 4
1134 3
1135 4
1136 3
1137 2
1138 2
1139 2
1140 2
1141 2
1142 3
1143 2
1144 2
1145 3
1146 1
1147 2
1148 4
1149 6
1150 5
1151 3
1152 1
1153 4
1154 8
1155 9
1156 9
1157 8
1158 6
1159 7
1160 8
1161 7
1162 6
1163 3
1164 3
1165 1
1166 1
1167 2
1168 2
1169 2
1170 2
1171 1
1172 1
1173 1
1174 4
1175 4
1176 2
1177 0
1178 3
1179 1
1180 2
1181 0
1182 1
1183 1
1184 4
1185 2
1186 1
1187 4
1188 2
1189 1
1190 1
1191 2
1192 2
1193 2
1194 1
1195 1
1196 2
1197 4
1198 2
1199 3
1200 3
1201 0
1202 2
1203 2
1204 1
1205 5
1206 4
1207 4
1208 4
1209 4
1210 3
1211 2
1212 1
1213 2
1214 3
1215 2
1216 2
1217 3
1218 2
1219 2
1220 1
1221 3
1222 4
1223 3
1224 1
1225 2
1226 4
1227 1
1228 1
1229 1
1230 1
1231 0
1232 0
1233 1
1234 2
1235 2
1236 2
1237 3
1238 2
1239 2
1240 1
1241 0
1242 2
1243 1
1244 3
1245 1
1246 2
1247 5
1248 6
1249 7
1250 5
1251 3
1252 2
1253 2
1254 2
1255 2
1256 1
1257 2
1258 2
1259 1
1260 3
1261 3
1262 2
1263 1
1264 3
1265 2
1266 2
1267 1
1268 1
1269 0
1270 1
1271 4
1272 4
1273 4
1274 1
1275 1
1276 3
1277 1
1278 2
1279 1
1280 0
1281 2
1282 2
1283 3
1284 2
1285 3
1286 2
1287 1
1288 4
1289 3
1290 1
1291 4
1292 1
1293 1
1294 1
1295 3
1296 1
1297 1
1298 1
1299 0
1300 3
1301 3
1302 5
1303 5
1304 5
1305 3
1306 2
1307 1
1308 4
1309 1
1310 2
1311 0
1312 3
1313 4
1314 3
1315 1
1316 2
1317 7
1318 7
1319 8
1320 7
1321 7
1322 6
1323 5
1324 3
1325 1
1326 2
1327 2
1328 2
1329 3
1330 5
1331 4
1332 4
1333 2
1334 0
1335 2
1336 5
1337 3
1338 3
1339 3
1340 1
1341 3
1342 2
1343 3
1344 4
1345 2
1346 3
1347 5
1348 5
1349 2
1350 1
1351 2
1352 1
1353 2
1354 2
1355 1
1356 1
1357 1
1358 2
1359 3
1360 0
1361 4
1362 5
1363 4
1364 4
1365 3
1366 2
1367 3
1368 5
1369 4
1370 3
1371 5
1372 2
1373 0
1374 2
1375 2
1376 2
1377 0
1378 4
1379 5
1380 5
1381 2
1382 1
1383 1
1384 4
1385 4
1386 2
1387 2
1388 3
1389 3
1390 4
1391 5
1392 4
1393 4
1394 2
1395 3
1396 2
1397 1
1398 3
1399 2
1400 3
1401 4
1402 5
1403 4
1404 2
1405 1
1406 1
1407 1
1408 2
1409 1
1410 1
1411 1
1412 3
1413 0
1414 1
1415 0
1416 3
1417 3
1418 2
1419 2
1420 1
1421 3
1422 3
1423 2
1424 0
1425 1
1426 3
1427 5
1428 9
1429 7
1430 5
1431 4
1432 3
1433 3
1434 5
1435 4
1436 2
1437 4
1438 3
1439 2
1440 1
1441 0
1442 2
1443 0
1444 2
1445 3
1446 2
1447 2
1448 2
1449 0
1450 2
1451 4
1452 2
1453 1
1454 1
1455 2
1456 1
1457 0
1458 1
1459 5
1460 3
1461 3
1462 3
1463 3
1464 4
1465 2
1466 2
1467 0
1468 4
1469 1
1470 1
1471 3
1472 1
1473 1
1474 4
1475 2
1476 2
1477 2
1478 4
1479 3
1480 1
1481 1
1482 2
1483 2
1484 2
1485 1
1486 3
1487 2
1488 3
1489 1
1490 2
1491 4
1492 2
1493 0
1494 1
1495 4
1496 3
1497 3
1498 6
1499 5
1500 6
1501 4
1502 3
1503 2
1504 3
1505 5
1506 6
1507 4
1508 2
1509 1
1510 2
1511 5
1512 4
1513 1
1514 3
1515 2
1516 2
1517 1
1518 2
1519 2
1520 3
1521 3
1522 0
1523 0
1524 1
1525 3
1526 2
1527 2
1528 4
1529 4
1530 1
1531 1
1532 3
1533 4
1534 3
1535 3
1536 2
1537 0
1538 4
1539 2
1540 2
1541 3
1542 0
1543 1
1544 2
1545 1
1546 4
1547 4
1548 2
1549 2
1550 2
1551 2
1552 3
1553 3
1554 2
1555 2
1556 3
1557 1
1558 2
1559 1
1560 5
1561 3
1562 0
1563 2
1564 1
1565 2
1566 3
1567 2
1568 2
1569 3
1570 2
1571 4
1572 4
1573 4
1574 2
1575 0
1576 1
1577 0
1578 1
1579 3
1580 2
1581 4
1582 4
1583 3
1584 1
1585 1
1586 2
1587 3
1588 1
1589 2
1590 1
1591 1
1592 1
1593 2
1594 2
1595 2
1596 3
1597 2
1598 1
1599 0
1600 1
1601 3
1602 3
1603 4
1604 2
1605 1
1606 3
1607 3
1608 1
1609 3
1610 3
1611 1
1612 5
1613 4
1614 3
1615 3
1616 2
1617 3
1618 2
1619 2
1620 2
1621 3
1622 2
1623 3
1624 2
1625 4
1626 2
1627 1
1628 3
1629 2
1630 1
1631 2
1632 2
1633 2
1634 3
1635 1
1636 2
1637 2
1638 0
1639 1
1640 2
1641 2
1642 1
1643 4
1644 2
1645 2
1646 4
1647 4
1648 2
1649 2
1650 1
1651 1
1652 0
1653 3
1654 1
1655 1
1656 4
1657 2
1658 1
1659 1
1660 2
1661 2
1662 2
1663 2
1664 1
1665 0
1666 1
1667 5
1668 4
1669 3
1670 2
1671 1
1672 2
1673 2
1674 3
1675 3
1676 0
1677 4
1678 4
1679 3
1680 2
1681 0
1682 1
1683 3
1684 0
1685 3
1686 1
1687 1
1688 2
1689 5
1690 3
1691 1
1692 0
1693 2
1694 1
1695 3
1696 2
1697 3
1698 3
1699 1
1700 2
1701 0
1702 3
1703 1
1704 1
1705 0
1706 5
1707 5
1708 6
1709 5
1710 4
1711 4
1712 5
1713 4
1714 4
1715 3
1716 3
1717 3
1718 3
1719 4
1720 5
1721 2
1722 0
1723 3
1724 0
1725 4
1726 4
1727 3
1728 2
1729 1
1730 1
1731 3
1732 1
1733 0
1734 2
1735 7
1736 7
1737 6
1738 5
1739 4
1740 3
1741 1
1742 3
1743 1
1744 4
1745 3
1746 2
1747 1
1748 1
1749 1
1750 5
1751 5
1752 5
1753 4
1754 1
1755 2
1756 1
1757 2
1758 3
1759 2
1760 1
1761 1
1762 3
1763 2
1764 1
1765 2
1766 1
1767 2
1768 4
1769 4
1770 2
1771 1
1772 4
1773 2
1774 3
1775 4
1776 2
1777 2
1778 1
1779 0
1780 1
1781 2
1782 0
1783 3
1784 2
1785 2
1786 4
1787 3
1788 3
1789 3
1790 1
1791 1
1792 2
1793 2
1794 1
1795 3
1796 2
1797 1
1798 3
1799 3
1800 3
1801 2
1802 4
1803 4
1804 7
1805 6
1806 4
1807 3
1808 0
1809 2
1810 2
1811 3
1812 1
1813 2
1814 3
1815 5
1816 4
1817 2
1818 1
1819 1
1820 1
1821 1
1822 2
1823 1
1824 3
1825 4
1826 2
1827 1
1828 1
1829 3
1830 2
1831 2
1832 0
1833 1
1834 4
1835 4
1836 3
1837 0
1838 2
1839 2
1840 2
1841 1
1842 2
1843 4
1844 3
1845 2
1846 4
1847 4
1848 4
1849 4
1850 3
1851 1
1852 1
1853 2
1854 2
1855 1
1856 2
1857 2
1858 1
1859 3
1860 1
1861 3
1862 2
1863 0
1864 4
1865 3
1866 1
1867 1
1868 2
1869 1
1870 3
1871 0
1872 2
1873 1
1874 2
1875 1
1876 2
1877 1
1878 1
1879 0
1880 5
1881 4
1882 6
1883 5
1884 5
1885 4
1886 1
1887 3
1888 1
1889 1
1890 2
1891 3
1892 1
1893 1
1894 2
1895 0
1896 2
1897 2
1898 4
1899 1
1900 0
1901 1
1902 3
1903 3
1904 1
1905 2
1906 3
1907 2
1908 0
1909 0
1910 2
1911 3
1912 0
1913 2
1914 2
1915 3
1916 2
1917 1
1918 2
1919 3
1920 1
1921 3
1922 4
1923 5
1924 3
1925 1
1926 3
1927 2
1928 3
1929 4
1930 2
1931 4
1932 2
1933 5
1934 6
1935 6
1936 5
1937 5
1938 4
1939 4
1940 1
1941 2
1942 3
1943 2
1944 1
1945 3
1946 3
1947 1
1948 2
1949 4
1950 4
1951 3
1952 1
1953 1
1954 0
1955 1
1956 0
1957 2
1958 2
1959 1
1960 3
1961 3
1962 0
1963 1
1964 1
1965 0
1966 1
1967 0
1968 1
1969 2
1970 1
1971 1
1972 3
1973 1
1974 0
1975 1
1976 0
1977 3
1978 2
1979 0
1980 2
1981 0
1982 1
1983 1
1984 2
1985 0
1986 2
1987 1
1988 2
1989 2
1990 1
1991 2
1992 1
1993 3
1994 2
1995 2
1996 3
1997 4
1998 3
1999 3
2000 2
2001 3
2002 3
2003 4
2004 6
2005 7
2006 8
2007 8
2008 6
2009 5
2010 2
2011 3
2012 1
2013 2
2014 0
2015 3
2016 2
2017 2
2018 2
2019 3
2020 3
2021 2
2022 3
2023 5
2024 5
2025 4
2026 2
2027 3
2028 3
2029 4
2030 3
2031 0
2032 1
2033 1
2034 4
2035 6
2036 6
2037 7
2038 5
2039 3
2040 4
2041 2
2042 3
2043 2
2044 2
2045 3
2046 2
2047 0
2048 2
2049 1
2050 5
2051 6
2052 4
2053 3
2054 1
2055 0
2056 1
2057 2
2058 2
2059 2
2060 0
2061 1
2062 3
2063 1
2064 3
2065 1
2066 3
2067 1
2068 4
2069 5
2070 2
2071 5
2072 2
2073 3
2074 3
2075 3
2076 1
2077 6
2078 3
2079 2
2080 4
2081 4
2082 4
2083 4
2084 3
2085 3
2086 2
2087 4
2088 3
2089 5
2090 3
2091 2
2092 2
2093 2
2094 2
2095 3
2096 2
2097 3
2098 0
2099 1
2100 5
2101 3
2102 2
2103 2
2104 3
2105 1
2106 1
2107 4
2108 1
2109 3
2110 0
2111 1
2112 2
2113 0
2114 1
2115 3
2116 1
2117 4
2118 5
2119 2
2120 0
2121 4
2122 2
2123 0
2124 3
2125 1
2126 1
2127 2
2128 3
2129 3
2130 2
2131 2
2132 3
2133 3
2134 3
2135 2
2136 2
2137 0
2138 1
2139 3
2140 1
2141 1
2142 3
2143 6
2144 5
2145 5
2146 4
2147 4
2148 5
2149 6
2150 5
2151 6
2152 4
2153 3
2154 0
2155 2
2156 2
2157 3
2158 1
2159 4
2160 2
2161 1
2162 1
2163 1
2164 1
2165 3
2166 3
2167 3
2168 2
2169 3
2170 2
2171 5
2172 4
2173 3
2174 3
2175 0
2176 2
2177 2
2178 2
2179 2
2180 3
2181 5
2182 4
2183 5
2184 3
2185 1
2186 2
2187 2
2188 2
2189 5
2190 4
2191 5
2192 4
2193 2
2194 2
2195 3
2196 2
2197 3
2198 1
2199 3
2200 2
2201 2
2202 3
2203 3
2204 4
2205 2
2206 4
2207 3
2208 2
2209 1
2210 2
2211 2
2212 2
2213 3
2214 3
2215 2
2216 2
2217 2
2218 1
2219 4
2220 2
2221 2
2222 3
2223 2
2224 5
2225 4
2226 2
2227 1
2228 3
2229 1
2230 1
2231 0
2232 0
2233 3
2234 2
2235 2
2236 1
2237 3
2238 3
2239 3
2240 1
2241 1
2242 1
2243 0
2244 2
2245 1
2246 3
2247 0
2248 0
2249 2
2250 0
2251 5
2252 4
2253 3
2254 2
2255 4
2256 4
2257 3
2258 0
2259 1
2260 2
2261 4
2262 7
2263 7
2264 7
2265 8
2266 9
2267 10
2268 9
2269 7
2270 5
2271 3
2272 3
2273 3
2274 0
2275 0
2276 1
2277 1
2278 2
2279 3
2280 2
2281 5
2282 5
2283 5
2284 5
2285 4
2286 2
2287 4
2288 4
2289 3
2290 1
2291 4
2292 2
2293 1
2294 1
2295 2
2296 1
2297 1
2298 1
2299 3
2300 1
2301 1
2302 3
2303 3
2304 2
2305 2
2306 1
2307 1
2308 0
2309 4
2310 2
2311 3
2312 5
2313 6
2314 10
2315 7
2316 5
2317 4
2318 3
2319 3
2320 0
2321 3
2322 4
2323 3
2324 2
2325 2
2326 2
2327 1
2328 2
2329 3
2330 2
2331 1
2332 3
2333 3
2334 1
2335 3
2336 3
2337 4
2338 5
2339 2
2340 3
2341 1
2342 2
2343 1
2344 1
2345 2
2346 2
2347 1
2348 2
2349 1
2350 1
2351 2
2352 0
2353 4
2354 3
2355 0
2356 2
2357 3
2358 3
2359 3
2360 3
2361 2
2362 0
2363 2
2364 6
2365 4
2366 3
2367 0
2368 1
2369 1
2370 1
2371 3
2372 1
2373 1
2374 3
2375 2
2376 2
2377 6
2378 7
2379 5
2380 6
2381 5
2382 5
2383 4
2384 3
2385 2
2386 1
2387 3
2388 3
2389 2
2390 1
2391 2
2392 3
2393 4
2394 3
2395 2
2396 1
2397 2
2398 3
2399 4
2400 5
2401 3
2402 1
2403 4
2404 2
2405 3
2406 3
2407 1
2408 5
2409 5
2410 3
2411 4
2412 2
2413 2
2414 2
2415 4
2416 2
2417 4
2418 4
2419 5
2420 4
2421 4
2422 2
2423 1
2424 1
2425 1
2426 3
2427 2
2428 3
2429 2
2430 4
2431 1
2432 0
2433 2
2434 2
2435 4
2436 3
2437 4
2438 4
2439 4
2440 4
2441 4
2442 4
2443 1
2444 0
2445 1
2446 3
2447 2
2448 1
2449 4
2450 4
2451 3
2452 0
2453 3
2454 4
2455 3
2456 4
2457 3
2458 1
2459 1
2460 2
2461 4
2462 3
2463 2
2464 1
2465 2
2466 1
2467 2
2468 1
2469 4
2470 4
2471 2
2472 1
2473 3
2474 4
2475 5
2476 3
2477 3
2478 4
2479 6
2480 7
2481 7
2482 5
2483 4
2484 2
2485 3
2486 2
2487 2
2488 4
2489 2
2490 3
2491 0
2492 1
2493 0
2494 1
2495 3
2496 1
2497 1
2498 3
2499 0
2500 1
2501 5
2502 5
2503 5
2504 2
2505 3
2506 5
2507 6
2508 5
2509 3
2510 2
2511 3
2512 0
2513 3
2514 0
2515 3
2516 4
2517 3
2518 2
2519 2
2520 1
2521 2
2522 2
2523 1
2524 4
2525 5
2526 3
2527 3
2528 3
2529 3
2530 3
2531 0
2532 0
2533 0
2534 1
2535 1
2536 3
2537 4
2538 3
2539 1
2540 1
2541 1
2542 2
2543 2
2544 2
2545 2
2546 3
2547 1
2548 4
2549 4
2550 3
2551 5
2552 5
2553 3
2554 4
2555 4
2556 3
2557 1
2558 0
2559 2
2560 0
2561 1
2562 2
2563 2
2564 2
2565 2
2566 2
2567 1
2568 3
2569 2
2570 3
2571 3
2572 2
2573 3
2574 4
2575 3
2576 1
2577 5
2578 2
2579 1
2580 0
2581 1
2582 1
2583 1
2584 1
2585 0
2586 6
2587 6
2588 4
2589 6
2590 7
2591 4
2592 2
2593 1
2594 0
2595 1
2596 2
2597 1
2598 4
2599 1
2600 2
2601 2
2602 1
2603 6
2604 4
2605 7
2606 5
2607 4
2608 2
2609 4
2610 5
2611 5
2612 5
2613 4
2614 2
2615 2
2616 3
2617 3
2618 1
2619 1
2620 0
2621 3
2622 2
2623 2
2624 1
2625 3
2626 3
2627 3
2628 1
2629 1
2630 3
2631 6
2632 5
2633 4
2634 2
2635 0
2636 3
2637 0
2638 0
2639 3
2640 1
2641 2
2642 2
2643 5
2644 6
2645 7
2646 7
2647 7
2648 6
2649 4
2650 2
2651 1
2652 5
2653 3
2654 1
2655 2
2656 4
2657 3
2658 2
2659 3
2660 4
2661 3
2662 1
2663 2
2664 2
2665 1
2666 1
2667 1
2668 1
2669 1
2670 2
2671 2
2672 3
2673 1
2674 3
2675 3
2676 1
2677 2
2678 2
2679 3
2680 3
2681 1
2682 2
2683 1
2684 6
2685 8
2686 9
2687 6
2688 3
2689 3
2690 0
2691 3
2692 0
2693 0
2694 1
2695 1
2696 1
2697 2
2698 2
2699 0
2700 0
2701 3
2702 0
2703 4
2704 3
2705 4
2706 4
2707 4
2708 2
2709 3
2710 4
2711 5
2712 4
2713 2
2714 2
2715 5
2716 4
2717 4
2718 2
2719 3
2720 1
2721 0
2722 2
2723 2
2724 4
2725 5
2726 3
2727 1
2728 1
2729 0
2730 4
2731 6
2732 5
2733 3
2734 3
2735 3
2736 3
2737 0
2738 3
2739 3
2740 1
2741 3
2742 3
2743 2
2744 1
2745 2
2746 1
2747 1
2748 2
2749 2
2750 4
2751 6
2752 4
2753 2
2754 0
2755 4
2756 3
2757 4
2758 4
2759 3
2760 2
2761 2
2762 1
2763 1
2764 2
2765 2
2766 6
2767 6
2768 5
2769 2
2770 3
2771 3
2772 1
2773 5
2774 7
2775 5
2776 3
2777 3
2778 1
2779 2
2780 1
2781 3
2782 1
2783 4
2784 4
2785 7
2786 7
2787 7
2788 5
2789 8
2790 6
2791 6
2792 5
2793 5
2794 4
2795 3
2796 0
2797 1
2798 2
2799 0
2800 5
2801 2
2802 4
2803 3
2804 1
2805 1
2806 3
2807 2
2808 3
2809 7
2810 6
2811 3
2812 3
2813 2
2814 3
2815 4
2816 3
2817 0
2818 3
2819 1
2820 1
2821 3
2822 2
2823 1
2824 2
2825 2
2826 3
2827 5
2828 5
2829 2
2830 1
2831 0
2832 3
2833 2
2834 1
2835 2
2836 1
2837 0
2838 3
2839 5
2840 5
2841 2
2842 0
2843 1
2844 1
2845 2
2846 2
2847 3
2848 2
2849 1
2850 3
2851 3
2852 1
2853 1
2854 3
2855 1
2856 2
2857 4
2858 5
2859 2
2860 4
2861 3
2862 4
2863 4
2864 2
2865 4
2866 2
2867 1
2868 2
2869 2
2870 3
2871 3
2872 2
2873 1
2874 2
2875 2
2876 2
2877 2
2878 0
2879 1
2880 3
2881 2
2882 0
2883 3
2884 3
2885 2
2886 3
2887 2
2888 1
2889 2
2890 2
2891 0
2892 0
2893 3
2894 0
2895 3
2896 1
2897 1
2898 3
2899 1
2900 2
2901 2
2902 5
2903 4
2904 2
2905 0
2906 3
2907 3
2908 3
2909 3
2910 7
2911 8
2912 9
2913 9
2914 6
2915 5
2916 4
2917 2
2918 1
2919 1
2920 2
2921 0
2922 0
2923 2
2924 2
2925 3
2926 1
2927 4
2928 2
2929 0
2930 1
2931 1
2932 2
2933 4
2934 3
2935 2
2936 3
2937 2
2938 3
2939 1
2940 2
2941 0
2942 2
2943 3
2944 1
2945 1
2946 1
2947 0
2948 3
2949 5
2950 5
2951 4
2952 3
2953 3
2954 2
2955 2
2956 2
2957 1
2958 0
2959 2
2960 3
2961 3
2962 1
2963 2
2964 2
2965 3
2966 2
2967 0
2968 5
2969 3
2970 4
2971 2
2972 3
2973 1
2974 4
2975 5
2976 3
2977 2
2978 2
2979 4
2980 4
2981 6
2982 4
2983 3
2984 1
2985 3
2986 3
2987 3
2988 2
2989 2
2990 3
2991 3
2992 3
2993 2
2994 3
2995 3
2996 2
2997 5
2998 3
2999 3
3000 1
3001 0
3002 2
3003 1
3004 2
3005 0
3006 0
3007 2
3008 1
3009 1
3010 3
3011 4
3012 3
3013 1
3014 2
3015 2
3016 3
3017 1
3018 2
3019 2
3020 1
3021 3
3022 2
3023 3
3024 2
3025 0
3026 2
3027 2
3028 2
3029 3
3030 2
3031 4
3032 2
3033 4
3034 3
3035 3
3036 1
3037 2
3038 4
3039 3
3040 2
3041 1
3042 0
3043 2
3044 2
3045 4
3046 6
3047 7
3048 5
3049 5
3050 3
3051 1
3052 2
3053 0
3054 0
3055 1
3056 1
3057 0
3058 2
3059 1
3060 1
3061 0
3062 0
3063 1
3064 2
3065 0
3066 1
3067 2
3068 1
3069 1
3070 2
3071 2
3072 3
3073 0
3074 3
3075 1
3076 1
3077 2
3078 2
3079 1
3080 2
3081 4
3082 3
3083 1
3084 2
3085 1
3086 1
3087 1
3088 1
3089 2
3090 2
3091 2
3092 0
3093 4
3094 4
3095 3
3096 4
3097 4
3098 3
3099 3
3100 4
3101 2
3102 2
3103 2
3104 0
3105 1
3106 1
3107 2
3108 3
3109 2
3110 4
3111 4
3112 3
3113 4
3114 3
3115 2
3116 1
3117 2
3118 3
3119 0
3120 1
3121 1
3122 0
3123 0
3124 3
3125 1
3126 2
3127 1
3128 0
3129 3
3130 1
3131 3
3132 1
3133 1
3134 0
3135 2
3136 2
3137 4
3138 6
3139 4
3140 2
3141 1
3142 0
3143 1
3144 3
3145 3
3146 4
3147 1
3148 1
3149 3
3150 0
3151 2
3152 1
3153 3
3154 3
3155 3
3156 2
3157 2
3158 2
3159 2
3160 1
3161 4
3162 3
3163 4
3164 1
3165 3
3166 1
3167 5
3168 5
3169 6
3170 4
3171 4
3172 2
3173 1
3174 1
3175 2
3176 2
3177 1
3178 2
3179 2
3180 4
3181 4
3182 5
3183 4
3184 3
3185 1
3186 4
3187 6
3188 5
3189 5
3190 6
3191 7
3192 6
3193 4
3194 5
3195 4
3196 4
3197 3
3198 1
3199 2
3200 1
3201 3
3202 1
3203 2
3204 2
3205 1
3206 2
3207 1
3208 1
3209 2
3210 2
3211 2
3212 2
3213 2
3214 2
3215 2
3216 3
3217 3
3218 4
3219 3
3220 3
3221 5
3222 7
3223 6
3224 5
3225 5
3226 4
3227 2
3228 4
3229 1
3230 2
3231 1
3232 4
3233 2
3234 4
3235 2
3236 3
3237 2
3238 2
3239 2
3240 4
3241 4
3242 4
3243 2
3244 2
3245 0
3246 2
3247 1
3248 1
3249 2
3250 2
3251 1
3252 4
3253 3
3254 2
3255 0
3256 1
3257 4
3258 1
3259 2
3260 5
3261 5
3262 2
3263 4
3264 3
3265 4
3266 4
3267 5
3268 3
3269 2
3270 2
3271 5
3272 6
3273 4
3274 2
3275 2
3276 3
3277 3
3278 4
3279 3
3280 1
3281 0
3282 2
3283 2
3284 0
3285 3
3286 1
3287 2
3288 4
3289 3
3290 2
3291 1
3292 1
3293 1
3294 1
3295 1
3296 2
3297 2
3298 1
3299 3
3300 1
3301 2
3302 1
3303 1
3304 0
3305 2
3306 2
3307 3
3308 5
3309 4
3310 4
3311 3
3312 3
3313 2
3314 1
3315 0
3316 2
3317 1
3318 2
3319 4
3320 3
3321 4
3322 4
3323 2
3324 4
3325 5
3326 4
3327 5
3328 2
3329 3
3330 3
3331 3
3332 3
3333 1
3334 2
3335 2
3336 1
3337 0
3338 1
3339 1
3340 3
3341 1
3342 1
3343 2
3344 2
3345 1
3346 3
3347 1
3348 3
3349 3
3350 3
3351 0
3352 2
3353 2
3354 2
3355 2
3356 2
3357 1
3358 4
3359 1
3360 6
3361 5
3362 4
3363 4
3364 5
3365 5
3366 5
3367 5
3368 3
3369 2
3370 3
3371 4
3372 2
3373 1
3374 2
3375 1
3376 2
3377 0
3378 1
3379 2
3380 3
3381 2
3382 2
3383 1
3384 3
3385 0
3386 4
3387 1
3388 1
3389 3
3390 3
3391 2
3392 0
3393 1
3394 1
3395 1
3396 0
3397 2
3398 4
3399 4
3400 2
3401 0
3402 2
3403 4
3404 5
3405 4
3406 4
3407 5
3408 2
3409 1
3410 4
3411 6
3412 5
3413 6
3414 5
3415 3
3416 3
3417 1
3418 1
3419 2
3420 6
3421 7
3422 9
3423 9
3424 7
3425 6
3426 5
3427 4
3428 3
3429 1
3430 3
3431 2
3432 5
3433 3
3434 3
3435 1
3436 0
3437 5
3438 2
3439 3
3440 2
3441 3
3442 5
3443 7
3444 9
3445 7
3446 8
3447 6
3448 4
3449 3
3450 2
3451 1
3452 2
3453 3
3454 1
3455 2
3456 2
3457 1
3458 2
3459 1
3460 1
3461 4
3462 1
3463 2
3464 1
3465 5
3466 3
3467 4
3468 1
3469 1
3470 3
3471 3
3472 1
3473 3
3474 4
3475 6
3476 6
3477 5
3478 6
3479 4
3480 1
3481 2
3482 4
3483 1
3484 1
3485 1
3486 3
3487 0
3488 3
3489 2
3490 0
3491 4
3492 1
3493 0
3494 1
3495 3
3496 4
3497 2
3498 1
3499 2
3500 3
3501 6
3502 7
3503 5
3504 5
3505 5
3506 2
3507 2
3508 0
3509 1
3510 3
3511 1
3512 5
3513 3
3514 1
3515 1
3516 3
3517 2
3518 3
3519 1
3520 3
3521 0
3522 6
3523 5
3524 4
3525 3
3526 1
3527 1
3528 2
3529 6
3530 3
3531 1
3532 5
3533 4
3534 4
3535 3
3536 1
3537 2
3538 2
3539 3
3540 1
3541 2
3542 2
3543 1
3544 2
3545 3
3546 3
3547 4
3548 4
3549 4
3550 3
3551 2
3552 1
3553 2
3554 2
3555 3
3556 2
3557 2
3558 0
3559 2
3560 2
3561 2
3562 0
3563 2
3564 1
3565 1
3566 2
3567 2
3568 2
3569 1
3570 3
3571 2
3572 3
3573 3
3574 3
3575 3
3576 2
3577 3
3578 2
3579 3
3580 2
3581 1
3582 3
3583 1
3584 0
3585 1
3586 2
3587 1
3588 3
3589 2
3590 2
3591 2
3592 2
3593 2
3594 1
3595 1
3596 2
3597 1
3598 4
3599 4
3600 1
3601 2
3602 1
3603 2
3604 3
3605 4
3606 2
3607 3
3608 4
3609 4
3610 4
3611 2
3612 3
3613 4
3614 4
3615 3
3616 2
3617 3
3618 1
3619 2
3620 2
3621 2
3622 2
3623 3
3624 1
3625 3
3626 0
3627 1
3628 4
3629 5
3630 4
3631 3
3632 3
3633 4
3634 2
3635 1
3636 3
3637 2
3638 4
3639 6
3640 7
3641 5
3642 4
3643 3
3644 2
3645 2
3646 2
3647 2
3648 2
3649 2
3650 2
3651 1
3652 1
3653 3
3654 2
3655 0
3656 4
3657 1
3658 2
3659 5
3660 2
3661 1
3662 2
3663 1
3664 2
3665 6
3666 6
3667 4
3668 2
3669 4
3670 1
3671 1
3672 2
3673 3
3674 2
3675 3
3676 3
3677 4
3678 5
3679 4
3680 1
3681 2
3682 3
3683 0
3684 3
3685 3
3686 2
3687 1
3688 5
3689 3
3690 3
3691 2
3692 2
3693 4
3694 2
3695 2
3696 0
3697 1
3698 2
3699 4
3700 4
3701 2
3702 2
3703 1
3704 3
3705 4
3706 2
3707 1
3708 0
3709 2
3710 0
3711 3
3712 2
3713 2
3714 1
3715 1
3716 0
3717 1
3718 1
3719 2
3720 1
3721 1
3722 2
3723 2
3724 1
3725 1
3726 1
3727 3
3728 1
3729 0
3730 4
3731 3
3732 0
3733 3
3734 4
3735 7
3736 5
3737 5
3738 2
3739 3
3740 3
3741 1
3742 2
3743 1
3744 1
3745 4
3746 4
3747 2
3748 4
3749 3
3750 1
3751 2
3752 2
3753 4
3754 3
3755 2
3756 3
3757 1
3758 2
3759 4
3760 2
3761 1
3762 3
3763 1
3764 3
3765 2
3766 2
3767 2
3768 5
3769 5
3770 5
3771 2
3772 2
3773 4
3774 1
3775 1
3776 3
3777 3
3778 3
3779 3
3780 3
3781 0
3782 2
3783 2
3784 1
3785 1
3786 3
3787 0
3788 4
3789 3
3790 0
3791 1
3792 2
3793 3
3794 3
3795 1
3796 3
3797 0
3798 1
3799 1
3800 3
3801 4
3802 4
3803 4
3804 3
3805 2
3806 4
3807 4
3808 3
3809 1
3810 2
3811 1
3812 1
3813 1
3814 0
3815 2
3816 1
3817 2
3818 2
3819 2
3820 1
3821 0
3822 0
3823 1
3824 3
3825 0
3826 5
3827 4
3828 6
3829 4
3830 3
3831 1
3832 1
3833 1
3834 2
3835 2
3836 2
3837 2
3838 1
3839 3
3840 4
3841 3
3842 2
3843 2
3844 1
3845 1
3846 2
3847 3
3848 3
3849 4
3850 3
3851 2
3852 3
3853 2
3854 2
3855 1
3856 2
3857 2
3858 5
3859 6
3860 5
3861 3
3862 1
3863 0
3864 4
3865 4
3866 2
3867 3
3868 3
3869 2
3870 3
3871 3
3872 2
3873 2
3874 2
3875 1
3876 3
3877 2
3878 2
3879 1
3880 1
3881 1
3882 1
3883 0
3884 2
3885 3
3886 0
3887 1
3888 2
3889 3
3890 2
3891 0
3892 2
3893 2
3894 3
3895 2
3896 2
3897 2
3898 4
3899 2
3900 3
3901 1
3902 3
3903 2
3904 1
3905 0
3906 7
3907 4
3908 3
3909 2
3910 3
3911 3
3912 4
3913 4
3914 3
3915 5
3916 4
3917 4
3918 1
3919 1
3920 2
3921 3
3922 1
3923 2
3924 2
3925 2
3926 1
3927 1
3928 2
3929 0
3930 4
3931 4
3932 4
3933 5
3934 5
3935 2
3936 1
3937 0
3938 2
3939 3
3940 5
3941 4
3942 2
3943 2
3944 2
3945 1
3946 2
3947 4
3948 5
3949 6
3950 4
3951 5
3952 3
3953 3
3954 2
3955 4
3956 5
3957 6
3958 5
3959 6
3960 6
3961 7
3962 6
3963 6
3964 7
3965 7
3966 7
3967 6
3968 6
3969 3
3970 1
3971 3
3972 2
3973 2
3974 3
3975 4
3976 5
3977 6
3978 3
3979 3
3980 2
3981 1
3982 2
3983 0
3984 1
3985 0
3986 5
3987 4
3988 5
3989 4
3990 4
3991 6
3992 6
3993 4
3994 4
3995 1
3996 0
3997 2
3998 4
3999 4
4000 5
4001 5
4002 4
4003 3
4004 4
4005 3
4006 3
4007 2
4008 4
4009 4
4010 5
4011 7
4012 6
4013 5
4014 6
4015 4
4016 5
4017 4
4018 2
4019 1
4020 2
4021 4
4022 3
4023 1
4024 4
4025 2
4026 2
4027 2
4028 3
4029 3
4030 2
4031 2
4032 1
4033 2
4034 0
4035 0
4036 3
4037 3
4038 1
4039 0
4040 1
4041 5
4042 7
4043 6
4044 6
4045 3
4046 3
4047 0
4048 1
4049 3
4050 3
4051 2
4052 2
4053 2
4054 4
4055 5
4056 3
4057 3
4058 3
4059 4
4060 3
4061 2
4062 1
4063 3
4064 2
4065 1
4066 2
4067 4
4068 1
4069 3
4070 0
4071 2
4072 2
4073 3
4074 1
4075 2
4076 3
4077 2
4078 0
4079 0
4080 2
4081 2
4082 0
4083 1
4084 3
4085 0
4086 2
4087 1
4088 4
4089 1
4090 1
4091 3
4092 0
4093 1
4094 2
4095 4
4096 4
4097 3
4098 4
4099 3
4100 1
4101 1
4102 3
4103 2
4104 2
4105 2
4106 1
4107 1
4108 2
4109 1
4110 2
4111 1
4112 3
4113 3
4114 2
4115 2
4116 3
4117 2
4118 3
4119 1
4120 1
4121 2
4122 4
4123 3
4124 1
4125 2
4126 2
4127 2
4128 3
4129 4
4130 3
4131 6
4132 6
4133 5
4134 5
4135 4
4136 1
4137 3
4138 2
4139 1
4140 3
4141 2
4142 0
4143 3
4144 2
4145 1
4146 2
4147 4
4148 4
4149 5
4150 3
4151 4
4152 4
4153 3
4154 1
4155 1
4156 3
4157 3
4158 4
4159 2
4160 5
4161 3
4162 2
4163 3
4164 1
4165 4
4166 2
4167 0
4168 1
4169 0
4170 3
4171 0
4172 3
4173 4
4174 2
4175 2
4176 1
4177 2
4178 2
4179 0
4180 5
4181 4
4182 2
4183 2
4184 1
4185 2
4186 2
4187 1
4188 1
4189 3
4190 2
4191 4
4192 2
4193 3
4194 1
4195 3
4196 3
4197 2
4198 1
4199 2
4200 3
4201 2
4202 2
4203 2
4204 2
4205 0
4206 4
4207 1
4208 1
4209 3
4210 1
4211 0
4212 0
4213 0
4214 3
4215 2
4216 2
4217 5
4218 4
4219 4
4220 4
4221 4
4222 4
4223 1
4224 4
4225 4
4226 4
4227 3
4228 0
4229 2
4230 4
4231 2
4232 4
4233 3
4234 2
4235 3
4236 2
4237 1
4238 2
4239 1
4240 2
4241 0
4242 0
4243 2
4244 2
4245 4
4246 3
4247 3
4248 0
4249 1
4250 3
4251 2
4252 2
4253 3
4254 3
4255 2
4256 0
4257 2
4258 3
4259 1
4260 4
4261 2
4262 3
4263 4
4264 4
4265 3
4266 0
4267 1
4268 2
4269 1
4270 3
4271 3
4272 0
4273 2
4274 2
4275 4
4276 2
4277 0
4278 1
4279 2
4280 2
4281 2
4282 5
4283 9
4284 8
4285 6
4286 3
4287 3
4288 2
4289 2
4290 1
4291 2
4292 1
4293 1
4294 0
4295 0
4296 2
4297 0
4298 1
4299 4
4300 2
4301 5
4302 5
4303 6
4304 7
4305 5
4306 3
4307 1
4308 3
4309 1
4310 1
4311 2
4312 3
4313 1
4314 3
4315 4
4316 2
4317 2
4318 2
4319 0
4320 2
4321 3
4322 2
4323 6
4324 7
4325 5
4326 2
4327 1
4328 3
4329 3
4330 3
4331 1
4332 4
4333 3
4334 3
4335 3
4336 4
4337 4
4338 2
4339 1
4340 2
4341 3
4342 4
4343 5
4344 8
4345 6
4346 5
4347 5
4348 4
4349 2
4350 1
4351 1
4352 2
4353 4
4354 4
4355 3
4356 2
4357 0
4358 3
4359 0
4360 1
4361 2
4362 1
4363 3
4364 3
4365 4
4366 1
4367 0
4368 1
4369 2
4370 1
4371 3
4372 1
4373 1
4374 3
4375 2
4376 1
4377 1
4378 2
4379 0
4380 0
4381 2
4382 3
4383 6
4384 5
4385 3
4386 3
4387 1
4388 3
4389 2
4390 1
4391 3
4392 2
4393 2
4394 4
4395 3
4396 0
4397 1
4398 3
4399 1
4400 3
4401 1
4402 2
4403 3
4404 5
4405 6
4406 6
4407 4
4408 4
4409 3
4410 3
4411 2
4412 2
4413 3
4414 3
4415 1
4416 1
4417 2
4418 4
4419 5
4420 2
4421 1
4422 1
4423 2
4424 5
4425 3
4426 3
4427 2
4428 4
4429 4
4430 4
4431 5
4432 5
4433 5
4434 3
4435 2
4436 1
4437 4
4438 2
4439 2
4440 1
4441 2
4442 0
4443 1
4444 1
4445 4
4446 2
4447 1
4448 0
4449 0
4450 2
4451 2
4452 1
4453 5
4454 6
4455 6
4456 5
4457 5
4458 4
4459 3
4460 2
4461 1
4462 3
4463 0
4464 3
4465 1
4466 2
4467 2
4468 1
4469 3
4470 0
4471 2
4472 0
4473 1
4474 3
4475 2
4476 1
4477 3
4478 1
4479 2
4480 3
4481 1
4482 4
4483 1
4484 2
4485 1
4486 3
4487 2
4488 4
4489 4
4490 2
4491 1
4492 1
4493 0
4494 1
4495 1
4496 2
4497 2
4498 1
4499 0
4500 1
4501 1
4502 1
4503 5
4504 5
4505 4
4506 1
4507 2
4508 4
4509 4
4510 4
4511 5
4512 5
4513 4
4514 3
4515 2
4516 2
4517 2
4518 2
4519 0
4520 1
4521 2
4522 4
4523 2
4524 1
4525 2
4526 3
4527 2
4528 1
4529 3
4530 2
4531 4
4532 3
4533 2
4534 3
4535 2
4536 1
4537 1
4538 1
4539 1
4540 1
4541 1
4542 0
4543 4
4544 4
4545 3
4546 3
4547 1
4548 3
4549 4
4550 2
4551 3
4552 2
4553 4
4554 3
4555 1
4556 4
4557 3
4558 1
4559 0
4560 2
4561 6
4562 5
4563 2
4564 1
4565 3
4566 4
4567 2
4568 2
4569 2
4570 4
4571 2
4572 1
4573 2
4574 1
4575 2
4576 3
4577 1
4578 1
4579 4
4580 4
4581 2
4582 1
4583 2
4584 1
4585 2
4586 3
4587 6
4588 5
4589 2
4590 0
4591 2
4592 1
4593 1
4594 3
4595 2
4596 1
4597 2
4598 2
4599 2
4600 4
4601 6
4602 4
4603 2
4604 4
4605 5
4606 5
4607 4
4608 2
4609 1
4610 2
4611 4
4612 4
4613 6
4614 4
4615 5
4616 3
4617 2
4618 3
4619 0
4620 3
4621 2
4622 1
4623 3
4624 1
4625 0
4626 1
4627 2
4628 0
4629 2
4630 1
4631 3
4632 0
4633 0
4634 4
4635 3
4636 2
4637 1
4638 2
4639 4
4640 4
4641 6
4642 6
4643 4
4644 4
4645 2
4646 2
4647 2
4648 3
4649 0
4650 2
4651 1
4652 0
4653 1
4654 0
4655 3
4656 3
4657 1
4658 2
4659 0
4660 0
4661 5
4662 4
4663 2
4664 0
4665 2
4666 3
4667 2
4668 2
4669 2
4670 4
4671 2
4672 1
4673 4
4674 3
4675 3
4676 1
4677 2
4678 1
4679 2
4680 4
4681 3
4682 4
4683 4
4684 3
4685 1
4686 1
4687 2
4688 2
4689 0
4690 3
4691 3
4692 3
4693 2
4694 5
4695 7
4696 4
4697 4
4698 2
4699 2
4700 1
4701 1
4702 2
4703 3
4704 2
4705 4
4706 3
4707 3
4708 1
4709 1
4710 2
4711 5
4712 6
4713 4
4714 3
4715 2
4716 0
4717 1
4718 3
4719 2
4720 0
4721 0
4722 2
4723 1
4724 4
4725 3
4726 3
4727 1
4728 3
4729 0
4730 4
4731 2
4732 0
4733 0
4734 5
4735 3
4736 3
4737 2
4738 1
4739 4
4740 4
4741 3
4742 3
4743 2
4744 3
4745 3
4746 3
4747 3
4748 3
4749 1
4750 2
4751 2
4752 2
4753 2
4754 1
4755 3
4756 2
4757 3
4758 1
4759 2
4760 2
4761 2
4762 1
4763 1
4764 1
4765 0
4766 1
4767 1
4768 2
4769 2
4770 0
4771 2
4772 2
4773 3
4774 3
4775 5
4776 3
4777 3
4778 4
4779 2
4780 1
4781 1
4782 1
4783 1
4784 3
4785 3
4786 2
4787 1
4788 2
4789 1
4790 0
4791 1
4792 1
4793 2
4794 1
4795 2
4796 1
4797 1
4798 3
4799 0
4800 2
4801 1
4802 3
4803 2
4804 1
4805 0
4806 4
4807 4
4808 3
4809 4
4810 2
4811 2
4812 1
4813 3
4814 4
4815 2
4816 2
4817 3
4818 2
4819 3
4820 3
4821 1
4822 0
4823 2
4824 1
4825 0
4826 1
4827 1
4828 3
4829 4
4830 1
4831 1
4832 3
4833 3
4834 0
4835 4
4836 4
4837 4
4838 3
4839 4
4840 5
4841 4
4842 2
4843 1
4844 0
4845 3
4846 4
4847 5
4848 6
4849 5
4850 5
4851 4
4852 4
4853 2
4854 1
4855 1
4856 2
4857 3
4858 3
4859 3
4860 1
4861 4
4862 4
4863 3
4864 4
4865 5
4866 3
4867 1
4868 2
4869 2
4870 4
4871 3
4872 0
4873 2
4874 3
4875 3
4876 1
4877 1
4878 1
4879 3
4880 4
4881 5
4882 4
4883 4
4884 4
4885 3
4886 2
4887 1
4888 0
4889 1
4890 1
4891 2
4892 3
4893 4
4894 5
4895 4
4896 4
4897 3
4898 1
4899 2
4900 3
4901 5
4902 6
4903 6
4904 4
4905 1
4906 2
4907 3
4908 2
4909 5
4910 4
4911 2
4912 2
4913 0
4914 4
4915 2
4916 1
4917 1
4918 2
4919 2
4920 1
4921 3
4922 5
4923 5
4924 3
4925 1
4926 3
4927 4
4928 2
4929 1
4930 4
4931 3
4932 2
4933 0
4934 2
4935 1
4936 3
4937 3
4938 0
4939 4
4940 3
4941 1
4942 1
4943 1
4944 2
4945 2
4946 1
4947 4
4948 2
4949 1
4950 2
4951 0
4952 0
4953 0
4954 0
4955 3
4956 1
4957 2
4958 1
4959 3
4960 2
4961 1
4962 1
4963 3
4964 0
4965 4
4966 3
4967 2
4968 4
4969 1
4970 4
4971 3
4972 1
4973 2
4974 3
4975 2
4976 2
4977 2
4978 3
4979 4
4980 2
4981 2
4982 2
4983 4
4984 3
4985 1
4986 3
4987 1
4988 3
4989 2
4990 5
4991 5
4992 4
4993 3
4994 4
4995 4
4996 4
4997 4
4998 6
4999 7
5000 6
5001 5
5002 4
5003 2
5004 3
5005 0
5006 2
5007 2
5008 2
5009 2
5010 5
5011 4
5012 2
5013 4
5014 5
5015 5
5016 5
5017 3
5018 1
5019 1
5020 1
5021 4
5022 2
5023 1
5024 2
5025 1
5026 4
5027 2
5028 4
5029 2
5030 3
5031 1
5032 4
5033 3
5034 2
5035 2
5036 1
5037 1
5038 1
5039 1
5040 3
5041 1
5042 1
5043 1
5044 3
5045 2
5046 4
5047 4
5048 1
5049 4
5050 2
5051 2
5052 2
5053 2
5054 3
5055 1
5056 3
5057 0
5058 0
5059 4
5060 1
5061 1
5062 4
5063 2
5064 1
5065 2
5066 3
5067 2
5068 3
5069 0
5070 2
5071 1
5072 2
5073 1
5074 3
5075 2
5076 2
5077 2
5078 1
5079 3
5080 2
5081 2
5082 2
5083 1
5084 2
5085 2
5086 1
5087 4
5088 5
5089 6
5090 5
5091 4
5092 2
5093 1
5094 2
5095 1
5096 2
5097 3
5098 0
5099 4
5100 5
5101 5
5102 5
5103 6
5104 6
5105 7
5106 8
5107 7
5108 5
5109 3
5110 2
5111 0
5112 2
5113 0
5114 0
5115 1
5116 2
5117 1
5118 3
5119 2
5120 1
5121 3
5122 1
5123 1
5124 1
5125 3
5126 1
5127 1
5128 2
5129 3
5130 1
5131 4
5132 2
5133 3
5134 3
5135 1
5136 1
5137 1
5138 4
5139 4
5140 4
5141 3
5142 2
5143 1
5144 2
5145 1
5146 1
5147 1
5148 3
5149 2
5150 1
5151 2
5152 0
5153 2
5154 4
5155 4
5156 2
5157 3
5158 1
5159 3
5160 4
5161 2
5162 4
5163 3
5164 0
5165 2
5166 1
5167 2
5168 2
5169 5
5170 4
5171 4
5172 4
5173 4
5174 2
5175 2
5176 0
5177 2
5178 3
5179 4
5180 2
5181 2
5182 1
5183 2
5184 1
5185 5
5186 2
5187 2
5188 2
5189 2
5190 2
5191 3
5192 1
5193 2
5194 3
5195 2
5196 2
5197 0
5198 1
5199 1
5200 4
5201 1
5202 3
5203 0
5204 2
5205 3
5206 1
5207 2
5208 3
5209 4
5210 2
5211 2
5212 2
5213 4
5214 2
5215 3
5216 3
5217 3
5218 5
5219 3
5220 1
5221 1
5222 1
5223 3
5224 0
5225 1
5226 1
5227 3
5228 3
5229 1
5230 4
5231 1
5232 2
5233 5
5234 2
5235 2
5236 1
5237 1
5238 2
5239 4
5240 1
5241 2
5242 0
5243 4
5244 3
5245 2
5246 1
5247 2
5248 1
5249 0
5250 4
5251 5
5252 3
5253 0
5254 1
5255 2
5256 2
5257 1
5258 1
5259 3
5260 3
5261 3
5262 3
5263 2
5264 3
5265 1
5266 1
5267 3
5268 2
5269 2
5270 2
5271 3
5272 4
5273 3
5274 3
5275 6
5276 4
5277 3
5278 1
5279 3
5280 2
5281 0
5282 0
5283 3
5284 5
5285 5
5286 2
5287 2
5288 1
5289 2
5290 0
5291 1
5292 2
5293 1
5294 3
5295 1
5296 2
5297 1
5298 1
5299 2
5300 1
5301 2
5302 1
5303 1
5304 2
5305 2
5306 2
5307 1
5308 4
5309 1
5310 2
5311 2
5312 1
5313 3
5314 2
5315 2
5316 3
5317 2
5318 2
5319 2
5320 3
5321 4
5322 4
5323 5
5324 3
5325 2
5326 1
5327 2
5328 2
5329 4
5330 1
5331 2
5332 0
5333 1
5334 0
5335 3
5336 1
5337 2
5338 2
5339 1
5340 0
5341 2
5342 0
5343 2
5344 1
5345 3
5346 0
5347 3
5348 1
5349 4
5350 1
5351 3
5352 3
5353 2
5354 3
5355 2
5356 3
5357 2
5358 3
5359 3
5360 3
5361 3
5362 1
5363 1
5364 3
5365 4
5366 6
5367 6
5368 6
5369 6
5370 4
5371 7
5372 4
5373 4
5374 3
5375 0
5376 1
5377 3
5378 5
5379 2
5380 0
5381 3
5382 1
5383 2
5384 1
5385 2
5386 1
5387 1
5388 2
5389 1
5390 3
5391 3
5392 0
5393 2
5394 2
5395 4
5396 4
5397 2
5398 4
5399 3
5400 2
5401 2
5402 3
5403 4
5404 2
5405 1
5406 1
5407 6
5408 5
5409 3
5410 3
5411 3
5412 2
5413 0
5414 2
5415 3
5416 2
5417 3
5418 3
5419 1
5420 2
5421 1
5422 2
5423 1
5424 3
5425 2
5426 3
5427 2
5428 1
5429 1
5430 2
5431 2
5432 2
5433 0
5434 2
5435 2
5436 5
5437 3
5438 0
5439 2
5440 4
5441 4
5442 2
5443 1
5444 3
5445 5
5446 6
5447 5
5448 4
5449 6
5450 7
5451 6
5452 6
5453 5
5454 3
5455 1
5456 1
5457 4
5458 2
5459 2
5460 2
5461 2
5462 3
5463 4
5464 3
5465 2
5466 2
5467 3
5468 0
5469 2
5470 1
5471 1
5472 0
5473 1
5474 1
5475 4
5476 5
5477 3
5478 2
5479 3
5480 0
5481 3
5482 3
5483 3
5484 0
5485 4
5486 2
5487 2
5488 3
5489 4
5490 3
5491 3
5492 1
5493 0
5494 1
5495 5
5496 6
5497 8
5498 9
5499 9
5500 8
5501 6
5502 7
5503 6
5504 8
5505 8
5506 7
5507 7
5508 8
5509 7
5510 6
5511 7
5512 4
5513 2
5514 2
5515 1
5516 2
5517 2
5518 2
5519 0
5520 3
5521 3
5522 6
5523 3
5524 1
5525 4
5526 2
5527 4
5528 1
5529 1
5530 5
5531 2
5532 1
5533 4
5534 3
5535 0
5536 1
5537 2
5538 3
5539 3
5540 4
5541 1
5542 3
5543 1
5544 1
5545 1
5546 1
5547 2
5548 1
5549 1
5550 1
5551 3
5552 1
5553 1
5554 3
5555 3
5556 2
5557 2
5558 2
5559 0
5560 2
5561 3
5562 4
5563 3
5564 4
5565 4
5566 4
5567 2
5568 1
5569 1
5570 1
5571 5
5572 4
5573 4
5574 2
5575 0
5576 3
5577 1
5578 2
5579 4
5580 2
5581 3
5582 1
5583 2
5584 1
5585 1
5586 4
5587 3
5588 1
5589 2
5590 0
5591 0
5592 0
5593 3
5594 4
5595 1
5596 1
5597 1
5598 2
5599 2
5600 0
5601 1
5602 4
5603 2
5604 1
5605 1
5606 1
5607 1
5608 0
5609 2
5610 2
5611 4
5612 3
5613 3
5614 2
5615 2
5616 1
5617 1
5618 3
5619 5
5620 5
5621 4
5622 3
5623 3
5624 5
5625 5
5626 5
5627 7
5628 7
5629 6
5630 5
5631 3
5632 3
5633 2
5634 1
5635 3
5636 1
5637 1
5638 1
5639 2
5640 1
5641 0
5642 4
5643 1
5644 3
5645 1
5646 4
5647 3
5648 0
5649 0
5650 1
5651 3
5652 1
5653 1
5654 1
5655 1
5656 0
5657 4
5658 5
5659 3
5660 3
5661 1
5662 2
5663 4
5664 4
5665 2
5666 2
5667 2
5668 2
5669 2
5670 3
5671 1
5672 1
5673 3
5674 1
5675 3
5676 2
5677 0
5678 2
5679 2
5680 1
5681 0
5682 5
5683 6
5684 4
5685 2
5686 3
5687 3
5688 2
5689 2
5690 1
5691 1
5692 2
5693 5
5694 5
5695 4
5696 3
5697 1
5698 1
5699 4
5700 3
5701 2
5702 3
5703 4
5704 4
5705 2
5706 0
5707 0
5708 1
5709 2
5710 1
5711 2
5712 2
5713 2
5714 2
5715 2
5716 1
5717 2
5718 1
5719 6
5720 7
5721 5
5722 2
5723 3
5724 2
5725 3
5726 2
5727 2
5728 2
5729 1
5730 4
5731 4
5732 3
5733 1
5734 3
5735 2
5736 0
5737 3
5738 3
5739 4
5740 2
5741 1
5742 1
5743 2
5744 1
5745 1
5746 1
5747 2
5748 4
5749 2
5750 0
5751 1
5752 3
5753 1
5754 4
5755 3
5756 4
5757 2
5758 5
5759 4
5760 2
5761 2
5762 2
5763 3
5764 5
5765 5
5766 5
5767 3
5768 4
5769 6
5770 3
5771 3
5772 3
5773 2
5774 1
5775 2
5776 3
5777 2
5778 1
5779 2
5780 2
5781 1
5782 1
5783 0
5784 2
5785 2
5786 3
5787 4
5788 2
5789 1
5790 3
5791 3
5792 2
5793 2
5794 3
5795 2
5796 2
5797 3
5798 1
5799 1
5800 2
5801 1
5802 3
5803 2
5804 0
5805 3
5806 3
5807 2
5808 2
5809 4
5810 3
5811 2
5812 0
5813 0
5814 2
5815 1
5816 3
5817 2
5818 3
5819 2
5820 2
5821 1
5822 1
5823 0
5824 2
5825 3
5826 4
5827 2
5828 3
5829 2
5830 1
5831 2
5832 0
5833 1
5834 3
5835 2
5836 4
5837 2
5838 3
5839 3
5840 2
5841 5
5842 6
5843 4
5844 1
5845 1
5846 2
5847 0
5848 2
5849 4
5850 2
5851 1
5852 3
5853 3
5854 1
5855 4
5856 1
5857 2
5858 0
5859 1
5860 1
5861 0
5862 0
5863 2
5864 2
5865 4
5866 1
5867 2
5868 1
5869 2
5870 2
5871 1
5872 2
5873 2
5874 1
5875 2
5876 2
5877 1
5878 2
5879 0
5880 2
5881 2
5882 1
5883 5
5884 4
5885 3
5886 2
5887 3
5888 3
5889 1
5890 3
5891 3
5892 3
5893 3
5894 2
5895 2
5896 0
5897 2
5898 2
5899 4
5900 7
5901 8
5902 7
5903 6
5904 3
5905 2
5906 2
5907 4
5908 5
5909 5
5910 3
5911 2
5912 1
5913 1
5914 2
5915 3
5916 3
5917 3
5918 4
5919 2
5920 1
5921 0
5922 2
5923 3
5924 2
5925 2
5926 2
5927 3
5928 1
5929 2
5930 1
5931 0
5932 3
5933 4
5934 1
5935 2
5936 2
5937 2
5938 3
5939 3
5940 1
5941 2
5942 1
5943 1
5944 3
5945 3
5946 2
5947 2
5948 1
5949 1
5950 1
5951 5
5952 3
5953 3
5954 1
5955 1
5956 3
5957 2
5958 2
5959 2
5960 4
5961 2
5962 3
5963 3
5964 3
5965 3
5966 0
5967 0
5968 3
5969 2
5970 2
5971 3
5972 4
5973 3
5974 0
5975 2
5976 1
5977 2
5978 3
5979 0
5980 2
5981 3
5982 3
5983 3
5984 2
5985 1
5986 3
5987 3
5988 5
5989 5
5990 5
5991 5
5992 5
5993 5
5994 3
5995 4
5996 3
5997 3
5998 3
5999 1
6000 0
6001 1
6002 2
6003 1
6004 1
6005 1
6006 4
6007 2
6008 3
6009 1
6010 2
6011 0
6012 3
6013 2
6014 0
6015 4
6016 1
6017 0
6018 1
6019 0
6020 1
6021 2
6022 1
6023 3
6024 2
6025 5
6026 6
6027 4
6028 2
6029 2
6030 3
6031 1
6032 1
6033 4
6034 4
6035 5
6036 4
6037 2
6038 4
6039 3
6040 0
6041 1
6042 2
6043 3
6044 2
6045 4
6046 3
6047 2
6048 2
6049 1
6050 1
6051 1
6052 5
6053 4
6054 3
6055 1
6056 1
6057 3
6058 3
6059 2
6060 1
6061 1
6062 1
6063 5
6064 3
6065 1
6066 0
6067 2
6068 3
6069 1
6070 3
6071 4
6072 3
6073 2
6074 2
6075 2
6076 1
6077 3
6078 3
6079 3
6080 4
6081 4
6082 2
6083 2
6084 5
6085 2
6086 1
6087 1
6088 1
6089 1
6090 1
6091 2
6092 2
6093 1
6094 1
6095 1
6096 1
6097 4
6098 4
6099 4
6100 4
6101 1
6102 2
6103 2
6104 3
6105 3
6106 2
6107 2
6108 2
6109 0
6110 4
6111 4
6112 4
6113 3
6114 2
6115 3
6116 3
6117 1
6118 4
6119 4
6120 3
6121 2
6122 1
6123 2
6124 4
6125 4
6126 3
6127 4
6128 2
6129 4
6130 4
6131 1
6132 2
6133 0
6134 2
6135 2
6136 3
6137 2
6138 2
6139 2
6140 3
6141 3
6142 2
6143 3
6144 1
6145 3
6146 3
6147 1
6148 2
6149 2
6150 3
6151 2
6152 1
6153 2
6154 2
6155 3
6156 2
6157 1
6158 5
6159 2
6160 1
6161 1
6162 5
6163 3
6164 2
6165 3
6166 3
6167 1
6168 1
6169 5
6170 4
6171 4
6172 2
6173 3
6174 2
6175 1
6176 3
6177 3
6178 2
6179 4
6180 1
6181 2
6182 0
6183 1
6184 1
6185 2
6186 1
6187 3
6188 1
6189 1
6190 0
6191 2
6192 1
6193 1
6194 1
6195 2
6196 2
6197 3
6198 1
6199 4
6200 4
6201 2
6202 1
6203 2
6204 0
6205 1
6206 3
6207 6
6208 5
6209 4
6210 4
6211 3
6212 0
6213 3
6214 2
6215 3
6216 3
6217 3
6218 1
6219 3
6220 1
6221 3
6222 2
6223 0
6224 3
6225 3
6226 0
6227 1
6228 2
6229 1
6230 1
6231 2
6232 2
6233 0
6234 3
6235 1
6236 2
6237 0
6238 2
6239 3
6240 3
6241 5
6242 2
6243 2
6244 0
6245 5
6246 3
6247 0
6248 2
6249 4
6250 4
6251 2
6252 3
6253 2
6254 0
6255 2
6256 3
6257 3
6258 0
6259 2
6260 3
6261 4
6262 5
6263 3
6264 0
6265 0
6266 4
6267 2
6268 1
6269 4
6270 4
6271 6
6272 6
6273 6
6274 6
6275 5
6276 6
6277 6
6278 4
6279 3
6280 1
6281 1
6282 0
6283 0
6284 3
6285 2
6286 5
6287 4
6288 1
6289 1
6290 2
6291 2
6292 1
6293 2
6294 3
6295 2
6296 5
6297 3
6298 2
6299 0
6300 1
6301 4
6302 4
6303 4
6304 2
6305 1
6306 3
6307 4
6308 2
6309 2
6310 1
6311 3
6312 3
6313 3
6314 1
6315 2
6316 2
6317 2
6318 1
6319 0
6320 3
6321 1
6322 2
6323 1
6324 6
6325 5
6326 3
6327 1
6328 1
6329 0
6330 2
6331 4
6332 3
6333 2
6334 3
6335 4
6336 4
6337 2
6338 2
6339 3
6340 3
6341 0
6342 3
6343 1
6344 4
6345 3
6346 3
6347 1
6348 3
6349 6
6350 5
6351 6
6352 6
6353 5
6354 4
6355 1
6356 1
6357 3
6358 3
6359 1
6360 0
6361 2
6362 3
6363 4
6364 3
6365 4
6366 2
6367 1
6368 0
6369 1
6370 3
6371 3
6372 0
6373 3
6374 3
6375 0
6376 3
6377 2
6378 1
6379 1
6380 3
6381 1
6382 1
6383 7
6384 4
6385 3
6386 2
6387 1
6388 1
6389 1
6390 4
6391 2
6392 3
6393 3
6394 2
6395 4
6396 4
6397 4
6398 4
6399 3
6400 2
6401 1
6402 1
6403 3
6404 3
6405 2
6406 3
6407 2
6408 3
6409 2
6410 3
6411 2
6412 0
6413 3
6414 1
6415 1
6416 4
6417 4
6418 2
6419 0
6420 1
6421 1
6422 1
6423 1
6424 2
6425 2
6426 1
6427 1
6428 1
6429 1
6430 1
6431 1
6432 1
6433 1
6434 1
6435 1
6436 2
6437 3
6438 1
6439 2
6440 2
6441 3
6442 2
6443 2
6444 0
6445 1
6446 3
6447 4
6448 1
6449 2
6450 1
6451 1
6452 2
6453 1
6454 1
6455 2
6456 0
6457 1
6458 0
6459 2
6460 0
6461 3
6462 2
6463 1
6464 1
6465 0
6466 0
6467 4
6468 3
6469 1
6470 2
6471 2
6472 4
6473 5
6474 5
6475 3
6476 1
6477 2
6478 3
6479 2
6480 1
6481 1
6482 3
6483 0
6484 3
6485 2
6486 1
6487 0
6488 4
6489 5
6490 3
6491 3
6492 1
6493 1
6494 4
6495 3
6496 5
6497 6
6498 8
6499 5
6500 3
6501 2
6502 5
6503 7
6504 5
6505 4
6506 3
6507 2
6508 5
6509 6
6510 5
6511 4
6512 1
6513 4
6514 2
6515 1
6516 1
6517 2
6518 5
6519 4
6520 1
6521 3
6522 2
6523 1
6524 1
6525 1
6526 1
6527 1
6528 1
6529 4
6530 3
6531 2
6532 1
6533 3
6534 2
6535 1
6536 0
6537 0
6538 2
6539 2
6540 2
6541 0
6542 2
6543 2
6544 1
6545 3
6546 1
6547 2
6548 4
6549 3
6550 2
6551 3
6552 2
6553 2
6554 1
6555 3
6556 4
6557 2
6558 1
6559 0
6560 3
6561 2
6562 0
6563 0
6564 1
6565 1
6566 2
6567 3
6568 4
6569 7
6570 8
6571 9
6572 12
6573 11
6574 11
6575 11
6576 9
6577 6
6578 6
6579 4
6580 3
6581 1
6582 0
6583 3
6584 0
6585 1
6586 3
6587 3
6588 3
6589 2
6590 1
6591 2
6592 1
6593 3
6594 3
6595 3
6596 0
6597 3
6598 0
6599 1
6600 0
6601 0
6602 1
6603 4
6604 3
6605 2
6606 2
6607 0
6608 2
6609 1
6610 2
6611 1
6612 3
6613 2
6614 3
6615 2
6616 0
6617 1
6618 1
6619 0
6620 3
6621 5
6622 4
6623 3
6624 3
6625 3
6626 3
6627 0
6628 3
6629 3
6630 2
6631 2
6632 2
6633 1
6634 2
6635 3
6636 1
6637 1
6638 2
6639 3
6640 0
6641 3
6642 3
6643 2
6644 5
6645 3
6646 1
6647 4
6648 2
6649 0
6650 2
6651 2
6652 1
6653 2
6654 3
6655 2
6656 2
6657 0
6658 1
6659 4
6660 2
6661 0
6662 0
6663 1
6664 1
6665 2
6666 1
6667 1
6668 2
6669 1
6670 5
6671 4
6672 2
6673 4
6674 2
6675 2
6676 1
6677 5
6678 6
6679 5
6680 3
6681 1
6682 1
6683 1
6684 1
6685 1
6686 2
6687 3
6688 2
6689 1
6690 3
6691 1
6692 3
6693 0
6694 2
6695 0
6696 0
6697 2
6698 3
6699 1
6700 4
6701 1
6702 2
6703 1
6704 2
6705 2
6706 2
6707 3
6708 4
6709 2
6710 3
6711 0
6712 2
6713 2
6714 5
6715 5
6716 4
6717 3
6718 2
6719 0
6720 3
6721 0
6722 1
6723 3
6724 2
6725 3
6726 2
6727 1
6728 4
6729 6
6730 5
6731 3
6732 2
6733 5
6734 5
6735 4
6736 2
6737 2
6738 1
6739 1
6740 2
6741 1
6742 4
6743 7
6744 8
6745 8
6746 7
6747 6
6748 5
6749 8
6750 6
6751 5
6752 6
6753 4
6754 4
6755 3
6756 0
6757 2
6758 0
6759 1
6760 3
6761 1
6762 0
6763 1
6764 1
6765 1
6766 2
6767 4
6768 4
6769 5
6770 5
6771 3
6772 3
6773 1
6774 2
6775 0
6776 4
6777 2
6778 1
6779 1
6780 0
6781 1
6782 3
6783 0
6784 4
6785 2
6786 2
6787 3
6788 5
6789 5
6790 7
6791 8
6792 6
6793 7
6794 6
6795 3
6796 2
6797 1
6798 2
6799 1
6800 5
6801 4
6802 3
6803 1
6804 0
6805 3
6806 2
6807 1
6808 6
6809 4
6810 3
6811 2
6812 2
6813 4
6814 2
6815 1
6816 0
6817 3
6818 2
6819 2
6820 3
6821 3
6822 2
6823 0
6824 0
6825 3
6826 1
6827 0
6828 2
6829 4
6830 3
6831 1
6832 2
6833 1
6834 1
6835 2
6836 2
6837 0
6838 2
6839 1
6840 1
6841 1
6842 2
6843 1
6844 5
6845 3
6846 2
6847 3
6848 3
6849 4
6850 3
6851 2
6852 4
6853 4
6854 5
6855 4
6856 2
6857 2
6858 5
6859 3
6860 1
6861 3
6862 2
6863 3
6864 1
6865 5
6866 3
6867 3
6868 4
6869 3
6870 3
6871 2
6872 2
6873 1
6874 5
6875 3
6876 2
6877 3
6878 0
6879 2
6880 3
6881 0
6882 0
6883 2
6884 0
6885 1
6886 2
6887 0
6888 1
6889 1
6890 0
6891 6
6892 4
6893 2
6894 1
6895 4
6896 3
6897 3
6898 5
6899 3
6900 2
6901 2
6902 0
6903 1
6904 3
6905 0
6906 2
6907 0
6908 3
6909 0
6910 1
6911 3
6912 1
6913 2
6914 2
6915 2
6916 1
6917 4
6918 4
6919 5
6920 4
6921 5
6922 6
6923 5
6924 5
6925 2
6926 0
6927 3
6928 1
6929 1
6930 2
6931 3
6932 3
6933 3
6934 3
6935 0
6936 1
6937 3
6938 2
6939 5
6940 5
6941 6
6942 6
6943 5
6944 6
6945 4
6946 3
6947 1
6948 1
6949 0
6950 3
6951 4
6952 4
6953 3
6954 3
6955 4
6956 2
6957 0
6958 1
6959 0
6960 2
6961 2
6962 3
6963 0
6964 5
6965 6
6966 8
6967 10
6968 10
6969 11
6970 11
6971 11
6972 8
6973 7
6974 5
6975 4
6976 6
6977 6
6978 5
6979 5
6980 3
6981 0
6982 2
6983 0
6984 2
6985 2
6986 1
6987 4
6988 1
6989 3
6990 1
6991 5
6992 4
6993 8
6994 5
6995 3
6996 2
6997 3
6998 4
6999 5
7000 3
7001 3
7002 1
7003 1
7004 3
7005 2
7006 2
7007 4
7008 1
7009 1
7010 1
7011 1
7012 2
7013 4
7014 3
7015 1
7016 0
7017 2
7018 1
7019 3
7020 3
7021 3
7022 2
7023 4
7024 3
7025 3
7026 1
7027 0
7028 1
7029 2
7030 0
7031 0
7032 3
7033 3
7034 4
7035 3
7036 3
7037 1
7038 3
7039 2
7040 2
7041 1
7042 2
7043 4
7044 5
7045 4
7046 4
7047 3
7048 1
7049 2
7050 3
7051 1
7052 2
7053 3
7054 1
7055 0
7056 2
7057 2
7058 3
7059 3
7060 2
7061 2
7062 1
7063 6
7064 4
7065 2
7066 2
7067 4
7068 3
7069 1
7070 2
7071 0
7072 2
7073 1
7074 1
7075 6
7076 5
7077 4
7078 6
7079 6
7080 6
7081 6
7082 4
7083 1
7084 0
7085 2
7086 3
7087 1
7088 2
7089 2
7090 1
7091 1
7092 3
7093 2
7094 2
7095 2
7096 1
7097 2
7098 3
7099 3
7100 0
7101 2
7102 4
7103 4
7104 3
7105 3
7106 2
7107 3
7108 3
7109 1
7110 1
7111 2
7112 1
7113 3
7114 4
7115 3
7116 2
7117 4
7118 2
7119 2
7120 2
7121 2
7122 3
7123 2
7124 0
7125 3
7126 3
7127 2
7128 2
7129 1
7130 2
7131 1
7132 3
7133 2
7134 1
7135 0
7136 1
7137 2
7138 0
7139 3
7140 2
7141 3
7142 2
7143 5
7144 5
7145 4
7146 3
7147 2
7148 2
7149 2
7150 0
7151 1
7152 1
7153 3
7154 0
7155 2
7156 2
7157 0
7158 3
7159 4
7160 4
7161 4
7162 2
7163 2
7164 2
7165 0
7166 2
7167 1
7168 2
7169 1
7170 3
7171 1
7172 0
7173 0
7174 2
7175 1
7176 2
7177 0
7178 2
7179 1
7180 1
7181 4
7182 3
7183 1
7184 3
7185 0
7186 3
7187 3
7188 4
7189 1
7190 1
7191 2
7192 1
7193 1
7194 1
7195 4
7196 3
7197 2
7198 3
7199 3
7200 2
7201 3
7202 2
7203 2
7204 5
7205 6
7206 6
7207 8
7208 6
7209 5
7210 5
7211 5
7212 2
7213 1
7214 2
7215 2
7216 1
7217 1
7218 3
7219 1
7220 0
7221 0
7222 1
7223 2
7224 1
7225 0
7226 2
7227 3
7228 0
7229 4
7230 3
7231 2
7232 2
7233 1
7234 1
7235 3
7236 2
7237 2
7238 0
7239 0
7240 0
7241 2
7242 2
7243 1
7244 1
7245 1
7246 3
7247 3
7248 1
7249 3
7250 2
7251 2
7252 2
7253 1
7254 4
7255 5
7256 4
7257 2
7258 0
7259 3
7260 1
7261 2
7262 0
7263 1
7264 2
7265 1
7266 1
7267 4
7268 4
7269 2
7270 4
7271 4
7272 3
7273 0
7274 2
7275 2
7276 4
7277 4
7278 3
7279 2
7280 1
7281 4
7282 3
7283 2
7284 3
7285 2
7286 2
7287 2
7288 1
7289 0
7290 1
7291 1
7292 2
7293 3
7294 1
7295 2
7296 2
7297 1
7298 3
7299 1
7300 1
7301 3
7302 3
7303 0
7304 1
7305 3
7306 2
7307 3
7308 1
7309 1
7310 1
7311 2
7312 2
7313 4
7314 2
7315 2
7316 1
7317 0
7318 4
7319 3
7320 3
7321 1
7322 0
7323 3
7324 3
7325 1
7326 0
7327 1
7328 0
7329 4
7330 3
7331 0
7332 2
7333 2
7334 0
7335 2
7336 2
7337 2
7338 2
7339 1
7340 2
7341 5
7342 4
7343 3
7344 2
7345 1
7346 2
7347 2
7348 2
7349 1
7350 2
7351 3
7352 1
7353 4
7354 4
7355 4
7356 2
7357 2
7358 2
7359 2
7360 2
7361 4
7362 3
7363 1
7364 4
7365 5
7366 5
7367 3
7368 0
7369 2
7370 2
7371 2
7372 2
7373 2
7374 3
7375 1
7376 1
7377 2
7378 5
7379 3
7380 2
7381 4
7382 2
7383 2
7384 2
7385 2
7386 1
7387 2
7388 1
7389 0
7390 0
7391 0
7392 2
7393 3
7394 3
7395 0
7396 4
7397 2
7398 2
7399 2
7400 1
7401 4
7402 3
7403 1
7404 3
7405 3
7406 2
7407 4
7408 2
7409 3
7410 2
7411 1
7412 2
7413 4
7414 2
7415 3
7416 0
7417 0
7418 2
7419 3
7420 2
7421 3
7422 1
7423 4
7424 3
7425 2
7426 1
7427 2
7428 2
7429 1
7430 0
7431 1
7432 1
7433 0
7434 4
7435 4
7436 2
7437 5
7438 7
7439 6
7440 6
7441 3
7442 3
7443 1
7444 0
7445 3
7446 1
7447 6
7448 5
7449 5
7450 5
7451 5
7452 4
7453 3
7454 3
7455 0
7456 2
7457 2
7458 3
7459 1
7460 1
7461 2
7462 2
7463 4
7464 4
7465 2
7466 0
7467 2
7468 0
7469 3
7470 1
7471 3
7472 3
7473 2
7474 2
7475 1
7476 3
7477 4
7478 4
7479 4
7480 1
7481 4
7482 1
7483 1
7484 2
7485 2
7486 2
7487 4
7488 2
7489 3
7490 3
7491 2
7492 2
7493 1
7494 2
7495 1
7496 2
7497 1
7498 2
7499 2
7500 1
7501 4
7502 3
7503 2
7504 2
7505 2
7506 1
7507 4
7508 5
7509 4
7510 2
7511 2
7512 2
7513 3
7514 1
7515 2
7516 2
7517 2
7518 0
7519 2
7520 2
7521 2
7522 1
7523 1
7524 1
7525 4
7526 3
7527 3
7528 2
7529 0
7530 3
7531 2
7532 3
7533 1
7534 2
7535 4
7536 2
7537 3
7538 3
7539 4
7540 5
7541 4
7542 2
7543 2
7544 1
7545 2
7546 2
7547 2
7548 2
7549 1
7550 0
7551 2
7552 3
7553 2
7554 3
7555 0
7556 2
7557 3
7558 2
7559 0
7560 3
7561 3
7562 2
7563 3
7564 2
7565 2
7566 2
7567 4
7568 4
7569 2
7570 1
7571 5
7572 7
7573 7
7574 6
7575 6
7576 6
7577 4
7578 2
7579 2
7580 3
7581 2
7582 2
7583 0
7584 0
7585 2
7586 0
7587 1
7588 3
7589 3
7590 4
7591 3
7592 1
7593 5
7594 3
7595 1
7596 1
7597 4
7598 6
7599 7
7600 8
7601 7
7602 7
7603 6
7604 5
7605 3
7606 0
7607 3
7608 5
7609 4
7610 2
7611 0
7612 1
7613 4
7614 3
7615 1
7616 3
7617 3
7618 2
7619 2
7620 4
7621 6
7622 3
7623 1
7624 1
7625 2
7626 3
7627 1
7628 2
7629 2
7630 2
7631 2
7632 6
7633 5
7634 5
7635 4
7636 1
7637 3
7638 2
7639 3
7640 6
7641 4
7642 4
7643 4
7644 2
7645 2
7646 4
7647 2
7648 3
7649 3
7650 1
7651 1
7652 2
7653 1
7654 2
7655 5
7656 6
7657 5
7658 3
7659 3
7660 1
7661 2
7662 2
7663 4
7664 3
7665 2
7666 4
7667 2
7668 2
7669 1
7670 1
7671 4
7672 2
7673 1
7674 0
7675 4
7676 3
7677 1
7678 1
7679 3
7680 3
7681 1
7682 2
7683 0
7684 3
7685 1
7686 3
7687 2
7688 3
7689 2
7690 1
7691 5
7692 6
7693 6
7694 5
7695 5
7696 5
7697 3
7698 3
7699 1
7700 4
7701 6
7702 5
7703 4
7704 2
7705 4
7706 5
7707 2
7708 2
7709 2
7710 2
7711 2
7712 2
7713 4
7714 2
7715 2
7716 5
7717 3
7718 3
7719 1
7720 1
7721 3
7722 2
7723 3
7724 1
7725 1
7726 1
7727 4
7728 4
7729 1
7730 2
7731 1
7732 2
7733 2
7734 3
7735 2
7736 3
7737 2
7738 1
7739 1
7740 3
7741 3
7742 1
7743 1
7744 3
7745 4
7746 3
7747 2
7748 1
7749 2
7750 2
7751 4
7752 4
7753 3
7754 0
7755 1
7756 3
7757 1
7758 1
7759 2
7760 3
7761 4
7762 4
7763 1
7764 1
7765 3
7766 2
7767 2
7768 1
7769 4
7770 3
7771 1
7772 1
7773 1
7774 2
7775 0
7776 2
7777 1
7778 0
7779 2
7780 3
7781 2
7782 3
7783 2
7784 1
7785 4
7786 5
7787 5
7788 5
7789 7
7790 8
7791 8
7792 9
7793 10
7794 9
7795 10
7796 8
7797 8
7798 8
7799 6
7800 6
7801 6
7802 4
7803 3
7804 1
7805 2
7806 1
7807 2
7808 2
7809 3
7810 1
7811 4
7812 3
7813 2
7814 2
7815 1
7816 2
7817 3
7818 1
7819 2
7820 1
7821 2
7822 0
7823 1
7824 1
7825 1
7826 2
7827 3
7828 2
7829 2
7830 2
7831 3
7832 1
7833 2
7834 2
7835 5
7836 5
7837 3
7838 3
7839 3
7840 1
7841 2
7842 2
7843 4
7844 6
7845 7
7846 6
7847 5
7848 3
7849 3
7850 1
7851 1
7852 0
7853 4
7854 1
7855 3
7856 3
7857 1
7858 5
7859 4
7860 3
7861 5
7862 5
7863 5
7864 5
7865 3
7866 1
7867 0
7868 1
7869 1
7870 2
7871 2
7872 4
7873 4
7874 5
7875 6
7876 6
7877 3
7878 2
7879 0
7880 4
7881 1
7882 0
7883 2
7884 0
7885 1
7886 3
7887 1
7888 3
7889 1
7890 1
7891 1
7892 6
7893 4
7894 2
7895 3
7896 4
7897 6
7898 5
7899 3
7900 1
7901 1
7902 0
7903 1
7904 1
7905 5
7906 3
7907 1
7908 3
7909 0
7910 1
7911 3
7912 1
7913 2
7914 3
7915 2
7916 1
7917 4
7918 1
7919 2
7920 2
7921 1
7922 1
7923 1
7924 0
7925 1
7926 3
7927 2
7928 2
7929 2
7930 1
7931 4
7932 2
7933 0
7934 4
7935 3
7936 3
7937 3
7938 2
7939 2
7940 1
7941 4
7942 3
7943 1
7944 2
7945 2
7946 2
7947 2
7948 1
7949 3
7950 2
7951 1
7952 3
7953 1
7954 3
7955 1
7956 2
7957 0
7958 0
7959 3
7960 0
7961 2
7962 1
7963 2
7964 0
7965 1
7966 3
7967 1
7968 1
7969 3
7970 2
7971 1
7972 3
7973 2
7974 3
7975 2
7976 4
7977 2
7978 3
7979 2
7980 2
7981 3
7982 3
7983 2
7984 2
7985 2
7986 1
7987 3
7988 4
7989 2
7990 2
7991 0
7992 2
7993 2
7994 4
7995 3
7996 3
7997 1
7998 2
7999 3
8000 0
8001 0
8002 2
8003 1
8004 1
8005 5
8006 3
8007 1
8008 3
8009 1
8010 1
8011 2
8012 0
8013 2
8014 3
8015 3
8016 2
8017 3
8018 1
8019 3
8020 2
8021 0
8022 2
8023 3
8024 0
8025 4
8026 3
8027 0
8028 2
8029 3
8030 3
8031 1
8032 2
8033 1
8034 3
8035 4
8036 1
8037 0
8038 3
8039 2
8040 2
8041 2
8042 2
8043 2
8044 2
8045 3
8046 3
8047 3
8048 1
8049 1
8050 5
8051 5
8052 4
8053 1
8054 1
8055 4
8056 3
8057 2
8058 4
8059 2
8060 4
8061 4
8062 4
8063 3
8064 1
8065 2
8066 2
8067 2
8068 2
8069 0
8070 2
8071 1
8072 1
8073 1
8074 5
8075 4
8076 1
8077 2
8078 4
8079 5
8080 5
8081 3
8082 1
8083 6
8084 5
8085 5
8086 3
8087 5
8088 4
8089 3
8090 3
8091 1
8092 5
8093 3
8094 1
8095 4
8096 5
8097 5
8098 5
8099 3
8100 2
8101 2
8102 0
8103 2
8104 2
8105 2
8106 3
8107 0
8108 2
8109 1
8110 1
8111 2
8112 0
8113 0
8114 2
8115 0
8116 1
8117 2
8118 4
8119 4
8120 5
8121 4
8122 4
8123 1
8124 2
8125 0
8126 1
8127 3
8128 4
8129 1
8130 3
8131 1
8132 4
8133 3
8134 0
8135 1
8136 4
8137 3
8138 2
8139 2
8140 3
8141 3
8142 1
8143 4
8144 5
8145 3
8146 4
8147 3
8148 4
8149 3
8150 3
8151 1
8152 2
8153 3
8154 5
8155 6
8156 6
8157 4
8158 3
8159 3
8160 1
8161 2
8162 1
8163 2
8164 1
8165 2
8166 5
8167 5
8168 5
8169 3
8170 2
8171 2
8172 2
8173 2
8174 0
8175 2
8176 2
8177 1
8178 2
8179 2
8180 4
8181 2
8182 2
8183 2
8184 4
8185 3
8186 3
8187 2
8188 0
8189 1
8190 2
8191 2
8192 3
8193 1
8194 0
8195 4
8196 2
8197 3
8198 1
8199 4
8200 3
8201 3
8202 1
8203 1
8204 2
8205 3
8206 1
8207 2
8208 1
8209 3
8210 5
8211 6
8212 6
8213 3
8214 4
8215 5
8216 4
8217 3
8218 1
8219 4
8220 3
8221 2
8222 1
8223 4
8224 3
8225 1
8226 0
8227 1
8228 1
8229 2
8230 3
8231 1
8232 0
8233 1
8234 2
8235 3
8236 2
8237 1
8238 3
8239 1
8240 2
8241 2
8242 3
8243 3
8244 8
8245 8
8246 8
8247 6
8248 3
8249 2
8250 2
8251 2
8252 2
8253 2
8254 0
8255 2
8256 1
8257 3
8258 3
8259 1
8260 5
8261 3
8262 2
8263 1
8264 2
8265 3
8266 4
8267 3
8268 2
8269 3
8270 4
8271 2
8272 3
8273 2
8274 1
8275 4
8276 5
8277 7
8278 7
8279 7
8280 7
8281 6
8282 5
8283 3
8284 5
8285 4
8286 3
8287 2
8288 2
8289 2
8290 1
8291 3
8292 3
8293 3
8294 3
8295 2
8296 1
8297 1
8298 1
8299 2
8300 0
8301 2
8302 3
8303 2
8304 3
8305 1
8306 2
8307 4
8308 2
8309 4
8310 2
8311 2
8312 3
8313 3
8314 1
8315 3
8316 2
8317 3
8318 0
8319 3
8320 1
8321 2
8322 3
8323 2
8324 4
8325 3
8326 1
8327 3
8328 0
8329 1
8330 2
8331 4
8332 6
8333 4
8334 4
8335 3
8336 1
8337 0
8338 1
8339 2
8340 1
8341 1
8342 1
8343 1
8344 2
8345 2
8346 1
8347 3
8348 0
8349 1
8350 7
8351 9
8352 9
8353 7
8354 6
8355 5
8356 4
8357 4
8358 2
8359 2
8360 3
8361 2
8362 0
8363 4
8364 2
8365 1
8366 2
8367 4
8368 3
8369 4
8370 2
8371 1
8372 2
8373 4
8374 2
8375 3
8376 2
8377 0
8378 1
8379 1
8380 1
8381 0
8382 2
8383 0
8384 3
8385 1
8386 1
8387 2
8388 3
8389 3
8390 3
8391 1
8392 0
8393 3
8394 1
8395 4
8396 3
8397 3
8398 2
8399 1
8400 3
8401 2
8402 2
8403 0
8404 3
8405 3
8406 3
8407 0
8408 1
8409 3
8410 2
8411 1
8412 0
8413 2
8414 2
8415 4
8416 1
8417 2
8418 4
8419 3
8420 1
8421 1
8422 4
8423 4
8424 1
8425 2
8426 3
8427 1
8428 2
8429 1
8430 2
8431 1
8432 2
8433 3
8434 4
8435 3
8436 5
8437 7
8438 7
8439 4
8440 4
8441 1
8442 2
8443 2
8444 5
8445 4
8446 1
8447 1
8448 0
8449 0
8450 2
8451 2
8452 0
8453 2
8454 3
8455 2
8456 0
8457 0
8458 1
8459 1
8460 1
8461 2
8462 3
8463 3
8464 1
8465 4
8466 6
8467 7
8468 4
8469 2
8470 1
8471 3
8472 2
8473 5
8474 3
8475 3
8476 4
8477 2
8478 1
8479 1
8480 5
8481 5
8482 4
8483 4
8484 5
8485 5
8486 3
8487 2
8488 2
8489 1
8490 3
8491 3
8492 1
8493 2
8494 2
8495 2
8496 3
8497 2
8498 1
8499 1
8500 2
8501 1
8502 1
8503 1
8504 3
8505 2
8506 2
8507 3
8508 5
8509 5
8510 2
8511 8
8512 9
8513 8
8514 7
8515 7
8516 6
8517 6
8518 4
8519 2
8520 1
8521 0
8522 1
8523 2
8524 3
8525 3
8526 4
8527 3
8528 2
8529 2
8530 2
8531 1
8532 2
8533 2
8534 0
8535 4
8536 6
8537 8
8538 5
8539 6
8540 5
8541 4
8542 2
8543 0
8544 2
8545 1
8546 1
8547 4
8548 3
8549 1
8550 4
8551 4
8552 5
8553 4
8554 3
8555 1
8556 0
8557 2
8558 1
8559 5
8560 5
8561 4
8562 1
8563 1
8564 4
8565 2
8566 0
8567 2
8568 0
8569 3
8570 2
8571 2
8572 1
8573 3
8574 3
8575 0
8576 5
8577 2
8578 0
8579 2
8580 3
8581 1
8582 6
8583 3
8584 3
8585 2
8586 1
8587 3
8588 4
8589 4
8590 4
8591 4
8592 3
8593 0
8594 3
8595 1
8596 1
8597 1
8598 4
8599 4
8600 3
8601 3
8602 4
8603 2
8604 5
8605 3
8606 1
8607 3
8608 1
8609 3
8610 3
8611 3
8612 2
8613 1
8614 0
8615 2
8616 2
8617 1
8618 1
8619 2
8620 3
8621 2
8622 2
8623 2
8624 1
8625 2
8626 1
8627 6
8628 4
8629 3
8630 2
8631 2
8632 1
8633 1
8634 1
8635 1
8636 2
8637 1
8638 1
8639 1
8640 2
8641 4
8642 4
8643 2
8644 1
8645 3
8646 1
8647 2
8648 2
8649 2
8650 2
8651 5
8652 7
8653 7
8654 7
8655 6
8656 4
8657 3
8658 2
8659 1
8660 3
8661 1
8662 3
8663 3
8664 1
8665 1
8666 5
8667 3
8668 4
8669 3
8670 2
8671 4
8672 1
8673 2
8674 3
8675 0
8676 2
8677 3
8678 3
8679 3
8680 1
8681 4
8682 3
8683 1
8684 3
8685 4
8686 3
8687 2
8688 3
8689 1
8690 2
8691 3
8692 2
8693 0
8694 3
8695 0
8696 5
8697 6
8698 7
8699 6
8700 5
8701 5
8702 2
8703 1
8704 1
8705 0
8706 1
8707 2
8708 0
8709 0
8710 0
8711 3
8712 2
8713 3
8714 1
8715 3
8716 1
8717 1
8718 3
8719 2
8720 1
8721 2
8722 0
8723 2
8724 3
8725 4
8726 3
8727 1
8728 4
8729 5
8730 2
8731 1
8732 3
8733 1
8734 2
8735 3
8736 5
8737 5
8738 4
8739 3
8740 4
8741 2
8742 2
8743 1
8744 3
8745 1
8746 0
8747 2
8748 1
8749 4
8750 3
8751 0
8752 1
8753 2
8754 0
8755 3
8756 1
8757 2
8758 2
8759 1
8760 0
8761 0
8762 4
8763 3
8764 2
8765 2
8766 3
8767 2
8768 5
8769 4
8770 1
8771 1
8772 1
8773 1
8774 5
8775 4
8776 5
8777 3
8778 2
8779 3
8780 3
8781 0
8782 4
8783 5
8784 5
8785 4
8786 2
8787 3
8788 3
8789 0
8790 1
8791 6
8792 5
8793 2
8794 3
8795 7
8796 6
8797 5
8798 3
8799 0
8800 2
8801 3
8802 4
8803 3
8804 4
8805 3
8806 3
8807 3
8808 2
8809 2
8810 2
8811 4
8812 4
8813 2
8814 3
8815 1
8816 2
8817 3
8818 1
8819 1
8820 2
8821 1
8822 3
8823 3
8824 0
8825 2
8826 1
8827 1
8828 1
8829 5
8830 3
8831 2
8832 4
8833 3
8834 4
8835 4
8836 2
8837 3
8838 1
8839 1
8840 2
8841 1
8842 3
8843 1
8844 3
8845 1
8846 1
8847 1
8848 1
8849 4
8850 5
8851 4
8852 3
8853 1
8854 4
8855 1
8856 1
8857 2
8858 1
8859 0
8860 2
8861 3
8862 3
8863 2
8864 4
8865 4
8866 3
8867 0
8868 3
8869 1
8870 5
8871 4
8872 3
8873 2
8874 2
8875 0
8876 2
8877 3
8878 1
8879 1
8880 1
8881 0
8882 2
8883 4
8884 2
8885 2
8886 0
8887 2
8888 1
8889 1
8890 2
8891 3
8892 2
8893 1
8894 3
8895 2
8896 4
8897 4
8898 3
8899 3
8900 1
8901 3
8902 4
8903 6
8904 7
8905 5
8906 5
8907 7
8908 8
8909 5
8910 2
8911 0
8912 3
8913 2
8914 2
8915 4
8916 2
8917 5
8918 5
8919 6
8920 5
8921 2
8922 2
8923 1
8924 3
8925 3
8926 4
8927 8
8928 6
8929 3
8930 2
8931 3
8932 5
8933 2
8934 4
8935 3
8936 2
8937 1
8938 1
8939 2
8940 4
8941 3
8942 2
8943 4
8944 3
8945 4
8946 3
8947 5
8948 6
8949 7
8950 7
8951 6
8952 4
8953 2
8954 1
8955 1
8956 3
8957 1
8958 2
8959 1
8960 2
8961 4
8962 5
8963 8
8964 6
8965 6
8966 4
8967 4
8968 3
8969 1
8970 2
8971 1
8972 4
8973 4
8974 4
8975 3
8976 1
8977 4
8978 2
8979 1
8980 1
8981 1
8982 0
8983 2
8984 6
8985 7
8986 5
8987 4
8988 4
8989 5
8990 3
8991 3
8992 5
8993 2
8994 1
8995 0
8996 2
8997 2
8998 0
8999 2
9000 1
9001 1
9002 2
9003 1
9004 0
9005 1
9006 2
9007 1
9008 1
9009 2
9010 4
9011 4
9012 5
9013 4
9014 5
9015 4
9016 6
9017 5
9018 5
9019 5
9020 7
9021 8
9022 5
9023 4
9024 3
9025 1
9026 1
9027 0
9028 1
9029 1
9030 1
9031 3
9032 3
9033 1
9034 0
9035 2
9036 2
9037 1
9038 2
9039 0
9040 3
9041 1
9042 0
9043 1
9044 2
9045 4
9046 4
9047 4
9048 3
9049 2
9050 1
9051 1
9052 3
9053 1
9054 2
9055 2
9056 4
9057 3
9058 3
9059 3
9060 2
9061 0
9062 2
9063 2
9064 2
9065 2
9066 0
9067 1
9068 2
9069 2
9070 1
9071 4
9072 1
9073 3
9074 2
9075 1
9076 2
9077 3
9078 5
9079 2
9080 3
9081 4
9082 5
9083 4
9084 4
9085 4
9086 2
9087 3
9088 3
9089 1
9090 2
9091 1
9092 1
9093 1
9094 2
9095 2
9096 1
9097 2
9098 1
9099 3
9100 3
9101 0
9102 4
9103 5
9104 6
9105 6
9106 3
9107 0
9108 1
9109 2
9110 1
9111 3
9112 3
9113 2
9114 2
9115 3
9116 2
9117 3
9118 3
9119 2
9120 3
9121 4
9122 2
9123 3
9124 5
9125 3
9126 1
9127 1
9128 1
9129 0
9130 1
9131 1
9132 3
9133 2
9134 2
9135 1
9136 2
9137 1
9138 2
9139 2
9140 0
9141 2
9142 2
9143 3
9144 4
9145 1
9146 1
9147 4
9148 4
9149 7
9150 5
9151 5
9152 4
9153 2
9154 1
9155 4
9156 3
9157 3
9158 2
9159 4
9160 3
9161 1
9162 0
9163 3
9164 2
9165 2
9166 2
9167 2
9168 1
9169 3
9170 1
9171 2
9172 0
9173 3
9174 5
9175 5
9176 6
9177 5
9178 5
9179 3
9180 3
9181 0
9182 1
9183 1
9184 2
9185 2
9186 3
9187 6
9188 6
9189 3
9190 1
9191 3
9192 0
9193 1
9194 4
9195 4
9196 3
9197 4
9198 3
9199 2
9200 0
9201 2
9202 2
9203 1
9204 3
9205 0
9206 2
9207 4
9208 6
9209 5
9210 5
9211 6
9212 5
9213 3
9214 1
9215 2
9216 3
9217 2
9218 2
9219 2
9220 1
9221 3
9222 0
9223 1
9224 7
9225 7
9226 4
9227 1
9228 1
9229 1
9230 5
9231 5
9232 4
9233 3
9234 2
9235 2
9236 3
9237 3
9238 1
9239 2
9240 3
9241 2
9242 1
9243 1
9244 3
9245 2
9246 3
9247 1
9248 1
9249 1
9250 4
9251 3
9252 4
9253 3
9254 1
9255 2
9256 4
9257 3
9258 1
9259 2
9260 1
9261 3
9262 1
9263 2
9264 3
9265 1
9266 2
9267 2
9268 3
9269 0
9270 1
9271 0
9272 1
9273 1
9274 2
9275 2
9276 3
9277 3
9278 1
9279 1
9280 5
9281 5
9282 5
9283 8
9284 8
9285 7
9286 5
9287 3
9288 0
9289 2
9290 3
9291 2
9292 2
9293 1
9294 0
9295 3
9296 3
9297 4
9298 3
9299 1
9300 3
9301 1
9302 2
9303 2
9304 2
9305 0
9306 2
9307 0
9308 2
9309 2
9310 4
9311 2
9312 4
9313 1
9314 2
9315 1
9316 4
9317 5
9318 6
9319 6
9320 3
9321 2
9322 5
9323 6
9324 6
9325 7
9326 7
9327 6
9328 3
9329 2
9330 1
9331 2
9332 4
9333 4
9334 4
9335 3
9336 0
9337 4
9338 6
9339 4
9340 3
9341 3
9342 2
9343 0
9344 1
9345 2
9346 2
9347 3
9348 2
9349 2
9350 3
9351 1
9352 3
9353 2
9354 2
9355 3
9356 3
9357 2
9358 3
9359 2
9360 3
9361 2
9362 2
9363 3
9364 4
9365 1
9366 3
9367 0
9368 1
9369 2
9370 1
9371 3
9372 1
9373 2
9374 3
9375 2
9376 2
9377 2
9378 1
9379 2
9380 0
9381 2
9382 1
9383 2
9384 0
9385 1
9386 1
9387 3
9388 2
9389 2
9390 3
9391 3
9392 2
9393 2
9394 3
9395 2
9396 3
9397 2
9398 1
9399 2
9400 4
9401 3
9402 2
9403 1
9404 3
9405 0
9406 1
9407 0
9408 0
9409 1
9410 3
9411 2
9412 2
9413 1
9414 3
9415 2
9416 1
9417 3
9418 2
9419 0
9420 1
9421 2
9422 1
9423 2
9424 5
9425 4
9426 5
9427 3
9428 1
9429 5
9430 2
9431 3
9432 3
9433 0
9434 2
9435 1
9436 2
9437 2
9438 1
9439 2
9440 2
9441 3
9442 3
9443 2
9444 3
9445 1
9446 3
9447 2
9448 4
9449 2
9450 2
9451 2
9452 1
9453 3
9454 1
9455 1
9456 2
9457 2
9458 1
9459 6
9460 6
9461 3
9462 1
9463 3
9464 0
9465 0
9466 5
9467 5
9468 4
9469 2
9470 4
9471 2
9472 2
9473 0
9474 2
9475 3
9476 2
9477 0
9478 4
9479 4
9480 5
9481 2
9482 1
9483 2
9484 3
9485 1
9486 3
9487 3
9488 5
9489 5
9490 5
9491 5
9492 6
9493 4
9494 3
9495 2
9496 5
9497 4
9498 3
9499 1
9500 2
9501 2
9502 4
9503 3
9504 3
9505 1
9506 2
9507 1
9508 3
9509 3
9510 1
9511 6
9512 6
9513 4
9514 2
9515 4
9516 6
9517 4
9518 3
9519 3
9520 1
9521 3
9522 3
9523 1
9524 3
9525 2
9526 3
9527 2
9528 2
9529 4
9530 5
9531 5
9532 5
9533 2
9534 3
9535 1
9536 2
9537 2
9538 2
9539 4
9540 2
9541 1
9542 2
9543 2
9544 0
9545 0
9546 0
9547 2
9548 5
9549 2
9550 0
9551 1
9552 3
9553 1
9554 2
9555 1
9556 0
9557 2
9558 1
9559 4
9560 3
9561 5
9562 4
9563 2
9564 3
9565 1
9566 2
9567 2
9568 0
9569 2
9570 3
9571 3
9572 2
9573 3
9574 2
9575 2
9576 0
9577 2
9578 4
9579 4
9580 5
9581 5
9582 2
9583 0
9584 5
9585 4
9586 3
9587 3
9588 2
9589 2
9590 6
9591 5
9592 4
9593 4
9594 5
9595 3
9596 1
9597 3
9598 4
9599 4
9600 2
9601 3
9602 3
9603 2
9604 0
9605 1
9606 0
9607 2
9608 1
9609 2
9610 2
9611 3
9612 1
9613 4
9614 4
9615 2
9616 3
9617 2
9618 2
9619 2
9620 0
9621 5
9622 2
9623 3
9624 4
9625 2
9626 2
9627 2
9628 4
9629 2
9630 3
9631 3
9632 4
9633 2
9634 1
9635 3
9636 2
9637 1
9638 1
9639 2
9640 1
9641 1
9642 0
9643 1
9644 1
9645 2
9646 1
9647 3
9648 3
9649 2
9650 2
9651 4
9652 2
9653 1
9654 1
9655 4
9656 2
9657 3
9658 3
9659 2
9660 3
9661 3
9662 1
9663 1
9664 4
9665 4
9666 4
9667 4
9668 2
9669 1
9670 1
9671 2
9672 3
9673 0
9674 4
9675 5
9676 5
9677 3
9678 6
9679 5
9680 2
9681 2
9682 3
9683 4
9684 4
9685 4
9686 4
9687 6
9688 3
9689 4
9690 3
9691 1
9692 0
9693 3
9694 2
9695 2
9696 0
9697 2
9698 1
9699 1
9700 2
9701 1
9702 3
9703 0
9704 1
9705 0
9706 0
9707 0
9708 3
9709 3
9710 1
9711 3
9712 2
9713 0
9714 1
9715 2
9716 4
9717 3
9718 3
9719 5
9720 4
9721 4
9722 2
9723 3
9724 1
9725 3
9726 2
9727 1
9728 1
9729 1
9730 3
9731 2
9732 1
9733 2
9734 3
9735 3
9736 3
9737 5
9738 4
9739 3
9740 1
9741 2
9742 3
9743 3
9744 3
9745 1
9746 2
9747 2
9748 3
9749 2
9750 5
9751 3
9752 1
9753 2
9754 1
9755 0
9756 4
9757 4
9758 6
9759 5
9760 4
9761 1
9762 2
9763 2
9764 1
9765 3
9766 4
9767 3
9768 1
9769 1
9770 4
9771 4
9772 2
9773 3
9774 1
9775 3
9776 2
9777 2
9778 3
9779 4
9780 2
9781 1
9782 2
9783 2
9784 1
9785 4
9786 3
9787 2
9788 2
9789 2
9790 4
9791 4
9792 1
9793 1
9794 2
9795 2
9796 1
9797 2
9798 1
9799 1
9800 2
9801 1
9802 2
9803 1
9804 2
9805 1
9806 4
9807 3
9808 3
9809 1
9810 0
9811 1
9812 3
9813 3
9814 3
9815 3
9816 3
9817 5
9818 5
9819 2
9820 2
9821 3
9822 2
9823 1
9824 2
9825 2
9826 1
9827 2
9828 3
9829 0
9830 4
9831 4
9832 4
9833 2
9834 1
9835 2
9836 4
9837 2
9838 2
9839 1
9840 1
9841 4
9842 2
9843 3
9844 4
9845 2
9846 3
9847 3
9848 5
9849 5
9850 4
9851 4
9852 2
9853 2
9854 2
9855 3
9856 1
9857 1
9858 4
9859 4
9860 2
9861 3
9862 1
9863 4
9864 6
9865 5
9866 3
9867 3
9868 1
9869 2
9870 4
9871 2
9872 0
9873 1
9874 5
9875 4
9876 2
9877 1
9878 0
9879 3
9880 2
9881 2
9882 0
9883 1
9884 2
9885 1
9886 2
9887 2
9888 2
9889 2
9890 4
9891 2
9892 3
9893 1
9894 1
9895 3
9896 1
9897 2
9898 3
9899 1
9900 3
9901 2
9902 5
9903 3
9904 2
9905 4
9906 5
9907 4
9908 3
9909 3
9910 2
9911 3
9912 1
9913 2
9914 1
9915 2
9916 1
9917 3
9918 1
9919 2
9920 5
9921 4
9922 2
9923 2
9924 2
9925 2
9926 3
9927 0
9928 1
9929 2
9930 4
9931 4
9932 2
9933 2
9934 3
9935 3
9936 1
9937 2
9938 4
9939 1
9940 2
9941 4
9942 2
9943 2
9944 2
9945 2
9946 3
9947 4
9948 2
9949 2
9950 4
9951 3
9952 1
9953 3
9954 2
9955 3
9956 3
9957 3
9958 2
9959 2
9960 2
9961 4
9962 3
9963 3
9964 2
9965 1
9966 3
9967 1
9968 0
9969 3
9970 3
9971 1
9972 1
9973 2
9974 2
9975 4
9976 3
9977 2
9978 1
9979 2
9980 0
9981 3
9982 1
9983 2
9984 1
9985 2
9986 3
9987 2
9988 2
9989 2
9990 4
9991 3
9992 3
9993 6
9994 3
9995 1
9996 3
9997 3
9998 1
9999 1
