0 10
1 10
2 9
3 8
4 7
5 10
6 9
7 10
8 9
9 8
10 6
11 5
12 7
13 7
14 7
15 9
16 9
17 10
18 9
19 9
20 8
21 8
22 9
23 10
24 11
25 9
26 8
27 9
28 9
29 6
30 6
31 6
32 5
33 4
34 4
35 7
36 8
37 7
38 8
39 8
40 6
41 8
42 7
43 8
44 7
45 8
46 9
47 8
48 8
49 8
50 11
51 11
52 10
53 8
54 9
55 10
56 11
57 11
58 10
59 9
60 10
61 11
62 8
63 7
64 6
65 6
66 4
67 2
68 7
69 9
70 12
71 11
72 12
73 12
74 12
75 13
76 12
77 12
78 13
79 12
80 13
81 15
82 12
83 11
84 13
85 12
86 10
87 7
88 4
89 4
90 3
91 3
92 2
93 4
94 3
95 5
96 4
97 2
98 3
99 2
100 3
101 6
102 7
103 10
104 11
105 11
106 11
107 9
108 8
109 8
110 7
111 5
112 5
113 4
114 3
115 3
116 2
117 4
118 4
119 4
120 3
121 3
122 3
123 5
124 8
125 7
126 5
127 7
128 7
129 7
130 7
131 4
132 3
133 6
134 4
135 2
136 2
137 3
138 3
139 2
140 3
141 3
142 2
143 5
144 7
145 6
146 6
147 8
148 6
149 6
150 6
151 7
152 6
153 8
154 9
155 8
156 10
157 8
158 10
159 11
160 10
161 11
162 10
163 10
164 11
165 12
166 10
167 9
168 9
169 10
170 13
171 14
172 12
173 13
174 11
175 12
176 13
177 14
178 14
179 13
180 12
181 16
182 13
183 13
184 11
185 10
186 9
187 9
188 10
189 12
190 15
191 12
192 14
193 13
194 12
195 11
196 12
197 9
198 9
199 8
200 6
201 8
202 7
203 5
204 5
205 3
206 2
207 3
208 2
209 2
210 3
211 2
212 1
213 3
214 0
215 3
216 2
217 5
218 3
219 5
220 4
221 3
222 4
223 1
224 2
225 2
226 1
227 2
228 4
229 6
230 3
231 1
232 2
233 5
234 4
235 4
236 5
237 4
238 2
239 3
240 2
241 2
242 2
243 3
244 1
245 1
246 3
247 3
248 1
249 4
250 5
251 4
252 6
253 6
254 6
255 6
256 6
257 5
258 3
259 3
260 6
261 5
262 5
263 7
264 6
265 3
266 7
267 8
268 6
269 8
270 7
271 9
272 13
273 11
274 11
275 11
276 11
277 12
278 11
279 12
280 10
281 11
282 14
283 12
284 12
285 14
286 14
287 14
288 15
289 12
290 15
291 12
292 10
293 12
294 11
295 10
296 8
297 7
298 7
299 6
300 8
301 9
302 7
303 5
304 7
305 5
306 5
307 5
308 4
309 3
310 3
311 2
312 3
313 3
314 5
315 5
316 7
317 6
318 6
319 7
320 7
321 7
322 8
323 8
324 6
325 6
326 8
327 8
328 8
329 9
330 9
331 8
332 7
333 5
334 4
335 5
336 6
337 6
338 7
339 8
340 6
341 10
342 8
343 5
344 5
345 5
346 4
347 3
348 3
349 2
350 3
351 1
352 1
353 2
354 2
355 1
356 2
357 2
358 3
359 4
360 5
361 3
362 2
363 2
364 5
365 6
366 4
367 2
368 5
369 5
370 6
371 5
372 4
373 5
374 6
375 8
376 7
377 7
378 9
379 6
380 7
381 6
382 5
383 4
384 2
385 5
386 4
387 4
388 4
389 4
390 2
391 3
392 4
393 6
394 6
395 4
396 4
397 5
398 3
399 1
400 3
401 3
402 3
403 4
404 5
405 5
406 5
407 3
408 5
409 3
410 2
411 5
412 4
413 2
414 2
415 2
416 5
417 4
418 1
419 3
420 4
421 6
422 5
423 4
424 5
425 4
426 7
427 8
428 7
429 7
430 6
431 6
432 8
433 10
434 11
435 12
436 12
437 12
438 12
439 12
440 10
441 10
442 11
443 11
444 16
445 13
446 12
447 13
448 15
449 12
450 11
451 13
452 12
453 9
454 6
455 7
456 10
457 12
458 15
459 12
460 11
461 9
462 11
463 8
464 9
465 7
466 6
467 6
468 6
469 8
470 6
471 5
472 3
473 5
474 5
475 6
476 5
477 5
478 5
479 6
480 5
481 7
482 9
483 10
484 7
485 9
486 12
487 10
488 10
489 9
490 9
491 10
492 11
493 12
494 11
495 13
496 12
497 11
498 9
499 8
500 6
501 3
502 3
503 2
504 2
505 1
506 2
507 2
508 5
509 3
510 4
511 4
512 5
513 7
514 4
515 1
516 5
517 5
518 7
519 7
520 6
521 6
522 4
523 3
524 4
525 4
526 4
527 4
528 4
529 2
530 5
531 3
532 1
533 3
534 3
535 4
536 2
537 1
538 3
539 4
540 3
541 3
542 1
543 3
544 3
545 2
546 2
547 2
548 2
549 1
550 5
551 7
552 6
553 5
554 6
555 3
556 6
557 5
558 5
559 8
560 10
561 9
562 11
563 9
564 11
565 10
566 9
567 9
568 6
569 7
570 7
571 8
572 9
573 8
574 6
575 8
576 10
577 9
578 11
579 12
580 11
581 12
582 14
583 15
584 12
585 12
586 11
587 11
588 14
589 13
590 12
591 12
592 12
593 11
594 13
595 13
596 12
597 11
598 11
599 11
600 9
601 8
602 9
603 7
604 6
605 9
606 10
607 11
608 12
609 12
610 11
611 10
612 11
613 9
614 9
615 8
616 9
617 10
618 10
619 10
620 11
621 15
622 12
623 12
624 11
625 12
626 12
627 15
628 12
629 14
630 15
631 12
632 9
633 8
634 7
635 4
636 2
637 5
638 6
639 8
640 11
641 10
642 10
643 10
644 9
645 9
646 9
647 10
648 11
649 13
650 14
651 11
652 10
653 11
654 11
655 10
656 12
657 11
658 9
659 7
660 8
661 9
662 8
663 7
664 7
665 7
666 6
667 5
668 6
669 6
670 7
671 7
672 7
673 5
674 7
675 10
676 11
677 8
678 10
679 8
680 8
681 8
682 8
683 6
684 5
685 2
686 2
687 4
688 2
689 2
690 2
691 2
692 2
693 4
694 5
695 4
696 5
697 4
698 5
699 8
700 7
701 7
702 6
703 6
704 8
705 11
706 11
707 11
708 13
709 12
710 9
711 6
712 6
713 7
714 5
715 6
716 8
717 7
718 7
719 9
720 10
721 8
722 7
723 6
724 6
725 7
726 6
727 8
728 6
729 4
730 3
731 1
732 4
733 6
734 7
735 9
736 6
737 6
738 4
739 4
740 3
741 5
742 6
743 7
744 5
745 5
746 6
747 6
748 4
749 4
750 5
751 3
752 3
753 6
754 6
755 6
756 9
757 10
758 8
759 7
760 6
761 5
762 2
763 3
764 3
765 2
766 3
767 8
768 7
769 7
770 4
771 4
772 4
773 7
774 6
775 8
776 9
777 9
778 12
779 10
780 9
781 8
782 7
783 6
784 4
785 2
786 2
787 2
788 4
789 4
790 2
791 4
792 4
793 1
794 1
795 5
796 7
797 7
798 5
799 6
800 6
801 5
802 5
803 5
804 4
805 4
806 2
807 2
808 5
809 4
810 3
811 5
812 4
813 4
814 5
815 4
816 5
817 5
818 5
819 3
820 3
821 6
822 5
823 5
824 3
825 7
826 5
827 7
828 7
829 5
830 5
831 6
832 4
833 4
834 4
835 4
836 5
837 8
838 9
839 9
840 7
841 7
842 4
843 2
844 2
845 3
846 4
847 4
848 5
849 5
850 4
851 3
852 0
853 3
854 1
855 1
856 3
857 4
858 5
859 5
860 5
861 5
862 4
863 4
864 4
865 5
866 6
867 8
868 8
869 9
870 13
871 14
872 14
873 16
874 13
875 12
876 11
877 10
878 9
879 12
880 13
881 12
882 13
883 15
884 12
885 13
886 17
887 14
888 13
889 16
890 13
891 14
892 16
893 13
894 11
895 11
896 11
897 10
898 10
899 12
900 10
901 11
902 10
903 11
904 10
905 10
906 8
907 7
908 6
909 5
910 5
911 7
912 7
913 6
914 6
915 7
916 8
917 8
918 8
919 7
920 8
921 8
922 8
923 6
924 5
925 7
926 6
927 7
928 7
929 8
930 9
931 7
932 6
933 5
934 5
935 8
936 7
937 6
938 5
939 5
940 8
941 7
942 7
943 9
944 8
945 7
946 7
947 6
948 5
949 7
950 8
951 7
952 8
953 9
954 7
955 5
956 6
957 9
958 8
959 8
960 10
961 12
962 11
963 11
964 9
965 8
966 10
967 10
968 10
969 9
970 8
971 8
972 8
973 8
974 10
975 10
976 11
977 10
978 10
979 12
980 12
981 12
982 12
983 13
984 13
985 12
986 13
987 16
988 13
989 11
990 12
991 14
992 13
993 13
994 13
995 12
996 11
997 10
998 10
999 8
1000 9
1001 8
1002 8
1003 8
1004 8
1005 9
1006 9
1007 10
1008 10
1009 8
1010 9
1011 7
1012 5
1013 3
1014 3
1015 1
1016 3
1017 4
1018 6
1019 8
1020 9
1021 11
1022 8
1023 9
1024 10
1025 12
1026 12
1027 11
1028 8
1029 7
1030 5
1031 5
1032 4
1033 4
1034 3
1035 5
1036 3
1037 4
1038 5
1039 4
1040 2
1041 3
1042 3
1043 2
1044 2
1045 2
1046 2
1047 2
1048 4
1049 3
1050 4
1051 5
1052 5
1053 4
1054 2
1055 3
1056 3
1057 3
1058 3
1059 3
1060 2
1061 4
1062 4
1063 3
1064 4
1065 4
1066 3
1067 5
1068 8
1069 8
1070 6
1071 5
1072 4
1073 3
1074 4
1075 2
1076 4
1077 3
1078 3
1079 1
1080 1
1081 3
1082 2
1083 1
1084 2
1085 3
1086 3
1087 1
1088 6
1089 6
1090 6
1091 4
1092 4
1093 3
1094 2
1095 1
1096 3
1097 2
1098 4
1099 5
1100 7
1101 9
1102 8
1103 12
1104 14
1105 14
1106 16
1107 13
1108 15
1109 12
1110 10
1111 11
1112 14
1113 12
1114 13
1115 12
1116 13
1117 13
1118 13
1119 12
1120 10
1121 9
1122 7
1123 6
1124 4
1125 5
1126 4
1127 3
1128 4
1129 5
1130 6
1131 6
1132 8
1133 7
1134 10
1135 11
1136 12
1137 12
1138 11
1139 11
1140 10
1141 10
1142 7
1143 7
1144 5
1145 5
1146 9
1147 9
1148 9
1149 7
1150 6
1151 6
1152 8
1153 10
1154 8
1155 7
1156 7
1157 7
1158 7
1159 9
1160 8
1161 6
1162 7
1163 7
1164 5
1165 5
1166 6
1167 5
1168 7
1169 6
1170 6
1171 7
1172 9
1173 10
1174 10
1175 12
1176 11
1177 10
1178 7
1179 6
1180 4
1181 6
1182 7
1183 8
1184 10
1185 10
1186 12
1187 13
1188 13
1189 12
1190 11
1191 12
1192 11
1193 13
1194 13
1195 13
1196 13
1197 13
1198 11
1199 11
1200 10
1201 12
1202 13
1203 13
1204 11
1205 11
1206 11
1207 13
1208 12
1209 11
1210 11
1211 9
1212 9
1213 9
1214 10
1215 10
1216 9
1217 10
1218 10
1219 8
1220 8
1221 7
1222 9
1223 11
1224 10
1225 9
1226 9
1227 10
1228 11
1229 11
1230 9
1231 8
1232 7
1233 6
1234 4
1235 3
1236 2
1237 4
1238 3
1239 2
1240 3
1241 3
1242 0
1243 0
1244 3
1245 3
1246 5
1247 5
1248 5
1249 6
1250 5
1251 6
1252 7
1253 5
1254 5
1255 4
1256 5
1257 4
1258 4
1259 3
1260 1
1261 2
1262 5
1263 6
1264 5
1265 5
1266 8
1267 10
1268 11
1269 10
1270 11
1271 11
1272 9
1273 7
1274 9
1275 9
1276 10
1277 10
1278 10
1279 7
1280 7
1281 6
1282 5
1283 6
1284 4
1285 5
1286 7
1287 4
1288 4
1289 5
1290 2
1291 4
1292 4
1293 5
1294 4
1295 3
1296 3
1297 3
1298 3
1299 3
1300 3
1301 2
1302 2
1303 5
1304 5
1305 6
1306 6
1307 6
1308 6
1309 6
1310 5
1311 5
1312 7
1313 7
1314 7
1315 7
1316 7
1317 7
1318 7
1319 4
1320 4
1321 6
1322 5
1323 2
1324 2
1325 1
1326 2
1327 1
1328 3
1329 0
1330 2
1331 3
1332 4
1333 3
1334 4
1335 2
1336 1
1337 3
1338 1
1339 3
1340 4
1341 3
1342 2
1343 4
1344 2
1345 4
1346 4
1347 6
1348 6
1349 5
1350 5
1351 5
1352 4
1353 2
1354 6
1355 4
1356 5
1357 5
1358 3
1359 4
1360 3
1361 2
1362 3
1363 6
1364 4
1365 4
1366 3
1367 1
1368 3
1369 1
1370 1
1371 0
1372 4
1373 5
1374 5
1375 5
1376 3
1377 2
1378 2
1379 5
1380 4
1381 5
1382 6
1383 6
1384 4
1385 4
1386 3
1387 4
1388 2
1389 7
1390 8
1391 9
1392 10
1393 9
1394 9
1395 10
1396 10
1397 8
1398 6
1399 8
1400 8
1401 8
1402 8
1403 7
1404 8
1405 9
1406 8
1407 6
1408 7
1409 7
1410 6
1411 7
1412 8
1413 7
1414 8
1415 7
1416 6
1417 5
1418 5
1419 4
1420 4
1421 3
1422 3
1423 3
1424 3
1425 6
1426 7
1427 7
1428 9
1429 9
1430 8
1431 8
1432 7
1433 6
1434 6
1435 6
1436 7
1437 10
1438 9
1439 8
1440 10
1441 10
1442 10
1443 11
1444 9
1445 9
1446 8
1447 6
1448 6
1449 7
1450 7
1451 6
1452 4
1453 4
1454 3
1455 4
1456 4
1457 4
1458 6
1459 7
1460 8
1461 8
1462 6
1463 4
1464 3
1465 3
1466 5
1467 4
1468 2
1469 3
1470 4
1471 4
1472 2
1473 3
1474 6
1475 5
1476 4
1477 3
1478 5
1479 4
1480 3
1481 1
1482 2
1483 2
1484 2
1485 3
1486 1
1487 1
1488 1
1489 2
1490 4
1491 7
1492 7
1493 9
1494 9
1495 9
1496 7
1497 5
1498 10
1499 9
1500 9
1501 8
1502 7
1503 6
1504 4
1505 6
1506 5
1507 8
1508 7
1509 7
1510 8
1511 8
1512 8
1513 8
1514 8
1515 9
1516 7
1517 8
1518 8
1519 7
1520 7
1521 6
1522 5
1523 4
1524 4
1525 5
1526 5
1527 5
1528 3
1529 4
1530 3
1531 7
1532 8
1533 7
1534 6
1535 7
1536 9
1537 8
1538 8
1539 6
1540 7
1541 5
1542 4
1543 5
1544 6
1545 3
1546 6
1547 4
1548 5
1549 4
1550 6
1551 5
1552 7
1553 9
1554 9
1555 8
1556 8
1557 8
1558 6
1559 5
1560 4
1561 4
1562 3
1563 4
1564 7
1565 6
1566 6
1567 6
1568 6
1569 6
1570 7
1571 7
1572 5
1573 6
1574 4
1575 3
1576 1
1577 5
1578 6
1579 7
1580 5
1581 5
1582 7
1583 6
1584 9
1585 8
1586 7
1587 6
1588 3
1589 2
1590 4
1591 3
1592 4
1593 6
1594 8
1595 7
1596 6
1597 8
1598 10
1599 10
1600 10
1601 10
1602 7
1603 8
1604 6
1605 3
1606 7
1607 8
1608 10
1609 12
1610 12
1611 13
1612 14
1613 13
1614 13
1615 13
1616 13
1617 15
1618 12
1619 12
1620 11
1621 11
1622 11
1623 12
1624 10
1625 9
1626 8
1627 9
1628 11
1629 10
1630 9
1631 9
1632 9
1633 10
1634 13
1635 12
1636 13
1637 12
1638 13
1639 14
1640 14
1641 16
1642 13
1643 10
1644 11
1645 9
1646 9
1647 7
1648 10
1649 11
1650 11
1651 12
1652 13
1653 12
1654 12
1655 11
1656 13
1657 13
1658 12
1659 12
1660 15
1661 12
1662 11
1663 12
1664 12
1665 10
1666 8
1667 11
1668 11
1669 10
1670 8
1671 7
1672 5
1673 6
1674 5
1675 9
1676 12
1677 11
1678 14
1679 12
1680 12
1681 12
1682 12
1683 11
1684 10
1685 10
1686 10
1687 11
1688 11
1689 9
1690 10
1691 11
1692 10
1693 9
1694 10
1695 10
1696 10
1697 10
1698 9
1699 10
1700 9
1701 11
1702 9
1703 9
1704 8
1705 8
1706 9
1707 7
1708 8
1709 8
1710 8
1711 9
1712 8
1713 8
1714 10
1715 9
1716 9
1717 11
1718 10
1719 9
1720 10
1721 9
1722 10
1723 10
1724 12
1725 12
1726 15
1727 12
1728 13
1729 13
1730 13
1731 12
1732 11
1733 11
1734 9
1735 9
1736 9
1737 8
1738 7
1739 7
1740 7
1741 8
1742 7
1743 6
1744 6
1745 5
1746 8
1747 8
1748 6
1749 5
1750 5
1751 4
1752 5
1753 4
1754 7
1755 6
1756 5
1757 4
1758 4
1759 3
1760 7
1761 5
1762 3
1763 4
1764 6
1765 7
1766 4
1767 5
1768 4
1769 5
1770 6
1771 4
1772 4
1773 3
1774 3
1775 5
1776 4
1777 4
1778 5
1779 8
1780 8
1781 7
1782 6
1783 7
1784 9
1785 8
1786 8
1787 7
1788 5
1789 5
1790 5
1791 6
1792 7
1793 5
1794 6
1795 6
1796 5
1797 7
1798 8
1799 7
1800 8
1801 7
1802 6
1803 6
1804 8
1805 11
1806 9
1807 9
1808 9
1809 11
1810 9
1811 9
1812 10
1813 9
1814 7
1815 11
1816 9
1817 11
1818 13
1819 12
1820 13
1821 15
1822 12
1823 15
1824 12
1825 14
1826 12
1827 12
1828 12
1829 12
1830 14
1831 13
1832 11
1833 12
1834 12
1835 13
1836 15
1837 12
1838 13
1839 10
1840 10
1841 10
1842 11
1843 11
1844 8
1845 9
1846 10
1847 9
1848 8
1849 11
1850 11
1851 11
1852 11
1853 14
1854 13
1855 12
1856 14
1857 15
1858 12
1859 13
1860 10
1861 7
1862 6
1863 4
1864 5
1865 5
1866 4
1867 4
1868 2
1869 4
1870 6
1871 5
1872 4
1873 4
1874 2
1875 2
1876 3
1877 4
1878 5
1879 5
1880 5
1881 6
1882 6
1883 6
1884 6
1885 6
1886 4
1887 5
1888 2
1889 6
1890 8
1891 7
1892 7
1893 5
1894 5
1895 6
1896 6
1897 5
1898 5
1899 5
1900 5
1901 4
1902 1
1903 1
1904 2
1905 3
1906 2
1907 2
1908 4
1909 3
1910 4
1911 3
1912 1
1913 2
1914 3
1915 2
1916 5
1917 7
1918 8
1919 7
1920 7
1921 9
1922 6
1923 6
1924 7
1925 6
1926 5
1927 5
1928 5
1929 6
1930 6
1931 6
1932 6
1933 7
1934 6
1935 6
1936 8
1937 5
1938 7
1939 7
1940 7
1941 7
1942 8
1943 10
1944 9
1945 7
1946 10
1947 8
1948 8
1949 8
1950 7
1951 10
1952 11
1953 12
1954 13
1955 13
1956 14
1957 16
1958 13
1959 12
1960 11
1961 10
1962 11
1963 11
1964 13
1965 12
1966 13
1967 14
1968 15
1969 12
1970 11
1971 9
1972 10
1973 10
1974 13
1975 11
1976 11
1977 10
1978 10
1979 9
1980 9
1981 10
1982 11
1983 10
1984 12
1985 11
1986 11
1987 10
1988 9
1989 9
1990 8
1991 9
1992 9
1993 9
1994 9
1995 6
1996 5
1997 5
1998 4
1999 5
2000 4
2001 7
2002 7
2003 4
2004 7
2005 8
2006 9
2007 8
2008 8
2009 7
2010 6
2011 7
2012 6
2013 4
2014 3
2015 3
2016 4
2017 5
2018 5
2019 7
2020 7
2021 9
2022 9
2023 8
2024 9
2025 9
2026 7
2027 6
2028 3
2029 1
2030 3
2031 3
2032 1
2033 5
2034 5
2035 3
2036 5
2037 4
2038 6
2039 4
2040 5
2041 4
2042 4
2043 7
2044 9
2045 10
2046 11
2047 8
2048 8
2049 8
2050 9
2051 9
2052 9
2053 10
2054 10
2055 8
2056 9
2057 10
2058 10
2059 8
2060 11
2061 11
2062 11
2063 11
2064 12
2065 12
2066 15
2067 12
2068 16
2069 13
2070 13
2071 10
2072 8
2073 8
2074 9
2075 9
2076 7
2077 7
2078 7
2079 6
2080 4
2081 4
2082 2
2083 3
2084 1
2085 3
2086 1
2087 0
2088 2
2089 2
2090 4
2091 3
2092 4
2093 5
2094 4
2095 5
2096 5
2097 6
2098 8
2099 6
2100 5
2101 5
2102 7
2103 8
2104 8
2105 7
2106 6
2107 7
2108 6
2109 7
2110 7
2111 5
2112 4
2113 4
2114 2
2115 0
2116 5
2117 6
2118 7
2119 7
2120 6
2121 6
2122 5
2123 6
2124 7
2125 9
2126 7
2127 7
2128 6
2129 4
2130 6
2131 8
2132 8
2133 8
2134 5
2135 5
2136 4
2137 5
2138 3
2139 5
2140 5
2141 5
2142 6
2143 5
2144 6
2145 6
2146 3
2147 2
2148 2
2149 4
2150 3
2151 1
2152 4
2153 4
2154 4
2155 4
2156 5
2157 4
2158 5
2159 5
2160 5
2161 7
2162 7
2163 8
2164 8
2165 7
2166 5
2167 7
2168 7
2169 7
2170 7
2171 6
2172 6
2173 5
2174 8
2175 8
2176 7
2177 6
2178 4
2179 3
2180 7
2181 8
2182 6
2183 9
2184 10
2185 12
2186 12
2187 10
2188 11
2189 14
2190 15
2191 12
2192 10
2193 10
2194 10
2195 9
2196 7
2197 6
2198 5
2199 5
2200 6
2201 10
2202 11
2203 11
2204 11
2205 14
2206 15
2207 12
2208 9
2209 9
2210 8
2211 8
2212 9
2213 8
2214 7
2215 10
2216 10
2217 9
2218 9
2219 9
2220 9
2221 9
2222 8
2223 6
2224 6
2225 7
2226 6
2227 5
2228 5
2229 4
2230 4
2231 5
2232 4
2233 5
2234 4
2235 4
2236 4
2237 3
2238 2
2239 5
2240 4
2241 1
2242 2
2243 1
2244 4
2245 3
2246 6
2247 4
2248 1
2249 3
2250 3
2251 2
2252 3
2253 2
2254 3
2255 2
2256 2
2257 5
2258 6
2259 7
2260 6
2261 4
2262 2
2263 3
2264 1
2265 2
2266 3
2267 2
2268 2
2269 3
2270 2
2271 4
2272 8
2273 6
2274 5
2275 5
2276 7
2277 7
2278 11
2279 12
2280 12
2281 14
2282 14
2283 12
2284 12
2285 12
2286 11
2287 13
2288 13
2289 13
2290 13
2291 14
2292 13
2293 12
2294 11
2295 13
2296 11
2297 14
2298 14
2299 14
2300 14
2301 17
2302 14
2303 13
2304 13
2305 12
2306 13
2307 13
2308 14
2309 13
2310 14
2311 16
2312 13
2313 11
2314 12
2315 12
2316 9
2317 8
2318 9
2319 9
2320 10
2321 10
2322 9
2323 8
2324 8
2325 7
2326 9
2327 12
2328 12
2329 11
2330 11
2331 10
2332 10
2333 10
2334 11
2335 11
2336 12
2337 13
2338 12
2339 10
2340 14
2341 15
2342 12
2343 9
2344 8
2345 9
2346 8
2347 8
2348 9
2349 10
2350 11
2351 10
2352 10
2353 8
2354 10
2355 12
2356 13
2357 13
2358 15
2359 12
2360 11
2361 10
2362 9
2363 9
2364 7
2365 6
2366 6
2367 9
2368 8
2369 8
2370 10
2371 10
2372 8
2373 9
2374 9
2375 9
2376 11
2377 11
2378 9
2379 8
2380 6
2381 5
2382 2
2383 1
2384 2
2385 4
2386 2
2387 4
2388 3
2389 4
2390 6
2391 5
2392 3
2393 3
2394 4
2395 4
2396 3
2397 2
2398 1
2399 3
2400 5
2401 3
2402 2
2403 4
2404 4
2405 3
2406 3
2407 1
2408 1
2409 2
2410 2
2411 3
2412 3
2413 1
2414 0
2415 1
2416 6
2417 5
2418 6
2419 7
2420 8
2421 11
2422 12
2423 11
2424 9
2425 9
2426 12
2427 12
2428 13
2429 11
2430 10
2431 8
2432 9
2433 11
2434 10
2435 8
2436 6
2437 6
2438 6
2439 4
2440 4
2441 2
2442 5
2443 7
2444 7
2445 5
2446 5
2447 5
2448 4
2449 5
2450 3
2451 3
2452 4
2453 3
2454 3
2455 4
2456 2
2457 3
2458 5
2459 3
2460 3
2461 2
2462 6
2463 6
2464 8
2465 8
2466 6
2467 6
2468 5
2469 6
2470 5
2471 6
2472 4
2473 4
2474 4
2475 3
2476 4
2477 6
2478 5
2479 4
2480 4
2481 6
2482 5
2483 5
2484 5
2485 6
2486 4
2487 4
2488 3
2489 2
2490 5
2491 5
2492 3
2493 3
2494 1
2495 3
2496 3
2497 2
2498 2
2499 3
2500 3
2501 2
2502 1
2503 5
2504 5
2505 4
2506 9
2507 8
2508 11
2509 14
2510 13
2511 13
2512 15
2513 12
2514 11
2515 10
2516 9
2517 7
2518 9
2519 9
2520 8
2521 6
2522 5
2523 4
2524 3
2525 4
2526 2
2527 5
2528 4
2529 2
2530 2
2531 1
2532 2
2533 4
2534 6
2535 4
2536 5
2537 5
2538 3
2539 2
2540 2
2541 2
2542 3
2543 3
2544 4
2545 3
2546 5
2547 5
2548 7
2549 6
2550 6
2551 5
2552 7
2553 7
2554 9
2555 10
2556 10
2557 8
2558 8
2559 6
2560 7
2561 6
2562 7
2563 10
2564 9
2565 10
2566 11
2567 10
2568 9
2569 10
2570 10
2571 8
2572 6
2573 6
2574 5
2575 5
2576 3
2577 3
2578 1
2579 4
2580 3
2581 2
2582 2
2583 2
2584 4
2585 5
2586 3
2587 2
2588 2
2589 2
2590 3
2591 4
2592 4
2593 4
2594 2
2595 2
2596 2
2597 3
2598 3
2599 3
2600 4
2601 5
2602 4
2603 2
2604 3
2605 3
2606 2
2607 1
2608 4
2609 7
2610 6
2611 7
2612 11
2613 11
2614 11
2615 12
2616 13
2617 13
2618 12
2619 10
2620 11
2621 12
2622 14
2623 14
2624 11
2625 10
2626 10
2627 8
2628 11
2629 10
2630 9
2631 10
2632 7
2633 8
2634 8
2635 5
2636 6
2637 7
2638 6
2639 5
2640 3
2641 3
2642 2
2643 3
2644 1
2645 3
2646 3
2647 4
2648 8
2649 6
2650 6
2651 8
2652 6
2653 7
2654 6
2655 4
2656 6
2657 4
2658 5
2659 4
2660 2
2661 3
2662 3
2663 6
2664 6
2665 4
2666 3
2667 0
2668 4
2669 3
2670 2
2671 4
2672 7
2673 7
2674 6
2675 5
2676 5
2677 9
2678 9
2679 7
2680 7
2681 7
2682 8
2683 9
2684 8
2685 6
2686 4
2687 4
2688 6
2689 5
2690 7
2691 6
2692 6
2693 7
2694 6
2695 5
2696 5
2697 5
2698 4
2699 3
2700 1
2701 2
2702 1
2703 5
2704 3
2705 3
2706 5
2707 5
2708 3
2709 5
2710 5
2711 4
2712 1
2713 4
2714 4
2715 3
2716 2
2717 2
2718 5
2719 6
2720 8
2721 6
2722 4
2723 2
2724 2
2725 2
2726 2
2727 1
2728 5
2729 4
2730 3
2731 2
2732 3
2733 3
2734 1
2735 3
2736 4
2737 3
2738 2
2739 4
2740 6
2741 8
2742 7
2743 7
2744 6
2745 6
2746 4
2747 3
2748 5
2749 4
2750 3
2751 3
2752 2
2753 3
2754 2
2755 6
2756 5
2757 3
2758 3
2759 1
2760 1
2761 0
2762 5
2763 6
2764 6
2765 5
2766 5
2767 5
2768 5
2769 3
2770 2
2771 2
2772 2
2773 2
2774 5
2775 4
2776 4
2777 3
2778 1
2779 0
2780 4
2781 2
2782 1
2783 3
2784 2
2785 4
2786 7
2787 6
2788 5
2789 4
2790 4
2791 2
2792 4
2793 5
2794 5
2795 4
2796 3
2797 3
2798 0
2799 3
2800 1
2801 3
2802 4
2803 5
2804 4
2805 5
2806 6
2807 7
2808 10
2809 11
2810 11
2811 12
2812 15
2813 12
2814 12
2815 11
2816 11
2817 11
2818 8
2819 8
2820 8
2821 7
2822 6
2823 4
2824 3
2825 2
2826 2
2827 2
2828 3
2829 1
2830 5
2831 3
2832 5
2833 5
2834 4
2835 2
2836 3
2837 2
2838 4
2839 4
2840 1
2841 4
2842 3
2843 5
2844 4
2845 4
2846 3
2847 2
2848 0
2849 4
2850 3
2851 3
2852 4
2853 4
2854 1
2855 2
2856 3
2857 3
2858 3
2859 3
2860 1
2861 2
2862 2
2863 2
2864 5
2865 4
2866 5
2867 4
2868 5
2869 4
2870 6
2871 7
2872 8
2873 7
2874 7
2875 6
2876 4
2877 4
2878 4
2879 4
2880 5
2881 4
2882 5
2883 6
2884 6
2885 5
2886 8
2887 9
2888 9
2889 8
2890 9
2891 8
2892 7
2893 8
2894 5
2895 4
2896 4
2897 5
2898 4
2899 5
2900 7
2901 6
2902 6
2903 7
2904 5
2905 4
2906 5
2907 7
2908 6
2909 7
2910 6
2911 5
2912 4
2913 4
2914 3
2915 3
2916 4
2917 4
2918 5
2919 6
2920 5
2921 5
2922 7
2923 5
2924 8
2925 7
2926 7
2927 6
2928 6
2929 8
2930 9
2931 11
2932 10
2933 11
2934 13
2935 14
2936 11
2937 11
2938 10
2939 11
2940 11
2941 12
2942 10
2943 9
2944 10
2945 9
2946 9
2947 8
2948 6
2949 6
2950 5
2951 8
2952 8
2953 7
2954 6
2955 7
2956 5
2957 4
2958 1
2959 2
2960 2
2961 4
2962 3
2963 2
2964 4
2965 7
2966 8
2967 10
2968 11
2969 15
2970 12
2971 12
2972 9
2973 9
2974 7
2975 5
2976 4
2977 2
2978 4
2979 5
2980 6
2981 3
2982 3
2983 3
2984 4
2985 3
2986 2
2987 3
2988 4
2989 3
2990 4
2991 2
2992 2
2993 3
2994 3
2995 1
2996 3
2997 1
2998 4
2999 3
3000 1
3001 4
3002 6
3003 6
3004 9
3005 9
3006 10
3007 9
3008 12
3009 10
3010 11
3011 9
3012 9
3013 9
3014 9
3015 10
3016 8
3017 9
3018 12
3019 11
3020 12
3021 12
3022 14
3023 12
3024 11
3025 10
3026 11
3027 10
3028 9
3029 11
3030 13
3031 15
3032 12
3033 13
3034 11
3035 11
3036 11
3037 10
3038 7
3039 5
3040 3
3041 3
3042 3
3043 5
3044 3
3045 4
3046 2
3047 4
3048 4
3049 4
3050 5
3051 6
3052 7
3053 9
3054 8
3055 7
3056 6
3057 7
3058 6
3059 7
3060 5
3061 6
3062 7
3063 7
3064 9
3065 11
3066 14
3067 13
3068 11
3069 14
3070 12
3071 10
3072 10
3073 10
3074 8
3075 6
3076 7
3077 8
3078 6
3079 7
3080 8
3081 8
3082 9
3083 9
3084 8
3085 9
3086 11
3087 9
3088 9
3089 9
3090 8
3091 6
3092 7
3093 6
3094 5
3095 4
3096 4
3097 3
3098 5
3099 6
3100 7
3101 5
3102 4
3103 5
3104 6
3105 6
3106 4
3107 5
3108 3
3109 5
3110 6
3111 5
3112 7
3113 6
3114 5
3115 5
3116 3
3117 4
3118 3
3119 3
3120 6
3121 6
3122 6
3123 6
3124 6
3125 6
3126 3
3127 1
3128 4
3129 3
3130 2
3131 5
3132 4
3133 6
3134 7
3135 11
3136 11
3137 11
3138 11
3139 11
3140 12
3141 12
3142 14
3143 15
3144 12
3145 11
3146 9
3147 11
3148 11
3149 9
3150 11
3151 13
3152 13
3153 11
3154 11
3155 13
3156 13
3157 13
3158 13
3159 13
3160 15
3161 12
3162 11
3163 10
3164 9
3165 6
3166 5
3167 6
3168 6
3169 5
3170 4
3171 3
3172 1
3173 2
3174 7
3175 4
3176 5
3177 5
3178 4
3179 6
3180 5
3181 7
3182 7
3183 8
3184 10
3185 9
3186 10
3187 10
3188 11
3189 10
3190 11
3191 15
3192 12
3193 12
3194 12
3195 14
3196 11
3197 11
3198 9
3199 10
3200 12
3201 14
3202 12
3203 13
3204 13
3205 10
3206 10
3207 10
3208 9
3209 9
3210 8
3211 8
3212 7
3213 10
3214 11
3215 13
3216 14
3217 14
3218 12
3219 10
3220 9
3221 8
3222 6
3223 5
3224 7
3225 6
3226 5
3227 6
3228 6
3229 4
3230 3
3231 3
3232 2
3233 6
3234 6
3235 5
3236 4
3237 6
3238 3
3239 5
3240 4
3241 2
3242 5
3243 5
3244 3
3245 5
3246 5
3247 5
3248 8
3249 9
3250 9
3251 9
3252 8
3253 8
3254 9
3255 9
3256 9
3257 7
3258 6
3259 6
3260 7
3261 8
3262 9
3263 9
3264 10
3265 11
3266 12
3267 13
3268 12
3269 11
3270 10
3271 9
3272 9
3273 10
3274 11
3275 10
3276 8
3277 5
3278 4
3279 8
3280 8
3281 8
3282 12
3283 11
3284 12
3285 10
3286 11
3287 10
3288 11
3289 13
3290 13
3291 11
3292 11
3293 12
3294 12
3295 12
3296 11
3297 9
3298 9
3299 10
3300 9
3301 10
3302 8
3303 9
3304 11
3305 8
3306 7
3307 5
3308 4
3309 1
3310 0
3311 4
3312 5
3313 3
3314 2
3315 3
3316 4
3317 4
3318 3
3319 2
3320 5
3321 4
3322 1
3323 5
3324 6
3325 4
3326 4
3327 9
3328 10
3329 11
3330 11
3331 11
3332 10
3333 10
3334 13
3335 13
3336 13
3337 12
3338 11
3339 11
3340 13
3341 14
3342 14
3343 13
3344 13
3345 15
3346 12
3347 12
3348 11
3349 10
3350 9
3351 6
3352 6
3353 8
3354 8
3355 8
3356 9
3357 8
3358 8
3359 9
3360 9
3361 8
3362 8
3363 7
3364 7
3365 6
3366 5
3367 4
3368 4
3369 3
3370 1
3371 2
3372 2
3373 3
3374 5
3375 4
3376 1
3377 0
3378 3
3379 6
3380 8
3381 6
3382 4
3383 5
3384 5
3385 5
3386 5
3387 4
3388 3
3389 2
3390 3
3391 2
3392 3
3393 2
3394 3
3395 4
3396 3
3397 0
3398 3
3399 2
3400 4
3401 4
3402 5
3403 5
3404 3
3405 2
3406 3
3407 2
3408 5
3409 4
3410 2
3411 3
3412 3
3413 2
3414 2
3415 4
3416 3
3417 3
3418 2
3419 3
3420 3
3421 4
3422 8
3423 10
3424 12
3425 11
3426 11
3427 11
3428 9
3429 11
3430 14
3431 11
3432 11
3433 12
3434 13
3435 11
3436 11
3437 10
3438 10
3439 11
3440 12
3441 15
3442 12
3443 12
3444 10
3445 10
3446 12
3447 12
3448 14
3449 13
3450 14
3451 12
3452 12
3453 12
3454 13
3455 11
3456 13
3457 13
3458 13
3459 14
3460 14
3461 15
3462 12
3463 13
3464 11
3465 12
3466 13
3467 15
3468 12
3469 13
3470 12
3471 11
3472 11
3473 10
3474 11
3475 11
3476 12
3477 11
3478 8
3479 8
3480 7
3481 5
3482 5
3483 9
3484 8
3485 8
3486 8
3487 7
3488 7
3489 8
3490 9
3491 10
3492 9
3493 11
3494 11
3495 11
3496 8
3497 6
3498 8
3499 7
3500 9
3501 10
3502 9
3503 6
3504 5
3505 5
3506 5
3507 3
3508 2
3509 5
3510 5
3511 4
3512 5
3513 2
3514 6
3515 6
3516 6
3517 6
3518 4
3519 6
3520 4
3521 1
3522 3
3523 1
3524 0
3525 2
3526 2
3527 3
3528 3
3529 1
3530 6
3531 4
3532 2
3533 5
3534 5
3535 3
3536 1
3537 3
3538 3
3539 4
3540 4
3541 3
3542 4
3543 5
3544 7
3545 9
3546 6
3547 6
3548 5
3549 6
3550 9
3551 7
3552 7
3553 6
3554 8
3555 6
3556 4
3557 8
3558 7
3559 7
3560 10
3561 11
3562 8
3563 6
3564 6
3565 4
3566 5
3567 6
3568 5
3569 3
3570 5
3571 7
3572 9
3573 11
3574 10
3575 9
3576 9
3577 8
3578 5
3579 6
3580 8
3581 7
3582 6
3583 5
3584 6
3585 6
3586 5
3587 7
3588 7
3589 8
3590 7
3591 7
3592 6
3593 5
3594 7
3595 6
3596 5
3597 6
3598 4
3599 6
3600 5
3601 4
3602 3
3603 6
3604 9
3605 10
3606 8
3607 7
3608 8
3609 6
3610 6
3611 6
3612 4
3613 5
3614 6
3615 5
3616 3
3617 5
3618 7
3619 5
3620 4
3621 2
3622 3
3623 1
3624 3
3625 3
3626 2
3627 3
3628 3
3629 0
3630 0
3631 3
3632 3
3633 3
3634 2
3635 3
3636 1
3637 2
3638 1
3639 4
3640 4
3641 4
3642 4
3643 5
3644 5
3645 6
3646 7
3647 8
3648 8
3649 7
3650 8
3651 6
3652 5
3653 4
3654 4
3655 5
3656 5
3657 7
3658 8
3659 8
3660 9
3661 11
3662 10
3663 9
3664 6
3665 7
3666 8
3667 7
3668 6
3669 5
3670 5
3671 5
3672 4
3673 5
3674 3
3675 2
3676 1
3677 4
3678 4
3679 5
3680 7
3681 8
3682 7
3683 8
3684 7
3685 9
3686 7
3687 10
3688 13
3689 11
3690 12
3691 10
3692 9
3693 6
3694 5
3695 4
3696 4
3697 1
3698 1
3699 2
3700 2
3701 3
3702 3
3703 1
3704 3
3705 4
3706 5
3707 6
3708 7
3709 7
3710 9
3711 6
3712 5
3713 2
3714 1
3715 3
3716 4
3717 5
3718 4
3719 3
3720 6
3721 7
3722 4
3723 4
3724 4
3725 4
3726 4
3727 4
3728 4
3729 2
3730 1
3731 5
3732 4
3733 6
3734 5
3735 3
3736 7
3737 8
3738 6
3739 5
3740 3
3741 3
3742 3
3743 1
3744 4
3745 4
3746 3
3747 3
3748 6
3749 5
3750 2
3751 4
3752 6
3753 5
3754 5
3755 3
3756 1
3757 4
3758 3
3759 3
3760 2
3761 2
3762 3
3763 2
3764 5
3765 6
3766 8
3767 11
3768 10
3769 11
3770 10
3771 10
3772 10
3773 10
3774 9
3775 8
3776 8
3777 7
3778 7
3779 6
3780 7
3781 8
3782 8
3783 6
3784 6
3785 7
3786 6
3787 4
3788 2
3789 1
3790 5
3791 4
3792 6
3793 5
3794 5
3795 2
3796 5
3797 5
3798 8
3799 7
3800 8
3801 8
3802 9
3803 8
3804 8
3805 9
3806 8
3807 9
3808 9
3809 9
3810 11
3811 12
3812 11
3813 9
3814 7
3815 8
3816 9
3817 9
3818 10
3819 9
3820 8
3821 7
3822 8
3823 9
3824 10
3825 9
3826 8
3827 7
3828 6
3829 6
3830 5
3831 4
3832 2
3833 4
3834 2
3835 2
3836 3
3837 2
3838 2
3839 4
3840 4
3841 5
3842 6
3843 6
3844 8
3845 9
3846 7
3847 7
3848 7
3849 8
3850 7
3851 9
3852 10
3853 12
3854 13
3855 13
3856 16
3857 13
3858 14
3859 12
3860 12
3861 11
3862 10
3863 11
3864 10
3865 9
3866 11
3867 12
3868 13
3869 11
3870 10
3871 10
3872 11
3873 12
3874 12
3875 11
3876 9
3877 8
3878 8
3879 9
3880 8
3881 6
3882 4
3883 5
3884 5
3885 6
3886 7
3887 5
3888 6
3889 4
3890 4
3891 2
3892 3
3893 4
3894 5
3895 6
3896 7
3897 6
3898 4
3899 2
3900 4
3901 3
3902 4
3903 5
3904 4
3905 4
3906 5
3907 7
3908 7
3909 8
3910 5
3911 5
3912 7
3913 8
3914 8
3915 9
3916 12
3917 11
3918 11
3919 11
3920 12
3921 12
3922 12
3923 12
3924 13
3925 14
3926 12
3927 12
3928 13
3929 13
3930 11
3931 11
3932 12
3933 13
3934 13
3935 13
3936 14
3937 11
3938 9
3939 7
3940 6
3941 8
3942 5
3943 8
3944 8
3945 7
3946 11
3947 11
3948 9
3949 11
3950 9
3951 11
3952 12
3953 10
3954 8
3955 10
3956 11
3957 9
3958 7
3959 6
3960 7
3961 8
3962 7
3963 8
3964 8
3965 8
3966 7
3967 5
3968 7
3969 10
3970 10
3971 10
3972 8
3973 11
3974 12
3975 12
3976 12
3977 10
3978 12
3979 13
3980 14
3981 13
3982 11
3983 11
3984 10
3985 9
3986 7
3987 8
3988 5
3989 6
3990 7
3991 7
3992 7
3993 8
3994 7
3995 9
3996 9
3997 10
3998 10
3999 10
4000 9
4001 7
4002 8
4003 10
4004 11
4005 9
4006 9
4007 9
4008 9
4009 9
4010 7
4011 7
4012 6
4013 4
4014 4
4015 2
4016 1
4017 1
4018 5
4019 6
4020 7
4021 7
4022 5
4023 3
4024 2
4025 1
4026 3
4027 2
4028 4
4029 2
4030 4
4031 3
4032 2
4033 1
4034 2
4035 2
4036 4
4037 5
4038 3
4039 6
4040 7
4041 8
4042 7
4043 7
4044 7
4045 7
4046 7
4047 8
4048 6
4049 6
4050 8
4051 8
4052 8
4053 7
4054 5
4055 4
4056 3
4057 3
4058 5
4059 3
4060 4
4061 4
4062 7
4063 7
4064 6
4065 5
4066 7
4067 6
4068 6
4069 8
4070 8
4071 8
4072 7
4073 6
4074 6
4075 5
4076 4
4077 5
4078 5
4079 2
4080 2
4081 4
4082 4
4083 8
4084 8
4085 10
4086 11
4087 10
4088 10
4089 8
4090 6
4091 5
4092 7
4093 9
4094 9
4095 10
4096 7
4097 8
4098 10
4099 11
4100 9
4101 10
4102 11
4103 9
4104 8
4105 8
4106 7
4107 8
4108 7
4109 9
4110 8
4111 7
4112 7
4113 7
4114 6
4115 5
4116 4
4117 5
4118 6
4119 7
4120 6
4121 5
4122 3
4123 6
4124 6
4125 6
4126 6
4127 5
4128 4
4129 1
4130 1
4131 2
4132 2
4133 3
4134 3
4135 2
4136 0
4137 2
4138 3
4139 2
4140 8
4141 9
4142 8
4143 9
4144 9
4145 9
4146 12
4147 13
4148 15
4149 12
4150 12
4151 13
4152 13
4153 15
4154 12
4155 15
4156 12
4157 12
4158 12
4159 11
4160 9
4161 8
4162 6
4163 6
4164 7
4165 6
4166 7
4167 8
4168 8
4169 8
4170 11
4171 11
4172 10
4173 10
4174 12
4175 11
4176 8
4177 8
4178 5
4179 4
4180 3
4181 4
4182 4
4183 4
4184 3
4185 6
4186 6
4187 7
4188 8
4189 8
4190 8
4191 6
4192 3
4193 4
4194 4
4195 5
4196 6
4197 8
4198 6
4199 7
4200 7
4201 10
4202 8
4203 10
4204 10
4205 10
4206 12
4207 11
4208 9
4209 8
4210 9
4211 9
4212 12
4213 11
4214 12
4215 11
4216 13
4217 11
4218 10
4219 9
4220 8
4221 11
4222 13
4223 13
4224 12
4225 11
4226 8
4227 5
4228 4
4229 2
4230 6
4231 5
4232 6
4233 6
4234 6
4235 5
4236 7
4237 6
4238 6
4239 5
4240 2
4241 3
4242 3
4243 3
4244 5
4245 7
4246 7
4247 7
4248 8
4249 7
4250 6
4251 7
4252 8
4253 7
4254 6
4255 9
4256 8
4257 7
4258 7
4259 7
4260 7
4261 9
4262 11
4263 12
4264 11
4265 10
4266 11
4267 12
4268 14
4269 13
4270 11
4271 12
4272 13
4273 13
4274 11
4275 11
4276 9
4277 11
4278 14
4279 13
4280 14
4281 16
4282 13
4283 13
4284 14
4285 13
4286 13
4287 14
4288 11
4289 10
4290 8
4291 7
4292 6
4293 7
4294 6
4295 7
4296 9
4297 10
4298 13
4299 11
4300 12
4301 14
4302 18
4303 15
4304 12
4305 14
4306 12
4307 10
4308 12
4309 13
4310 10
4311 11
4312 11
4313 10
4314 9
4315 10
4316 9
4317 9
4318 9
4319 10
4320 12
4321 14
4322 13
4323 13
4324 15
4325 12
4326 11
4327 9
4328 6
4329 6
4330 5
4331 5
4332 4
4333 4
4334 3
4335 4
4336 5
4337 8
4338 8
4339 6
4340 5
4341 7
4342 6
4343 4
4344 5
4345 4
4346 5
4347 3
4348 2
4349 3
4350 3
4351 6
4352 7
4353 8
4354 9
4355 10
4356 10
4357 10
4358 7
4359 7
4360 7
4361 6
4362 5
4363 5
4364 6
4365 6
4366 6
4367 4
4368 3
4369 4
4370 4
4371 2
4372 2
4373 2
4374 5
4375 5
4376 3
4377 3
4378 2
4379 3
4380 2
4381 5
4382 6
4383 5
4384 3
4385 3
4386 2
4387 0
4388 2
4389 1
4390 2
4391 3
4392 1
4393 3
4394 2
4395 3
4396 2
4397 4
4398 3
4399 1
4400 3
4401 2
4402 4
4403 3
4404 4
4405 5
4406 4
4407 5
4408 7
4409 6
4410 5
4411 5
4412 5
4413 6
4414 4
4415 4
4416 5
4417 7
4418 8
4419 6
4420 6
4421 6
4422 7
4423 8
4424 8
4425 7
4426 5
4427 6
4428 4
4429 6
4430 7
4431 5
4432 7
4433 8
4434 8
4435 5
4436 6
4437 7
4438 8
4439 6
4440 7
4441 5
4442 6
4443 7
4444 9
4445 7
4446 6
4447 5
4448 7
4449 8
4450 8
4451 7
4452 8
4453 8
4454 8
4455 8
4456 8
4457 8
4458 7
4459 7
4460 6
4461 5
4462 6
4463 5
4464 4
4465 6
4466 7
4467 9
4468 7
4469 5
4470 5
4471 4
4472 3
4473 3
4474 3
4475 3
4476 5
4477 7
4478 5
4479 4
4480 4
4481 4
4482 4
4483 3
4484 4
4485 3
4486 2
4487 4
4488 4
4489 4
4490 2
4491 2
4492 2
4493 2
4494 4
4495 2
4496 2
4497 2
4498 1
4499 5
4500 5
4501 3
4502 0
4503 4
4504 3
4505 5
4506 3
4507 2
4508 2
4509 2
4510 3
4511 4
4512 4
4513 3
4514 1
4515 3
4516 1
4517 4
4518 6
4519 6
4520 8
4521 8
4522 9
4523 8
4524 5
4525 6
4526 5
4527 5
4528 3
4529 2
4530 3
4531 2
4532 3
4533 3
4534 4
4535 4
4536 6
4537 7
4538 7
4539 6
4540 3
4541 4
4542 5
4543 5
4544 5
4545 4
4546 5
4547 5
4548 6
4549 7
4550 6
4551 5
4552 3
4553 3
4554 4
4555 5
4556 5
4557 5
4558 6
4559 4
4560 5
4561 6
4562 6
4563 6
4564 7
4565 6
4566 4
4567 4
4568 2
4569 4
4570 4
4571 6
4572 6
4573 5
4574 5
4575 6
4576 4
4577 3
4578 3
4579 2
4580 2
4581 1
4582 3
4583 5
4584 5
4585 4
4586 6
4587 5
4588 7
4589 8
4590 7
4591 5
4592 5
4593 5
4594 3
4595 1
4596 3
4597 5
4598 4
4599 3
4600 3
4601 4
4602 3
4603 5
4604 5
4605 5
4606 5
4607 6
4608 3
4609 3
4610 4
4611 4
4612 4
4613 5
4614 5
4615 3
4616 4
4617 4
4618 2
4619 1
4620 1
4621 1
4622 2
4623 4
4624 7
4625 6
4626 5
4627 5
4628 8
4629 8
4630 10
4631 9
4632 7
4633 5
4634 5
4635 4
4636 4
4637 5
4638 2
4639 5
4640 5
4641 7
4642 7
4643 6
4644 8
4645 7
4646 7
4647 8
4648 8
4649 8
4650 12
4651 11
4652 11
4653 10
4654 9
4655 9
4656 8
4657 6
4658 6
4659 7
4660 10
4661 9
4662 9
4663 7
4664 6
4665 5
4666 4
4667 6
4668 5
4669 5
4670 6
4671 6
4672 6
4673 7
4674 7
4675 7
4676 6
4677 4
4678 2
4679 0
4680 0
4681 0
4682 2
4683 4
4684 4
4685 5
4686 4
4687 2
4688 4
4689 6
4690 9
4691 11
4692 10
4693 10
4694 11
4695 12
4696 12
4697 13
4698 13
4699 12
4700 12
4701 13
4702 13
4703 13
4704 12
4705 12
4706 12
4707 14
4708 13
4709 10
4710 11
4711 10
4712 12
4713 13
4714 14
4715 14
4716 14
4717 14
4718 13
4719 12
4720 10
4721 7
4722 6
4723 7
4724 8
4725 7
4726 7
4727 5
4728 5
4729 4
4730 1
4731 1
4732 4
4733 4
4734 5
4735 5
4736 5
4737 5
4738 4
4739 3
4740 3
4741 4
4742 3
4743 2
4744 5
4745 5
4746 4
4747 5
4748 3
4749 2
4750 2
4751 3
4752 2
4753 2
4754 3
4755 5
4756 5
4757 4
4758 3
4759 1
4760 2
4761 0
4762 2
4763 3
4764 4
4765 2
4766 2
4767 5
4768 7
4769 6
4770 6
4771 7
4772 7
4773 7
4774 6
4775 7
4776 8
4777 11
4778 11
4779 12
4780 11
4781 10
4782 10
4783 12
4784 11
4785 10
4786 11
4787 11
4788 9
4789 11
4790 12
4791 12
4792 11
4793 10
4794 10
4795 11
4796 12
4797 12
4798 14
4799 14
4800 13
4801 16
4802 13
4803 14
4804 16
4805 13
4806 12
4807 13
4808 15
4809 12
4810 11
4811 12
4812 12
4813 11
4814 11
4815 10
4816 12
4817 12
4818 13
4819 15
4820 12
4821 11
4822 10
4823 10
4824 10
4825 9
4826 8
4827 10
4828 9
4829 10
4830 11
4831 12
4832 10
4833 11
4834 12
4835 13
4836 16
4837 13
4838 13
4839 12
4840 9
4841 8
4842 6
4843 4
4844 4
4845 2
4846 4
4847 3
4848 2
4849 4
4850 3
4851 2
4852 3
4853 3
4854 2
4855 4
4856 5
4857 4
4858 4
4859 4
4860 2
4861 5
4862 4
4863 4
4864 4
4865 4
4866 5
4867 5
4868 4
4869 4
4870 3
4871 5
4872 4
4873 3
4874 2
4875 3
4876 3
4877 2
4878 4
4879 5
4880 8
4881 9
4882 10
4883 11
4884 11
4885 11
4886 13
4887 14
4888 16
4889 13
4890 17
4891 14
4892 13
4893 12
4894 11
4895 10
4896 11
4897 10
4898 10
4899 9
4900 7
4901 6
4902 5
4903 6
4904 6
4905 6
4906 5
4907 5
4908 6
4909 5
4910 3
4911 2
4912 4
4913 5
4914 5
4915 7
4916 8
4917 9
4918 10
4919 12
4920 12
4921 14
4922 13
4923 13
4924 15
4925 12
4926 11
4927 13
4928 10
4929 11
4930 12
4931 12
4932 10
4933 12
4934 10
4935 12
4936 11
4937 9
4938 11
4939 11
4940 11
4941 9
4942 9
4943 10
4944 11
4945 9
4946 9
4947 11
4948 11
4949 10
4950 10
4951 10
4952 9
4953 10
4954 11
4955 11
4956 11
4957 9
4958 6
4959 6
4960 7
4961 8
4962 8
4963 7
4964 9
4965 8
4966 8
4967 7
4968 7
4969 8
4970 9
4971 10
4972 10
4973 8
4974 7
4975 6
4976 5
4977 6
4978 5
4979 4
4980 5
4981 6
4982 8
4983 6
4984 7
4985 6
4986 4
4987 5
4988 4
4989 3
4990 2
4991 4
4992 3
4993 1
4994 1
4995 5
4996 2
4997 5
4998 2
4999 2
5000 5
5001 6
5002 3
5003 4
5004 6
5005 6
5006 6
5007 6
5008 5
5009 5
5010 5
5011 5
5012 3
5013 4
5014 5
5015 4
5016 3
5017 3
5018 5
5019 5
5020 5
5021 5
5022 7
5023 5
5024 5
5025 5
5026 3
5027 3
5028 3
5029 2
5030 2
5031 3
5032 4
5033 8
5034 7
5035 7
5036 7
5037 8
5038 8
5039 11
5040 12
5041 13
5042 16
5043 13
5044 12
5045 13
5046 15
5047 12
5048 13
5049 13
5050 12
5051 11
5052 14
5053 14
5054 16
5055 13
5056 13
5057 17
5058 14
5059 14
5060 15
5061 12
5062 10
5063 10
5064 10
5065 10
5066 12
5067 11
5068 9
5069 9
5070 10
5071 9
5072 7
5073 7
5074 6
5075 8
5076 6
5077 6
5078 9
5079 8
5080 9
5081 11
5082 12
5083 12
5084 13
5085 14
5086 14
5087 12
5088 16
5089 13
5090 13
5091 13
5092 14
5093 13
5094 13
5095 12
5096 13
5097 16
5098 13
5099 15
5100 12
5101 12
5102 12
5103 13
5104 12
5105 13
5106 13
5107 12
5108 13
5109 13
5110 11
5111 11
5112 12
5113 10
5114 10
5115 9
5116 9
5117 10
5118 10
5119 8
5120 6
5121 4
5122 3
5123 2
5124 1
5125 1
5126 2
5127 3
5128 1
5129 3
5130 6
5131 6
5132 8
5133 8
5134 9
5135 8
5136 6
5137 5
5138 4
5139 4
5140 4
5141 3
5142 2
5143 2
5144 3
5145 3
5146 5
5147 3
5148 2
5149 3
5150 3
5151 4
5152 5
5153 6
5154 5
5155 4
5156 5
5157 3
5158 3
5159 4
5160 2
5161 4
5162 3
5163 4
5164 3
5165 4
5166 5
5167 5
5168 7
5169 9
5170 10
5171 16
5172 13
5173 13
5174 14
5175 13
5176 12
5177 11
5178 11
5179 12
5180 12
5181 12
5182 14
5183 15
5184 12
5185 10
5186 8
5187 7
5188 9
5189 11
5190 10
5191 10
5192 8
5193 8
5194 12
5195 12
5196 11
5197 10
5198 9
5199 7
5200 8
5201 8
5202 8
5203 7
5204 7
5205 4
5206 5
5207 5
5208 6
5209 7
5210 8
5211 7
5212 8
5213 7
5214 6
5215 6
5216 6
5217 5
5218 4
5219 4
5220 5
5221 5
5222 2
5223 2
5224 2
5225 4
5226 4
5227 3
5228 2
5229 5
5230 5
5231 4
5232 4
5233 2
5234 3
5235 3
5236 2
5237 4
5238 2
5239 4
5240 3
5241 2
5242 2
5243 0
5244 3
5245 0
5246 1
5247 3
5248 3
5249 2
5250 5
5251 7
5252 5
5253 8
5254 6
5255 5
5256 6
5257 6
5258 5
5259 4
5260 2
5261 3
5262 4
5263 5
5264 7
5265 7
5266 5
5267 6
5268 5
5269 6
5270 4
5271 4
5272 4
5273 6
5274 4
5275 1
5276 5
5277 5
5278 5
5279 8
5280 8
5281 7
5282 6
5283 6
5284 6
5285 10
5286 9
5287 8
5288 8
5289 9
5290 8
5291 6
5292 7
5293 9
5294 9
5295 9
5296 6
5297 5
5298 7
5299 5
5300 7
5301 6
5302 5
5303 4
5304 4
5305 3
5306 3
5307 1
5308 3
5309 5
5310 3
5311 2
5312 2
5313 3
5314 3
5315 4
5316 6
5317 8
5318 7
5319 7
5320 6
5321 5
5322 6
5323 5
5324 3
5325 2
5326 5
5327 2
5328 3
5329 3
5330 2
5331 1
5332 3
5333 4
5334 5
5335 5
5336 5
5337 2
5338 1
5339 2
5340 5
5341 5
5342 5
5343 2
5344 0
5345 3
5346 2
5347 5
5348 7
5349 7
5350 9
5351 8
5352 7
5353 6
5354 6
5355 6
5356 7
5357 8
5358 8
5359 11
5360 13
5361 11
5362 9
5363 7
5364 9
5365 9
5366 7
5367 5
5368 5
5369 4
5370 3
5371 4
5372 5
5373 5
5374 6
5375 4
5376 6
5377 5
5378 2
5379 5
5380 4
5381 4
5382 3
5383 0
5384 3
5385 4
5386 6
5387 5
5388 3
5389 3
5390 2
5391 6
5392 4
5393 3
5394 2
5395 2
5396 5
5397 6
5398 6
5399 5
5400 5
5401 3
5402 1
5403 2
5404 4
5405 4
5406 4
5407 4
5408 4
5409 3
5410 3
5411 4
5412 3
5413 4
5414 4
5415 2
5416 2
5417 2
5418 6
5419 5
5420 4
5421 2
5422 5
5423 4
5424 6
5425 6
5426 6
5427 10
5428 7
5429 7
5430 8
5431 6
5432 4
5433 5
5434 8
5435 9
5436 10
5437 12
5438 12
5439 10
5440 9
5441 9
5442 9
5443 9
5444 7
5445 6
5446 6
5447 8
5448 8
5449 10
5450 10
5451 8
5452 7
5453 7
5454 7
5455 5
5456 5
5457 4
5458 1
5459 2
5460 4
5461 3
5462 6
5463 6
5464 9
5465 9
5466 7
5467 7
5468 7
5469 8
5470 8
5471 9
5472 8
5473 7
5474 7
5475 8
5476 6
5477 7
5478 8
5479 10
5480 10
5481 11
5482 10
5483 12
5484 12
5485 12
5486 10
5487 13
5488 14
5489 15
5490 12
5491 11
5492 9
5493 9
5494 9
5495 11
5496 13
5497 11
5498 11
5499 11
5500 10
5501 10
5502 8
5503 6
5504 5
5505 5
5506 9
5507 11
5508 11
5509 8
5510 5
5511 8
5512 9
5513 8
5514 9
5515 11
5516 10
5517 13
5518 15
5519 12
5520 9
5521 8
5522 9
5523 9
5524 8
5525 9
5526 9
5527 7
5528 7
5529 4
5530 6
5531 6
5532 4
5533 4
5534 3
5535 4
5536 4
5537 4
5538 4
5539 5
5540 4
5541 5
5542 8
5543 7
5544 7
5545 7
5546 6
5547 7
5548 8
5549 7
5550 7
5551 6
5552 6
5553 6
5554 6
5555 6
5556 8
5557 8
5558 5
5559 3
5560 0
5561 3
5562 4
5563 2
5564 2
5565 3
5566 3
5567 3
5568 3
5569 2
5570 2
5571 3
5572 2
5573 4
5574 4
5575 3
5576 3
5577 1
5578 3
5579 7
5580 6
5581 7
5582 7
5583 5
5584 7
5585 8
5586 8
5587 8
5588 8
5589 7
5590 5
5591 3
5592 1
5593 3
5594 3
5595 1
5596 4
5597 7
5598 9
5599 8
5600 7
5601 7
5602 7
5603 8
5604 9
5605 8
5606 11
5607 11
5608 8
5609 9
5610 11
5611 12
5612 16
5613 13
5614 12
5615 11
5616 10
5617 10
5618 11
5619 15
5620 12
5621 12
5622 12
5623 10
5624 10
5625 9
5626 7
5627 8
5628 9
5629 11
5630 10
5631 10
5632 11
5633 11
5634 11
5635 11
5636 9
5637 9
5638 7
5639 8
5640 7
5641 6
5642 7
5643 6
5644 5
5645 5
5646 5
5647 3
5648 6
5649 5
5650 3
5651 4
5652 3
5653 2
5654 6
5655 7
5656 7
5657 7
5658 7
5659 9
5660 9
5661 6
5662 6
5663 6
5664 8
5665 8
5666 7
5667 5
5668 6
5669 5
5670 6
5671 7
5672 6
5673 6
5674 7
5675 6
5676 4
5677 3
5678 4
5679 5
5680 8
5681 10
5682 10
5683 9
5684 9
5685 10
5686 9
5687 9
5688 10
5689 9
5690 6
5691 6
5692 7
5693 6
5694 4
5695 5
5696 3
5697 2
5698 2
5699 5
5700 5
5701 4
5702 4
5703 4
5704 2
5705 4
5706 4
5707 3
5708 2
5709 2
5710 3
5711 2
5712 5
5713 4
5714 4
5715 2
5716 2
5717 4
5718 4
5719 4
5720 8
5721 5
5722 4
5723 4
5724 4
5725 2
5726 1
5727 3
5728 2
5729 5
5730 8
5731 7
5732 9
5733 10
5734 8
5735 10
5736 11
5737 14
5738 12
5739 11
5740 14
5741 12
5742 13
5743 12
5744 11
5745 10
5746 9
5747 7
5748 6
5749 8
5750 10
5751 8
5752 6
5753 7
5754 6
5755 8
5756 7
5757 5
5758 6
5759 4
5760 4
5761 6
5762 8
5763 7
5764 8
5765 7
5766 8
5767 8
5768 6
5769 4
5770 2
5771 1
5772 3
5773 3
5774 2
5775 5
5776 5
5777 7
5778 7
5779 8
5780 5
5781 5
5782 5
5783 3
5784 2
5785 3
5786 2
5787 3
5788 2
5789 1
5790 3
5791 2
5792 3
5793 5
5794 4
5795 5
5796 5
5797 5
5798 6
5799 6
5800 4
5801 3
5802 3
5803 4
5804 4
5805 1
5806 2
5807 2
5808 2
5809 4
5810 4
5811 4
5812 7
5813 8
5814 8
5815 8
5816 6
5817 7
5818 6
5819 6
5820 7
5821 5
5822 7
5823 8
5824 7
5825 8
5826 9
5827 8
5828 7
5829 7
5830 8
5831 11
5832 14
5833 13
5834 12
5835 12
5836 15
5837 12
5838 12
5839 12
5840 10
5841 12
5842 12
5843 13
5844 13
5845 12
5846 12
5847 11
5848 11
5849 10
5850 9
5851 7
5852 7
5853 7
5854 8
5855 7
5856 9
5857 9
5858 6
5859 9
5860 9
5861 8
5862 7
5863 9
5864 9
5865 8
5866 8
5867 7
5868 7
5869 7
5870 7
5871 8
5872 8
5873 8
5874 8
5875 9
5876 9
5877 8
5878 7
5879 7
5880 6
5881 6
5882 4
5883 5
5884 5
5885 3
5886 4
5887 3
5888 4
5889 4
5890 6
5891 5
5892 2
5893 5
5894 5
5895 4
5896 3
5897 3
5898 2
5899 3
5900 1
5901 4
5902 2
5903 8
5904 8
5905 9
5906 7
5907 10
5908 11
5909 11
5910 12
5911 12
5912 12
5913 11
5914 11
5915 10
5916 8
5917 8
5918 7
5919 7
5920 9
5921 10
5922 12
5923 10
5924 9
5925 7
5926 10
5927 9
5928 8
5929 8
5930 10
5931 11
5932 10
5933 8
5934 6
5935 6
5936 6
5937 7
5938 7
5939 7
5940 8
5941 6
5942 8
5943 12
5944 13
5945 13
5946 12
5947 14
5948 13
5949 13
5950 11
5951 11
5952 10
5953 9
5954 11
5955 13
5956 15
5957 12
5958 12
5959 12
5960 13
5961 12
5962 12
5963 12
5964 13
5965 13
5966 10
5967 10
5968 12
5969 11
5970 11
5971 11
5972 11
5973 10
5974 9
5975 9
5976 8
5977 7
5978 6
5979 5
5980 3
5981 1
5982 3
5983 3
5984 1
5985 3
5986 4
5987 4
5988 4
5989 5
5990 3
5991 3
5992 3
5993 2
5994 1
5995 3
5996 2
5997 1
5998 5
5999 3
6000 4
6001 2
6002 2
6003 5
6004 4
6005 3
6006 3
6007 2
6008 2
6009 4
6010 2
6011 2
6012 4
6013 6
6014 6
6015 4
6016 3
6017 3
6018 7
6019 4
6020 6
6021 7
6022 6
6023 5
6024 3
6025 2
6026 4
6027 3
6028 5
6029 6
6030 5
6031 7
6032 8
6033 7
6034 7
6035 5
6036 4
6037 4
6038 3
6039 3
6040 2
6041 2
6042 2
6043 2
6044 5
6045 5
6046 6
6047 3
6048 3
6049 3
6050 3
6051 3
6052 3
6053 3
6054 1
6055 2
6056 5
6057 7
6058 7
6059 7
6060 4
6061 2
6062 3
6063 3
6064 3
6065 3
6066 4
6067 2
6068 2
6069 4
6070 3
6071 2
6072 2
6073 3
6074 3
6075 2
6076 1
6077 1
6078 3
6079 2
6080 4
6081 4
6082 2
6083 1
6084 6
6085 4
6086 5
6087 7
6088 7
6089 6
6090 7
6091 7
6092 6
6093 6
6094 9
6095 7
6096 6
6097 7
6098 7
6099 8
6100 9
6101 8
6102 8
6103 6
6104 10
6105 9
6106 7
6107 7
6108 6
6109 6
6110 7
6111 6
6112 7
6113 5
6114 6
6115 9
6116 10
6117 11
6118 11
6119 11
6120 11
6121 11
6122 13
6123 12
6124 11
6125 12
6126 12
6127 10
6128 7
6129 7
6130 7
6131 6
6132 3
6133 5
6134 4
6135 6
6136 5
6137 5
6138 3
6139 3
6140 4
6141 2
6142 2
6143 5
6144 5
6145 6
6146 5
6147 3
6148 3
6149 3
6150 3
6151 3
6152 4
6153 7
6154 6
6155 4
6156 3
6157 2
6158 4
6159 3
6160 0
6161 1
6162 4
6163 5
6164 4
6165 6
6166 7
6167 7
6168 5
6169 6
6170 4
6171 5
6172 3
6173 2
6174 4
6175 4
6176 3
6177 1
6178 2
6179 2
6180 6
6181 6
6182 7
6183 8
6184 9
6185 9
6186 11
6187 10
6188 8
6189 8
6190 9
6191 9
6192 10
6193 8
6194 8
6195 8
6196 6
6197 6
6198 4
6199 5
6200 5
6201 3
6202 4
6203 2
6204 2
6205 3
6206 2
6207 2
6208 2
6209 1
6210 0
6211 3
6212 4
6213 4
6214 3
6215 3
6216 4
6217 7
6218 6
6219 7
6220 7
6221 10
6222 12
6223 14
6224 12
6225 11
6226 10
6227 11
6228 10
6229 10
6230 11
6231 8
6232 8
6233 7
6234 6
6235 8
6236 6
6237 7
6238 7
6239 9
6240 9
6241 8
6242 8
6243 7
6244 7
6245 7
6246 7
6247 6
6248 5
6249 5
6250 4
6251 5
6252 5
6253 7
6254 4
6255 3
6256 1
6257 3
6258 1
6259 1
6260 2
6261 2
6262 3
6263 0
6264 0
6265 2
6266 1
6267 3
6268 1
6269 2
6270 3
6271 1
6272 4
6273 7
6274 6
6275 7
6276 4
6277 4
6278 5
6279 7
6280 7
6281 10
6282 9
6283 10
6284 11
6285 12
6286 12
6287 11
6288 10
6289 10
6290 8
6291 8
6292 8
6293 8
6294 8
6295 7
6296 9
6297 11
6298 10
6299 10
6300 8
6301 6
6302 8
6303 11
6304 11
6305 11
6306 12
6307 10
6308 10
6309 10
6310 11
6311 8
6312 10
6313 9
6314 9
6315 8
6316 6
6317 5
6318 9
6319 9
6320 7
6321 7
6322 5
6323 6
6324 8
6325 7
6326 7
6327 8
6328 5
6329 6
6330 6
6331 4
6332 6
6333 6
6334 6
6335 6
6336 9
6337 9
6338 6
6339 5
6340 4
6341 6
6342 6
6343 3
6344 2
6345 8
6346 9
6347 8
6348 7
6349 8
6350 7
6351 5
6352 6
6353 5
6354 7
6355 6
6356 5
6357 3
6358 4
6359 2
6360 5
6361 4
6362 6
6363 6
6364 9
6365 8
6366 8
6367 9
6368 8
6369 6
6370 5
6371 6
6372 6
6373 5
6374 4
6375 4
6376 4
6377 4
6378 6
6379 5
6380 9
6381 9
6382 9
6383 10
6384 11
6385 11
6386 12
6387 11
6388 11
6389 12
6390 13
6391 10
6392 9
6393 8
6394 8
6395 9
6396 7
6397 8
6398 8
6399 8
6400 6
6401 5
6402 6
6403 6
6404 4
6405 1
6406 3
6407 4
6408 6
6409 6
6410 10
6411 10
6412 9
6413 10
6414 9
6415 10
6416 10
6417 9
6418 11
6419 10
6420 9
6421 8
6422 9
6423 8
6424 7
6425 4
6426 3
6427 3
6428 3
6429 2
6430 3
6431 3
6432 6
6433 6
6434 6
6435 6
6436 6
6437 5
6438 4
6439 2
6440 3
6441 3
6442 2
6443 4
6444 6
6445 7
6446 10
6447 8
6448 11
6449 10
6450 10
6451 11
6452 11
6453 12
6454 11
6455 11
6456 9
6457 10
6458 8
6459 8
6460 8
6461 9
6462 8
6463 5
6464 4
6465 4
6466 3
6467 3
6468 1
6469 5
6470 3
6471 0
6472 3
6473 2
6474 6
6475 5
6476 6
6477 7
6478 7
6479 7
6480 5
6481 4
6482 3
6483 1
6484 6
6485 5
6486 3
6487 4
6488 6
6489 7
6490 6
6491 7
6492 8
6493 11
6494 13
6495 12
6496 13
6497 14
6498 16
6499 13
6500 11
6501 13
6502 12
6503 13
6504 15
6505 12
6506 11
6507 12
6508 11
6509 12
6510 12
6511 12
6512 11
6513 12
6514 11
6515 11
6516 11
6517 11
6518 11
6519 13
6520 14
6521 13
6522 16
6523 13
6524 13
6525 12
6526 12
6527 11
6528 10
6529 10
6530 11
6531 11
6532 11
6533 9
6534 10
6535 10
6536 8
6537 8
6538 7
6539 5
6540 7
6541 9
6542 10
6543 11
6544 10
6545 12
6546 12
6547 11
6548 12
6549 13
6550 13
6551 13
6552 13
6553 13
6554 14
6555 14
6556 12
6557 11
6558 10
6559 10
6560 12
6561 10
6562 13
6563 13
6564 14
6565 15
6566 12
6567 12
6568 13
6569 12
6570 11
6571 10
6572 12
6573 10
6574 13
6575 14
6576 13
6577 14
6578 14
6579 14
6580 15
6581 12
6582 12
6583 10
6584 9
6585 9
6586 13
6587 13
6588 12
6589 13
6590 12
6591 12
6592 12
6593 13
6594 15
6595 12
6596 14
6597 15
6598 12
6599 13
6600 12
6601 14
6602 11
6603 11
6604 9
6605 9
6606 8
6607 7
6608 7
6609 9
6610 12
6611 11
6612 11
6613 9
6614 10
6615 11
6616 12
6617 12
6618 12
6619 13
6620 14
6621 14
6622 15
6623 12
6624 11
6625 12
6626 11
6627 12
6628 13
6629 13
6630 12
6631 11
6632 12
6633 11
6634 13
6635 12
6636 12
6637 14
6638 14
6639 15
6640 12
6641 13
6642 13
6643 13
6644 13
6645 12
6646 10
6647 11
6648 12
6649 11
6650 12
6651 9
6652 8
6653 5
6654 5
6655 3
6656 3
6657 3
6658 0
6659 2
6660 5
6661 3
6662 3
6663 4
6664 5
6665 4
6666 5
6667 5
6668 6
6669 4
6670 3
6671 2
6672 2
6673 1
6674 3
6675 3
6676 4
6677 1
6678 2
6679 2
6680 1
6681 4
6682 3
6683 4
6684 4
6685 6
6686 6
6687 6
6688 6
6689 6
6690 4
6691 1
6692 2
6693 1
6694 1
6695 5
6696 6
6697 7
6698 7
6699 6
6700 6
6701 6
6702 7
6703 6
6704 5
6705 5
6706 3
6707 2
6708 5
6709 7
6710 8
6711 6
6712 7
6713 7
6714 6
6715 6
6716 6
6717 6
6718 5
6719 5
6720 6
6721 6
6722 8
6723 8
6724 7
6725 6
6726 6
6727 5
6728 2
6729 5
6730 5
6731 6
6732 8
6733 8
6734 9
6735 11
6736 11
6737 9
6738 8
6739 8
6740 9
6741 10
6742 10
6743 11
6744 10
6745 8
6746 6
6747 3
6748 1
6749 1
6750 2
6751 0
6752 6
6753 6
6754 5
6755 6
6756 7
6757 5
6758 4
6759 4
6760 5
6761 7
6762 8
6763 7
6764 6
6765 7
6766 6
6767 6
6768 6
6769 4
6770 4
6771 6
6772 8
6773 9
6774 11
6775 10
6776 10
6777 11
6778 10
6779 10
6780 10
6781 12
6782 12
6783 14
6784 14
6785 16
6786 13
6787 11
6788 10
6789 9
6790 10
6791 9
6792 10
6793 12
6794 12
6795 13
6796 14
6797 13
6798 13
6799 14
6800 14
6801 13
6802 14
6803 14
6804 14
6805 12
6806 12
6807 12
6808 13
6809 16
6810 13
6811 12
6812 12
6813 13
6814 11
6815 10
6816 13
6817 13
6818 13
6819 13
6820 13
6821 11
6822 11
6823 10
6824 10
6825 9
6826 10
6827 9
6828 8
6829 6
6830 4
6831 2
6832 1
6833 4
6834 1
6835 3
6836 3
6837 1
6838 3
6839 3
6840 3
6841 4
6842 4
6843 8
6844 6
6845 4
6846 7
6847 6
6848 4
6849 4
6850 4
6851 3
6852 1
6853 6
6854 5
6855 9
6856 10
6857 9
6858 9
6859 11
6860 13
6861 11
6862 11
6863 11
6864 10
6865 9
6866 10
6867 8
6868 10
6869 10
6870 12
6871 12
6872 11
6873 11
6874 12
6875 13
6876 13
6877 14
6878 14
6879 18
6880 15
6881 12
6882 11
6883 13
6884 12
6885 10
6886 10
6887 11
6888 10
6889 12
6890 13
6891 12
6892 11
6893 13
6894 15
6895 12
6896 10
6897 11
6898 12
6899 11
6900 11
6901 11
6902 11
6903 11
6904 10
6905 10
6906 8
6907 8
6908 7
6909 7
6910 6
6911 8
6912 8
6913 7
6914 9
6915 7
6916 7
6917 9
6918 8
6919 8
6920 7
6921 10
6922 9
6923 7
6924 7
6925 9
6926 10
6927 10
6928 12
6929 12
6930 11
6931 10
6932 9
6933 9
6934 11
6935 11
6936 13
6937 14
6938 16
6939 13
6940 12
6941 9
6942 10
6943 10
6944 11
6945 10
6946 8
6947 7
6948 7
6949 6
6950 6
6951 6
6952 6
6953 6
6954 4
6955 3
6956 0
6957 2
6958 2
6959 2
6960 4
6961 5
6962 5
6963 8
6964 5
6965 5
6966 7
6967 10
6968 10
6969 10
6970 9
6971 11
6972 11
6973 11
6974 10
6975 9
6976 8
6977 10
6978 11
6979 12
6980 11
6981 10
6982 8
6983 8
6984 7
6985 7
6986 7
6987 9
6988 10
6989 11
6990 13
6991 14
6992 12
6993 12
6994 14
6995 14
6996 14
6997 14
6998 13
6999 14
7000 12
7001 12
7002 13
7003 12
7004 13
7005 14
7006 15
7007 12
7008 10
7009 12
7010 12
7011 13
7012 15
7013 12
7014 12
7015 14
7016 12
7017 12
7018 12
7019 11
7020 9
7021 10
7022 10
7023 10
7024 14
7025 13
7026 13
7027 12
7028 12
7029 11
7030 14
7031 14
7032 14
7033 14
7034 14
7035 17
7036 14
7037 14
7038 12
7039 17
7040 14
7041 15
7042 12
7043 12
7044 11
7045 13
7046 13
7047 14
7048 13
7049 13
7050 16
7051 13
7052 12
7053 10
7054 9
7055 11
7056 13
7057 12
7058 13
7059 14
7060 12
7061 10
7062 11
7063 10
7064 11
7065 11
7066 12
7067 13
7068 14
7069 13
7070 14
7071 15
7072 12
7073 12
7074 13
7075 13
7076 12
7077 10
7078 10
7079 10
7080 9
7081 8
7082 8
7083 9
7084 11
7085 11
7086 11
7087 12
7088 11
7089 11
7090 12
7091 14
7092 13
7093 15
7094 12
7095 13
7096 13
7097 13
7098 15
7099 12
7100 11
7101 14
7102 12
7103 11
7104 11
7105 12
7106 13
7107 13
7108 12
7109 9
7110 9
7111 9
7112 11
7113 11
7114 9
7115 8
7116 7
7117 8
7118 9
7119 8
7120 7
7121 7
7122 9
7123 9
7124 9
7125 9
7126 8
7127 7
7128 8
7129 7
7130 6
7131 5
7132 3
7133 1
7134 2
7135 3
7136 5
7137 5
7138 4
7139 5
7140 3
7141 0
7142 1
7143 3
7144 3
7145 3
7146 3
7147 3
7148 2
7149 3
7150 1
7151 2
7152 4
7153 3
7154 4
7155 5
7156 6
7157 5
7158 7
7159 7
7160 6
7161 7
7162 6
7163 4
7164 3
7165 5
7166 3
7167 3
7168 5
7169 4
7170 3
7171 0
7172 4
7173 5
7174 5
7175 7
7176 6
7177 4
7178 6
7179 3
7180 3
7181 6
7182 5
7183 6
7184 7
7185 5
7186 7
7187 7
7188 5
7189 4
7190 4
7191 4
7192 4
7193 4
7194 7
7195 7
7196 10
7197 10
7198 8
7199 10
7200 7
7201 4
7202 5
7203 6
7204 5
7205 3
7206 4
7207 2
7208 4
7209 4
7210 2
7211 2
7212 2
7213 1
7214 3
7215 5
7216 4
7217 5
7218 3
7219 1
7220 3
7221 2
7222 2
7223 2
7224 5
7225 6
7226 7
7227 6
7228 7
7229 6
7230 4
7231 6
7232 5
7233 6
7234 6
7235 6
7236 7
7237 7
7238 8
7239 8
7240 8
7241 8
7242 9
7243 8
7244 8
7245 10
7246 9
7247 12
7248 11
7249 9
7250 6
7251 7
7252 7
7253 5
7254 3
7255 2
7256 2
7257 3
7258 1
7259 3
7260 1
7261 4
7262 4
7263 5
7264 4
7265 1
7266 3
7267 5
7268 3
7269 5
7270 5
7271 4
7272 7
7273 6
7274 8
7275 7
7276 7
7277 6
7278 6
7279 5
7280 8
7281 9
7282 7
7283 7
7284 8
7285 9
7286 10
7287 12
7288 11
7289 12
7290 11
7291 13
7292 12
7293 11
7294 12
7295 12
7296 10
7297 8
7298 8
7299 11
7300 12
7301 10
7302 14
7303 12
7304 10
7305 11
7306 10
7307 8
7308 8
7309 7
7310 6
7311 9
7312 10
7313 10
7314 9
7315 12
7316 12
7317 11
7318 13
7319 13
7320 12
7321 14
7322 11
7323 10
7324 10
7325 8
7326 5
7327 5
7328 7
7329 6
7330 7
7331 8
7332 7
7333 6
7334 6
7335 3
7336 1
7337 2
7338 4
7339 5
7340 7
7341 7
7342 7
7343 8
7344 7
7345 6
7346 4
7347 2
7348 2
7349 3
7350 3
7351 3
7352 4
7353 4
7354 3
7355 1
7356 5
7357 4
7358 3
7359 1
7360 4
7361 3
7362 4
7363 7
7364 6
7365 9
7366 11
7367 12
7368 12
7369 12
7370 12
7371 13
7372 15
7373 12
7374 13
7375 14
7376 16
7377 13
7378 14
7379 12
7380 12
7381 11
7382 10
7383 12
7384 11
7385 12
7386 14
7387 18
7388 15
7389 12
7390 13
7391 14
7392 13
7393 11
7394 12
7395 14
7396 13
7397 11
7398 10
7399 10
7400 8
7401 7
7402 6
7403 7
7404 8
7405 9
7406 8
7407 7
7408 6
7409 4
7410 4
7411 7
7412 6
7413 5
7414 4
7415 4
7416 3
7417 6
7418 5
7419 4
7420 6
7421 7
7422 7
7423 6
7424 5
7425 5
7426 6
7427 5
7428 6
7429 8
7430 10
7431 11
7432 10
7433 10
7434 7
7435 5
7436 5
7437 6
7438 5
7439 5
7440 5
7441 6
7442 6
7443 5
7444 2
7445 4
7446 2
7447 2
7448 2
7449 2
7450 4
7451 3
7452 4
7453 2
7454 3
7455 2
7456 1
7457 2
7458 4
7459 7
7460 9
7461 7
7462 6
7463 5
7464 6
7465 6
7466 4
7467 3
7468 1
7469 4
7470 3
7471 4
7472 4
7473 3
7474 1
7475 4
7476 4
7477 4
7478 3
7479 2
7480 2
7481 3
7482 2
7483 1
7484 4
7485 6
7486 6
7487 6
7488 6
7489 5
7490 6
7491 9
7492 8
7493 7
7494 7
7495 8
7496 10
7497 10
7498 11
7499 10
7500 11
7501 12
7502 12
7503 13
7504 14
7505 13
7506 13
7507 15
7508 12
7509 12
7510 12
7511 13
7512 16
7513 13
7514 15
7515 12
7516 12
7517 14
7518 14
7519 15
7520 12
7521 12
7522 13
7523 13
7524 14
7525 12
7526 15
7527 12
7528 12
7529 11
7530 9
7531 11
7532 10
7533 10
7534 7
7535 5
7536 3
7537 2
7538 2
7539 3
7540 3
7541 5
7542 8
7543 8
7544 10
7545 10
7546 8
7547 7
7548 5
7549 3
7550 1
7551 1
7552 2
7553 4
7554 6
7555 8
7556 8
7557 8
7558 12
7559 13
7560 15
7561 12
7562 13
7563 12
7564 11
7565 8
7566 6
7567 4
7568 4
7569 5
7570 4
7571 3
7572 3
7573 3
7574 3
7575 2
7576 2
7577 1
7578 6
7579 5
7580 3
7581 4
7582 2
7583 3
7584 2
7585 1
7586 1
7587 4
7588 4
7589 3
7590 3
7591 4
7592 4
7593 3
7594 3
7595 6
7596 5
7597 5
7598 4
7599 5
7600 7
7601 6
7602 5
7603 4
7604 5
7605 4
7606 4
7607 3
7608 5
7609 5
7610 6
7611 6
7612 7
7613 6
7614 7
7615 6
7616 5
7617 5
7618 5
7619 6
7620 7
7621 8
7622 8
7623 8
7624 8
7625 7
7626 9
7627 8
7628 8
7629 8
7630 8
7631 8
7632 8
7633 7
7634 4
7635 4
7636 3
7637 2
7638 0
7639 2
7640 2
7641 4
7642 3
7643 3
7644 3
7645 2
7646 2
7647 1
7648 5
7649 4
7650 3
7651 2
7652 3
7653 4
7654 5
7655 5
7656 6
7657 5
7658 7
7659 7
7660 7
7661 6
7662 5
7663 6
7664 4
7665 5
7666 6
7667 6
7668 4
7669 3
7670 3
7671 2
7672 3
7673 3
7674 2
7675 1
7676 3
7677 3
7678 2
7679 3
7680 5
7681 4
7682 3
7683 4
7684 3
7685 2
7686 2
7687 6
7688 8
7689 10
7690 10
7691 11
7692 12
7693 10
7694 10
7695 11
7696 10
7697 13
7698 12
7699 13
7700 14
7701 14
7702 12
7703 13
7704 11
7705 10
7706 8
7707 5
7708 3
7709 2
7710 5
7711 4
7712 4
7713 2
7714 3
7715 1
7716 5
7717 6
7718 5
7719 6
7720 5
7721 3
7722 4
7723 3
7724 3
7725 3
7726 0
7727 4
7728 3
7729 3
7730 4
7731 3
7732 5
7733 7
7734 6
7735 3
7736 1
7737 4
7738 5
7739 4
7740 3
7741 5
7742 3
7743 3
7744 2
7745 7
7746 8
7747 8
7748 5
7749 5
7750 5
7751 5
7752 3
7753 3
7754 1
7755 2
7756 3
7757 4
7758 4
7759 3
7760 3
7761 4
7762 3
7763 3
7764 3
7765 5
7766 5
7767 3
7768 2
7769 2
7770 4
7771 3
7772 3
7773 3
7774 2
7775 7
7776 7
7777 10
7778 11
7779 12
7780 13
7781 13
7782 12
7783 12
7784 11
7785 11
7786 9
7787 7
7788 5
7789 5
7790 4
7791 4
7792 1
7793 3
7794 3
7795 5
7796 5
7797 6
7798 7
7799 8
7800 8
7801 7
7802 8
7803 10
7804 11
7805 10
7806 10
7807 10
7808 9
7809 8
7810 7
7811 9
7812 9
7813 9
7814 9
7815 10
7816 8
7817 9
7818 9
7819 9
7820 8
7821 6
7822 8
7823 9
7824 11
7825 12
7826 12
7827 11
7828 12
7829 12
7830 11
7831 12
7832 13
7833 11
7834 10
7835 10
7836 11
7837 8
7838 6
7839 5
7840 4
7841 3
7842 4
7843 2
7844 2
7845 4
7846 5
7847 5
7848 4
7849 4
7850 6
7851 9
7852 8
7853 9
7854 7
7855 8
7856 10
7857 9
7858 8
7859 9
7860 9
7861 8
7862 7
7863 4
7864 3
7865 4
7866 4
7867 4
7868 4
7869 3
7870 3
7871 2
7872 7
7873 4
7874 4
7875 3
7876 3
7877 3
7878 4
7879 4
7880 5
7881 4
7882 4
7883 3
7884 5
7885 4
7886 6
7887 5
7888 7
7889 6
7890 5
7891 4
7892 8
7893 8
7894 7
7895 7
7896 5
7897 6
7898 5
7899 5
7900 4
7901 4
7902 4
7903 6
7904 6
7905 6
7906 7
7907 4
7908 4
7909 3
7910 5
7911 5
7912 8
7913 8
7914 7
7915 7
7916 8
7917 8
7918 6
7919 6
7920 5
7921 4
7922 6
7923 3
7924 3
7925 2
7926 1
7927 5
7928 3
7929 3
7930 4
7931 2
7932 2
7933 2
7934 4
7935 4
7936 3
7937 2
7938 4
7939 3
7940 4
7941 3
7942 2
7943 5
7944 5
7945 4
7946 4
7947 3
7948 3
7949 3
7950 4
7951 4
7952 3
7953 5
7954 5
7955 4
7956 1
7957 3
7958 4
7959 5
7960 4
7961 4
7962 2
7963 3
7964 3
7965 5
7966 7
7967 8
7968 7
7969 6
7970 8
7971 9
7972 9
7973 10
7974 8
7975 6
7976 8
7977 8
7978 8
7979 7
7980 7
7981 9
7982 10
7983 12
7984 15
7985 12
7986 14
7987 12
7988 11
7989 9
7990 9
7991 8
7992 6
7993 4
7994 3
7995 1
7996 5
7997 3
7998 4
7999 5
8000 6
8001 3
8002 4
8003 7
8004 4
8005 3
8006 3
8007 2
8008 1
8009 4
8010 2
8011 5
8012 5
8013 6
8014 5
8015 5
8016 5
8017 2
8018 1
8019 3
8020 2
8021 3
8022 5
8023 4
8024 7
8025 9
8026 8
8027 5
8028 5
8029 7
8030 7
8031 5
8032 8
8033 7
8034 6
8035 8
8036 7
8037 7
8038 5
8039 5
8040 6
8041 3
8042 6
8043 5
8044 5
8045 4
8046 7
8047 6
8048 7
8049 7
8050 8
8051 11
8052 11
8053 12
8054 11
8055 11
8056 9
8057 9
8058 9
8059 10
8060 9
8061 10
8062 11
8063 9
8064 11
8065 12
8066 12
8067 15
8068 12
8069 11
8070 11
8071 11
8072 12
8073 12
8074 11
8075 14
8076 11
8077 10
8078 10
8079 10
8080 8
8081 8
8082 9
8083 10
8084 9
8085 7
8086 6
8087 6
8088 9
8089 9
8090 7
8091 7
8092 6
8093 7
8094 7
8095 6
8096 5
8097 4
8098 3
8099 5
8100 4
8101 3
8102 1
8103 2
8104 2
8105 1
8106 4
8107 5
8108 5
8109 5
8110 4
8111 2
8112 2
8113 2
8114 2
8115 2
8116 3
8117 3
8118 7
8119 8
8120 6
8121 6
8122 5
8123 9
8124 10
8125 9
8126 10
8127 10
8128 13
8129 16
8130 13
8131 11
8132 9
8133 10
8134 10
8135 9
8136 12
8137 15
8138 12
8139 12
8140 14
8141 14
8142 15
8143 12
8144 11
8145 11
8146 10
8147 8
8148 6
8149 6
8150 6
8151 4
8152 3
8153 5
8154 5
8155 5
8156 6
8157 5
8158 9
8159 10
8160 10
8161 11
8162 12
8163 10
8164 9
8165 8
8166 8
8167 9
8168 6
8169 3
8170 3
8171 3
8172 4
8173 6
8174 5
8175 6
8176 7
8177 7
8178 9
8179 7
8180 7
8181 7
8182 7
8183 9
8184 8
8185 7
8186 7
8187 5
8188 5
8189 5
8190 5
8191 6
8192 5
8193 5
8194 5
8195 4
8196 2
8197 1
8198 3
8199 2
8200 2
8201 3
8202 4
8203 3
8204 1
8205 2
8206 3
8207 5
8208 5
8209 3
8210 4
8211 1
8212 5
8213 5
8214 5
8215 5
8216 8
8217 9
8218 7
8219 7
8220 8
8221 6
8222 4
8223 4
8224 4
8225 3
8226 2
8227 2
8228 4
8229 6
8230 4
8231 1
8232 4
8233 4
8234 3
8235 4
8236 5
8237 6
8238 4
8239 4
8240 2
8241 2
8242 4
8243 5
8244 6
8245 6
8246 5
8247 3
8248 1
8249 4
8250 2
8251 1
8252 1
8253 5
8254 6
8255 5
8256 4
8257 2
8258 5
8259 6
8260 6
8261 5
8262 4
8263 6
8264 6
8265 5
8266 6
8267 7
8268 8
8269 7
8270 8
8271 9
8272 10
8273 12
8274 12
8275 14
8276 16
8277 13
8278 13
8279 11
8280 8
8281 10
8282 9
8283 12
8284 14
8285 12
8286 11
8287 11
8288 9
8289 8
8290 7
8291 7
8292 5
8293 4
8294 3
8295 4
8296 3
8297 2
8298 3
8299 1
8300 2
8301 2
8302 4
8303 6
8304 6
8305 6
8306 5
8307 4
8308 3
8309 6
8310 6
8311 4
8312 5
8313 3
8314 1
8315 6
8316 5
8317 3
8318 5
8319 3
8320 1
8321 5
8322 4
8323 4
8324 2
8325 3
8326 1
8327 3
8328 4
8329 5
8330 4
8331 4
8332 3
8333 4
8334 6
8335 6
8336 6
8337 6
8338 6
8339 5
8340 3
8341 4
8342 5
8343 6
8344 6
8345 4
8346 6
8347 7
8348 8
8349 9
8350 8
8351 11
8352 9
8353 7
8354 7
8355 6
8356 8
8357 8
8358 10
8359 10
8360 11
8361 9
8362 10
8363 11
8364 10
8365 10
8366 8
8367 7
8368 6
8369 10
8370 10
8371 11
8372 10
8373 8
8374 8
8375 9
8376 7
8377 7
8378 6
8379 6
8380 6
8381 4
8382 4
8383 4
8384 3
8385 3
8386 3
8387 4
8388 2
8389 2
8390 5
8391 4
8392 6
8393 5
8394 4
8395 3
8396 3
8397 2
8398 6
8399 5
8400 4
8401 2
8402 3
8403 2
8404 2
8405 3
8406 3
8407 5
8408 4
8409 6
8410 9
8411 7
8412 6
8413 7
8414 6
8415 5
8416 3
8417 3
8418 2
8419 3
8420 5
8421 6
8422 6
8423 4
8424 3
8425 3
8426 2
8427 3
8428 4
8429 4
8430 3
8431 4
8432 2
8433 3
8434 4
8435 3
8436 2
8437 3
8438 3
8439 0
8440 3
8441 3
8442 3
8443 4
8444 3
8445 5
8446 4
8447 4
8448 2
8449 2
8450 2
8451 5
8452 3
8453 4
8454 5
8455 5
8456 8
8457 5
8458 4
8459 3
8460 3
8461 4
8462 1
8463 2
8464 3
8465 4
8466 5
8467 4
8468 2
8469 2
8470 3
8471 2
8472 4
8473 5
8474 6
8475 3
8476 5
8477 5
8478 6
8479 5
8480 4
8481 7
8482 4
8483 6
8484 9
8485 10
8486 11
8487 10
8488 9
8489 7
8490 5
8491 5
8492 7
8493 8
8494 8
8495 11
8496 9
8497 9
8498 7
8499 6
8500 8
8501 7
8502 6
8503 5
8504 5
8505 6
8506 5
8507 5
8508 2
8509 2
8510 4
8511 4
8512 1
8513 0
8514 5
8515 3
8516 1
8517 0
8518 3
8519 5
8520 5
8521 6
8522 8
8523 9
8524 9
8525 10
8526 9
8527 11
8528 13
8529 15
8530 12
8531 9
8532 7
8533 6
8534 4
8535 4
8536 4
8537 4
8538 3
8539 2
8540 4
8541 4
8542 4
8543 4
8544 6
8545 8
8546 9
8547 9
8548 9
8549 7
8550 5
8551 5
8552 6
8553 5
8554 5
8555 8
8556 7
8557 5
8558 5
8559 3
8560 4
8561 5
8562 4
8563 2
8564 3
8565 4
8566 2
8567 2
8568 2
8569 3
8570 2
8571 3
8572 2
8573 5
8574 4
8575 5
8576 5
8577 4
8578 5
8579 5
8580 7
8581 4
8582 5
8583 7
8584 9
8585 7
8586 7
8587 4
8588 4
8589 6
8590 6
8591 5
8592 4
8593 4
8594 5
8595 5
8596 3
8597 6
8598 8
8599 8
8600 7
8601 4
8602 1
8603 5
8604 5
8605 2
8606 1
8607 3
8608 3
8609 3
8610 3
8611 2
8612 3
8613 2
8614 2
8615 5
8616 4
8617 5
8618 4
8619 5
8620 5
8621 3
8622 4
8623 3
8624 6
8625 7
8626 6
8627 4
8628 3
8629 1
8630 4
8631 6
8632 5
8633 3
8634 3
8635 2
8636 1
8637 3
8638 2
8639 3
8640 3
8641 3
8642 3
8643 4
8644 4
8645 4
8646 5
8647 5
8648 3
8649 4
8650 4
8651 4
8652 5
8653 5
8654 4
8655 3
8656 4
8657 3
8658 5
8659 5
8660 6
8661 7
8662 5
8663 6
8664 5
8665 3
8666 6
8667 7
8668 6
8669 7
8670 7
8671 5
8672 4
8673 3
8674 1
8675 4
8676 5
8677 6
8678 5
8679 7
8680 7
8681 7
8682 6
8683 8
8684 8
8685 7
8686 10
8687 12
8688 11
8689 11
8690 10
8691 9
8692 9
8693 11
8694 13
8695 12
8696 14
8697 11
8698 9
8699 12
8700 11
8701 12
8702 13
8703 12
8704 13
8705 12
8706 10
8707 9
8708 8
8709 7
8710 6
8711 6
8712 5
8713 5
8714 5
8715 6
8716 7
8717 5
8718 5
8719 7
8720 9
8721 9
8722 9
8723 8
8724 6
8725 7
8726 5
8727 8
8728 8
8729 5
8730 6
8731 7
8732 7
8733 6
8734 5
8735 3
8736 0
8737 2
8738 1
8739 3
8740 4
8741 5
8742 6
8743 5
8744 6
8745 7
8746 5
8747 7
8748 6
8749 7
8750 5
8751 5
8752 5
8753 3
8754 1
8755 4
8756 3
8757 3
8758 4
8759 3
8760 2
8761 3
8762 4
8763 3
8764 4
8765 5
8766 7
8767 8
8768 6
8769 7
8770 7
8771 6
8772 6
8773 7
8774 5
8775 7
8776 11
8777 9
8778 10
8779 11
8780 12
8781 13
8782 13
8783 14
8784 11
8785 12
8786 12
8787 11
8788 11
8789 13
8790 13
8791 13
8792 12
8793 15
8794 12
8795 10
8796 11
8797 12
8798 13
8799 16
8800 13
8801 11
8802 10
8803 9
8804 6
8805 7
8806 6
8807 6
8808 5
8809 4
8810 2
8811 3
8812 1
8813 3
8814 3
8815 3
8816 2
8817 5
8818 7
8819 7
8820 5
8821 4
8822 1
8823 2
8824 2
8825 4
8826 2
8827 2
8828 1
8829 1
8830 5
8831 5
8832 5
8833 5
8834 6
8835 6
8836 7
8837 6
8838 6
8839 4
8840 3
8841 4
8842 5
8843 6
8844 6
8845 6
8846 5
8847 5
8848 6
8849 6
8850 6
8851 4
8852 3
8853 3
8854 2
8855 2
8856 2
8857 3
8858 5
8859 3
8860 1
8861 2
8862 3
8863 2
8864 6
8865 5
8866 9
8867 8
8868 8
8869 8
8870 8
8871 6
8872 5
8873 5
8874 5
8875 6
8876 10
8877 11
8878 10
8879 8
8880 9
8881 9
8882 11
8883 9
8884 9
8885 7
8886 8
8887 9
8888 11
8889 12
8890 13
8891 12
8892 11
8893 11
8894 13
8895 14
8896 14
8897 15
8898 12
8899 10
8900 11
8901 11
8902 10
8903 9
8904 11
8905 11
8906 9
8907 10
8908 8
8909 10
8910 10
8911 10
8912 8
8913 9
8914 9
8915 7
8916 6
8917 8
8918 9
8919 7
8920 6
8921 6
8922 6
8923 3
8924 2
8925 2
8926 5
8927 3
8928 3
8929 6
8930 7
8931 5
8932 5
8933 4
8934 3
8935 4
8936 4
8937 4
8938 2
8939 5
8940 3
8941 2
8942 1
8943 1
8944 5
8945 4
8946 6
8947 4
8948 3
8949 4
8950 5
8951 5
8952 5
8953 5
8954 4
8955 5
8956 6
8957 7
8958 9
8959 9
8960 12
8961 10
8962 12
8963 12
8964 11
8965 9
8966 10
8967 8
8968 9
8969 8
8970 6
8971 5
8972 5
8973 3
8974 3
8975 3
8976 3
8977 1
8978 1
8979 0
8980 6
8981 3
8982 5
8983 9
8984 8
8985 9
8986 6
8987 4
8988 4
8989 3
8990 0
8991 2
8992 6
8993 4
8994 4
8995 7
8996 7
8997 7
8998 6
8999 6
9000 8
9001 8
9002 6
9003 5
9004 4
9005 3
9006 5
9007 4
9008 2
9009 4
9010 6
9011 6
9012 8
9013 8
9014 6
9015 7
9016 8
9017 8
9018 10
9019 10
9020 9
9021 9
9022 9
9023 9
9024 9
9025 10
9026 9
9027 8
9028 8
9029 7
9030 7
9031 6
9032 8
9033 7
9034 8
9035 10
9036 10
9037 11
9038 11
9039 12
9040 10
9041 9
9042 11
9043 11
9044 11
9045 10
9046 7
9047 6
9048 6
9049 5
9050 7
9051 5
9052 6
9053 6
9054 7
9055 5
9056 5
9057 6
9058 7
9059 7
9060 7
9061 9
9062 10
9063 10
9064 8
9065 9
9066 10
9067 10
9068 10
9069 10
9070 9
9071 9
9072 9
9073 8
9074 8
9075 8
9076 5
9077 3
9078 1
9079 5
9080 3
9081 2
9082 0
9083 1
9084 2
9085 1
9086 4
9087 2
9088 1
9089 5
9090 4
9091 4
9092 3
9093 2
9094 2
9095 3
9096 2
9097 2
9098 1
9099 4
9100 2
9101 1
9102 3
9103 0
9104 2
9105 3
9106 1
9107 2
9108 2
9109 1
9110 2
9111 5
9112 3
9113 2
9114 4
9115 6
9116 6
9117 8
9118 8
9119 10
9120 12
9121 13
9122 13
9123 14
9124 13
9125 13
9126 12
9127 11
9128 13
9129 13
9130 15
9131 12
9132 11
9133 10
9134 9
9135 11
9136 13
9137 16
9138 13
9139 14
9140 14
9141 17
9142 14
9143 13
9144 15
9145 12
9146 11
9147 11
9148 9
9149 10
9150 8
9151 7
9152 8
9153 11
9154 11
9155 11
9156 11
9157 11
9158 12
9159 13
9160 14
9161 16
9162 13
9163 13
9164 12
9165 12
9166 12
9167 11
9168 12
9169 11
9170 9
9171 7
9172 6
9173 7
9174 7
9175 8
9176 9
9177 8
9178 8
9179 10
9180 9
9181 8
9182 7
9183 4
9184 3
9185 2
9186 3
9187 5
9188 7
9189 7
9190 5
9191 6
9192 7
9193 6
9194 8
9195 11
9196 9
9197 8
9198 10
9199 10
9200 11
9201 12
9202 10
9203 9
9204 7
9205 6
9206 5
9207 6
9208 4
9209 4
9210 5
9211 5
9212 6
9213 6
9214 6
9215 4
9216 3
9217 4
9218 4
9219 4
9220 3
9221 2
9222 2
9223 4
9224 2
9225 4
9226 2
9227 5
9228 4
9229 5
9230 5
9231 4
9232 4
9233 5
9234 7
9235 9
9236 7
9237 4
9238 3
9239 2
9240 2
9241 2
9242 2
9243 3
9244 6
9245 8
9246 6
9247 8
9248 9
9249 12
9250 10
9251 12
9252 11
9253 11
9254 10
9255 9
9256 10
9257 11
9258 14
9259 11
9260 11
9261 11
9262 12
9263 12
9264 10
9265 10
9266 13
9267 13
9268 13
9269 12
9270 14
9271 16
9272 13
9273 14
9274 15
9275 12
9276 13
9277 12
9278 12
9279 12
9280 10
9281 13
9282 16
9283 13
9284 13
9285 12
9286 10
9287 10
9288 10
9289 9
9290 7
9291 7
9292 7
9293 9
9294 8
9295 5
9296 5
9297 4
9298 3
9299 5
9300 5
9301 5
9302 7
9303 7
9304 8
9305 10
9306 9
9307 7
9308 9
9309 9
9310 10
9311 11
9312 12
9313 11
9314 12
9315 12
9316 10
9317 10
9318 10
9319 9
9320 11
9321 11
9322 9
9323 8
9324 8
9325 9
9326 10
9327 11
9328 12
9329 12
9330 10
9331 10
9332 9
9333 10
9334 7
9335 5
9336 3
9337 1
9338 1
9339 4
9340 1
9341 4
9342 6
9343 7
9344 9
9345 9
9346 10
9347 10
9348 12
9349 15
9350 12
9351 13
9352 14
9353 15
9354 12
9355 10
9356 13
9357 14
9358 15
9359 12
9360 12
9361 12
9362 10
9363 11
9364 11
9365 9
9366 8
9367 7
9368 8
9369 7
9370 11
9371 9
9372 12
9373 12
9374 12
9375 11
9376 12
9377 10
9378 11
9379 12
9380 11
9381 11
9382 11
9383 13
9384 15
9385 12
9386 10
9387 10
9388 11
9389 10
9390 12
9391 16
9392 13
9393 15
9394 12
9395 15
9396 12
9397 13
9398 13
9399 14
9400 16
9401 13
9402 11
9403 9
9404 7
9405 7
9406 6
9407 8
9408 7
9409 5
9410 7
9411 5
9412 6
9413 4
9414 3
9415 4
9416 5
9417 5
9418 5
9419 4
9420 4
9421 4
9422 4
9423 1
9424 2
9425 1
9426 3
9427 0
9428 1
9429 1
9430 2
9431 3
9432 0
9433 3
9434 3
9435 3
9436 3
9437 1
9438 3
9439 3
9440 2
9441 3
9442 4
9443 6
9444 6
9445 5
9446 6
9447 5
9448 5
9449 5
9450 5
9451 5
9452 6
9453 6
9454 8
9455 9
9456 7
9457 7
9458 5
9459 6
9460 6
9461 7
9462 6
9463 5
9464 5
9465 3
9466 6
9467 6
9468 11
9469 10
9470 9
9471 10
9472 11
9473 8
9474 7
9475 10
9476 9
9477 9
9478 10
9479 8
9480 8
9481 6
9482 4
9483 5
9484 6
9485 6
9486 4
9487 5
9488 6
9489 7
9490 9
9491 11
9492 11
9493 9
9494 9
9495 9
9496 7
9497 6
9498 5
9499 7
9500 8
9501 5
9502 4
9503 3
9504 2
9505 4
9506 4
9507 4
9508 3
9509 4
9510 5
9511 6
9512 5
9513 6
9514 7
9515 11
9516 11
9517 12
9518 14
9519 15
9520 12
9521 13
9522 10
9523 11
9524 10
9525 13
9526 13
9527 15
9528 12
9529 11
9530 13
9531 10
9532 10
9533 11
9534 11
9535 9
9536 8
9537 9
9538 11
9539 11
9540 10
9541 9
9542 10
9543 9
9544 7
9545 8
9546 11
9547 10
9548 9
9549 8
9550 8
9551 8
9552 7
9553 6
9554 4
9555 4
9556 5
9557 4
9558 5
9559 6
9560 8
9561 7
9562 8
9563 8
9564 7
9565 9
9566 13
9567 10
9568 11
9569 10
9570 10
9571 9
9572 8
9573 7
9574 6
9575 5
9576 8
9577 8
9578 11
9579 13
9580 12
9581 14
9582 13
9583 13
9584 11
9585 10
9586 10
9587 8
9588 6
9589 4
9590 3
9591 2
9592 5
9593 5
9594 7
9595 7
9596 7
9597 6
9598 3
9599 2
9600 4
9601 2
9602 1
9603 4
9604 2
9605 2
9606 2
9607 4
9608 4
9609 4
9610 4
9611 5
9612 5
9613 3
9614 2
9615 1
9616 3
9617 4
9618 3
9619 1
9620 3
9621 2
9622 3
9623 3
9624 4
9625 3
9626 3
9627 1
9628 3
9629 3
9630 1
9631 2
9632 2
9633 1
9634 1
9635 2
9636 3
9637 3
9638 1
9639 2
9640 1
9641 0
9642 2
9643 3
9644 2
9645 1
9646 4
9647 4
9648 3
9649 4
9650 2
9651 6
9652 9
9653 6
9654 8
9655 8
9656 5
9657 7
9658 6
9659 6
9660 6
9661 6
9662 6
9663 5
9664 3
9665 5
9666 4
9667 3
9668 2
9669 3
9670 3
9671 6
9672 6
9673 5
9674 4
9675 1
9676 2
9677 4
9678 4
9679 4
9680 4
9681 5
9682 4
9683 3
9684 4
9685 3
9686 2
9687 0
9688 2
9689 1
9690 2
9691 3
9692 2
9693 5
9694 8
9695 8
9696 9
9697 10
9698 10
9699 13
9700 13
9701 12
9702 12
9703 13
9704 11
9705 13
9706 14
9707 13
9708 13
9709 12
9710 14
9711 13
9712 11
9713 11
9714 10
9715 12
9716 11
9717 13
9718 14
9719 15
9720 12
9721 13
9722 13
9723 12
9724 10
9725 9
9726 8
9727 8
9728 11
9729 10
9730 10
9731 10
9732 9
9733 10
9734 11
9735 11
9736 12
9737 12
9738 13
9739 13
9740 12
9741 12
9742 13
9743 15
9744 12
9745 12
9746 12
9747 12
9748 11
9749 8
9750 9
9751 11
9752 13
9753 12
9754 14
9755 14
9756 15
9757 12
9758 10
9759 9
9760 8
9761 6
9762 5
9763 6
9764 8
9765 8
9766 8
9767 8
9768 9
9769 9
9770 10
9771 10
9772 11
9773 8
9774 10
9775 10
9776 10
9777 11
9778 10
9779 13
9780 12
9781 13
9782 10
9783 9
9784 9
9785 10
9786 10
9787 11
9788 12
9789 12
9790 10
9791 8
9792 9
9793 10
9794 11
9795 12
9796 13
9797 12
9798 13
9799 11
9800 10
9801 10
9802 12
9803 12
9804 9
9805 9
9806 9
9807 8
9808 7
9809 11
9810 12
9811 12
9812 12
9813 11
9814 10
9815 12
9816 12
9817 12
9818 13
9819 12
9820 11
9821 12
9822 10
9823 9
9824 9
9825 10
9826 8
9827 8
9828 7
9829 8
9830 9
9831 10
9832 9
9833 13
9834 11
9835 12
9836 16
9837 13
9838 15
9839 12
9840 14
9841 13
9842 15
9843 12
9844 11
9845 15
9846 12
9847 10
9848 12
9849 13
9850 12
9851 12
9852 11
9853 9
9854 8
9855 8
9856 7
9857 7
9858 8
9859 8
9860 10
9861 10
9862 11
9863 12
9864 12
9865 11
9866 11
9867 11
9868 13
9869 11
9870 9
9871 9
9872 10
9873 10
9874 10
9875 13
9876 13
9877 12
9878 12
9879 15
9880 12
9881 12
9882 14
9883 11
9884 10
9885 9
9886 7
9887 5
9888 8
9889 8
9890 7
9891 8
9892 9
9893 10
9894 11
9895 10
9896 12
9897 14
9898 14
9899 14
9900 16
9901 13
9902 15
9903 12
9904 11
9905 10
9906 8
9907 9
9908 8
9909 8
9910 9
9911 10
9912 10
9913 8
9914 8
9915 5
9916 4
9917 2
9918 2
9919 1
9920 4
9921 4
9922 1
9923 4
9924 5
9925 4
9926 4
9927 3
9928 4
9929 5
9930 5
9931 3
9932 5
9933 5
9934 10
9935 12
9936 9
9937 10
9938 13
9939 12
9940 12
9941 11
9942 8
9943 9
9944 9
9945 10
9946 12
9947 11
9948 9
9949 7
9950 7
9951 8
9952 7
9953 9
9954 12
9955 11
9956 10
9957 10
9958 13
9959 12
9960 11
9961 9
9962 7
9963 7
9964 7
9965 7
9966 7
9967 8
9968 6
9969 6
9970 7
9971 5
9972 3
9973 4
9974 6
9975 6
9976 8
9977 7
9978 7
9979 7
9980 7
9981 7
9982 7
9983 7
9984 8
9985 8
9986 9
9987 8
9988 12
9989 16
9990 13
9991 12
9992 13
9993 11
9994 12
9995 11
9996 11
9997 10
9998 8
9999 7
