0 7
1 7
2 5
3 2
4 1
5 2
6 3
7 5
8 4
9 4
10 1
11 1
12 2
13 1
14 2
15 2
16 2
17 2
18 5
19 3
20 4
21 4
22 2
23 3
24 2
25 1
26 1
27 2
28 4
29 3
30 4
31 6
32 7
33 6
34 5
35 4
36 4
37 3
38 2
39 2
40 3
41 2
42 3
43 1
44 1
45 4
46 5
47 5
48 5
49 3
50 1
51 1
52 1
53 1
54 3
55 3
56 3
57 3
58 3
59 1
60 3
61 6
62 6
63 7
64 6
65 6
66 5
67 7
68 8
69 9
70 10
71 10
72 10
73 11
74 10
75 10
76 10
77 7
78 7
79 6
80 6
81 6
82 4
83 3
84 5
85 3
86 2
87 2
88 5
89 4
90 5
91 3
92 2
93 4
94 3
95 1
96 3
97 1
98 1
99 5
100 5
101 4
102 3
103 4
104 5
105 4
106 2
107 2
108 3
109 4
110 2
111 2
112 3
113 1
114 1
115 3
116 4
117 3
118 3
119 1
120 4
121 5
122 6
123 4
124 4
125 4
126 4
127 6
128 4
129 4
130 3
131 4
132 4
133 3
134 2
135 2
136 3
137 2
138 5
139 5
140 5
141 5
142 4
143 3
144 2
145 2
146 0
147 5
148 7
149 7
150 4
151 4
152 2
153 3
154 3
155 3
156 4
157 6
158 5
159 5
160 4
161 3
162 2
163 3
164 1
165 3
166 2
167 1
168 5
169 5
170 4
171 5
172 6
173 4
174 7
175 7
176 6
177 4
178 3
179 2
180 3
181 2
182 3
183 3
184 1
185 2
186 5
187 6
188 4
189 3
190 3
191 4
192 4
193 2
194 2
195 4
196 3
197 4
198 4
199 2
200 1
201 0
202 1
203 2
204 3
205 1
206 0
207 3
208 2
209 0
210 4
211 6
212 7
213 6
214 5
215 3
216 2
217 2
218 3
219 2
220 2
221 1
222 4
223 3
224 2
225 2
226 1
227 3
228 3
229 2
230 3
231 1
232 4
233 4
234 4
235 1
236 3
237 2
238 1
239 1
240 1
241 3
242 4
243 6
244 5
245 4
246 5
247 4
248 4
249 5
250 5
251 7
252 6
253 9
254 9
255 9
256 9
257 8
258 7
259 6
260 6
261 5
262 3
263 1
264 2
265 2
266 3
267 4
268 3
269 4
270 3
271 0
272 1
273 2
274 3
275 2
276 2
277 0
278 2
279 5
280 4
281 2
282 2
283 0
284 6
285 5
286 4
287 3
288 1
289 4
290 4
291 2
292 3
293 3
294 2
295 4
296 2
297 0
298 3
299 3
300 4
301 3
302 3
303 3
304 2
305 0
306 2
307 3
308 0
309 2
310 1
311 4
312 2
313 2
314 4
315 5
316 5
317 5
318 4
319 5
320 4
321 4
322 1
323 1
324 2
325 2
326 2
327 2
328 2
329 3
330 4
331 3
332 3
333 2
334 3
335 1
336 1
337 3
338 4
339 6
340 7
341 7
342 6
343 7
344 5
345 7
346 7
347 8
348 8
349 6
350 3
351 1
352 2
353 3
354 2
355 2
356 3
357 1
358 6
359 6
360 4
361 1
362 2
363 3
364 2
365 3
366 3
367 5
368 2
369 3
370 2
371 2
372 3
373 2
374 2
375 3
376 1
377 1
378 0
379 1
380 3
381 2
382 4
383 2
384 2
385 0
386 1
387 3
388 3
389 1
390 3
391 3
392 0
393 3
394 3
395 3
396 2
397 3
398 3
399 3
400 4
401 4
402 3
403 3
404 4
405 2
406 2
407 0
408 1
409 1
410 3
411 3
412 5
413 5
414 4
415 3
416 2
417 2
418 4
419 2
420 4
421 5
422 4
423 5
424 5
425 6
426 6
427 8
428 6
429 4
430 3
431 3
432 2
433 3
434 2
435 1
436 4
437 6
438 4
439 4
440 3
441 3
442 4
443 4
444 3
445 2
446 3
447 2
448 1
449 2
450 2
451 4
452 4
453 2
454 2
455 4
456 4
457 4
458 2
459 2
460 3
461 2
462 3
463 4
464 5
465 3
466 1
467 4
468 4
469 5
470 4
471 4
472 4
473 5
474 5
475 5
476 7
477 6
478 9
479 9
480 10
481 8
482 8
483 9
484 9
485 9
486 7
487 5
488 6
489 6
490 6
491 6
492 6
493 5
494 5
495 5
496 5
497 4
498 4
499 6
500 6
501 7
502 6
503 6
504 5
505 5
506 4
507 5
508 4
509 5
510 5
511 4
512 2
513 3
514 3
515 3
516 2
517 1
518 1
519 2
520 1
521 3
522 0
523 1
524 2
525 3
526 1
527 1
528 2
529 1
530 3
531 2
532 4
533 4
534 5
535 4
536 3
537 4
538 6
539 4
540 5
541 7
542 6
543 8
544 6
545 8
546 8
547 8
548 7
549 6
550 6
551 4
552 5
553 6
554 6
555 4
556 4
557 3
558 1
559 3
560 3
561 3
562 2
563 1
564 1
565 4
566 1
567 1
568 2
569 3
570 2
571 2
572 1
573 2
574 1
575 2
576 6
577 7
578 8
579 7
580 6
581 7
582 5
583 6
584 6
585 5
586 3
587 1
588 2
589 4
590 5
591 3
592 2
593 1
594 1
595 1
596 2
597 3
598 2
599 4
600 3
601 4
602 3
603 3
604 4
605 2
606 0
607 2
608 3
609 4
610 5
611 2
612 2
613 3
614 3
615 3
616 2
617 4
618 5
619 4
620 3
621 2
622 0
623 3
624 4
625 3
626 1
627 1
628 3
629 4
630 2
631 3
632 2
633 1
634 2
635 1
636 2
637 2
638 1
639 0
640 3
641 4
642 6
643 5
644 6
645 4
646 4
647 4
648 1
649 1
650 2
651 3
652 2
653 3
654 3
655 5
656 6
657 7
658 7
659 8
660 9
661 8
662 8
663 9
664 9
665 9
666 8
667 11
668 11
669 11
670 12
671 12
672 11
673 10
674 11
675 9
676 7
677 6
678 6
679 6
680 5
681 7
682 6
683 7
684 6
685 7
686 8
687 8
688 10
689 10
690 12
691 12
692 13
693 14
694 13
695 12
696 11
697 11
698 9
699 10
700 9
701 9
702 9
703 10
704 9
705 8
706 6
707 4
708 2
709 3
710 3
711 3
712 2
713 1
714 3
715 4
716 3
717 3
718 3
719 2
720 1
721 3
722 4
723 4
724 3
725 2
726 2
727 2
728 2
729 4
730 3
731 3
732 2
733 3
734 2
735 1
736 4
737 1
738 2
739 4
740 3
741 3
742 1
743 1
744 1
745 1
746 1
747 2
748 2
749 3
750 3
751 3
752 0
753 1
754 3
755 3
756 1
757 3
758 1
759 2
760 2
761 3
762 3
763 1
764 2
765 2
766 5
767 5
768 5
769 6
770 4
771 3
772 3
773 2
774 1
775 4
776 4
777 4
778 7
779 7
780 5
781 6
782 5
783 6
784 7
785 8
786 9
787 9
788 8
789 8
790 8
791 7
792 6
793 6
794 3
795 3
796 2
797 4
798 2
799 2
800 1
801 3
802 2
803 1
804 2
805 1
806 4
807 3
808 2
809 1
810 4
811 3
812 1
813 4
814 5
815 5
816 5
817 4
818 6
819 8
820 10
821 11
822 11
823 10
824 11
825 10
826 8
827 7
828 6
829 5
830 5
831 4
832 4
833 3
834 2
835 1
836 2
837 1
838 1
839 2
840 2
841 1
842 2
843 2
844 4
845 4
846 6
847 5
848 3
849 1
850 2
851 1
852 3
853 2
854 3
855 4
856 3
857 1
858 2
859 3
860 2
861 3
862 3
863 2
864 3
865 3
866 4
867 5
868 5
869 3
870 3
871 2
872 2
873 1
874 5
875 7
876 8
877 7
878 4
879 4
880 2
881 1
882 2
883 3
884 2
885 2
886 2
887 3
888 1
889 3
890 5
891 4
892 4
893 4
894 4
895 3
896 4
897 6
898 5
899 6
900 7
901 8
902 8
903 8
904 6
905 5
906 4
907 3
908 3
909 0
910 1
911 3
912 1
913 3
914 2
915 1
916 4
917 4
918 4
919 3
920 4
921 1
922 4
923 4
924 3
925 0
926 2
927 0
928 2
929 4
930 2
931 5
932 3
933 2
934 4
935 3
936 5
937 4
938 3
939 1
940 2
941 3
942 0
943 6
944 4
945 2
946 2
947 1
948 3
949 3
950 4
951 5
952 5
953 7
954 7
955 5
956 6
957 5
958 3
959 2
960 2
961 3
962 2
963 2
964 4
965 3
966 1
967 2
968 2
969 1
970 2
971 1
972 3
973 3
974 3
975 4
976 2
977 4
978 5
979 4
980 3
981 2
982 4
983 3
984 4
985 2
986 2
987 3
988 4
989 2
990 3
991 0
992 2
993 4
994 1
995 3
996 2
997 2
998 0
999 3
1000 4
1001 3
1002 2
1003 4
1004 5
1005 5
1006 3
1007 2
1008 2
1009 3
1010 2
1011 1
1012 2
1013 2
1014 1
1015 3
1016 3
1017 2
1018 3
1019 3
1020 1
1021 3
1022 1
1023 2
1024 1
1025 1
1026 3
1027 4
1028 5
1029 4
1030 2
1031 3
1032 3
1033 5
1034 5
1035 4
1036 2
1037 3
1038 4
1039 4
1040 2
1041 4
1042 5
1043 5
1044 6
1045 4
1046 4
1047 3
1048 4
1049 5
1050 6
1051 6
1052 5
1053 4
1054 4
1055 2
1056 4
1057 4
1058 3
1059 2
1060 0
1061 3
1062 1
1063 0
1064 1
1065 5
1066 5
1067 4
1068 3
1069 2
1070 2
1071 4
1072 2
1073 2
1074 1
1075 1
1076 2
1077 1
1078 1
1079 3
1080 3
1081 2
1082 3
1083 1
1084 2
1085 3
1086 2
1087 3
1088 0
1089 3
1090 2
1091 3
1092 5
1093 6
1094 6
1095 6
1096 5
1097 3
1098 3
1099 3
1100 2
1101 1
1102 3
1103 2
1104 1
1105 3
1106 3
1107 2
1108 3
1109 3
1110 1
1111 3
1112 4
1113 6
1114 8
1115 7
1116 4
1117 4
1118 4
1119 2
1120 3
1121 3
1122 4
1123 2
1124 3
1125 2
1126 2
1127 0
1128 1
1129 2
1130 3
1131 4
1132 5
1133 5
1134 5
1135 5
1136 5
1137 6
1138 7
1139 6
1140 6
1141 7
1142 8
1143 7
1144 8
1145 7
1146 8
1147 7
1148 7
1149 7
1150 7
1151 7
1152 8
1153 6
1154 5
1155 3
1156 4
1157 2
1158 5
1159 5
1160 4
1161 2
1162 2
1163 2
1164 4
1165 5
1166 4
1167 6
1168 5
1169 6
1170 3
1171 5
1172 7
1173 10
1174 9
1175 8
1176 7
1177 6
1178 6
1179 4
1180 3
1181 4
1182 5
1183 6
1184 5
1185 3
1186 3
1187 3
1188 3
1189 3
1190 3
1191 2
1192 2
1193 3
1194 1
1195 1
1196 1
1197 1
1198 4
1199 4
1200 3
1201 1
1202 2
1203 1
1204 5
1205 5
1206 5
1207 6
1208 7
1209 8
1210 6
1211 7
1212 9
1213 6
1214 5
1215 5
1216 4
1217 2
1218 2
1219 2
1220 6
1221 5
1222 4
1223 4
1224 3
1225 2
1226 1
1227 2
1228 3
1229 2
1230 2
1231 3
1232 4
1233 3
1234 3
1235 3
1236 2
1237 2
1238 4
1239 3
1240 1
1241 1
1242 1
1243 2
1244 2
1245 5
1246 6
1247 6
1248 5
1249 4
1250 4
1251 3
1252 2
1253 4
1254 4
1255 3
1256 4
1257 4
1258 5
1259 3
1260 1
1261 4
1262 4
1263 2
1264 4
1265 3
1266 1
1267 2
1268 3
1269 2
1270 4
1271 4
1272 4
1273 2
1274 3
1275 1
1276 2
1277 2
1278 3
1279 2
1280 3
1281 1
1282 3
1283 2
1284 3
1285 0
1286 2
1287 3
1288 3
1289 2
1290 1
1291 1
1292 3
1293 3
1294 2
1295 4
1296 3
1297 2
1298 2
1299 2
1300 3
1301 3
1302 2
1303 3
1304 2
1305 1
1306 2
1307 2
1308 3
1309 3
1310 3
1311 2
1312 2
1313 3
1314 4
1315 4
1316 6
1317 4
1318 2
1319 3
1320 3
1321 4
1322 3
1323 2
1324 6
1325 5
1326 6
1327 6
1328 6
1329 5
1330 3
1331 3
1332 4
1333 3
1334 4
1335 4
1336 3
1337 5
1338 5
1339 5
1340 5
1341 3
1342 0
1343 4
1344 3
1345 1
1346 3
1347 3
1348 4
1349 1
1350 3
1351 2
1352 2
1353 3
1354 4
1355 4
1356 4
1357 5
1358 6
1359 8
1360 10
1361 10
1362 10
1363 8
1364 7
1365 8
1366 9
1367 8
1368 7
1369 7
1370 6
1371 5
1372 4
1373 1
1374 1
1375 2
1376 2
1377 4
1378 4
1379 4
1380 3
1381 1
1382 0
1383 4
1384 2
1385 1
1386 5
1387 5
1388 6
1389 6
1390 4
1391 3
1392 3
1393 2
1394 2
1395 3
1396 4
1397 3
1398 3
1399 1
1400 4
1401 3
1402 1
1403 4
1404 6
1405 6
1406 8
1407 8
1408 6
1409 7
1410 6
1411 6
1412 6
1413 4
1414 3
1415 2
1416 1
1417 3
1418 2
1419 3
1420 1
1421 1
1422 4
1423 5
1424 4
1425 5
1426 7
1427 4
1428 3
1429 2
1430 3
1431 2
1432 4
1433 5
1434 5
1435 9
1436 8
1437 10
1438 8
1439 10
1440 10
1441 10
1442 12
1443 14
1444 12
1445 14
1446 14
1447 13
1448 11
1449 11
1450 12
1451 12
1452 11
1453 11
1454 11
1455 10
1456 9
1457 8
1458 6
1459 6
1460 6
1461 4
1462 3
1463 1
1464 4
1465 3
1466 2
1467 3
1468 3
1469 4
1470 5
1471 8
1472 8
1473 8
1474 8
1475 5
1476 4
1477 4
1478 4
1479 1
1480 1
1481 1
1482 0
1483 1
1484 3
1485 2
1486 2
1487 3
1488 3
1489 2
1490 1
1491 2
1492 3
1493 2
1494 2
1495 4
1496 2
1497 2
1498 3
1499 2
1500 1
1501 2
1502 4
1503 3
1504 3
1505 4
1506 3
1507 4
1508 4
1509 1
1510 2
1511 1
1512 1
1513 2
1514 4
1515 4
1516 4
1517 7
1518 5
1519 5
1520 4
1521 4
1522 6
1523 6
1524 5
1525 4
1526 3
1527 3
1528 0
1529 3
1530 2
1531 3
1532 2
1533 4
1534 3
1535 3
1536 3
1537 3
1538 3
1539 1
1540 3
1541 5
1542 5
1543 4
1544 4
1545 4
1546 5
1547 3
1548 2
1549 3
1550 4
1551 6
1552 4
1553 2
1554 2
1555 3
1556 3
1557 3
1558 3
1559 3
1560 2
1561 5
1562 5
1563 6
1564 7
1565 6
1566 6
1567 6
1568 8
1569 9
1570 10
1571 9
1572 10
1573 9
1574 8
1575 7
1576 8
1577 9
1578 7
1579 9
1580 10
1581 9
1582 8
1583 8
1584 6
1585 6
1586 6
1587 6
1588 7
1589 7
1590 7
1591 7
1592 6
1593 8
1594 7
1595 5
1596 5
1597 4
1598 2
1599 4
1600 3
1601 1
1602 2
1603 1
1604 2
1605 2
1606 3
1607 2
1608 2
1609 4
1610 3
1611 2
1612 3
1613 1
1614 2
1615 3
1616 5
1617 4
1618 7
1619 6
1620 6
1621 4
1622 5
1623 5
1624 2
1625 2
1626 4
1627 3
1628 4
1629 1
1630 3
1631 3
1632 3
1633 4
1634 6
1635 6
1636 6
1637 7
1638 7
1639 6
1640 7
1641 5
1642 6
1643 5
1644 6
1645 5
1646 4
1647 4
1648 4
1649 2
1650 3
1651 4
1652 2
1653 3
1654 2
1655 5
1656 7
1657 5
1658 4
1659 3
1660 4
1661 3
1662 2
1663 2
1664 0
1665 3
1666 2
1667 3
1668 2
1669 2
1670 2
1671 3
1672 1
1673 3
1674 1
1675 2
1676 3
1677 1
1678 4
1679 4
1680 4
1681 5
1682 4
1683 3
1684 4
1685 2
1686 5
1687 7
1688 8
1689 7
1690 8
1691 7
1692 9
1693 8
1694 10
1695 9
1696 9
1697 7
1698 8
1699 8
1700 9
1701 7
1702 7
1703 6
1704 4
1705 3
1706 3
1707 2
1708 2
1709 1
1710 4
1711 4
1712 3
1713 2
1714 4
1715 3
1716 4
1717 4
1718 4
1719 7
1720 5
1721 5
1722 5
1723 4
1724 4
1725 4
1726 4
1727 3
1728 3
1729 2
1730 3
1731 2
1732 3
1733 3
1734 2
1735 4
1736 3
1737 2
1738 2
1739 3
1740 1
1741 3
1742 4
1743 4
1744 3
1745 3
1746 2
1747 4
1748 4
1749 4
1750 5
1751 4
1752 3
1753 2
1754 5
1755 5
1756 4
1757 4
1758 4
1759 5
1760 3
1761 3
1762 3
1763 3
1764 1
1765 2
1766 1
1767 1
1768 3
1769 1
1770 3
1771 2
1772 1
1773 6
1774 8
1775 7
1776 8
1777 6
1778 6
1779 7
1780 7
1781 6
1782 7
1783 6
1784 7
1785 8
1786 7
1787 8
1788 6
1789 7
1790 9
1791 9
1792 10
1793 10
1794 10
1795 10
1796 10
1797 10
1798 9
1799 8
1800 8
1801 7
1802 6
1803 5
1804 3
1805 3
1806 2
1807 3
1808 3
1809 4
1810 7
1811 7
1812 7
1813 10
1814 9
1815 8
1816 9
1817 8
1818 8
1819 7
1820 8
1821 8
1822 7
1823 5
1824 3
1825 3
1826 3
1827 0
1828 1
1829 1
1830 4
1831 4
1832 1
1833 1
1834 0
1835 1
1836 1
1837 3
1838 4
1839 4
1840 4
1841 4
1842 4
1843 3
1844 3
1845 2
1846 3
1847 1
1848 3
1849 3
1850 4
1851 2
1852 3
1853 2
1854 4
1855 1
1856 3
1857 3
1858 2
1859 5
1860 6
1861 4
1862 5
1863 4
1864 4
1865 5
1866 3
1867 2
1868 0
1869 4
1870 3
1871 1
1872 2
1873 3
1874 5
1875 3
1876 3
1877 3
1878 4
1879 4
1880 2
1881 2
1882 2
1883 4
1884 4
1885 3
1886 2
1887 2
1888 2
1889 1
1890 3
1891 1
1892 2
1893 2
1894 2
1895 2
1896 4
1897 4
1898 4
1899 2
1900 4
1901 4
1902 3
1903 4
1904 1
1905 4
1906 4
1907 5
1908 3
1909 4
1910 5
1911 3
1912 5
1913 6
1914 3
1915 2
1916 4
1917 2
1918 3
1919 2
1920 4
1921 5
1922 5
1923 4
1924 4
1925 5
1926 3
1927 1
1928 3
1929 3
1930 3
1931 2
1932 3
1933 3
1934 3
1935 2
1936 4
1937 6
1938 7
1939 10
1940 11
1941 10
1942 9
1943 9
1944 11
1945 10
1946 9
1947 7
1948 7
1949 4
1950 3
1951 3
1952 2
1953 2
1954 2
1955 1
1956 4
1957 4
1958 5
1959 2
1960 1
1961 4
1962 3
1963 2
1964 5
1965 4
1966 3
1967 1
1968 2
1969 3
1970 3
1971 2
1972 3
1973 2
1974 2
1975 4
1976 3
1977 3
1978 3
1979 3
1980 3
1981 4
1982 2
1983 2
1984 4
1985 3
1986 2
1987 1
1988 3
1989 2
1990 2
1991 3
1992 1
1993 4
1994 3
1995 2
1996 3
1997 4
1998 3
1999 4
2000 3
2001 1
2002 1
2003 3
2004 0
2005 3
2006 2
2007 1
2008 1
2009 2
2010 3
2011 3
2012 4
2013 4
2014 6
2015 5
2016 5
2017 4
2018 4
2019 2
2020 1
2021 3
2022 1
2023 3
2024 5
2025 3
2026 2
2027 2
2028 3
2029 2
2030 0
2031 1
2032 3
2033 4
2034 4
2035 3
2036 3
2037 2
2038 2
2039 3
2040 3
2041 2
2042 3
2043 1
2044 4
2045 3
2046 2
2047 2
2048 4
2049 4
2050 1
2051 3
2052 2
2053 2
2054 3
2055 3
2056 1
2057 4
2058 4
2059 2
2060 3
2061 2
2062 2
2063 0
2064 1
2065 5
2066 3
2067 2
2068 1
2069 2
2070 2
2071 2
2072 2
2073 2
2074 7
2075 6
2076 6
2077 6
2078 6
2079 5
2080 5
2081 5
2082 4
2083 4
2084 3
2085 0
2086 3
2087 2
2088 2
2089 2
2090 1
2091 2
2092 3
2093 6
2094 6
2095 5
2096 4
2097 3
2098 3
2099 2
2100 1
2101 2
2102 2
2103 4
2104 3
2105 2
2106 4
2107 3
2108 2
2109 4
2110 2
2111 1
2112 1
2113 2
2114 1
2115 2
2116 5
2117 3
2118 4
2119 3
2120 1
2121 3
2122 4
2123 4
2124 4
2125 2
2126 2
2127 3
2128 3
2129 1
2130 2
2131 2
2132 3
2133 3
2134 4
2135 4
2136 4
2137 1
2138 2
2139 1
2140 3
2141 1
2142 3
2143 3
2144 1
2145 3
2146 3
2147 2
2148 1
2149 2
2150 5
2151 4
2152 4
2153 2
2154 3
2155 2
2156 2
2157 3
2158 2
2159 3
2160 3
2161 1
2162 1
2163 4
2164 3
2165 3
2166 3
2167 1
2168 2
2169 4
2170 5
2171 5
2172 4
2173 3
2174 3
2175 3
2176 1
2177 2
2178 3
2179 1
2180 4
2181 5
2182 6
2183 6
2184 6
2185 7
2186 7
2187 6
2188 5
2189 5
2190 3
2191 0
2192 2
2193 2
2194 3
2195 4
2196 4
2197 4
2198 3
2199 2
2200 5
2201 4
2202 4
2203 5
2204 8
2205 9
2206 9
2207 8
2208 7
2209 8
2210 9
2211 9
2212 9
2213 11
2214 10
2215 8
2216 8
2217 8
2218 8
2219 8
2220 8
2221 6
2222 6
2223 6
2224 6
2225 5
2226 5
2227 4
2228 4
2229 5
2230 5
2231 7
2232 7
2233 4
2234 4
2235 5
2236 4
2237 5
2238 4
2239 3
2240 2
2241 2
2242 1
2243 4
2244 3
2245 6
2246 7
2247 4
2248 4
2249 5
2250 5
2251 3
2252 2
2253 1
2254 3
2255 3
2256 2
2257 1
2258 1
2259 1
2260 1
2261 4
2262 5
2263 4
2264 4
2265 4
2266 4
2267 2
2268 3
2269 1
2270 2
2271 3
2272 0
2273 2
2274 4
2275 3
2276 2
2277 0
2278 2
2279 3
2280 1
2281 4
2282 3
2283 2
2284 2
2285 4
2286 6
2287 6
2288 5
2289 5
2290 6
2291 8
2292 9
2293 7
2294 6
2295 6
2296 7
2297 5
2298 4
2299 3
2300 2
2301 1
2302 3
2303 2
2304 4
2305 6
2306 6
2307 6
2308 8
2309 6
2310 9
2311 8
2312 7
2313 8
2314 8
2315 9
2316 8
2317 9
2318 8
2319 9
2320 9
2321 11
2322 9
2323 10
2324 10
2325 9
2326 8
2327 9
2328 11
2329 10
2330 11
2331 11
2332 11
2333 11
2334 10
2335 9
2336 8
2337 9
2338 7
2339 7
2340 6
2341 6
2342 5
2343 8
2344 7
2345 6
2346 6
2347 4
2348 3
2349 4
2350 4
2351 3
2352 4
2353 2
2354 3
2355 4
2356 5
2357 4
2358 4
2359 4
2360 1
2361 3
2362 2
2363 2
2364 4
2365 3
2366 2
2367 4
2368 1
2369 2
2370 1
2371 3
2372 2
2373 4
2374 4
2375 7
2376 7
2377 9
2378 7
2379 8
2380 6
2381 6
2382 6
2383 3
2384 2
2385 1
2386 4
2387 3
2388 2
2389 1
2390 3
2391 1
2392 3
2393 3
2394 5
2395 5
2396 6
2397 5
2398 5
2399 5
2400 6
2401 6
2402 6
2403 8
2404 8
2405 9
2406 10
2407 8
2408 7
2409 6
2410 6
2411 6
2412 6
2413 6
2414 8
2415 9
2416 11
2417 12
2418 11
2419 10
2420 9
2421 9
2422 9
2423 7
2424 4
2425 5
2426 6
2427 4
2428 5
2429 4
2430 3
2431 2
2432 3
2433 3
2434 3
2435 3
2436 4
2437 3
2438 3
2439 3
2440 1
2441 2
2442 1
2443 5
2444 2
2445 3
2446 3
2447 2
2448 3
2449 2
2450 4
2451 3
2452 2
2453 2
2454 3
2455 1
2456 4
2457 4
2458 4
2459 3
2460 3
2461 1
2462 2
2463 3
2464 3
2465 2
2466 3
2467 1
2468 3
2469 4
2470 2
2471 5
2472 5
2473 6
2474 7
2475 7
2476 8
2477 7
2478 6
2479 4
2480 4
2481 3
2482 4
2483 4
2484 4
2485 3
2486 2
2487 3
2488 2
2489 3
2490 3
2491 2
2492 5
2493 5
2494 6
2495 7
2496 7
2497 7
2498 7
2499 6
2500 3
2501 3
2502 4
2503 5
2504 6
2505 6
2506 6
2507 6
2508 5
2509 5
2510 5
2511 3
2512 3
2513 4
2514 3
2515 2
2516 4
2517 3
2518 4
2519 5
2520 8
2521 7
2522 5
2523 3
2524 2
2525 2
2526 3
2527 3
2528 2
2529 1
2530 3
2531 5
2532 2
2533 1
2534 1
2535 1
2536 4
2537 3
2538 1
2539 2
2540 2
2541 5
2542 2
2543 2
2544 2
2545 6
2546 5
2547 5
2548 5
2549 2
2550 2
2551 4
2552 4
2553 2
2554 2
2555 2
2556 3
2557 3
2558 5
2559 5
2560 4
2561 4
2562 3
2563 3
2564 4
2565 4
2566 3
2567 2
2568 3
2569 4
2570 4
2571 4
2572 2
2573 2
2574 2
2575 2
2576 1
2577 3
2578 3
2579 3
2580 4
2581 2
2582 1
2583 3
2584 2
2585 2
2586 3
2587 3
2588 4
2589 5
2590 6
2591 5
2592 3
2593 1
2594 0
2595 3
2596 3
2597 1
2598 3
2599 1
2600 3
2601 1
2602 3
2603 1
2604 4
2605 3
2606 3
2607 3
2608 3
2609 2
2610 1
2611 2
2612 3
2613 2
2614 2
2615 4
2616 4
2617 4
2618 4
2619 2
2620 3
2621 4
2622 6
2623 8
2624 8
2625 7
2626 6
2627 4
2628 3
2629 2
2630 1
2631 2
2632 3
2633 3
2634 2
2635 1
2636 1
2637 4
2638 5
2639 5
2640 5
2641 5
2642 7
2643 6
2644 8
2645 8
2646 7
2647 8
2648 9
2649 7
2650 5
2651 4
2652 2
2653 4
2654 4
2655 4
2656 1
2657 2
2658 2
2659 2
2660 2
2661 3
2662 1
2663 5
2664 4
2665 3
2666 2
2667 1
2668 2
2669 4
2670 4
2671 3
2672 2
2673 3
2674 1
2675 2
2676 3
2677 4
2678 3
2679 2
2680 2
2681 2
2682 2
2683 3
2684 3
2685 2
2686 3
2687 2
2688 3
2689 2
2690 5
2691 4
2692 5
2693 3
2694 2
2695 4
2696 3
2697 2
2698 2
2699 1
2700 3
2701 3
2702 2
2703 0
2704 3
2705 1
2706 2
2707 3
2708 2
2709 1
2710 4
2711 2
2712 1
2713 1
2714 4
2715 3
2716 2
2717 3
2718 1
2719 1
2720 0
2721 1
2722 2
2723 2
2724 2
2725 5
2726 3
2727 1
2728 0
2729 2
2730 2
2731 3
2732 4
2733 3
2734 3
2735 3
2736 3
2737 2
2738 4
2739 4
2740 2
2741 3
2742 2
2743 5
2744 4
2745 3
2746 5
2747 5
2748 4
2749 4
2750 4
2751 6
2752 7
2753 8
2754 10
2755 9
2756 8
2757 8
2758 9
2759 8
2760 8
2761 8
2762 10
2763 10
2764 10
2765 10
2766 9
2767 7
2768 6
2769 6
2770 5
2771 5
2772 4
2773 1
2774 2
2775 0
2776 4
2777 4
2778 1
2779 2
2780 3
2781 3
2782 1
2783 4
2784 3
2785 2
2786 2
2787 5
2788 5
2789 4
2790 2
2791 0
2792 4
2793 1
2794 4
2795 4
2796 4
2797 4
2798 3
2799 2
2800 2
2801 1
2802 2
2803 2
2804 3
2805 0
2806 2
2807 4
2808 4
2809 3
2810 5
2811 5
2812 4
2813 2
2814 1
2815 3
2816 2
2817 3
2818 3
2819 3
2820 2
2821 2
2822 2
2823 3
2824 1
2825 2
2826 1
2827 5
2828 4
2829 4
2830 7
2831 7
2832 7
2833 5
2834 7
2835 9
2836 10
2837 13
2838 13
2839 15
2840 12
2841 12
2842 13
2843 14
2844 13
2845 13
2846 12
2847 10
2848 9
2849 10
2850 8
2851 8
2852 7
2853 7
2854 6
2855 6
2856 5
2857 5
2858 6
2859 5
2860 5
2861 4
2862 3
2863 1
2864 4
2865 5
2866 7
2867 5
2868 4
2869 2
2870 3
2871 1
2872 3
2873 3
2874 3
2875 2
2876 2
2877 3
2878 1
2879 3
2880 4
2881 4
2882 3
2883 2
2884 4
2885 2
2886 1
2887 3
2888 2
2889 1
2890 1
2891 2
2892 1
2893 1
2894 3
2895 1
2896 2
2897 3
2898 4
2899 3
2900 2
2901 2
2902 5
2903 5
2904 3
2905 0
2906 2
2907 3
2908 0
2909 1
2910 2
2911 0
2912 3
2913 2
2914 0
2915 1
2916 3
2917 2
2918 1
2919 3
2920 2
2921 4
2922 4
2923 2
2924 1
2925 3
2926 2
2927 1
2928 2
2929 4
2930 1
2931 3
2932 1
2933 3
2934 2
2935 2
2936 3
2937 3
2938 1
2939 2
2940 3
2941 3
2942 5
2943 6
2944 6
2945 4
2946 4
2947 5
2948 5
2949 4
2950 5
2951 4
2952 3
2953 3
2954 2
2955 1
2956 2
2957 4
2958 6
2959 5
2960 6
2961 5
2962 5
2963 5
2964 5
2965 3
2966 2
2967 4
2968 4
2969 4
2970 6
2971 6
2972 6
2973 6
2974 5
2975 7
2976 8
2977 9
2978 8
2979 6
2980 5
2981 5
2982 4
2983 5
2984 4
2985 6
2986 4
2987 3
2988 4
2989 2
2990 4
2991 3
2992 1
2993 4
2994 4
2995 1
2996 4
2997 4
2998 2
2999 1
3000 6
3001 7
3002 7
3003 4
3004 4
3005 4
3006 3
3007 2
3008 2
3009 1
3010 6
3011 7
3012 6
3013 6
3014 4
3015 4
3016 4
3017 3
3018 5
3019 2
3020 2
3021 4
3022 2
3023 3
3024 4
3025 3
3026 3
3027 1
3028 1
3029 4
3030 3
3031 4
3032 3
3033 2
3034 5
3035 6
3036 8
3037 6
3038 6
3039 6
3040 7
3041 6
3042 6
3043 4
3044 3
3045 1
3046 4
3047 5
3048 5
3049 4
3050 5
3051 4
3052 4
3053 3
3054 3
3055 3
3056 2
3057 2
3058 4
3059 2
3060 4
3061 3
3062 1
3063 0
3064 4
3065 4
3066 3
3067 2
3068 1
3069 4
3070 2
3071 4
3072 4
3073 2
3074 1
3075 6
3076 6
3077 9
3078 9
3079 9
3080 7
3081 6
3082 5
3083 5
3084 4
3085 3
3086 3
3087 2
3088 4
3089 6
3090 7
3091 8
3092 8
3093 11
3094 11
3095 12
3096 12
3097 12
3098 12
3099 13
3100 14
3101 14
3102 15
3103 12
3104 12
3105 13
3106 12
3107 11
3108 10
3109 9
3110 9
3111 10
3112 11
3113 12
3114 12
3115 12
3116 12
3117 12
3118 14
3119 13
3120 11
3121 11
3122 11
3123 9
3124 9
3125 8
3126 7
3127 7
3128 6
3129 6
3130 5
3131 5
3132 3
3133 1
3134 1
3135 3
3136 2
3137 5
3138 5
3139 3
3140 0
3141 1
3142 2
3143 6
3144 5
3145 4
3146 3
3147 3
3148 2
3149 2
3150 1
3151 4
3152 2
3153 3
3154 2
3155 2
3156 1
3157 1
3158 2
3159 2
3160 0
3161 2
3162 5
3163 4
3164 5
3165 5
3166 3
3167 3
3168 2
3169 0
3170 3
3171 3
3172 3
3173 2
3174 2
3175 2
3176 2
3177 4
3178 5
3179 3
3180 3
3181 3
3182 1
3183 4
3184 4
3185 4
3186 5
3187 4
3188 5
3189 4
3190 5
3191 4
3192 3
3193 3
3194 2
3195 2
3196 4
3197 4
3198 2
3199 4
3200 3
3201 3
3202 4
3203 2
3204 2
3205 4
3206 2
3207 1
3208 3
3209 1
3210 2
3211 2
3212 3
3213 2
3214 2
3215 2
3216 2
3217 1
3218 2
3219 0
3220 1
3221 4
3222 3
3223 2
3224 1
3225 1
3226 1
3227 3
3228 2
3229 1
3230 4
3231 2
3232 3
3233 0
3234 2
3235 0
3236 3
3237 2
3238 0
3239 0
3240 4
3241 3
3242 6
3243 5
3244 7
3245 4
3246 2
3247 2
3248 4
3249 5
3250 6
3251 7
3252 5
3253 3
3254 3
3255 3
3256 4
3257 4
3258 3
3259 3
3260 2
3261 3
3262 3
3263 3
3264 2
3265 2
3266 4
3267 3
3268 3
3269 3
3270 3
3271 2
3272 3
3273 2
3274 4
3275 5
3276 6
3277 5
3278 2
3279 4
3280 5
3281 5
3282 3
3283 3
3284 2
3285 1
3286 3
3287 0
3288 2
3289 1
3290 3
3291 5
3292 4
3293 2
3294 3
3295 3
3296 5
3297 3
3298 4
3299 2
3300 2
3301 3
3302 5
3303 2
3304 2
3305 3
3306 3
3307 1
3308 3
3309 2
3310 2
3311 3
3312 4
3313 5
3314 6
3315 7
3316 8
3317 9
3318 8
3319 7
3320 6
3321 7
3322 7
3323 7
3324 7
3325 4
3326 4
3327 2
3328 2
3329 1
3330 4
3331 1
3332 2
3333 3
3334 3
3335 0
3336 4
3337 2
3338 4
3339 2
3340 3
3341 3
3342 1
3343 2
3344 1
3345 3
3346 2
3347 3
3348 2
3349 2
3350 2
3351 3
3352 3
3353 2
3354 6
3355 5
3356 5
3357 4
3358 4
3359 3
3360 3
3361 2
3362 1
3363 2
3364 5
3365 3
3366 3
3367 1
3368 6
3369 6
3370 9
3371 9
3372 11
3373 12
3374 12
3375 11
3376 9
3377 8
3378 9
3379 9
3380 8
3381 8
3382 10
3383 9
3384 9
3385 7
3386 7
3387 4
3388 4
3389 3
3390 2
3391 5
3392 4
3393 5
3394 4
3395 3
3396 3
3397 1
3398 2
3399 1
3400 1
3401 1
3402 2
3403 3
3404 3
3405 3
3406 4
3407 5
3408 6
3409 6
3410 6
3411 6
3412 7
3413 7
3414 6
3415 6
3416 7
3417 6
3418 4
3419 6
3420 7
3421 6
3422 6
3423 7
3424 7
3425 8
3426 9
3427 10
3428 11
3429 11
3430 10
3431 9
3432 13
3433 15
3434 12
3435 14
3436 15
3437 12
3438 13
3439 15
3440 12
3441 12
3442 12
3443 9
3444 9
3445 9
3446 8
3447 7
3448 5
3449 5
3450 4
3451 6
3452 4
3453 3
3454 2
3455 3
3456 2
3457 1
3458 3
3459 6
3460 7
3461 5
3462 4
3463 3
3464 3
3465 3
3466 0
3467 2
3468 4
3469 5
3470 6
3471 5
3472 3
3473 2
3474 2
3475 1
3476 2
3477 1
3478 3
3479 2
3480 4
3481 2
3482 1
3483 4
3484 3
3485 4
3486 4
3487 3
3488 0
3489 1
3490 4
3491 3
3492 4
3493 6
3494 6
3495 4
3496 4
3497 4
3498 5
3499 7
3500 6
3501 7
3502 6
3503 5
3504 3
3505 3
3506 2
3507 4
3508 2
3509 3
3510 1
3511 5
3512 5
3513 4
3514 1
3515 4
3516 3
3517 0
3518 2
3519 2
3520 1
3521 3
3522 4
3523 3
3524 3
3525 0
3526 2
3527 5
3528 4
3529 6
3530 7
3531 7
3532 5
3533 5
3534 5
3535 4
3536 2
3537 4
3538 1
3539 2
3540 2
3541 2
3542 2
3543 3
3544 4
3545 4
3546 2
3547 1
3548 1
3549 3
3550 4
3551 3
3552 4
3553 3
3554 2
3555 3
3556 1
3557 4
3558 4
3559 2
3560 3
3561 3
3562 2
3563 1
3564 2
3565 5
3566 4
3567 5
3568 6
3569 6
3570 7
3571 7
3572 5
3573 3
3574 4
3575 5
3576 5
3577 3
3578 1
3579 2
3580 3
3581 2
3582 2
3583 2
3584 3
3585 5
3586 4
3587 3
3588 1
3589 1
3590 2
3591 0
3592 3
3593 4
3594 3
3595 3
3596 0
3597 3
3598 1
3599 2
3600 2
3601 2
3602 1
3603 0
3604 2
3605 3
3606 2
3607 2
3608 4
3609 4
3610 2
3611 2
3612 4
3613 5
3614 5
3615 6
3616 7
3617 7
3618 7
3619 7
3620 5
3621 4
3622 3
3623 3
3624 1
3625 3
3626 4
3627 6
3628 6
3629 5
3630 5
3631 6
3632 6
3633 6
3634 6
3635 5
3636 3
3637 4
3638 5
3639 4
3640 3
3641 4
3642 3
3643 3
3644 1
3645 2
3646 6
3647 6
3648 7
3649 7
3650 8
3651 8
3652 6
3653 6
3654 8
3655 8
3656 9
3657 11
3658 11
3659 11
3660 9
3661 10
3662 13
3663 11
3664 13
3665 15
3666 12
3667 11
3668 9
3669 7
3670 7
3671 5
3672 4
3673 5
3674 6
3675 5
3676 4
3677 5
3678 4
3679 2
3680 3
3681 2
3682 2
3683 4
3684 5
3685 6
3686 7
3687 6
3688 5
3689 4
3690 3
3691 1
3692 3
3693 3
3694 2
3695 1
3696 2
3697 1
3698 2
3699 6
3700 6
3701 5
3702 4
3703 4
3704 5
3705 3
3706 3
3707 1
3708 2
3709 2
3710 3
3711 3
3712 3
3713 4
3714 5
3715 6
3716 5
3717 4
3718 3
3719 5
3720 6
3721 5
3722 6
3723 8
3724 8
3725 7
3726 6
3727 7
3728 7
3729 6
3730 5
3731 8
3732 9
3733 7
3734 7
3735 7
3736 7
3737 6
3738 5
3739 6
3740 5
3741 3
3742 5
3743 5
3744 5
3745 5
3746 6
3747 5
3748 5
3749 3
3750 3
3751 3
3752 1
3753 2
3754 2
3755 3
3756 3
3757 4
3758 3
3759 3
3760 3
3761 4
3762 3
3763 2
3764 2
3765 4
3766 2
3767 2
3768 3
3769 3
3770 5
3771 4
3772 4
3773 4
3774 2
3775 3
3776 4
3777 4
3778 4
3779 4
3780 3
3781 3
3782 2
3783 2
3784 1
3785 2
3786 3
3787 4
3788 5
3789 6
3790 5
3791 6
3792 5
3793 5
3794 5
3795 3
3796 3
3797 2
3798 1
3799 3
3800 5
3801 6
3802 6
3803 5
3804 6
3805 6
3806 6
3807 5
3808 6
3809 5
3810 4
3811 2
3812 4
3813 3
3814 1
3815 4
3816 4
3817 6
3818 4
3819 4
3820 3
3821 5
3822 3
3823 1
3824 1
3825 4
3826 2
3827 3
3828 2
3829 1
3830 3
3831 6
3832 5
3833 7
3834 8
3835 8
3836 6
3837 4
3838 4
3839 5
3840 5
3841 7
3842 8
3843 8
3844 8
3845 6
3846 4
3847 4
3848 4
3849 3
3850 3
3851 6
3852 8
3853 11
3854 11
3855 11
3856 10
3857 10
3858 8
3859 7
3860 5
3861 3
3862 3
3863 4
3864 5
3865 4
3866 2
3867 3
3868 3
3869 2
3870 2
3871 2
3872 2
3873 3
3874 3
3875 5
3876 3
3877 3
3878 3
3879 4
3880 3
3881 3
3882 4
3883 4
3884 2
3885 5
3886 4
3887 4
3888 2
3889 5
3890 5
3891 4
3892 4
3893 2
3894 1
3895 0
3896 4
3897 4
3898 4
3899 2
3900 3
3901 2
3902 4
3903 4
3904 4
3905 3
3906 1
3907 3
3908 3
3909 2
3910 3
3911 3
3912 5
3913 6
3914 6
3915 5
3916 6
3917 7
3918 7
3919 6
3920 5
3921 4
3922 3
3923 2
3924 2
3925 5
3926 6
3927 6
3928 9
3929 8
3930 6
3931 9
3932 8
3933 8
3934 8
3935 8
3936 7
3937 9
3938 6
3939 5
3940 5
3941 5
3942 6
3943 7
3944 6
3945 5
3946 6
3947 4
3948 3
3949 1
3950 2
3951 2
3952 2
3953 1
3954 1
3955 1
3956 3
3957 3
3958 2
3959 5
3960 5
3961 5
3962 5
3963 6
3964 6
3965 6
3966 8
3967 9
3968 7
3969 4
3970 2
3971 5
3972 5
3973 4
3974 3
3975 4
3976 4
3977 3
3978 2
3979 4
3980 6
3981 7
3982 6
3983 5
3984 3
3985 3
3986 4
3987 4
3988 3
3989 2
3990 2
3991 4
3992 5
3993 5
3994 4
3995 2
3996 3
3997 4
3998 4
3999 3
4000 3
4001 1
4002 1
4003 1
4004 3
4005 1
4006 1
4007 1
4008 3
4009 3
4010 2
4011 2
4012 2
4013 4
4014 2
4015 4
4016 2
4017 2
4018 0
4019 4
4020 4
4021 3
4022 5
4023 6
4024 5
4025 5
4026 5
4027 5
4028 5
4029 5
4030 5
4031 8
4032 7
4033 6
4034 6
4035 4
4036 6
4037 5
4038 4
4039 5
4040 3
4041 2
4042 3
4043 4
4044 4
4045 2
4046 2
4047 1
4048 1
4049 3
4050 2
4051 3
4052 5
4053 5
4054 4
4055 5
4056 6
4057 6
4058 8
4059 8
4060 7
4061 5
4062 4
4063 2
4064 4
4065 4
4066 3
4067 2
4068 0
4069 3
4070 3
4071 1
4072 2
4073 4
4074 2
4075 3
4076 1
4077 1
4078 4
4079 2
4080 1
4081 4
4082 4
4083 4
4084 3
4085 3
4086 4
4087 4
4088 4
4089 3
4090 2
4091 4
4092 4
4093 4
4094 2
4095 3
4096 2
4097 3
4098 4
4099 5
4100 5
4101 4
4102 4
4103 4
4104 2
4105 2
4106 2
4107 3
4108 1
4109 1
4110 4
4111 3
4112 2
4113 6
4114 7
4115 9
4116 10
4117 9
4118 7
4119 6
4120 6
4121 5
4122 4
4123 4
4124 3
4125 1
4126 2
4127 3
4128 1
4129 2
4130 1
4131 2
4132 4
4133 5
4134 4
4135 5
4136 7
4137 8
4138 9
4139 10
4140 10
4141 10
4142 9
4143 10
4144 10
4145 8
4146 7
4147 6
4148 7
4149 5
4150 3
4151 2
4152 3
4153 3
4154 1
4155 2
4156 5
4157 6
4158 4
4159 2
4160 3
4161 4
4162 5
4163 4
4164 4
4165 3
4166 4
4167 1
4168 2
4169 1
4170 2
4171 1
4172 2
4173 2
4174 1
4175 2
4176 0
4177 3
4178 2
4179 3
4180 1
4181 5
4182 4
4183 4
4184 4
4185 4
4186 6
4187 6
4188 7
4189 8
4190 6
4191 6
4192 6
4193 4
4194 4
4195 5
4196 5
4197 5
4198 3
4199 3
4200 3
4201 3
4202 2
4203 1
4204 3
4205 4
4206 4
4207 5
4208 5
4209 2
4210 3
4211 4
4212 6
4213 8
4214 7
4215 7
4216 6
4217 5
4218 3
4219 3
4220 1
4221 2
4222 0
4223 2
4224 2
4225 5
4226 4
4227 4
4228 3
4229 2
4230 5
4231 5
4232 6
4233 6
4234 5
4235 3
4236 0
4237 3
4238 0
4239 1
4240 1
4241 4
4242 4
4243 4
4244 2
4245 5
4246 6
4247 3
4248 4
4249 3
4250 4
4251 4
4252 3
4253 3
4254 2
4255 3
4256 2
4257 4
4258 3
4259 3
4260 5
4261 2
4262 2
4263 0
4264 3
4265 2
4266 0
4267 1
4268 2
4269 2
4270 2
4271 1
4272 3
4273 2
4274 2
4275 3
4276 5
4277 4
4278 2
4279 2
4280 2
4281 2
4282 4
4283 1
4284 0
4285 3
4286 1
4287 3
4288 2
4289 4
4290 4
4291 3
4292 2
4293 2
4294 5
4295 6
4296 10
4297 9
4298 10
4299 10
4300 11
4301 8
4302 8
4303 8
4304 8
4305 7
4306 4
4307 3
4308 3
4309 1
4310 4
4311 5
4312 4
4313 5
4314 6
4315 4
4316 5
4317 4
4318 1
4319 4
4320 3
4321 4
4322 3
4323 4
4324 5
4325 5
4326 6
4327 5
4328 6
4329 6
4330 5
4331 3
4332 1
4333 0
4334 2
4335 1
4336 6
4337 7
4338 5
4339 4
4340 5
4341 7
4342 7
4343 6
4344 5
4345 5
4346 3
4347 1
4348 1
4349 1
4350 4
4351 4
4352 2
4353 2
4354 1
4355 4
4356 2
4357 0
4358 3
4359 1
4360 1
4361 1
4362 3
4363 2
4364 1
4365 4
4366 4
4367 5
4368 5
4369 7
4370 6
4371 6
4372 7
4373 5
4374 5
4375 3
4376 5
4377 3
4378 2
4379 2
4380 2
4381 2
4382 3
4383 6
4384 6
4385 6
4386 5
4387 5
4388 6
4389 3
4390 2
4391 1
4392 3
4393 5
4394 7
4395 6
4396 5
4397 5
4398 7
4399 6
4400 6
4401 5
4402 6
4403 7
4404 7
4405 6
4406 7
4407 6
4408 6
4409 5
4410 3
4411 3
4412 2
4413 3
4414 2
4415 2
4416 3
4417 2
4418 3
4419 3
4420 5
4421 3
4422 2
4423 2
4424 2
4425 2
4426 1
4427 3
4428 3
4429 5
4430 6
4431 5
4432 5
4433 4
4434 4
4435 4
4436 5
4437 6
4438 7
4439 7
4440 8
4441 5
4442 6
4443 5
4444 4
4445 3
4446 0
4447 2
4448 2
4449 3
4450 3
4451 4
4452 4
4453 7
4454 8
4455 9
4456 9
4457 7
4458 6
4459 6
4460 5
4461 7
4462 5
4463 5
4464 3
4465 1
4466 5
4467 3
4468 3
4469 2
4470 5
4471 4
4472 4
4473 3
4474 4
4475 4
4476 3
4477 4
4478 6
4479 5
4480 6
4481 6
4482 5
4483 5
4484 5
4485 5
4486 5
4487 3
4488 2
4489 5
4490 6
4491 5
4492 3
4493 1
4494 1
4495 3
4496 3
4497 2
4498 2
4499 1
4500 2
4501 4
4502 5
4503 5
4504 6
4505 6
4506 6
4507 5
4508 5
4509 5
4510 5
4511 5
4512 4
4513 3
4514 3
4515 2
4516 2
4517 4
4518 4
4519 6
4520 7
4521 7
4522 7
4523 7
4524 6
4525 5
4526 5
4527 2
4528 3
4529 3
4530 1
4531 4
4532 4
4533 3
4534 5
4535 5
4536 5
4537 4
4538 2
4539 1
4540 3
4541 3
4542 2
4543 1
4544 5
4545 5
4546 5
4547 4
4548 5
4549 4
4550 3
4551 4
4552 2
4553 2
4554 4
4555 3
4556 3
4557 3
4558 2
4559 4
4560 3
4561 4
4562 5
4563 3
4564 2
4565 3
4566 2
4567 2
4568 1
4569 3
4570 2
4571 1
4572 4
4573 5
4574 5
4575 6
4576 8
4577 8
4578 7
4579 7
4580 6
4581 4
4582 4
4583 3
4584 3
4585 3
4586 2
4587 4
4588 5
4589 6
4590 7
4591 6
4592 4
4593 4
4594 4
4595 4
4596 4
4597 4
4598 3
4599 5
4600 5
4601 6
4602 3
4603 2
4604 3
4605 3
4606 1
4607 1
4608 5
4609 4
4610 2
4611 2
4612 2
4613 2
4614 1
4615 3
4616 2
4617 3
4618 3
4619 2
4620 3
4621 2
4622 2
4623 0
4624 1
4625 2
4626 3
4627 4
4628 3
4629 1
4630 3
4631 2
4632 1
4633 0
4634 5
4635 6
4636 6
4637 4
4638 5
4639 2
4640 4
4641 3
4642 0
4643 7
4644 6
4645 5
4646 5
4647 5
4648 4
4649 3
4650 4
4651 4
4652 4
4653 5
4654 4
4655 4
4656 3
4657 0
4658 5
4659 4
4660 3
4661 3
4662 1
4663 2
4664 3
4665 3
4666 2
4667 5
4668 6
4669 6
4670 6
4671 4
4672 5
4673 5
4674 4
4675 5
4676 5
4677 4
4678 4
4679 4
4680 2
4681 1
4682 3
4683 4
4684 5
4685 6
4686 6
4687 4
4688 5
4689 4
4690 3
4691 2
4692 2
4693 1
4694 1
4695 3
4696 2
4697 3
4698 2
4699 2
4700 4
4701 1
4702 2
4703 2
4704 3
4705 4
4706 4
4707 4
4708 4
4709 5
4710 8
4711 6
4712 5
4713 4
4714 1
4715 4
4716 2
4717 3
4718 2
4719 2
4720 2
4721 5
4722 4
4723 7
4724 7
4725 5
4726 5
4727 5
4728 2
4729 2
4730 2
4731 1
4732 2
4733 3
4734 0
4735 1
4736 1
4737 2
4738 2
4739 0
4740 2
4741 3
4742 1
4743 4
4744 4
4745 5
4746 3
4747 4
4748 4
4749 6
4750 7
4751 6
4752 5
4753 4
4754 5
4755 6
4756 5
4757 3
4758 3
4759 2
4760 5
4761 5
4762 3
4763 3
4764 2
4765 5
4766 6
4767 8
4768 7
4769 5
4770 6
4771 6
4772 5
4773 3
4774 0
4775 2
4776 2
4777 3
4778 2
4779 2
4780 4
4781 5
4782 6
4783 7
4784 8
4785 10
4786 9
4787 10
4788 10
4789 9
4790 7
4791 10
4792 10
4793 11
4794 12
4795 12
4796 11
4797 9
4798 9
4799 10
4800 9
4801 7
4802 6
4803 6
4804 4
4805 5
4806 6
4807 5
4808 5
4809 5
4810 4
4811 4
4812 2
4813 2
4814 1
4815 3
4816 2
4817 4
4818 3
4819 4
4820 5
4821 5
4822 3
4823 0
4824 3
4825 3
4826 1
4827 2
4828 2
4829 1
4830 3
4831 4
4832 5
4833 4
4834 4
4835 5
4836 5
4837 6
4838 6
4839 6
4840 7
4841 6
4842 6
4843 5
4844 3
4845 2
4846 4
4847 4
4848 5
4849 2
4850 2
4851 2
4852 1
4853 1
4854 3
4855 1
4856 2
4857 3
4858 2
4859 2
4860 3
4861 5
4862 4
4863 3
4864 2
4865 1
4866 3
4867 1
4868 0
4869 3
4870 2
4871 0
4872 4
4873 4
4874 4
4875 4
4876 3
4877 3
4878 3
4879 3
4880 3
4881 2
4882 3
4883 2
4884 3
4885 2
4886 5
4887 4
4888 3
4889 2
4890 1
4891 4
4892 4
4893 4
4894 3
4895 3
4896 3
4897 1
4898 2
4899 3
4900 5
4901 5
4902 4
4903 2
4904 3
4905 4
4906 3
4907 1
4908 2
4909 1
4910 4
4911 4
4912 6
4913 7
4914 7
4915 6
4916 7
4917 7
4918 6
4919 10
4920 8
4921 8
4922 8
4923 7
4924 5
4925 3
4926 2
4927 3
4928 5
4929 5
4930 5
4931 4
4932 3
4933 5
4934 4
4935 4
4936 3
4937 3
4938 3
4939 1
4940 4
4941 1
4942 3
4943 2
4944 1
4945 2
4946 3
4947 1
4948 1
4949 1
4950 4
4951 3
4952 1
4953 3
4954 2
4955 2
4956 1
4957 2
4958 1
4959 2
4960 1
4961 2
4962 4
4963 4
4964 2
4965 2
4966 2
4967 2
4968 4
4969 3
4970 3
4971 1
4972 5
4973 2
4974 1
4975 3
4976 2
4977 3
4978 4
4979 4
4980 4
4981 5
4982 3
4983 3
4984 2
4985 3
4986 3
4987 1
4988 4
4989 3
4990 2
4991 1
4992 1
4993 1
4994 3
4995 2
4996 2
4997 1
4998 0
4999 3
5000 2
5001 1
5002 5
5003 6
5004 3
5005 3
5006 1
5007 5
5008 6
5009 5
5010 6
5011 7
5012 5
5013 4
5014 4
5015 4
5016 4
5017 2
5018 2
5019 3
5020 1
5021 3
5022 2
5023 2
5024 2
5025 3
5026 5
5027 5
5028 3
5029 2
5030 2
5031 0
5032 4
5033 4
5034 2
5035 0
5036 1
5037 2
5038 3
5039 2
5040 3
5041 4
5042 3
5043 3
5044 2
5045 3
5046 2
5047 3
5048 2
5049 4
5050 5
5051 7
5052 7
5053 8
5054 5
5055 3
5056 2
5057 1
5058 2
5059 2
5060 3
5061 0
5062 4
5063 3
5064 5
5065 6
5066 6
5067 5
5068 4
5069 3
5070 1
5071 3
5072 2
5073 4
5074 4
5075 3
5076 2
5077 0
5078 2
5079 0
5080 3
5081 2
5082 3
5083 5
5084 7
5085 5
5086 2
5087 1
5088 2
5089 2
5090 3
5091 2
5092 5
5093 4
5094 3
5095 3
5096 2
5097 3
5098 4
5099 1
5100 1
5101 1
5102 2
5103 2
5104 1
5105 2
5106 5
5107 5
5108 2
5109 1
5110 3
5111 3
5112 3
5113 5
5114 5
5115 4
5116 4
5117 4
5118 3
5119 3
5120 1
5121 2
5122 1
5123 2
5124 1
5125 1
5126 2
5127 3
5128 3
5129 1
5130 2
5131 1
5132 2
5133 3
5134 1
5135 2
5136 2
5137 4
5138 3
5139 3
5140 2
5141 2
5142 1
5143 4
5144 3
5145 3
5146 6
5147 3
5148 3
5149 3
5150 2
5151 3
5152 1
5153 2
5154 2
5155 5
5156 4
5157 4
5158 4
5159 3
5160 3
5161 3
5162 6
5163 7
5164 7
5165 8
5166 7
5167 8
5168 9
5169 11
5170 11
5171 14
5172 13
5173 12
5174 13
5175 14
5176 15
5177 12
5178 11
5179 11
5180 11
5181 11
5182 10
5183 8
5184 9
5185 10
5186 10
5187 8
5188 9
5189 9
5190 10
5191 11
5192 10
5193 10
5194 10
5195 11
5196 13
5197 15
5198 12
5199 13
5200 14
5201 12
5202 12
5203 12
5204 12
5205 10
5206 12
5207 14
5208 16
5209 13
5210 13
5211 11
5212 8
5213 9
5214 9
5215 10
5216 9
5217 10
5218 11
5219 10
5220 10
5221 12
5222 12
5223 14
5224 15
5225 12
5226 11
5227 10
5228 10
5229 7
5230 8
5231 6
5232 7
5233 8
5234 10
5235 11
5236 11
5237 11
5238 12
5239 10
5240 11
5241 8
5242 8
5243 6
5244 5
5245 4
5246 5
5247 5
5248 6
5249 4
5250 3
5251 4
5252 3
5253 4
5254 4
5255 4
5256 2
5257 2
5258 1
5259 3
5260 2
5261 1
5262 4
5263 6
5264 7
5265 5
5266 4
5267 2
5268 2
5269 2
5270 2
5271 4
5272 4
5273 3
5274 2
5275 1
5276 2
5277 1
5278 3
5279 4
5280 5
5281 5
5282 7
5283 7
5284 5
5285 4
5286 5
5287 3
5288 3
5289 4
5290 5
5291 4
5292 6
5293 4
5294 5
5295 6
5296 7
5297 10
5298 12
5299 10
5300 9
5301 9
5302 9
5303 9
5304 8
5305 10
5306 10
5307 9
5308 10
5309 9
5310 9
5311 8
5312 9
5313 10
5314 10
5315 9
5316 9
5317 7
5318 6
5319 6
5320 6
5321 7
5322 7
5323 9
5324 8
5325 8
5326 6
5327 4
5328 3
5329 3
5330 2
5331 0
5332 5
5333 6
5334 9
5335 12
5336 10
5337 10
5338 11
5339 9
5340 9
5341 8
5342 6
5343 7
5344 4
5345 2
5346 3
5347 1
5348 2
5349 3
5350 1
5351 1
5352 3
5353 2
5354 3
5355 3
5356 3
5357 4
5358 1
5359 3
5360 3
5361 5
5362 5
5363 4
5364 2
5365 2
5366 1
5367 3
5368 3
5369 0
5370 2
5371 3
5372 1
5373 2
5374 4
5375 3
5376 3
5377 3
5378 6
5379 6
5380 4
5381 3
5382 3
5383 2
5384 2
5385 2
5386 4
5387 5
5388 3
5389 1
5390 1
5391 2
5392 3
5393 4
5394 5
5395 3
5396 4
5397 3
5398 0
5399 1
5400 3
5401 3
5402 2
5403 3
5404 2
5405 3
5406 4
5407 2
5408 2
5409 1
5410 1
5411 2
5412 1
5413 0
5414 4
5415 6
5416 6
5417 6
5418 5
5419 5
5420 4
5421 4
5422 4
5423 4
5424 3
5425 3
5426 2
5427 1
5428 3
5429 1
5430 4
5431 3
5432 2
5433 1
5434 2
5435 2
5436 2
5437 4
5438 3
5439 2
5440 5
5441 4
5442 5
5443 3
5444 2
5445 3
5446 2
5447 5
5448 5
5449 7
5450 8
5451 8
5452 7
5453 6
5454 5
5455 6
5456 8
5457 8
5458 6
5459 4
5460 1
5461 2
5462 5
5463 5
5464 4
5465 2
5466 4
5467 5
5468 3
5469 2
5470 2
5471 5
5472 5
5473 6
5474 3
5475 2
5476 2
5477 2
5478 3
5479 4
5480 4
5481 3
5482 2
5483 3
5484 2
5485 4
5486 5
5487 5
5488 6
5489 3
5490 2
5491 1
5492 2
5493 3
5494 1
5495 4
5496 4
5497 2
5498 3
5499 0
5500 1
5501 2
5502 3
5503 3
5504 4
5505 2
5506 3
5507 2
5508 5
5509 3
5510 3
5511 1
5512 2
5513 1
5514 4
5515 4
5516 2
5517 3
5518 1
5519 2
5520 4
5521 3
5522 2
5523 4
5524 5
5525 5
5526 6
5527 4
5528 4
5529 5
5530 6
5531 7
5532 6
5533 7
5534 7
5535 9
5536 9
5537 9
5538 8
5539 7
5540 4
5541 3
5542 2
5543 4
5544 5
5545 4
5546 6
5547 7
5548 6
5549 4
5550 4
5551 5
5552 7
5553 5
5554 5
5555 3
5556 3
5557 3
5558 2
5559 2
5560 3
5561 2
5562 5
5563 5
5564 5
5565 4
5566 3
5567 2
5568 5
5569 4
5570 3
5571 3
5572 3
5573 2
5574 3
5575 5
5576 5
5577 7
5578 6
5579 7
5580 7
5581 6
5582 3
5583 3
5584 2
5585 1
5586 3
5587 3
5588 1
5589 3
5590 4
5591 5
5592 4
5593 4
5594 3
5595 2
5596 2
5597 3
5598 1
5599 0
5600 0
5601 3
5602 4
5603 3
5604 4
5605 7
5606 9
5607 10
5608 10
5609 10
5610 11
5611 11
5612 10
5613 10
5614 8
5615 6
5616 6
5617 3
5618 2
5619 3
5620 3
5621 2
5622 4
5623 2
5624 2
5625 1
5626 2
5627 4
5628 4
5629 3
5630 1
5631 1
5632 1
5633 5
5634 8
5635 7
5636 6
5637 6
5638 5
5639 3
5640 1
5641 2
5642 5
5643 5
5644 5
5645 4
5646 3
5647 1
5648 5
5649 4
5650 5
5651 6
5652 5
5653 5
5654 3
5655 1
5656 1
5657 1
5658 3
5659 3
5660 4
5661 2
5662 1
5663 1
5664 2
5665 2
5666 4
5667 4
5668 2
5669 2
5670 2
5671 4
5672 2
5673 1
5674 1
5675 4
5676 2
5677 2
5678 3
5679 2
5680 4
5681 3
5682 2
5683 3
5684 4
5685 3
5686 2
5687 4
5688 2
5689 2
5690 2
5691 4
5692 6
5693 6
5694 6
5695 4
5696 5
5697 7
5698 7
5699 6
5700 6
5701 5
5702 5
5703 4
5704 3
5705 2
5706 3
5707 2
5708 4
5709 4
5710 3
5711 4
5712 2
5713 3
5714 3
5715 3
5716 5
5717 4
5718 4
5719 2
5720 2
5721 2
5722 4
5723 5
5724 7
5725 6
5726 5
5727 6
5728 6
5729 5
5730 5
5731 6
5732 7
5733 6
5734 5
5735 4
5736 3
5737 2
5738 4
5739 5
5740 4
5741 2
5742 1
5743 2
5744 5
5745 5
5746 6
5747 6
5748 6
5749 5
5750 4
5751 3
5752 2
5753 2
5754 2
5755 3
5756 5
5757 7
5758 7
5759 5
5760 6
5761 8
5762 6
5763 6
5764 5
5765 3
5766 2
5767 3
5768 4
5769 4
5770 3
5771 5
5772 5
5773 4
5774 3
5775 1
5776 4
5777 5
5778 5
5779 5
5780 4
5781 4
5782 3
5783 3
5784 1
5785 3
5786 3
5787 3
5788 4
5789 5
5790 5
5791 6
5792 5
5793 6
5794 4
5795 3
5796 5
5797 5
5798 5
5799 4
5800 4
5801 2
5802 0
5803 2
5804 3
5805 2
5806 1
5807 2
5808 5
5809 5
5810 6
5811 7
5812 7
5813 7
5814 5
5815 6
5816 6
5817 5
5818 4
5819 3
5820 2
5821 1
5822 3
5823 1
5824 2
5825 2
5826 1
5827 2
5828 0
5829 4
5830 4
5831 6
5832 5
5833 3
5834 2
5835 3
5836 2
5837 3
5838 2
5839 3
5840 5
5841 5
5842 5
5843 2
5844 1
5845 3
5846 2
5847 4
5848 5
5849 3
5850 1
5851 2
5852 3
5853 2
5854 1
5855 3
5856 2
5857 2
5858 3
5859 3
5860 2
5861 1
5862 4
5863 3
5864 2
5865 3
5866 2
5867 3
5868 2
5869 1
5870 2
5871 1
5872 4
5873 2
5874 3
5875 3
5876 0
5877 2
5878 4
5879 5
5880 4
5881 2
5882 2
5883 3
5884 2
5885 3
5886 1
5887 3
5888 1
5889 3
5890 3
5891 4
5892 2
5893 2
5894 3
5895 4
5896 2
5897 0
5898 3
5899 3
5900 3
5901 7
5902 7
5903 8
5904 8
5905 9
5906 9
5907 8
5908 8
5909 7
5910 6
5911 9
5912 10
5913 7
5914 5
5915 3
5916 3
5917 1
5918 3
5919 4
5920 3
5921 5
5922 5
5923 7
5924 7
5925 5
5926 4
5927 1
5928 5
5929 7
5930 9
5931 8
5932 6
5933 7
5934 7
5935 5
5936 6
5937 5
5938 4
5939 4
5940 1
5941 5
5942 4
5943 4
5944 2
5945 5
5946 3
5947 4
5948 4
5949 3
5950 3
5951 3
5952 2
5953 4
5954 3
5955 1
5956 3
5957 3
5958 2
5959 2
5960 2
5961 3
5962 4
5963 4
5964 4
5965 2
5966 3
5967 2
5968 2
5969 2
5970 2
5971 2
5972 3
5973 3
5974 3
5975 2
5976 1
5977 3
5978 3
5979 2
5980 1
5981 2
5982 1
5983 2
5984 3
5985 3
5986 2
5987 2
5988 1
5989 3
5990 1
5991 1
5992 3
5993 4
5994 4
5995 4
5996 1
5997 3
5998 2
5999 2
6000 3
6001 3
6002 3
6003 4
6004 3
6005 3
6006 4
6007 4
6008 3
6009 3
6010 2
6011 3
6012 2
6013 2
6014 2
6015 2
6016 5
6017 5
6018 3
6019 2
6020 1
6021 3
6022 1
6023 1
6024 1
6025 3
6026 4
6027 3
6028 3
6029 2
6030 4
6031 1
6032 2
6033 4
6034 4
6035 4
6036 3
6037 1
6038 3
6039 1
6040 2
6041 2
6042 1
6043 2
6044 3
6045 4
6046 4
6047 2
6048 3
6049 2
6050 0
6051 0
6052 4
6053 2
6054 3
6055 2
6056 4
6057 2
6058 1
6059 0
6060 1
6061 4
6062 3
6063 2
6064 3
6065 1
6066 4
6067 4
6068 4
6069 3
6070 1
6071 2
6072 3
6073 5
6074 5
6075 3
6076 4
6077 3
6078 2
6079 2
6080 3
6081 3
6082 4
6083 4
6084 3
6085 3
6086 2
6087 3
6088 2
6089 1
6090 3
6091 2
6092 3
6093 2
6094 2
6095 1
6096 2
6097 1
6098 3
6099 2
6100 4
6101 4
6102 5
6103 5
6104 7
6105 7
6106 6
6107 5
6108 4
6109 2
6110 3
6111 3
6112 6
6113 3
6114 4
6115 4
6116 6
6117 7
6118 7
6119 7
6120 4
6121 4
6122 2
6123 5
6124 5
6125 4
6126 3
6127 3
6128 2
6129 1
6130 3
6131 4
6132 3
6133 2
6134 1
6135 2
6136 2
6137 2
6138 4
6139 2
6140 2
6141 1
6142 2
6143 4
6144 3
6145 2
6146 5
6147 3
6148 3
6149 2
6150 3
6151 3
6152 2
6153 4
6154 2
6155 3
6156 2
6157 3
6158 5
6159 5
6160 5
6161 7
6162 8
6163 10
6164 9
6165 8
6166 7
6167 5
6168 2
6169 1
6170 1
6171 3
6172 3
6173 4
6174 4
6175 3
6176 3
6177 1
6178 3
6179 1
6180 4
6181 2
6182 3
6183 1
6184 5
6185 4
6186 2
6187 4
6188 4
6189 2
6190 4
6191 5
6192 6
6193 4
6194 2
6195 5
6196 5
6197 5
6198 7
6199 4
6200 2
6201 3
6202 5
6203 7
6204 6
6205 8
6206 7
6207 7
6208 8
6209 6
6210 6
6211 6
6212 6
6213 3
6214 4
6215 2
6216 1
6217 1
6218 5
6219 7
6220 8
6221 6
6222 4
6223 5
6224 7
6225 7
6226 5
6227 4
6228 4
6229 4
6230 5
6231 5
6232 5
6233 5
6234 4
6235 5
6236 5
6237 3
6238 4
6239 2
6240 2
6241 1
6242 5
6243 4
6244 4
6245 3
6246 3
6247 1
6248 5
6249 4
6250 3
6251 2
6252 3
6253 0
6254 3
6255 5
6256 3
6257 3
6258 2
6259 0
6260 1
6261 1
6262 1
6263 3
6264 1
6265 3
6266 2
6267 3
6268 2
6269 5
6270 5
6271 7
6272 5
6273 2
6274 4
6275 2
6276 1
6277 1
6278 3
6279 3
6280 4
6281 5
6282 5
6283 4
6284 4
6285 4
6286 5
6287 4
6288 3
6289 2
6290 3
6291 0
6292 1
6293 3
6294 3
6295 2
6296 4
6297 4
6298 3
6299 2
6300 3
6301 3
6302 2
6303 3
6304 3
6305 0
6306 2
6307 1
6308 1
6309 3
6310 2
6311 1
6312 3
6313 2
6314 4
6315 3
6316 3
6317 4
6318 5
6319 3
6320 3
6321 2
6322 1
6323 2
6324 4
6325 2
6326 2
6327 3
6328 2
6329 2
6330 3
6331 0
6332 1
6333 4
6334 2
6335 1
6336 6
6337 6
6338 6
6339 5
6340 4
6341 4
6342 6
6343 5
6344 6
6345 7
6346 6
6347 7
6348 5
6349 3
6350 2
6351 3
6352 2
6353 5
6354 3
6355 1
6356 1
6357 2
6358 2
6359 3
6360 1
6361 3
6362 0
6363 0
6364 3
6365 3
6366 3
6367 5
6368 5
6369 5
6370 5
6371 7
6372 4
6373 4
6374 4
6375 5
6376 6
6377 7
6378 6
6379 5
6380 3
6381 4
6382 4
6383 3
6384 2
6385 3
6386 1
6387 1
6388 3
6389 1
6390 0
6391 3
6392 2
6393 3
6394 3
6395 3
6396 2
6397 2
6398 3
6399 3
6400 0
6401 1
6402 2
6403 0
6404 3
6405 2
6406 2
6407 3
6408 3
6409 3
6410 4
6411 5
6412 5
6413 5
6414 3
6415 2
6416 1
6417 2
6418 2
6419 2
6420 2
6421 5
6422 3
6423 1
6424 1
6425 4
6426 3
6427 1
6428 2
6429 3
6430 2
6431 4
6432 3
6433 5
6434 3
6435 6
6436 5
6437 3
6438 4
6439 2
6440 5
6441 5
6442 4
6443 4
6444 2
6445 2
6446 2
6447 1
6448 6
6449 8
6450 9
6451 7
6452 7
6453 7
6454 5
6455 4
6456 4
6457 4
6458 4
6459 2
6460 2
6461 3
6462 2
6463 2
6464 1
6465 1
6466 2
6467 3
6468 3
6469 5
6470 3
6471 3
6472 0
6473 2
6474 3
6475 5
6476 5
6477 4
6478 6
6479 5
6480 5
6481 4
6482 7
6483 8
6484 5
6485 4
6486 3
6487 2
6488 3
6489 4
6490 3
6491 3
6492 4
6493 2
6494 2
6495 2
6496 2
6497 4
6498 1
6499 2
6500 4
6501 3
6502 3
6503 1
6504 3
6505 1
6506 4
6507 1
6508 1
6509 5
6510 4
6511 4
6512 3
6513 3
6514 3
6515 1
6516 4
6517 4
6518 2
6519 2
6520 3
6521 5
6522 4
6523 1
6524 3
6525 4
6526 5
6527 5
6528 3
6529 3
6530 6
6531 5
6532 6
6533 5
6534 2
6535 2
6536 2
6537 3
6538 5
6539 6
6540 7
6541 7
6542 6
6543 6
6544 7
6545 9
6546 8
6547 8
6548 8
6549 7
6550 6
6551 7
6552 6
6553 4
6554 5
6555 6
6556 5
6557 5
6558 3
6559 1
6560 3
6561 2
6562 3
6563 3
6564 4
6565 2
6566 4
6567 1
6568 2
6569 1
6570 1
6571 2
6572 3
6573 3
6574 1
6575 3
6576 0
6577 1
6578 1
6579 1
6580 3
6581 3
6582 2
6583 0
6584 1
6585 2
6586 2
6587 2
6588 3
6589 1
6590 1
6591 3
6592 3
6593 3
6594 3
6595 2
6596 2
6597 2
6598 2
6599 3
6600 3
6601 3
6602 3
6603 2
6604 5
6605 7
6606 5
6607 5
6608 5
6609 5
6610 7
6611 7
6612 6
6613 5
6614 6
6615 5
6616 3
6617 2
6618 4
6619 2
6620 1
6621 2
6622 4
6623 4
6624 4
6625 4
6626 3
6627 4
6628 1
6629 3
6630 3
6631 0
6632 2
6633 2
6634 3
6635 3
6636 2
6637 2
6638 1
6639 2
6640 3
6641 4
6642 3
6643 3
6644 5
6645 4
6646 6
6647 3
6648 4
6649 4
6650 5
6651 4
6652 2
6653 3
6654 3
6655 3
6656 2
6657 3
6658 3
6659 4
6660 5
6661 3
6662 3
6663 2
6664 0
6665 3
6666 4
6667 4
6668 4
6669 3
6670 1
6671 3
6672 3
6673 1
6674 2
6675 4
6676 2
6677 4
6678 4
6679 4
6680 4
6681 4
6682 2
6683 5
6684 5
6685 6
6686 6
6687 5
6688 6
6689 5
6690 3
6691 0
6692 3
6693 3
6694 2
6695 2
6696 3
6697 2
6698 2
6699 2
6700 3
6701 2
6702 4
6703 2
6704 3
6705 0
6706 2
6707 2
6708 5
6709 4
6710 4
6711 2
6712 3
6713 4
6714 3
6715 4
6716 3
6717 4
6718 6
6719 4
6720 5
6721 5
6722 4
6723 2
6724 3
6725 2
6726 2
6727 3
6728 4
6729 3
6730 5
6731 2
6732 3
6733 2
6734 1
6735 2
6736 0
6737 3
6738 3
6739 3
6740 0
6741 1
6742 2
6743 1
6744 2
6745 1
6746 4
6747 3
6748 2
6749 2
6750 1
6751 2
6752 1
6753 3
6754 3
6755 3
6756 1
6757 5
6758 3
6759 1
6760 2
6761 1
6762 1
6763 1
6764 2
6765 3
6766 3
6767 2
6768 1
6769 4
6770 2
6771 2
6772 1
6773 2
6774 2
6775 1
6776 2
6777 2
6778 1
6779 3
6780 4
6781 2
6782 1
6783 5
6784 3
6785 3
6786 2
6787 5
6788 6
6789 5
6790 3
6791 3
6792 1
6793 2
6794 2
6795 2
6796 2
6797 3
6798 3
6799 3
6800 2
6801 2
6802 3
6803 3
6804 3
6805 5
6806 4
6807 4
6808 4
6809 3
6810 4
6811 2
6812 3
6813 3
6814 3
6815 3
6816 3
6817 4
6818 5
6819 7
6820 8
6821 8
6822 7
6823 4
6824 3
6825 2
6826 3
6827 1
6828 4
6829 4
6830 1
6831 2
6832 2
6833 6
6834 7
6835 7
6836 5
6837 4
6838 4
6839 3
6840 2
6841 3
6842 2
6843 0
6844 0
6845 3
6846 2
6847 2
6848 5
6849 5
6850 5
6851 3
6852 1
6853 1
6854 2
6855 4
6856 2
6857 3
6858 2
6859 5
6860 4
6861 5
6862 2
6863 3
6864 1
6865 4
6866 4
6867 4
6868 2
6869 2
6870 3
6871 4
6872 3
6873 2
6874 2
6875 3
6876 5
6877 3
6878 0
6879 3
6880 1
6881 1
6882 3
6883 1
6884 4
6885 4
6886 3
6887 3
6888 3
6889 1
6890 1
6891 2
6892 1
6893 2
6894 4
6895 4
6896 2
6897 3
6898 4
6899 3
6900 1
6901 2
6902 2
6903 1
6904 2
6905 4
6906 3
6907 3
6908 2
6909 4
6910 4
6911 3
6912 4
6913 4
6914 4
6915 4
6916 2
6917 2
6918 0
6919 4
6920 3
6921 2
6922 0
6923 5
6924 6
6925 8
6926 7
6927 7
6928 6
6929 5
6930 4
6931 4
6932 2
6933 2
6934 2
6935 4
6936 4
6937 2
6938 1
6939 2
6940 4
6941 5
6942 7
6943 7
6944 6
6945 6
6946 6
6947 7
6948 7
6949 4
6950 5
6951 3
6952 1
6953 1
6954 5
6955 4
6956 1
6957 2
6958 1
6959 5
6960 4
6961 4
6962 4
6963 1
6964 1
6965 3
6966 4
6967 4
6968 3
6969 3
6970 2
6971 3
6972 3
6973 2
6974 1
6975 5
6976 2
6977 2
6978 4
6979 5
6980 5
6981 5
6982 3
6983 2
6984 4
6985 3
6986 4
6987 2
6988 2
6989 2
6990 4
6991 2
6992 2
6993 4
6994 3
6995 3
6996 2
6997 1
6998 2
6999 2
7000 2
7001 1
7002 3
7003 3
7004 0
7005 3
7006 5
7007 5
7008 5
7009 5
7010 5
7011 4
7012 1
7013 0
7014 4
7015 3
7016 3
7017 0
7018 2
7019 3
7020 3
7021 3
7022 2
7023 1
7024 2
7025 6
7026 8
7027 8
7028 11
7029 10
7030 9
7031 10
7032 9
7033 10
7034 9
7035 10
7036 10
7037 10
7038 11
7039 12
7040 11
7041 10
7042 9
7043 11
7044 11
7045 11
7046 10
7047 10
7048 10
7049 11
7050 10
7051 8
7052 8
7053 7
7054 5
7055 3
7056 4
7057 3
7058 3
7059 2
7060 1
7061 2
7062 2
7063 2
7064 2
7065 1
7066 2
7067 1
7068 1
7069 2
7070 2
7071 3
7072 0
7073 3
7074 2
7075 1
7076 2
7077 3
7078 1
7079 2
7080 2
7081 3
7082 4
7083 4
7084 4
7085 4
7086 4
7087 1
7088 2
7089 3
7090 3
7091 2
7092 3
7093 1
7094 1
7095 4
7096 4
7097 3
7098 2
7099 1
7100 3
7101 2
7102 2
7103 2
7104 3
7105 1
7106 2
7107 2
7108 2
7109 3
7110 3
7111 3
7112 2
7113 0
7114 2
7115 3
7116 2
7117 4
7118 3
7119 4
7120 4
7121 3
7122 3
7123 3
7124 1
7125 3
7126 3
7127 4
7128 4
7129 4
7130 2
7131 3
7132 0
7133 2
7134 2
7135 6
7136 5
7137 6
7138 6
7139 5
7140 4
7141 5
7142 5
7143 2
7144 4
7145 3
7146 3
7147 4
7148 3
7149 2
7150 1
7151 3
7152 2
7153 4
7154 2
7155 0
7156 0
7157 3
7158 1
7159 3
7160 3
7161 2
7162 2
7163 2
7164 3
7165 1
7166 1
7167 2
7168 1
7169 1
7170 4
7171 3
7172 2
7173 2
7174 1
7175 4
7176 4
7177 3
7178 0
7179 4
7180 5
7181 5
7182 5
7183 3
7184 0
7185 3
7186 3
7187 4
7188 4
7189 4
7190 5
7191 3
7192 4
7193 3
7194 4
7195 4
7196 4
7197 3
7198 3
7199 1
7200 4
7201 2
7202 3
7203 3
7204 4
7205 1
7206 1
7207 1
7208 2
7209 3
7210 2
7211 2
7212 3
7213 0
7214 3
7215 4
7216 2
7217 3
7218 2
7219 3
7220 2
7221 2
7222 2
7223 4
7224 4
7225 3
7226 3
7227 4
7228 2
7229 2
7230 3
7231 2
7232 2
7233 3
7234 1
7235 4
7236 2
7237 1
7238 3
7239 4
7240 2
7241 0
7242 2
7243 3
7244 4
7245 5
7246 5
7247 4
7248 3
7249 4
7250 3
7251 3
7252 1
7253 5
7254 4
7255 4
7256 5
7257 5
7258 3
7259 1
7260 4
7261 5
7262 5
7263 4
7264 2
7265 2
7266 4
7267 3
7268 1
7269 4
7270 3
7271 5
7272 5
7273 5
7274 4
7275 5
7276 5
7277 5
7278 3
7279 4
7280 1
7281 3
7282 3
7283 3
7284 4
7285 4
7286 2
7287 4
7288 2
7289 4
7290 3
7291 3
7292 1
7293 6
7294 7
7295 6
7296 5
7297 3
7298 3
7299 1
7300 3
7301 2
7302 3
7303 1
7304 2
7305 2
7306 3
7307 4
7308 3
7309 2
7310 1
7311 3
7312 2
7313 0
7314 1
7315 3
7316 4
7317 2
7318 2
7319 3
7320 1
7321 2
7322 2
7323 1
7324 1
7325 4
7326 2
7327 1
7328 4
7329 3
7330 2
7331 1
7332 5
7333 5
7334 4
7335 4
7336 3
7337 5
7338 4
7339 2
7340 1
7341 2
7342 2
7343 4
7344 3
7345 1
7346 1
7347 2
7348 2
7349 3
7350 3
7351 2
7352 1
7353 4
7354 5
7355 4
7356 2
7357 1
7358 1
7359 2
7360 2
7361 3
7362 0
7363 3
7364 2
7365 2
7366 0
7367 1
7368 4
7369 4
7370 3
7371 4
7372 3
7373 1
7374 1
7375 4
7376 6
7377 8
7378 8
7379 10
7380 8
7381 8
7382 8
7383 8
7384 8
7385 8
7386 9
7387 8
7388 7
7389 7
7390 6
7391 5
7392 6
7393 5
7394 4
7395 6
7396 6
7397 5
7398 6
7399 5
7400 4
7401 5
7402 6
7403 6
7404 5
7405 4
7406 4
7407 6
7408 7
7409 7
7410 9
7411 9
7412 10
7413 7
7414 6
7415 4
7416 3
7417 3
7418 3
7419 2
7420 2
7421 0
7422 3
7423 4
7424 2
7425 4
7426 3
7427 2
7428 3
7429 1
7430 1
7431 0
7432 3
7433 2
7434 3
7435 1
7436 2
7437 3
7438 4
7439 5
7440 4
7441 4
7442 5
7443 5
7444 4
7445 4
7446 2
7447 2
7448 3
7449 1
7450 3
7451 1
7452 2
7453 3
7454 2
7455 1
7456 3
7457 4
7458 2
7459 3
7460 5
7461 4
7462 3
7463 4
7464 4
7465 3
7466 4
7467 3
7468 2
7469 1
7470 4
7471 4
7472 3
7473 2
7474 2
7475 3
7476 2
7477 3
7478 5
7479 5
7480 3
7481 4
7482 3
7483 1
7484 2
7485 2
7486 4
7487 4
7488 5
7489 5
7490 4
7491 4
7492 5
7493 5
7494 5
7495 4
7496 6
7497 6
7498 6
7499 4
7500 8
7501 7
7502 8
7503 6
7504 7
7505 5
7506 4
7507 2
7508 3
7509 4
7510 4
7511 3
7512 3
7513 5
7514 4
7515 4
7516 6
7517 4
7518 3
7519 3
7520 2
7521 3
7522 3
7523 1
7524 6
7525 8
7526 10
7527 8
7528 6
7529 4
7530 1
7531 2
7532 4
7533 4
7534 3
7535 1
7536 5
7537 3
7538 5
7539 4
7540 4
7541 4
7542 3
7543 1
7544 3
7545 3
7546 2
7547 4
7548 3
7549 2
7550 2
7551 4
7552 4
7553 5
7554 5
7555 3
7556 3
7557 3
7558 5
7559 5
7560 5
7561 5
7562 5
7563 4
7564 3
7565 1
7566 5
7567 3
7568 5
7569 6
7570 4
7571 2
7572 2
7573 3
7574 2
7575 0
7576 2
7577 2
7578 1
7579 1
7580 5
7581 5
7582 5
7583 6
7584 6
7585 6
7586 6
7587 6
7588 6
7589 8
7590 10
7591 11
7592 10
7593 7
7594 5
7595 4
7596 5
7597 4
7598 4
7599 2
7600 1
7601 1
7602 3
7603 2
7604 3
7605 2
7606 3
7607 4
7608 4
7609 2
7610 3
7611 4
7612 2
7613 3
7614 4
7615 5
7616 4
7617 3
7618 2
7619 2
7620 2
7621 2
7622 3
7623 3
7624 2
7625 3
7626 3
7627 1
7628 5
7629 6
7630 5
7631 5
7632 3
7633 3
7634 1
7635 2
7636 3
7637 4
7638 3
7639 1
7640 2
7641 2
7642 3
7643 2
7644 1
7645 2
7646 4
7647 3
7648 3
7649 3
7650 2
7651 2
7652 4
7653 3
7654 2
7655 2
7656 3
7657 1
7658 4
7659 4
7660 3
7661 4
7662 4
7663 6
7664 6
7665 6
7666 5
7667 4
7668 3
7669 1
7670 0
7671 2
7672 1
7673 2
7674 1
7675 2
7676 3
7677 2
7678 0
7679 1
7680 2
7681 2
7682 1
7683 3
7684 1
7685 2
7686 2
7687 1
7688 4
7689 5
7690 4
7691 6
7692 3
7693 2
7694 3
7695 6
7696 4
7697 3
7698 3
7699 4
7700 4
7701 5
7702 3
7703 2
7704 3
7705 0
7706 1
7707 4
7708 4
7709 1
7710 2
7711 1
7712 2
7713 1
7714 3
7715 0
7716 0
7717 3
7718 2
7719 2
7720 1
7721 2
7722 2
7723 1
7724 3
7725 2
7726 3
7727 2
7728 0
7729 1
7730 2
7731 3
7732 2
7733 3
7734 2
7735 4
7736 2
7737 2
7738 2
7739 3
7740 2
7741 4
7742 2
7743 2
7744 3
7745 1
7746 3
7747 6
7748 6
7749 4
7750 4
7751 5
7752 3
7753 1
7754 3
7755 3
7756 5
7757 3
7758 2
7759 2
7760 2
7761 3
7762 2
7763 5
7764 5
7765 6
7766 8
7767 9
7768 8
7769 7
7770 8
7771 7
7772 6
7773 4
7774 4
7775 1
7776 1
7777 4
7778 5
7779 5
7780 4
7781 3
7782 2
7783 3
7784 4
7785 5
7786 3
7787 5
7788 6
7789 5
7790 5
7791 5
7792 7
7793 7
7794 6
7795 6
7796 6
7797 6
7798 5
7799 4
7800 2
7801 3
7802 1
7803 3
7804 2
7805 1
7806 3
7807 3
7808 0
7809 3
7810 2
7811 2
7812 1
7813 5
7814 4
7815 5
7816 3
7817 3
7818 3
7819 2
7820 4
7821 3
7822 4
7823 2
7824 1
7825 0
7826 2
7827 2
7828 1
7829 4
7830 4
7831 2
7832 2
7833 3
7834 3
7835 1
7836 2
7837 1
7838 1
7839 1
7840 1
7841 1
7842 1
7843 2
7844 2
7845 4
7846 4
7847 3
7848 2
7849 3
7850 4
7851 3
7852 3
7853 3
7854 0
7855 5
7856 5
7857 6
7858 5
7859 4
7860 2
7861 3
7862 2
7863 4
7864 4
7865 3
7866 3
7867 3
7868 1
7869 1
7870 2
7871 6
7872 7
7873 8
7874 5
7875 5
7876 5
7877 5
7878 4
7879 4
7880 3
7881 4
7882 4
7883 5
7884 5
7885 6
7886 7
7887 7
7888 9
7889 8
7890 7
7891 6
7892 5
7893 3
7894 1
7895 2
7896 3
7897 2
7898 0
7899 0
7900 1
7901 3
7902 2
7903 2
7904 3
7905 2
7906 3
7907 0
7908 2
7909 3
7910 0
7911 2
7912 0
7913 3
7914 2
7915 3
7916 2
7917 1
7918 2
7919 1
7920 3
7921 2
7922 1
7923 2
7924 0
7925 2
7926 1
7927 2
7928 1
7929 2
7930 5
7931 6
7932 6
7933 5
7934 5
7935 3
7936 2
7937 1
7938 2
7939 3
7940 1
7941 3
7942 2
7943 2
7944 4
7945 3
7946 3
7947 4
7948 2
7949 4
7950 3
7951 2
7952 5
7953 4
7954 4
7955 5
7956 7
7957 7
7958 6
7959 4
7960 4
7961 4
7962 7
7963 8
7964 7
7965 7
7966 9
7967 9
7968 7
7969 8
7970 6
7971 8
7972 8
7973 8
7974 7
7975 6
7976 6
7977 5
7978 4
7979 2
7980 1
7981 2
7982 2
7983 3
7984 3
7985 4
7986 5
7987 5
7988 3
7989 4
7990 3
7991 2
7992 3
7993 2
7994 4
7995 4
7996 5
7997 5
7998 3
7999 1
8000 1
8001 1
8002 1
8003 4
8004 3
8005 3
8006 1
8007 1
8008 2
8009 3
8010 4
8011 6
8012 4
8013 3
8014 2
8015 1
8016 3
8017 3
8018 5
8019 5
8020 3
8021 2
8022 3
8023 1
8024 2
8025 0
8026 1
8027 5
8028 6
8029 6
8030 6
8031 8
8032 9
8033 7
8034 6
8035 5
8036 4
8037 4
8038 4
8039 4
8040 3
8041 5
8042 5
8043 4
8044 4
8045 3
8046 0
8047 5
8048 5
8049 4
8050 5
8051 5
8052 6
8053 6
8054 4
8055 3
8056 2
8057 2
8058 5
8059 3
8060 3
8061 3
8062 5
8063 4
8064 2
8065 3
8066 2
8067 2
8068 1
8069 2
8070 3
8071 1
8072 3
8073 2
8074 2
8075 2
8076 2
8077 2
8078 2
8079 2
8080 3
8081 1
8082 2
8083 4
8084 4
8085 3
8086 4
8087 3
8088 5
8089 6
8090 6
8091 6
8092 8
8093 8
8094 7
8095 7
8096 9
8097 10
8098 10
8099 8
8100 7
8101 9
8102 7
8103 5
8104 6
8105 7
8106 7
8107 7
8108 10
8109 8
8110 9
8111 10
8112 10
8113 8
8114 5
8115 3
8116 1
8117 5
8118 4
8119 2
8120 5
8121 5
8122 5
8123 3
8124 2
8125 3
8126 3
8127 3
8128 2
8129 3
8130 2
8131 2
8132 2
8133 2
8134 2
8135 2
8136 1
8137 4
8138 3
8139 4
8140 5
8141 3
8142 3
8143 3
8144 1
8145 2
8146 2
8147 3
8148 3
8149 0
8150 4
8151 4
8152 5
8153 4
8154 5
8155 4
8156 5
8157 3
8158 4
8159 3
8160 4
8161 4
8162 2
8163 2
8164 4
8165 3
8166 2
8167 4
8168 4
8169 5
8170 4
8171 4
8172 3
8173 4
8174 4
8175 4
8176 3
8177 5
8178 7
8179 5
8180 3
8181 2
8182 4
8183 3
8184 3
8185 2
8186 3
8187 3
8188 3
8189 2
8190 2
8191 3
8192 2
8193 2
8194 4
8195 2
8196 3
8197 2
8198 1
8199 3
8200 3
8201 3
8202 1
8203 5
8204 4
8205 3
8206 1
8207 4
8208 4
8209 3
8210 4
8211 3
8212 3
8213 3
8214 2
8215 3
8216 3
8217 3
8218 1
8219 2
8220 4
8221 5
8222 5
8223 3
8224 2
8225 3
8226 1
8227 2
8228 5
8229 5
8230 5
8231 6
8232 6
8233 6
8234 5
8235 3
8236 1
8237 0
8238 2
8239 1
8240 2
8241 2
8242 4
8243 5
8244 6
8245 7
8246 7
8247 8
8248 8
8249 6
8250 6
8251 5
8252 4
8253 3
8254 3
8255 2
8256 0
8257 2
8258 1
8259 4
8260 5
8261 4
8262 1
8263 2
8264 3
8265 1
8266 3
8267 2
8268 3
8269 1
8270 1
8271 3
8272 4
8273 3
8274 3
8275 3
8276 5
8277 5
8278 5
8279 3
8280 1
8281 2
8282 4
8283 2
8284 1
8285 3
8286 4
8287 5
8288 5
8289 5
8290 4
8291 3
8292 1
8293 4
8294 6
8295 7
8296 8
8297 8
8298 6
8299 5
8300 6
8301 5
8302 4
8303 2
8304 1
8305 2
8306 2
8307 2
8308 2
8309 3
8310 2
8311 4
8312 3
8313 3
8314 1
8315 3
8316 3
8317 2
8318 3
8319 2
8320 3
8321 5
8322 3
8323 2
8324 4
8325 4
8326 5
8327 4
8328 3
8329 2
8330 5
8331 6
8332 4
8333 6
8334 6
8335 6
8336 5
8337 5
8338 7
8339 8
8340 10
8341 10
8342 8
8343 9
8344 9
8345 9
8346 9
8347 7
8348 7
8349 7
8350 8
8351 9
8352 7
8353 6
8354 7
8355 5
8356 6
8357 6
8358 5
8359 4
8360 4
8361 2
8362 4
8363 6
8364 6
8365 6
8366 6
8367 3
8368 2
8369 2
8370 2
8371 3
8372 3
8373 2
8374 2
8375 2
8376 3
8377 3
8378 3
8379 0
8380 2
8381 4
8382 4
8383 4
8384 5
8385 5
8386 3
8387 3
8388 1
8389 5
8390 4
8391 6
8392 6
8393 6
8394 5
8395 3
8396 3
8397 3
8398 1
8399 4
8400 6
8401 5
8402 6
8403 5
8404 4
8405 5
8406 6
8407 4
8408 3
8409 4
8410 4
8411 5
8412 7
8413 7
8414 8
8415 9
8416 11
8417 11
8418 12
8419 12
8420 9
8421 8
8422 6
8423 4
8424 2
8425 3
8426 2
8427 4
8428 3
8429 2
8430 1
8431 3
8432 2
8433 3
8434 4
8435 3
8436 3
8437 1
8438 2
8439 1
8440 3
8441 3
8442 4
8443 5
8444 4
8445 3
8446 2
8447 4
8448 4
8449 2
8450 3
8451 1
8452 1
8453 3
8454 3
8455 4
8456 5
8457 5
8458 4
8459 5
8460 3
8461 4
8462 4
8463 4
8464 3
8465 0
8466 0
8467 1
8468 2
8469 4
8470 4
8471 2
8472 3
8473 2
8474 2
8475 2
8476 2
8477 3
8478 3
8479 1
8480 1
8481 1
8482 3
8483 1
8484 5
8485 5
8486 6
8487 7
8488 7
8489 6
8490 6
8491 5
8492 4
8493 2
8494 3
8495 4
8496 3
8497 2
8498 3
8499 1
8500 0
8501 2
8502 2
8503 2
8504 2
8505 2
8506 1
8507 3
8508 4
8509 3
8510 3
8511 5
8512 3
8513 1
8514 4
8515 4
8516 5
8517 6
8518 4
8519 2
8520 3
8521 2
8522 1
8523 4
8524 3
8525 4
8526 4
8527 2
8528 5
8529 4
8530 5
8531 3
8532 2
8533 1
8534 3
8535 1
8536 2
8537 4
8538 4
8539 4
8540 6
8541 7
8542 9
8543 10
8544 10
8545 9
8546 9
8547 9
8548 10
8549 9
8550 8
8551 10
8552 9
8553 7
8554 8
8555 10
8556 10
8557 11
8558 13
8559 11
8560 9
8561 10
8562 10
8563 10
8564 11
8565 12
8566 12
8567 11
8568 10
8569 8
8570 10
8571 8
8572 6
8573 6
8574 6
8575 5
8576 6
8577 4
8578 3
8579 5
8580 3
8581 3
8582 2
8583 3
8584 3
8585 1
8586 3
8587 0
8588 4
8589 3
8590 3
8591 2
8592 4
8593 3
8594 2
8595 3
8596 3
8597 2
8598 4
8599 5
8600 4
8601 3
8602 2
8603 2
8604 1
8605 4
8606 4
8607 2
8608 2
8609 3
8610 1
8611 0
8612 3
8613 5
8614 5
8615 8
8616 9
8617 10
8618 12
8619 12
8620 12
8621 10
8622 11
8623 9
8624 9
8625 8
8626 7
8627 5
8628 6
8629 6
8630 6
8631 5
8632 3
8633 4
8634 1
8635 2
8636 3
8637 2
8638 2
8639 2
8640 4
8641 4
8642 4
8643 3
8644 2
8645 5
8646 4
8647 1
8648 2
8649 3
8650 4
8651 1
8652 3
8653 3
8654 4
8655 3
8656 3
8657 2
8658 2
8659 3
8660 2
8661 1
8662 1
8663 3
8664 3
8665 2
8666 3
8667 7
8668 7
8669 8
8670 7
8671 6
8672 7
8673 8
8674 8
8675 8
8676 7
8677 7
8678 7
8679 7
8680 8
8681 6
8682 9
8683 7
8684 7
8685 7
8686 9
8687 7
8688 8
8689 7
8690 7
8691 7
8692 5
8693 4
8694 3
8695 3
8696 0
8697 4
8698 2
8699 2
8700 3
8701 3
8702 6
8703 4
8704 3
8705 4
8706 4
8707 5
8708 4
8709 5
8710 6
8711 6
8712 5
8713 5
8714 4
8715 5
8716 7
8717 8
8718 7
8719 6
8720 7
8721 6
8722 4
8723 4
8724 4
8725 4
8726 2
8727 2
8728 4
8729 3
8730 3
8731 1
8732 2
8733 2
8734 3
8735 2
8736 3
8737 1
8738 2
8739 2
8740 3
8741 3
8742 3
8743 3
8744 3
8745 2
8746 2
8747 2
8748 0
8749 2
8750 3
8751 2
8752 1
8753 2
8754 2
8755 4
8756 4
8757 5
8758 4
8759 5
8760 5
8761 3
8762 3
8763 3
8764 4
8765 4
8766 4
8767 4
8768 5
8769 4
8770 5
8771 3
8772 2
8773 2
8774 2
8775 2
8776 0
8777 2
8778 3
8779 3
8780 4
8781 2
8782 4
8783 6
8784 9
8785 8
8786 10
8787 10
8788 10
8789 12
8790 12
8791 11
8792 13
8793 13
8794 13
8795 11
8796 11
8797 10
8798 11
8799 9
8800 9
8801 9
8802 9
8803 8
8804 9
8805 7
8806 8
8807 8
8808 7
8809 9
8810 8
8811 6
8812 5
8813 6
8814 5
8815 4
8816 3
8817 3
8818 2
8819 3
8820 2
8821 2
8822 2
8823 3
8824 2
8825 5
8826 7
8827 8
8828 8
8829 9
8830 9
8831 9
8832 9
8833 8
8834 5
8835 3
8836 3
8837 2
8838 2
8839 1
8840 4
8841 5
8842 6
8843 8
8844 8
8845 7
8846 5
8847 6
8848 6
8849 6
8850 6
8851 7
8852 7
8853 5
8854 4
8855 3
8856 0
8857 2
8858 1
8859 2
8860 3
8861 2
8862 3
8863 3
8864 3
8865 4
8866 4
8867 4
8868 4
8869 4
8870 5
8871 5
8872 5
8873 4
8874 1
8875 3
8876 4
8877 4
8878 4
8879 2
8880 1
8881 2
8882 3
8883 4
8884 1
8885 2
8886 3
8887 4
8888 2
8889 3
8890 2
8891 1
8892 1
8893 2
8894 2
8895 1
8896 1
8897 4
8898 4
8899 3
8900 2
8901 3
8902 0
8903 1
8904 1
8905 1
8906 4
8907 4
8908 5
8909 3
8910 2
8911 2
8912 1
8913 3
8914 2
8915 2
8916 2
8917 1
8918 4
8919 3
8920 3
8921 2
8922 2
8923 5
8924 6
8925 5
8926 6
8927 5
8928 3
8929 1
8930 4
8931 3
8932 2
8933 2
8934 4
8935 3
8936 3
8937 2
8938 0
8939 1
8940 3
8941 2
8942 1
8943 1
8944 2
8945 1
8946 3
8947 2
8948 4
8949 3
8950 3
8951 2
8952 1
8953 3
8954 1
8955 3
8956 4
8957 4
8958 5
8959 6
8960 6
8961 6
8962 5
8963 4
8964 4
8965 2
8966 2
8967 4
8968 1
8969 2
8970 2
8971 3
8972 4
8973 1
8974 4
8975 5
8976 6
8977 4
8978 5
8979 5
8980 3
8981 0
8982 3
8983 2
8984 3
8985 2
8986 1
8987 2
8988 2
8989 4
8990 2
8991 2
8992 2
8993 5
8994 7
8995 5
8996 4
8997 4
8998 2
8999 3
9000 1
9001 2
9002 4
9003 3
9004 3
9005 2
9006 3
9007 2
9008 1
9009 1
9010 3
9011 1
9012 3
9013 3
9014 0
9015 2
9016 2
9017 2
9018 3
9019 3
9020 2
9021 2
9022 3
9023 3
9024 4
9025 2
9026 2
9027 2
9028 4
9029 4
9030 3
9031 3
9032 5
9033 5
9034 5
9035 6
9036 6
9037 9
9038 10
9039 9
9040 10
9041 10
9042 9
9043 9
9044 9
9045 8
9046 9
9047 10
9048 10
9049 9
9050 8
9051 7
9052 5
9053 5
9054 3
9055 4
9056 4
9057 1
9058 2
9059 1
9060 3
9061 1
9062 1
9063 2
9064 6
9065 5
9066 2
9067 4
9068 4
9069 3
9070 2
9071 3
9072 4
9073 4
9074 3
9075 2
9076 0
9077 3
9078 4
9079 4
9080 3
9081 0
9082 3
9083 2
9084 5
9085 4
9086 2
9087 3
9088 2
9089 2
9090 2
9091 3
9092 3
9093 2
9094 2
9095 2
9096 3
9097 3
9098 1
9099 2
9100 1
9101 2
9102 3
9103 3
9104 3
9105 3
9106 3
9107 2
9108 1
9109 1
9110 1
9111 0
9112 3
9113 2
9114 3
9115 5
9116 5
9117 2
9118 4
9119 2
9120 4
9121 2
9122 1
9123 3
9124 1
9125 2
9126 1
9127 1
9128 3
9129 5
9130 4
9131 2
9132 3
9133 3
9134 3
9135 6
9136 6
9137 7
9138 8
9139 9
9140 6
9141 5
9142 5
9143 4
9144 5
9145 3
9146 3
9147 2
9148 3
9149 2
9150 2
9151 1
9152 3
9153 3
9154 2
9155 3
9156 1
9157 3
9158 3
9159 3
9160 3
9161 3
9162 0
9163 2
9164 0
9165 3
9166 2
9167 4
9168 2
9169 2
9170 2
9171 3
9172 5
9173 3
9174 2
9175 3
9176 2
9177 3
9178 4
9179 3
9180 3
9181 1
9182 3
9183 3
9184 4
9185 4
9186 4
9187 4
9188 4
9189 6
9190 5
9191 2
9192 4
9193 5
9194 6
9195 6
9196 6
9197 4
9198 4
9199 3
9200 3
9201 4
9202 2
9203 1
9204 2
9205 5
9206 4
9207 4
9208 3
9209 3
9210 2
9211 2
9212 0
9213 5
9214 5
9215 4
9216 4
9217 1
9218 4
9219 3
9220 1
9221 2
9222 3
9223 5
9224 4
9225 3
9226 1
9227 1
9228 3
9229 1
9230 5
9231 4
9232 5
9233 5
9234 5
9235 5
9236 6
9237 6
9238 5
9239 2
9240 3
9241 3
9242 2
9243 1
9244 3
9245 2
9246 3
9247 2
9248 2
9249 2
9250 3
9251 2
9252 4
9253 4
9254 6
9255 5
9256 5
9257 3
9258 3
9259 4
9260 4
9261 3
9262 4
9263 3
9264 2
9265 1
9266 3
9267 2
9268 2
9269 2
9270 4
9271 4
9272 2
9273 4
9274 5
9275 5
9276 3
9277 5
9278 6
9279 6
9280 7
9281 6
9282 7
9283 8
9284 8
9285 6
9286 7
9287 6
9288 8
9289 7
9290 7
9291 9
9292 11
9293 11
9294 9
9295 10
9296 9
9297 8
9298 10
9299 8
9300 8
9301 13
9302 12
9303 11
9304 11
9305 11
9306 10
9307 10
9308 10
9309 10
9310 11
9311 10
9312 9
9313 8
9314 8
9315 7
9316 6
9317 3
9318 4
9319 4
9320 4
9321 4
9322 3
9323 5
9324 3
9325 3
9326 3
9327 2
9328 2
9329 3
9330 3
9331 3
9332 3
9333 4
9334 5
9335 7
9336 6
9337 5
9338 5
9339 6
9340 6
9341 6
9342 10
9343 11
9344 11
9345 12
9346 10
9347 9
9348 7
9349 5
9350 7
9351 7
9352 8
9353 9
9354 10
9355 10
9356 11
9357 8
9358 6
9359 6
9360 4
9361 4
9362 3
9363 2
9364 1
9365 2
9366 2
9367 3
9368 2
9369 1
9370 3
9371 3
9372 3
9373 3
9374 3
9375 1
9376 2
9377 2
9378 2
9379 4
9380 4
9381 4
9382 6
9383 6
9384 5
9385 5
9386 4
9387 2
9388 2
9389 2
9390 4
9391 3
9392 4
9393 4
9394 3
9395 2
9396 2
9397 1
9398 2
9399 3
9400 2
9401 4
9402 3
9403 1
9404 1
9405 1
9406 3
9407 1
9408 1
9409 2
9410 4
9411 4
9412 2
9413 4
9414 3
9415 2
9416 4
9417 2
9418 3
9419 1
9420 3
9421 1
9422 2
9423 4
9424 3
9425 3
9426 5
9427 5
9428 5
9429 6
9430 6
9431 6
9432 8
9433 8
9434 7
9435 6
9436 6
9437 4
9438 4
9439 3
9440 4
9441 2
9442 5
9443 6
9444 8
9445 7
9446 8
9447 8
9448 7
9449 8
9450 7
9451 8
9452 8
9453 6
9454 5
9455 7
9456 9
9457 9
9458 11
9459 10
9460 9
9461 8
9462 9
9463 9
9464 9
9465 9
9466 8
9467 10
9468 10
9469 10
9470 10
9471 11
9472 9
9473 6
9474 5
9475 5
9476 3
9477 2
9478 2
9479 2
9480 2
9481 4
9482 3
9483 3
9484 3
9485 3
9486 1
9487 1
9488 1
9489 0
9490 2
9491 1
9492 4
9493 3
9494 4
9495 3
9496 1
9497 1
9498 2
9499 1
9500 1
9501 2
9502 1
9503 2
9504 2
9505 2
9506 4
9507 1
9508 1
9509 2
9510 4
9511 4
9512 2
9513 4
9514 5
9515 4
9516 3
9517 3
9518 2
9519 3
9520 5
9521 6
9522 7
9523 7
9524 7
9525 6
9526 7
9527 7
9528 8
9529 7
9530 8
9531 11
9532 10
9533 8
9534 8
9535 8
9536 8
9537 8
9538 6
9539 6
9540 4
9541 5
9542 3
9543 4
9544 4
9545 3
9546 4
9547 5
9548 4
9549 3
9550 4
9551 4
9552 3
9553 5
9554 6
9555 5
9556 6
9557 6
9558 7
9559 6
9560 6
9561 6
9562 5
9563 4
9564 3
9565 1
9566 5
9567 5
9568 3
9569 1
9570 2
9571 0
9572 3
9573 1
9574 5
9575 5
9576 3
9577 3
9578 1
9579 1
9580 2
9581 1
9582 5
9583 3
9584 5
9585 5
9586 7
9587 8
9588 7
9589 5
9590 4
9591 4
9592 3
9593 0
9594 5
9595 3
9596 3
9597 5
9598 6
9599 5
9600 4
9601 7
9602 7
9603 6
9604 5
9605 5
9606 3
9607 4
9608 2
9609 3
9610 5
9611 5
9612 7
9613 8
9614 7
9615 5
9616 6
9617 4
9618 5
9619 5
9620 5
9621 3
9622 3
9623 0
9624 4
9625 4
9626 3
9627 3
9628 4
9629 3
9630 0
9631 1
9632 3
9633 2
9634 4
9635 3
9636 5
9637 6
9638 5
9639 4
9640 2
9641 2
9642 2
9643 3
9644 3
9645 3
9646 5
9647 6
9648 5
9649 5
9650 4
9651 5
9652 4
9653 3
9654 0
9655 5
9656 3
9657 4
9658 3
9659 2
9660 3
9661 5
9662 6
9663 6
9664 4
9665 6
9666 8
9667 10
9668 11
9669 10
9670 9
9671 9
9672 10
9673 9
9674 7
9675 4
9676 4
9677 4
9678 4
9679 5
9680 5
9681 4
9682 3
9683 4
9684 5
9685 5
9686 5
9687 4
9688 3
9689 4
9690 3
9691 1
9692 3
9693 2
9694 0
9695 3
9696 2
9697 4
9698 3
9699 3
9700 1
9701 2
9702 5
9703 7
9704 7
9705 4
9706 4
9707 4
9708 3
9709 3
9710 3
9711 5
9712 4
9713 5
9714 3
9715 3
9716 3
9717 4
9718 2
9719 3
9720 1
9721 3
9722 2
9723 1
9724 3
9725 2
9726 2
9727 4
9728 2
9729 0
9730 3
9731 2
9732 3
9733 4
9734 5
9735 4
9736 3
9737 4
9738 2
9739 3
9740 3
9741 4
9742 4
9743 4
9744 3
9745 2
9746 1
9747 2
9748 2
9749 2
9750 2
9751 1
9752 2
9753 4
9754 4
9755 4
9756 2
9757 1
9758 3
9759 3
9760 3
9761 2
9762 2
9763 2
9764 4
9765 2
9766 4
9767 3
9768 3
9769 2
9770 3
9771 3
9772 4
9773 4
9774 1
9775 1
9776 3
9777 2
9778 1
9779 3
9780 3
9781 2
9782 2
9783 1
9784 2
9785 3
9786 4
9787 4
9788 2
9789 4
9790 6
9791 6
9792 5
9793 7
9794 7
9795 6
9796 7
9797 6
9798 5
9799 6
9800 6
9801 7
9802 5
9803 5
9804 5
9805 5
9806 5
9807 4
9808 5
9809 4
9810 5
9811 6
9812 5
9813 3
9814 4
9815 4
9816 1
9817 4
9818 2
9819 4
9820 1
9821 1
9822 3
9823 4
9824 2
9825 1
9826 4
9827 2
9828 2
9829 3
9830 2
9831 3
9832 2
9833 0
9834 1
9835 1
9836 3
9837 2
9838 3
9839 1
9840 1
9841 0
9842 1
9843 5
9844 4
9845 5
9846 5
9847 3
9848 3
9849 1
9850 4
9851 4
9852 3
9853 3
9854 2
9855 3
9856 3
9857 0
9858 2
9859 4
9860 3
9861 2
9862 3
9863 2
9864 3
9865 3
9866 3
9867 4
9868 5
9869 5
9870 3
9871 2
9872 2
9873 0
9874 3
9875 3
9876 2
9877 3
9878 5
9879 4
9880 2
9881 1
9882 0
9883 2
9884 1
9885 3
9886 3
9887 2
9888 4
9889 4
9890 3
9891 2
9892 1
9893 4
9894 4
9895 4
9896 5
9897 5
9898 5
9899 5
9900 4
9901 2
9902 2
9903 2
9904 2
9905 1
9906 1
9907 1
9908 1
9909 3
9910 1
9911 2
9912 4
9913 5
9914 3
9915 3
9916 1
9917 2
9918 2
9919 2
9920 1
9921 3
9922 3
9923 4
9924 5
9925 5
9926 6
9927 6
9928 5
9929 3
9930 4
9931 3
9932 3
9933 4
9934 3
9935 2
9936 3
9937 1
9938 3
9939 4
9940 3
9941 4
9942 3
9943 0
9944 0
9945 4
9946 1
9947 1
9948 2
9949 2
9950 4
9951 1
9952 2
9953 3
9954 3
9955 2
9956 3
9957 3
9958 4
9959 5
9960 3
9961 4
9962 3
9963 0
9964 3
9965 2
9966 1
9967 4
9968 2
9969 4
9970 2
9971 4
9972 4
9973 3
9974 2
9975 3
9976 2
9977 2
9978 3
9979 4
9980 3
9981 3
9982 6
9983 3
9984 5
9985 4
9986 5
9987 6
9988 8
9989 8
9990 5
9991 4
9992 3
9993 3
9994 1
9995 2
9996 2
9997 1
9998 4
9999 3
