0 7
1 4
2 4
3 5
4 4
5 3
6 0
7 4
8 4
9 4
10 5
11 3
12 3
13 2
14 5
15 4
16 4
17 6
18 8
19 8
20 10
21 11
22 9
23 8
24 8
25 7
26 5
27 4
28 5
29 6
30 4
31 3
32 6
33 5
34 4
35 5
36 5
37 5
38 6
39 6
40 7
41 5
42 4
43 2
44 4
45 2
46 0
47 4
48 3
49 2
50 1
51 3
52 5
53 5
54 4
55 3
56 1
57 4
58 1
59 2
60 1
61 3
62 1
63 2
64 0
65 4
66 6
67 6
68 5
69 2
70 5
71 4
72 2
73 1
74 2
75 6
76 7
77 8
78 7
79 7
80 8
81 6
82 6
83 5
84 8
85 8
86 6
87 5
88 4
89 5
90 7
91 7
92 5
93 2
94 2
95 2
96 3
97 2
98 4
99 5
100 6
101 7
102 6
103 6
104 7
105 6
106 9
107 10
108 9
109 9
110 6
111 3
112 6
113 5
114 7
115 6
116 7
117 6
118 7
119 6
120 5
121 4
122 5
123 6
124 6
125 7
126 5
127 5
128 5
129 5
130 4
131 5
132 4
133 3
134 1
135 2
136 4
137 5
138 2
139 1
140 2
141 2
142 2
143 5
144 3
145 5
146 5
147 3
148 4
149 5
150 5
151 5
152 7
153 5
154 4
155 6
156 3
157 2
158 4
159 1
160 2
161 0
162 4
163 1
164 5
165 4
166 6
167 5
168 3
169 3
170 3
171 3
172 5
173 5
174 5
175 4
176 4
177 2
178 3
179 3
180 3
181 2
182 2
183 3
184 4
185 4
186 4
187 1
188 3
189 5
190 5
191 8
192 7
193 9
194 6
195 5
196 2
197 3
198 3
199 4
200 5
201 5
202 4
203 3
204 6
205 4
206 7
207 7
208 6
209 6
210 7
211 6
212 7
213 4
214 5
215 3
216 1
217 1
218 2
219 2
220 3
221 5
222 6
223 4
224 4
225 3
226 1
227 4
228 4
229 6
230 5
231 6
232 8
233 8
234 11
235 11
236 13
237 14
238 15
239 12
240 11
241 13
242 12
243 13
244 11
245 9
246 9
247 11
248 8
249 8
250 8
251 7
252 6
253 7
254 8
255 6
256 6
257 5
258 4
259 3
260 1
261 1
262 1
263 3
264 4
265 3
266 2
267 1
268 2
269 2
270 4
271 1
272 2
273 1
274 2
275 4
276 5
277 4
278 6
279 3
280 4
281 5
282 5
283 4
284 3
285 4
286 3
287 3
288 4
289 2
290 2
291 3
292 2
293 4
294 4
295 3
296 4
297 6
298 5
299 5
300 5
301 5
302 6
303 7
304 11
305 10
306 14
307 12
308 11
309 9
310 9
311 9
312 10
313 8
314 7
315 5
316 6
317 6
318 4
319 5
320 4
321 1
322 3
323 5
324 4
325 6
326 4
327 4
328 3
329 2
330 1
331 1
332 1
333 3
334 3
335 4
336 5
337 6
338 5
339 4
340 4
341 5
342 7
343 6
344 7
345 9
346 8
347 6
348 7
349 6
350 6
351 6
352 4
353 2
354 1
355 1
356 3
357 1
358 4
359 2
360 2
361 3
362 1
363 2
364 4
365 2
366 2
367 3
368 6
369 5
370 5
371 5
372 4
373 4
374 2
375 3
376 3
377 3
378 3
379 4
380 5
381 8
382 7
383 4
384 3
385 1
386 3
387 0
388 3
389 3
390 1
391 1
392 1
393 4
394 2
395 1
396 4
397 4
398 4
399 2
400 1
401 2
402 2
403 1
404 3
405 4
406 2
407 3
408 2
409 3
410 2
411 1
412 2
413 2
414 5
415 5
416 3
417 3
418 2
419 5
420 5
421 3
422 3
423 4
424 6
425 6
426 7
427 8
428 6
429 5
430 3
431 1
432 3
433 1
434 4
435 7
436 7
437 6
438 10
439 10
440 9
441 11
442 11
443 10
444 8
445 7
446 9
447 11
448 10
449 10
450 12
451 14
452 13
453 15
454 12
455 12
456 10
457 11
458 11
459 10
460 10
461 12
462 13
463 13
464 14
465 12
466 12
467 11
468 11
469 9
470 11
471 11
472 10
473 10
474 10
475 9
476 8
477 8
478 7
479 8
480 6
481 4
482 5
483 8
484 12
485 11
486 11
487 12
488 12
489 13
490 14
491 16
492 13
493 13
494 13
495 12
496 10
497 14
498 15
499 12
500 11
501 10
502 8
503 8
504 8
505 8
506 9
507 12
508 9
509 7
510 9
511 9
512 8
513 7
514 9
515 8
516 8
517 8
518 6
519 6
520 8
521 9
522 9
523 10
524 11
525 14
526 13
527 14
528 14
529 14
530 14
531 14
532 12
533 13
534 13
535 15
536 12
537 12
538 12
539 11
540 12
541 11
542 10
543 12
544 12
545 12
546 15
547 12
548 11
549 13
550 12
551 12
552 12
553 13
554 11
555 8
556 10
557 9
558 7
559 7
560 12
561 11
562 8
563 7
564 6
565 5
566 4
567 4
568 6
569 7
570 7
571 5
572 8
573 8
574 8
575 8
576 9
577 8
578 8
579 7
580 6
581 7
582 6
583 5
584 5
585 4
586 4
587 4
588 5
589 6
590 5
591 4
592 3
593 4
594 4
595 6
596 5
597 3
598 2
599 3
600 5
601 6
602 6
603 4
604 4
605 2
606 1
607 3
608 2
609 5
610 4
611 7
612 8
613 7
614 7
615 7
616 6
617 4
618 4
619 5
620 5
621 5
622 6
623 5
624 3
625 3
626 3
627 3
628 4
629 4
630 7
631 7
632 7
633 6
634 6
635 6
636 5
637 7
638 7
639 4
640 3
641 4
642 3
643 3
644 2
645 1
646 2
647 3
648 2
649 3
650 3
651 3
652 2
653 3
654 2
655 3
656 1
657 3
658 4
659 2
660 2
661 3
662 3
663 5
664 7
665 7
666 6
667 7
668 7
669 7
670 6
671 5
672 3
673 3
674 2
675 3
676 2
677 5
678 4
679 2
680 3
681 5
682 5
683 6
684 6
685 6
686 3
687 3
688 1
689 4
690 4
691 3
692 5
693 4
694 2
695 5
696 4
697 3
698 3
699 4
700 3
701 3
702 4
703 5
704 3
705 2
706 3
707 2
708 3
709 4
710 7
711 4
712 5
713 3
714 2
715 3
716 4
717 4
718 4
719 3
720 0
721 4
722 3
723 5
724 2
725 0
726 1
727 3
728 1
729 2
730 1
731 3
732 0
733 6
734 7
735 5
736 5
737 7
738 7
739 7
740 7
741 5
742 3
743 1
744 6
745 5
746 4
747 5
748 6
749 5
750 6
751 6
752 5
753 5
754 4
755 2
756 1
757 2
758 1
759 0
760 4
761 7
762 6
763 3
764 4
765 6
766 6
767 8
768 9
769 6
770 7
771 5
772 3
773 4
774 4
775 3
776 1
777 0
778 1
779 1
780 1
781 3
782 4
783 4
784 4
785 4
786 2
787 2
788 3
789 4
790 4
791 6
792 5
793 4
794 4
795 2
796 3
797 3
798 2
799 2
800 3
801 4
802 3
803 4
804 4
805 3
806 2
807 1
808 3
809 1
810 1
811 2
812 3
813 3
814 3
815 2
816 1
817 1
818 0
819 3
820 4
821 5
822 4
823 4
824 6
825 4
826 2
827 3
828 2
829 4
830 4
831 4
832 2
833 1
834 3
835 1
836 3
837 3
838 2
839 4
840 2
841 3
842 2
843 2
844 6
845 8
846 8
847 9
848 8
849 6
850 9
851 7
852 8
853 9
854 8
855 7
856 7
857 6
858 8
859 6
860 8
861 8
862 7
863 10
864 8
865 7
866 6
867 6
868 8
869 9
870 8
871 10
872 13
873 12
874 12
875 10
876 7
877 4
878 4
879 2
880 1
881 5
882 4
883 5
884 6
885 4
886 3
887 4
888 4
889 2
890 1
891 2
892 3
893 5
894 7
895 4
896 5
897 4
898 3
899 3
900 2
901 1
902 3
903 4
904 4
905 3
906 2
907 3
908 2
909 3
910 3
911 6
912 8
913 5
914 3
915 1
916 1
917 2
918 2
919 4
920 4
921 2
922 2
923 4
924 3
925 4
926 3
927 2
928 4
929 2
930 4
931 2
932 1
933 3
934 4
935 3
936 4
937 5
938 4
939 3
940 3
941 1
942 3
943 2
944 2
945 3
946 1
947 2
948 4
949 3
950 4
951 4
952 3
953 4
954 4
955 4
956 4
957 5
958 5
959 5
960 5
961 7
962 10
963 11
964 11
965 10
966 8
967 8
968 7
969 8
970 5
971 3
972 4
973 3
974 4
975 4
976 2
977 3
978 3
979 3
980 4
981 4
982 4
983 4
984 6
985 5
986 6
987 5
988 5
989 7
990 6
991 7
992 5
993 6
994 4
995 3
996 2
997 2
998 1
999 4
1000 2
1001 6
1002 7
1003 6
1004 5
1005 3
1006 3
1007 1
1008 3
1009 1
1010 3
1011 3
1012 5
1013 9
1014 12
1015 11
1016 10
1017 8
1018 5
1019 6
1020 3
1021 3
1022 3
1023 3
1024 6
1025 8
1026 8
1027 10
1028 11
1029 11
1030 11
1031 10
1032 10
1033 10
1034 12
1035 11
1036 10
1037 9
1038 8
1039 6
1040 8
1041 7
1042 6
1043 10
1044 9
1045 8
1046 8
1047 6
1048 3
1049 1
1050 2
1051 4
1052 3
1053 2
1054 2
1055 3
1056 2
1057 3
1058 4
1059 2
1060 1
1061 4
1062 4
1063 3
1064 2
1065 1
1066 3
1067 4
1068 2
1069 4
1070 8
1071 8
1072 6
1073 7
1074 7
1075 5
1076 2
1077 2
1078 1
1079 1
1080 4
1081 6
1082 3
1083 2
1084 3
1085 3
1086 3
1087 2
1088 5
1089 5
1090 6
1091 6
1092 6
1093 5
1094 7
1095 7
1096 5
1097 4
1098 5
1099 4
1100 3
1101 2
1102 5
1103 7
1104 8
1105 9
1106 8
1107 7
1108 4
1109 4
1110 4
1111 5
1112 6
1113 6
1114 7
1115 7
1116 6
1117 6
1118 4
1119 5
1120 4
1121 2
1122 1
1123 7
1124 6
1125 4
1126 2
1127 3
1128 3
1129 4
1130 6
1131 8
1132 7
1133 8
1134 8
1135 7
1136 11
1137 11
1138 11
1139 13
1140 13
1141 12
1142 10
1143 8
1144 7
1145 7
1146 5
1147 3
1148 2
1149 2
1150 4
1151 2
1152 1
1153 1
1154 4
1155 4
1156 3
1157 4
1158 1
1159 3
1160 3
1161 0
1162 3
1163 2
1164 2
1165 1
1166 2
1167 1
1168 4
1169 4
1170 4
1171 5
1172 3
1173 1
1174 2
1175 4
1176 2
1177 1
1178 3
1179 3
1180 4
1181 4
1182 4
1183 2
1184 3
1185 4
1186 3
1187 2
1188 3
1189 2
1190 3
1191 1
1192 2
1193 3
1194 4
1195 1
1196 2
1197 0
1198 4
1199 4
1200 4
1201 3
1202 5
1203 7
1204 6
1205 6
1206 6
1207 5
1208 4
1209 6
1210 9
1211 9
1212 8
1213 7
1214 7
1215 7
1216 8
1217 10
1218 8
1219 7
1220 6
1221 4
1222 4
1223 3
1224 4
1225 1
1226 1
1227 4
1228 3
1229 5
1230 6
1231 7
1232 5
1233 5
1234 4
1235 4
1236 4
1237 6
1238 3
1239 7
1240 6
1241 5
1242 5
1243 6
1244 8
1245 6
1246 5
1247 7
1248 8
1249 8
1250 9
1251 9
1252 6
1253 4
1254 6
1255 5
1256 6
1257 3
1258 5
1259 5
1260 5
1261 6
1262 6
1263 6
1264 5
1265 4
1266 4
1267 4
1268 2
1269 4
1270 3
1271 6
1272 7
1273 5
1274 3
1275 2
1276 2
1277 4
1278 6
1279 5
1280 4
1281 3
1282 4
1283 3
1284 5
1285 4
1286 4
1287 2
1288 4
1289 4
1290 5
1291 5
1292 5
1293 3
1294 2
1295 3
1296 4
1297 4
1298 1
1299 2
1300 2
1301 3
1302 1
1303 1
1304 3
1305 2
1306 0
1307 4
1308 3
1309 2
1310 0
1311 4
1312 2
1313 3
1314 2
1315 2
1316 1
1317 4
1318 5
1319 3
1320 1
1321 3
1322 1
1323 4
1324 4
1325 7
1326 5
1327 5
1328 4
1329 3
1330 3
1331 2
1332 3
1333 3
1334 4
1335 5
1336 4
1337 2
1338 2
1339 1
1340 3
1341 5
1342 3
1343 1
1344 3
1345 5
1346 6
1347 4
1348 5
1349 4
1350 2
1351 3
1352 3
1353 5
1354 3
1355 2
1356 2
1357 2
1358 1
1359 2
1360 1
1361 2
1362 2
1363 5
1364 3
1365 0
1366 0
1367 3
1368 2
1369 5
1370 5
1371 5
1372 5
1373 4
1374 3
1375 3
1376 2
1377 4
1378 3
1379 2
1380 3
1381 4
1382 8
1383 5
1384 6
1385 7
1386 9
1387 8
1388 7
1389 8
1390 6
1391 5
1392 7
1393 4
1394 4
1395 4
1396 3
1397 4
1398 3
1399 5
1400 6
1401 5
1402 5
1403 4
1404 6
1405 6
1406 4
1407 1
1408 5
1409 5
1410 3
1411 3
1412 2
1413 4
1414 4
1415 3
1416 3
1417 3
1418 4
1419 1
1420 3
1421 3
1422 0
1423 2
1424 4
1425 4
1426 2
1427 3
1428 1
1429 2
1430 0
1431 2
1432 0
1433 2
1434 1
1435 5
1436 4
1437 6
1438 6
1439 7
1440 5
1441 5
1442 7
1443 8
1444 7
1445 7
1446 4
1447 1
1448 4
1449 1
1450 1
1451 5
1452 4
1453 5
1454 3
1455 1
1456 2
1457 2
1458 2
1459 5
1460 2
1461 4
1462 2
1463 0
1464 1
1465 1
1466 3
1467 4
1468 3
1469 1
1470 3
1471 4
1472 4
1473 5
1474 4
1475 3
1476 2
1477 3
1478 5
1479 4
1480 4
1481 6
1482 4
1483 5
1484 4
1485 4
1486 3
1487 3
1488 2
1489 4
1490 2
1491 1
1492 7
1493 7
1494 7
1495 6
1496 7
1497 6
1498 5
1499 5
1500 5
1501 2
1502 1
1503 2
1504 1
1505 2
1506 1
1507 3
1508 2
1509 4
1510 3
1511 0
1512 4
1513 6
1514 5
1515 4
1516 4
1517 3
1518 3
1519 2
1520 3
1521 2
1522 5
1523 3
1524 2
1525 6
1526 7
1527 6
1528 7
1529 8
1530 9
1531 8
1532 9
1533 10
1534 10
1535 9
1536 10
1537 11
1538 12
1539 10
1540 10
1541 10
1542 10
1543 10
1544 12
1545 13
1546 14
1547 14
1548 17
1549 14
1550 14
1551 13
1552 13
1553 12
1554 10
1555 10
1556 9
1557 13
1558 14
1559 12
1560 11
1561 11
1562 9
1563 9
1564 10
1565 10
1566 12
1567 10
1568 9
1569 6
1570 4
1571 2
1572 5
1573 2
1574 1
1575 3
1576 3
1577 2
1578 1
1579 1
1580 3
1581 4
1582 6
1583 9
1584 10
1585 11
1586 10
1587 12
1588 13
1589 14
1590 14
1591 14
1592 12
1593 10
1594 10
1595 11
1596 10
1597 10
1598 9
1599 9
1600 8
1601 8
1602 8
1603 7
1604 10
1605 11
1606 9
1607 9
1608 8
1609 9
1610 8
1611 10
1612 11
1613 10
1614 8
1615 6
1616 5
1617 4
1618 3
1619 3
1620 5
1621 4
1622 5
1623 2
1624 4
1625 5
1626 8
1627 6
1628 5
1629 4
1630 5
1631 6
1632 6
1633 8
1634 9
1635 6
1636 7
1637 5
1638 4
1639 5
1640 5
1641 4
1642 5
1643 5
1644 4
1645 5
1646 4
1647 3
1648 3
1649 5
1650 6
1651 4
1652 4
1653 2
1654 7
1655 8
1656 6
1657 6
1658 7
1659 4
1660 3
1661 4
1662 2
1663 0
1664 2
1665 3
1666 2
1667 4
1668 4
1669 6
1670 7
1671 7
1672 5
1673 3
1674 2
1675 2
1676 2
1677 0
1678 2
1679 5
1680 3
1681 0
1682 0
1683 3
1684 2
1685 2
1686 4
1687 4
1688 4
1689 7
1690 7
1691 7
1692 7
1693 5
1694 3
1695 3
1696 2
1697 4
1698 4
1699 5
1700 2
1701 2
1702 4
1703 3
1704 6
1705 5
1706 6
1707 3
1708 4
1709 3
1710 4
1711 5
1712 6
1713 8
1714 7
1715 8
1716 8
1717 9
1718 8
1719 8
1720 8
1721 9
1722 6
1723 6
1724 5
1725 6
1726 3
1727 4
1728 4
1729 5
1730 5
1731 6
1732 4
1733 3
1734 2
1735 2
1736 4
1737 4
1738 4
1739 4
1740 2
1741 3
1742 5
1743 4
1744 6
1745 6
1746 5
1747 5
1748 6
1749 8
1750 6
1751 3
1752 1
1753 0
1754 5
1755 4
1756 3
1757 0
1758 2
1759 2
1760 2
1761 5
1762 5
1763 5
1764 4
1765 3
1766 5
1767 4
1768 5
1769 4
1770 6
1771 4
1772 6
1773 5
1774 8
1775 9
1776 9
1777 10
1778 9
1779 9
1780 9
1781 8
1782 7
1783 7
1784 6
1785 4
1786 4
1787 3
1788 2
1789 6
1790 4
1791 3
1792 4
1793 3
1794 2
1795 2
1796 4
1797 2
1798 5
1799 4
1800 6
1801 4
1802 2
1803 1
1804 1
1805 5
1806 6
1807 6
1808 8
1809 6
1810 4
1811 5
1812 6
1813 6
1814 4
1815 4
1816 4
1817 4
1818 5
1819 4
1820 5
1821 5
1822 3
1823 3
1824 1
1825 3
1826 2
1827 3
1828 3
1829 1
1830 1
1831 1
1832 3
1833 3
1834 7
1835 7
1836 9
1837 12
1838 11
1839 12
1840 12
1841 13
1842 13
1843 14
1844 15
1845 12
1846 9
1847 9
1848 8
1849 7
1850 9
1851 10
1852 10
1853 9
1854 8
1855 9
1856 9
1857 9
1858 9
1859 8
1860 8
1861 6
1862 7
1863 7
1864 5
1865 4
1866 3
1867 2
1868 3
1869 1
1870 3
1871 5
1872 5
1873 4
1874 6
1875 6
1876 8
1877 6
1878 7
1879 7
1880 5
1881 5
1882 5
1883 3
1884 6
1885 4
1886 2
1887 2
1888 2
1889 0
1890 3
1891 4
1892 4
1893 4
1894 4
1895 1
1896 2
1897 1
1898 3
1899 0
1900 2
1901 0
1902 4
1903 3
1904 3
1905 2
1906 3
1907 1
1908 2
1909 1
1910 3
1911 4
1912 4
1913 4
1914 6
1915 5
1916 7
1917 7
1918 8
1919 9
1920 6
1921 7
1922 8
1923 6
1924 4
1925 2
1926 1
1927 2
1928 0
1929 4
1930 4
1931 3
1932 3
1933 2
1934 4
1935 3
1936 1
1937 1
1938 4
1939 3
1940 4
1941 3
1942 2
1943 4
1944 3
1945 2
1946 3
1947 4
1948 4
1949 3
1950 3
1951 2
1952 5
1953 4
1954 5
1955 5
1956 5
1957 4
1958 4
1959 3
1960 2
1961 4
1962 4
1963 5
1964 5
1965 2
1966 5
1967 6
1968 4
1969 3
1970 2
1971 1
1972 0
1973 2
1974 1
1975 1
1976 3
1977 3
1978 2
1979 3
1980 0
1981 2
1982 1
1983 2
1984 3
1985 5
1986 6
1987 5
1988 3
1989 3
1990 3
1991 5
1992 5
1993 6
1994 5
1995 6
1996 8
1997 6
1998 5
1999 6
2000 4
2001 7
2002 7
2003 6
2004 5
2005 4
2006 4
2007 1
2008 2
2009 3
2010 0
2011 5
2012 5
2013 7
2014 6
2015 7
2016 6
2017 6
2018 5
2019 3
2020 2
2021 1
2022 1
2023 4
2024 4
2025 7
2026 8
2027 7
2028 8
2029 8
2030 7
2031 7
2032 7
2033 6
2034 8
2035 6
2036 5
2037 6
2038 5
2039 3
2040 3
2041 2
2042 4
2043 2
2044 4
2045 3
2046 4
2047 5
2048 2
2049 4
2050 2
2051 4
2052 7
2053 6
2054 6
2055 7
2056 5
2057 4
2058 3
2059 2
2060 4
2061 2
2062 1
2063 2
2064 2
2065 1
2066 1
2067 6
2068 8
2069 6
2070 4
2071 4
2072 4
2073 5
2074 4
2075 6
2076 5
2077 5
2078 5
2079 4
2080 2
2081 5
2082 5
2083 7
2084 5
2085 5
2086 5
2087 2
2088 6
2089 6
2090 3
2091 5
2092 5
2093 4
2094 2
2095 6
2096 4
2097 2
2098 3
2099 1
2100 3
2101 3
2102 3
2103 1
2104 4
2105 2
2106 4
2107 5
2108 6
2109 5
2110 5
2111 6
2112 3
2113 1
2114 7
2115 7
2116 7
2117 5
2118 6
2119 8
2120 9
2121 12
2122 10
2123 9
2124 9
2125 8
2126 7
2127 7
2128 5
2129 6
2130 7
2131 8
2132 7
2133 7
2134 5
2135 4
2136 4
2137 3
2138 5
2139 7
2140 6
2141 4
2142 8
2143 8
2144 6
2145 6
2146 5
2147 6
2148 6
2149 4
2150 2
2151 3
2152 1
2153 3
2154 3
2155 3
2156 3
2157 6
2158 3
2159 2
2160 2
2161 5
2162 4
2163 5
2164 6
2165 6
2166 6
2167 6
2168 5
2169 5
2170 5
2171 4
2172 2
2173 3
2174 3
2175 2
2176 2
2177 0
2178 2
2179 1
2180 1
2181 1
2182 2
2183 0
2184 4
2185 5
2186 8
2187 10
2188 11
2189 10
2190 9
2191 8
2192 10
2193 11
2194 9
2195 6
2196 5
2197 5
2198 5
2199 3
2200 3
2201 2
2202 2
2203 4
2204 4
2205 4
2206 5
2207 5
2208 4
2209 2
2210 5
2211 4
2212 5
2213 5
2214 4
2215 8
2216 8
2217 8
2218 8
2219 9
2220 8
2221 6
2222 3
2223 5
2224 6
2225 5
2226 4
2227 2
2228 4
2229 5
2230 5
2231 5
2232 2
2233 2
2234 3
2235 4
2236 3
2237 2
2238 4
2239 5
2240 8
2241 8
2242 7
2243 6
2244 5
2245 6
2246 7
2247 6
2248 7
2249 7
2250 6
2251 6
2252 5
2253 8
2254 8
2255 5
2256 6
2257 8
2258 5
2259 4
2260 4
2261 4
2262 4
2263 3
2264 3
2265 4
2266 5
2267 6
2268 6
2269 5
2270 5
2271 5
2272 6
2273 4
2274 4
2275 3
2276 1
2277 5
2278 4
2279 4
2280 2
2281 3
2282 3
2283 5
2284 4
2285 4
2286 2
2287 1
2288 3
2289 3
2290 4
2291 4
2292 1
2293 4
2294 4
2295 4
2296 3
2297 4
2298 2
2299 2
2300 3
2301 2
2302 1
2303 3
2304 1
2305 0
2306 4
2307 4
2308 4
2309 3
2310 8
2311 9
2312 7
2313 6
2314 6
2315 6
2316 3
2317 5
2318 4
2319 6
2320 4
2321 3
2322 1
2323 3
2324 4
2325 2
2326 4
2327 3
2328 1
2329 6
2330 5
2331 7
2332 6
2333 5
2334 4
2335 2
2336 1
2337 2
2338 3
2339 3
2340 2
2341 5
2342 5
2343 2
2344 2
2345 2
2346 1
2347 2
2348 1
2349 2
2350 2
2351 5
2352 4
2353 3
2354 3
2355 0
2356 5
2357 5
2358 6
2359 3
2360 1
2361 0
2362 4
2363 2
2364 1
2365 2
2366 2
2367 2
2368 4
2369 3
2370 2
2371 6
2372 3
2373 3
2374 0
2375 4
2376 3
2377 5
2378 6
2379 6
2380 3
2381 3
2382 1
2383 3
2384 4
2385 5
2386 4
2387 5
2388 4
2389 5
2390 5
2391 5
2392 4
2393 2
2394 2
2395 3
2396 2
2397 3
2398 1
2399 1
2400 3
2401 3
2402 2
2403 4
2404 2
2405 7
2406 7
2407 6
2408 5
2409 6
2410 4
2411 2
2412 1
2413 1
2414 1
2415 5
2416 6
2417 6
2418 6
2419 4
2420 3
2421 3
2422 1
2423 2
2424 3
2425 3
2426 2
2427 2
2428 5
2429 2
2430 2
2431 3
2432 1
2433 0
2434 4
2435 3
2436 4
2437 4
2438 1
2439 1
2440 3
2441 3
2442 2
2443 1
2444 5
2445 4
2446 3
2447 4
2448 4
2449 5
2450 4
2451 5
2452 2
2453 2
2454 5
2455 3
2456 4
2457 3
2458 5
2459 4
2460 6
2461 6
2462 6
2463 5
2464 6
2465 4
2466 3
2467 3
2468 3
2469 1
2470 0
2471 2
2472 3
2473 4
2474 1
2475 3
2476 2
2477 2
2478 1
2479 3
2480 3
2481 3
2482 0
2483 3
2484 3
2485 1
2486 1
2487 2
2488 3
2489 3
2490 0
2491 4
2492 3
2493 2
2494 3
2495 2
2496 3
2497 4
2498 2
2499 4
2500 2
2501 0
2502 2
2503 3
2504 0
2505 3
2506 2
2507 2
2508 4
2509 5
2510 5
2511 5
2512 4
2513 2
2514 2
2515 2
2516 3
2517 6
2518 3
2519 2
2520 4
2521 3
2522 3
2523 3
2524 1
2525 2
2526 3
2527 2
2528 1
2529 3
2530 2
2531 1
2532 2
2533 2
2534 2
2535 4
2536 6
2537 4
2538 2
2539 1
2540 1
2541 0
2542 5
2543 5
2544 5
2545 4
2546 5
2547 8
2548 7
2549 5
2550 4
2551 2
2552 3
2553 1
2554 3
2555 2
2556 2
2557 0
2558 0
2559 3
2560 3
2561 2
2562 1
2563 3
2564 3
2565 3
2566 2
2567 2
2568 3
2569 2
2570 5
2571 4
2572 3
2573 0
2574 3
2575 2
2576 3
2577 1
2578 2
2579 4
2580 3
2581 2
2582 3
2583 3
2584 4
2585 3
2586 3
2587 5
2588 3
2589 4
2590 4
2591 2
2592 4
2593 6
2594 4
2595 3
2596 4
2597 4
2598 2
2599 5
2600 5
2601 5
2602 7
2603 7
2604 7
2605 8
2606 7
2607 7
2608 6
2609 4
2610 4
2611 6
2612 6
2613 4
2614 4
2615 3
2616 4
2617 4
2618 6
2619 7
2620 6
2621 7
2622 5
2623 4
2624 4
2625 4
2626 1
2627 1
2628 1
2629 1
2630 2
2631 2
2632 2
2633 0
2634 2
2635 3
2636 4
2637 4
2638 4
2639 3
2640 3
2641 3
2642 5
2643 5
2644 4
2645 2
2646 2
2647 5
2648 7
2649 5
2650 5
2651 4
2652 1
2653 2
2654 1
2655 1
2656 2
2657 2
2658 3
2659 3
2660 4
2661 5
2662 4
2663 3
2664 4
2665 6
2666 7
2667 8
2668 9
2669 8
2670 7
2671 4
2672 3
2673 2
2674 7
2675 7
2676 7
2677 6
2678 4
2679 4
2680 5
2681 7
2682 8
2683 7
2684 5
2685 2
2686 3
2687 2
2688 3
2689 2
2690 2
2691 3
2692 3
2693 5
2694 5
2695 5
2696 5
2697 6
2698 6
2699 8
2700 8
2701 8
2702 5
2703 4
2704 3
2705 6
2706 5
2707 4
2708 4
2709 5
2710 4
2711 4
2712 5
2713 3
2714 4
2715 2
2716 1
2717 1
2718 3
2719 2
2720 2
2721 2
2722 3
2723 4
2724 6
2725 7
2726 11
2727 11
2728 11
2729 9
2730 8
2731 6
2732 7
2733 8
2734 7
2735 6
2736 5
2737 6
2738 8
2739 7
2740 8
2741 6
2742 5
2743 5
2744 4
2745 3
2746 3
2747 6
2748 7
2749 9
2750 9
2751 8
2752 8
2753 6
2754 7
2755 7
2756 5
2757 5
2758 4
2759 3
2760 1
2761 6
2762 4
2763 3
2764 1
2765 1
2766 1
2767 4
2768 2
2769 4
2770 3
2771 2
2772 5
2773 5
2774 2
2775 1
2776 5
2777 3
2778 5
2779 8
2780 7
2781 5
2782 5
2783 6
2784 5
2785 5
2786 4
2787 4
2788 3
2789 1
2790 1
2791 4
2792 3
2793 0
2794 4
2795 3
2796 2
2797 6
2798 5
2799 5
2800 6
2801 7
2802 7
2803 8
2804 9
2805 8
2806 6
2807 10
2808 7
2809 7
2810 7
2811 5
2812 4
2813 4
2814 6
2815 3
2816 7
2817 6
2818 6
2819 7
2820 7
2821 7
2822 6
2823 5
2824 4
2825 4
2826 5
2827 4
2828 4
2829 4
2830 3
2831 2
2832 2
2833 2
2834 5
2835 4
2836 7
2837 5
2838 4
2839 5
2840 4
2841 2
2842 2
2843 2
2844 3
2845 1
2846 4
2847 5
2848 4
2849 2
2850 3
2851 2
2852 4
2853 3
2854 2
2855 2
2856 5
2857 5
2858 4
2859 2
2860 2
2861 2
2862 0
2863 0
2864 2
2865 3
2866 2
2867 1
2868 5
2869 4
2870 3
2871 2
2872 3
2873 1
2874 2
2875 4
2876 3
2877 3
2878 3
2879 4
2880 4
2881 1
2882 2
2883 4
2884 4
2885 5
2886 4
2887 4
2888 3
2889 3
2890 2
2891 3
2892 2
2893 2
2894 2
2895 1
2896 2
2897 3
2898 1
2899 2
2900 3
2901 6
2902 5
2903 8
2904 12
2905 11
2906 12
2907 12
2908 12
2909 12
2910 12
2911 17
2912 14
2913 14
2914 14
2915 13
2916 11
2917 11
2918 9
2919 9
2920 8
2921 9
2922 9
2923 9
2924 8
2925 8
2926 6
2927 9
2928 8
2929 8
2930 7
2931 8
2932 10
2933 11
2934 10
2935 8
2936 9
2937 7
2938 5
2939 5
2940 4
2941 4
2942 6
2943 5
2944 4
2945 3
2946 3
2947 3
2948 1
2949 2
2950 2
2951 1
2952 2
2953 2
2954 2
2955 4
2956 4
2957 5
2958 7
2959 5
2960 3
2961 4
2962 1
2963 3
2964 4
2965 4
2966 4
2967 2
2968 4
2969 2
2970 4
2971 4
2972 5
2973 4
2974 2
2975 3
2976 4
2977 4
2978 3
2979 2
2980 1
2981 2
2982 3
2983 2
2984 2
2985 2
2986 3
2987 2
2988 3
2989 4
2990 2
2991 3
2992 5
2993 7
2994 5
2995 3
2996 2
2997 2
2998 4
2999 3
3000 2
3001 4
3002 3
3003 2
3004 3
3005 1
3006 3
3007 1
3008 3
3009 4
3010 2
3011 3
3012 5
3013 5
3014 5
3015 5
3016 3
3017 6
3018 8
3019 7
3020 5
3021 3
3022 2
3023 3
3024 2
3025 5
3026 7
3027 8
3028 8
3029 6
3030 8
3031 7
3032 6
3033 5
3034 3
3035 4
3036 2
3037 2
3038 3
3039 2
3040 5
3041 6
3042 4
3043 2
3044 2
3045 2
3046 3
3047 2
3048 0
3049 2
3050 4
3051 5
3052 5
3053 4
3054 3
3055 2
3056 5
3057 5
3058 4
3059 4
3060 5
3061 6
3062 4
3063 2
3064 6
3065 7
3066 8
3067 7
3068 7
3069 7
3070 8
3071 8
3072 8
3073 6
3074 5
3075 5
3076 5
3077 7
3078 8
3079 11
3080 10
3081 9
3082 10
3083 13
3084 10
3085 9
3086 9
3087 9
3088 9
3089 10
3090 11
3091 11
3092 9
3093 6
3094 5
3095 5
3096 3
3097 6
3098 5
3099 3
3100 4
3101 2
3102 2
3103 2
3104 4
3105 2
3106 3
3107 1
3108 2
3109 3
3110 6
3111 5
3112 5
3113 4
3114 5
3115 4
3116 3
3117 3
3118 3
3119 4
3120 1
3121 3
3122 3
3123 5
3124 4
3125 2
3126 5
3127 4
3128 4
3129 4
3130 3
3131 5
3132 4
3133 2
3134 4
3135 4
3136 5
3137 8
3138 9
3139 8
3140 6
3141 8
3142 10
3143 9
3144 9
3145 9
3146 10
3147 9
3148 8
3149 7
3150 5
3151 5
3152 3
3153 3
3154 2
3155 2
3156 1
3157 3
3158 5
3159 4
3160 5
3161 5
3162 6
3163 7
3164 10
3165 8
3166 6
3167 5
3168 8
3169 8
3170 9
3171 9
3172 8
3173 8
3174 6
3175 7
3176 8
3177 8
3178 7
3179 7
3180 5
3181 5
3182 7
3183 9
3184 8
3185 9
3186 7
3187 7
3188 7
3189 9
3190 10
3191 12
3192 11
3193 12
3194 11
3195 11
3196 12
3197 16
3198 13
3199 15
3200 12
3201 11
3202 13
3203 12
3204 14
3205 16
3206 13
3207 16
3208 13
3209 14
3210 15
3211 12
3212 11
3213 10
3214 9
3215 11
3216 13
3217 12
3218 10
3219 10
3220 9
3221 7
3222 7
3223 7
3224 9
3225 8
3226 8
3227 6
3228 7
3229 6
3230 4
3231 4
3232 5
3233 3
3234 0
3235 2
3236 0
3237 2
3238 0
3239 1
3240 5
3241 5
3242 6
3243 7
3244 4
3245 3
3246 1
3247 4
3248 5
3249 6
3250 5
3251 6
3252 7
3253 8
3254 6
3255 4
3256 2
3257 2
3258 3
3259 4
3260 5
3261 6
3262 6
3263 6
3264 5
3265 4
3266 5
3267 3
3268 3
3269 1
3270 0
3271 4
3272 6
3273 8
3274 6
3275 7
3276 5
3277 4
3278 2
3279 5
3280 6
3281 7
3282 12
3283 14
3284 14
3285 15
3286 12
3287 11
3288 11
3289 10
3290 12
3291 15
3292 12
3293 14
3294 14
3295 11
3296 10
3297 12
3298 12
3299 13
3300 11
3301 10
3302 7
3303 8
3304 6
3305 6
3306 5
3307 4
3308 5
3309 5
3310 6
3311 11
3312 11
3313 10
3314 9
3315 8
3316 9
3317 7
3318 6
3319 4
3320 4
3321 8
3322 9
3323 9
3324 9
3325 7
3326 6
3327 6
3328 6
3329 7
3330 6
3331 7
3332 8
3333 7
3334 6
3335 4
3336 6
3337 6
3338 7
3339 6
3340 3
3341 2
3342 3
3343 3
3344 5
3345 4
3346 4
3347 3
3348 2
3349 2
3350 3
3351 1
3352 2
3353 1
3354 5
3355 3
3356 1
3357 4
3358 4
3359 2
3360 2
3361 4
3362 2
3363 1
3364 2
3365 4
3366 4
3367 3
3368 1
3369 3
3370 6
3371 5
3372 3
3373 3
3374 4
3375 3
3376 4
3377 4
3378 3
3379 4
3380 4
3381 5
3382 3
3383 3
3384 3
3385 4
3386 5
3387 7
3388 6
3389 3
3390 2
3391 1
3392 1
3393 3
3394 3
3395 2
3396 4
3397 3
3398 5
3399 5
3400 6
3401 5
3402 5
3403 5
3404 5
3405 5
3406 6
3407 5
3408 7
3409 6
3410 8
3411 6
3412 7
3413 8
3414 7
3415 6
3416 9
3417 7
3418 6
3419 6
3420 5
3421 5
3422 6
3423 3
3424 3
3425 2
3426 2
3427 3
3428 2
3429 0
3430 2
3431 3
3432 2
3433 1
3434 4
3435 4
3436 4
3437 5
3438 2
3439 3
3440 3
3441 4
3442 5
3443 5
3444 6
3445 4
3446 5
3447 5
3448 5
3449 2
3450 3
3451 5
3452 6
3453 5
3454 3
3455 2
3456 3
3457 2
3458 3
3459 1
3460 2
3461 2
3462 2
3463 4
3464 4
3465 3
3466 4
3467 3
3468 2
3469 1
3470 3
3471 2
3472 5
3473 5
3474 5
3475 3
3476 4
3477 7
3478 5
3479 5
3480 4
3481 2
3482 2
3483 2
3484 4
3485 5
3486 4
3487 3
3488 3
3489 2
3490 2
3491 1
3492 1
3493 2
3494 4
3495 4
3496 5
3497 5
3498 4
3499 2
3500 4
3501 3
3502 2
3503 5
3504 4
3505 3
3506 4
3507 7
3508 7
3509 9
3510 8
3511 7
3512 6
3513 4
3514 1
3515 3
3516 2
3517 2
3518 4
3519 3
3520 4
3521 7
3522 5
3523 4
3524 4
3525 2
3526 5
3527 4
3528 3
3529 3
3530 5
3531 3
3532 2
3533 2
3534 3
3535 3
3536 3
3537 0
3538 3
3539 1
3540 3
3541 1
3542 2
3543 2
3544 5
3545 4
3546 4
3547 3
3548 4
3549 3
3550 4
3551 3
3552 5
3553 8
3554 7
3555 4
3556 1
3557 5
3558 5
3559 5
3560 2
3561 4
3562 8
3563 7
3564 10
3565 10
3566 11
3567 10
3568 9
3569 8
3570 8
3571 7
3572 7
3573 7
3574 6
3575 4
3576 4
3577 4
3578 3
3579 3
3580 2
3581 2
3582 2
3583 2
3584 3
3585 2
3586 4
3587 3
3588 4
3589 3
3590 1
3591 5
3592 5
3593 3
3594 3
3595 2
3596 2
3597 1
3598 1
3599 3
3600 5
3601 5
3602 6
3603 5
3604 4
3605 5
3606 3
3607 3
3608 2
3609 0
3610 4
3611 3
3612 5
3613 4
3614 6
3615 6
3616 5
3617 3
3618 5
3619 4
3620 2
3621 0
3622 3
3623 1
3624 2
3625 1
3626 5
3627 2
3628 3
3629 5
3630 3
3631 2
3632 4
3633 2
3634 2
3635 3
3636 2
3637 2
3638 3
3639 3
3640 5
3641 6
3642 5
3643 5
3644 5
3645 8
3646 8
3647 7
3648 5
3649 2
3650 3
3651 2
3652 3
3653 2
3654 5
3655 3
3656 3
3657 1
3658 0
3659 1
3660 4
3661 3
3662 1
3663 1
3664 4
3665 4
3666 4
3667 4
3668 2
3669 3
3670 3
3671 2
3672 1
3673 4
3674 4
3675 3
3676 3
3677 2
3678 3
3679 4
3680 8
3681 9
3682 8
3683 7
3684 7
3685 5
3686 3
3687 3
3688 4
3689 5
3690 6
3691 6
3692 6
3693 8
3694 6
3695 7
3696 9
3697 9
3698 6
3699 5
3700 5
3701 3
3702 4
3703 3
3704 4
3705 2
3706 2
3707 0
3708 5
3709 4
3710 4
3711 4
3712 6
3713 6
3714 9
3715 11
3716 11
3717 10
3718 12
3719 11
3720 10
3721 11
3722 10
3723 8
3724 6
3725 8
3726 7
3727 7
3728 5
3729 2
3730 1
3731 0
3732 3
3733 5
3734 6
3735 6
3736 10
3737 11
3738 11
3739 9
3740 9
3741 8
3742 8
3743 7
3744 5
3745 3
3746 0
3747 2
3748 1
3749 4
3750 3
3751 4
3752 4
3753 5
3754 5
3755 4
3756 3
3757 5
3758 4
3759 4
3760 3
3761 5
3762 6
3763 5
3764 6
3765 7
3766 5
3767 6
3768 6
3769 8
3770 8
3771 8
3772 5
3773 9
3774 10
3775 7
3776 7
3777 6
3778 4
3779 3
3780 9
3781 12
3782 12
3783 9
3784 6
3785 4
3786 5
3787 3
3788 1
3789 2
3790 1
3791 1
3792 3
3793 3
3794 3
3795 3
3796 3
3797 2
3798 1
3799 0
3800 3
3801 2
3802 4
3803 6
3804 6
3805 6
3806 3
3807 2
3808 2
3809 1
3810 3
3811 2
3812 1
3813 4
3814 3
3815 3
3816 2
3817 2
3818 3
3819 3
3820 2
3821 2
3822 2
3823 0
3824 3
3825 1
3826 4
3827 3
3828 4
3829 2
3830 1
3831 1
3832 3
3833 4
3834 3
3835 3
3836 3
3837 3
3838 2
3839 0
3840 4
3841 4
3842 4
3843 5
3844 3
3845 4
3846 4
3847 3
3848 3
3849 3
3850 2
3851 1
3852 2
3853 1
3854 2
3855 3
3856 3
3857 0
3858 2
3859 4
3860 3
3861 4
3862 4
3863 3
3864 2
3865 2
3866 3
3867 1
3868 1
3869 3
3870 5
3871 4
3872 2
3873 1
3874 2
3875 3
3876 2
3877 2
3878 1
3879 1
3880 3
3881 2
3882 1
3883 3
3884 0
3885 2
3886 0
3887 2
3888 4
3889 2
3890 2
3891 4
3892 3
3893 3
3894 4
3895 5
3896 4
3897 6
3898 3
3899 2
3900 1
3901 4
3902 4
3903 4
3904 2
3905 3
3906 4
3907 2
3908 2
3909 4
3910 2
3911 3
3912 3
3913 2
3914 0
3915 3
3916 2
3917 2
3918 0
3919 2
3920 1
3921 3
3922 4
3923 6
3924 5
3925 4
3926 3
3927 2
3928 2
3929 1
3930 2
3931 2
3932 0
3933 3
3934 4
3935 5
3936 5
3937 6
3938 5
3939 3
3940 2
3941 2
3942 4
3943 4
3944 2
3945 3
3946 4
3947 4
3948 5
3949 5
3950 4
3951 1
3952 0
3953 2
3954 0
3955 2
3956 3
3957 2
3958 3
3959 3
3960 3
3961 2
3962 2
3963 3
3964 5
3965 6
3966 7
3967 5
3968 5
3969 4
3970 4
3971 5
3972 4
3973 4
3974 2
3975 1
3976 1
3977 5
3978 6
3979 6
3980 7
3981 7
3982 5
3983 6
3984 6
3985 9
3986 7
3987 6
3988 8
3989 8
3990 5
3991 5
3992 7
3993 8
3994 6
3995 6
3996 6
3997 5
3998 5
3999 3
4000 1
4001 3
4002 2
4003 2
4004 2
4005 3
4006 5
4007 5
4008 3
4009 2
4010 2
4011 3
4012 2
4013 5
4014 4
4015 2
4016 2
4017 0
4018 5
4019 5
4020 2
4021 1
4022 3
4023 1
4024 3
4025 4
4026 5
4027 4
4028 3
4029 1
4030 2
4031 1
4032 7
4033 6
4034 9
4035 8
4036 9
4037 10
4038 9
4039 9
4040 8
4041 7
4042 6
4043 7
4044 5
4045 5
4046 5
4047 3
4048 3
4049 3
4050 4
4051 1
4052 1
4053 3
4054 3
4055 3
4056 3
4057 4
4058 5
4059 4
4060 2
4061 2
4062 4
4063 3
4064 1
4065 3
4066 2
4067 0
4068 3
4069 1
4070 2
4071 1
4072 1
4073 6
4074 6
4075 4
4076 4
4077 4
4078 4
4079 4
4080 2
4081 3
4082 3
4083 1
4084 4
4085 5
4086 7
4087 9
4088 8
4089 8
4090 7
4091 10
4092 13
4093 13
4094 14
4095 15
4096 12
4097 11
4098 10
4099 11
4100 11
4101 12
4102 12
4103 12
4104 12
4105 13
4106 13
4107 15
4108 12
4109 14
4110 15
4111 12
4112 12
4113 11
4114 9
4115 9
4116 7
4117 7
4118 5
4119 8
4120 7
4121 7
4122 5
4123 4
4124 3
4125 3
4126 5
4127 4
4128 4
4129 6
4130 4
4131 4
4132 6
4133 7
4134 5
4135 3
4136 4
4137 2
4138 3
4139 1
4140 2
4141 4
4142 4
4143 4
4144 4
4145 4
4146 4
4147 6
4148 5
4149 4
4150 5
4151 5
4152 6
4153 7
4154 7
4155 7
4156 7
4157 7
4158 5
4159 5
4160 3
4161 2
4162 2
4163 1
4164 6
4165 5
4166 4
4167 3
4168 4
4169 6
4170 4
4171 5
4172 5
4173 3
4174 2
4175 3
4176 2
4177 2
4178 2
4179 1
4180 0
4181 2
4182 4
4183 5
4184 4
4185 2
4186 0
4187 2
4188 2
4189 7
4190 8
4191 8
4192 8
4193 7
4194 5
4195 2
4196 5
4197 4
4198 3
4199 4
4200 5
4201 3
4202 1
4203 1
4204 1
4205 4
4206 3
4207 3
4208 2
4209 1
4210 4
4211 2
4212 2
4213 1
4214 4
4215 5
4216 4
4217 2
4218 6
4219 4
4220 2
4221 2
4222 1
4223 2
4224 2
4225 1
4226 2
4227 2
4228 4
4229 3
4230 3
4231 1
4232 1
4233 1
4234 1
4235 1
4236 1
4237 2
4238 4
4239 3
4240 1
4241 6
4242 8
4243 10
4244 10
4245 8
4246 7
4247 5
4248 4
4249 3
4250 3
4251 5
4252 3
4253 3
4254 2
4255 1
4256 3
4257 1
4258 4
4259 3
4260 5
4261 6
4262 6
4263 6
4264 4
4265 5
4266 5
4267 5
4268 3
4269 6
4270 6
4271 5
4272 4
4273 3
4274 3
4275 1
4276 3
4277 1
4278 1
4279 3
4280 4
4281 3
4282 5
4283 7
4284 5
4285 2
4286 2
4287 4
4288 6
4289 5
4290 6
4291 4
4292 2
4293 7
4294 6
4295 5
4296 7
4297 6
4298 5
4299 7
4300 6
4301 7
4302 7
4303 4
4304 3
4305 3
4306 3
4307 4
4308 3
4309 5
4310 7
4311 6
4312 4
4313 6
4314 4
4315 4
4316 5
4317 5
4318 4
4319 4
4320 4
4321 4
4322 5
4323 7
4324 8
4325 9
4326 8
4327 9
4328 10
4329 10
4330 10
4331 7
4332 6
4333 5
4334 4
4335 5
4336 6
4337 8
4338 7
4339 7
4340 8
4341 7
4342 5
4343 2
4344 2
4345 3
4346 1
4347 1
4348 5
4349 4
4350 5
4351 5
4352 4
4353 3
4354 2
4355 3
4356 1
4357 4
4358 2
4359 3
4360 2
4361 4
4362 3
4363 2
4364 3
4365 4
4366 7
4367 7
4368 5
4369 4
4370 4
4371 3
4372 1
4373 3
4374 3
4375 2
4376 4
4377 4
4378 3
4379 1
4380 4
4381 5
4382 4
4383 5
4384 4
4385 3
4386 0
4387 0
4388 4
4389 3
4390 2
4391 0
4392 3
4393 2
4394 3
4395 1
4396 0
4397 2
4398 2
4399 3
4400 2
4401 1
4402 2
4403 2
4404 2
4405 1
4406 2
4407 3
4408 3
4409 2
4410 2
4411 0
4412 6
4413 8
4414 7
4415 8
4416 6
4417 4
4418 6
4419 3
4420 6
4421 6
4422 7
4423 7
4424 9
4425 8
4426 5
4427 6
4428 5
4429 4
4430 3
4431 4
4432 1
4433 2
4434 2
4435 1
4436 4
4437 4
4438 5
4439 5
4440 6
4441 7
4442 8
4443 8
4444 6
4445 6
4446 6
4447 6
4448 8
4449 6
4450 8
4451 9
4452 8
4453 9
4454 7
4455 5
4456 5
4457 5
4458 10
4459 10
4460 7
4461 7
4462 7
4463 8
4464 10
4465 10
4466 9
4467 8
4468 6
4469 4
4470 4
4471 4
4472 4
4473 1
4474 5
4475 7
4476 7
4477 7
4478 6
4479 7
4480 6
4481 7
4482 6
4483 6
4484 10
4485 9
4486 7
4487 7
4488 6
4489 6
4490 6
4491 5
4492 4
4493 3
4494 2
4495 4
4496 1
4497 1
4498 3
4499 3
4500 0
4501 0
4502 3
4503 3
4504 3
4505 4
4506 4
4507 4
4508 5
4509 5
4510 4
4511 4
4512 4
4513 3
4514 3
4515 2
4516 2
4517 4
4518 3
4519 1
4520 1
4521 4
4522 6
4523 6
4524 4
4525 4
4526 3
4527 4
4528 4
4529 3
4530 3
4531 3
4532 4
4533 4
4534 2
4535 2
4536 2
4537 6
4538 4
4539 6
4540 6
4541 8
4542 6
4543 5
4544 5
4545 4
4546 3
4547 3
4548 1
4549 2
4550 2
4551 2
4552 5
4553 6
4554 6
4555 7
4556 9
4557 9
4558 10
4559 11
4560 13
4561 13
4562 13
4563 11
4564 12
4565 11
4566 11
4567 13
4568 11
4569 13
4570 13
4571 15
4572 12
4573 10
4574 7
4575 9
4576 9
4577 9
4578 9
4579 7
4580 8
4581 8
4582 11
4583 9
4584 13
4585 10
4586 9
4587 7
4588 8
4589 9
4590 9
4591 12
4592 13
4593 11
4594 9
4595 9
4596 7
4597 5
4598 4
4599 5
4600 3
4601 3
4602 2
4603 2
4604 2
4605 0
4606 2
4607 1
4608 3
4609 2
4610 3
4611 3
4612 0
4613 2
4614 4
4615 2
4616 1
4617 4
4618 2
4619 6
4620 6
4621 5
4622 3
4623 2
4624 1
4625 5
4626 4
4627 6
4628 3
4629 1
4630 1
4631 1
4632 2
4633 2
4634 3
4635 1
4636 1
4637 1
4638 4
4639 2
4640 2
4641 1
4642 1
4643 1
4644 4
4645 3
4646 3
4647 0
4648 0
4649 2
4650 3
4651 1
4652 5
4653 4
4654 2
4655 3
4656 3
4657 3
4658 2
4659 1
4660 2
4661 2
4662 0
4663 2
4664 3
4665 3
4666 3
4667 3
4668 0
4669 2
4670 2
4671 5
4672 4
4673 1
4674 2
4675 3
4676 0
4677 2
4678 1
4679 1
4680 2
4681 1
4682 1
4683 5
4684 5
4685 3
4686 5
4687 5
4688 6
4689 4
4690 2
4691 4
4692 2
4693 3
4694 3
4695 2
4696 3
4697 2
4698 2
4699 3
4700 2
4701 3
4702 3
4703 2
4704 2
4705 2
4706 3
4707 5
4708 6
4709 6
4710 7
4711 7
4712 5
4713 4
4714 3
4715 4
4716 1
4717 3
4718 3
4719 5
4720 6
4721 6
4722 5
4723 3
4724 2
4725 3
4726 4
4727 4
4728 4
4729 4
4730 3
4731 2
4732 2
4733 2
4734 6
4735 4
4736 3
4737 3
4738 0
4739 1
4740 2
4741 1
4742 0
4743 5
4744 9
4745 9
4746 8
4747 5
4748 5
4749 3
4750 1
4751 2
4752 2
4753 3
4754 0
4755 4
4756 1
4757 0
4758 0
4759 4
4760 5
4761 3
4762 5
4763 7
4764 8
4765 7
4766 8
4767 7
4768 8
4769 5
4770 3
4771 3
4772 2
4773 1
4774 6
4775 6
4776 5
4777 4
4778 2
4779 4
4780 4
4781 2
4782 3
4783 4
4784 2
4785 6
4786 4
4787 5
4788 6
4789 7
4790 7
4791 7
4792 8
4793 7
4794 7
4795 4
4796 3
4797 2
4798 4
4799 2
4800 3
4801 1
4802 3
4803 1
4804 5
4805 5
4806 5
4807 5
4808 6
4809 7
4810 7
4811 6
4812 3
4813 1
4814 2
4815 3
4816 1
4817 2
4818 1
4819 3
4820 4
4821 4
4822 6
4823 4
4824 4
4825 4
4826 5
4827 4
4828 5
4829 3
4830 2
4831 1
4832 3
4833 4
4834 6
4835 4
4836 2
4837 1
4838 2
4839 3
4840 2
4841 4
4842 5
4843 8
4844 8
4845 8
4846 8
4847 8
4848 8
4849 6
4850 3
4851 3
4852 3
4853 5
4854 4
4855 3
4856 5
4857 3
4858 2
4859 2
4860 4
4861 4
4862 3
4863 3
4864 2
4865 1
4866 3
4867 2
4868 1
4869 0
4870 1
4871 3
4872 2
4873 3
4874 4
4875 5
4876 2
4877 3
4878 3
4879 3
4880 2
4881 4
4882 3
4883 1
4884 2
4885 6
4886 5
4887 4
4888 4
4889 2
4890 4
4891 2
4892 1
4893 5
4894 3
4895 1
4896 4
4897 2
4898 1
4899 3
4900 3
4901 3
4902 2
4903 2
4904 3
4905 1
4906 4
4907 6
4908 3
4909 2
4910 4
4911 4
4912 3
4913 3
4914 3
4915 3
4916 1
4917 5
4918 4
4919 2
4920 1
4921 3
4922 2
4923 4
4924 1
4925 1
4926 3
4927 3
4928 5
4929 8
4930 8
4931 9
4932 9
4933 8
4934 8
4935 10
4936 9
4937 11
4938 9
4939 8
4940 9
4941 7
4942 10
4943 11
4944 11
4945 9
4946 9
4947 10
4948 9
4949 11
4950 12
4951 14
4952 15
4953 12
4954 11
4955 10
4956 10
4957 9
4958 9
4959 10
4960 7
4961 7
4962 7
4963 6
4964 5
4965 8
4966 8
4967 7
4968 7
4969 7
4970 6
4971 5
4972 5
4973 4
4974 4
4975 3
4976 3
4977 3
4978 1
4979 3
4980 2
4981 3
4982 5
4983 6
4984 7
4985 8
4986 11
4987 10
4988 10
4989 10
4990 13
4991 12
4992 11
4993 12
4994 11
4995 9
4996 7
4997 7
4998 7
4999 7
5000 5
5001 5
5002 4
5003 3
5004 1
5005 4
5006 2
5007 2
5008 5
5009 4
5010 3
5011 2
5012 2
5013 6
5014 8
5015 6
5016 5
5017 4
5018 4
5019 4
5020 1
5021 1
5022 4
5023 4
5024 7
5025 6
5026 5
5027 3
5028 0
5029 1
5030 0
5031 3
5032 3
5033 1
5034 1
5035 2
5036 1
5037 3
5038 2
5039 2
5040 3
5041 1
5042 3
5043 1
5044 5
5045 7
5046 5
5047 3
5048 2
5049 2
5050 3
5051 4
5052 2
5053 3
5054 2
5055 3
5056 2
5057 2
5058 3
5059 1
5060 5
5061 5
5062 5
5063 6
5064 7
5065 5
5066 4
5067 3
5068 2
5069 0
5070 3
5071 4
5072 4
5073 5
5074 8
5075 9
5076 8
5077 8
5078 5
5079 4
5080 3
5081 3
5082 3
5083 2
5084 4
5085 1
5086 2
5087 3
5088 1
5089 2
5090 2
5091 1
5092 4
5093 4
5094 5
5095 4
5096 2
5097 3
5098 3
5099 4
5100 4
5101 4
5102 3
5103 3
5104 4
5105 5
5106 5
5107 6
5108 5
5109 5
5110 4
5111 4
5112 4
5113 3
5114 5
5115 2
5116 4
5117 5
5118 4
5119 1
5120 4
5121 4
5122 3
5123 4
5124 4
5125 4
5126 1
5127 4
5128 3
5129 6
5130 5
5131 4
5132 3
5133 2
5134 4
5135 5
5136 5
5137 5
5138 7
5139 6
5140 5
5141 4
5142 2
5143 1
5144 4
5145 3
5146 1
5147 1
5148 2
5149 3
5150 2
5151 3
5152 3
5153 1
5154 5
5155 5
5156 6
5157 4
5158 3
5159 4
5160 3
5161 3
5162 4
5163 3
5164 4
5165 3
5166 4
5167 2
5168 4
5169 2
5170 6
5171 5
5172 6
5173 6
5174 6
5175 4
5176 3
5177 7
5178 8
5179 7
5180 7
5181 10
5182 10
5183 12
5184 11
5185 12
5186 11
5187 11
5188 13
5189 12
5190 12
5191 12
5192 11
5193 12
5194 14
5195 16
5196 13
5197 10
5198 9
5199 11
5200 10
5201 9
5202 9
5203 8
5204 8
5205 11
5206 13
5207 13
5208 13
5209 11
5210 10
5211 11
5212 11
5213 10
5214 7
5215 4
5216 3
5217 3
5218 3
5219 2
5220 1
5221 5
5222 5
5223 6
5224 6
5225 6
5226 5
5227 3
5228 3
5229 2
5230 4
5231 4
5232 2
5233 3
5234 1
5235 1
5236 1
5237 3
5238 1
5239 1
5240 3
5241 6
5242 3
5243 5
5244 7
5245 6
5246 4
5247 4
5248 2
5249 1
5250 2
5251 4
5252 4
5253 3
5254 3
5255 2
5256 1
5257 5
5258 5
5259 7
5260 7
5261 6
5262 4
5263 3
5264 1
5265 2
5266 1
5267 1
5268 2
5269 4
5270 4
5271 5
5272 4
5273 3
5274 2
5275 4
5276 3
5277 7
5278 6
5279 6
5280 5
5281 7
5282 9
5283 11
5284 8
5285 8
5286 7
5287 6
5288 6
5289 4
5290 1
5291 0
5292 2
5293 2
5294 4
5295 4
5296 3
5297 2
5298 4
5299 6
5300 3
5301 2
5302 2
5303 7
5304 8
5305 7
5306 7
5307 9
5308 7
5309 6
5310 6
5311 4
5312 5
5313 5
5314 5
5315 6
5316 6
5317 9
5318 8
5319 9
5320 8
5321 9
5322 7
5323 7
5324 7
5325 6
5326 7
5327 7
5328 5
5329 6
5330 5
5331 4
5332 5
5333 5
5334 5
5335 5
5336 2
5337 6
5338 6
5339 5
5340 4
5341 4
5342 3
5343 3
5344 4
5345 4
5346 4
5347 5
5348 7
5349 8
5350 10
5351 9
5352 9
5353 8
5354 7
5355 9
5356 8
5357 6
5358 7
5359 7
5360 6
5361 4
5362 2
5363 1
5364 2
5365 2
5366 5
5367 3
5368 1
5369 3
5370 0
5371 3
5372 2
5373 2
5374 2
5375 1
5376 2
5377 1
5378 2
5379 1
5380 4
5381 2
5382 2
5383 4
5384 3
5385 4
5386 2
5387 3
5388 1
5389 3
5390 2
5391 1
5392 3
5393 1
5394 1
5395 1
5396 3
5397 2
5398 1
5399 2
5400 2
5401 4
5402 4
5403 4
5404 5
5405 4
5406 2
5407 5
5408 4
5409 3
5410 5
5411 6
5412 4
5413 4
5414 3
5415 2
5416 5
5417 5
5418 4
5419 5
5420 5
5421 4
5422 2
5423 5
5424 4
5425 5
5426 3
5427 5
5428 4
5429 2
5430 3
5431 0
5432 3
5433 2
5434 1
5435 0
5436 0
5437 2
5438 0
5439 0
5440 1
5441 1
5442 3
5443 0
5444 4
5445 4
5446 4
5447 4
5448 5
5449 5
5450 6
5451 4
5452 1
5453 2
5454 3
5455 3
5456 2
5457 3
5458 0
5459 1
5460 2
5461 2
5462 2
5463 3
5464 1
5465 1
5466 4
5467 5
5468 8
5469 6
5470 6
5471 5
5472 5
5473 3
5474 5
5475 7
5476 5
5477 8
5478 10
5479 11
5480 10
5481 8
5482 8
5483 7
5484 6
5485 6
5486 5
5487 3
5488 1
5489 1
5490 2
5491 2
5492 3
5493 3
5494 4
5495 3
5496 3
5497 4
5498 3
5499 4
5500 5
5501 3
5502 0
5503 6
5504 8
5505 8
5506 7
5507 5
5508 5
5509 5
5510 4
5511 5
5512 2
5513 4
5514 4
5515 4
5516 5
5517 5
5518 7
5519 4
5520 3
5521 5
5522 5
5523 4
5524 5
5525 4
5526 4
5527 4
5528 4
5529 2
5530 4
5531 4
5532 3
5533 5
5534 5
5535 4
5536 6
5537 5
5538 6
5539 9
5540 11
5541 11
5542 11
5543 10
5544 11
5545 11
5546 13
5547 14
5548 15
5549 12
5550 11
5551 10
5552 9
5553 7
5554 7
5555 8
5556 7
5557 7
5558 6
5559 7
5560 8
5561 7
5562 5
5563 4
5564 2
5565 4
5566 6
5567 4
5568 5
5569 5
5570 4
5571 6
5572 4
5573 3
5574 3
5575 1
5576 4
5577 4
5578 5
5579 8
5580 7
5581 6
5582 8
5583 7
5584 7
5585 6
5586 6
5587 7
5588 8
5589 8
5590 8
5591 9
5592 8
5593 7
5594 6
5595 5
5596 6
5597 3
5598 1
5599 5
5600 2
5601 2
5602 4
5603 3
5604 5
5605 5
5606 5
5607 5
5608 4
5609 4
5610 3
5611 1
5612 3
5613 4
5614 4
5615 4
5616 2
5617 3
5618 1
5619 6
5620 8
5621 10
5622 10
5623 11
5624 11
5625 10
5626 9
5627 9
5628 11
5629 9
5630 7
5631 8
5632 10
5633 8
5634 7
5635 7
5636 7
5637 8
5638 6
5639 7
5640 6
5641 6
5642 5
5643 5
5644 3
5645 3
5646 1
5647 2
5648 1
5649 2
5650 3
5651 2
5652 3
5653 4
5654 3
5655 6
5656 5
5657 4
5658 4
5659 3
5660 2
5661 2
5662 3
5663 3
5664 4
5665 2
5666 5
5667 3
5668 3
5669 0
5670 2
5671 4
5672 3
5673 1
5674 5
5675 4
5676 5
5677 3
5678 3
5679 3
5680 4
5681 4
5682 5
5683 3
5684 1
5685 4
5686 3
5687 2
5688 1
5689 2
5690 1
5691 3
5692 3
5693 1
5694 2
5695 4
5696 4
5697 5
5698 4
5699 3
5700 1
5701 3
5702 5
5703 3
5704 5
5705 7
5706 5
5707 5
5708 5
5709 4
5710 2
5711 2
5712 3
5713 1
5714 5
5715 6
5716 5
5717 5
5718 6
5719 7
5720 6
5721 4
5722 4
5723 3
5724 2
5725 4
5726 4
5727 5
5728 7
5729 5
5730 5
5731 5
5732 4
5733 5
5734 4
5735 2
5736 3
5737 0
5738 3
5739 1
5740 1
5741 3
5742 2
5743 1
5744 6
5745 7
5746 6
5747 6
5748 5
5749 5
5750 5
5751 8
5752 7
5753 7
5754 5
5755 5
5756 5
5757 5
5758 4
5759 4
5760 4
5761 1
5762 1
5763 2
5764 3
5765 1
5766 4
5767 2
5768 2
5769 5
5770 4
5771 2
5772 4
5773 1
5774 4
5775 3
5776 2
5777 0
5778 2
5779 3
5780 0
5781 2
5782 1
5783 1
5784 3
5785 1
5786 2
5787 3
5788 6
5789 7
5790 5
5791 4
5792 3
5793 3
5794 3
5795 1
5796 2
5797 5
5798 4
5799 4
5800 4
5801 4
5802 5
5803 5
5804 5
5805 2
5806 4
5807 5
5808 2
5809 2
5810 4
5811 4
5812 6
5813 6
5814 5
5815 4
5816 3
5817 3
5818 3
5819 5
5820 4
5821 5
5822 5
5823 5
5824 6
5825 6
5826 3
5827 3
5828 3
5829 1
5830 3
5831 4
5832 5
5833 4
5834 4
5835 5
5836 8
5837 7
5838 5
5839 6
5840 4
5841 4
5842 5
5843 5
5844 6
5845 7
5846 8
5847 6
5848 4
5849 3
5850 1
5851 6
5852 6
5853 7
5854 6
5855 6
5856 4
5857 1
5858 3
5859 1
5860 0
5861 2
5862 2
5863 2
5864 2
5865 3
5866 0
5867 0
5868 3
5869 4
5870 5
5871 5
5872 6
5873 7
5874 7
5875 9
5876 10
5877 9
5878 9
5879 10
5880 11
5881 11
5882 10
5883 10
5884 10
5885 11
5886 12
5887 12
5888 10
5889 9
5890 8
5891 8
5892 9
5893 8
5894 6
5895 7
5896 6
5897 6
5898 4
5899 2
5900 5
5901 3
5902 5
5903 4
5904 3
5905 5
5906 3
5907 4
5908 5
5909 5
5910 4
5911 2
5912 2
5913 6
5914 5
5915 5
5916 4
5917 3
5918 2
5919 3
5920 3
5921 1
5922 3
5923 3
5924 4
5925 2
5926 2
5927 3
5928 3
5929 2
5930 1
5931 2
5932 6
5933 7
5934 6
5935 4
5936 3
5937 3
5938 1
5939 5
5940 5
5941 4
5942 3
5943 3
5944 1
5945 3
5946 2
5947 2
5948 6
5949 5
5950 4
5951 3
5952 4
5953 3
5954 5
5955 3
5956 3
5957 1
5958 1
5959 1
5960 2
5961 3
5962 5
5963 5
5964 5
5965 5
5966 3
5967 4
5968 2
5969 1
5970 3
5971 1
5972 2
5973 3
5974 2
5975 5
5976 4
5977 4
5978 4
5979 2
5980 4
5981 4
5982 6
5983 4
5984 4
5985 5
5986 3
5987 3
5988 4
5989 4
5990 3
5991 5
5992 6
5993 7
5994 9
5995 9
5996 8
5997 6
5998 3
5999 4
6000 5
6001 5
6002 6
6003 7
6004 6
6005 6
6006 6
6007 4
6008 3
6009 3
6010 0
6011 1
6012 1
6013 2
6014 2
6015 2
6016 4
6017 6
6018 8
6019 8
6020 10
6021 7
6022 6
6023 6
6024 3
6025 0
6026 1
6027 4
6028 5
6029 4
6030 3
6031 2
6032 4
6033 4
6034 6
6035 4
6036 5
6037 3
6038 0
6039 4
6040 5
6041 4
6042 4
6043 4
6044 5
6045 5
6046 3
6047 2
6048 2
6049 1
6050 2
6051 4
6052 3
6053 3
6054 2
6055 3
6056 3
6057 2
6058 1
6059 3
6060 2
6061 5
6062 5
6063 3
6064 4
6065 2
6066 3
6067 4
6068 3
6069 4
6070 4
6071 4
6072 3
6073 2
6074 4
6075 1
6076 5
6077 4
6078 4
6079 3
6080 4
6081 4
6082 2
6083 3
6084 1
6085 2
6086 4
6087 4
6088 1
6089 3
6090 0
6091 2
6092 4
6093 6
6094 3
6095 2
6096 4
6097 2
6098 4
6099 5
6100 9
6101 9
6102 8
6103 7
6104 8
6105 8
6106 9
6107 8
6108 7
6109 7
6110 5
6111 5
6112 3
6113 3
6114 3
6115 4
6116 5
6117 6
6118 5
6119 3
6120 4
6121 5
6122 6
6123 4
6124 2
6125 2
6126 6
6127 5
6128 7
6129 4
6130 5
6131 3
6132 4
6133 3
6134 3
6135 5
6136 5
6137 4
6138 3
6139 4
6140 3
6141 5
6142 4
6143 7
6144 7
6145 6
6146 5
6147 7
6148 5
6149 7
6150 6
6151 5
6152 5
6153 5
6154 4
6155 3
6156 2
6157 2
6158 2
6159 2
6160 5
6161 6
6162 6
6163 5
6164 7
6165 7
6166 5
6167 5
6168 5
6169 4
6170 1
6171 4
6172 4
6173 3
6174 1
6175 2
6176 3
6177 4
6178 3
6179 2
6180 4
6181 7
6182 4
6183 3
6184 2
6185 1
6186 2
6187 2
6188 4
6189 2
6190 1
6191 0
6192 3
6193 3
6194 1
6195 3
6196 4
6197 3
6198 2
6199 0
6200 3
6201 1
6202 5
6203 6
6204 5
6205 3
6206 2
6207 4
6208 3
6209 5
6210 4
6211 3
6212 3
6213 3
6214 4
6215 2
6216 1
6217 4
6218 3
6219 3
6220 1
6221 3
6222 1
6223 4
6224 5
6225 7
6226 8
6227 9
6228 8
6229 6
6230 3
6231 2
6232 3
6233 3
6234 1
6235 1
6236 2
6237 2
6238 4
6239 5
6240 4
6241 2
6242 4
6243 2
6244 2
6245 1
6246 1
6247 1
6248 3
6249 2
6250 1
6251 1
6252 5
6253 5
6254 5
6255 4
6256 4
6257 6
6258 5
6259 4
6260 3
6261 0
6262 3
6263 1
6264 3
6265 3
6266 4
6267 7
6268 7
6269 9
6270 7
6271 8
6272 7
6273 6
6274 7
6275 4
6276 5
6277 4
6278 3
6279 1
6280 2
6281 5
6282 6
6283 4
6284 3
6285 3
6286 5
6287 3
6288 1
6289 3
6290 2
6291 2
6292 3
6293 3
6294 3
6295 5
6296 8
6297 10
6298 9
6299 9
6300 10
6301 9
6302 8
6303 6
6304 8
6305 7
6306 9
6307 9
6308 10
6309 11
6310 10
6311 11
6312 10
6313 10
6314 12
6315 11
6316 11
6317 8
6318 7
6319 10
6320 8
6321 11
6322 10
6323 10
6324 10
6325 7
6326 8
6327 5
6328 7
6329 8
6330 7
6331 8
6332 6
6333 6
6334 6
6335 6
6336 7
6337 8
6338 7
6339 5
6340 2
6341 3
6342 3
6343 3
6344 5
6345 7
6346 7
6347 8
6348 6
6349 7
6350 5
6351 4
6352 3
6353 2
6354 2
6355 0
6356 3
6357 2
6358 3
6359 2
6360 1
6361 3
6362 2
6363 2
6364 6
6365 6
6366 6
6367 7
6368 7
6369 8
6370 9
6371 8
6372 8
6373 8
6374 6
6375 6
6376 5
6377 5
6378 4
6379 3
6380 2
6381 1
6382 1
6383 3
6384 2
6385 2
6386 2
6387 3
6388 1
6389 2
6390 3
6391 5
6392 5
6393 6
6394 6
6395 4
6396 2
6397 4
6398 3
6399 2
6400 3
6401 1
6402 3
6403 4
6404 3
6405 5
6406 5
6407 6
6408 7
6409 6
6410 6
6411 6
6412 7
6413 8
6414 7
6415 7
6416 6
6417 7
6418 6
6419 5
6420 5
6421 6
6422 6
6423 4
6424 5
6425 5
6426 5
6427 5
6428 6
6429 5
6430 5
6431 6
6432 7
6433 8
6434 9
6435 8
6436 5
6437 5
6438 5
6439 3
6440 4
6441 4
6442 4
6443 3
6444 3
6445 2
6446 4
6447 4
6448 6
6449 4
6450 6
6451 5
6452 3
6453 1
6454 4
6455 3
6456 1
6457 3
6458 2
6459 4
6460 4
6461 2
6462 3
6463 5
6464 2
6465 3
6466 3
6467 2
6468 4
6469 6
6470 8
6471 7
6472 8
6473 7
6474 9
6475 6
6476 6
6477 4
6478 3
6479 1
6480 2
6481 3
6482 1
6483 3
6484 2
6485 6
6486 7
6487 6
6488 4
6489 4
6490 2
6491 3
6492 5
6493 6
6494 6
6495 5
6496 6
6497 6
6498 4
6499 6
6500 5
6501 5
6502 4
6503 3
6504 5
6505 4
6506 3
6507 2
6508 4
6509 3
6510 5
6511 5
6512 5
6513 6
6514 7
6515 7
6516 6
6517 5
6518 6
6519 5
6520 7
6521 6
6522 6
6523 4
6524 4
6525 3
6526 2
6527 3
6528 1
6529 5
6530 4
6531 4
6532 4
6533 4
6534 4
6535 4
6536 5
6537 3
6538 6
6539 7
6540 7
6541 5
6542 3
6543 3
6544 4
6545 3
6546 3
6547 2
6548 0
6549 4
6550 1
6551 5
6552 4
6553 5
6554 5
6555 4
6556 5
6557 3
6558 5
6559 5
6560 7
6561 5
6562 6
6563 7
6564 6
6565 7
6566 8
6567 7
6568 8
6569 7
6570 6
6571 5
6572 7
6573 5
6574 7
6575 7
6576 6
6577 9
6578 10
6579 9
6580 10
6581 11
6582 9
6583 10
6584 9
6585 8
6586 7
6587 8
6588 11
6589 12
6590 10
6591 12
6592 14
6593 16
6594 13
6595 13
6596 15
6597 12
6598 14
6599 12
6600 12
6601 10
6602 7
6603 8
6604 8
6605 6
6606 6
6607 5
6608 4
6609 5
6610 5
6611 6
6612 5
6613 3
6614 3
6615 2
6616 4
6617 2
6618 3
6619 4
6620 5
6621 6
6622 7
6623 8
6624 6
6625 5
6626 6
6627 5
6628 4
6629 3
6630 1
6631 2
6632 2
6633 3
6634 2
6635 3
6636 3
6637 3
6638 2
6639 2
6640 3
6641 1
6642 5
6643 5
6644 8
6645 9
6646 10
6647 9
6648 8
6649 6
6650 7
6651 8
6652 6
6653 5
6654 4
6655 6
6656 7
6657 8
6658 9
6659 9
6660 7
6661 6
6662 6
6663 4
6664 3
6665 5
6666 4
6667 7
6668 9
6669 9
6670 10
6671 10
6672 12
6673 10
6674 11
6675 12
6676 12
6677 13
6678 15
6679 12
6680 12
6681 12
6682 12
6683 14
6684 14
6685 14
6686 14
6687 14
6688 12
6689 13
6690 11
6691 9
6692 12
6693 13
6694 12
6695 12
6696 11
6697 12
6698 10
6699 10
6700 8
6701 10
6702 10
6703 9
6704 7
6705 8
6706 7
6707 9
6708 10
6709 10
6710 9
6711 9
6712 10
6713 9
6714 9
6715 11
6716 10
6717 12
6718 13
6719 12
6720 11
6721 10
6722 7
6723 7
6724 8
6725 8
6726 6
6727 7
6728 6
6729 5
6730 4
6731 4
6732 2
6733 3
6734 1
6735 3
6736 2
6737 2
6738 2
6739 2
6740 2
6741 4
6742 1
6743 2
6744 3
6745 4
6746 2
6747 3
6748 1
6749 0
6750 2
6751 4
6752 4
6753 1
6754 5
6755 3
6756 5
6757 2
6758 7
6759 7
6760 9
6761 8
6762 8
6763 8
6764 10
6765 9
6766 9
6767 11
6768 10
6769 9
6770 10
6771 7
6772 9
6773 9
6774 7
6775 6
6776 7
6777 8
6778 7
6779 8
6780 7
6781 7
6782 9
6783 9
6784 8
6785 9
6786 11
6787 12
6788 11
6789 12
6790 14
6791 13
6792 12
6793 10
6794 8
6795 5
6796 3
6797 2
6798 1
6799 1
6800 2
6801 1
6802 3
6803 3
6804 1
6805 4
6806 4
6807 4
6808 2
6809 4
6810 5
6811 7
6812 5
6813 4
6814 3
6815 2
6816 2
6817 2
6818 0
6819 2
6820 4
6821 3
6822 1
6823 2
6824 3
6825 3
6826 4
6827 3
6828 4
6829 3
6830 1
6831 4
6832 5
6833 5
6834 6
6835 6
6836 5
6837 4
6838 3
6839 4
6840 2
6841 3
6842 2
6843 6
6844 7
6845 8
6846 8
6847 6
6848 5
6849 5
6850 5
6851 6
6852 5
6853 4
6854 5
6855 6
6856 7
6857 7
6858 8
6859 6
6860 6
6861 3
6862 1
6863 4
6864 2
6865 1
6866 2
6867 4
6868 3
6869 3
6870 1
6871 2
6872 1
6873 0
6874 3
6875 2
6876 2
6877 3
6878 4
6879 3
6880 4
6881 4
6882 3
6883 3
6884 3
6885 1
6886 5
6887 5
6888 6
6889 5
6890 5
6891 6
6892 5
6893 4
6894 3
6895 3
6896 4
6897 5
6898 6
6899 9
6900 10
6901 9
6902 10
6903 8
6904 6
6905 4
6906 3
6907 5
6908 4
6909 4
6910 4
6911 4
6912 7
6913 6
6914 5
6915 6
6916 4
6917 3
6918 3
6919 2
6920 2
6921 3
6922 4
6923 3
6924 0
6925 3
6926 4
6927 3
6928 3
6929 2
6930 2
6931 1
6932 3
6933 3
6934 3
6935 0
6936 5
6937 7
6938 6
6939 6
6940 7
6941 7
6942 9
6943 9
6944 6
6945 4
6946 2
6947 4
6948 4
6949 6
6950 4
6951 4
6952 9
6953 8
6954 7
6955 10
6956 11
6957 9
6958 9
6959 8
6960 6
6961 6
6962 5
6963 5
6964 7
6965 6
6966 6
6967 7
6968 7
6969 8
6970 6
6971 4
6972 5
6973 6
6974 6
6975 5
6976 3
6977 5
6978 2
6979 5
6980 5
6981 5
6982 3
6983 6
6984 4
6985 3
6986 3
6987 2
6988 2
6989 2
6990 5
6991 5
6992 4
6993 2
6994 4
6995 5
6996 4
6997 3
6998 4
6999 4
7000 5
7001 5
7002 4
7003 3
7004 2
7005 2
7006 6
7007 5
7008 4
7009 4
7010 1
7011 4
7012 4
7013 4
7014 2
7015 1
7016 3
7017 0
7018 0
7019 2
7020 4
7021 6
7022 6
7023 9
7024 8
7025 7
7026 5
7027 6
7028 3
7029 1
7030 0
7031 2
7032 2
7033 2
7034 0
7035 3
7036 7
7037 7
7038 6
7039 7
7040 6
7041 8
7042 8
7043 6
7044 6
7045 4
7046 3
7047 3
7048 2
7049 5
7050 4
7051 4
7052 4
7053 2
7054 6
7055 6
7056 4
7057 3
7058 3
7059 4
7060 4
7061 1
7062 1
7063 2
7064 1
7065 5
7066 8
7067 7
7068 5
7069 5
7070 5
7071 4
7072 3
7073 3
7074 5
7075 4
7076 3
7077 3
7078 1
7079 6
7080 3
7081 7
7082 9
7083 8
7084 6
7085 4
7086 6
7087 5
7088 3
7089 3
7090 4
7091 5
7092 4
7093 4
7094 6
7095 6
7096 7
7097 5
7098 5
7099 5
7100 2
7101 4
7102 5
7103 4
7104 4
7105 5
7106 5
7107 5
7108 5
7109 4
7110 3
7111 1
7112 3
7113 3
7114 2
7115 4
7116 3
7117 2
7118 3
7119 3
7120 5
7121 4
7122 2
7123 1
7124 1
7125 3
7126 2
7127 2
7128 4
7129 4
7130 3
7131 6
7132 6
7133 5
7134 6
7135 6
7136 6
7137 4
7138 5
7139 7
7140 6
7141 5
7142 5
7143 2
7144 4
7145 3
7146 2
7147 0
7148 1
7149 2
7150 5
7151 4
7152 2
7153 1
7154 4
7155 4
7156 3
7157 2
7158 4
7159 3
7160 4
7161 3
7162 1
7163 4
7164 1
7165 1
7166 3
7167 4
7168 6
7169 5
7170 5
7171 5
7172 4
7173 2
7174 4
7175 4
7176 2
7177 2
7178 2
7179 2
7180 5
7181 6
7182 3
7183 3
7184 2
7185 1
7186 3
7187 1
7188 0
7189 2
7190 5
7191 3
7192 3
7193 3
7194 5
7195 7
7196 5
7197 8
7198 7
7199 5
7200 4
7201 2
7202 1
7203 2
7204 4
7205 3
7206 3
7207 5
7208 6
7209 5
7210 4
7211 5
7212 4
7213 3
7214 2
7215 3
7216 4
7217 5
7218 6
7219 5
7220 4
7221 4
7222 4
7223 3
7224 2
7225 2
7226 4
7227 5
7228 3
7229 2
7230 2
7231 6
7232 3
7233 3
7234 3
7235 1
7236 2
7237 6
7238 4
7239 5
7240 5
7241 5
7242 5
7243 5
7244 3
7245 2
7246 1
7247 3
7248 3
7249 3
7250 2
7251 2
7252 3
7253 1
7254 2
7255 4
7256 2
7257 3
7258 2
7259 1
7260 2
7261 2
7262 0
7263 3
7264 3
7265 1
7266 1
7267 4
7268 4
7269 5
7270 3
7271 4
7272 3
7273 1
7274 2
7275 3
7276 1
7277 1
7278 4
7279 4
7280 1
7281 2
7282 3
7283 2
7284 1
7285 1
7286 3
7287 5
7288 3
7289 2
7290 2
7291 3
7292 1
7293 3
7294 2
7295 5
7296 4
7297 2
7298 1
7299 3
7300 3
7301 2
7302 4
7303 4
7304 2
7305 1
7306 3
7307 5
7308 3
7309 2
7310 3
7311 1
7312 1
7313 3
7314 3
7315 3
7316 1
7317 5
7318 4
7319 5
7320 5
7321 5
7322 4
7323 8
7324 8
7325 7
7326 9
7327 9
7328 9
7329 9
7330 9
7331 8
7332 8
7333 6
7334 6
7335 7
7336 9
7337 9
7338 10
7339 11
7340 9
7341 10
7342 10
7343 11
7344 12
7345 10
7346 8
7347 8
7348 8
7349 6
7350 4
7351 3
7352 5
7353 5
7354 6
7355 4
7356 5
7357 7
7358 5
7359 5
7360 6
7361 6
7362 7
7363 5
7364 6
7365 4
7366 6
7367 10
7368 9
7369 7
7370 5
7371 2
7372 2
7373 1
7374 3
7375 4
7376 2
7377 4
7378 7
7379 4
7380 3
7381 3
7382 4
7383 2
7384 3
7385 5
7386 4
7387 6
7388 9
7389 8
7390 8
7391 7
7392 5
7393 3
7394 5
7395 2
7396 3
7397 3
7398 5
7399 4
7400 3
7401 4
7402 2
7403 4
7404 4
7405 2
7406 4
7407 3
7408 1
7409 5
7410 5
7411 4
7412 3
7413 1
7414 5
7415 5
7416 6
7417 6
7418 6
7419 6
7420 6
7421 8
7422 9
7423 10
7424 8
7425 7
7426 6
7427 6
7428 4
7429 2
7430 3
7431 1
7432 4
7433 3
7434 3
7435 2
7436 3
7437 2
7438 1
7439 1
7440 0
7441 2
7442 3
7443 2
7444 1
7445 4
7446 4
7447 2
7448 6
7449 4
7450 3
7451 3
7452 5
7453 4
7454 5
7455 3
7456 6
7457 3
7458 4
7459 6
7460 6
7461 5
7462 3
7463 1
7464 2
7465 4
7466 5
7467 6
7468 8
7469 10
7470 12
7471 13
7472 12
7473 10
7474 10
7475 9
7476 8
7477 6
7478 5
7479 8
7480 6
7481 5
7482 4
7483 5
7484 5
7485 6
7486 7
7487 9
7488 9
7489 7
7490 6
7491 7
7492 7
7493 7
7494 6
7495 7
7496 7
7497 6
7498 5
7499 4
7500 3
7501 2
7502 5
7503 3
7504 0
7505 1
7506 2
7507 1
7508 1
7509 5
7510 4
7511 2
7512 4
7513 6
7514 8
7515 6
7516 7
7517 4
7518 2
7519 3
7520 4
7521 2
7522 2
7523 3
7524 2
7525 2
7526 4
7527 2
7528 1
7529 4
7530 4
7531 2
7532 3
7533 3
7534 1
7535 4
7536 3
7537 3
7538 3
7539 3
7540 4
7541 4
7542 4
7543 3
7544 1
7545 5
7546 4
7547 5
7548 6
7549 6
7550 5
7551 3
7552 2
7553 3
7554 2
7555 1
7556 2
7557 0
7558 5
7559 4
7560 4
7561 4
7562 6
7563 7
7564 7
7565 7
7566 10
7567 7
7568 7
7569 7
7570 6
7571 6
7572 4
7573 3
7574 2
7575 3
7576 2
7577 3
7578 2
7579 0
7580 2
7581 2
7582 1
7583 0
7584 2
7585 2
7586 3
7587 2
7588 3
7589 4
7590 3
7591 3
7592 4
7593 6
7594 3
7595 1
7596 2
7597 2
7598 1
7599 1
7600 7
7601 7
7602 6
7603 7
7604 8
7605 9
7606 11
7607 10
7608 8
7609 9
7610 10
7611 11
7612 10
7613 9
7614 9
7615 8
7616 6
7617 7
7618 9
7619 8
7620 8
7621 7
7622 7
7623 5
7624 5
7625 6
7626 5
7627 2
7628 1
7629 6
7630 7
7631 8
7632 7
7633 8
7634 9
7635 8
7636 9
7637 7
7638 6
7639 5
7640 8
7641 10
7642 9
7643 11
7644 9
7645 7
7646 8
7647 6
7648 9
7649 9
7650 8
7651 7
7652 7
7653 6
7654 3
7655 7
7656 5
7657 6
7658 4
7659 8
7660 8
7661 7
7662 9
7663 9
7664 7
7665 8
7666 7
7667 7
7668 7
7669 6
7670 8
7671 8
7672 9
7673 9
7674 8
7675 5
7676 6
7677 3
7678 6
7679 6
7680 5
7681 7
7682 5
7683 7
7684 5
7685 5
7686 5
7687 6
7688 4
7689 5
7690 5
7691 4
7692 5
7693 5
7694 7
7695 5
7696 7
7697 7
7698 9
7699 8
7700 8
7701 9
7702 9
7703 8
7704 8
7705 7
7706 6
7707 7
7708 6
7709 6
7710 4
7711 4
7712 2
7713 4
7714 4
7715 4
7716 5
7717 4
7718 2
7719 2
7720 2
7721 3
7722 2
7723 2
7724 4
7725 4
7726 3
7727 3
7728 5
7729 4
7730 1
7731 3
7732 3
7733 2
7734 2
7735 5
7736 6
7737 4
7738 4
7739 2
7740 3
7741 2
7742 2
7743 2
7744 2
7745 3
7746 3
7747 6
7748 5
7749 6
7750 8
7751 10
7752 7
7753 10
7754 10
7755 11
7756 9
7757 7
7758 9
7759 8
7760 8
7761 8
7762 7
7763 7
7764 6
7765 5
7766 4
7767 5
7768 5
7769 8
7770 10
7771 12
7772 13
7773 10
7774 10
7775 9
7776 7
7777 8
7778 7
7779 5
7780 4
7781 1
7782 4
7783 5
7784 5
7785 5
7786 5
7787 5
7788 8
7789 8
7790 8
7791 7
7792 9
7793 6
7794 6
7795 6
7796 7
7797 7
7798 7
7799 8
7800 7
7801 7
7802 5
7803 5
7804 3
7805 1
7806 3
7807 1
7808 4
7809 3
7810 2
7811 2
7812 2
7813 3
7814 3
7815 7
7816 7
7817 6
7818 5
7819 7
7820 6
7821 7
7822 7
7823 6
7824 4
7825 6
7826 6
7827 7
7828 5
7829 8
7830 5
7831 5
7832 6
7833 6
7834 6
7835 6
7836 6
7837 4
7838 1
7839 3
7840 3
7841 6
7842 6
7843 5
7844 5
7845 4
7846 6
7847 7
7848 5
7849 5
7850 5
7851 6
7852 4
7853 3
7854 5
7855 4
7856 5
7857 2
7858 3
7859 2
7860 6
7861 7
7862 7
7863 7
7864 7
7865 6
7866 5
7867 7
7868 5
7869 4
7870 3
7871 1
7872 1
7873 3
7874 2
7875 2
7876 1
7877 1
7878 5
7879 3
7880 3
7881 2
7882 2
7883 1
7884 3
7885 3
7886 2
7887 4
7888 4
7889 4
7890 3
7891 3
7892 1
7893 4
7894 6
7895 5
7896 4
7897 1
7898 2
7899 2
7900 1
7901 4
7902 2
7903 4
7904 4
7905 3
7906 3
7907 2
7908 1
7909 2
7910 4
7911 4
7912 4
7913 2
7914 4
7915 1
7916 5
7917 5
7918 4
7919 5
7920 2
7921 2
7922 0
7923 2
7924 3
7925 3
7926 2
7927 3
7928 2
7929 2
7930 2
7931 1
7932 3
7933 3
7934 2
7935 7
7936 6
7937 8
7938 9
7939 9
7940 8
7941 9
7942 8
7943 6
7944 5
7945 5
7946 5
7947 3
7948 3
7949 4
7950 3
7951 1
7952 4
7953 6
7954 6
7955 7
7956 7
7957 9
7958 12
7959 12
7960 9
7961 9
7962 7
7963 6
7964 3
7965 3
7966 1
7967 2
7968 2
7969 2
7970 2
7971 1
7972 4
7973 2
7974 1
7975 1
7976 2
7977 1
7978 2
7979 3
7980 4
7981 4
7982 4
7983 2
7984 2
7985 1
7986 2
7987 4
7988 4
7989 4
7990 2
7991 5
7992 4
7993 2
7994 2
7995 3
7996 7
7997 6
7998 4
7999 3
8000 3
8001 3
8002 2
8003 2
8004 0
8005 1
8006 0
8007 1
8008 2
8009 2
8010 1
8011 3
8012 4
8013 7
8014 6
8015 6
8016 5
8017 5
8018 4
8019 3
8020 5
8021 5
8022 4
8023 5
8024 4
8025 5
8026 6
8027 7
8028 8
8029 8
8030 8
8031 7
8032 9
8033 11
8034 12
8035 12
8036 11
8037 10
8038 9
8039 7
8040 8
8041 7
8042 8
8043 7
8044 9
8045 10
8046 9
8047 8
8048 8
8049 6
8050 5
8051 4
8052 4
8053 4
8054 3
8055 5
8056 6
8057 6
8058 6
8059 4
8060 3
8061 2
8062 2
8063 4
8064 4
8065 2
8066 2
8067 3
8068 4
8069 2
8070 1
8071 4
8072 5
8073 5
8074 5
8075 3
8076 3
8077 2
8078 4
8079 3
8080 2
8081 2
8082 1
8083 3
8084 2
8085 1
8086 1
8087 0
8088 2
8089 0
8090 5
8091 5
8092 4
8093 7
8094 6
8095 4
8096 3
8097 4
8098 4
8099 5
8100 4
8101 4
8102 5
8103 5
8104 6
8105 4
8106 4
8107 2
8108 1
8109 3
8110 6
8111 7
8112 7
8113 7
8114 10
8115 10
8116 9
8117 10
8118 8
8119 11
8120 11
8121 12
8122 11
8123 10
8124 14
8125 14
8126 12
8127 12
8128 11
8129 10
8130 10
8131 9
8132 9
8133 7
8134 6
8135 5
8136 3
8137 1
8138 2
8139 3
8140 1
8141 4
8142 3
8143 2
8144 2
8145 3
8146 2
8147 1
8148 4
8149 5
8150 2
8151 3
8152 2
8153 2
8154 3
8155 3
8156 2
8157 0
8158 2
8159 4
8160 4
8161 3
8162 2
8163 2
8164 1
8165 2
8166 1
8167 5
8168 5
8169 7
8170 6
8171 5
8172 2
8173 4
8174 4
8175 3
8176 3
8177 3
8178 2
8179 3
8180 1
8181 3
8182 1
8183 5
8184 4
8185 3
8186 2
8187 7
8188 9
8189 6
8190 5
8191 6
8192 3
8193 0
8194 3
8195 4
8196 1
8197 4
8198 6
8199 4
8200 1
8201 2
8202 2
8203 2
8204 4
8205 4
8206 3
8207 2
8208 1
8209 6
8210 3
8211 3
8212 4
8213 6
8214 5
8215 4
8216 2
8217 4
8218 3
8219 4
8220 3
8221 1
8222 1
8223 1
8224 3
8225 2
8226 5
8227 6
8228 5
8229 3
8230 2
8231 3
8232 2
8233 3
8234 2
8235 3
8236 3
8237 0
8238 4
8239 2
8240 0
8241 1
8242 1
8243 2
8244 0
8245 2
8246 3
8247 1
8248 6
8249 7
8250 10
8251 9
8252 8
8253 10
8254 12
8255 11
8256 10
8257 12
8258 10
8259 8
8260 8
8261 5
8262 4
8263 5
8264 3
8265 2
8266 4
8267 5
8268 5
8269 4
8270 4
8271 2
8272 6
8273 5
8274 2
8275 2
8276 0
8277 3
8278 1
8279 2
8280 3
8281 4
8282 5
8283 5
8284 4
8285 2
8286 2
8287 5
8288 3
8289 3
8290 8
8291 8
8292 8
8293 5
8294 4
8295 7
8296 6
8297 9
8298 8
8299 6
8300 6
8301 8
8302 7
8303 9
8304 6
8305 7
8306 6
8307 6
8308 5
8309 4
8310 7
8311 7
8312 7
8313 6
8314 6
8315 4
8316 6
8317 7
8318 8
8319 6
8320 5
8321 4
8322 6
8323 4
8324 1
8325 5
8326 8
8327 7
8328 11
8329 12
8330 11
8331 11
8332 11
8333 8
8334 8
8335 10
8336 9
8337 9
8338 10
8339 9
8340 9
8341 11
8342 11
8343 12
8344 12
8345 12
8346 10
8347 8
8348 6
8349 4
8350 2
8351 2
8352 0
8353 3
8354 1
8355 3
8356 2
8357 3
8358 1
8359 3
8360 4
8361 5
8362 5
8363 2
8364 2
8365 1
8366 3
8367 1
8368 3
8369 0
8370 2
8371 5
8372 5
8373 4
8374 2
8375 3
8376 4
8377 3
8378 5
8379 5
8380 5
8381 3
8382 1
8383 3
8384 4
8385 2
8386 4
8387 2
8388 5
8389 5
8390 5
8391 3
8392 3
8393 2
8394 2
8395 2
8396 2
8397 4
8398 8
8399 8
8400 8
8401 7
8402 6
8403 6
8404 4
8405 3
8406 3
8407 3
8408 3
8409 5
8410 5
8411 7
8412 8
8413 6
8414 6
8415 5
8416 4
8417 4
8418 6
8419 7
8420 5
8421 5
8422 5
8423 5
8424 4
8425 2
8426 4
8427 5
8428 4
8429 3
8430 4
8431 3
8432 2
8433 3
8434 1
8435 4
8436 2
8437 2
8438 3
8439 6
8440 4
8441 3
8442 3
8443 4
8444 3
8445 3
8446 1
8447 4
8448 5
8449 5
8450 5
8451 4
8452 8
8453 10
8454 9
8455 11
8456 10
8457 11
8458 10
8459 10
8460 7
8461 9
8462 9
8463 11
8464 12
8465 11
8466 10
8467 8
8468 9
8469 10
8470 11
8471 13
8472 11
8473 11
8474 12
8475 12
8476 15
8477 12
8478 9
8479 10
8480 11
8481 11
8482 10
8483 10
8484 11
8485 10
8486 11
8487 12
8488 10
8489 9
8490 7
8491 7
8492 8
8493 10
8494 9
8495 9
8496 6
8497 5
8498 3
8499 1
8500 0
8501 2
8502 3
8503 1
8504 3
8505 5
8506 6
8507 6
8508 7
8509 8
8510 6
8511 6
8512 7
8513 5
8514 4
8515 4
8516 5
8517 5
8518 4
8519 5
8520 4
8521 4
8522 3
8523 3
8524 3
8525 4
8526 5
8527 8
8528 8
8529 7
8530 8
8531 8
8532 5
8533 4
8534 4
8535 4
8536 1
8537 2
8538 0
8539 1
8540 0
8541 3
8542 3
8543 3
8544 2
8545 1
8546 3
8547 3
8548 1
8549 3
8550 5
8551 5
8552 6
8553 5
8554 3
8555 2
8556 0
8557 5
8558 4
8559 2
8560 4
8561 7
8562 7
8563 8
8564 5
8565 4
8566 3
8567 3
8568 2
8569 2
8570 2
8571 1
8572 3
8573 1
8574 2
8575 2
8576 1
8577 1
8578 5
8579 4
8580 3
8581 0
8582 1
8583 3
8584 3
8585 4
8586 5
8587 4
8588 4
8589 3
8590 6
8591 4
8592 5
8593 4
8594 4
8595 3
8596 2
8597 4
8598 2
8599 1
8600 2
8601 1
8602 0
8603 3
8604 4
8605 4
8606 4
8607 4
8608 3
8609 1
8610 3
8611 1
8612 4
8613 5
8614 4
8615 6
8616 7
8617 10
8618 8
8619 7
8620 5
8621 4
8622 2
8623 3
8624 2
8625 3
8626 3
8627 1
8628 2
8629 2
8630 4
8631 3
8632 2
8633 5
8634 5
8635 8
8636 10
8637 9
8638 8
8639 7
8640 5
8641 5
8642 5
8643 4
8644 3
8645 5
8646 6
8647 7
8648 7
8649 6
8650 10
8651 9
8652 8
8653 8
8654 9
8655 10
8656 9
8657 8
8658 10
8659 9
8660 8
8661 7
8662 4
8663 5
8664 5
8665 5
8666 2
8667 3
8668 1
8669 4
8670 2
8671 3
8672 2
8673 2
8674 3
8675 0
8676 3
8677 0
8678 2
8679 3
8680 2
8681 5
8682 5
8683 4
8684 3
8685 2
8686 4
8687 4
8688 4
8689 3
8690 1
8691 4
8692 3
8693 3
8694 2
8695 3
8696 5
8697 5
8698 5
8699 5
8700 4
8701 4
8702 4
8703 5
8704 5
8705 8
8706 8
8707 7
8708 5
8709 7
8710 7
8711 5
8712 7
8713 6
8714 8
8715 9
8716 8
8717 5
8718 6
8719 6
8720 7
8721 5
8722 6
8723 4
8724 4
8725 5
8726 3
8727 3
8728 1
8729 1
8730 3
8731 5
8732 4
8733 4
8734 4
8735 6
8736 7
8737 6
8738 6
8739 6
8740 4
8741 5
8742 7
8743 6
8744 6
8745 7
8746 7
8747 7
8748 4
8749 4
8750 5
8751 5
8752 5
8753 2
8754 2
8755 4
8756 3
8757 2
8758 3
8759 1
8760 2
8761 4
8762 5
8763 3
8764 4
8765 4
8766 3
8767 4
8768 6
8769 6
8770 5
8771 3
8772 2
8773 1
8774 2
8775 1
8776 2
8777 1
8778 5
8779 4
8780 3
8781 5
8782 4
8783 3
8784 2
8785 3
8786 4
8787 4
8788 4
8789 6
8790 6
8791 8
8792 10
8793 11
8794 10
8795 13
8796 13
8797 14
8798 14
8799 15
8800 12
8801 13
8802 13
8803 11
8804 10
8805 8
8806 9
8807 9
8808 10
8809 8
8810 6
8811 4
8812 4
8813 5
8814 4
8815 7
8816 5
8817 3
8818 3
8819 2
8820 3
8821 1
8822 2
8823 2
8824 2
8825 1
8826 2
8827 3
8828 1
8829 2
8830 3
8831 5
8832 4
8833 4
8834 6
8835 5
8836 3
8837 2
8838 1
8839 2
8840 3
8841 0
8842 4
8843 4
8844 4
8845 3
8846 3
8847 1
8848 2
8849 3
8850 4
8851 1
8852 3
8853 4
8854 6
8855 9
8856 8
8857 10
8858 10
8859 9
8860 8
8861 11
8862 15
8863 12
8864 10
8865 9
8866 8
8867 8
8868 10
8869 9
8870 7
8871 6
8872 5
8873 3
8874 3
8875 3
8876 8
8877 10
8878 9
8879 9
8880 9
8881 9
8882 9
8883 10
8884 10
8885 11
8886 9
8887 7
8888 5
8889 5
8890 4
8891 4
8892 5
8893 4
8894 6
8895 7
8896 6
8897 5
8898 5
8899 7
8900 5
8901 7
8902 6
8903 6
8904 7
8905 5
8906 4
8907 5
8908 5
8909 4
8910 4
8911 2
8912 2
8913 3
8914 3
8915 3
8916 4
8917 3
8918 3
8919 4
8920 4
8921 2
8922 6
8923 7
8924 8
8925 11
8926 9
8927 8
8928 10
8929 8
8930 6
8931 6
8932 7
8933 8
8934 7
8935 9
8936 8
8937 9
8938 8
8939 6
8940 6
8941 6
8942 5
8943 8
8944 8
8945 5
8946 5
8947 3
8948 5
8949 6
8950 7
8951 5
8952 4
8953 5
8954 5
8955 4
8956 4
8957 4
8958 3
8959 2
8960 4
8961 7
8962 9
8963 8
8964 8
8965 5
8966 6
8967 5
8968 5
8969 5
8970 3
8971 1
8972 3
8973 3
8974 5
8975 3
8976 2
8977 3
8978 3
8979 3
8980 2
8981 3
8982 3
8983 4
8984 5
8985 4
8986 3
8987 4
8988 5
8989 6
8990 8
8991 9
8992 10
8993 9
8994 8
8995 7
8996 7
8997 6
8998 6
8999 7
9000 8
9001 8
9002 9
9003 8
9004 6
9005 5
9006 3
9007 5
9008 3
9009 2
9010 1
9011 3
9012 1
9013 5
9014 5
9015 5
9016 5
9017 4
9018 2
9019 1
9020 3
9021 3
9022 4
9023 3
9024 2
9025 4
9026 5
9027 4
9028 4
9029 4
9030 4
9031 2
9032 5
9033 6
9034 6
9035 9
9036 8
9037 9
9038 6
9039 7
9040 7
9041 6
9042 7
9043 4
9044 4
9045 4
9046 3
9047 3
9048 4
9049 4
9050 4
9051 3
9052 1
9053 1
9054 1
9055 6
9056 5
9057 6
9058 6
9059 5
9060 5
9061 5
9062 5
9063 7
9064 8
9065 9
9066 7
9067 7
9068 8
9069 7
9070 7
9071 7
9072 6
9073 4
9074 3
9075 2
9076 4
9077 3
9078 4
9079 5
9080 5
9081 5
9082 3
9083 2
9084 2
9085 2
9086 3
9087 2
9088 1
9089 1
9090 3
9091 4
9092 4
9093 6
9094 5
9095 5
9096 4
9097 7
9098 6
9099 9
9100 8
9101 6
9102 9
9103 10
9104 12
9105 9
9106 8
9107 6
9108 6
9109 4
9110 5
9111 4
9112 5
9113 4
9114 3
9115 2
9116 6
9117 5
9118 5
9119 7
9120 7
9121 4
9122 6
9123 5
9124 4
9125 5
9126 3
9127 2
9128 2
9129 3
9130 3
9131 4
9132 7
9133 6
9134 4
9135 6
9136 9
9137 9
9138 8
9139 10
9140 11
9141 12
9142 13
9143 11
9144 12
9145 10
9146 12
9147 11
9148 11
9149 12
9150 11
9151 12
9152 13
9153 13
9154 12
9155 12
9156 11
9157 12
9158 10
9159 11
9160 13
9161 13
9162 14
9163 13
9164 13
9165 14
9166 13
9167 12
9168 10
9169 9
9170 8
9171 7
9172 8
9173 8
9174 7
9175 10
9176 8
9177 8
9178 7
9179 10
9180 10
9181 11
9182 10
9183 10
9184 12
9185 14
9186 12
9187 12
9188 11
9189 10
9190 9
9191 7
9192 6
9193 4
9194 3
9195 3
9196 1
9197 3
9198 6
9199 6
9200 7
9201 5
9202 6
9203 4
9204 2
9205 1
9206 5
9207 4
9208 6
9209 5
9210 4
9211 7
9212 7
9213 5
9214 7
9215 7
9216 6
9217 5
9218 6
9219 6
9220 8
9221 6
9222 4
9223 3
9224 2
9225 3
9226 0
9227 1
9228 2
9229 6
9230 7
9231 7
9232 6
9233 4
9234 1
9235 1
9236 4
9237 3
9238 1
9239 1
9240 3
9241 3
9242 4
9243 2
9244 6
9245 3
9246 2
9247 0
9248 0
9249 3
9250 0
9251 2
9252 1
9253 2
9254 1
9255 2
9256 3
9257 2
9258 4
9259 4
9260 1
9261 1
9262 5
9263 6
9264 5
9265 6
9266 6
9267 8
9268 5
9269 2
9270 3
9271 2
9272 0
9273 2
9274 3
9275 5
9276 4
9277 3
9278 3
9279 4
9280 4
9281 3
9282 0
9283 1
9284 4
9285 4
9286 4
9287 6
9288 4
9289 5
9290 5
9291 3
9292 4
9293 2
9294 3
9295 3
9296 2
9297 2
9298 6
9299 4
9300 3
9301 1
9302 2
9303 2
9304 4
9305 3
9306 4
9307 3
9308 2
9309 2
9310 5
9311 5
9312 3
9313 4
9314 7
9315 4
9316 2
9317 4
9318 2
9319 1
9320 3
9321 3
9322 0
9323 1
9324 2
9325 1
9326 1
9327 4
9328 2
9329 6
9330 4
9331 3
9332 2
9333 0
9334 1
9335 2
9336 4
9337 4
9338 5
9339 4
9340 3
9341 3
9342 5
9343 4
9344 2
9345 2
9346 2
9347 2
9348 2
9349 2
9350 2
9351 3
9352 2
9353 3
9354 2
9355 1
9356 1
9357 4
9358 4
9359 3
9360 1
9361 3
9362 3
9363 3
9364 1
9365 3
9366 2
9367 1
9368 2
9369 4
9370 3
9371 0
9372 2
9373 4
9374 3
9375 3
9376 1
9377 4
9378 3
9379 2
9380 0
9381 2
9382 4
9383 3
9384 3
9385 4
9386 2
9387 3
9388 2
9389 3
9390 2
9391 2
9392 2
9393 1
9394 3
9395 3
9396 2
9397 2
9398 3
9399 1
9400 4
9401 1
9402 0
9403 3
9404 2
9405 2
9406 1
9407 2
9408 2
9409 3
9410 4
9411 6
9412 4
9413 4
9414 1
9415 2
9416 2
9417 2
9418 4
9419 5
9420 5
9421 4
9422 3
9423 2
9424 2
9425 4
9426 2
9427 2
9428 3
9429 3
9430 2
9431 6
9432 7
9433 6
9434 9
9435 9
9436 11
9437 10
9438 8
9439 8
9440 9
9441 8
9442 10
9443 10
9444 12
9445 12
9446 9
9447 8
9448 10
9449 12
9450 9
9451 9
9452 9
9453 8
9454 8
9455 7
9456 6
9457 4
9458 4
9459 3
9460 2
9461 3
9462 1
9463 2
9464 2
9465 3
9466 7
9467 6
9468 6
9469 4
9470 4
9471 3
9472 1
9473 2
9474 5
9475 5
9476 4
9477 1
9478 3
9479 4
9480 2
9481 3
9482 0
9483 3
9484 4
9485 2
9486 2
9487 3
9488 2
9489 0
9490 1
9491 3
9492 3
9493 5
9494 3
9495 2
9496 3
9497 3
9498 3
9499 1
9500 3
9501 3
9502 2
9503 3
9504 3
9505 4
9506 4
9507 6
9508 6
9509 6
9510 6
9511 4
9512 4
9513 2
9514 2
9515 5
9516 3
9517 2
9518 3
9519 3
9520 3
9521 1
9522 3
9523 2
9524 2
9525 6
9526 6
9527 4
9528 3
9529 1
9530 3
9531 5
9532 4
9533 3
9534 0
9535 1
9536 4
9537 3
9538 5
9539 6
9540 6
9541 6
9542 5
9543 5
9544 5
9545 6
9546 7
9547 5
9548 6
9549 7
9550 6
9551 5
9552 6
9553 5
9554 7
9555 5
9556 2
9557 7
9558 5
9559 4
9560 5
9561 2
9562 2
9563 4
9564 5
9565 8
9566 10
9567 11
9568 11
9569 10
9570 9
9571 7
9572 9
9573 7
9574 5
9575 4
9576 5
9577 4
9578 2
9579 3
9580 9
9581 12
9582 12
9583 13
9584 15
9585 12
9586 10
9587 11
9588 13
9589 16
9590 13
9591 13
9592 12
9593 10
9594 7
9595 4
9596 6
9597 5
9598 4
9599 5
9600 4
9601 1
9602 0
9603 2
9604 7
9605 10
9606 10
9607 12
9608 14
9609 15
9610 12
9611 15
9612 12
9613 11
9614 13
9615 16
9616 13
9617 15
9618 12
9619 9
9620 9
9621 7
9622 6
9623 5
9624 5
9625 3
9626 3
9627 3
9628 5
9629 5
9630 3
9631 2
9632 4
9633 2
9634 3
9635 2
9636 2
9637 7
9638 6
9639 4
9640 3
9641 2
9642 3
9643 2
9644 2
9645 0
9646 3
9647 2
9648 1
9649 4
9650 2
9651 2
9652 3
9653 3
9654 6
9655 3
9656 3
9657 2
9658 1
9659 4
9660 3
9661 2
9662 2
9663 5
9664 5
9665 4
9666 4
9667 2
9668 4
9669 6
9670 6
9671 6
9672 4
9673 5
9674 6
9675 5
9676 8
9677 7
9678 7
9679 8
9680 6
9681 4
9682 2
9683 6
9684 7
9685 5
9686 3
9687 5
9688 6
9689 5
9690 4
9691 4
9692 3
9693 1
9694 1
9695 2
9696 5
9697 7
9698 6
9699 6
9700 6
9701 5
9702 3
9703 5
9704 4
9705 3
9706 2
9707 1
9708 4
9709 5
9710 6
9711 6
9712 5
9713 6
9714 11
9715 10
9716 10
9717 9
9718 9
9719 11
9720 10
9721 10
9722 12
9723 9
9724 6
9725 5
9726 8
9727 5
9728 4
9729 5
9730 4
9731 2
9732 3
9733 3
9734 2
9735 1
9736 3
9737 7
9738 7
9739 4
9740 4
9741 5
9742 6
9743 5
9744 3
9745 3
9746 4
9747 2
9748 2
9749 3
9750 1
9751 7
9752 8
9753 7
9754 5
9755 5
9756 6
9757 7
9758 7
9759 8
9760 5
9761 4
9762 4
9763 3
9764 6
9765 5
9766 7
9767 6
9768 5
9769 6
9770 7
9771 5
9772 4
9773 5
9774 2
9775 3
9776 4
9777 3
9778 5
9779 4
9780 6
9781 5
9782 5
9783 8
9784 7
9785 8
9786 7
9787 8
9788 7
9789 10
9790 9
9791 8
9792 6
9793 5
9794 3
9795 4
9796 2
9797 5
9798 4
9799 5
9800 5
9801 4
9802 2
9803 5
9804 6
9805 4
9806 2
9807 3
9808 1
9809 5
9810 4
9811 5
9812 5
9813 4
9814 5
9815 5
9816 5
9817 3
9818 5
9819 6
9820 4
9821 2
9822 4
9823 4
9824 3
9825 4
9826 4
9827 4
9828 5
9829 3
9830 3
9831 2
9832 4
9833 1
9834 3
9835 3
9836 2
9837 1
9838 4
9839 4
9840 3
9841 2
9842 3
9843 3
9844 4
9845 6
9846 7
9847 7
9848 6
9849 8
9850 9
9851 8
9852 8
9853 8
9854 8
9855 7
9856 6
9857 5
9858 4
9859 3
9860 0
9861 2
9862 0
9863 2
9864 2
9865 4
9866 6
9867 5
9868 6
9869 5
9870 6
9871 10
9872 10
9873 8
9874 10
9875 9
9876 9
9877 10
9878 8
9879 6
9880 6
9881 6
9882 6
9883 5
9884 7
9885 6
9886 7
9887 6
9888 5
9889 3
9890 3
9891 5
9892 6
9893 4
9894 4
9895 4
9896 5
9897 3
9898 0
9899 2
9900 5
9901 5
9902 3
9903 2
9904 4
9905 4
9906 3
9907 3
9908 4
9909 2
9910 0
9911 0
9912 0
9913 3
9914 0
9915 1
9916 2
9917 1
9918 0
9919 1
9920 4
9921 4
9922 9
9923 8
9924 7
9925 8
9926 11
9927 9
9928 9
9929 8
9930 8
9931 7
9932 5
9933 5
9934 6
9935 8
9936 11
9937 12
9938 10
9939 7
9940 5
9941 3
9942 0
9943 4
9944 4
9945 7
9946 4
9947 2
9948 1
9949 5
9950 7
9951 8
9952 7
9953 9
9954 9
9955 10
9956 10
9957 8
9958 6
9959 7
9960 8
9961 9
9962 9
9963 9
9964 7
9965 8
9966 8
9967 7
9968 6
9969 5
9970 3
9971 1
9972 2
9973 5
9974 3
9975 0
9976 3
9977 2
9978 3
9979 1
9980 2
9981 5
9982 3
9983 0
9984 2
9985 3
9986 3
9987 3
9988 3
9989 1
9990 2
9991 6
9992 5
9993 6
9994 3
9995 7
9996 8
9997 7
9998 4
9999 4
