0 5
1 6
2 5
3 5
4 4
5 5
6 11
7 10
8 10
9 7
10 8
11 8
12 10
13 10
14 9
15 11
16 11
17 12
18 11
19 9
20 7
21 6
22 3
23 4
24 3
25 3
26 1
27 3
28 3
29 0
30 1
31 5
32 3
33 1
34 1
35 4
36 4
37 5
38 7
39 8
40 7
41 8
42 6
43 7
44 5
45 5
46 4
47 2
48 5
49 3
50 2
51 3
52 4
53 3
54 2
55 1
56 3
57 3
58 3
59 3
60 5
61 6
62 7
63 7
64 5
65 6
66 8
67 11
68 10
69 11
70 13
71 12
72 13
73 12
74 13
75 11
76 11
77 12
78 11
79 12
80 10
81 9
82 9
83 9
84 10
85 8
86 9
87 7
88 8
89 7
90 6
91 5
92 4
93 5
94 4
95 2
96 1
97 3
98 3
99 2
100 1
101 2
102 3
103 2
104 2
105 2
106 2
107 4
108 6
109 8
110 6
111 7
112 8
113 10
114 10
115 11
116 11
117 11
118 12
119 13
120 15
121 12
122 10
123 9
124 8
125 6
126 5
127 5
128 7
129 6
130 6
131 3
132 4
133 6
134 8
135 9
136 8
137 8
138 6
139 5
140 7
141 7
142 4
143 3
144 3
145 1
146 3
147 3
148 4
149 5
150 4
151 4
152 5
153 6
154 4
155 3
156 3
157 3
158 3
159 1
160 0
161 2
162 2
163 2
164 4
165 2
166 5
167 4
168 4
169 3
170 2
171 4
172 2
173 2
174 2
175 3
176 1
177 1
178 1
179 5
180 4
181 1
182 3
183 3
184 1
185 5
186 6
187 5
188 5
189 3
190 3
191 3
192 3
193 5
194 3
195 3
196 0
197 1
198 3
199 2
200 3
201 1
202 4
203 2
204 1
205 1
206 3
207 4
208 5
209 4
210 6
211 5
212 3
213 2
214 2
215 2
216 4
217 3
218 4
219 4
220 6
221 4
222 3
223 3
224 1
225 2
226 4
227 4
228 3
229 6
230 5
231 5
232 5
233 5
234 5
235 4
236 5
237 3
238 2
239 1
240 2
241 4
242 4
243 5
244 5
245 6
246 3
247 2
248 6
249 9
250 9
251 8
252 6
253 4
254 5
255 3
256 5
257 5
258 4
259 4
260 4
261 1
262 3
263 1
264 3
265 4
266 6
267 3
268 1
269 2
270 3
271 2
272 4
273 4
274 3
275 2
276 2
277 3
278 6
279 5
280 7
281 5
282 5
283 4
284 4
285 4
286 2
287 1
288 2
289 2
290 1
291 0
292 0
293 1
294 2
295 2
296 3
297 3
298 4
299 3
300 1
301 1
302 3
303 4
304 4
305 5
306 5
307 3
308 4
309 4
310 3
311 6
312 9
313 7
314 5
315 4
316 1
317 2
318 2
319 3
320 2
321 1
322 3
323 2
324 3
325 2
326 2
327 2
328 1
329 3
330 2
331 3
332 3
333 2
334 3
335 1
336 4
337 1
338 3
339 3
340 2
341 2
342 2
343 2
344 1
345 4
346 4
347 3
348 0
349 3
350 2
351 2
352 3
353 1
354 3
355 2
356 0
357 2
358 3
359 2
360 2
361 4
362 4
363 2
364 3
365 1
366 1
367 4
368 3
369 0
370 3
371 1
372 4
373 6
374 3
375 2
376 3
377 3
378 4
379 5
380 3
381 1
382 1
383 3
384 4
385 3
386 3
387 3
388 5
389 5
390 7
391 6
392 5
393 5
394 7
395 4
396 3
397 4
398 3
399 4
400 4
401 4
402 3
403 6
404 4
405 7
406 9
407 7
408 4
409 2
410 2
411 2
412 1
413 4
414 2
415 4
416 2
417 2
418 0
419 1
420 1
421 2
422 1
423 1
424 2
425 3
426 2
427 1
428 2
429 4
430 6
431 7
432 8
433 7
434 6
435 5
436 2
437 4
438 3
439 4
440 2
441 5
442 6
443 6
444 8
445 9
446 11
447 13
448 13
449 16
450 13
451 12
452 13
453 11
454 13
455 15
456 12
457 11
458 10
459 9
460 8
461 8
462 9
463 7
464 6
465 8
466 7
467 7
468 6
469 7
470 7
471 9
472 10
473 10
474 7
475 7
476 8
477 8
478 5
479 3
480 1
481 4
482 4
483 2
484 2
485 3
486 0
487 4
488 5
489 4
490 2
491 2
492 7
493 5
494 5
495 5
496 5
497 6
498 5
499 2
500 0
501 3
502 3
503 2
504 2
505 4
506 5
507 6
508 6
509 6
510 6
511 4
512 4
513 6
514 7
515 5
516 6
517 4
518 2
519 3
520 3
521 1
522 1
523 5
524 6
525 6
526 3
527 3
528 1
529 5
530 5
531 5
532 5
533 5
534 7
535 7
536 9
537 7
538 8
539 8
540 9
541 6
542 6
543 8
544 9
545 11
546 13
547 11
548 13
549 16
550 13
551 13
552 12
553 12
554 11
555 12
556 11
557 9
558 7
559 10
560 9
561 9
562 11
563 12
564 16
565 13
566 11
567 11
568 13
569 13
570 13
571 12
572 11
573 11
574 11
575 10
576 9
577 12
578 11
579 10
580 11
581 11
582 8
583 10
584 11
585 11
586 10
587 9
588 8
589 7
590 6
591 5
592 3
593 3
594 4
595 4
596 3
597 1
598 3
599 1
600 2
601 3
602 0
603 3
604 2
605 3
606 5
607 2
608 3
609 3
610 4
611 3
612 3
613 2
614 2
615 5
616 6
617 8
618 7
619 7
620 4
621 3
622 1
623 1
624 0
625 1
626 1
627 2
628 3
629 1
630 2
631 2
632 1
633 4
634 6
635 7
636 7
637 6
638 7
639 6
640 6
641 4
642 4
643 5
644 4
645 4
646 7
647 4
648 6
649 6
650 4
651 3
652 1
653 0
654 2
655 5
656 3
657 3
658 3
659 3
660 6
661 7
662 7
663 6
664 6
665 5
666 5
667 3
668 0
669 1
670 4
671 4
672 4
673 2
674 6
675 6
676 4
677 3
678 2
679 3
680 5
681 5
682 5
683 6
684 4
685 1
686 2
687 2
688 2
689 4
690 2
691 3
692 3
693 2
694 2
695 3
696 4
697 3
698 1
699 1
700 3
701 2
702 2
703 2
704 0
705 5
706 3
707 6
708 5
709 4
710 4
711 3
712 0
713 2
714 6
715 7
716 7
717 7
718 6
719 4
720 2
721 2
722 1
723 0
724 5
725 6
726 5
727 4
728 4
729 5
730 2
731 2
732 1
733 2
734 3
735 3
736 2
737 0
738 4
739 3
740 3
741 1
742 1
743 2
744 5
745 4
746 5
747 5
748 6
749 5
750 5
751 4
752 4
753 1
754 3
755 3
756 2
757 3
758 1
759 2
760 3
761 5
762 6
763 6
764 9
765 9
766 6
767 6
768 5
769 5
770 4
771 2
772 0
773 3
774 3
775 3
776 1
777 3
778 0
779 0
780 2
781 3
782 1
783 4
784 5
785 3
786 4
787 1
788 1
789 1
790 0
791 5
792 4
793 3
794 0
795 4
796 4
797 2
798 1
799 4
800 5
801 3
802 3
803 3
804 5
805 5
806 6
807 5
808 3
809 5
810 5
811 3
812 4
813 4
814 3
815 4
816 3
817 3
818 1
819 4
820 4
821 4
822 4
823 5
824 4
825 3
826 2
827 5
828 6
829 7
830 7
831 6
832 8
833 9
834 7
835 7
836 8
837 7
838 10
839 11
840 10
841 11
842 9
843 8
844 6
845 6
846 6
847 5
848 6
849 7
850 5
851 4
852 6
853 4
854 5
855 3
856 0
857 1
858 3
859 5
860 3
861 1
862 2
863 1
864 3
865 3
866 3
867 4
868 7
869 6
870 6
871 6
872 3
873 2
874 3
875 6
876 5
877 6
878 6
879 7
880 6
881 3
882 3
883 4
884 2
885 3
886 2
887 4
888 5
889 4
890 3
891 3
892 3
893 4
894 1
895 1
896 3
897 1
898 2
899 3
900 3
901 3
902 3
903 2
904 5
905 7
906 4
907 4
908 6
909 6
910 5
911 3
912 3
913 3
914 4
915 5
916 6
917 4
918 2
919 1
920 5
921 4
922 3
923 4
924 4
925 4
926 1
927 1
928 3
929 3
930 4
931 3
932 2
933 2
934 2
935 3
936 4
937 4
938 4
939 3
940 4
941 4
942 3
943 2
944 6
945 3
946 2
947 3
948 2
949 4
950 3
951 3
952 1
953 3
954 3
955 3
956 3
957 6
958 8
959 10
960 10
961 8
962 8
963 9
964 8
965 6
966 6
967 8
968 7
969 6
970 6
971 3
972 3
973 3
974 1
975 4
976 5
977 6
978 5
979 4
980 8
981 8
982 8
983 8
984 8
985 10
986 9
987 11
988 11
989 10
990 10
991 9
992 9
993 8
994 8
995 6
996 5
997 6
998 5
999 4
1000 5
1001 5
1002 5
1003 4
1004 4
1005 2
1006 4
1007 4
1008 4
1009 3
1010 1
1011 3
1012 2
1013 1
1014 5
1015 3
1016 1
1017 4
1018 4
1019 4
1020 2
1021 1
1022 4
1023 2
1024 2
1025 3
1026 2
1027 4
1028 6
1029 6
1030 6
1031 6
1032 5
1033 5
1034 4
1035 4
1036 4
1037 4
1038 4
1039 3
1040 4
1041 3
1042 2
1043 2
1044 3
1045 2
1046 2
1047 3
1048 4
1049 4
1050 5
1051 4
1052 2
1053 4
1054 3
1055 3
1056 4
1057 1
1058 2
1059 3
1060 2
1061 2
1062 4
1063 3
1064 4
1065 4
1066 4
1067 2
1068 6
1069 4
1070 2
1071 2
1072 1
1073 4
1074 3
1075 5
1076 3
1077 3
1078 6
1079 7
1080 10
1081 11
1082 10
1083 9
1084 9
1085 7
1086 5
1087 7
1088 10
1089 10
1090 9
1091 8
1092 9
1093 11
1094 10
1095 11
1096 9
1097 9
1098 9
1099 12
1100 10
1101 12
1102 9
1103 12
1104 11
1105 12
1106 9
1107 9
1108 8
1109 7
1110 7
1111 6
1112 4
1113 3
1114 4
1115 3
1116 3
1117 1
1118 1
1119 4
1120 3
1121 2
1122 1
1123 2
1124 3
1125 5
1126 4
1127 5
1128 4
1129 1
1130 1
1131 2
1132 2
1133 6
1134 4
1135 2
1136 3
1137 1
1138 2
1139 2
1140 2
1141 1
1142 1
1143 2
1144 2
1145 5
1146 2
1147 2
1148 3
1149 0
1150 2
1151 2
1152 2
1153 5
1154 7
1155 5
1156 5
1157 3
1158 1
1159 2
1160 0
1161 4
1162 5
1163 5
1164 4
1165 3
1166 3
1167 6
1168 5
1169 3
1170 2
1171 2
1172 1
1173 4
1174 3
1175 4
1176 6
1177 4
1178 6
1179 5
1180 4
1181 3
1182 2
1183 5
1184 4
1185 6
1186 7
1187 7
1188 5
1189 7
1190 5
1191 6
1192 8
1193 8
1194 6
1195 4
1196 6
1197 4
1198 6
1199 5
1200 3
1201 1
1202 1
1203 4
1204 3
1205 1
1206 2
1207 1
1208 2
1209 2
1210 2
1211 0
1212 2
1213 4
1214 7
1215 6
1216 5
1217 5
1218 4
1219 6
1220 5
1221 5
1222 4
1223 3
1224 3
1225 2
1226 2
1227 3
1228 2
1229 1
1230 2
1231 5
1232 5
1233 6
1234 5
1235 5
1236 6
1237 4
1238 2
1239 4
1240 5
1241 3
1242 3
1243 6
1244 4
1245 4
1246 4
1247 5
1248 6
1249 7
1250 7
1251 10
1252 9
1253 9
1254 8
1255 10
1256 9
1257 7
1258 9
1259 8
1260 5
1261 5
1262 4
1263 5
1264 6
1265 3
1266 1
1267 3
1268 2
1269 5
1270 5
1271 4
1272 5
1273 5
1274 6
1275 8
1276 8
1277 9
1278 8
1279 5
1280 5
1281 3
1282 2
1283 3
1284 5
1285 4
1286 4
1287 1
1288 1
1289 2
1290 1
1291 2
1292 2
1293 3
1294 2
1295 3
1296 3
1297 4
1298 5
1299 3
1300 4
1301 5
1302 4
1303 2
1304 5
1305 6
1306 7
1307 8
1308 11
1309 11
1310 8
1311 9
1312 7
1313 10
1314 9
1315 8
1316 9
1317 9
1318 8
1319 6
1320 4
1321 3
1322 1
1323 4
1324 3
1325 3
1326 3
1327 4
1328 4
1329 5
1330 4
1331 3
1332 6
1333 4
1334 3
1335 4
1336 7
1337 7
1338 6
1339 4
1340 5
1341 8
1342 6
1343 5
1344 7
1345 5
1346 4
1347 5
1348 4
1349 5
1350 5
1351 5
1352 8
1353 7
1354 7
1355 4
1356 1
1357 1
1358 1
1359 3
1360 3
1361 1
1362 6
1363 5
1364 3
1365 3
1366 3
1367 2
1368 3
1369 2
1370 4
1371 1
1372 3
1373 6
1374 4
1375 4
1376 3
1377 4
1378 4
1379 2
1380 1
1381 2
1382 4
1383 3
1384 3
1385 4
1386 4
1387 5
1388 6
1389 4
1390 4
1391 2
1392 4
1393 4
1394 9
1395 10
1396 12
1397 11
1398 11
1399 12
1400 13
1401 12
1402 12
1403 12
1404 10
1405 10
1406 12
1407 11
1408 9
1409 10
1410 9
1411 9
1412 11
1413 10
1414 12
1415 9
1416 11
1417 11
1418 9
1419 7
1420 7
1421 6
1422 4
1423 2
1424 2
1425 4
1426 5
1427 5
1428 4
1429 5
1430 3
1431 5
1432 2
1433 3
1434 1
1435 2
1436 5
1437 5
1438 5
1439 4
1440 2
1441 3
1442 0
1443 2
1444 3
1445 1
1446 3
1447 2
1448 3
1449 5
1450 4
1451 4
1452 5
1453 6
1454 7
1455 6
1456 5
1457 5
1458 9
1459 7
1460 5
1461 7
1462 4
1463 4
1464 6
1465 5
1466 6
1467 4
1468 5
1469 6
1470 6
1471 5
1472 7
1473 8
1474 7
1475 6
1476 7
1477 9
1478 7
1479 7
1480 6
1481 10
1482 9
1483 9
1484 8
1485 7
1486 7
1487 6
1488 5
1489 6
1490 6
1491 6
1492 4
1493 4
1494 2
1495 4
1496 4
1497 4
1498 2
1499 3
1500 4
1501 4
1502 4
1503 3
1504 2
1505 3
1506 2
1507 3
1508 2
1509 5
1510 4
1511 6
1512 6
1513 6
1514 4
1515 4
1516 4
1517 1
1518 1
1519 0
1520 0
1521 1
1522 0
1523 1
1524 3
1525 3
1526 1
1527 1
1528 4
1529 4
1530 7
1531 8
1532 9
1533 10
1534 10
1535 11
1536 11
1537 11
1538 11
1539 12
1540 10
1541 8
1542 9
1543 9
1544 8
1545 8
1546 6
1547 5
1548 6
1549 5
1550 6
1551 6
1552 7
1553 6
1554 5
1555 5
1556 4
1557 6
1558 5
1559 4
1560 4
1561 3
1562 2
1563 6
1564 4
1565 5
1566 5
1567 4
1568 1
1569 7
1570 5
1571 5
1572 5
1573 4
1574 4
1575 5
1576 5
1577 7
1578 9
1579 7
1580 7
1581 7
1582 7
1583 6
1584 4
1585 4
1586 4
1587 5
1588 6
1589 6
1590 4
1591 2
1592 4
1593 3
1594 3
1595 3
1596 3
1597 3
1598 1
1599 4
1600 4
1601 4
1602 3
1603 1
1604 2
1605 3
1606 4
1607 3
1608 2
1609 2
1610 2
1611 2
1612 2
1613 5
1614 6
1615 4
1616 5
1617 3
1618 5
1619 3
1620 0
1621 3
1622 3
1623 3
1624 8
1625 5
1626 5
1627 4
1628 4
1629 3
1630 4
1631 5
1632 4
1633 4
1634 3
1635 1
1636 2
1637 0
1638 3
1639 4
1640 5
1641 3
1642 1
1643 3
1644 0
1645 6
1646 6
1647 4
1648 1
1649 2
1650 4
1651 4
1652 3
1653 3
1654 3
1655 3
1656 3
1657 3
1658 5
1659 7
1660 7
1661 8
1662 6
1663 9
1664 8
1665 6
1666 4
1667 4
1668 4
1669 3
1670 5
1671 3
1672 4
1673 5
1674 3
1675 4
1676 3
1677 3
1678 3
1679 3
1680 1
1681 0
1682 1
1683 3
1684 1
1685 1
1686 0
1687 2
1688 2
1689 5
1690 5
1691 6
1692 6
1693 6
1694 7
1695 8
1696 8
1697 10
1698 8
1699 5
1700 8
1701 7
1702 6
1703 4
1704 3
1705 3
1706 4
1707 5
1708 5
1709 3
1710 3
1711 0
1712 4
1713 3
1714 3
1715 3
1716 5
1717 2
1718 3
1719 2
1720 5
1721 7
1722 9
1723 8
1724 8
1725 10
1726 7
1727 6
1728 5
1729 2
1730 5
1731 4
1732 2
1733 5
1734 7
1735 8
1736 7
1737 9
1738 8
1739 8
1740 8
1741 6
1742 5
1743 5
1744 7
1745 4
1746 3
1747 2
1748 4
1749 3
1750 4
1751 3
1752 2
1753 2
1754 3
1755 3
1756 3
1757 1
1758 3
1759 2
1760 3
1761 3
1762 2
1763 4
1764 2
1765 2
1766 2
1767 2
1768 3
1769 1
1770 3
1771 2
1772 4
1773 3
1774 3
1775 3
1776 6
1777 5
1778 6
1779 5
1780 5
1781 3
1782 2
1783 1
1784 5
1785 4
1786 3
1787 3
1788 2
1789 1
1790 3
1791 0
1792 4
1793 6
1794 5
1795 7
1796 8
1797 7
1798 6
1799 8
1800 6
1801 6
1802 6
1803 7
1804 7
1805 8
1806 8
1807 9
1808 9
1809 9
1810 10
1811 8
1812 10
1813 10
1814 10
1815 8
1816 7
1817 6
1818 4
1819 2
1820 1
1821 3
1822 3
1823 2
1824 4
1825 4
1826 3
1827 3
1828 0
1829 1
1830 1
1831 3
1832 1
1833 2
1834 5
1835 6
1836 5
1837 4
1838 3
1839 3
1840 3
1841 3
1842 4
1843 2
1844 3
1845 2
1846 1
1847 3
1848 4
1849 6
1850 5
1851 4
1852 2
1853 3
1854 1
1855 1
1856 0
1857 4
1858 2
1859 2
1860 5
1861 6
1862 6
1863 6
1864 7
1865 6
1866 6
1867 6
1868 6
1869 6
1870 5
1871 4
1872 3
1873 0
1874 1
1875 0
1876 3
1877 3
1878 5
1879 4
1880 4
1881 6
1882 4
1883 2
1884 1
1885 3
1886 6
1887 6
1888 7
1889 7
1890 5
1891 3
1892 3
1893 2
1894 4
1895 4
1896 3
1897 3
1898 4
1899 4
1900 5
1901 5
1902 5
1903 4
1904 4
1905 1
1906 1
1907 4
1908 4
1909 3
1910 1
1911 1
1912 2
1913 3
1914 3
1915 0
1916 2
1917 4
1918 4
1919 1
1920 2
1921 2
1922 6
1923 7
1924 5
1925 4
1926 5
1927 7
1928 4
1929 4
1930 3
1931 3
1932 2
1933 1
1934 1
1935 2
1936 5
1937 8
1938 8
1939 10
1940 11
1941 13
1942 14
1943 11
1944 11
1945 12
1946 10
1947 10
1948 12
1949 12
1950 13
1951 15
1952 12
1953 13
1954 12
1955 11
1956 9
1957 7
1958 6
1959 4
1960 3
1961 2
1962 0
1963 0
1964 2
1965 2
1966 2
1967 1
1968 2
1969 3
1970 0
1971 5
1972 4
1973 3
1974 3
1975 1
1976 2
1977 3
1978 5
1979 6
1980 6
1981 4
1982 4
1983 2
1984 0
1985 2
1986 1
1987 0
1988 0
1989 5
1990 4
1991 4
1992 4
1993 3
1994 6
1995 4
1996 4
1997 3
1998 2
1999 6
2000 5
2001 4
2002 7
2003 7
2004 6
2005 7
2006 4
2007 6
2008 6
2009 5
2010 4
2011 3
2012 3
2013 2
2014 4
2015 2
2016 5
2017 4
2018 2
2019 0
2020 3
2021 4
2022 2
2023 2
2024 3
2025 3
2026 2
2027 3
2028 2
2029 1
2030 2
2031 5
2032 7
2033 6
2034 7
2035 9
2036 10
2037 9
2038 10
2039 9
2040 10
2041 8
2042 6
2043 6
2044 6
2045 5
2046 6
2047 6
2048 5
2049 4
2050 3
2051 3
2052 5
2053 6
2054 5
2055 2
2056 2
2057 3
2058 5
2059 3
2060 5
2061 4
2062 2
2063 3
2064 5
2065 4
2066 3
2067 2
2068 4
2069 2
2070 3
2071 2
2072 2
2073 3
2074 3
2075 3
2076 1
2077 3
2078 2
2079 4
2080 4
2081 1
2082 4
2083 6
2084 6
2085 7
2086 9
2087 9
2088 9
2089 6
2090 6
2091 5
2092 5
2093 6
2094 6
2095 8
2096 8
2097 6
2098 5
2099 4
2100 3
2101 4
2102 4
2103 3
2104 2
2105 2
2106 4
2107 3
2108 4
2109 4
2110 5
2111 4
2112 4
2113 5
2114 5
2115 5
2116 7
2117 7
2118 6
2119 5
2120 5
2121 3
2122 6
2123 9
2124 8
2125 7
2126 6
2127 4
2128 5
2129 5
2130 5
2131 3
2132 0
2133 5
2134 5
2135 4
2136 2
2137 3
2138 0
2139 4
2140 5
2141 4
2142 4
2143 5
2144 3
2145 3
2146 0
2147 3
2148 3
2149 4
2150 2
2151 2
2152 3
2153 1
2154 2
2155 3
2156 2
2157 4
2158 3
2159 0
2160 1
2161 1
2162 1
2163 1
2164 4
2165 3
2166 4
2167 4
2168 4
2169 4
2170 4
2171 4
2172 3
2173 1
2174 3
2175 4
2176 1
2177 2
2178 3
2179 3
2180 1
2181 4
2182 5
2183 5
2184 5
2185 5
2186 5
2187 4
2188 5
2189 6
2190 6
2191 4
2192 5
2193 5
2194 4
2195 4
2196 4
2197 5
2198 5
2199 4
2200 4
2201 4
2202 4
2203 2
2204 3
2205 2
2206 3
2207 0
2208 2
2209 3
2210 1
2211 3
2212 2
2213 1
2214 3
2215 3
2216 2
2217 3
2218 1
2219 5
2220 2
2221 3
2222 3
2223 2
2224 2
2225 3
2226 3
2227 3
2228 2
2229 3
2230 3
2231 3
2232 2
2233 3
2234 2
2235 2
2236 4
2237 3
2238 2
2239 3
2240 1
2241 5
2242 4
2243 4
2244 5
2245 4
2246 5
2247 4
2248 1
2249 4
2250 4
2251 5
2252 5
2253 7
2254 5
2255 4
2256 3
2257 1
2258 2
2259 3
2260 1
2261 3
2262 2
2263 4
2264 4
2265 4
2266 5
2267 2
2268 0
2269 2
2270 2
2271 2
2272 1
2273 2
2274 2
2275 4
2276 3
2277 2
2278 4
2279 4
2280 4
2281 2
2282 3
2283 8
2284 8
2285 9
2286 8
2287 8
2288 7
2289 7
2290 6
2291 6
2292 5
2293 4
2294 6
2295 5
2296 6
2297 8
2298 8
2299 9
2300 6
2301 7
2302 4
2303 6
2304 7
2305 5
2306 4
2307 5
2308 5
2309 7
2310 7
2311 8
2312 6
2313 4
2314 5
2315 7
2316 7
2317 8
2318 7
2319 5
2320 3
2321 1
2322 3
2323 2
2324 2
2325 4
2326 4
2327 4
2328 4
2329 3
2330 2
2331 1
2332 2
2333 2
2334 2
2335 2
2336 3
2337 3
2338 4
2339 4
2340 2
2341 3
2342 4
2343 6
2344 4
2345 3
2346 2
2347 1
2348 4
2349 3
2350 3
2351 2
2352 2
2353 3
2354 2
2355 2
2356 3
2357 2
2358 4
2359 6
2360 7
2361 5
2362 5
2363 6
2364 7
2365 6
2366 5
2367 5
2368 5
2369 5
2370 6
2371 7
2372 9
2373 9
2374 8
2375 6
2376 7
2377 9
2378 11
2379 11
2380 9
2381 11
2382 9
2383 8
2384 9
2385 10
2386 10
2387 10
2388 10
2389 12
2390 11
2391 14
2392 12
2393 13
2394 12
2395 13
2396 12
2397 11
2398 8
2399 7
2400 6
2401 9
2402 9
2403 8
2404 6
2405 5
2406 5
2407 6
2408 6
2409 5
2410 7
2411 6
2412 6
2413 8
2414 9
2415 8
2416 7
2417 8
2418 8
2419 7
2420 6
2421 5
2422 5
2423 5
2424 3
2425 4
2426 2
2427 3
2428 2
2429 3
2430 3
2431 3
2432 3
2433 5
2434 5
2435 5
2436 7
2437 7
2438 7
2439 5
2440 6
2441 6
2442 7
2443 6
2444 5
2445 4
2446 3
2447 4
2448 2
2449 4
2450 5
2451 5
2452 5
2453 7
2454 6
2455 5
2456 5
2457 6
2458 4
2459 3
2460 2
2461 0
2462 3
2463 1
2464 3
2465 3
2466 3
2467 3
2468 1
2469 1
2470 2
2471 5
2472 5
2473 4
2474 3
2475 5
2476 6
2477 5
2478 7
2479 11
2480 9
2481 8
2482 7
2483 5
2484 5
2485 5
2486 4
2487 2
2488 3
2489 4
2490 3
2491 3
2492 3
2493 5
2494 6
2495 5
2496 5
2497 7
2498 6
2499 6
2500 4
2501 5
2502 4
2503 4
2504 6
2505 6
2506 5
2507 7
2508 4
2509 4
2510 2
2511 3
2512 2
2513 3
2514 6
2515 7
2516 7
2517 6
2518 5
2519 3
2520 2
2521 4
2522 8
2523 10
2524 12
2525 12
2526 12
2527 12
2528 10
2529 8
2530 9
2531 8
2532 9
2533 8
2534 9
2535 9
2536 10
2537 10
2538 7
2539 7
2540 6
2541 7
2542 9
2543 10
2544 11
2545 11
2546 13
2547 11
2548 10
2549 8
2550 10
2551 9
2552 8
2553 10
2554 8
2555 7
2556 7
2557 5
2558 3
2559 6
2560 6
2561 4
2562 3
2563 5
2564 5
2565 4
2566 4
2567 3
2568 3
2569 3
2570 4
2571 4
2572 4
2573 2
2574 1
2575 2
2576 1
2577 6
2578 8
2579 7
2580 7
2581 6
2582 4
2583 4
2584 4
2585 4
2586 3
2587 5
2588 3
2589 2
2590 4
2591 2
2592 3
2593 1
2594 4
2595 4
2596 4
2597 2
2598 1
2599 3
2600 2
2601 4
2602 7
2603 6
2604 6
2605 5
2606 3
2607 3
2608 2
2609 3
2610 1
2611 3
2612 3
2613 4
2614 6
2615 8
2616 5
2617 4
2618 5
2619 5
2620 3
2621 4
2622 5
2623 2
2624 4
2625 4
2626 5
2627 4
2628 3
2629 0
2630 2
2631 0
2632 2
2633 2
2634 0
2635 3
2636 0
2637 5
2638 5
2639 3
2640 1
2641 2
2642 2
2643 3
2644 4
2645 9
2646 10
2647 11
2648 12
2649 12
2650 12
2651 11
2652 10
2653 9
2654 7
2655 7
2656 5
2657 4
2658 6
2659 5
2660 5
2661 5
2662 5
2663 3
2664 3
2665 3
2666 3
2667 1
2668 0
2669 2
2670 3
2671 1
2672 4
2673 1
2674 2
2675 1
2676 4
2677 4
2678 3
2679 1
2680 0
2681 3
2682 4
2683 5
2684 5
2685 3
2686 6
2687 6
2688 4
2689 2
2690 3
2691 5
2692 3
2693 3
2694 3
2695 3
2696 1
2697 5
2698 3
2699 1
2700 3
2701 3
2702 3
2703 2
2704 2
2705 3
2706 1
2707 4
2708 5
2709 5
2710 2
2711 4
2712 5
2713 6
2714 7
2715 11
2716 11
2717 12
2718 11
2719 9
2720 6
2721 7
2722 7
2723 5
2724 5
2725 6
2726 7
2727 5
2728 7
2729 6
2730 6
2731 5
2732 8
2733 8
2734 9
2735 9
2736 9
2737 9
2738 8
2739 8
2740 7
2741 6
2742 4
2743 3
2744 3
2745 3
2746 1
2747 5
2748 5
2749 3
2750 2
2751 1
2752 0
2753 2
2754 4
2755 3
2756 5
2757 6
2758 7
2759 7
2760 9
2761 9
2762 7
2763 10
2764 9
2765 6
2766 5
2767 7
2768 5
2769 6
2770 6
2771 5
2772 3
2773 2
2774 1
2775 1
2776 3
2777 2
2778 2
2779 3
2780 3
2781 5
2782 4
2783 2
2784 4
2785 2
2786 2
2787 3
2788 1
2789 1
2790 3
2791 4
2792 4
2793 4
2794 3
2795 2
2796 3
2797 2
2798 2
2799 2
2800 2
2801 1
2802 5
2803 3
2804 5
2805 5
2806 6
2807 5
2808 3
2809 0
2810 4
2811 3
2812 4
2813 2
2814 4
2815 2
2816 3
2817 0
2818 2
2819 6
2820 9
2821 10
2822 10
2823 10
2824 8
2825 7
2826 8
2827 5
2828 5
2829 6
2830 5
2831 6
2832 5
2833 4
2834 4
2835 7
2836 6
2837 5
2838 5
2839 6
2840 6
2841 7
2842 7
2843 8
2844 7
2845 8
2846 7
2847 6
2848 11
2849 11
2850 9
2851 6
2852 5
2853 3
2854 2
2855 1
2856 2
2857 3
2858 3
2859 2
2860 2
2861 4
2862 6
2863 7
2864 5
2865 6
2866 4
2867 5
2868 7
2869 5
2870 7
2871 5
2872 3
2873 3
2874 2
2875 6
2876 4
2877 3
2878 3
2879 1
2880 0
2881 2
2882 2
2883 3
2884 1
2885 4
2886 5
2887 7
2888 5
2889 4
2890 3
2891 2
2892 4
2893 5
2894 6
2895 7
2896 8
2897 9
2898 11
2899 11
2900 10
2901 11
2902 10
2903 9
2904 8
2905 6
2906 5
2907 6
2908 4
2909 4
2910 1
2911 4
2912 8
2913 6
2914 6
2915 6
2916 4
2917 2
2918 3
2919 3
2920 1
2921 0
2922 3
2923 1
2924 2
2925 1
2926 1
2927 4
2928 4
2929 2
2930 1
2931 1
2932 4
2933 4
2934 5
2935 4
2936 2
2937 3
2938 0
2939 3
2940 3
2941 1
2942 0
2943 3
2944 3
2945 1
2946 3
2947 2
2948 3
2949 2
2950 2
2951 0
2952 3
2953 3
2954 2
2955 2
2956 1
2957 4
2958 6
2959 4
2960 2
2961 4
2962 3
2963 2
2964 0
2965 1
2966 2
2967 2
2968 3
2969 3
2970 2
2971 2
2972 5
2973 4
2974 6
2975 3
2976 3
2977 1
2978 5
2979 4
2980 2
2981 2
2982 1
2983 3
2984 3
2985 1
2986 0
2987 1
2988 6
2989 4
2990 1
2991 2
2992 5
2993 3
2994 2
2995 3
2996 4
2997 5
2998 2
2999 2
3000 1
3001 2
3002 3
3003 2
3004 1
3005 4
3006 2
3007 1
3008 3
3009 0
3010 2
3011 2
3012 2
3013 3
3014 2
3015 5
3016 3
3017 0
3018 1
3019 1
3020 5
3021 6
3022 5
3023 6
3024 5
3025 6
3026 7
3027 8
3028 6
3029 5
3030 5
3031 6
3032 5
3033 4
3034 5
3035 3
3036 3
3037 3
3038 4
3039 3
3040 3
3041 2
3042 4
3043 2
3044 4
3045 6
3046 5
3047 5
3048 2
3049 1
3050 4
3051 3
3052 1
3053 4
3054 3
3055 2
3056 4
3057 2
3058 3
3059 4
3060 5
3061 4
3062 7
3063 7
3064 4
3065 2
3066 3
3067 5
3068 4
3069 3
3070 5
3071 3
3072 3
3073 3
3074 2
3075 6
3076 7
3077 7
3078 5
3079 4
3080 1
3081 3
3082 2
3083 3
3084 2
3085 2
3086 3
3087 2
3088 2
3089 0
3090 1
3091 0
3092 3
3093 0
3094 2
3095 2
3096 1
3097 1
3098 0
3099 3
3100 5
3101 7
3102 5
3103 4
3104 3
3105 4
3106 5
3107 5
3108 2
3109 2
3110 2
3111 0
3112 2
3113 6
3114 6
3115 4
3116 2
3117 4
3118 4
3119 4
3120 3
3121 1
3122 2
3123 3
3124 5
3125 5
3126 3
3127 2
3128 1
3129 1
3130 3
3131 2
3132 1
3133 5
3134 3
3135 4
3136 3
3137 2
3138 3
3139 2
3140 2
3141 1
3142 4
3143 3
3144 5
3145 5
3146 4
3147 2
3148 2
3149 6
3150 7
3151 8
3152 6
3153 7
3154 5
3155 3
3156 3
3157 3
3158 3
3159 3
3160 3
3161 2
3162 1
3163 1
3164 3
3165 1
3166 2
3167 3
3168 3
3169 3
3170 3
3171 2
3172 1
3173 1
3174 1
3175 1
3176 3
3177 2
3178 1
3179 2
3180 1
3181 1
3182 1
3183 4
3184 3
3185 2
3186 1
3187 2
3188 2
3189 3
3190 0
3191 2
3192 3
3193 2
3194 4
3195 1
3196 1
3197 2
3198 2
3199 1
3200 0
3201 1
3202 4
3203 3
3204 4
3205 3
3206 2
3207 3
3208 2
3209 2
3210 3
3211 4
3212 4
3213 3
3214 4
3215 5
3216 4
3217 4
3218 6
3219 7
3220 5
3221 3
3222 2
3223 1
3224 3
3225 0
3226 5
3227 3
3228 3
3229 3
3230 5
3231 3
3232 5
3233 4
3234 3
3235 1
3236 4
3237 2
3238 1
3239 3
3240 3
3241 3
3242 3
3243 1
3244 1
3245 2
3246 2
3247 0
3248 1
3249 1
3250 3
3251 2
3252 8
3253 9
3254 9
3255 8
3256 7
3257 5
3258 3
3259 2
3260 2
3261 2
3262 1
3263 5
3264 5
3265 7
3266 6
3267 8
3268 7
3269 6
3270 7
3271 5
3272 4
3273 3
3274 2
3275 5
3276 7
3277 8
3278 5
3279 4
3280 2
3281 1
3282 2
3283 6
3284 7
3285 8
3286 7
3287 8
3288 7
3289 6
3290 4
3291 3
3292 2
3293 1
3294 5
3295 6
3296 7
3297 6
3298 5
3299 6
3300 4
3301 7
3302 4
3303 5
3304 7
3305 7
3306 6
3307 6
3308 6
3309 6
3310 5
3311 8
3312 10
3313 8
3314 9
3315 8
3316 6
3317 6
3318 5
3319 5
3320 4
3321 3
3322 2
3323 5
3324 6
3325 8
3326 8
3327 6
3328 6
3329 9
3330 9
3331 8
3332 6
3333 3
3334 3
3335 2
3336 4
3337 4
3338 4
3339 5
3340 4
3341 4
3342 5
3343 7
3344 7
3345 10
3346 8
3347 7
3348 6
3349 6
3350 4
3351 2
3352 3
3353 3
3354 1
3355 4
3356 3
3357 4
3358 5
3359 9
3360 11
3361 10
3362 7
3363 5
3364 7
3365 7
3366 8
3367 9
3368 9
3369 8
3370 6
3371 4
3372 6
3373 6
3374 6
3375 5
3376 5
3377 4
3378 4
3379 3
3380 1
3381 3
3382 2
3383 4
3384 5
3385 6
3386 6
3387 7
3388 9
3389 7
3390 7
3391 7
3392 11
3393 10
3394 9
3395 8
3396 6
3397 6
3398 4
3399 3
3400 5
3401 4
3402 4
3403 4
3404 4
3405 3
3406 2
3407 1
3408 0
3409 4
3410 5
3411 4
3412 1
3413 3
3414 1
3415 4
3416 5
3417 6
3418 5
3419 6
3420 7
3421 7
3422 7
3423 5
3424 6
3425 6
3426 7
3427 5
3428 5
3429 4
3430 5
3431 3
3432 5
3433 7
3434 8
3435 8
3436 9
3437 6
3438 6
3439 4
3440 4
3441 3
3442 1
3443 5
3444 5
3445 3
3446 3
3447 1
3448 4
3449 5
3450 5
3451 4
3452 6
3453 5
3454 5
3455 2
3456 1
3457 2
3458 3
3459 1
3460 2
3461 3
3462 1
3463 2
3464 1
3465 2
3466 3
3467 2
3468 5
3469 4
3470 5
3471 5
3472 2
3473 1
3474 0
3475 2
3476 4
3477 5
3478 3
3479 1
3480 3
3481 1
3482 1
3483 5
3484 5
3485 6
3486 7
3487 7
3488 6
3489 5
3490 3
3491 5
3492 6
3493 5
3494 5
3495 4
3496 3
3497 6
3498 7
3499 6
3500 7
3501 6
3502 7
3503 7
3504 8
3505 10
3506 10
3507 9
3508 6
3509 5
3510 5
3511 4
3512 3
3513 4
3514 3
3515 4
3516 3
3517 2
3518 1
3519 5
3520 4
3521 2
3522 5
3523 6
3524 6
3525 4
3526 4
3527 3
3528 4
3529 2
3530 4
3531 5
3532 3
3533 1
3534 4
3535 4
3536 6
3537 4
3538 5
3539 6
3540 5
3541 4
3542 3
3543 3
3544 1
3545 2
3546 4
3547 4
3548 4
3549 4
3550 6
3551 5
3552 6
3553 5
3554 3
3555 2
3556 6
3557 4
3558 7
3559 5
3560 4
3561 3
3562 3
3563 1
3564 5
3565 3
3566 3
3567 3
3568 3
3569 2
3570 6
3571 7
3572 6
3573 4
3574 4
3575 4
3576 4
3577 2
3578 1
3579 3
3580 3
3581 1
3582 1
3583 6
3584 6
3585 4
3586 3
3587 2
3588 2
3589 3
3590 1
3591 4
3592 3
3593 0
3594 1
3595 2
3596 3
3597 2
3598 2
3599 0
3600 4
3601 3
3602 3
3603 4
3604 6
3605 5
3606 4
3607 3
3608 2
3609 1
3610 3
3611 2
3612 1
3613 1
3614 1
3615 4
3616 3
3617 2
3618 0
3619 2
3620 0
3621 4
3622 2
3623 2
3624 3
3625 1
3626 0
3627 1
3628 2
3629 4
3630 5
3631 5
3632 6
3633 3
3634 3
3635 2
3636 3
3637 4
3638 4
3639 6
3640 8
3641 6
3642 7
3643 6
3644 6
3645 7
3646 6
3647 5
3648 4
3649 4
3650 3
3651 0
3652 2
3653 4
3654 6
3655 4
3656 2
3657 1
3658 2
3659 4
3660 1
3661 5
3662 5
3663 6
3664 7
3665 6
3666 6
3667 7
3668 9
3669 7
3670 9
3671 8
3672 6
3673 5
3674 3
3675 2
3676 2
3677 4
3678 3
3679 3
3680 0
3681 4
3682 3
3683 1
3684 2
3685 1
3686 3
3687 2
3688 4
3689 5
3690 3
3691 4
3692 4
3693 3
3694 2
3695 3
3696 2
3697 2
3698 1
3699 2
3700 2
3701 3
3702 6
3703 5
3704 4
3705 4
3706 4
3707 2
3708 4
3709 4
3710 2
3711 6
3712 8
3713 11
3714 13
3715 11
3716 10
3717 9
3718 9
3719 11
3720 11
3721 9
3722 9
3723 8
3724 7
3725 6
3726 6
3727 7
3728 8
3729 8
3730 7
3731 4
3732 3
3733 2
3734 2
3735 3
3736 3
3737 2
3738 2
3739 3
3740 2
3741 2
3742 4
3743 2
3744 2
3745 4
3746 2
3747 2
3748 1
3749 2
3750 0
3751 3
3752 5
3753 7
3754 8
3755 8
3756 9
3757 8
3758 11
3759 9
3760 10
3761 9
3762 9
3763 10
3764 13
3765 10
3766 9
3767 10
3768 8
3769 5
3770 4
3771 1
3772 1
3773 2
3774 3
3775 3
3776 5
3777 5
3778 9
3779 10
3780 9
3781 9
3782 10
3783 9
3784 8
3785 7
3786 5
3787 3
3788 1
3789 2
3790 3
3791 2
3792 4
3793 4
3794 4
3795 5
3796 5
3797 5
3798 6
3799 4
3800 5
3801 6
3802 11
3803 9
3804 9
3805 11
3806 9
3807 9
3808 9
3809 9
3810 8
3811 11
3812 10
3813 8
3814 7
3815 5
3816 7
3817 6
3818 6
3819 5
3820 4
3821 6
3822 10
3823 8
3824 8
3825 7
3826 5
3827 2
3828 1
3829 4
3830 3
3831 0
3832 3
3833 1
3834 5
3835 7
3836 7
3837 6
3838 8
3839 6
3840 5
3841 3
3842 1
3843 2
3844 6
3845 11
3846 12
3847 11
3848 9
3849 8
3850 6
3851 5
3852 12
3853 10
3854 10
3855 13
3856 10
3857 9
3858 8
3859 9
3860 7
3861 6
3862 6
3863 6
3864 7
3865 7
3866 7
3867 7
3868 8
3869 9
3870 7
3871 6
3872 7
3873 7
3874 9
3875 7
3876 7
3877 5
3878 6
3879 7
3880 6
3881 6
3882 4
3883 2
3884 2
3885 4
3886 6
3887 5
3888 4
3889 3
3890 2
3891 3
3892 3
3893 4
3894 7
3895 5
3896 5
3897 3
3898 2
3899 2
3900 1
3901 5
3902 2
3903 2
3904 0
3905 5
3906 5
3907 8
3908 7
3909 7
3910 8
3911 7
3912 7
3913 5
3914 5
3915 4
3916 4
3917 3
3918 3
3919 3
3920 2
3921 1
3922 2
3923 2
3924 4
3925 4
3926 6
3927 5
3928 6
3929 6
3930 5
3931 4
3932 3
3933 2
3934 3
3935 3
3936 6
3937 8
3938 10
3939 9
3940 6
3941 7
3942 7
3943 5
3944 4
3945 3
3946 4
3947 4
3948 4
3949 4
3950 5
3951 4
3952 2
3953 5
3954 7
3955 5
3956 2
3957 2
3958 4
3959 3
3960 1
3961 3
3962 2
3963 1
3964 4
3965 3
3966 2
3967 3
3968 5
3969 4
3970 5
3971 3
3972 2
3973 2
3974 2
3975 1
3976 3
3977 3
3978 1
3979 1
3980 0
3981 2
3982 5
3983 4
3984 6
3985 6
3986 6
3987 7
3988 8
3989 7
3990 7
3991 6
3992 6
3993 6
3994 10
3995 9
3996 10
3997 8
3998 7
3999 8
4000 7
4001 9
4002 10
4003 9
4004 8
4005 7
4006 5
4007 6
4008 4
4009 3
4010 6
4011 6
4012 5
4013 6
4014 5
4015 3
4016 3
4017 4
4018 3
4019 3
4020 3
4021 1
4022 0
4023 4
4024 2
4025 1
4026 1
4027 2
4028 4
4029 3
4030 2
4031 0
4032 2
4033 4
4034 5
4035 2
4036 1
4037 3
4038 2
4039 7
4040 7
4041 7
4042 7
4043 6
4044 5
4045 7
4046 6
4047 7
4048 7
4049 8
4050 9
4051 10
4052 10
4053 9
4054 7
4055 8
4056 11
4057 11
4058 8
4059 9
4060 7
4061 6
4062 4
4063 5
4064 7
4065 7
4066 7
4067 7
4068 9
4069 7
4070 6
4071 8
4072 10
4073 13
4074 16
4075 13
4076 12
4077 11
4078 12
4079 9
4080 9
4081 9
4082 7
4083 4
4084 4
4085 5
4086 3
4087 2
4088 4
4089 4
4090 4
4091 3
4092 3
4093 4
4094 2
4095 4
4096 4
4097 1
4098 1
4099 2
4100 4
4101 3
4102 1
4103 4
4104 5
4105 3
4106 3
4107 5
4108 5
4109 5
4110 6
4111 6
4112 4
4113 3
4114 2
4115 3
4116 3
4117 2
4118 3
4119 4
4120 5
4121 6
4122 6
4123 5
4124 4
4125 2
4126 4
4127 5
4128 4
4129 4
4130 5
4131 5
4132 4
4133 4
4134 4
4135 3
4136 3
4137 4
4138 6
4139 6
4140 3
4141 1
4142 1
4143 3
4144 4
4145 3
4146 3
4147 2
4148 3
4149 3
4150 1
4151 1
4152 1
4153 1
4154 1
4155 3
4156 3
4157 2
4158 5
4159 3
4160 2
4161 4
4162 4
4163 3
4164 1
4165 3
4166 4
4167 5
4168 7
4169 6
4170 5
4171 5
4172 8
4173 9
4174 11
4175 11
4176 9
4177 9
4178 7
4179 7
4180 7
4181 6
4182 4
4183 5
4184 4
4185 2
4186 4
4187 5
4188 3
4189 2
4190 3
4191 4
4192 2
4193 2
4194 1
4195 2
4196 1
4197 3
4198 4
4199 3
4200 2
4201 2
4202 2
4203 3
4204 3
4205 1
4206 3
4207 1
4208 1
4209 3
4210 2
4211 2
4212 3
4213 2
4214 4
4215 4
4216 3
4217 2
4218 3
4219 0
4220 2
4221 2
4222 1
4223 3
4224 5
4225 5
4226 6
4227 5
4228 5
4229 6
4230 6
4231 7
4232 5
4233 2
4234 3
4235 4
4236 3
4237 3
4238 0
4239 2
4240 1
4241 4
4242 4
4243 3
4244 1
4245 2
4246 2
4247 6
4248 4
4249 8
4250 5
4251 4
4252 5
4253 5
4254 4
4255 4
4256 2
4257 2
4258 2
4259 3
4260 2
4261 1
4262 2
4263 2
4264 0
4265 4
4266 1
4267 3
4268 5
4269 4
4270 7
4271 7
4272 5
4273 4
4274 4
4275 4
4276 6
4277 9
4278 10
4279 8
4280 8
4281 7
4282 10
4283 8
4284 7
4285 6
4286 5
4287 3
4288 2
4289 1
4290 5
4291 5
4292 4
4293 2
4294 2
4295 1
4296 1
4297 0
4298 5
4299 3
4300 3
4301 2
4302 2
4303 3
4304 5
4305 3
4306 4
4307 5
4308 4
4309 5
4310 7
4311 7
4312 7
4313 8
4314 6
4315 4
4316 4
4317 2
4318 1
4319 4
4320 5
4321 5
4322 4
4323 4
4324 7
4325 6
4326 7
4327 7
4328 8
4329 9
4330 7
4331 10
4332 10
4333 10
4334 10
4335 10
4336 8
4337 7
4338 6
4339 4
4340 5
4341 4
4342 5
4343 5
4344 6
4345 5
4346 6
4347 6
4348 6
4349 5
4350 3
4351 0
4352 3
4353 0
4354 0
4355 0
4356 2
4357 5
4358 3
4359 2
4360 2
4361 3
4362 1
4363 5
4364 4
4365 2
4366 3
4367 1
4368 1
4369 2
4370 2
4371 3
4372 2
4373 0
4374 3
4375 1
4376 3
4377 1
4378 3
4379 3
4380 2
4381 5
4382 5
4383 3
4384 3
4385 5
4386 3
4387 2
4388 2
4389 3
4390 5
4391 6
4392 5
4393 6
4394 6
4395 7
4396 6
4397 4
4398 5
4399 5
4400 5
4401 3
4402 4
4403 2
4404 3
4405 1
4406 2
4407 2
4408 3
4409 1
4410 2
4411 3
4412 5
4413 4
4414 1
4415 1
4416 2
4417 4
4418 7
4419 8
4420 7
4421 6
4422 5
4423 3
4424 3
4425 4
4426 5
4427 6
4428 6
4429 6
4430 5
4431 6
4432 6
4433 6
4434 4
4435 4
4436 4
4437 7
4438 6
4439 5
4440 2
4441 4
4442 3
4443 3
4444 1
4445 1
4446 3
4447 3
4448 4
4449 3
4450 0
4451 5
4452 4
4453 4
4454 6
4455 6
4456 5
4457 3
4458 3
4459 4
4460 5
4461 6
4462 3
4463 2
4464 1
4465 0
4466 2
4467 4
4468 5
4469 5
4470 4
4471 3
4472 3
4473 1
4474 3
4475 4
4476 5
4477 5
4478 3
4479 2
4480 4
4481 3
4482 2
4483 3
4484 3
4485 2
4486 3
4487 3
4488 2
4489 4
4490 4
4491 2
4492 4
4493 3
4494 4
4495 5
4496 3
4497 1
4498 1
4499 4
4500 1
4501 4
4502 4
4503 4
4504 1
4505 0
4506 4
4507 3
4508 3
4509 3
4510 3
4511 1
4512 1
4513 2
4514 2
4515 3
4516 2
4517 2
4518 3
4519 0
4520 1
4521 4
4522 1
4523 3
4524 3
4525 2
4526 2
4527 4
4528 3
4529 2
4530 3
4531 3
4532 5
4533 6
4534 6
4535 5
4536 3
4537 4
4538 2
4539 4
4540 7
4541 5
4542 3
4543 3
4544 1
4545 1
4546 1
4547 4
4548 4
4549 4
4550 6
4551 6
4552 5
4553 2
4554 3
4555 4
4556 4
4557 4
4558 2
4559 2
4560 4
4561 5
4562 4
4563 4
4564 4
4565 4
4566 6
4567 5
4568 6
4569 5
4570 5
4571 2
4572 6
4573 5
4574 4
4575 5
4576 2
4577 1
4578 1
4579 2
4580 1
4581 5
4582 6
4583 4
4584 3
4585 0
4586 2
4587 5
4588 3
4589 5
4590 4
4591 3
4592 2
4593 1
4594 4
4595 2
4596 4
4597 4
4598 5
4599 5
4600 5
4601 4
4602 4
4603 4
4604 2
4605 4
4606 6
4607 3
4608 3
4609 3
4610 2
4611 2
4612 1
4613 1
4614 3
4615 3
4616 3
4617 3
4618 2
4619 3
4620 4
4621 1
4622 5
4623 5
4624 3
4625 5
4626 4
4627 4
4628 3
4629 3
4630 3
4631 4
4632 4
4633 3
4634 4
4635 3
4636 2
4637 1
4638 5
4639 5
4640 5
4641 6
4642 6
4643 5
4644 5
4645 5
4646 4
4647 5
4648 4
4649 2
4650 3
4651 6
4652 5
4653 7
4654 7
4655 6
4656 7
4657 8
4658 6
4659 7
4660 8
4661 10
4662 13
4663 15
4664 12
4665 10
4666 9
4667 9
4668 8
4669 8
4670 8
4671 8
4672 5
4673 4
4674 5
4675 3
4676 3
4677 3
4678 2
4679 4
4680 4
4681 3
4682 2
4683 2
4684 4
4685 3
4686 3
4687 1
4688 4
4689 2
4690 4
4691 2
4692 2
4693 2
4694 2
4695 2
4696 1
4697 3
4698 8
4699 6
4700 8
4701 7
4702 5
4703 3
4704 2
4705 4
4706 3
4707 1
4708 4
4709 3
4710 4
4711 4
4712 2
4713 6
4714 6
4715 6
4716 6
4717 4
4718 2
4719 1
4720 3
4721 2
4722 2
4723 3
4724 3
4725 5
4726 7
4727 5
4728 7
4729 6
4730 5
4731 3
4732 5
4733 3
4734 5
4735 3
4736 2
4737 4
4738 5
4739 5
4740 5
4741 6
4742 7
4743 7
4744 7
4745 10
4746 11
4747 12
4748 13
4749 14
4750 16
4751 13
4752 12
4753 10
4754 11
4755 11
4756 12
4757 13
4758 13
4759 15
4760 12
4761 11
4762 8
4763 6
4764 7
4765 4
4766 8
4767 8
4768 7
4769 7
4770 8
4771 7
4772 7
4773 7
4774 9
4775 10
4776 10
4777 10
4778 9
4779 9
4780 6
4781 5
4782 4
4783 4
4784 4
4785 6
4786 6
4787 8
4788 10
4789 8
4790 10
4791 10
4792 8
4793 7
4794 7
4795 7
4796 6
4797 5
4798 7
4799 5
4800 4
4801 3
4802 4
4803 3
4804 4
4805 1
4806 5
4807 7
4808 5
4809 4
4810 2
4811 3
4812 3
4813 2
4814 2
4815 0
4816 6
4817 4
4818 2
4819 2
4820 2
4821 3
4822 3
4823 4
4824 3
4825 3
4826 2
4827 2
4828 3
4829 0
4830 4
4831 5
4832 4
4833 2
4834 3
4835 5
4836 3
4837 6
4838 6
4839 4
4840 7
4841 4
4842 3
4843 0
4844 3
4845 0
4846 6
4847 5
4848 3
4849 3
4850 0
4851 4
4852 5
4853 4
4854 6
4855 5
4856 6
4857 8
4858 8
4859 8
4860 6
4861 5
4862 4
4863 3
4864 3
4865 2
4866 2
4867 2
4868 3
4869 1
4870 4
4871 3
4872 0
4873 1
4874 2
4875 2
4876 3
4877 1
4878 2
4879 4
4880 1
4881 4
4882 6
4883 5
4884 6
4885 11
4886 11
4887 9
4888 8
4889 9
4890 13
4891 16
4892 13
4893 12
4894 11
4895 11
4896 10
4897 9
4898 7
4899 6
4900 6
4901 5
4902 5
4903 3
4904 3
4905 2
4906 0
4907 5
4908 2
4909 1
4910 2
4911 4
4912 3
4913 3
4914 4
4915 2
4916 2
4917 2
4918 2
4919 3
4920 2
4921 1
4922 4
4923 3
4924 3
4925 2
4926 4
4927 3
4928 5
4929 4
4930 3
4931 4
4932 3
4933 2
4934 3
4935 1
4936 4
4937 3
4938 3
4939 1
4940 2
4941 4
4942 6
4943 5
4944 5
4945 5
4946 4
4947 3
4948 7
4949 7
4950 7
4951 10
4952 11
4953 12
4954 11
4955 15
4956 12
4957 12
4958 13
4959 12
4960 13
4961 12
4962 11
4963 12
4964 13
4965 11
4966 10
4967 9
4968 10
4969 9
4970 8
4971 6
4972 5
4973 5
4974 3
4975 3
4976 3
4977 5
4978 7
4979 7
4980 6
4981 4
4982 5
4983 2
4984 0
4985 2
4986 3
4987 1
4988 3
4989 4
4990 2
4991 2
4992 5
4993 6
4994 3
4995 4
4996 2
4997 3
4998 2
4999 3
5000 3
5001 3
5002 3
5003 2
5004 1
5005 4
5006 3
5007 2
5008 1
5009 2
5010 3
5011 3
5012 3
5013 1
5014 1
5015 1
5016 1
5017 2
5018 3
5019 2
5020 2
5021 4
5022 5
5023 2
5024 4
5025 4
5026 3
5027 3
5028 3
5029 1
5030 0
5031 1
5032 1
5033 2
5034 2
5035 3
5036 2
5037 3
5038 2
5039 0
5040 3
5041 6
5042 4
5043 3
5044 3
5045 3
5046 3
5047 2
5048 0
5049 1
5050 3
5051 6
5052 5
5053 4
5054 1
5055 1
5056 3
5057 1
5058 4
5059 2
5060 1
5061 2
5062 2
5063 2
5064 3
5065 5
5066 6
5067 4
5068 5
5069 5
5070 5
5071 7
5072 6
5073 5
5074 2
5075 3
5076 2
5077 2
5078 4
5079 1
5080 3
5081 2
5082 1
5083 4
5084 1
5085 2
5086 3
5087 5
5088 8
5089 9
5090 9
5091 9
5092 7
5093 11
5094 13
5095 12
5096 13
5097 11
5098 11
5099 12
5100 13
5101 13
5102 12
5103 10
5104 13
5105 13
5106 12
5107 10
5108 8
5109 6
5110 9
5111 10
5112 9
5113 9
5114 8
5115 6
5116 9
5117 9
5118 9
5119 8
5120 8
5121 7
5122 6
5123 6
5124 6
5125 9
5126 12
5127 13
5128 13
5129 10
5130 8
5131 8
5132 9
5133 11
5134 10
5135 9
5136 11
5137 10
5138 9
5139 8
5140 7
5141 7
5142 7
5143 7
5144 6
5145 11
5146 10
5147 9
5148 8
5149 5
5150 4
5151 6
5152 5
5153 7
5154 6
5155 6
5156 7
5157 7
5158 5
5159 8
5160 7
5161 7
5162 7
5163 5
5164 5
5165 3
5166 5
5167 5
5168 4
5169 3
5170 0
5171 2
5172 2
5173 3
5174 4
5175 1
5176 1
5177 4
5178 5
5179 10
5180 9
5181 7
5182 6
5183 6
5184 5
5185 4
5186 3
5187 5
5188 8
5189 8
5190 7
5191 6
5192 6
5193 9
5194 11
5195 9
5196 7
5197 7
5198 8
5199 7
5200 9
5201 7
5202 5
5203 5
5204 3
5205 3
5206 2
5207 3
5208 4
5209 5
5210 3
5211 3
5212 2
5213 4
5214 6
5215 5
5216 6
5217 7
5218 7
5219 6
5220 7
5221 9
5222 9
5223 7
5224 9
5225 9
5226 12
5227 12
5228 11
5229 9
5230 9
5231 6
5232 3
5233 2
5234 3
5235 2
5236 4
5237 5
5238 4
5239 6
5240 4
5241 4
5242 3
5243 4
5244 4
5245 1
5246 1
5247 0
5248 4
5249 4
5250 2
5251 3
5252 2
5253 3
5254 1
5255 2
5256 0
5257 6
5258 6
5259 6
5260 8
5261 7
5262 6
5263 8
5264 12
5265 10
5266 10
5267 12
5268 9
5269 10
5270 8
5271 6
5272 5
5273 3
5274 0
5275 3
5276 2
5277 5
5278 8
5279 7
5280 9
5281 10
5282 9
5283 9
5284 10
5285 12
5286 16
5287 13
5288 15
5289 12
5290 13
5291 13
5292 11
5293 10
5294 7
5295 4
5296 4
5297 5
5298 4
5299 3
5300 4
5301 4
5302 2
5303 3
5304 2
5305 2
5306 2
5307 2
5308 4
5309 4
5310 3
5311 0
5312 0
5313 3
5314 3
5315 4
5316 1
5317 3
5318 1
5319 1
5320 3
5321 3
5322 2
5323 4
5324 5
5325 4
5326 3
5327 0
5328 2
5329 3
5330 2
5331 1
5332 2
5333 4
5334 5
5335 7
5336 7
5337 4
5338 3
5339 3
5340 1
5341 2
5342 1
5343 6
5344 5
5345 4
5346 2
5347 2
5348 3
5349 2
5350 2
5351 2
5352 2
5353 4
5354 2
5355 5
5356 5
5357 6
5358 4
5359 2
5360 1
5361 2
5362 2
5363 5
5364 3
5365 0
5366 2
5367 3
5368 2
5369 2
5370 5
5371 4
5372 4
5373 3
5374 1
5375 4
5376 4
5377 3
5378 5
5379 5
5380 6
5381 5
5382 5
5383 3
5384 6
5385 5
5386 5
5387 6
5388 7
5389 6
5390 9
5391 9
5392 12
5393 12
5394 12
5395 13
5396 13
5397 10
5398 8
5399 9
5400 8
5401 5
5402 6
5403 6
5404 6
5405 6
5406 5
5407 5
5408 8
5409 8
5410 6
5411 4
5412 2
5413 1
5414 3
5415 4
5416 4
5417 4
5418 4
5419 5
5420 5
5421 4
5422 4
5423 4
5424 2
5425 5
5426 7
5427 6
5428 6
5429 4
5430 2
5431 2
5432 1
5433 3
5434 5
5435 4
5436 1
5437 3
5438 1
5439 3
5440 3
5441 3
5442 3
5443 4
5444 4
5445 3
5446 2
5447 5
5448 5
5449 3
5450 2
5451 3
5452 3
5453 3
5454 5
5455 6
5456 4
5457 3
5458 2
5459 3
5460 1
5461 1
5462 5
5463 4
5464 3
5465 2
5466 3
5467 1
5468 1
5469 3
5470 3
5471 5
5472 3
5473 3
5474 6
5475 5
5476 5
5477 5
5478 8
5479 10
5480 9
5481 12
5482 12
5483 11
5484 12
5485 11
5486 10
5487 8
5488 8
5489 10
5490 11
5491 10
5492 11
5493 10
5494 13
5495 13
5496 12
5497 12
5498 12
5499 10
5500 9
5501 6
5502 8
5503 6
5504 6
5505 9
5506 9
5507 9
5508 8
5509 6
5510 6
5511 6
5512 3
5513 1
5514 3
5515 3
5516 4
5517 6
5518 7
5519 5
5520 3
5521 3
5522 5
5523 2
5524 3
5525 5
5526 3
5527 0
5528 2
5529 1
5530 1
5531 4
5532 2
5533 0
5534 3
5535 3
5536 6
5537 8
5538 7
5539 7
5540 6
5541 5
5542 6
5543 6
5544 5
5545 2
5546 2
5547 2
5548 3
5549 2
5550 2
5551 3
5552 4
5553 2
5554 2
5555 1
5556 2
5557 2
5558 1
5559 2
5560 2
5561 3
5562 0
5563 2
5564 2
5565 1
5566 0
5567 2
5568 4
5569 3
5570 2
5571 5
5572 4
5573 3
5574 2
5575 2
5576 3
5577 4
5578 3
5579 1
5580 2
5581 4
5582 3
5583 3
5584 4
5585 6
5586 5
5587 2
5588 0
5589 4
5590 3
5591 1
5592 3
5593 4
5594 6
5595 5
5596 8
5597 9
5598 9
5599 9
5600 8
5601 6
5602 5
5603 2
5604 2
5605 5
5606 4
5607 5
5608 4
5609 2
5610 7
5611 6
5612 7
5613 7
5614 7
5615 6
5616 7
5617 6
5618 6
5619 6
5620 5
5621 6
5622 4
5623 6
5624 5
5625 4
5626 4
5627 3
5628 1
5629 2
5630 2
5631 4
5632 4
5633 5
5634 5
5635 3
5636 1
5637 5
5638 5
5639 4
5640 5
5641 5
5642 4
5643 4
5644 6
5645 4
5646 3
5647 3
5648 3
5649 1
5650 3
5651 2
5652 2
5653 4
5654 4
5655 4
5656 3
5657 4
5658 4
5659 2
5660 1
5661 4
5662 2
5663 2
5664 2
5665 2
5666 3
5667 2
5668 2
5669 1
5670 3
5671 5
5672 5
5673 4
5674 4
5675 5
5676 6
5677 7
5678 5
5679 5
5680 3
5681 1
5682 5
5683 2
5684 2
5685 4
5686 3
5687 0
5688 2
5689 3
5690 1
5691 2
5692 4
5693 4
5694 3
5695 4
5696 3
5697 5
5698 2
5699 2
5700 3
5701 3
5702 4
5703 3
5704 1
5705 1
5706 4
5707 4
5708 6
5709 5
5710 5
5711 5
5712 4
5713 6
5714 5
5715 3
5716 2
5717 1
5718 2
5719 3
5720 5
5721 2
5722 2
5723 2
5724 4
5725 2
5726 0
5727 2
5728 2
5729 2
5730 4
5731 5
5732 6
5733 7
5734 9
5735 11
5736 13
5737 13
5738 14
5739 13
5740 17
5741 14
5742 15
5743 12
5744 12
5745 12
5746 10
5747 11
5748 10
5749 10
5750 8
5751 6
5752 3
5753 3
5754 2
5755 3
5756 3
5757 5
5758 4
5759 6
5760 5
5761 3
5762 3
5763 0
5764 0
5765 3
5766 4
5767 3
5768 3
5769 7
5770 7
5771 5
5772 3
5773 5
5774 5
5775 4
5776 4
5777 3
5778 3
5779 0
5780 3
5781 2
5782 0
5783 3
5784 3
5785 2
5786 2
5787 3
5788 2
5789 3
5790 1
5791 1
5792 0
5793 4
5794 3
5795 1
5796 1
5797 2
5798 1
5799 3
5800 0
5801 1
5802 3
5803 0
5804 5
5805 6
5806 6
5807 7
5808 8
5809 6
5810 6
5811 6
5812 4
5813 4
5814 3
5815 2
5816 3
5817 3
5818 3
5819 2
5820 4
5821 4
5822 4
5823 6
5824 4
5825 5
5826 4
5827 5
5828 7
5829 8
5830 6
5831 6
5832 8
5833 7
5834 6
5835 5
5836 3
5837 3
5838 3
5839 1
5840 4
5841 2
5842 4
5843 6
5844 4
5845 4
5846 7
5847 7
5848 8
5849 6
5850 7
5851 7
5852 7
5853 4
5854 5
5855 5
5856 3
5857 6
5858 7
5859 5
5860 4
5861 3
5862 3
5863 4
5864 6
5865 6
5866 6
5867 7
5868 7
5869 5
5870 6
5871 7
5872 7
5873 5
5874 4
5875 3
5876 3
5877 1
5878 4
5879 6
5880 4
5881 3
5882 2
5883 2
5884 3
5885 2
5886 2
5887 4
5888 4
5889 2
5890 2
5891 1
5892 0
5893 3
5894 2
5895 3
5896 2
5897 3
5898 1
5899 4
5900 4
5901 2
5902 5
5903 2
5904 4
5905 4
5906 4
5907 3
5908 1
5909 1
5910 2
5911 4
5912 4
5913 3
5914 1
5915 1
5916 1
5917 2
5918 1
5919 3
5920 3
5921 1
5922 3
5923 1
5924 4
5925 4
5926 3
5927 2
5928 4
5929 3
5930 3
5931 1
5932 0
5933 1
5934 3
5935 3
5936 3
5937 3
5938 2
5939 0
5940 10
5941 10
5942 8
5943 6
5944 5
5945 2
5946 3
5947 1
5948 4
5949 3
5950 1
5951 5
5952 4
5953 4
5954 4
5955 4
5956 2
5957 5
5958 5
5959 5
5960 3
5961 4
5962 3
5963 3
5964 4
5965 4
5966 2
5967 1
5968 4
5969 3
5970 2
5971 1
5972 0
5973 4
5974 2
5975 4
5976 2
5977 1
5978 3
5979 2
5980 3
5981 2
5982 3
5983 1
5984 1
5985 1
5986 5
5987 5
5988 2
5989 4
5990 4
5991 1
5992 1
5993 2
5994 1
5995 2
5996 0
5997 1
5998 2
5999 4
6000 3
6001 2
6002 2
6003 2
6004 2
6005 4
6006 5
6007 4
6008 4
6009 3
6010 5
6011 5
6012 5
6013 7
6014 6
6015 8
6016 7
6017 5
6018 4
6019 3
6020 2
6021 5
6022 5
6023 4
6024 4
6025 2
6026 1
6027 0
6028 4
6029 5
6030 7
6031 5
6032 6
6033 7
6034 9
6035 9
6036 9
6037 9
6038 8
6039 5
6040 6
6041 4
6042 3
6043 1
6044 3
6045 0
6046 0
6047 2
6048 4
6049 2
6050 2
6051 2
6052 1
6053 1
6054 1
6055 2
6056 0
6057 1
6058 2
6059 3
6060 5
6061 2
6062 1
6063 5
6064 3
6065 4
6066 4
6067 5
6068 4
6069 4
6070 1
6071 0
6072 4
6073 6
6074 3
6075 3
6076 1
6077 2
6078 1
6079 3
6080 0
6081 2
6082 4
6083 2
6084 2
6085 3
6086 4
6087 7
6088 6
6089 7
6090 6
6091 6
6092 5
6093 5
6094 3
6095 4
6096 2
6097 3
6098 1
6099 1
6100 2
6101 0
6102 8
6103 6
6104 7
6105 9
6106 10
6107 12
6108 12
6109 14
6110 13
6111 17
6112 14
6113 12
6114 12
6115 11
6116 10
6117 12
6118 13
6119 16
6120 13
6121 12
6122 10
6123 9
6124 9
6125 10
6126 11
6127 12
6128 12
6129 10
6130 11
6131 11
6132 10
6133 9
6134 9
6135 7
6136 7
6137 8
6138 9
6139 8
6140 7
6141 8
6142 11
6143 11
6144 11
6145 11
6146 12
6147 14
6148 14
6149 13
6150 14
6151 12
6152 12
6153 10
6154 9
6155 10
6156 9
6157 8
6158 8
6159 8
6160 7
6161 9
6162 10
6163 9
6164 8
6165 8
6166 6
6167 7
6168 7
6169 7
6170 7
6171 7
6172 5
6173 4
6174 4
6175 2
6176 6
6177 4
6178 3
6179 3
6180 1
6181 2
6182 5
6183 3
6184 0
6185 1
6186 1
6187 1
6188 3
6189 4
6190 5
6191 8
6192 8
6193 8
6194 8
6195 7
6196 5
6197 3
6198 2
6199 3
6200 3
6201 3
6202 0
6203 1
6204 4
6205 5
6206 5
6207 3
6208 1
6209 0
6210 4
6211 4
6212 3
6213 6
6214 5
6215 4
6216 3
6217 1
6218 7
6219 7
6220 6
6221 6
6222 8
6223 7
6224 6
6225 3
6226 3
6227 2
6228 2
6229 2
6230 3
6231 3
6232 3
6233 2
6234 3
6235 4
6236 6
6237 5
6238 4
6239 5
6240 4
6241 5
6242 5
6243 3
6244 5
6245 5
6246 3
6247 4
6248 3
6249 2
6250 1
6251 3
6252 4
6253 5
6254 5
6255 4
6256 4
6257 2
6258 3
6259 5
6260 4
6261 3
6262 2
6263 2
6264 2
6265 6
6266 9
6267 8
6268 8
6269 8
6270 7
6271 6
6272 5
6273 3
6274 3
6275 4
6276 5
6277 5
6278 4
6279 3
6280 4
6281 7
6282 6
6283 5
6284 4
6285 3
6286 4
6287 2
6288 1
6289 0
6290 1
6291 4
6292 4
6293 5
6294 8
6295 8
6296 7
6297 8
6298 8
6299 8
6300 9
6301 7
6302 4
6303 4
6304 4
6305 3
6306 3
6307 5
6308 6
6309 7
6310 6
6311 7
6312 8
6313 6
6314 5
6315 6
6316 4
6317 4
6318 3
6319 3
6320 0
6321 1
6322 2
6323 4
6324 7
6325 8
6326 6
6327 5
6328 5
6329 6
6330 5
6331 3
6332 4
6333 3
6334 0
6335 0
6336 2
6337 5
6338 4
6339 4
6340 5
6341 4
6342 4
6343 2
6344 3
6345 0
6346 2
6347 1
6348 3
6349 2
6350 1
6351 1
6352 2
6353 3
6354 6
6355 9
6356 8
6357 12
6358 11
6359 10
6360 10
6361 8
6362 7
6363 7
6364 7
6365 7
6366 5
6367 4
6368 3
6369 5
6370 3
6371 2
6372 3
6373 5
6374 4
6375 3
6376 3
6377 3
6378 5
6379 4
6380 2
6381 4
6382 3
6383 5
6384 7
6385 8
6386 8
6387 5
6388 2
6389 1
6390 3
6391 3
6392 2
6393 3
6394 4
6395 2
6396 3
6397 1
6398 3
6399 0
6400 1
6401 1
6402 1
6403 4
6404 1
6405 1
6406 1
6407 1
6408 4
6409 6
6410 5
6411 5
6412 4
6413 4
6414 4
6415 1
6416 1
6417 2
6418 4
6419 4
6420 3
6421 0
6422 1
6423 1
6424 2
6425 1
6426 5
6427 4
6428 4
6429 2
6430 4
6431 2
6432 3
6433 1
6434 0
6435 2
6436 2
6437 3
6438 1
6439 1
6440 3
6441 4
6442 1
6443 0
6444 2
6445 2
6446 2
6447 1
6448 7
6449 5
6450 5
6451 4
6452 2
6453 0
6454 5
6455 4
6456 4
6457 5
6458 5
6459 3
6460 3
6461 3
6462 1
6463 4
6464 3
6465 2
6466 2
6467 1
6468 4
6469 2
6470 1
6471 2
6472 5
6473 7
6474 6
6475 7
6476 7
6477 6
6478 5
6479 4
6480 4
6481 4
6482 5
6483 6
6484 5
6485 7
6486 4
6487 1
6488 1
6489 1
6490 1
6491 0
6492 1
6493 3
6494 3
6495 1
6496 3
6497 4
6498 6
6499 5
6500 4
6501 4
6502 4
6503 3
6504 2
6505 1
6506 3
6507 2
6508 5
6509 2
6510 3
6511 1
6512 5
6513 6
6514 4
6515 2
6516 4
6517 4
6518 4
6519 5
6520 6
6521 6
6522 6
6523 7
6524 6
6525 4
6526 6
6527 7
6528 6
6529 7
6530 8
6531 7
6532 7
6533 6
6534 7
6535 6
6536 6
6537 5
6538 4
6539 5
6540 5
6541 4
6542 4
6543 6
6544 6
6545 4
6546 1
6547 5
6548 4
6549 4
6550 3
6551 4
6552 5
6553 2
6554 1
6555 5
6556 6
6557 5
6558 4
6559 2
6560 0
6561 1
6562 3
6563 1
6564 2
6565 0
6566 2
6567 2
6568 1
6569 3
6570 2
6571 2
6572 1
6573 7
6574 7
6575 4
6576 4
6577 2
6578 4
6579 5
6580 6
6581 4
6582 4
6583 5
6584 3
6585 1
6586 5
6587 5
6588 3
6589 1
6590 1
6591 1
6592 2
6593 2
6594 5
6595 5
6596 6
6597 4
6598 6
6599 3
6600 2
6601 1
6602 4
6603 4
6604 1
6605 3
6606 2
6607 2
6608 2
6609 3
6610 2
6611 1
6612 3
6613 3
6614 5
6615 4
6616 4
6617 6
6618 4
6619 4
6620 4
6621 4
6622 5
6623 4
6624 6
6625 4
6626 4
6627 4
6628 6
6629 5
6630 3
6631 5
6632 6
6633 4
6634 4
6635 3
6636 7
6637 6
6638 6
6639 4
6640 2
6641 2
6642 2
6643 2
6644 5
6645 3
6646 0
6647 1
6648 3
6649 0
6650 1
6651 3
6652 4
6653 5
6654 2
6655 1
6656 5
6657 4
6658 5
6659 6
6660 8
6661 9
6662 9
6663 9
6664 7
6665 5
6666 3
6667 1
6668 2
6669 0
6670 2
6671 3
6672 2
6673 1
6674 3
6675 3
6676 8
6677 8
6678 8
6679 7
6680 8
6681 7
6682 4
6683 5
6684 4
6685 6
6686 5
6687 4
6688 4
6689 2
6690 4
6691 2
6692 3
6693 2
6694 4
6695 2
6696 2
6697 1
6698 3
6699 1
6700 2
6701 3
6702 6
6703 6
6704 4
6705 1
6706 3
6707 3
6708 3
6709 4
6710 2
6711 4
6712 3
6713 2
6714 2
6715 1
6716 4
6717 3
6718 1
6719 3
6720 1
6721 5
6722 7
6723 6
6724 5
6725 5
6726 5
6727 5
6728 5
6729 4
6730 4
6731 5
6732 5
6733 4
6734 2
6735 4
6736 5
6737 5
6738 5
6739 3
6740 3
6741 2
6742 4
6743 1
6744 0
6745 6
6746 5
6747 6
6748 6
6749 3
6750 0
6751 4
6752 3
6753 4
6754 5
6755 5
6756 3
6757 4
6758 1
6759 2
6760 2
6761 3
6762 4
6763 5
6764 5
6765 4
6766 5
6767 5
6768 4
6769 3
6770 5
6771 6
6772 4
6773 2
6774 4
6775 3
6776 3
6777 2
6778 3
6779 3
6780 1
6781 0
6782 2
6783 4
6784 2
6785 2
6786 0
6787 7
6788 10
6789 11
6790 9
6791 7
6792 7
6793 5
6794 4
6795 2
6796 0
6797 2
6798 4
6799 2
6800 0
6801 3
6802 2
6803 0
6804 1
6805 4
6806 2
6807 2
6808 2
6809 3
6810 2
6811 2
6812 1
6813 1
6814 3
6815 3
6816 4
6817 2
6818 2
6819 4
6820 5
6821 5
6822 2
6823 1
6824 1
6825 6
6826 3
6827 4
6828 5
6829 4
6830 4
6831 1
6832 1
6833 2
6834 2
6835 4
6836 3
6837 3
6838 1
6839 5
6840 5
6841 7
6842 6
6843 6
6844 5
6845 3
6846 3
6847 2
6848 3
6849 2
6850 2
6851 3
6852 4
6853 4
6854 3
6855 2
6856 2
6857 2
6858 4
6859 3
6860 2
6861 2
6862 7
6863 5
6864 5
6865 7
6866 6
6867 5
6868 4
6869 4
6870 2
6871 2
6872 3
6873 2
6874 1
6875 2
6876 1
6877 5
6878 3
6879 1
6880 4
6881 4
6882 1
6883 4
6884 3
6885 6
6886 7
6887 8
6888 8
6889 6
6890 4
6891 3
6892 2
6893 4
6894 3
6895 3
6896 2
6897 3
6898 4
6899 5
6900 5
6901 3
6902 5
6903 6
6904 4
6905 2
6906 3
6907 5
6908 3
6909 3
6910 1
6911 2
6912 6
6913 5
6914 4
6915 4
6916 2
6917 2
6918 3
6919 2
6920 5
6921 5
6922 6
6923 5
6924 3
6925 4
6926 2
6927 2
6928 2
6929 4
6930 3
6931 2
6932 4
6933 2
6934 4
6935 5
6936 4
6937 6
6938 5
6939 6
6940 5
6941 5
6942 2
6943 3
6944 2
6945 3
6946 2
6947 2
6948 0
6949 2
6950 2
6951 2
6952 2
6953 5
6954 4
6955 4
6956 6
6957 4
6958 3
6959 2
6960 6
6961 6
6962 6
6963 7
6964 6
6965 3
6966 0
6967 2
6968 3
6969 2
6970 6
6971 5
6972 5
6973 2
6974 2
6975 2
6976 2
6977 3
6978 3
6979 5
6980 3
6981 1
6982 3
6983 2
6984 0
6985 3
6986 1
6987 3
6988 3
6989 3
6990 4
6991 4
6992 3
6993 1
6994 0
6995 3
6996 3
6997 4
6998 3
6999 4
7000 3
7001 3
7002 2
7003 3
7004 5
7005 5
7006 6
7007 5
7008 4
7009 3
7010 2
7011 2
7012 3
7013 3
7014 5
7015 5
7016 4
7017 4
7018 2
7019 3
7020 1
7021 2
7022 1
7023 3
7024 4
7025 7
7026 6
7027 8
7028 9
7029 8
7030 13
7031 13
7032 12
7033 12
7034 13
7035 12
7036 11
7037 12
7038 12
7039 13
7040 11
7041 13
7042 12
7043 12
7044 11
7045 9
7046 9
7047 9
7048 6
7049 4
7050 4
7051 2
7052 3
7053 3
7054 2
7055 2
7056 2
7057 3
7058 2
7059 1
7060 4
7061 4
7062 2
7063 1
7064 2
7065 2
7066 5
7067 3
7068 2
7069 2
7070 3
7071 3
7072 6
7073 7
7074 7
7075 6
7076 6
7077 7
7078 8
7079 6
7080 6
7081 4
7082 5
7083 3
7084 3
7085 6
7086 4
7087 4
7088 3
7089 5
7090 3
7091 4
7092 3
7093 1
7094 3
7095 4
7096 4
7097 2
7098 3
7099 4
7100 6
7101 5
7102 3
7103 5
7104 4
7105 5
7106 4
7107 5
7108 6
7109 4
7110 2
7111 3
7112 4
7113 3
7114 3
7115 3
7116 1
7117 2
7118 3
7119 3
7120 3
7121 3
7122 1
7123 1
7124 2
7125 1
7126 1
7127 2
7128 3
7129 2
7130 1
7131 6
7132 10
7133 10
7134 9
7135 6
7136 4
7137 5
7138 3
7139 1
7140 4
7141 4
7142 3
7143 1
7144 1
7145 2
7146 2
7147 4
7148 3
7149 4
7150 3
7151 4
7152 2
7153 2
7154 5
7155 4
7156 2
7157 1
7158 1
7159 3
7160 3
7161 2
7162 1
7163 3
7164 4
7165 1
7166 3
7167 1
7168 1
7169 2
7170 4
7171 3
7172 2
7173 2
7174 3
7175 3
7176 0
7177 3
7178 3
7179 3
7180 3
7181 2
7182 2
7183 3
7184 0
7185 1
7186 3
7187 1
7188 4
7189 5
7190 5
7191 6
7192 5
7193 4
7194 5
7195 4
7196 3
7197 5
7198 5
7199 4
7200 3
7201 4
7202 4
7203 2
7204 3
7205 1
7206 2
7207 3
7208 1
7209 4
7210 5
7211 5
7212 4
7213 3
7214 2
7215 4
7216 5
7217 5
7218 6
7219 4
7220 3
7221 2
7222 5
7223 5
7224 4
7225 4
7226 2
7227 3
7228 5
7229 5
7230 4
7231 2
7232 2
7233 2
7234 4
7235 4
7236 3
7237 4
7238 4
7239 4
7240 5
7241 5
7242 5
7243 3
7244 2
7245 4
7246 6
7247 3
7248 5
7249 5
7250 2
7251 4
7252 4
7253 7
7254 8
7255 11
7256 12
7257 12
7258 9
7259 8
7260 7
7261 6
7262 6
7263 3
7264 2
7265 4
7266 6
7267 4
7268 6
7269 7
7270 8
7271 9
7272 8
7273 7
7274 5
7275 7
7276 10
7277 8
7278 9
7279 9
7280 7
7281 6
7282 5
7283 5
7284 4
7285 8
7286 6
7287 5
7288 4
7289 3
7290 5
7291 7
7292 7
7293 6
7294 6
7295 4
7296 2
7297 2
7298 7
7299 7
7300 7
7301 6
7302 3
7303 2
7304 5
7305 4
7306 3
7307 0
7308 1
7309 4
7310 3
7311 3
7312 4
7313 5
7314 3
7315 2
7316 0
7317 0
7318 5
7319 4
7320 7
7321 5
7322 5
7323 4
7324 5
7325 2
7326 3
7327 2
7328 4
7329 3
7330 2
7331 2
7332 2
7333 3
7334 2
7335 4
7336 4
7337 5
7338 3
7339 0
7340 1
7341 3
7342 4
7343 1
7344 3
7345 3
7346 3
7347 2
7348 2
7349 2
7350 1
7351 4
7352 4
7353 2
7354 2
7355 0
7356 2
7357 1
7358 2
7359 0
7360 2
7361 0
7362 2
7363 2
7364 2
7365 4
7366 3
7367 2
7368 2
7369 4
7370 3
7371 5
7372 4
7373 4
7374 2
7375 2
7376 2
7377 4
7378 4
7379 4
7380 3
7381 2
7382 2
7383 2
7384 3
7385 5
7386 5
7387 9
7388 8
7389 6
7390 6
7391 5
7392 5
7393 4
7394 3
7395 3
7396 5
7397 4
7398 5
7399 3
7400 3
7401 7
7402 7
7403 7
7404 10
7405 10
7406 10
7407 10
7408 10
7409 12
7410 10
7411 8
7412 7
7413 8
7414 8
7415 9
7416 6
7417 4
7418 3
7419 2
7420 1
7421 2
7422 1
7423 6
7424 10
7425 10
7426 9
7427 8
7428 8
7429 7
7430 6
7431 7
7432 8
7433 10
7434 11
7435 12
7436 13
7437 14
7438 13
7439 13
7440 12
7441 11
7442 11
7443 11
7444 8
7445 8
7446 8
7447 10
7448 11
7449 11
7450 12
7451 11
7452 13
7453 11
7454 10
7455 11
7456 12
7457 13
7458 13
7459 14
7460 15
7461 12
7462 14
7463 15
7464 12
7465 12
7466 12
7467 13
7468 13
7469 12
7470 10
7471 10
7472 11
7473 10
7474 10
7475 11
7476 12
7477 9
7478 10
7479 9
7480 9
7481 10
7482 11
7483 9
7484 8
7485 7
7486 7
7487 10
7488 7
7489 9
7490 9
7491 10
7492 9
7493 6
7494 4
7495 4
7496 3
7497 4
7498 3
7499 5
7500 6
7501 9
7502 11
7503 12
7504 12
7505 9
7506 12
7507 11
7508 10
7509 7
7510 4
7511 5
7512 7
7513 5
7514 4
7515 5
7516 4
7517 3
7518 4
7519 4
7520 5
7521 5
7522 5
7523 4
7524 4
7525 5
7526 6
7527 6
7528 6
7529 3
7530 5
7531 5
7532 4
7533 2
7534 5
7535 4
7536 3
7537 2
7538 2
7539 4
7540 2
7541 3
7542 2
7543 1
7544 2
7545 3
7546 3
7547 4
7548 4
7549 4
7550 4
7551 2
7552 3
7553 3
7554 3
7555 2
7556 3
7557 3
7558 5
7559 3
7560 0
7561 1
7562 3
7563 4
7564 5
7565 4
7566 2
7567 2
7568 2
7569 3
7570 1
7571 3
7572 6
7573 5
7574 3
7575 3
7576 4
7577 3
7578 3
7579 2
7580 2
7581 4
7582 3
7583 3
7584 5
7585 4
7586 4
7587 3
7588 4
7589 2
7590 2
7591 4
7592 4
7593 2
7594 3
7595 2
7596 1
7597 4
7598 3
7599 2
7600 2
7601 1
7602 1
7603 0
7604 1
7605 2
7606 2
7607 1
7608 2
7609 4
7610 1
7611 2
7612 1
7613 3
7614 2
7615 1
7616 4
7617 4
7618 4
7619 3
7620 1
7621 1
7622 3
7623 4
7624 4
7625 6
7626 4
7627 6
7628 3
7629 2
7630 4
7631 2
7632 4
7633 5
7634 3
7635 2
7636 2
7637 5
7638 4
7639 6
7640 6
7641 3
7642 1
7643 4
7644 4
7645 3
7646 1
7647 3
7648 2
7649 4
7650 2
7651 0
7652 6
7653 4
7654 6
7655 6
7656 7
7657 8
7658 8
7659 6
7660 5
7661 4
7662 2
7663 1
7664 3
7665 0
7666 2
7667 4
7668 4
7669 2
7670 2
7671 5
7672 5
7673 4
7674 2
7675 4
7676 5
7677 5
7678 3
7679 4
7680 2
7681 5
7682 6
7683 6
7684 4
7685 2
7686 5
7687 6
7688 5
7689 4
7690 2
7691 1
7692 2
7693 4
7694 3
7695 5
7696 3
7697 2
7698 1
7699 0
7700 3
7701 2
7702 1
7703 2
7704 4
7705 6
7706 6
7707 7
7708 6
7709 7
7710 9
7711 9
7712 11
7713 11
7714 12
7715 14
7716 14
7717 16
7718 13
7719 16
7720 13
7721 12
7722 12
7723 11
7724 10
7725 9
7726 8
7727 8
7728 7
7729 8
7730 7
7731 7
7732 6
7733 5
7734 4
7735 6
7736 5
7737 4
7738 4
7739 4
7740 2
7741 3
7742 1
7743 4
7744 6
7745 5
7746 7
7747 5
7748 5
7749 4
7750 1
7751 4
7752 3
7753 6
7754 5
7755 6
7756 5
7757 6
7758 6
7759 3
7760 2
7761 3
7762 1
7763 4
7764 2
7765 3
7766 4
7767 4
7768 6
7769 6
7770 6
7771 4
7772 3
7773 4
7774 5
7775 3
7776 3
7777 3
7778 4
7779 2
7780 1
7781 6
7782 6
7783 7
7784 10
7785 9
7786 7
7787 6
7788 8
7789 11
7790 11
7791 12
7792 12
7793 12
7794 14
7795 15
7796 12
7797 14
7798 13
7799 11
7800 8
7801 10
7802 11
7803 10
7804 11
7805 10
7806 10
7807 12
7808 9
7809 8
7810 9
7811 9
7812 8
7813 10
7814 10
7815 8
7816 8
7817 6
7818 6
7819 7
7820 6
7821 6
7822 8
7823 8
7824 10
7825 8
7826 6
7827 4
7828 4
7829 3
7830 2
7831 3
7832 1
7833 0
7834 3
7835 1
7836 3
7837 2
7838 1
7839 3
7840 4
7841 5
7842 2
7843 3
7844 3
7845 2
7846 1
7847 4
7848 5
7849 5
7850 8
7851 7
7852 9
7853 8
7854 10
7855 9
7856 9
7857 8
7858 10
7859 10
7860 9
7861 10
7862 12
7863 9
7864 7
7865 7
7866 5
7867 4
7868 1
7869 3
7870 3
7871 1
7872 0
7873 3
7874 2
7875 2
7876 0
7877 2
7878 4
7879 5
7880 7
7881 7
7882 5
7883 7
7884 6
7885 7
7886 5
7887 8
7888 9
7889 10
7890 11
7891 10
7892 7
7893 7
7894 6
7895 3
7896 2
7897 4
7898 5
7899 5
7900 5
7901 6
7902 5
7903 9
7904 9
7905 7
7906 6
7907 4
7908 4
7909 5
7910 3
7911 2
7912 1
7913 3
7914 3
7915 1
7916 1
7917 3
7918 3
7919 4
7920 4
7921 4
7922 4
7923 4
7924 4
7925 6
7926 6
7927 9
7928 8
7929 10
7930 9
7931 8
7932 7
7933 6
7934 5
7935 5
7936 3
7937 4
7938 7
7939 8
7940 8
7941 8
7942 8
7943 7
7944 5
7945 2
7946 3
7947 3
7948 7
7949 8
7950 8
7951 6
7952 4
7953 3
7954 4
7955 7
7956 7
7957 5
7958 6
7959 5
7960 3
7961 3
7962 1
7963 3
7964 1
7965 2
7966 1
7967 1
7968 1
7969 3
7970 2
7971 2
7972 1
7973 3
7974 3
7975 3
7976 2
7977 6
7978 5
7979 4
7980 2
7981 1
7982 4
7983 5
7984 3
7985 2
7986 0
7987 3
7988 4
7989 3
7990 1
7991 3
7992 4
7993 3
7994 1
7995 1
7996 1
7997 3
7998 4
7999 1
8000 5
8001 6
8002 5
8003 4
8004 4
8005 3
8006 1
8007 3
8008 1
8009 3
8010 1
8011 2
8012 1
8013 3
8014 2
8015 0
8016 2
8017 4
8018 4
8019 3
8020 3
8021 1
8022 4
8023 3
8024 4
8025 3
8026 4
8027 3
8028 3
8029 2
8030 1
8031 2
8032 2
8033 6
8034 3
8035 1
8036 4
8037 5
8038 6
8039 4
8040 3
8041 1
8042 4
8043 2
8044 2
8045 6
8046 8
8047 9
8048 9
8049 8
8050 7
8051 4
8052 4
8053 6
8054 6
8055 10
8056 10
8057 9
8058 8
8059 6
8060 4
8061 6
8062 3
8063 2
8064 2
8065 2
8066 4
8067 5
8068 5
8069 2
8070 1
8071 3
8072 5
8073 7
8074 6
8075 6
8076 6
8077 6
8078 6
8079 4
8080 4
8081 1
8082 4
8083 3
8084 2
8085 4
8086 3
8087 4
8088 2
8089 4
8090 5
8091 4
8092 2
8093 1
8094 2
8095 5
8096 5
8097 5
8098 6
8099 8
8100 8
8101 10
8102 9
8103 10
8104 8
8105 7
8106 7
8107 5
8108 4
8109 2
8110 1
8111 1
8112 2
8113 3
8114 3
8115 1
8116 0
8117 2
8118 4
8119 4
8120 3
8121 1
8122 2
8123 5
8124 4
8125 7
8126 4
8127 2
8128 2
8129 4
8130 3
8131 1
8132 1
8133 1
8134 6
8135 5
8136 3
8137 3
8138 3
8139 1
8140 1
8141 2
8142 2
8143 3
8144 9
8145 8
8146 8
8147 8
8148 9
8149 8
8150 7
8151 6
8152 7
8153 5
8154 6
8155 5
8156 2
8157 4
8158 2
8159 1
8160 0
8161 1
8162 1
8163 2
8164 0
8165 1
8166 1
8167 2
8168 1
8169 1
8170 3
8171 3
8172 0
8173 2
8174 3
8175 3
8176 2
8177 0
8178 4
8179 3
8180 3
8181 4
8182 3
8183 1
8184 2
8185 2
8186 0
8187 0
8188 2
8189 4
8190 3
8191 5
8192 4
8193 2
8194 4
8195 7
8196 5
8197 4
8198 2
8199 1
8200 3
8201 1
8202 4
8203 6
8204 6
8205 4
8206 4
8207 3
8208 2
8209 5
8210 4
8211 4
8212 4
8213 3
8214 2
8215 2
8216 3
8217 3
8218 2
8219 1
8220 1
8221 3
8222 2
8223 2
8224 2
8225 2
8226 4
8227 5
8228 8
8229 10
8230 13
8231 14
8232 14
8233 13
8234 10
8235 10
8236 9
8237 9
8238 8
8239 7
8240 6
8241 4
8242 2
8243 4
8244 4
8245 3
8246 4
8247 5
8248 4
8249 2
8250 4
8251 2
8252 7
8253 8
8254 5
8255 6
8256 5
8257 3
8258 5
8259 5
8260 5
8261 5
8262 4
8263 2
8264 2
8265 4
8266 4
8267 2
8268 2
8269 1
8270 3
8271 1
8272 2
8273 1
8274 2
8275 3
8276 3
8277 2
8278 4
8279 2
8280 2
8281 3
8282 3
8283 4
8284 2
8285 1
8286 2
8287 3
8288 3
8289 2
8290 2
8291 2
8292 4
8293 3
8294 1
8295 1
8296 1
8297 1
8298 5
8299 4
8300 1
8301 0
8302 2
8303 2
8304 2
8305 3
8306 2
8307 2
8308 2
8309 1
8310 1
8311 3
8312 4
8313 6
8314 6
8315 4
8316 5
8317 6
8318 6
8319 5
8320 6
8321 6
8322 5
8323 4
8324 3
8325 2
8326 4
8327 3
8328 1
8329 1
8330 2
8331 5
8332 3
8333 3
8334 6
8335 4
8336 3
8337 1
8338 1
8339 5
8340 3
8341 6
8342 5
8343 3
8344 2
8345 4
8346 4
8347 1
8348 5
8349 4
8350 3
8351 1
8352 0
8353 2
8354 2
8355 2
8356 2
8357 2
8358 2
8359 2
8360 2
8361 2
8362 2
8363 3
8364 3
8365 2
8366 3
8367 2
8368 2
8369 6
8370 5
8371 5
8372 5
8373 4
8374 2
8375 3
8376 4
8377 1
8378 2
8379 1
8380 2
8381 5
8382 4
8383 5
8384 4
8385 3
8386 3
8387 6
8388 7
8389 8
8390 9
8391 10
8392 11
8393 11
8394 11
8395 10
8396 9
8397 8
8398 7
8399 7
8400 7
8401 6
8402 5
8403 7
8404 6
8405 8
8406 8
8407 9
8408 9
8409 8
8410 8
8411 8
8412 9
8413 7
8414 8
8415 6
8416 4
8417 3
8418 3
8419 3
8420 2
8421 2
8422 4
8423 2
8424 4
8425 3
8426 5
8427 3
8428 4
8429 3
8430 2
8431 2
8432 4
8433 3
8434 0
8435 2
8436 3
8437 2
8438 3
8439 4
8440 4
8441 5
8442 4
8443 6
8444 6
8445 7
8446 6
8447 4
8448 2
8449 3
8450 5
8451 7
8452 5
8453 4
8454 2
8455 1
8456 0
8457 7
8458 7
8459 6
8460 8
8461 7
8462 5
8463 7
8464 8
8465 7
8466 6
8467 5
8468 3
8469 4
8470 5
8471 5
8472 8
8473 6
8474 4
8475 3
8476 7
8477 7
8478 5
8479 4
8480 2
8481 4
8482 2
8483 3
8484 5
8485 7
8486 5
8487 3
8488 2
8489 2
8490 2
8491 1
8492 4
8493 3
8494 2
8495 3
8496 4
8497 2
8498 4
8499 3
8500 1
8501 2
8502 4
8503 5
8504 5
8505 2
8506 2
8507 1
8508 3
8509 2
8510 1
8511 3
8512 2
8513 1
8514 3
8515 3
8516 1
8517 1
8518 1
8519 5
8520 5
8521 3
8522 3
8523 4
8524 4
8525 6
8526 8
8527 6
8528 6
8529 6
8530 4
8531 4
8532 3
8533 1
8534 2
8535 3
8536 4
8537 4
8538 3
8539 0
8540 2
8541 3
8542 2
8543 0
8544 2
8545 1
8546 2
8547 2
8548 6
8549 6
8550 7
8551 7
8552 4
8553 2
8554 0
8555 5
8556 3
8557 2
8558 1
8559 4
8560 4
8561 2
8562 3
8563 3
8564 2
8565 4
8566 4
8567 3
8568 1
8569 1
8570 2
8571 3
8572 3
8573 3
8574 3
8575 4
8576 4
8577 3
8578 2
8579 2
8580 3
8581 1
8582 2
8583 3
8584 3
8585 4
8586 3
8587 2
8588 2
8589 1
8590 3
8591 1
8592 1
8593 4
8594 2
8595 2
8596 2
8597 2
8598 2
8599 3
8600 4
8601 2
8602 2
8603 2
8604 1
8605 1
8606 3
8607 2
8608 3
8609 3
8610 3
8611 1
8612 3
8613 2
8614 2
8615 3
8616 2
8617 2
8618 3
8619 4
8620 3
8621 3
8622 1
8623 5
8624 4
8625 3
8626 2
8627 1
8628 1
8629 4
8630 4
8631 3
8632 2
8633 4
8634 2
8635 4
8636 2
8637 1
8638 3
8639 3
8640 3
8641 8
8642 9
8643 8
8644 8
8645 6
8646 6
8647 6
8648 5
8649 3
8650 2
8651 2
8652 4
8653 4
8654 3
8655 1
8656 5
8657 6
8658 6
8659 8
8660 6
8661 7
8662 6
8663 4
8664 2
8665 1
8666 1
8667 3
8668 5
8669 3
8670 3
8671 2
8672 1
8673 2
8674 3
8675 1
8676 4
8677 3
8678 3
8679 2
8680 3
8681 2
8682 0
8683 1
8684 3
8685 3
8686 3
8687 2
8688 3
8689 1
8690 4
8691 2
8692 3
8693 2
8694 2
8695 3
8696 3
8697 4
8698 4
8699 3
8700 2
8701 4
8702 5
8703 2
8704 1
8705 2
8706 5
8707 5
8708 7
8709 5
8710 2
8711 3
8712 3
8713 2
8714 0
8715 2
8716 2
8717 4
8718 2
8719 5
8720 4
8721 4
8722 2
8723 4
8724 2
8725 2
8726 5
8727 7
8728 8
8729 7
8730 9
8731 7
8732 6
8733 9
8734 6
8735 5
8736 6
8737 6
8738 6
8739 7
8740 6
8741 4
8742 2
8743 5
8744 6
8745 5
8746 6
8747 6
8748 5
8749 5
8750 5
8751 3
8752 1
8753 2
8754 2
8755 3
8756 2
8757 1
8758 5
8759 2
8760 3
8761 2
8762 4
8763 6
8764 6
8765 5
8766 4
8767 4
8768 5
8769 5
8770 5
8771 7
8772 9
8773 9
8774 9
8775 7
8776 10
8777 13
8778 14
8779 13
8780 12
8781 10
8782 11
8783 10
8784 8
8785 8
8786 9
8787 10
8788 9
8789 9
8790 7
8791 5
8792 2
8793 3
8794 2
8795 3
8796 2
8797 4
8798 4
8799 4
8800 5
8801 3
8802 1
8803 4
8804 4
8805 4
8806 1
8807 3
8808 1
8809 3
8810 2
8811 5
8812 5
8813 5
8814 4
8815 5
8816 4
8817 3
8818 3
8819 4
8820 5
8821 4
8822 2
8823 3
8824 4
8825 2
8826 1
8827 2
8828 3
8829 5
8830 4
8831 3
8832 2
8833 1
8834 2
8835 3
8836 2
8837 2
8838 3
8839 3
8840 3
8841 0
8842 4
8843 5
8844 4
8845 6
8846 5
8847 7
8848 8
8849 8
8850 10
8851 9
8852 9
8853 11
8854 12
8855 13
8856 12
8857 11
8858 10
8859 11
8860 10
8861 9
8862 11
8863 12
8864 10
8865 12
8866 12
8867 11
8868 12
8869 13
8870 11
8871 10
8872 11
8873 10
8874 9
8875 7
8876 8
8877 6
8878 7
8879 10
8880 8
8881 8
8882 9
8883 11
8884 10
8885 9
8886 8
8887 6
8888 4
8889 3
8890 2
8891 5
8892 3
8893 2
8894 4
8895 4
8896 3
8897 4
8898 2
8899 5
8900 4
8901 2
8902 3
8903 5
8904 7
8905 10
8906 9
8907 8
8908 6
8909 4
8910 3
8911 1
8912 3
8913 1
8914 5
8915 5
8916 6
8917 6
8918 7
8919 9
8920 10
8921 11
8922 9
8923 6
8924 7
8925 6
8926 3
8927 2
8928 4
8929 4
8930 2
8931 0
8932 2
8933 4
8934 5
8935 4
8936 3
8937 4
8938 4
8939 4
8940 3
8941 4
8942 3
8943 5
8944 5
8945 2
8946 2
8947 3
8948 3
8949 2
8950 4
8951 4
8952 7
8953 6
8954 4
8955 5
8956 4
8957 4
8958 3
8959 3
8960 4
8961 4
8962 2
8963 3
8964 2
8965 3
8966 2
8967 4
8968 4
8969 2
8970 2
8971 3
8972 0
8973 2
8974 2
8975 0
8976 3
8977 2
8978 2
8979 4
8980 5
8981 3
8982 4
8983 7
8984 8
8985 6
8986 6
8987 5
8988 5
8989 2
8990 4
8991 3
8992 3
8993 2
8994 1
8995 6
8996 4
8997 2
8998 2
8999 5
9000 3
9001 3
9002 3
9003 3
9004 4
9005 5
9006 5
9007 3
9008 0
9009 0
9010 3
9011 0
9012 2
9013 5
9014 4
9015 5
9016 6
9017 8
9018 10
9019 11
9020 9
9021 9
9022 7
9023 5
9024 6
9025 6
9026 7
9027 7
9028 7
9029 6
9030 7
9031 8
9032 10
9033 8
9034 8
9035 9
9036 10
9037 9
9038 8
9039 8
9040 8
9041 8
9042 6
9043 4
9044 5
9045 3
9046 7
9047 8
9048 6
9049 5
9050 5
9051 4
9052 4
9053 2
9054 0
9055 3
9056 6
9057 3
9058 0
9059 2
9060 2
9061 0
9062 3
9063 1
9064 3
9065 2
9066 3
9067 1
9068 1
9069 2
9070 2
9071 2
9072 3
9073 2
9074 3
9075 4
9076 5
9077 2
9078 2
9079 4
9080 6
9081 9
9082 8
9083 7
9084 9
9085 9
9086 8
9087 8
9088 6
9089 9
9090 8
9091 8
9092 7
9093 9
9094 7
9095 7
9096 6
9097 6
9098 5
9099 6
9100 4
9101 2
9102 1
9103 5
9104 3
9105 4
9106 2
9107 5
9108 5
9109 3
9110 3
9111 4
9112 4
9113 2
9114 3
9115 2
9116 2
9117 1
9118 2
9119 3
9120 3
9121 1
9122 0
9123 1
9124 4
9125 2
9126 1
9127 2
9128 4
9129 4
9130 2
9131 2
9132 6
9133 5
9134 5
9135 4
9136 4
9137 6
9138 5
9139 2
9140 2
9141 6
9142 7
9143 6
9144 8
9145 6
9146 5
9147 5
9148 4
9149 4
9150 2
9151 4
9152 2
9153 3
9154 2
9155 6
9156 9
9157 9
9158 8
9159 7
9160 9
9161 8
9162 7
9163 5
9164 6
9165 7
9166 6
9167 7
9168 5
9169 6
9170 3
9171 2
9172 1
9173 4
9174 3
9175 5
9176 5
9177 2
9178 1
9179 3
9180 3
9181 0
9182 3
9183 4
9184 6
9185 7
9186 8
9187 10
9188 9
9189 8
9190 9
9191 9
9192 8
9193 9
9194 7
9195 5
9196 3
9197 1
9198 2
9199 1
9200 1
9201 5
9202 4
9203 3
9204 1
9205 2
9206 4
9207 4
9208 1
9209 4
9210 3
9211 2
9212 2
9213 3
9214 3
9215 3
9216 1
9217 2
9218 4
9219 3
9220 3
9221 2
9222 4
9223 3
9224 4
9225 2
9226 2
9227 0
9228 2
9229 2
9230 2
9231 2
9232 1
9233 2
9234 3
9235 2
9236 5
9237 6
9238 8
9239 5
9240 3
9241 2
9242 0
9243 3
9244 3
9245 0
9246 5
9247 4
9248 4
9249 5
9250 8
9251 7
9252 7
9253 10
9254 8
9255 7
9256 6
9257 7
9258 6
9259 5
9260 3
9261 5
9262 5
9263 4
9264 2
9265 2
9266 5
9267 5
9268 5
9269 7
9270 6
9271 4
9272 3
9273 2
9274 2
9275 3
9276 0
9277 0
9278 1
9279 3
9280 3
9281 3
9282 1
9283 5
9284 3
9285 5
9286 3
9287 3
9288 2
9289 2
9290 4
9291 3
9292 3
9293 2
9294 2
9295 4
9296 4
9297 1
9298 4
9299 5
9300 6
9301 5
9302 4
9303 6
9304 7
9305 7
9306 8
9307 9
9308 9
9309 7
9310 7
9311 11
9312 13
9313 14
9314 12
9315 10
9316 10
9317 8
9318 7
9319 5
9320 4
9321 3
9322 3
9323 2
9324 3
9325 4
9326 4
9327 8
9328 9
9329 8
9330 7
9331 5
9332 3
9333 4
9334 5
9335 7
9336 9
9337 11
9338 9
9339 8
9340 5
9341 3
9342 2
9343 3
9344 3
9345 3
9346 4
9347 3
9348 3
9349 4
9350 4
9351 3
9352 3
9353 1
9354 3
9355 2
9356 1
9357 3
9358 0
9359 1
9360 2
9361 1
9362 0
9363 4
9364 4
9365 3
9366 3
9367 1
9368 2
9369 2
9370 1
9371 4
9372 4
9373 3
9374 4
9375 3
9376 3
9377 3
9378 2
9379 4
9380 2
9381 2
9382 2
9383 2
9384 1
9385 2
9386 2
9387 3
9388 4
9389 3
9390 2
9391 3
9392 2
9393 1
9394 2
9395 3
9396 3
9397 1
9398 4
9399 5
9400 8
9401 7
9402 8
9403 7
9404 5
9405 2
9406 1
9407 1
9408 4
9409 3
9410 3
9411 4
9412 5
9413 4
9414 3
9415 2
9416 2
9417 2
9418 3
9419 2
9420 4
9421 6
9422 10
9423 11
9424 11
9425 13
9426 13
9427 12
9428 10
9429 10
9430 11
9431 11
9432 10
9433 11
9434 9
9435 6
9436 4
9437 1
9438 5
9439 4
9440 3
9441 1
9442 1
9443 3
9444 3
9445 5
9446 3
9447 2
9448 1
9449 6
9450 8
9451 7
9452 9
9453 10
9454 9
9455 11
9456 10
9457 7
9458 6
9459 8
9460 9
9461 7
9462 8
9463 6
9464 4
9465 2
9466 4
9467 5
9468 5
9469 3
9470 0
9471 2
9472 1
9473 1
9474 5
9475 6
9476 4
9477 2
9478 4
9479 5
9480 4
9481 2
9482 1
9483 5
9484 4
9485 5
9486 6
9487 4
9488 4
9489 3
9490 3
9491 0
9492 1
9493 3
9494 4
9495 2
9496 2
9497 2
9498 1
9499 3
9500 3
9501 3
9502 4
9503 2
9504 4
9505 3
9506 1
9507 1
9508 6
9509 6
9510 3
9511 1
9512 2
9513 3
9514 2
9515 4
9516 4
9517 5
9518 8
9519 9
9520 9
9521 8
9522 9
9523 8
9524 7
9525 6
9526 3
9527 1
9528 3
9529 3
9530 2
9531 1
9532 5
9533 3
9534 1
9535 2
9536 2
9537 4
9538 2
9539 5
9540 5
9541 5
9542 5
9543 5
9544 2
9545 2
9546 3
9547 1
9548 2
9549 2
9550 1
9551 1
9552 3
9553 3
9554 5
9555 7
9556 7
9557 6
9558 5
9559 4
9560 2
9561 4
9562 3
9563 3
9564 2
9565 2
9566 3
9567 3
9568 3
9569 1
9570 3
9571 7
9572 6
9573 8
9574 8
9575 6
9576 6
9577 8
9578 8
9579 9
9580 9
9581 7
9582 8
9583 9
9584 7
9585 7
9586 6
9587 6
9588 8
9589 7
9590 8
9591 7
9592 8
9593 9
9594 8
9595 7
9596 6
9597 6
9598 4
9599 5
9600 5
9601 4
9602 3
9603 3
9604 6
9605 7
9606 7
9607 7
9608 7
9609 5
9610 4
9611 5
9612 3
9613 2
9614 3
9615 3
9616 5
9617 6
9618 6
9619 7
9620 8
9621 7
9622 5
9623 2
9624 2
9625 2
9626 1
9627 3
9628 1
9629 4
9630 3
9631 1
9632 1
9633 3
9634 2
9635 2
9636 0
9637 4
9638 6
9639 8
9640 9
9641 11
9642 10
9643 9
9644 6
9645 7
9646 6
9647 4
9648 4
9649 2
9650 2
9651 4
9652 2
9653 3
9654 2
9655 2
9656 3
9657 2
9658 3
9659 1
9660 4
9661 1
9662 1
9663 3
9664 0
9665 2
9666 3
9667 2
9668 2
9669 4
9670 3
9671 0
9672 2
9673 1
9674 3
9675 1
9676 2
9677 3
9678 3
9679 2
9680 3
9681 2
9682 5
9683 7
9684 7
9685 7
9686 6
9687 7
9688 8
9689 7
9690 6
9691 6
9692 5
9693 6
9694 6
9695 7
9696 8
9697 9
9698 6
9699 7
9700 6
9701 3
9702 1
9703 2
9704 2
9705 3
9706 1
9707 5
9708 3
9709 4
9710 4
9711 4
9712 5
9713 6
9714 6
9715 5
9716 3
9717 3
9718 3
9719 0
9720 4
9721 5
9722 3
9723 3
9724 4
9725 4
9726 5
9727 5
9728 4
9729 4
9730 2
9731 3
9732 1
9733 4
9734 4
9735 4
9736 4
9737 3
9738 2
9739 1
9740 3
9741 2
9742 4
9743 3
9744 2
9745 2
9746 3
9747 5
9748 4
9749 3
9750 2
9751 6
9752 7
9753 4
9754 6
9755 7
9756 4
9757 3
9758 3
9759 3
9760 2
9761 2
9762 4
9763 5
9764 6
9765 4
9766 4
9767 4
9768 3
9769 1
9770 2
9771 4
9772 4
9773 3
9774 4
9775 2
9776 4
9777 4
9778 4
9779 7
9780 7
9781 9
9782 8
9783 10
9784 9
9785 11
9786 11
9787 8
9788 9
9789 8
9790 10
9791 10
9792 9
9793 8
9794 8
9795 6
9796 6
9797 9
9798 13
9799 13
9800 15
9801 12
9802 14
9803 14
9804 14
9805 16
9806 13
9807 13
9808 11
9809 13
9810 13
9811 12
9812 13
9813 11
9814 11
9815 13
9816 11
9817 9
9818 10
9819 9
9820 7
9821 7
9822 9
9823 8
9824 5
9825 5
9826 5
9827 6
9828 7
9829 8
9830 7
9831 10
9832 8
9833 7
9834 4
9835 3
9836 4
9837 6
9838 3
9839 2
9840 2
9841 4
9842 4
9843 3
9844 1
9845 3
9846 0
9847 4
9848 2
9849 1
9850 4
9851 3
9852 5
9853 5
9854 4
9855 5
9856 5
9857 5
9858 3
9859 3
9860 3
9861 4
9862 2
9863 2
9864 4
9865 6
9866 7
9867 6
9868 4
9869 6
9870 6
9871 4
9872 4
9873 2
9874 2
9875 4
9876 4
9877 5
9878 7
9879 7
9880 8
9881 5
9882 7
9883 6
9884 8
9885 5
9886 4
9887 2
9888 3
9889 4
9890 1
9891 2
9892 2
9893 1
9894 2
9895 5
9896 7
9897 6
9898 7
9899 8
9900 9
9901 8
9902 10
9903 11
9904 11
9905 11
9906 10
9907 11
9908 13
9909 16
9910 13
9911 13
9912 13
9913 15
9914 12
9915 12
9916 11
9917 13
9918 13
9919 11
9920 11
9921 9
9922 8
9923 7
9924 8
9925 5
9926 3
9927 5
9928 5
9929 5
9930 5
9931 4
9932 3
9933 4
9934 3
9935 3
9936 3
9937 2
9938 2
9939 3
9940 2
9941 3
9942 1
9943 4
9944 4
9945 3
9946 4
9947 2
9948 1
9949 3
9950 3
9951 1
9952 3
9953 4
9954 3
9955 1
9956 3
9957 2
9958 5
9959 4
9960 3
9961 3
9962 1
9963 2
9964 4
9965 5
9966 6
9967 5
9968 4
9969 2
9970 3
9971 3
9972 3
9973 3
9974 4
9975 5
9976 5
9977 4
9978 5
9979 5
9980 2
9981 0
9982 0
9983 1
9984 2
9985 2
9986 2
9987 5
9988 4
9989 3
9990 5
9991 5
9992 7
9993 8
9994 8
9995 7
9996 6
9997 7
9998 9
9999 8
