0 6
1 6
2 6
3 3
4 3
5 2
6 3
7 4
8 6
9 6
10 5
11 7
12 5
13 4
14 4
15 4
16 5
17 7
18 6
19 5
20 4
21 1
22 3
23 2
24 2
25 4
26 4
27 1
28 0
29 2
30 4
31 8
32 6
33 4
34 4
35 2
36 6
37 3
38 4
39 2
40 3
41 3
42 4
43 2
44 1
45 2
46 2
47 3
48 2
49 5
50 5
51 5
52 2
53 3
54 5
55 4
56 3
57 4
58 1
59 2
60 3
61 2
62 1
63 3
64 4
65 4
66 3
67 4
68 5
69 7
70 10
71 9
72 8
73 6
74 7
75 6
76 9
77 10
78 12
79 10
80 9
81 8
82 7
83 4
84 4
85 2
86 5
87 4
88 6
89 4
90 3
91 3
92 2
93 2
94 3
95 3
96 1
97 5
98 5
99 4
100 4
101 3
102 3
103 3
104 1
105 3
106 4
107 5
108 3
109 2
110 1
111 2
112 0
113 4
114 2
115 3
116 3
117 1
118 4
119 3
120 3
121 4
122 4
123 5
124 4
125 3
126 4
127 2
128 5
129 9
130 9
131 9
132 9
133 8
134 8
135 7
136 4
137 4
138 5
139 5
140 3
141 4
142 5
143 5
144 7
145 9
146 12
147 14
148 14
149 12
150 12
151 13
152 11
153 11
154 10
155 12
156 12
157 11
158 12
159 12
160 11
161 12
162 10
163 9
164 9
165 10
166 10
167 11
168 12
169 11
170 10
171 11
172 8
173 11
174 10
175 11
176 14
177 12
178 13
179 14
180 13
181 18
182 15
183 12
184 12
185 10
186 9
187 12
188 11
189 9
190 9
191 12
192 10
193 11
194 11
195 13
196 14
197 17
198 14
199 13
200 13
201 12
202 12
203 11
204 12
205 11
206 13
207 12
208 12
209 16
210 13
211 11
212 12
213 14
214 12
215 13
216 14
217 13
218 15
219 12
220 10
221 8
222 9
223 6
224 6
225 7
226 7
227 6
228 6
229 7
230 7
231 7
232 6
233 7
234 5
235 7
236 10
237 9
238 9
239 9
240 10
241 12
242 11
243 11
244 10
245 8
246 9
247 11
248 12
249 11
250 12
251 14
252 16
253 13
254 14
255 15
256 12
257 11
258 10
259 12
260 11
261 10
262 8
263 7
264 8
265 9
266 11
267 12
268 12
269 10
270 10
271 9
272 8
273 9
274 8
275 7
276 7
277 6
278 6
279 6
280 6
281 4
282 4
283 4
284 4
285 4
286 3
287 2
288 2
289 2
290 1
291 5
292 7
293 6
294 7
295 8
296 7
297 7
298 6
299 5
300 8
301 5
302 5
303 6
304 5
305 5
306 4
307 5
308 6
309 8
310 7
311 6
312 6
313 6
314 8
315 12
316 14
317 15
318 12
319 9
320 12
321 9
322 12
323 10
324 11
325 10
326 11
327 11
328 10
329 8
330 10
331 7
332 9
333 8
334 6
335 8
336 9
337 9
338 9
339 10
340 8
341 8
342 10
343 10
344 7
345 8
346 6
347 7
348 6
349 6
350 9
351 10
352 14
353 14
354 13
355 12
356 11
357 10
358 10
359 12
360 14
361 14
362 14
363 14
364 13
365 14
366 12
367 12
368 13
369 14
370 18
371 15
372 12
373 14
374 17
375 14
376 14
377 16
378 13
379 13
380 15
381 12
382 14
383 16
384 13
385 13
386 13
387 13
388 13
389 14
390 16
391 13
392 15
393 12
394 12
395 14
396 12
397 10
398 9
399 11
400 13
401 14
402 16
403 13
404 18
405 15
406 12
407 14
408 13
409 12
410 11
411 11
412 9
413 7
414 10
415 8
416 8
417 10
418 8
419 5
420 4
421 4
422 4
423 5
424 4
425 5
426 7
427 7
428 6
429 5
430 3
431 3
432 2
433 3
434 6
435 5
436 5
437 4
438 5
439 4
440 7
441 6
442 9
443 7
444 8
445 10
446 9
447 10
448 10
449 11
450 10
451 8
452 13
453 14
454 13
455 10
456 11
457 11
458 13
459 15
460 12
461 13
462 15
463 12
464 14
465 14
466 13
467 13
468 11
469 9
470 11
471 12
472 15
473 12
474 13
475 14
476 15
477 12
478 11
479 9
480 6
481 5
482 3
483 2
484 3
485 6
486 4
487 4
488 4
489 6
490 4
491 4
492 3
493 1
494 5
495 7
496 9
497 12
498 12
499 11
500 15
501 12
502 13
503 14
504 17
505 14
506 14
507 13
508 12
509 10
510 9
511 9
512 10
513 10
514 9
515 8
516 9
517 7
518 6
519 4
520 4
521 2
522 1
523 6
524 5
525 7
526 5
527 3
528 2
529 1
530 2
531 3
532 6
533 6
534 7
535 7
536 6
537 5
538 4
539 3
540 3
541 3
542 3
543 4
544 3
545 3
546 3
547 1
548 3
549 2
550 6
551 4
552 5
553 3
554 1
555 5
556 5
557 4
558 4
559 2
560 2
561 2
562 2
563 3
564 4
565 3
566 3
567 4
568 5
569 2
570 4
571 3
572 5
573 6
574 9
575 8
576 6
577 5
578 5
579 4
580 5
581 7
582 6
583 7
584 8
585 11
586 11
587 9
588 10
589 13
590 13
591 13
592 11
593 10
594 10
595 9
596 10
597 11
598 10
599 10
600 10
601 8
602 7
603 8
604 10
605 8
606 10
607 9
608 8
609 8
610 8
611 7
612 8
613 6
614 7
615 7
616 10
617 11
618 11
619 10
620 10
621 9
622 7
623 6
624 8
625 9
626 9
627 12
628 13
629 14
630 14
631 14
632 13
633 12
634 13
635 11
636 9
637 11
638 12
639 11
640 9
641 8
642 9
643 9
644 9
645 8
646 9
647 10
648 11
649 10
650 11
651 11
652 8
653 8
654 7
655 6
656 7
657 5
658 2
659 2
660 1
661 3
662 3
663 5
664 6
665 6
666 6
667 6
668 5
669 3
670 1
671 3
672 4
673 4
674 3
675 2
676 3
677 5
678 10
679 9
680 8
681 7
682 7
683 7
684 5
685 8
686 8
687 8
688 8
689 10
690 9
691 9
692 10
693 11
694 9
695 8
696 8
697 9
698 10
699 9
700 6
701 8
702 6
703 6
704 7
705 9
706 10
707 10
708 9
709 10
710 11
711 11
712 9
713 11
714 9
715 7
716 6
717 5
718 8
719 11
720 12
721 10
722 10
723 10
724 11
725 12
726 10
727 10
728 11
729 8
730 9
731 10
732 13
733 12
734 10
735 8
736 9
737 9
738 10
739 10
740 12
741 9
742 7
743 8
744 7
745 6
746 6
747 5
748 4
749 4
750 2
751 0
752 3
753 5
754 6
755 7
756 7
757 5
758 6
759 8
760 10
761 11
762 14
763 14
764 13
765 12
766 10
767 8
768 9
769 10
770 12
771 11
772 12
773 14
774 13
775 14
776 14
777 16
778 13
779 15
780 12
781 9
782 12
783 11
784 11
785 11
786 12
787 10
788 10
789 9
790 9
791 9
792 8
793 9
794 8
795 7
796 7
797 6
798 5
799 5
800 5
801 4
802 5
803 6
804 5
805 6
806 7
807 10
808 10
809 10
810 11
811 12
812 11
813 9
814 9
815 10
816 13
817 15
818 12
819 11
820 13
821 13
822 12
823 12
824 10
825 10
826 12
827 11
828 10
829 9
830 8
831 6
832 8
833 7
834 7
835 6
836 6
837 6
838 5
839 6
840 3
841 5
842 4
843 3
844 3
845 5
846 6
847 6
848 7
849 6
850 9
851 8
852 9
853 9
854 8
855 9
856 9
857 8
858 6
859 5
860 7
861 7
862 8
863 7
864 10
865 11
866 11
867 13
868 11
869 9
870 8
871 8
872 5
873 5
874 4
875 3
876 5
877 6
878 6
879 5
880 5
881 7
882 6
883 10
884 8
885 9
886 11
887 12
888 10
889 10
890 8
891 8
892 10
893 8
894 9
895 11
896 11
897 10
898 13
899 11
900 9
901 7
902 5
903 5
904 3
905 4
906 4
907 2
908 2
909 6
910 5
911 5
912 5
913 4
914 5
915 4
916 6
917 6
918 4
919 6
920 7
921 8
922 10
923 12
924 12
925 11
926 13
927 16
928 13
929 11
930 10
931 10
932 10
933 11
934 10
935 9
936 7
937 5
938 5
939 4
940 4
941 1
942 3
943 5
944 2
945 2
946 0
947 4
948 4
949 5
950 4
951 2
952 2
953 3
954 4
955 5
956 5
957 5
958 5
959 5
960 6
961 7
962 9
963 10
964 10
965 9
966 8
967 8
968 5
969 3
970 1
971 1
972 4
973 3
974 0
975 3
976 1
977 5
978 6
979 7
980 8
981 7
982 8
983 6
984 7
985 6
986 7
987 7
988 6
989 6
990 5
991 8
992 11
993 11
994 13
995 17
996 14
997 12
998 11
999 13
1000 13
1001 11
1002 11
1003 9
1004 10
1005 9
1006 11
1007 10
1008 12
1009 13
1010 11
1011 9
1012 9
1013 9
1014 9
1015 10
1016 11
1017 10
1018 11
1019 10
1020 9
1021 8
1022 7
1023 5
1024 6
1025 6
1026 6
1027 6
1028 6
1029 4
1030 3
1031 3
1032 4
1033 6
1034 6
1035 8
1036 8
1037 8
1038 11
1039 13
1040 12
1041 10
1042 10
1043 12
1044 12
1045 9
1046 9
1047 12
1048 11
1049 13
1050 11
1051 13
1052 13
1053 14
1054 14
1055 17
1056 14
1057 14
1058 15
1059 12
1060 12
1061 13
1062 13
1063 14
1064 14
1065 13
1066 16
1067 13
1068 13
1069 15
1070 12
1071 14
1072 17
1073 14
1074 14
1075 13
1076 14
1077 14
1078 14
1079 14
1080 14
1081 12
1082 13
1083 17
1084 14
1085 14
1086 13
1087 13
1088 13
1089 11
1090 11
1091 11
1092 12
1093 10
1094 10
1095 10
1096 11
1097 9
1098 9
1099 9
1100 8
1101 9
1102 8
1103 6
1104 8
1105 6
1106 7
1107 7
1108 7
1109 8
1110 6
1111 7
1112 10
1113 11
1114 10
1115 9
1116 12
1117 14
1118 14
1119 18
1120 15
1121 12
1122 13
1123 13
1124 12
1125 15
1126 12
1127 9
1128 10
1129 9
1130 11
1131 10
1132 12
1133 13
1134 13
1135 12
1136 11
1137 12
1138 12
1139 15
1140 12
1141 12
1142 10
1143 9
1144 11
1145 10
1146 8
1147 7
1148 9
1149 7
1150 7
1151 7
1152 8
1153 9
1154 9
1155 10
1156 9
1157 7
1158 6
1159 6
1160 4
1161 4
1162 5
1163 6
1164 6
1165 6
1166 6
1167 5
1168 6
1169 6
1170 6
1171 8
1172 7
1173 7
1174 5
1175 5
1176 6
1177 7
1178 8
1179 7
1180 6
1181 7
1182 6
1183 9
1184 11
1185 10
1186 12
1187 13
1188 15
1189 12
1190 15
1191 12
1192 10
1193 12
1194 9
1195 9
1196 9
1197 10
1198 11
1199 9
1200 12
1201 11
1202 10
1203 9
1204 9
1205 10
1206 9
1207 9
1208 9
1209 10
1210 11
1211 11
1212 10
1213 10
1214 11
1215 11
1216 12
1217 13
1218 11
1219 10
1220 9
1221 7
1222 5
1223 3
1224 2
1225 5
1226 5
1227 4
1228 6
1229 5
1230 5
1231 2
1232 2
1233 5
1234 4
1235 5
1236 4
1237 3
1238 3
1239 3
1240 3
1241 2
1242 2
1243 4
1244 7
1245 4
1246 2
1247 4
1248 5
1249 5
1250 7
1251 6
1252 6
1253 7
1254 6
1255 6
1256 7
1257 8
1258 7
1259 6
1260 6
1261 8
1262 8
1263 9
1264 11
1265 11
1266 14
1267 12
1268 12
1269 10
1270 7
1271 7
1272 5
1273 8
1274 7
1275 7
1276 5
1277 6
1278 8
1279 9
1280 7
1281 7
1282 8
1283 9
1284 9
1285 8
1286 8
1287 7
1288 5
1289 2
1290 3
1291 2
1292 4
1293 4
1294 4
1295 4
1296 5
1297 4
1298 6
1299 6
1300 4
1301 5
1302 4
1303 5
1304 5
1305 5
1306 4
1307 4
1308 4
1309 3
1310 3
1311 2
1312 1
1313 2
1314 3
1315 4
1316 4
1317 4
1318 1
1319 1
1320 5
1321 5
1322 6
1323 5
1324 5
1325 9
1326 8
1327 11
1328 12
1329 11
1330 11
1331 11
1332 11
1333 11
1334 10
1335 11
1336 9
1337 9
1338 7
1339 8
1340 7
1341 7
1342 7
1343 6
1344 7
1345 7
1346 8
1347 8
1348 9
1349 9
1350 9
1351 12
1352 11
1353 8
1354 7
1355 7
1356 5
1357 7
1358 7
1359 10
1360 11
1361 11
1362 10
1363 9
1364 7
1365 7
1366 6
1367 4
1368 3
1369 1
1370 1
1371 3
1372 2
1373 4
1374 4
1375 4
1376 6
1377 5
1378 4
1379 6
1380 6
1381 3
1382 1
1383 6
1384 6
1385 5
1386 7
1387 5
1388 5
1389 5
1390 5
1391 5
1392 7
1393 9
1394 9
1395 11
1396 11
1397 11
1398 10
1399 11
1400 12
1401 10
1402 10
1403 12
1404 14
1405 13
1406 12
1407 12
1408 10
1409 10
1410 11
1411 11
1412 11
1413 9
1414 8
1415 8
1416 9
1417 9
1418 11
1419 12
1420 12
1421 11
1422 10
1423 10
1424 8
1425 9
1426 8
1427 8
1428 9
1429 9
1430 7
1431 8
1432 7
1433 8
1434 8
1435 11
1436 11
1437 11
1438 9
1439 11
1440 9
1441 8
1442 6
1443 6
1444 7
1445 7
1446 5
1447 4
1448 4
1449 5
1450 5
1451 6
1452 8
1453 8
1454 7
1455 5
1456 4
1457 8
1458 6
1459 8
1460 11
1461 11
1462 11
1463 11
1464 10
1465 9
1466 9
1467 8
1468 8
1469 8
1470 7
1471 5
1472 4
1473 7
1474 8
1475 7
1476 6
1477 10
1478 9
1479 9
1480 9
1481 10
1482 10
1483 11
1484 12
1485 11
1486 12
1487 12
1488 13
1489 12
1490 14
1491 11
1492 10
1493 9
1494 10
1495 11
1496 11
1497 13
1498 12
1499 12
1500 10
1501 10
1502 10
1503 9
1504 6
1505 4
1506 6
1507 8
1508 9
1509 8
1510 7
1511 10
1512 9
1513 8
1514 7
1515 8
1516 5
1517 4
1518 5
1519 4
1520 3
1521 1
1522 4
1523 6
1524 6
1525 5
1526 5
1527 5
1528 3
1529 3
1530 4
1531 3
1532 4
1533 2
1534 5
1535 3
1536 3
1537 3
1538 3
1539 1
1540 4
1541 6
1542 8
1543 8
1544 6
1545 4
1546 4
1547 6
1548 6
1549 9
1550 9
1551 7
1552 7
1553 5
1554 5
1555 3
1556 4
1557 5
1558 6
1559 8
1560 10
1561 8
1562 11
1563 10
1564 10
1565 9
1566 10
1567 10
1568 11
1569 10
1570 10
1571 10
1572 12
1573 13
1574 15
1575 12
1576 9
1577 9
1578 8
1579 7
1580 7
1581 6
1582 6
1583 6
1584 7
1585 9
1586 9
1587 12
1588 9
1589 8
1590 5
1591 3
1592 2
1593 3
1594 4
1595 4
1596 2
1597 0
1598 4
1599 5
1600 8
1601 7
1602 6
1603 7
1604 9
1605 9
1606 10
1607 10
1608 11
1609 11
1610 11
1611 11
1612 13
1613 13
1614 12
1615 11
1616 9
1617 12
1618 12
1619 11
1620 12
1621 13
1622 16
1623 13
1624 13
1625 12
1626 14
1627 17
1628 14
1629 14
1630 16
1631 13
1632 14
1633 15
1634 12
1635 10
1636 10
1637 11
1638 11
1639 9
1640 9
1641 9
1642 10
1643 11
1644 10
1645 9
1646 8
1647 7
1648 6
1649 5
1650 5
1651 5
1652 6
1653 6
1654 4
1655 3
1656 3
1657 3
1658 2
1659 3
1660 3
1661 2
1662 3
1663 1
1664 4
1665 6
1666 6
1667 5
1668 5
1669 3
1670 3
1671 2
1672 2
1673 2
1674 3
1675 2
1676 4
1677 6
1678 6
1679 6
1680 8
1681 8
1682 8
1683 8
1684 7
1685 10
1686 11
1687 12
1688 12
1689 11
1690 11
1691 10
1692 10
1693 10
1694 9
1695 7
1696 8
1697 8
1698 8
1699 6
1700 5
1701 6
1702 4
1703 6
1704 6
1705 7
1706 5
1707 5
1708 4
1709 3
1710 3
1711 2
1712 5
1713 6
1714 8
1715 8
1716 9
1717 7
1718 6
1719 4
1720 2
1721 2
1722 3
1723 3
1724 6
1725 4
1726 4
1727 3
1728 3
1729 4
1730 6
1731 6
1732 6
1733 7
1734 7
1735 8
1736 6
1737 8
1738 9
1739 8
1740 8
1741 5
1742 4
1743 4
1744 3
1745 4
1746 5
1747 5
1748 4
1749 4
1750 5
1751 5
1752 3
1753 2
1754 2
1755 4
1756 6
1757 7
1758 5
1759 7
1760 7
1761 11
1762 11
1763 9
1764 9
1765 10
1766 9
1767 10
1768 10
1769 12
1770 14
1771 15
1772 12
1773 10
1774 10
1775 11
1776 8
1777 7
1778 6
1779 6
1780 5
1781 5
1782 6
1783 8
1784 7
1785 7
1786 8
1787 10
1788 7
1789 4
1790 4
1791 1
1792 5
1793 5
1794 4
1795 4
1796 3
1797 2
1798 3
1799 3
1800 3
1801 3
1802 3
1803 2
1804 3
1805 3
1806 2
1807 3
1808 2
1809 3
1810 3
1811 2
1812 3
1813 3
1814 2
1815 2
1816 5
1817 5
1818 6
1819 6
1820 5
1821 4
1822 4
1823 5
1824 5
1825 6
1826 7
1827 8
1828 10
1829 12
1830 13
1831 14
1832 14
1833 15
1834 12
1835 13
1836 11
1837 13
1838 13
1839 13
1840 16
1841 13
1842 11
1843 11
1844 10
1845 10
1846 11
1847 13
1848 12
1849 12
1850 12
1851 13
1852 14
1853 16
1854 13
1855 14
1856 16
1857 13
1858 13
1859 13
1860 12
1861 13
1862 12
1863 14
1864 13
1865 13
1866 13
1867 14
1868 13
1869 14
1870 15
1871 12
1872 13
1873 13
1874 13
1875 13
1876 10
1877 11
1878 10
1879 9
1880 8
1881 7
1882 8
1883 8
1884 8
1885 5
1886 8
1887 9
1888 10
1889 9
1890 9
1891 9
1892 7
1893 7
1894 7
1895 10
1896 11
1897 10
1898 8
1899 6
1900 6
1901 6
1902 8
1903 8
1904 8
1905 7
1906 10
1907 10
1908 10
1909 9
1910 8
1911 10
1912 9
1913 9
1914 10
1915 9
1916 11
1917 10
1918 11
1919 9
1920 8
1921 6
1922 7
1923 9
1924 10
1925 12
1926 14
1927 14
1928 13
1929 13
1930 11
1931 11
1932 11
1933 10
1934 12
1935 12
1936 11
1937 12
1938 12
1939 11
1940 11
1941 10
1942 11
1943 11
1944 9
1945 10
1946 8
1947 9
1948 10
1949 9
1950 10
1951 11
1952 11
1953 10
1954 9
1955 7
1956 9
1957 9
1958 10
1959 9
1960 10
1961 10
1962 11
1963 10
1964 8
1965 9
1966 9
1967 8
1968 8
1969 7
1970 6
1971 6
1972 6
1973 6
1974 3
1975 2
1976 0
1977 1
1978 3
1979 5
1980 6
1981 5
1982 5
1983 7
1984 5
1985 7
1986 6
1987 6
1988 7
1989 7
1990 6
1991 8
1992 8
1993 9
1994 6
1995 7
1996 5
1997 8
1998 9
1999 10
2000 12
2001 12
2002 12
2003 11
2004 11
2005 13
2006 10
2007 10
2008 10
2009 10
2010 11
2011 11
2012 10
2013 11
2014 9
2015 9
2016 8
2017 9
2018 9
2019 8
2020 9
2021 9
2022 8
2023 9
2024 8
2025 10
2026 8
2027 7
2028 6
2029 6
2030 4
2031 5
2032 4
2033 4
2034 3
2035 4
2036 1
2037 6
2038 8
2039 7
2040 9
2041 9
2042 6
2043 6
2044 7
2045 7
2046 7
2047 8
2048 7
2049 5
2050 3
2051 5
2052 7
2053 9
2054 9
2055 9
2056 11
2057 12
2058 12
2059 11
2060 9
2061 10
2062 11
2063 13
2064 11
2065 10
2066 10
2067 10
2068 11
2069 11
2070 13
2071 11
2072 11
2073 10
2074 11
2075 11
2076 10
2077 8
2078 7
2079 8
2080 8
2081 12
2082 13
2083 14
2084 14
2085 12
2086 11
2087 11
2088 11
2089 10
2090 12
2091 14
2092 14
2093 12
2094 11
2095 10
2096 11
2097 11
2098 10
2099 8
2100 10
2101 10
2102 11
2103 9
2104 10
2105 10
2106 11
2107 9
2108 12
2109 13
2110 11
2111 12
2112 10
2113 9
2114 8
2115 8
2116 8
2117 7
2118 7
2119 5
2120 2
2121 4
2122 6
2123 7
2124 8
2125 9
2126 11
2127 14
2128 15
2129 12
2130 11
2131 13
2132 15
2133 12
2134 10
2135 10
2136 9
2137 12
2138 12
2139 15
2140 12
2141 11
2142 8
2143 10
2144 10
2145 12
2146 12
2147 13
2148 13
2149 15
2150 12
2151 10
2152 9
2153 8
2154 7
2155 5
2156 5
2157 4
2158 3
2159 2
2160 3
2161 1
2162 5
2163 4
2164 4
2165 5
2166 4
2167 7
2168 7
2169 10
2170 9
2171 8
2172 7
2173 9
2174 9
2175 12
2176 13
2177 16
2178 13
2179 14
2180 15
2181 12
2182 12
2183 10
2184 9
2185 10
2186 8
2187 8
2188 8
2189 7
2190 7
2191 8
2192 12
2193 11
2194 10
2195 11
2196 12
2197 11
2198 12
2199 11
2200 12
2201 12
2202 13
2203 11
2204 12
2205 12
2206 10
2207 11
2208 11
2209 13
2210 11
2211 11
2212 9
2213 10
2214 11
2215 11
2216 12
2217 11
2218 11
2219 9
2220 8
2221 8
2222 10
2223 9
2224 9
2225 11
2226 12
2227 12
2228 14
2229 16
2230 13
2231 14
2232 13
2233 14
2234 17
2235 14
2236 14
2237 13
2238 12
2239 12
2240 15
2241 12
2242 14
2243 13
2244 13
2245 12
2246 12
2247 10
2248 10
2249 10
2250 9
2251 9
2252 9
2253 10
2254 8
2255 9
2256 8
2257 8
2258 8
2259 6
2260 4
2261 4
2262 4
2263 6
2264 3
2265 5
2266 5
2267 7
2268 8
2269 8
2270 6
2271 5
2272 5
2273 3
2274 3
2275 4
2276 4
2277 4
2278 3
2279 5
2280 5
2281 5
2282 5
2283 5
2284 6
2285 4
2286 4
2287 2
2288 2
2289 5
2290 3
2291 4
2292 3
2293 1
2294 4
2295 4
2296 6
2297 5
2298 3
2299 2
2300 3
2301 2
2302 5
2303 2
2304 5
2305 6
2306 4
2307 1
2308 1
2309 3
2310 2
2311 5
2312 3
2313 2
2314 4
2315 4
2316 6
2317 7
2318 6
2319 6
2320 7
2321 5
2322 4
2323 5
2324 6
2325 7
2326 7
2327 7
2328 7
2329 6
2330 4
2331 4
2332 7
2333 5
2334 6
2335 5
2336 7
2337 6
2338 4
2339 4
2340 5
2341 4
2342 4
2343 4
2344 2
2345 4
2346 5
2347 5
2348 5
2349 4
2350 2
2351 3
2352 5
2353 4
2354 4
2355 4
2356 6
2357 5
2358 4
2359 6
2360 8
2361 7
2362 6
2363 4
2364 4
2365 5
2366 4
2367 2
2368 3
2369 1
2370 4
2371 4
2372 5
2373 6
2374 7
2375 10
2376 12
2377 11
2378 11
2379 10
2380 13
2381 13
2382 13
2383 12
2384 12
2385 12
2386 9
2387 7
2388 7
2389 5
2390 4
2391 3
2392 2
2393 4
2394 3
2395 4
2396 2
2397 4
2398 4
2399 4
2400 6
2401 6
2402 7
2403 8
2404 9
2405 7
2406 8
2407 8
2408 7
2409 7
2410 6
2411 5
2412 6
2413 5
2414 6
2415 7
2416 4
2417 4
2418 4
2419 6
2420 5
2421 6
2422 7
2423 6
2424 6
2425 4
2426 5
2427 3
2428 4
2429 5
2430 6
2431 7
2432 6
2433 6
2434 6
2435 5
2436 4
2437 6
2438 8
2439 7
2440 7
2441 7
2442 5
2443 6
2444 5
2445 4
2446 3
2447 5
2448 4
2449 7
2450 6
2451 6
2452 7
2453 7
2454 6
2455 9
2456 10
2457 9
2458 8
2459 8
2460 8
2461 7
2462 8
2463 7
2464 6
2465 4
2466 7
2467 7
2468 7
2469 7
2470 6
2471 7
2472 6
2473 6
2474 6
2475 5
2476 4
2477 2
2478 3
2479 2
2480 3
2481 4
2482 5
2483 3
2484 5
2485 7
2486 7
2487 5
2488 7
2489 7
2490 6
2491 4
2492 2
2493 4
2494 3
2495 4
2496 4
2497 3
2498 1
2499 3
2500 2
2501 3
2502 3
2503 2
2504 2
2505 4
2506 3
2507 2
2508 2
2509 1
2510 4
2511 3
2512 1
2513 3
2514 3
2515 5
2516 4
2517 3
2518 5
2519 6
2520 4
2521 2
2522 1
2523 2
2524 3
2525 1
2526 4
2527 5
2528 4
2529 5
2530 4
2531 6
2532 8
2533 9
2534 8
2535 7
2536 7
2537 10
2538 10
2539 9
2540 9
2541 7
2542 7
2543 7
2544 5
2545 6
2546 6
2547 5
2548 6
2549 6
2550 7
2551 6
2552 5
2553 3
2554 2
2555 1
2556 3
2557 2
2558 2
2559 4
2560 3
2561 3
2562 4
2563 4
2564 4
2565 4
2566 3
2567 2
2568 2
2569 1
2570 1
2571 5
2572 6
2573 6
2574 6
2575 10
2576 12
2577 12
2578 13
2579 13
2580 14
2581 15
2582 12
2583 14
2584 12
2585 10
2586 10
2587 10
2588 9
2589 8
2590 8
2591 5
2592 4
2593 3
2594 3
2595 0
2596 4
2597 2
2598 2
2599 5
2600 5
2601 2
2602 2
2603 1
2604 3
2605 4
2606 3
2607 3
2608 2
2609 2
2610 2
2611 2
2612 2
2613 4
2614 5
2615 3
2616 4
2617 6
2618 7
2619 5
2620 4
2621 5
2622 4
2623 3
2624 5
2625 4
2626 7
2627 5
2628 7
2629 8
2630 9
2631 6
2632 5
2633 5
2634 5
2635 8
2636 9
2637 8
2638 6
2639 8
2640 9
2641 13
2642 11
2643 11
2644 11
2645 10
2646 8
2647 8
2648 9
2649 8
2650 8
2651 7
2652 8
2653 8
2654 9
2655 7
2656 5
2657 2
2658 2
2659 3
2660 2
2661 5
2662 6
2663 5
2664 7
2665 8
2666 6
2667 6
2668 5
2669 7
2670 5
2671 3
2672 1
2673 3
2674 2
2675 1
2676 1
2677 4
2678 5
2679 6
2680 8
2681 9
2682 9
2683 9
2684 8
2685 8
2686 6
2687 6
2688 6
2689 3
2690 3
2691 3
2692 4
2693 3
2694 2
2695 4
2696 3
2697 2
2698 5
2699 4
2700 4
2701 3
2702 2
2703 4
2704 4
2705 4
2706 4
2707 5
2708 5
2709 5
2710 5
2711 8
2712 8
2713 10
2714 10
2715 13
2716 11
2717 14
2718 14
2719 15
2720 12
2721 14
2722 13
2723 12
2724 12
2725 15
2726 12
2727 11
2728 9
2729 7
2730 6
2731 6
2732 3
2733 2
2734 5
2735 6
2736 5
2737 4
2738 7
2739 7
2740 7
2741 7
2742 9
2743 11
2744 13
2745 13
2746 11
2747 10
2748 10
2749 12
2750 10
2751 9
2752 9
2753 11
2754 13
2755 15
2756 12
2757 13
2758 13
2759 13
2760 14
2761 14
2762 14
2763 13
2764 11
2765 12
2766 12
2767 14
2768 15
2769 12
2770 12
2771 12
2772 11
2773 12
2774 15
2775 12
2776 12
2777 9
2778 11
2779 11
2780 11
2781 14
2782 14
2783 14
2784 14
2785 14
2786 12
2787 12
2788 13
2789 17
2790 14
2791 15
2792 12
2793 11
2794 9
2795 10
2796 9
2797 10
2798 9
2799 11
2800 10
2801 10
2802 11
2803 12
2804 10
2805 10
2806 11
2807 12
2808 14
2809 15
2810 12
2811 13
2812 15
2813 12
2814 14
2815 14
2816 18
2817 15
2818 12
2819 12
2820 12
2821 11
2822 12
2823 11
2824 12
2825 13
2826 15
2827 12
2828 12
2829 14
2830 12
2831 13
2832 12
2833 11
2834 10
2835 11
2836 9
2837 8
2838 7
2839 7
2840 7
2841 8
2842 8
2843 8
2844 8
2845 8
2846 8
2847 9
2848 9
2849 8
2850 7
2851 6
2852 7
2853 7
2854 7
2855 8
2856 8
2857 9
2858 8
2859 10
2860 12
2861 15
2862 12
2863 12
2864 10
2865 8
2866 11
2867 14
2868 16
2869 13
2870 13
2871 14
2872 13
2873 13
2874 14
2875 14
2876 14
2877 13
2878 16
2879 13
2880 14
2881 13
2882 14
2883 16
2884 13
2885 12
2886 13
2887 14
2888 12
2889 11
2890 11
2891 13
2892 14
2893 15
2894 12
2895 12
2896 13
2897 12
2898 14
2899 16
2900 13
2901 13
2902 14
2903 14
2904 15
2905 12
2906 11
2907 12
2908 10
2909 7
2910 8
2911 9
2912 10
2913 9
2914 8
2915 9
2916 10
2917 8
2918 8
2919 7
2920 7
2921 8
2922 8
2923 6
2924 6
2925 7
2926 10
2927 11
2928 8
2929 6
2930 7
2931 7
2932 8
2933 8
2934 6
2935 4
2936 6
2937 8
2938 9
2939 10
2940 10
2941 11
2942 12
2943 13
2944 11
2945 10
2946 11
2947 11
2948 12
2949 14
2950 13
2951 12
2952 12
2953 13
2954 14
2955 15
2956 12
2957 13
2958 12
2959 11
2960 9
2961 8
2962 10
2963 9
2964 9
2965 10
2966 9
2967 11
2968 9
2969 11
2970 12
2971 12
2972 13
2973 13
2974 14
2975 13
2976 11
2977 10
2978 10
2979 10
2980 13
2981 11
2982 10
2983 13
2984 11
2985 11
2986 13
2987 14
2988 14
2989 12
2990 10
2991 10
2992 8
2993 10
2994 11
2995 13
2996 13
2997 12
2998 15
2999 12
3000 14
3001 12
3002 14
3003 15
3004 12
3005 13
3006 15
3007 12
3008 10
3009 10
3010 11
3011 13
3012 14
3013 13
3014 15
3015 12
3016 11
3017 10
3018 8
3019 7
3020 8
3021 11
3022 8
3023 8
3024 9
3025 8
3026 7
3027 9
3028 8
3029 5
3030 3
3031 1
3032 3
3033 3
3034 5
3035 6
3036 3
3037 3
3038 3
3039 3
3040 4
3041 4
3042 5
3043 5
3044 4
3045 3
3046 3
3047 4
3048 4
3049 1
3050 2
3051 1
3052 5
3053 4
3054 4
3055 2
3056 2
3057 3
3058 2
3059 3
3060 1
3061 1
3062 5
3063 6
3064 4
3065 2
3066 3
3067 0
3068 1
3069 5
3070 4
3071 4
3072 3
3073 3
3074 1
3075 1
3076 3
3077 2
3078 2
3079 1
3080 2
3081 6
3082 6
3083 10
3084 9
3085 10
3086 10
3087 9
3088 9
3089 10
3090 9
3091 11
3092 12
3093 9
3094 8
3095 10
3096 10
3097 13
3098 13
3099 11
3100 12
3101 11
3102 12
3103 13
3104 15
3105 12
3106 13
3107 16
3108 13
3109 16
3110 13
3111 16
3112 13
3113 14
3114 12
3115 10
3116 9
3117 8
3118 9
3119 9
3120 10
3121 9
3122 9
3123 7
3124 8
3125 9
3126 7
3127 6
3128 8
3129 8
3130 5
3131 5
3132 8
3133 8
3134 7
3135 7
3136 6
3137 8
3138 10
3139 8
3140 6
3141 7
3142 9
3143 11
3144 11
3145 10
3146 10
3147 10
3148 9
3149 12
3150 13
3151 12
3152 11
3153 12
3154 14
3155 16
3156 13
3157 13
3158 13
3159 13
3160 14
3161 12
3162 12
3163 11
3164 12
3165 13
3166 13
3167 14
3168 14
3169 15
3170 12
3171 13
3172 10
3173 9
3174 6
3175 8
3176 8
3177 11
3178 12
3179 11
3180 10
3181 10
3182 11
3183 9
3184 9
3185 10
3186 10
3187 11
3188 10
3189 9
3190 8
3191 8
3192 8
3193 8
3194 7
3195 6
3196 4
3197 1
3198 1
3199 4
3200 2
3201 4
3202 3
3203 3
3204 4
3205 3
3206 2
3207 2
3208 3
3209 3
3210 3
3211 4
3212 6
3213 6
3214 7
3215 7
3216 6
3217 5
3218 6
3219 4
3220 6
3221 7
3222 9
3223 13
3224 12
3225 13
3226 13
3227 14
3228 13
3229 13
3230 13
3231 14
3232 14
3233 16
3234 13
3235 11
3236 10
3237 10
3238 9
3239 11
3240 12
3241 11
3242 10
3243 10
3244 12
3245 10
3246 11
3247 9
3248 9
3249 8
3250 7
3251 6
3252 8
3253 9
3254 9
3255 8
3256 8
3257 12
3258 13
3259 12
3260 11
3261 12
3262 12
3263 13
3264 11
3265 11
3266 9
3267 9
3268 8
3269 7
3270 9
3271 11
3272 13
3273 12
3274 11
3275 11
3276 10
3277 8
3278 9
3279 9
3280 9
3281 10
3282 9
3283 9
3284 10
3285 10
3286 9
3287 10
3288 11
3289 11
3290 10
3291 10
3292 7
3293 8
3294 8
3295 9
3296 10
3297 9
3298 9
3299 10
3300 12
3301 13
3302 14
3303 15
3304 12
3305 11
3306 9
3307 9
3308 8
3309 9
3310 9
3311 9
3312 10
3313 11
3314 9
3315 11
3316 10
3317 10
3318 10
3319 10
3320 7
3321 7
3322 6
3323 7
3324 6
3325 5
3326 5
3327 7
3328 5
3329 5
3330 6
3331 6
3332 5
3333 9
3334 10
3335 10
3336 10
3337 11
3338 15
3339 12
3340 12
3341 12
3342 11
3343 13
3344 12
3345 12
3346 10
3347 11
3348 11
3349 12
3350 13
3351 10
3352 13
3353 15
3354 12
3355 11
3356 11
3357 10
3358 8
3359 7
3360 8
3361 7
3362 6
3363 7
3364 9
3365 9
3366 9
3367 7
3368 7
3369 7
3370 7
3371 8
3372 6
3373 4
3374 2
3375 4
3376 4
3377 2
3378 3
3379 2
3380 3
3381 3
3382 0
3383 3
3384 2
3385 2
3386 2
3387 3
3388 3
3389 0
3390 5
3391 3
3392 2
3393 4
3394 5
3395 3
3396 3
3397 3
3398 4
3399 5
3400 4
3401 5
3402 4
3403 6
3404 9
3405 7
3406 5
3407 4
3408 3
3409 3
3410 1
3411 2
3412 4
3413 3
3414 5
3415 5
3416 5
3417 7
3418 9
3419 8
3420 9
3421 10
3422 9
3423 8
3424 7
3425 5
3426 3
3427 2
3428 2
3429 2
3430 4
3431 5
3432 4
3433 5
3434 6
3435 5
3436 4
3437 4
3438 4
3439 4
3440 2
3441 4
3442 5
3443 8
3444 9
3445 8
3446 7
3447 7
3448 6
3449 4
3450 5
3451 5
3452 6
3453 5
3454 5
3455 5
3456 6
3457 5
3458 5
3459 4
3460 4
3461 5
3462 6
3463 4
3464 3
3465 4
3466 4
3467 5
3468 6
3469 5
3470 5
3471 3
3472 5
3473 7
3474 8
3475 9
3476 8
3477 9
3478 7
3479 6
3480 7
3481 7
3482 5
3483 5
3484 5
3485 4
3486 5
3487 7
3488 6
3489 7
3490 7
3491 10
3492 10
3493 9
3494 11
3495 11
3496 11
3497 9
3498 9
3499 10
3500 11
3501 9
3502 8
3503 7
3504 7
3505 6
3506 6
3507 3
3508 0
3509 2
3510 2
3511 2
3512 2
3513 4
3514 5
3515 5
3516 6
3517 6
3518 3
3519 6
3520 7
3521 5
3522 4
3523 4
3524 4
3525 6
3526 5
3527 3
3528 3
3529 2
3530 3
3531 4
3532 5
3533 4
3534 6
3535 8
3536 11
3537 10
3538 10
3539 10
3540 12
3541 14
3542 14
3543 15
3544 12
3545 10
3546 8
3547 9
3548 8
3549 9
3550 9
3551 9
3552 11
3553 11
3554 11
3555 10
3556 11
3557 10
3558 11
3559 11
3560 10
3561 9
3562 9
3563 10
3564 10
3565 11
3566 12
3567 10
3568 10
3569 10
3570 10
3571 8
3572 7
3573 9
3574 9
3575 9
3576 9
3577 10
3578 8
3579 9
3580 11
3581 13
3582 13
3583 15
3584 12
3585 12
3586 12
3587 10
3588 9
3589 9
3590 9
3591 7
3592 7
3593 7
3594 9
3595 9
3596 10
3597 11
3598 13
3599 11
3600 11
3601 13
3602 14
3603 15
3604 12
3605 12
3606 14
3607 14
3608 15
3609 12
3610 10
3611 10
3612 11
3613 10
3614 9
3615 11
3616 12
3617 12
3618 12
3619 13
3620 13
3621 16
3622 13
3623 14
3624 13
3625 13
3626 13
3627 13
3628 12
3629 12
3630 12
3631 12
3632 12
3633 11
3634 10
3635 10
3636 13
3637 15
3638 12
3639 12
3640 10
3641 11
3642 10
3643 10
3644 11
3645 12
3646 11
3647 12
3648 14
3649 13
3650 13
3651 11
3652 14
3653 13
3654 13
3655 10
3656 8
3657 7
3658 7
3659 5
3660 5
3661 5
3662 4
3663 5
3664 5
3665 8
3666 7
3667 9
3668 12
3669 11
3670 10
3671 12
3672 12
3673 10
3674 7
3675 7
3676 5
3677 7
3678 7
3679 9
3680 10
3681 10
3682 12
3683 13
3684 13
3685 14
3686 15
3687 12
3688 12
3689 14
3690 15
3691 12
3692 13
3693 13
3694 12
3695 11
3696 9
3697 8
3698 10
3699 11
3700 11
3701 10
3702 9
3703 9
3704 9
3705 10
3706 11
3707 10
3708 9
3709 7
3710 8
3711 8
3712 6
3713 5
3714 5
3715 5
3716 7
3717 5
3718 7
3719 8
3720 10
3721 9
3722 10
3723 9
3724 10
3725 8
3726 7
3727 7
3728 7
3729 7
3730 6
3731 7
3732 8
3733 7
3734 6
3735 5
3736 7
3737 9
3738 9
3739 9
3740 11
3741 10
3742 10
3743 11
3744 11
3745 10
3746 11
3747 13
3748 10
3749 14
3750 16
3751 13
3752 14
3753 16
3754 13
3755 12
3756 15
3757 12
3758 13
3759 16
3760 13
3761 14
3762 15
3763 12
3764 11
3765 9
3766 10
3767 10
3768 8
3769 10
3770 10
3771 8
3772 6
3773 6
3774 6
3775 5
3776 4
3777 3
3778 0
3779 2
3780 3
3781 3
3782 6
3783 6
3784 7
3785 6
3786 6
3787 7
3788 7
3789 7
3790 4
3791 7
3792 8
3793 10
3794 9
3795 11
3796 11
3797 13
3798 15
3799 12
3800 13
3801 14
3802 13
3803 13
3804 13
3805 12
3806 14
3807 16
3808 13
3809 15
3810 12
3811 12
3812 10
3813 8
3814 9
3815 9
3816 10
3817 13
3818 11
3819 10
3820 8
3821 9
3822 11
3823 12
3824 11
3825 10
3826 10
3827 11
3828 12
3829 12
3830 11
3831 12
3832 10
3833 11
3834 10
3835 11
3836 11
3837 11
3838 11
3839 11
3840 11
3841 13
3842 12
3843 9
3844 8
3845 10
3846 10
3847 10
3848 9
3849 8
3850 10
3851 12
3852 12
3853 11
3854 9
3855 8
3856 9
3857 12
3858 13
3859 14
3860 16
3861 13
3862 13
3863 14
3864 12
3865 10
3866 10
3867 10
3868 8
3869 11
3870 11
3871 11
3872 9
3873 9
3874 9
3875 10
3876 9
3877 9
3878 11
3879 11
3880 12
3881 11
3882 13
3883 15
3884 12
3885 12
3886 11
3887 12
3888 10
3889 10
3890 11
3891 9
3892 8
3893 10
3894 8
3895 9
3896 12
3897 13
3898 12
3899 11
3900 10
3901 8
3902 9
3903 9
3904 9
3905 9
3906 11
3907 12
3908 14
3909 13
3910 11
3911 11
3912 12
3913 12
3914 12
3915 12
3916 9
3917 8
3918 8
3919 7
3920 8
3921 6
3922 7
3923 7
3924 8
3925 8
3926 6
3927 6
3928 7
3929 9
3930 8
3931 11
3932 9
3933 7
3934 8
3935 7
3936 7
3937 6
3938 5
3939 4
3940 3
3941 1
3942 2
3943 4
3944 5
3945 4
3946 3
3947 3
3948 4
3949 3
3950 2
3951 6
3952 5
3953 5
3954 4
3955 3
3956 2
3957 2
3958 2
3959 8
3960 8
3961 7
3962 8
3963 9
3964 8
3965 5
3966 3
3967 5
3968 5
3969 5
3970 6
3971 4
3972 5
3973 5
3974 4
3975 3
3976 4
3977 4
3978 5
3979 7
3980 8
3981 7
3982 8
3983 7
3984 9
3985 6
3986 4
3987 2
3988 0
3989 3
3990 2
3991 2
3992 3
3993 3
3994 2
3995 3
3996 1
3997 4
3998 3
3999 3
4000 4
4001 5
4002 4
4003 2
4004 1
4005 1
4006 3
4007 3
4008 3
4009 4
4010 4
4011 3
4012 2
4013 3
4014 3
4015 5
4016 4
4017 6
4018 6
4019 8
4020 8
4021 7
4022 9
4023 8
4024 8
4025 8
4026 8
4027 10
4028 9
4029 8
4030 9
4031 9
4032 8
4033 8
4034 11
4035 12
4036 14
4037 14
4038 12
4039 12
4040 12
4041 10
4042 9
4043 8
4044 9
4045 7
4046 8
4047 9
4048 9
4049 9
4050 11
4051 12
4052 12
4053 12
4054 12
4055 12
4056 11
4057 11
4058 10
4059 10
4060 9
4061 8
4062 10
4063 9
4064 9
4065 11
4066 11
4067 10
4068 8
4069 5
4070 5
4071 8
4072 6
4073 5
4074 4
4075 4
4076 4
4077 2
4078 3
4079 2
4080 3
4081 3
4082 1
4083 4
4084 2
4085 2
4086 3
4087 1
4088 3
4089 4
4090 5
4091 4
4092 6
4093 5
4094 3
4095 3
4096 6
4097 6
4098 6
4099 6
4100 5
4101 5
4102 5
4103 5
4104 7
4105 7
4106 8
4107 6
4108 4
4109 4
4110 2
4111 0
4112 1
4113 3
4114 4
4115 3
4116 4
4117 6
4118 6
4119 7
4120 7
4121 8
4122 10
4123 13
4124 13
4125 13
4126 13
4127 14
4128 14
4129 13
4130 11
4131 10
4132 11
4133 12
4134 14
4135 16
4136 13
4137 14
4138 14
4139 14
4140 14
4141 13
4142 13
4143 13
4144 12
4145 12
4146 12
4147 10
4148 9
4149 8
4150 8
4151 10
4152 13
4153 12
4154 11
4155 10
4156 11
4157 11
4158 10
4159 9
4160 8
4161 8
4162 8
4163 9
4164 7
4165 5
4166 6
4167 8
4168 11
4169 10
4170 11
4171 11
4172 9
4173 7
4174 7
4175 5
4176 4
4177 9
4178 9
4179 8
4180 8
4181 6
4182 6
4183 5
4184 6
4185 7
4186 7
4187 10
4188 8
4189 8
4190 9
4191 9
4192 10
4193 9
4194 11
4195 10
4196 12
4197 13
4198 11
4199 10
4200 11
4201 10
4202 9
4203 8
4204 7
4205 7
4206 7
4207 7
4208 4
4209 3
4210 1
4211 1
4212 4
4213 4
4214 3
4215 3
4216 2
4217 3
4218 2
4219 1
4220 2
4221 3
4222 1
4223 1
4224 3
4225 3
4226 3
4227 3
4228 3
4229 5
4230 4
4231 2
4232 4
4233 3
4234 4
4235 5
4236 6
4237 7
4238 8
4239 6
4240 5
4241 4
4242 3
4243 4
4244 4
4245 4
4246 5
4247 4
4248 2
4249 1
4250 3
4251 4
4252 5
4253 4
4254 4
4255 2
4256 4
4257 3
4258 1
4259 2
4260 0
4261 2
4262 2
4263 2
4264 2
4265 4
4266 2
4267 2
4268 0
4269 3
4270 3
4271 3
4272 2
4273 2
4274 3
4275 4
4276 4
4277 5
4278 5
4279 6
4280 5
4281 4
4282 9
4283 9
4284 7
4285 7
4286 9
4287 8
4288 6
4289 5
4290 3
4291 4
4292 2
4293 2
4294 3
4295 4
4296 5
4297 5
4298 5
4299 4
4300 3
4301 4
4302 4
4303 4
4304 4
4305 4
4306 5
4307 4
4308 4
4309 3
4310 1
4311 3
4312 1
4313 3
4314 1
4315 3
4316 6
4317 5
4318 5
4319 5
4320 5
4321 4
4322 5
4323 3
4324 1
4325 5
4326 6
4327 4
4328 4
4329 7
4330 5
4331 4
4332 5
4333 5
4334 5
4335 4
4336 3
4337 1
4338 2
4339 3
4340 2
4341 3
4342 2
4343 5
4344 6
4345 4
4346 4
4347 3
4348 4
4349 5
4350 3
4351 6
4352 5
4353 3
4354 4
4355 6
4356 4
4357 4
4358 4
4359 5
4360 7
4361 8
4362 9
4363 8
4364 6
4365 6
4366 6
4367 7
4368 7
4369 6
4370 3
4371 4
4372 4
4373 4
4374 3
4375 3
4376 3
4377 1
4378 0
4379 4
4380 1
4381 4
4382 3
4383 3
4384 2
4385 4
4386 3
4387 3
4388 3
4389 1
4390 1
4391 4
4392 4
4393 4
4394 5
4395 6
4396 7
4397 8
4398 6
4399 8
4400 6
4401 6
4402 5
4403 4
4404 3
4405 2
4406 2
4407 4
4408 5
4409 5
4410 2
4411 2
4412 4
4413 4
4414 4
4415 4
4416 4
4417 6
4418 6
4419 6
4420 7
4421 7
4422 7
4423 9
4424 11
4425 13
4426 12
4427 12
4428 12
4429 12
4430 12
4431 12
4432 14
4433 12
4434 13
4435 13
4436 13
4437 15
4438 12
4439 13
4440 11
4441 10
4442 12
4443 11
4444 10
4445 9
4446 7
4447 6
4448 4
4449 3
4450 3
4451 3
4452 5
4453 4
4454 4
4455 4
4456 4
4457 1
4458 2
4459 4
4460 5
4461 5
4462 6
4463 5
4464 8
4465 10
4466 9
4467 8
4468 9
4469 11
4470 13
4471 14
4472 13
4473 13
4474 11
4475 10
4476 12
4477 11
4478 10
4479 10
4480 12
4481 12
4482 13
4483 14
4484 13
4485 14
4486 13
4487 13
4488 14
4489 14
4490 13
4491 11
4492 13
4493 15
4494 12
4495 12
4496 11
4497 12
4498 12
4499 12
4500 12
4501 12
4502 11
4503 10
4504 9
4505 7
4506 8
4507 6
4508 4
4509 3
4510 5
4511 4
4512 3
4513 4
4514 5
4515 5
4516 4
4517 3
4518 2
4519 5
4520 5
4521 9
4522 8
4523 10
4524 9
4525 8
4526 7
4527 8
4528 7
4529 5
4530 6
4531 5
4532 7
4533 6
4534 4
4535 3
4536 4
4537 4
4538 4
4539 4
4540 5
4541 5
4542 4
4543 3
4544 3
4545 1
4546 4
4547 4
4548 3
4549 5
4550 2
4551 2
4552 4
4553 6
4554 4
4555 5
4556 7
4557 8
4558 8
4559 10
4560 13
4561 13
4562 13
4563 13
4564 12
4565 12
4566 11
4567 12
4568 13
4569 14
4570 14
4571 16
4572 13
4573 14
4574 15
4575 12
4576 11
4577 9
4578 11
4579 12
4580 12
4581 12
4582 11
4583 10
4584 9
4585 7
4586 6
4587 5
4588 5
4589 4
4590 7
4591 8
4592 9
4593 10
4594 9
4595 8
4596 7
4597 5
4598 8
4599 6
4600 3
4601 3
4602 3
4603 4
4604 3
4605 2
4606 4
4607 5
4608 4
4609 6
4610 7
4611 7
4612 8
4613 7
4614 6
4615 10
4616 11
4617 10
4618 12
4619 11
4620 14
4621 13
4622 14
4623 17
4624 14
4625 13
4626 15
4627 12
4628 12
4629 11
4630 10
4631 10
4632 9
4633 13
4634 13
4635 16
4636 13
4637 12
4638 14
4639 13
4640 15
4641 12
4642 13
4643 14
4644 15
4645 12
4646 12
4647 12
4648 11
4649 11
4650 11
4651 10
4652 11
4653 12
4654 12
4655 12
4656 12
4657 13
4658 10
4659 10
4660 11
4661 11
4662 10
4663 8
4664 7
4665 8
4666 6
4667 9
4668 11
4669 12
4670 13
4671 13
4672 13
4673 15
4674 12
4675 10
4676 11
4677 11
4678 12
4679 13
4680 11
4681 12
4682 13
4683 12
4684 12
4685 11
4686 12
4687 13
4688 11
4689 13
4690 12
4691 12
4692 13
4693 12
4694 14
4695 14
4696 12
4697 11
4698 14
4699 14
4700 14
4701 14
4702 13
4703 13
4704 14
4705 14
4706 15
4707 12
4708 12
4709 11
4710 12
4711 11
4712 11
4713 13
4714 11
4715 11
4716 12
4717 10
4718 9
4719 7
4720 8
4721 8
4722 8
4723 6
4724 5
4725 4
4726 5
4727 6
4728 7
4729 5
4730 5
4731 2
4732 5
4733 4
4734 4
4735 5
4736 3
4737 1
4738 3
4739 2
4740 2
4741 5
4742 4
4743 4
4744 7
4745 5
4746 4
4747 6
4748 5
4749 5
4750 5
4751 6
4752 9
4753 9
4754 9
4755 7
4756 7
4757 5
4758 5
4759 5
4760 5
4761 3
4762 2
4763 5
4764 3
4765 4
4766 3
4767 2
4768 5
4769 6
4770 6
4771 8
4772 10
4773 7
4774 5
4775 3
4776 3
4777 2
4778 4
4779 3
4780 3
4781 5
4782 7
4783 10
4784 14
4785 14
4786 16
4787 13
4788 14
4789 14
4790 14
4791 17
4792 14
4793 14
4794 14
4795 15
4796 12
4797 9
4798 9
4799 8
4800 8
4801 10
4802 12
4803 11
4804 9
4805 10
4806 11
4807 12
4808 10
4809 13
4810 12
4811 11
4812 12
4813 14
4814 16
4815 13
4816 13
4817 17
4818 14
4819 15
4820 12
4821 12
4822 12
4823 10
4824 10
4825 13
4826 14
4827 16
4828 13
4829 14
4830 14
4831 13
4832 12
4833 14
4834 15
4835 12
4836 13
4837 13
4838 12
4839 14
4840 15
4841 12
4842 10
4843 10
4844 10
4845 11
4846 11
4847 11
4848 11
4849 12
4850 13
4851 12
4852 12
4853 13
4854 14
4855 14
4856 16
4857 13
4858 11
4859 10
4860 9
4861 10
4862 8
4863 12
4864 13
4865 16
4866 13
4867 13
4868 11
4869 12
4870 11
4871 13
4872 12
4873 10
4874 8
4875 7
4876 10
4877 10
4878 14
4879 15
4880 12
4881 14
4882 13
4883 15
4884 12
4885 12
4886 11
4887 12
4888 13
4889 12
4890 13
4891 17
4892 14
4893 20
4894 17
4895 14
4896 14
4897 17
4898 14
4899 14
4900 14
4901 13
4902 15
4903 12
4904 13
4905 14
4906 14
4907 13
4908 15
4909 12
4910 11
4911 11
4912 13
4913 11
4914 12
4915 11
4916 10
4917 9
4918 9
4919 9
4920 9
4921 9
4922 8
4923 7
4924 7
4925 8
4926 7
4927 6
4928 6
4929 7
4930 10
4931 10
4932 10
4933 9
4934 10
4935 12
4936 12
4937 11
4938 11
4939 11
4940 12
4941 10
4942 10
4943 12
4944 11
4945 11
4946 11
4947 10
4948 11
4949 10
4950 10
4951 8
4952 11
4953 11
4954 12
4955 12
4956 12
4957 11
4958 9
4959 11
4960 11
4961 14
4962 11
4963 11
4964 10
4965 10
4966 12
4967 14
4968 13
4969 13
4970 13
4971 12
4972 10
4973 11
4974 10
4975 13
4976 11
4977 13
4978 12
4979 10
4980 9
4981 9
4982 6
4983 8
4984 7
4985 6
4986 6
4987 5
4988 6
4989 6
4990 3
4991 4
4992 2
4993 4
4994 6
4995 6
4996 5
4997 4
4998 3
4999 4
5000 4
5001 3
5002 4
5003 3
5004 4
5005 3
5006 3
5007 4
5008 4
5009 3
5010 5
5011 4
5012 4
5013 4
5014 3
5015 2
5016 2
5017 2
5018 1
5019 3
5020 2
5021 4
5022 5
5023 5
5024 4
5025 4
5026 5
5027 5
5028 5
5029 5
5030 5
5031 4
5032 2
5033 0
5034 2
5035 3
5036 3
5037 4
5038 3
5039 6
5040 8
5041 6
5042 6
5043 7
5044 7
5045 6
5046 6
5047 7
5048 7
5049 7
5050 6
5051 8
5052 12
5053 13
5054 14
5055 11
5056 10
5057 10
5058 9
5059 10
5060 9
5061 9
5062 9
5063 9
5064 8
5065 7
5066 6
5067 6
5068 8
5069 8
5070 8
5071 8
5072 6
5073 5
5074 8
5075 7
5076 6
5077 6
5078 9
5079 11
5080 11
5081 13
5082 15
5083 12
5084 11
5085 13
5086 11
5087 11
5088 10
5089 14
5090 13
5091 14
5092 13
5093 13
5094 14
5095 13
5096 12
5097 13
5098 13
5099 11
5100 11
5101 10
5102 13
5103 12
5104 13
5105 10
5106 9
5107 10
5108 9
5109 10
5110 10
5111 8
5112 7
5113 5
5114 6
5115 4
5116 3
5117 3
5118 1
5119 3
5120 2
5121 4
5122 6
5123 3
5124 1
5125 2
5126 3
5127 1
5128 1
5129 4
5130 6
5131 6
5132 6
5133 6
5134 9
5135 8
5136 8
5137 7
5138 7
5139 4
5140 4
5141 2
5142 5
5143 3
5144 1
5145 2
5146 2
5147 5
5148 4
5149 3
5150 2
5151 2
5152 1
5153 4
5154 5
5155 4
5156 3
5157 2
5158 1
5159 4
5160 6
5161 7
5162 7
5163 8
5164 8
5165 6
5166 5
5167 6
5168 6
5169 6
5170 5
5171 5
5172 5
5173 3
5174 4
5175 4
5176 2
5177 1
5178 3
5179 5
5180 5
5181 4
5182 3
5183 6
5184 6
5185 7
5186 8
5187 8
5188 7
5189 6
5190 6
5191 9
5192 8
5193 7
5194 9
5195 10
5196 11
5197 12
5198 15
5199 12
5200 12
5201 13
5202 15
5203 12
5204 10
5205 9
5206 9
5207 10
5208 10
5209 11
5210 11
5211 10
5212 11
5213 8
5214 9
5215 8
5216 6
5217 6
5218 6
5219 6
5220 9
5221 7
5222 5
5223 2
5224 3
5225 3
5226 2
5227 2
5228 0
5229 5
5230 4
5231 3
5232 2
5233 3
5234 4
5235 3
5236 4
5237 4
5238 4
5239 4
5240 5
5241 6
5242 6
5243 7
5244 7
5245 8
5246 12
5247 12
5248 14
5249 13
5250 14
5251 14
5252 14
5253 14
5254 15
5255 12
5256 12
5257 10
5258 9
5259 8
5260 7
5261 7
5262 8
5263 9
5264 8
5265 8
5266 6
5267 5
5268 3
5269 4
5270 3
5271 3
5272 3
5273 3
5274 3
5275 0
5276 2
5277 3
5278 3
5279 2
5280 4
5281 6
5282 6
5283 5
5284 5
5285 2
5286 2
5287 5
5288 7
5289 7
5290 7
5291 9
5292 9
5293 9
5294 7
5295 9
5296 9
5297 7
5298 6
5299 3
5300 3
5301 5
5302 7
5303 4
5304 2
5305 1
5306 5
5307 5
5308 4
5309 4
5310 4
5311 3
5312 5
5313 3
5314 3
5315 3
5316 5
5317 6
5318 4
5319 2
5320 3
5321 3
5322 2
5323 2
5324 4
5325 2
5326 4
5327 5
5328 4
5329 3
5330 4
5331 6
5332 5
5333 6
5334 5
5335 6
5336 3
5337 4
5338 4
5339 4
5340 3
5341 4
5342 5
5343 5
5344 2
5345 1
5346 0
5347 1
5348 6
5349 5
5350 3
5351 2
5352 3
5353 4
5354 2
5355 4
5356 6
5357 5
5358 5
5359 6
5360 7
5361 6
5362 6
5363 8
5364 9
5365 8
5366 10
5367 9
5368 8
5369 7
5370 8
5371 9
5372 9
5373 8
5374 7
5375 6
5376 6
5377 3
5378 2
5379 5
5380 5
5381 6
5382 6
5383 8
5384 6
5385 7
5386 6
5387 9
5388 8
5389 12
5390 13
5391 13
5392 14
5393 14
5394 14
5395 16
5396 13
5397 12
5398 13
5399 14
5400 14
5401 15
5402 12
5403 10
5404 12
5405 13
5406 10
5407 8
5408 6
5409 7
5410 7
5411 8
5412 7
5413 8
5414 9
5415 8
5416 10
5417 7
5418 6
5419 8
5420 6
5421 6
5422 6
5423 7
5424 7
5425 5
5426 2
5427 5
5428 5
5429 6
5430 8
5431 11
5432 13
5433 12
5434 12
5435 10
5436 9
5437 9
5438 10
5439 8
5440 6
5441 8
5442 7
5443 5
5444 7
5445 6
5446 6
5447 4
5448 4
5449 5
5450 6
5451 5
5452 5
5453 4
5454 4
5455 4
5456 4
5457 5
5458 4
5459 4
5460 3
5461 1
5462 4
5463 4
5464 7
5465 7
5466 8
5467 5
5468 5
5469 7
5470 4
5471 4
5472 2
5473 3
5474 1
5475 3
5476 2
5477 2
5478 2
5479 1
5480 0
5481 1
5482 2
5483 2
5484 3
5485 3
5486 3
5487 2
5488 2
5489 2
5490 2
5491 4
5492 4
5493 3
5494 3
5495 3
5496 4
5497 6
5498 6
5499 8
5500 10
5501 11
5502 10
5503 8
5504 8
5505 7
5506 7
5507 7
5508 6
5509 6
5510 5
5511 6
5512 6
5513 5
5514 3
5515 2
5516 4
5517 3
5518 2
5519 2
5520 3
5521 4
5522 5
5523 2
5524 2
5525 4
5526 3
5527 3
5528 1
5529 3
5530 2
5531 3
5532 0
5533 2
5534 6
5535 4
5536 5
5537 6
5538 6
5539 6
5540 5
5541 3
5542 2
5543 2
5544 2
5545 2
5546 4
5547 4
5548 6
5549 5
5550 3
5551 6
5552 4
5553 3
5554 2
5555 2
5556 3
5557 0
5558 4
5559 4
5560 5
5561 4
5562 6
5563 6
5564 6
5565 5
5566 6
5567 10
5568 9
5569 7
5570 8
5571 9
5572 8
5573 7
5574 7
5575 5
5576 3
5577 1
5578 1
5579 4
5580 3
5581 2
5582 2
5583 5
5584 2
5585 3
5586 4
5587 4
5588 3
5589 1
5590 4
5591 3
5592 3
5593 5
5594 3
5595 3
5596 4
5597 3
5598 3
5599 0
5600 4
5601 2
5602 3
5603 4
5604 5
5605 6
5606 6
5607 6
5608 5
5609 6
5610 7
5611 8
5612 8
5613 7
5614 8
5615 7
5616 5
5617 8
5618 10
5619 13
5620 13
5621 14
5622 14
5623 14
5624 16
5625 13
5626 14
5627 13
5628 13
5629 14
5630 17
5631 14
5632 13
5633 12
5634 10
5635 10
5636 10
5637 9
5638 9
5639 8
5640 10
5641 10
5642 11
5643 12
5644 12
5645 12
5646 13
5647 15
5648 12
5649 13
5650 15
5651 12
5652 14
5653 15
5654 12
5655 11
5656 12
5657 13
5658 14
5659 14
5660 14
5661 13
5662 13
5663 11
5664 14
5665 13
5666 14
5667 13
5668 14
5669 15
5670 12
5671 12
5672 11
5673 13
5674 15
5675 12
5676 10
5677 9
5678 7
5679 7
5680 5
5681 6
5682 8
5683 9
5684 7
5685 8
5686 8
5687 8
5688 8
5689 6
5690 7
5691 8
5692 10
5693 9
5694 10
5695 9
5696 8
5697 10
5698 13
5699 13
5700 12
5701 10
5702 10
5703 12
5704 12
5705 11
5706 12
5707 11
5708 13
5709 13
5710 13
5711 16
5712 13
5713 15
5714 12
5715 12
5716 12
5717 14
5718 16
5719 13
5720 13
5721 11
5722 9
5723 10
5724 10
5725 8
5726 7
5727 7
5728 8
5729 9
5730 10
5731 13
5732 13
5733 11
5734 10
5735 11
5736 10
5737 14
5738 11
5739 11
5740 11
5741 10
5742 10
5743 9
5744 8
5745 8
5746 6
5747 8
5748 9
5749 8
5750 7
5751 6
5752 5
5753 7
5754 7
5755 5
5756 5
5757 6
5758 7
5759 8
5760 8
5761 8
5762 7
5763 8
5764 6
5765 7
5766 8
5767 12
5768 11
5769 12
5770 13
5771 12
5772 15
5773 12
5774 15
5775 12
5776 12
5777 10
5778 10
5779 11
5780 11
5781 11
5782 10
5783 10
5784 10
5785 10
5786 10
5787 9
5788 8
5789 8
5790 7
5791 6
5792 4
5793 2
5794 4
5795 3
5796 4
5797 3
5798 3
5799 4
5800 6
5801 7
5802 6
5803 4
5804 3
5805 2
5806 3
5807 5
5808 4
5809 6
5810 7
5811 6
5812 7
5813 8
5814 7
5815 6
5816 6
5817 7
5818 8
5819 8
5820 8
5821 10
5822 9
5823 10
5824 10
5825 8
5826 8
5827 6
5828 8
5829 6
5830 7
5831 7
5832 4
5833 3
5834 2
5835 2
5836 4
5837 5
5838 5
5839 4
5840 2
5841 1
5842 4
5843 6
5844 7
5845 9
5846 11
5847 12
5848 11
5849 10
5850 10
5851 12
5852 12
5853 13
5854 14
5855 13
5856 13
5857 12
5858 14
5859 15
5860 12
5861 13
5862 13
5863 12
5864 14
5865 16
5866 13
5867 13
5868 13
5869 11
5870 8
5871 9
5872 7
5873 4
5874 5
5875 4
5876 5
5877 3
5878 4
5879 4
5880 4
5881 4
5882 3
5883 1
5884 3
5885 1
5886 2
5887 1
5888 0
5889 5
5890 5
5891 5
5892 7
5893 7
5894 7
5895 7
5896 7
5897 8
5898 7
5899 9
5900 10
5901 11
5902 10
5903 7
5904 7
5905 8
5906 7
5907 6
5908 6
5909 6
5910 6
5911 4
5912 5
5913 5
5914 6
5915 6
5916 6
5917 6
5918 6
5919 6
5920 5
5921 3
5922 5
5923 4
5924 4
5925 2
5926 2
5927 5
5928 5
5929 6
5930 7
5931 7
5932 6
5933 6
5934 6
5935 6
5936 4
5937 3
5938 0
5939 3
5940 1
5941 5
5942 5
5943 5
5944 5
5945 5
5946 6
5947 7
5948 6
5949 5
5950 6
5951 8
5952 9
5953 6
5954 7
5955 9
5956 10
5957 9
5958 11
5959 11
5960 9
5961 8
5962 9
5963 8
5964 9
5965 7
5966 7
5967 8
5968 9
5969 8
5970 6
5971 7
5972 8
5973 10
5974 8
5975 7
5976 7
5977 8
5978 10
5979 9
5980 9
5981 8
5982 6
5983 6
5984 7
5985 10
5986 10
5987 8
5988 8
5989 7
5990 8
5991 7
5992 7
5993 9
5994 8
5995 9
5996 10
5997 9
5998 9
5999 8
6000 8
6001 9
6002 7
6003 5
6004 5
6005 6
6006 6
6007 6
6008 7
6009 5
6010 7
6011 7
6012 9
6013 9
6014 7
6015 6
6016 4
6017 5
6018 6
6019 9
6020 10
6021 11
6022 9
6023 12
6024 13
6025 14
6026 15
6027 12
6028 11
6029 13
6030 12
6031 12
6032 12
6033 14
6034 14
6035 13
6036 16
6037 13
6038 10
6039 9
6040 9
6041 8
6042 10
6043 10
6044 10
6045 9
6046 9
6047 10
6048 11
6049 11
6050 10
6051 11
6052 12
6053 15
6054 12
6055 12
6056 13
6057 14
6058 14
6059 13
6060 12
6061 14
6062 14
6063 11
6064 11
6065 11
6066 13
6067 13
6068 12
6069 10
6070 12
6071 9
6072 10
6073 10
6074 9
6075 9
6076 9
6077 9
6078 9
6079 10
6080 10
6081 9
6082 8
6083 7
6084 5
6085 8
6086 6
6087 5
6088 7
6089 6
6090 7
6091 6
6092 5
6093 7
6094 6
6095 9
6096 8
6097 9
6098 11
6099 10
6100 8
6101 9
6102 8
6103 9
6104 9
6105 9
6106 12
6107 14
6108 14
6109 17
6110 14
6111 15
6112 12
6113 13
6114 11
6115 10
6116 10
6117 10
6118 7
6119 8
6120 11
6121 10
6122 11
6123 10
6124 9
6125 9
6126 9
6127 9
6128 11
6129 10
6130 10
6131 7
6132 9
6133 7
6134 5
6135 4
6136 2
6137 2
6138 2
6139 3
6140 1
6141 1
6142 4
6143 4
6144 3
6145 3
6146 2
6147 5
6148 3
6149 1
6150 0
6151 2
6152 3
6153 4
6154 4
6155 4
6156 4
6157 2
6158 3
6159 4
6160 7
6161 9
6162 8
6163 7
6164 7
6165 8
6166 8
6167 8
6168 10
6169 10
6170 11
6171 11
6172 13
6173 13
6174 13
6175 11
6176 9
6177 8
6178 7
6179 9
6180 8
6181 6
6182 5
6183 4
6184 3
6185 2
6186 2
6187 2
6188 1
6189 4
6190 4
6191 5
6192 8
6193 8
6194 8
6195 8
6196 7
6197 7
6198 6
6199 5
6200 3
6201 1
6202 2
6203 3
6204 2
6205 2
6206 2
6207 3
6208 1
6209 1
6210 1
6211 3
6212 4
6213 7
6214 7
6215 8
6216 11
6217 10
6218 9
6219 10
6220 9
6221 9
6222 9
6223 10
6224 9
6225 7
6226 6
6227 7
6228 9
6229 8
6230 7
6231 8
6232 8
6233 8
6234 9
6235 6
6236 6
6237 4
6238 4
6239 4
6240 4
6241 6
6242 4
6243 2
6244 5
6245 6
6246 6
6247 7
6248 6
6249 5
6250 4
6251 4
6252 5
6253 7
6254 9
6255 10
6256 10
6257 10
6258 9
6259 8
6260 8
6261 9
6262 8
6263 8
6264 8
6265 6
6266 6
6267 8
6268 8
6269 8
6270 7
6271 4
6272 3
6273 5
6274 4
6275 5
6276 5
6277 4
6278 5
6279 4
6280 4
6281 2
6282 4
6283 3
6284 1
6285 2
6286 3
6287 3
6288 3
6289 2
6290 4
6291 2
6292 5
6293 7
6294 6
6295 8
6296 8
6297 6
6298 4
6299 4
6300 4
6301 7
6302 7
6303 7
6304 7
6305 6
6306 8
6307 7
6308 7
6309 7
6310 7
6311 8
6312 5
6313 5
6314 5
6315 4
6316 4
6317 4
6318 6
6319 5
6320 6
6321 5
6322 3
6323 2
6324 1
6325 5
6326 5
6327 5
6328 5
6329 6
6330 6
6331 6
6332 6
6333 6
6334 6
6335 6
6336 5
6337 6
6338 6
6339 5
6340 6
6341 7
6342 9
6343 9
6344 9
6345 9
6346 6
6347 5
6348 4
6349 6
6350 7
6351 5
6352 4
6353 6
6354 5
6355 4
6356 3
6357 2
6358 5
6359 5
6360 5
6361 6
6362 4
6363 4
6364 5
6365 5
6366 4
6367 2
6368 4
6369 3
6370 2
6371 2
6372 2
6373 5
6374 2
6375 1
6376 4
6377 4
6378 3
6379 4
6380 3
6381 4
6382 4
6383 7
6384 8
6385 5
6386 4
6387 5
6388 5
6389 4
6390 4
6391 1
6392 2
6393 4
6394 2
6395 3
6396 4
6397 4
6398 3
6399 5
6400 7
6401 8
6402 6
6403 5
6404 6
6405 6
6406 5
6407 5
6408 7
6409 10
6410 10
6411 9
6412 11
6413 12
6414 12
6415 11
6416 11
6417 13
6418 13
6419 15
6420 12
6421 13
6422 13
6423 13
6424 14
6425 14
6426 14
6427 15
6428 12
6429 13
6430 14
6431 12
6432 16
6433 13
6434 15
6435 12
6436 13
6437 15
6438 12
6439 13
6440 13
6441 15
6442 12
6443 10
6444 12
6445 13
6446 15
6447 12
6448 12
6449 12
6450 12
6451 11
6452 14
6453 14
6454 12
6455 12
6456 11
6457 10
6458 12
6459 12
6460 13
6461 14
6462 12
6463 12
6464 12
6465 13
6466 13
6467 13
6468 12
6469 13
6470 13
6471 11
6472 12
6473 11
6474 11
6475 10
6476 12
6477 11
6478 9
6479 11
6480 10
6481 10
6482 9
6483 9
6484 8
6485 8
6486 7
6487 9
6488 8
6489 7
6490 7
6491 6
6492 6
6493 7
6494 6
6495 5
6496 4
6497 4
6498 2
6499 6
6500 5
6501 6
6502 4
6503 10
6504 13
6505 12
6506 14
6507 15
6508 12
6509 16
6510 13
6511 12
6512 10
6513 10
6514 9
6515 11
6516 12
6517 11
6518 10
6519 9
6520 7
6521 6
6522 6
6523 7
6524 6
6525 5
6526 5
6527 6
6528 4
6529 4
6530 2
6531 2
6532 3
6533 3
6534 3
6535 2
6536 5
6537 6
6538 4
6539 3
6540 2
6541 3
6542 5
6543 5
6544 6
6545 6
6546 5
6547 2
6548 1
6549 2
6550 4
6551 2
6552 4
6553 3
6554 3
6555 3
6556 3
6557 4
6558 2
6559 3
6560 2
6561 1
6562 1
6563 4
6564 4
6565 3
6566 2
6567 2
6568 2
6569 3
6570 6
6571 7
6572 9
6573 9
6574 7
6575 7
6576 7
6577 10
6578 11
6579 14
6580 14
6581 16
6582 13
6583 13
6584 13
6585 11
6586 11
6587 12
6588 10
6589 10
6590 11
6591 12
6592 13
6593 10
6594 8
6595 6
6596 5
6597 4
6598 5
6599 5
6600 6
6601 6
6602 5
6603 7
6604 8
6605 10
6606 8
6607 7
6608 5
6609 4
6610 7
6611 10
6612 11
6613 10
6614 12
6615 12
6616 12
6617 13
6618 11
6619 10
6620 11
6621 12
6622 13
6623 11
6624 10
6625 13
6626 12
6627 13
6628 12
6629 13
6630 15
6631 12
6632 13
6633 12
6634 13
6635 12
6636 10
6637 10
6638 11
6639 9
6640 10
6641 10
6642 11
6643 11
6644 10
6645 10
6646 9
6647 8
6648 6
6649 5
6650 4
6651 1
6652 1
6653 4
6654 2
6655 3
6656 5
6657 4
6658 6
6659 5
6660 5
6661 5
6662 2
6663 1
6664 4
6665 5
6666 5
6667 9
6668 7
6669 7
6670 8
6671 10
6672 8
6673 8
6674 9
6675 11
6676 11
6677 12
6678 12
6679 11
6680 11
6681 9
6682 9
6683 9
6684 8
6685 7
6686 7
6687 5
6688 4
6689 4
6690 2
6691 2
6692 6
6693 5
6694 4
6695 2
6696 2
6697 3
6698 0
6699 5
6700 7
6701 6
6702 5
6703 5
6704 6
6705 6
6706 4
6707 4
6708 3
6709 4
6710 3
6711 5
6712 6
6713 5
6714 5
6715 3
6716 1
6717 3
6718 2
6719 6
6720 7
6721 9
6722 10
6723 11
6724 10
6725 9
6726 9
6727 7
6728 7
6729 8
6730 8
6731 10
6732 11
6733 11
6734 12
6735 13
6736 14
6737 15
6738 12
6739 13
6740 13
6741 13
6742 12
6743 13
6744 12
6745 13
6746 14
6747 13
6748 14
6749 13
6750 13
6751 12
6752 10
6753 9
6754 9
6755 7
6756 6
6757 8
6758 7
6759 6
6760 5
6761 5
6762 4
6763 5
6764 6
6765 5
6766 6
6767 4
6768 2
6769 5
6770 7
6771 10
6772 10
6773 13
6774 15
6775 12
6776 10
6777 8
6778 10
6779 11
6780 10
6781 11
6782 11
6783 10
6784 9
6785 9
6786 9
6787 12
6788 11
6789 12
6790 14
6791 12
6792 10
6793 9
6794 10
6795 10
6796 10
6797 13
6798 14
6799 15
6800 12
6801 10
6802 10
6803 13
6804 14
6805 12
6806 13
6807 14
6808 12
6809 14
6810 13
6811 10
6812 8
6813 7
6814 6
6815 6
6816 4
6817 4
6818 5
6819 8
6820 9
6821 12
6822 13
6823 15
6824 12
6825 13
6826 15
6827 12
6828 12
6829 12
6830 9
6831 8
6832 7
6833 6
6834 6
6835 5
6836 4
6837 4
6838 5
6839 4
6840 3
6841 2
6842 3
6843 1
6844 2
6845 2
6846 1
6847 5
6848 4
6849 4
6850 3
6851 2
6852 1
6853 2
6854 1
6855 3
6856 2
6857 2
6858 1
6859 2
6860 5
6861 2
6862 5
6863 5
6864 7
6865 5
6866 6
6867 5
6868 4
6869 6
6870 5
6871 7
6872 8
6873 7
6874 7
6875 8
6876 9
6877 8
6878 8
6879 9
6880 10
6881 11
6882 11
6883 12
6884 14
6885 13
6886 12
6887 13
6888 14
6889 12
6890 11
6891 12
6892 11
6893 13
6894 17
6895 14
6896 16
6897 13
6898 14
6899 17
6900 14
6901 13
6902 14
6903 16
6904 13
6905 16
6906 13
6907 15
6908 12
6909 12
6910 13
6911 14
6912 12
6913 11
6914 12
6915 13
6916 12
6917 12
6918 13
6919 13
6920 12
6921 11
6922 12
6923 13
6924 14
6925 14
6926 13
6927 11
6928 9
6929 10
6930 9
6931 8
6932 7
6933 9
6934 9
6935 10
6936 9
6937 8
6938 7
6939 9
6940 10
6941 11
6942 10
6943 11
6944 11
6945 10
6946 10
6947 9
6948 10
6949 9
6950 11
6951 12
6952 12
6953 11
6954 13
6955 14
6956 15
6957 12
6958 13
6959 15
6960 12
6961 12
6962 11
6963 10
6964 12
6965 10
6966 10
6967 7
6968 6
6969 6
6970 6
6971 6
6972 6
6973 10
6974 12
6975 12
6976 12
6977 11
6978 11
6979 11
6980 13
6981 14
6982 13
6983 11
6984 12
6985 15
6986 12
6987 13
6988 11
6989 11
6990 13
6991 13
6992 11
6993 10
6994 8
6995 8
6996 8
6997 10
6998 10
6999 11
7000 13
7001 14
7002 14
7003 13
7004 16
7005 13
7006 14
7007 13
7008 14
7009 16
7010 13
7011 13
7012 14
7013 14
7014 14
7015 12
7016 12
7017 11
7018 8
7019 7
7020 5
7021 6
7022 5
7023 4
7024 4
7025 2
7026 3
7027 2
7028 4
7029 4
7030 4
7031 3
7032 4
7033 3
7034 4
7035 3
7036 4
7037 3
7038 2
7039 1
7040 3
7041 4
7042 3
7043 2
7044 1
7045 4
7046 3
7047 3
7048 4
7049 6
7050 5
7051 4
7052 3
7053 2
7054 4
7055 2
7056 3
7057 2
7058 4
7059 5
7060 5
7061 5
7062 5
7063 4
7064 4
7065 4
7066 6
7067 7
7068 7
7069 8
7070 7
7071 9
7072 9
7073 9
7074 7
7075 6
7076 5
7077 6
7078 8
7079 11
7080 11
7081 10
7082 9
7083 9
7084 7
7085 7
7086 4
7087 4
7088 4
7089 4
7090 4
7091 5
7092 6
7093 5
7094 4
7095 5
7096 2
7097 3
7098 3
7099 1
7100 6
7101 5
7102 8
7103 8
7104 9
7105 9
7106 6
7107 7
7108 7
7109 9
7110 8
7111 9
7112 9
7113 12
7114 14
7115 16
7116 13
7117 11
7118 10
7119 9
7120 9
7121 10
7122 12
7123 14
7124 15
7125 12
7126 11
7127 12
7128 11
7129 15
7130 12
7131 11
7132 11
7133 10
7134 9
7135 9
7136 11
7137 12
7138 13
7139 15
7140 12
7141 12
7142 11
7143 13
7144 12
7145 12
7146 15
7147 12
7148 12
7149 12
7150 13
7151 15
7152 12
7153 13
7154 14
7155 14
7156 14
7157 14
7158 16
7159 13
7160 15
7161 12
7162 13
7163 12
7164 11
7165 9
7166 7
7167 6
7168 6
7169 5
7170 4
7171 3
7172 6
7173 5
7174 4
7175 3
7176 4
7177 5
7178 5
7179 3
7180 4
7181 3
7182 1
7183 3
7184 2
7185 2
7186 3
7187 4
7188 1
7189 1
7190 2
7191 2
7192 3
7193 4
7194 6
7195 7
7196 7
7197 7
7198 7
7199 8
7200 9
7201 11
7202 10
7203 10
7204 11
7205 11
7206 11
7207 10
7208 9
7209 10
7210 12
7211 13
7212 16
7213 13
7214 11
7215 13
7216 13
7217 13
7218 14
7219 14
7220 17
7221 14
7222 14
7223 13
7224 14
7225 14
7226 15
7227 12
7228 13
7229 11
7230 12
7231 10
7232 10
7233 9
7234 7
7235 6
7236 8
7237 7
7238 7
7239 7
7240 6
7241 4
7242 3
7243 2
7244 2
7245 3
7246 2
7247 2
7248 4
7249 2
7250 1
7251 2
7252 1
7253 3
7254 1
7255 3
7256 5
7257 6
7258 10
7259 14
7260 12
7261 14
7262 13
7263 15
7264 12
7265 9
7266 10
7267 9
7268 10
7269 11
7270 11
7271 15
7272 12
7273 12
7274 12
7275 12
7276 10
7277 11
7278 10
7279 11
7280 12
7281 16
7282 13
7283 14
7284 15
7285 12
7286 14
7287 13
7288 15
7289 12
7290 11
7291 10
7292 11
7293 11
7294 11
7295 12
7296 13
7297 15
7298 12
7299 10
7300 9
7301 8
7302 8
7303 12
7304 11
7305 11
7306 10
7307 9
7308 9
7309 9
7310 10
7311 12
7312 12
7313 11
7314 9
7315 9
7316 11
7317 8
7318 8
7319 10
7320 11
7321 11
7322 10
7323 10
7324 8
7325 8
7326 12
7327 11
7328 12
7329 13
7330 15
7331 12
7332 11
7333 12
7334 12
7335 10
7336 8
7337 8
7338 10
7339 10
7340 11
7341 13
7342 17
7343 14
7344 14
7345 15
7346 12
7347 13
7348 12
7349 11
7350 11
7351 12
7352 14
7353 12
7354 14
7355 12
7356 12
7357 10
7358 11
7359 14
7360 12
7361 12
7362 10
7363 10
7364 11
7365 9
7366 9
7367 11
7368 12
7369 13
7370 16
7371 13
7372 13
7373 14
7374 12
7375 10
7376 11
7377 11
7378 10
7379 11
7380 11
7381 11
7382 11
7383 10
7384 8
7385 7
7386 8
7387 9
7388 10
7389 11
7390 12
7391 14
7392 15
7393 12
7394 12
7395 10
7396 11
7397 11
7398 10
7399 14
7400 13
7401 14
7402 15
7403 12
7404 10
7405 11
7406 12
7407 12
7408 11
7409 14
7410 15
7411 12
7412 10
7413 11
7414 11
7415 9
7416 10
7417 10
7418 12
7419 14
7420 12
7421 12
7422 10
7423 10
7424 13
7425 12
7426 12
7427 12
7428 13
7429 13
7430 15
7431 12
7432 11
7433 10
7434 11
7435 12
7436 12
7437 11
7438 13
7439 11
7440 11
7441 12
7442 14
7443 14
7444 14
7445 14
7446 14
7447 14
7448 13
7449 13
7450 11
7451 10
7452 9
7453 10
7454 9
7455 9
7456 8
7457 6
7458 5
7459 8
7460 6
7461 6
7462 6
7463 5
7464 4
7465 4
7466 3
7467 2
7468 1
7469 2
7470 1
7471 4
7472 3
7473 4
7474 3
7475 3
7476 3
7477 0
7478 1
7479 3
7480 5
7481 3
7482 3
7483 1
7484 3
7485 2
7486 2
7487 6
7488 5
7489 3
7490 1
7491 5
7492 5
7493 5
7494 5
7495 7
7496 9
7497 8
7498 8
7499 5
7500 5
7501 5
7502 3
7503 2
7504 3
7505 2
7506 4
7507 2
7508 9
7509 7
7510 7
7511 8
7512 7
7513 7
7514 7
7515 7
7516 7
7517 7
7518 8
7519 9
7520 8
7521 8
7522 8
7523 9
7524 7
7525 8
7526 7
7527 8
7528 10
7529 12
7530 13
7531 12
7532 10
7533 10
7534 13
7535 12
7536 12
7537 12
7538 14
7539 11
7540 12
7541 14
7542 17
7543 14
7544 15
7545 12
7546 11
7547 12
7548 15
7549 12
7550 14
7551 15
7552 12
7553 11
7554 12
7555 13
7556 14
7557 14
7558 13
7559 13
7560 13
7561 12
7562 12
7563 13
7564 13
7565 13
7566 12
7567 10
7568 9
7569 7
7570 7
7571 5
7572 8
7573 7
7574 6
7575 7
7576 7
7577 8
7578 7
7579 6
7580 7
7581 4
7582 7
7583 8
7584 8
7585 10
7586 8
7587 8
7588 8
7589 7
7590 6
7591 4
7592 5
7593 10
7594 11
7595 11
7596 11
7597 9
7598 9
7599 8
7600 7
7601 8
7602 7
7603 8
7604 8
7605 8
7606 8
7607 7
7608 7
7609 5
7610 7
7611 9
7612 11
7613 12
7614 14
7615 16
7616 13
7617 12
7618 13
7619 13
7620 14
7621 15
7622 12
7623 11
7624 10
7625 10
7626 12
7627 14
7628 16
7629 13
7630 14
7631 14
7632 12
7633 13
7634 14
7635 13
7636 12
7637 15
7638 12
7639 13
7640 12
7641 12
7642 13
7643 13
7644 12
7645 13
7646 16
7647 13
7648 13
7649 14
7650 14
7651 15
7652 12
7653 12
7654 10
7655 11
7656 12
7657 12
7658 13
7659 12
7660 10
7661 8
7662 8
7663 9
7664 8
7665 7
7666 5
7667 7
7668 7
7669 6
7670 8
7671 6
7672 5
7673 5
7674 7
7675 8
7676 6
7677 4
7678 3
7679 3
7680 3
7681 2
7682 4
7683 6
7684 5
7685 5
7686 5
7687 6
7688 6
7689 4
7690 2
7691 4
7692 4
7693 5
7694 3
7695 2
7696 6
7697 6
7698 6
7699 7
7700 8
7701 8
7702 8
7703 8
7704 6
7705 6
7706 6
7707 5
7708 5
7709 8
7710 9
7711 9
7712 8
7713 7
7714 9
7715 11
7716 13
7717 13
7718 13
7719 13
7720 13
7721 12
7722 11
7723 10
7724 12
7725 11
7726 10
7727 9
7728 9
7729 10
7730 9
7731 9
7732 8
7733 9
7734 10
7735 10
7736 11
7737 14
7738 15
7739 12
7740 12
7741 11
7742 12
7743 11
7744 11
7745 12
7746 13
7747 11
7748 10
7749 9
7750 11
7751 12
7752 12
7753 10
7754 8
7755 9
7756 7
7757 6
7758 6
7759 6
7760 7
7761 6
7762 5
7763 6
7764 4
7765 5
7766 5
7767 3
7768 2
7769 3
7770 2
7771 5
7772 5
7773 4
7774 4
7775 5
7776 3
7777 3
7778 2
7779 3
7780 1
7781 3
7782 2
7783 1
7784 3
7785 4
7786 3
7787 2
7788 2
7789 4
7790 6
7791 6
7792 4
7793 6
7794 6
7795 6
7796 8
7797 9
7798 10
7799 10
7800 8
7801 9
7802 9
7803 8
7804 10
7805 11
7806 11
7807 11
7808 13
7809 12
7810 12
7811 13
7812 13
7813 13
7814 14
7815 16
7816 13
7817 11
7818 11
7819 10
7820 10
7821 10
7822 10
7823 10
7824 9
7825 8
7826 7
7827 6
7828 5
7829 5
7830 6
7831 6
7832 6
7833 4
7834 2
7835 3
7836 3
7837 5
7838 4
7839 4
7840 7
7841 7
7842 6
7843 5
7844 4
7845 7
7846 8
7847 8
7848 8
7849 9
7850 11
7851 11
7852 9
7853 9
7854 9
7855 8
7856 9
7857 8
7858 9
7859 8
7860 7
7861 6
7862 5
7863 2
7864 2
7865 6
7866 5
7867 5
7868 3
7869 1
7870 3
7871 3
7872 6
7873 8
7874 8
7875 7
7876 6
7877 8
7878 8
7879 10
7880 11
7881 11
7882 10
7883 10
7884 10
7885 12
7886 11
7887 10
7888 13
7889 12
7890 12
7891 12
7892 12
7893 15
7894 12
7895 13
7896 13
7897 14
7898 14
7899 14
7900 14
7901 14
7902 15
7903 12
7904 10
7905 9
7906 11
7907 12
7908 10
7909 10
7910 11
7911 9
7912 10
7913 13
7914 14
7915 14
7916 14
7917 16
7918 13
7919 11
7920 11
7921 8
7922 8
7923 7
7924 10
7925 9
7926 8
7927 7
7928 6
7929 4
7930 4
7931 4
7932 3
7933 4
7934 3
7935 4
7936 8
7937 8
7938 10
7939 12
7940 12
7941 9
7942 8
7943 8
7944 7
7945 10
7946 10
7947 8
7948 7
7949 9
7950 11
7951 9
7952 10
7953 9
7954 8
7955 8
7956 9
7957 10
7958 10
7959 10
7960 8
7961 6
7962 6
7963 7
7964 8
7965 10
7966 9
7967 9
7968 9
7969 10
7970 11
7971 11
7972 12
7973 12
7974 14
7975 15
7976 12
7977 15
7978 12
7979 11
7980 12
7981 11
7982 13
7983 12
7984 11
7985 10
7986 9
7987 8
7988 8
7989 7
7990 8
7991 9
7992 9
7993 13
7994 13
7995 11
7996 10
7997 9
7998 9
7999 7
8000 8
8001 10
8002 12
8003 12
8004 10
8005 11
8006 9
8007 10
8008 11
8009 14
8010 13
8011 15
8012 12
8013 10
8014 10
8015 10
8016 11
8017 12
8018 12
8019 14
8020 12
8021 11
8022 12
8023 14
8024 16
8025 13
8026 15
8027 12
8028 12
8029 10
8030 9
8031 8
8032 8
8033 7
8034 6
8035 10
8036 9
8037 9
8038 8
8039 8
8040 10
8041 11
8042 10
8043 9
8044 11
8045 11
8046 14
8047 14
8048 14
8049 13
8050 13
8051 12
8052 11
8053 8
8054 10
8055 10
8056 12
8057 12
8058 11
8059 10
8060 11
8061 11
8062 10
8063 9
8064 11
8065 12
8066 11
8067 10
8068 11
8069 9
8070 7
8071 8
8072 7
8073 8
8074 10
8075 9
8076 8
8077 8
8078 8
8079 9
8080 8
8081 8
8082 9
8083 9
8084 8
8085 9
8086 8
8087 7
8088 8
8089 10
8090 14
8091 11
8092 11
8093 12
8094 14
8095 15
8096 12
8097 11
8098 11
8099 10
8100 11
8101 10
8102 8
8103 7
8104 8
8105 8
8106 9
8107 8
8108 9
8109 9
8110 10
8111 11
8112 10
8113 13
8114 16
8115 13
8116 14
8117 15
8118 12
8119 13
8120 15
8121 12
8122 12
8123 14
8124 16
8125 13
8126 13
8127 15
8128 12
8129 14
8130 13
8131 13
8132 13
8133 13
8134 15
8135 12
8136 9
8137 10
8138 10
8139 9
8140 6
8141 3
8142 4
8143 4
8144 4
8145 2
8146 4
8147 5
8148 5
8149 4
8150 2
8151 3
8152 4
8153 4
8154 3
8155 1
8156 4
8157 4
8158 4
8159 3
8160 5
8161 5
8162 5
8163 6
8164 3
8165 3
8166 4
8167 4
8168 4
8169 3
8170 1
8171 4
8172 3
8173 2
8174 2
8175 5
8176 7
8177 7
8178 6
8179 5
8180 7
8181 6
8182 6
8183 3
8184 4
8185 2
8186 3
8187 3
8188 3
8189 1
8190 1
8191 6
8192 6
8193 10
8194 8
8195 10
8196 7
8197 7
8198 6
8199 4
8200 2
8201 1
8202 4
8203 5
8204 4
8205 3
8206 3
8207 2
8208 4
8209 3
8210 2
8211 5
8212 5
8213 3
8214 1
8215 2
8216 1
8217 3
8218 2
8219 2
8220 4
8221 4
8222 3
8223 4
8224 7
8225 6
8226 5
8227 7
8228 9
8229 9
8230 10
8231 12
8232 10
8233 12
8234 11
8235 13
8236 12
8237 10
8238 10
8239 9
8240 9
8241 12
8242 12
8243 12
8244 11
8245 9
8246 7
8247 6
8248 6
8249 7
8250 6
8251 5
8252 5
8253 5
8254 4
8255 5
8256 6
8257 6
8258 7
8259 7
8260 8
8261 8
8262 9
8263 8
8264 7
8265 6
8266 7
8267 7
8268 6
8269 5
8270 2
8271 5
8272 4
8273 5
8274 4
8275 6
8276 8
8277 12
8278 12
8279 11
8280 12
8281 13
8282 15
8283 12
8284 14
8285 14
8286 13
8287 11
8288 12
8289 13
8290 14
8291 13
8292 11
8293 11
8294 9
8295 8
8296 7
8297 6
8298 5
8299 7
8300 7
8301 5
8302 6
8303 3
8304 2
8305 3
8306 1
8307 4
8308 3
8309 2
8310 3
8311 3
8312 3
8313 0
8314 5
8315 6
8316 6
8317 8
8318 8
8319 11
8320 14
8321 17
8322 14
8323 13
8324 14
8325 14
8326 14
8327 15
8328 12
8329 14
8330 15
8331 12
8332 12
8333 10
8334 13
8335 11
8336 12
8337 11
8338 12
8339 10
8340 10
8341 9
8342 9
8343 10
8344 11
8345 10
8346 13
8347 15
8348 12
8349 14
8350 13
8351 14
8352 16
8353 13
8354 15
8355 12
8356 10
8357 12
8358 14
8359 14
8360 13
8361 13
8362 13
8363 13
8364 14
8365 12
8366 11
8367 10
8368 10
8369 12
8370 14
8371 14
8372 14
8373 12
8374 12
8375 14
8376 17
8377 14
8378 13
8379 15
8380 12
8381 10
8382 8
8383 6
8384 7
8385 6
8386 6
8387 5
8388 6
8389 5
8390 5
8391 5
8392 6
8393 7
8394 7
8395 10
8396 14
8397 13
8398 13
8399 14
8400 16
8401 13
8402 13
8403 13
8404 12
8405 10
8406 9
8407 7
8408 6
8409 8
8410 8
8411 8
8412 7
8413 7
8414 9
8415 7
8416 6
8417 7
8418 9
8419 9
8420 7
8421 8
8422 11
8423 10
8424 8
8425 10
8426 9
8427 9
8428 7
8429 7
8430 6
8431 4
8432 4
8433 1
8434 2
8435 4
8436 5
8437 6
8438 4
8439 2
8440 5
8441 5
8442 6
8443 5
8444 3
8445 6
8446 9
8447 9
8448 10
8449 9
8450 8
8451 8
8452 9
8453 10
8454 9
8455 8
8456 6
8457 6
8458 5
8459 6
8460 4
8461 2
8462 2
8463 1
8464 1
8465 2
8466 0
8467 2
8468 3
8469 4
8470 3
8471 3
8472 3
8473 2
8474 2
8475 1
8476 5
8477 3
8478 2
8479 3
8480 3
8481 1
8482 5
8483 4
8484 2
8485 4
8486 4
8487 2
8488 4
8489 5
8490 4
8491 4
8492 6
8493 8
8494 9
8495 7
8496 5
8497 5
8498 5
8499 5
8500 4
8501 4
8502 5
8503 5
8504 4
8505 4
8506 6
8507 5
8508 7
8509 7
8510 6
8511 7
8512 8
8513 9
8514 7
8515 5
8516 4
8517 5
8518 5
8519 6
8520 8
8521 6
8522 8
8523 9
8524 9
8525 9
8526 7
8527 4
8528 4
8529 3
8530 2
8531 4
8532 4
8533 5
8534 5
8535 4
8536 5
8537 5
8538 5
8539 4
8540 8
8541 8
8542 7
8543 6
8544 6
8545 5
8546 3
8547 2
8548 2
8549 3
8550 1
8551 3
8552 3
8553 6
8554 6
8555 11
8556 9
8557 10
8558 8
8559 7
8560 8
8561 8
8562 11
8563 11
8564 11
8565 11
8566 11
8567 13
8568 13
8569 16
8570 13
8571 12
8572 10
8573 10
8574 8
8575 7
8576 7
8577 7
8578 5
8579 6
8580 7
8581 7
8582 8
8583 9
8584 10
8585 10
8586 11
8587 11
8588 12
8589 11
8590 11
8591 10
8592 10
8593 11
8594 12
8595 12
8596 13
8597 13
8598 14
8599 15
8600 12
8601 11
8602 13
8603 12
8604 14
8605 13
8606 12
8607 13
8608 15
8609 12
8610 13
8611 14
8612 12
8613 13
8614 11
8615 13
8616 11
8617 13
8618 12
8619 13
8620 11
8621 14
8622 14
8623 14
8624 13
8625 13
8626 14
8627 12
8628 10
8629 11
8630 10
8631 8
8632 8
8633 5
8634 5
8635 2
8636 2
8637 1
8638 0
8639 5
8640 6
8641 7
8642 8
8643 8
8644 6
8645 7
8646 5
8647 5
8648 7
8649 6
8650 5
8651 4
8652 3
8653 2
8654 4
8655 3
8656 1
8657 2
8658 4
8659 5
8660 6
8661 7
8662 5
8663 5
8664 6
8665 4
8666 4
8667 4
8668 4
8669 6
8670 5
8671 3
8672 3
8673 3
8674 2
8675 3
8676 3
8677 4
8678 6
8679 6
8680 7
8681 5
8682 4
8683 6
8684 7
8685 8
8686 9
8687 8
8688 8
8689 9
8690 6
8691 8
8692 6
8693 6
8694 7
8695 8
8696 10
8697 11
8698 10
8699 10
8700 9
8701 8
8702 7
8703 5
8704 4
8705 6
8706 6
8707 4
8708 5
8709 3
8710 2
8711 2
8712 1
8713 3
8714 4
8715 3
8716 2
8717 2
8718 4
8719 4
8720 5
8721 4
8722 3
8723 1
8724 0
8725 2
8726 1
8727 4
8728 3
8729 8
8730 7
8731 6
8732 5
8733 3
8734 5
8735 6
8736 6
8737 6
8738 6
8739 7
8740 6
8741 7
8742 7
8743 6
8744 4
8745 3
8746 3
8747 4
8748 5
8749 3
8750 3
8751 1
8752 2
8753 3
8754 4
8755 4
8756 7
8757 8
8758 5
8759 4
8760 3
8761 3
8762 4
8763 3
8764 3
8765 3
8766 4
8767 8
8768 9
8769 8
8770 8
8771 8
8772 11
8773 12
8774 10
8775 12
8776 12
8777 12
8778 10
8779 8
8780 10
8781 10
8782 11
8783 12
8784 12
8785 13
8786 11
8787 13
8788 14
8789 13
8790 12
8791 13
8792 14
8793 14
8794 15
8795 12
8796 13
8797 12
8798 13
8799 12
8800 11
8801 10
8802 11
8803 9
8804 8
8805 7
8806 7
8807 7
8808 7
8809 10
8810 11
8811 12
8812 12
8813 14
8814 12
8815 10
8816 10
8817 9
8818 7
8819 7
8820 6
8821 5
8822 3
8823 1
8824 2
8825 2
8826 4
8827 4
8828 6
8829 6
8830 9
8831 7
8832 7
8833 8
8834 8
8835 10
8836 11
8837 12
8838 14
8839 15
8840 12
8841 12
8842 14
8843 13
8844 15
8845 12
8846 12
8847 11
8848 12
8849 11
8850 11
8851 11
8852 12
8853 12
8854 12
8855 13
8856 12
8857 12
8858 13
8859 13
8860 13
8861 11
8862 10
8863 9
8864 6
8865 5
8866 3
8867 5
8868 5
8869 3
8870 2
8871 3
8872 6
8873 7
8874 7
8875 6
8876 6
8877 7
8878 5
8879 2
8880 2
8881 2
8882 1
8883 1
8884 1
8885 3
8886 3
8887 5
8888 6
8889 6
8890 10
8891 10
8892 12
8893 13
8894 13
8895 12
8896 11
8897 13
8898 13
8899 10
8900 10
8901 9
8902 11
8903 11
8904 11
8905 11
8906 10
8907 9
8908 9
8909 10
8910 10
8911 8
8912 7
8913 6
8914 5
8915 4
8916 3
8917 2
8918 1
8919 5
8920 6
8921 6
8922 7
8923 6
8924 7
8925 6
8926 7
8927 7
8928 7
8929 7
8930 8
8931 10
8932 10
8933 9
8934 10
8935 11
8936 11
8937 12
8938 14
8939 15
8940 12
8941 13
8942 14
8943 16
8944 13
8945 12
8946 12
8947 12
8948 11
8949 11
8950 10
8951 9
8952 8
8953 11
8954 9
8955 8
8956 8
8957 11
8958 8
8959 6
8960 7
8961 4
8962 4
8963 3
8964 3
8965 6
8966 5
8967 5
8968 4
8969 5
8970 5
8971 7
8972 7
8973 7
8974 8
8975 7
8976 7
8977 7
8978 6
8979 8
8980 10
8981 9
8982 11
8983 11
8984 10
8985 10
8986 9
8987 8
8988 6
8989 5
8990 3
8991 3
8992 4
8993 6
8994 6
8995 6
8996 5
8997 6
8998 7
8999 6
9000 4
9001 6
9002 7
9003 6
9004 8
9005 10
9006 11
9007 9
9008 7
9009 6
9010 9
9011 7
9012 5
9013 6
9014 7
9015 7
9016 6
9017 6
9018 7
9019 7
9020 9
9021 10
9022 10
9023 9
9024 8
9025 9
9026 11
9027 11
9028 12
9029 12
9030 13
9031 14
9032 17
9033 14
9034 14
9035 17
9036 14
9037 13
9038 13
9039 14
9040 17
9041 14
9042 16
9043 13
9044 14
9045 13
9046 14
9047 15
9048 12
9049 12
9050 13
9051 14
9052 15
9053 12
9054 15
9055 12
9056 12
9057 14
9058 14
9059 13
9060 13
9061 11
9062 11
9063 12
9064 12
9065 10
9066 10
9067 10
9068 11
9069 10
9070 11
9071 9
9072 6
9073 4
9074 1
9075 3
9076 4
9077 4
9078 6
9079 6
9080 4
9081 4
9082 5
9083 5
9084 4
9085 6
9086 5
9087 4
9088 5
9089 6
9090 7
9091 9
9092 10
9093 8
9094 6
9095 5
9096 2
9097 1
9098 3
9099 3
9100 4
9101 2
9102 2
9103 1
9104 3
9105 6
9106 7
9107 7
9108 6
9109 7
9110 11
9111 10
9112 10
9113 8
9114 8
9115 7
9116 8
9117 8
9118 8
9119 6
9120 9
9121 7
9122 10
9123 10
9124 9
9125 10
9126 12
9127 13
9128 12
9129 12
9130 13
9131 12
9132 13
9133 13
9134 13
9135 13
9136 13
9137 12
9138 13
9139 12
9140 14
9141 16
9142 13
9143 14
9144 13
9145 12
9146 12
9147 11
9148 10
9149 10
9150 10
9151 10
9152 11
9153 10
9154 12
9155 14
9156 12
9157 12
9158 10
9159 10
9160 9
9161 7
9162 9
9163 9
9164 9
9165 12
9166 9
9167 9
9168 9
9169 8
9170 8
9171 10
9172 12
9173 11
9174 13
9175 12
9176 13
9177 15
9178 12
9179 12
9180 11
9181 10
9182 10
9183 9
9184 9
9185 7
9186 8
9187 8
9188 7
9189 7
9190 5
9191 5
9192 6
9193 5
9194 5
9195 3
9196 2
9197 4
9198 2
9199 5
9200 6
9201 5
9202 6
9203 7
9204 9
9205 8
9206 12
9207 12
9208 13
9209 16
9210 13
9211 11
9212 12
9213 13
9214 13
9215 12
9216 10
9217 8
9218 9
9219 8
9220 8
9221 6
9222 4
9223 5
9224 3
9225 4
9226 5
9227 5
9228 5
9229 6
9230 7
9231 7
9232 5
9233 3
9234 5
9235 4
9236 2
9237 4
9238 2
9239 4
9240 3
9241 3
9242 6
9243 6
9244 6
9245 6
9246 8
9247 8
9248 8
9249 10
9250 8
9251 8
9252 8
9253 7
9254 4
9255 3
9256 1
9257 4
9258 4
9259 2
9260 4
9261 4
9262 2
9263 0
9264 4
9265 3
9266 1
9267 1
9268 1
9269 5
9270 5
9271 4
9272 5
9273 3
9274 4
9275 2
9276 4
9277 4
9278 4
9279 5
9280 6
9281 8
9282 8
9283 7
9284 9
9285 9
9286 10
9287 12
9288 12
9289 10
9290 10
9291 10
9292 9
9293 8
9294 8
9295 7
9296 6
9297 5
9298 2
9299 4
9300 1
9301 4
9302 3
9303 1
9304 3
9305 3
9306 3
9307 2
9308 5
9309 5
9310 7
9311 7
9312 6
9313 5
9314 3
9315 3
9316 4
9317 5
9318 6
9319 5
9320 5
9321 7
9322 8
9323 8
9324 8
9325 7
9326 6
9327 8
9328 8
9329 5
9330 4
9331 3
9332 5
9333 4
9334 4
9335 3
9336 4
9337 3
9338 5
9339 4
9340 4
9341 3
9342 4
9343 3
9344 2
9345 2
9346 2
9347 3
9348 2
9349 3
9350 5
9351 6
9352 5
9353 4
9354 4
9355 3
9356 6
9357 3
9358 3
9359 7
9360 7
9361 7
9362 9
9363 8
9364 7
9365 12
9366 12
9367 12
9368 14
9369 15
9370 12
9371 13
9372 15
9373 12
9374 13
9375 15
9376 12
9377 13
9378 14
9379 13
9380 14
9381 14
9382 14
9383 14
9384 14
9385 16
9386 13
9387 13
9388 14
9389 13
9390 13
9391 15
9392 12
9393 11
9394 11
9395 13
9396 16
9397 13
9398 15
9399 12
9400 10
9401 12
9402 13
9403 11
9404 12
9405 11
9406 11
9407 11
9408 12
9409 10
9410 10
9411 12
9412 12
9413 11
9414 9
9415 7
9416 8
9417 9
9418 9
9419 8
9420 10
9421 8
9422 8
9423 9
9424 10
9425 12
9426 11
9427 9
9428 9
9429 9
9430 9
9431 8
9432 8
9433 9
9434 8
9435 8
9436 6
9437 3
9438 3
9439 1
9440 3
9441 2
9442 5
9443 3
9444 1
9445 4
9446 5
9447 4
9448 4
9449 4
9450 5
9451 6
9452 4
9453 5
9454 4
9455 6
9456 6
9457 6
9458 9
9459 10
9460 9
9461 11
9462 10
9463 8
9464 9
9465 12
9466 11
9467 10
9468 11
9469 8
9470 9
9471 9
9472 7
9473 7
9474 7
9475 8
9476 9
9477 10
9478 11
9479 8
9480 9
9481 9
9482 7
9483 8
9484 9
9485 11
9486 11
9487 12
9488 11
9489 11
9490 12
9491 13
9492 15
9493 12
9494 10
9495 7
9496 6
9497 5
9498 5
9499 4
9500 3
9501 3
9502 3
9503 3
9504 3
9505 3
9506 2
9507 4
9508 2
9509 1
9510 1
9511 1
9512 4
9513 4
9514 2
9515 4
9516 4
9517 3
9518 4
9519 3
9520 2
9521 3
9522 5
9523 4
9524 1
9525 5
9526 5
9527 6
9528 6
9529 7
9530 6
9531 7
9532 9
9533 9
9534 9
9535 7
9536 8
9537 9
9538 12
9539 10
9540 10
9541 9
9542 8
9543 9
9544 10
9545 10
9546 11
9547 10
9548 9
9549 9
9550 10
9551 9
9552 7
9553 8
9554 6
9555 6
9556 8
9557 7
9558 7
9559 6
9560 6
9561 8
9562 9
9563 8
9564 7
9565 6
9566 4
9567 4
9568 6
9569 5
9570 4
9571 4
9572 5
9573 9
9574 7
9575 9
9576 9
9577 8
9578 8
9579 7
9580 7
9581 9
9582 10
9583 11
9584 10
9585 13
9586 11
9587 12
9588 11
9589 10
9590 13
9591 15
9592 12
9593 12
9594 12
9595 12
9596 13
9597 11
9598 9
9599 9
9600 7
9601 9
9602 11
9603 10
9604 12
9605 12
9606 12
9607 13
9608 11
9609 12
9610 10
9611 9
9612 9
9613 7
9614 9
9615 11
9616 9
9617 9
9618 11
9619 11
9620 9
9621 8
9622 11
9623 9
9624 9
9625 10
9626 11
9627 11
9628 11
9629 11
9630 9
9631 10
9632 11
9633 12
9634 11
9635 14
9636 15
9637 12
9638 12
9639 10
9640 9
9641 8
9642 11
9643 11
9644 10
9645 8
9646 9
9647 10
9648 11
9649 10
9650 12
9651 11
9652 11
9653 10
9654 8
9655 8
9656 9
9657 9
9658 7
9659 7
9660 6
9661 6
9662 5
9663 4
9664 4
9665 4
9666 6
9667 4
9668 5
9669 7
9670 10
9671 12
9672 11
9673 10
9674 11
9675 12
9676 12
9677 15
9678 12
9679 13
9680 13
9681 13
9682 12
9683 11
9684 9
9685 9
9686 7
9687 9
9688 9
9689 12
9690 13
9691 13
9692 12
9693 14
9694 13
9695 12
9696 12
9697 15
9698 12
9699 12
9700 12
9701 11
9702 10
9703 13
9704 12
9705 11
9706 10
9707 12
9708 11
9709 12
9710 11
9711 12
9712 15
9713 12
9714 11
9715 9
9716 10
9717 9
9718 7
9719 7
9720 8
9721 11
9722 14
9723 13
9724 12
9725 14
9726 14
9727 14
9728 16
9729 13
9730 14
9731 13
9732 14
9733 15
9734 12
9735 12
9736 11
9737 13
9738 12
9739 16
9740 13
9741 11
9742 10
9743 10
9744 11
9745 13
9746 13
9747 14
9748 12
9749 12
9750 14
9751 14
9752 16
9753 13
9754 12
9755 14
9756 11
9757 8
9758 6
9759 5
9760 2
9761 3
9762 4
9763 4
9764 3
9765 2
9766 3
9767 3
9768 2
9769 4
9770 4
9771 3
9772 1
9773 3
9774 1
9775 4
9776 3
9777 2
9778 2
9779 2
9780 3
9781 1
9782 3
9783 5
9784 4
9785 5
9786 7
9787 8
9788 8
9789 8
9790 7
9791 6
9792 8
9793 7
9794 7
9795 7
9796 7
9797 6
9798 6
9799 5
9800 5
9801 7
9802 10
9803 11
9804 11
9805 12
9806 11
9807 11
9808 12
9809 12
9810 12
9811 11
9812 11
9813 11
9814 10
9815 9
9816 8
9817 8
9818 6
9819 8
9820 11
9821 10
9822 11
9823 12
9824 10
9825 10
9826 12
9827 12
9828 13
9829 11
9830 11
9831 9
9832 9
9833 8
9834 7
9835 11
9836 10
9837 12
9838 11
9839 11
9840 11
9841 9
9842 9
9843 9
9844 12
9845 13
9846 12
9847 11
9848 9
9849 8
9850 7
9851 5
9852 5
9853 5
9854 7
9855 7
9856 5
9857 3
9858 1
9859 2
9860 3
9861 4
9862 6
9863 5
9864 4
9865 5
9866 7
9867 7
9868 7
9869 9
9870 9
9871 8
9872 7
9873 8
9874 9
9875 12
9876 13
9877 14
9878 12
9879 11
9880 11
9881 14
9882 14
9883 14
9884 16
9885 13
9886 15
9887 12
9888 14
9889 16
9890 13
9891 14
9892 15
9893 12
9894 16
9895 13
9896 13
9897 11
9898 11
9899 12
9900 12
9901 12
9902 12
9903 12
9904 12
9905 12
9906 12
9907 12
9908 14
9909 13
9910 13
9911 10
9912 10
9913 9
9914 12
9915 12
9916 11
9917 11
9918 11
9919 8
9920 8
9921 10
9922 10
9923 9
9924 8
9925 8
9926 7
9927 8
9928 8
9929 9
9930 6
9931 4
9932 4
9933 3
9934 0
9935 4
9936 4
9937 3
9938 2
9939 2
9940 1
9941 4
9942 5
9943 7
9944 7
9945 4
9946 5
9947 5
9948 6
9949 6
9950 3
9951 4
9952 6
9953 5
9954 5
9955 3
9956 4
9957 1
9958 4
9959 5
9960 6
9961 7
9962 7
9963 11
9964 8
9965 11
9966 8
9967 9
9968 10
9969 11
9970 10
9971 10
9972 8
9973 8
9974 6
9975 6
9976 5
9977 8
9978 7
9979 8
9980 6
9981 7
9982 6
9983 7
9984 6
9985 6
9986 3
9987 4
9988 5
9989 4
9990 3
9991 2
9992 3
9993 3
9994 4
9995 2
9996 2
9997 2
9998 3
9999 1
