0 8
1 7
2 7
3 7
4 7
5 7
6 7
7 6
8 7
9 6
10 7
11 10
12 7
13 9
14 8
15 6
16 5
17 5
18 3
19 3
20 1
21 4
22 2
23 5
24 4
25 3
26 3
27 1
28 1
29 3
30 2
31 3
32 4
33 4
34 4
35 4
36 1
37 3
38 0
39 2
40 2
41 0
42 0
43 0
44 4
45 2
46 3
47 1
48 3
49 3
50 4
51 6
52 5
53 5
54 8
55 6
56 7
57 7
58 5
59 3
60 4
61 3
62 1
63 1
64 3
65 2
66 0
67 3
68 1
69 1
70 1
71 2
72 1
73 2
74 1
75 2
76 2
77 3
78 2
79 2
80 2
81 1
82 2
83 1
84 4
85 5
86 3
87 4
88 4
89 4
90 5
91 6
92 4
93 3
94 2
95 1
96 6
97 5
98 7
99 6
100 4
101 3
102 2
103 3
104 2
105 2
106 1
107 3
108 4
109 4
110 3
111 1
112 3
113 2
114 2
115 2
116 0
117 4
118 3
119 3
120 3
121 1
122 2
123 1
124 3
125 5
126 5
127 3
128 5
129 3
130 2
131 5
132 7
133 4
134 5
135 3
136 2
137 0
138 4
139 3
140 0
141 3
142 2
143 1
144 0
145 6
146 5
147 3
148 3
149 3
150 1
151 3
152 2
153 3
154 0
155 1
156 1
157 3
158 1
159 1
160 0
161 0
162 2
163 2
164 4
165 2
166 1
167 3
168 1
169 3
170 1
171 2
172 0
173 3
174 2
175 4
176 2
177 0
178 3
179 3
180 1
181 5
182 2
183 3
184 5
185 2
186 2
187 5
188 5
189 2
190 3
191 0
192 2
193 1
194 3
195 3
196 2
197 3
198 1
199 0
200 1
201 1
202 1
203 2
204 1
205 1
206 2
207 1
208 2
209 1
210 4
211 1
212 2
213 2
214 4
215 5
216 4
217 4
218 2
219 2
220 0
221 1
222 2
223 2
224 2
225 2
226 3
227 1
228 1
229 3
230 0
231 1
232 5
233 4
234 5
235 5
236 5
237 4
238 5
239 3
240 0
241 2
242 3
243 2
244 3
245 1
246 1
247 3
248 1
249 2
250 1
251 1
252 5
253 3
254 3
255 1
256 2
257 3
258 2
259 1
260 1
261 1
262 3
263 4
264 3
265 3
266 6
267 6
268 7
269 5
270 5
271 5
272 6
273 6
274 3
275 2
276 3
277 3
278 3
279 2
280 2
281 3
282 3
283 2
284 0
285 0
286 1
287 3
288 3
289 1
290 0
291 2
292 4
293 4
294 4
295 5
296 6
297 3
298 2
299 4
300 2
301 2
302 1
303 0
304 1
305 1
306 1
307 0
308 3
309 0
310 2
311 1
312 1
313 2
314 2
315 2
316 4
317 4
318 4
319 3
320 0
321 2
322 1
323 1
324 1
325 2
326 3
327 3
328 1
329 4
330 2
331 1
332 2
333 0
334 2
335 2
336 0
337 1
338 2
339 1
340 3
341 3
342 1
343 2
344 3
345 4
346 3
347 2
348 7
349 7
350 7
351 8
352 8
353 6
354 4
355 3
356 2
357 2
358 0
359 3
360 2
361 1
362 2
363 4
364 4
365 3
366 0
367 3
368 2
369 2
370 2
371 1
372 1
373 0
374 4
375 2
376 1
377 2
378 1
379 2
380 1
381 1
382 1
383 1
384 3
385 1
386 1
387 1
388 2
389 2
390 1
391 3
392 2
393 2
394 2
395 1
396 2
397 2
398 0
399 3
400 2
401 4
402 3
403 3
404 4
405 2
406 1
407 3
408 1
409 4
410 5
411 5
412 4
413 6
414 4
415 5
416 6
417 6
418 5
419 7
420 7
421 4
422 2
423 1
424 2
425 1
426 0
427 2
428 1
429 1
430 4
431 3
432 1
433 0
434 3
435 2
436 3
437 1
438 1
439 1
440 3
441 3
442 3
443 4
444 5
445 4
446 3
447 2
448 1
449 3
450 5
451 3
452 4
453 1
454 2
455 1
456 3
457 2
458 2
459 1
460 0
461 4
462 5
463 2
464 2
465 3
466 0
467 1
468 2
469 1
470 1
471 1
472 1
473 4
474 3
475 4
476 2
477 0
478 2
479 3
480 2
481 1
482 1
483 3
484 3
485 1
486 2
487 3
488 1
489 3
490 1
491 4
492 3
493 3
494 5
495 3
496 3
497 3
498 3
499 3
500 0
501 0
502 3
503 2
504 0
505 3
506 4
507 2
508 4
509 5
510 4
511 1
512 3
513 3
514 0
515 2
516 4
517 3
518 3
519 1
520 3
521 2
522 3
523 1
524 3
525 0
526 2
527 1
528 2
529 2
530 2
531 3
532 1
533 0
534 2
535 0
536 2
537 3
538 1
539 4
540 2
541 1
542 1
543 3
544 3
545 2
546 4
547 3
548 1
549 2
550 3
551 4
552 5
553 4
554 3
555 1
556 2
557 0
558 2
559 1
560 2
561 2
562 1
563 2
564 1
565 3
566 0
567 4
568 1
569 3
570 1
571 5
572 4
573 5
574 2
575 1
576 2
577 3
578 1
579 3
580 3
581 3
582 4
583 1
584 2
585 4
586 4
587 3
588 2
589 1
590 3
591 1
592 3
593 4
594 4
595 3
596 3
597 1
598 4
599 2
600 1
601 3
602 2
603 5
604 4
605 2
606 1
607 3
608 0
609 0
610 1
611 2
612 0
613 3
614 0
615 2
616 2
617 4
618 4
619 2
620 2
621 1
622 2
623 2
624 3
625 2
626 1
627 2
628 2
629 1
630 4
631 4
632 4
633 4
634 5
635 4
636 3
637 1
638 1
639 2
640 3
641 4
642 4
643 3
644 1
645 1
646 1
647 1
648 2
649 2
650 2
651 2
652 2
653 1
654 2
655 0
656 1
657 2
658 1
659 3
660 4
661 4
662 2
663 1
664 4
665 2
666 2
667 2
668 3
669 3
670 1
671 2
672 1
673 1
674 2
675 2
676 6
677 5
678 3
679 2
680 4
681 2
682 2
683 3
684 5
685 3
686 1
687 2
688 2
689 3
690 2
691 2
692 1
693 1
694 4
695 2
696 2
697 0
698 4
699 2
700 1
701 1
702 1
703 0
704 0
705 1
706 3
707 2
708 4
709 2
710 5
711 4
712 1
713 3
714 1
715 1
716 1
717 2
718 1
719 1
720 1
721 1
722 2
723 2
724 3
725 2
726 0
727 1
728 2
729 1
730 5
731 4
732 5
733 5
734 5
735 3
736 1
737 0
738 2
739 1
740 0
741 2
742 4
743 4
744 2
745 3
746 1
747 3
748 3
749 1
750 1
751 2
752 1
753 3
754 0
755 1
756 5
757 3
758 3
759 2
760 2
761 0
762 2
763 1
764 2
765 3
766 2
767 1
768 1
769 2
770 3
771 3
772 2
773 2
774 2
775 3
776 3
777 0
778 3
779 2
780 3
781 2
782 3
783 4
784 5
785 5
786 4
787 5
788 3
789 2
790 4
791 3
792 2
793 0
794 5
795 3
796 3
797 5
798 6
799 5
800 2
801 3
802 2
803 1
804 3
805 1
806 0
807 1
808 0
809 3
810 1
811 3
812 2
813 2
814 0
815 6
816 6
817 5
818 4
819 2
820 3
821 1
822 1
823 2
824 2
825 2
826 0
827 2
828 1
829 2
830 3
831 1
832 2
833 1
834 1
835 4
836 4
837 3
838 1
839 1
840 2
841 0
842 1
843 1
844 1
845 1
846 3
847 3
848 3
849 1
850 3
851 4
852 1
853 1
854 1
855 5
856 4
857 2
858 2
859 1
860 3
861 1
862 3
863 2
864 1
865 1
866 1
867 1
868 2
869 3
870 1
871 0
872 3
873 3
874 1
875 1
876 1
877 1
878 5
879 4
880 2
881 4
882 4
883 4
884 4
885 4
886 2
887 2
888 3
889 0
890 3
891 3
892 2
893 1
894 2
895 2
896 1
897 3
898 3
899 2
900 2
901 3
902 1
903 1
904 2
905 3
906 2
907 1
908 2
909 6
910 7
911 6
912 4
913 3
914 3
915 3
916 2
917 1
918 1
919 2
920 2
921 2
922 2
923 2
924 3
925 2
926 2
927 2
928 3
929 3
930 3
931 0
932 5
933 3
934 2
935 3
936 3
937 2
938 2
939 2
940 4
941 4
942 1
943 2
944 2
945 2
946 3
947 2
948 0
949 1
950 2
951 1
952 2
953 2
954 4
955 3
956 4
957 1
958 4
959 3
960 3
961 3
962 2
963 1
964 1
965 3
966 2
967 5
968 4
969 1
970 2
971 2
972 2
973 5
974 7
975 7
976 8
977 7
978 5
979 4
980 4
981 2
982 3
983 1
984 1
985 1
986 5
987 3
988 1
989 1
990 2
991 0
992 2
993 3
994 0
995 2
996 1
997 2
998 3
999 1
1000 3
1001 5
1002 3
1003 1
1004 2
1005 3
1006 1
1007 2
1008 2
1009 1
1010 4
1011 5
1012 5
1013 6
1014 8
1015 7
1016 7
1017 4
1018 6
1019 4
1020 3
1021 4
1022 4
1023 4
1024 4
1025 1
1026 3
1027 3
1028 2
1029 3
1030 2
1031 2
1032 1
1033 0
1034 2
1035 4
1036 6
1037 6
1038 6
1039 6
1040 4
1041 4
1042 2
1043 0
1044 2
1045 2
1046 1
1047 1
1048 2
1049 2
1050 2
1051 4
1052 4
1053 3
1054 2
1055 0
1056 1
1057 0
1058 2
1059 2
1060 1
1061 1
1062 0
1063 0
1064 0
1065 0
1066 4
1067 4
1068 2
1069 2
1070 1
1071 1
1072 2
1073 3
1074 1
1075 1
1076 1
1077 0
1078 2
1079 2
1080 1
1081 0
1082 4
1083 3
1084 2
1085 2
1086 1
1087 0
1088 4
1089 2
1090 0
1091 2
1092 0
1093 3
1094 2
1095 2
1096 2
1097 2
1098 1
1099 1
1100 3
1101 2
1102 2
1103 2
1104 3
1105 0
1106 4
1107 1
1108 1
1109 0
1110 2
1111 2
1112 3
1113 0
1114 2
1115 1
1116 1
1117 1
1118 2
1119 3
1120 4
1121 2
1122 2
1123 1
1124 0
1125 2
1126 2
1127 4
1128 5
1129 7
1130 7
1131 8
1132 6
1133 6
1134 6
1135 8
1136 5
1137 2
1138 3
1139 3
1140 0
1141 0
1142 2
1143 2
1144 3
1145 0
1146 3
1147 1
1148 1
1149 2
1150 2
1151 3
1152 3
1153 2
1154 2
1155 2
1156 1
1157 1
1158 1
1159 1
1160 1
1161 2
1162 2
1163 1
1164 3
1165 4
1166 2
1167 2
1168 2
1169 0
1170 2
1171 3
1172 3
1173 2
1174 4
1175 5
1176 7
1177 6
1178 4
1179 4
1180 5
1181 6
1182 9
1183 7
1184 6
1185 6
1186 5
1187 4
1188 4
1189 3
1190 0
1191 2
1192 4
1193 3
1194 2
1195 2
1196 2
1197 1
1198 3
1199 1
1200 1
1201 1
1202 3
1203 0
1204 2
1205 1
1206 5
1207 5
1208 6
1209 5
1210 6
1211 4
1212 6
1213 4
1214 2
1215 2
1216 0
1217 0
1218 1
1219 1
1220 3
1221 3
1222 2
1223 2
1224 1
1225 0
1226 4
1227 2
1228 0
1229 4
1230 3
1231 2
1232 4
1233 2
1234 2
1235 1
1236 3
1237 3
1238 3
1239 1
1240 1
1241 4
1242 2
1243 4
1244 2
1245 0
1246 3
1247 1
1248 2
1249 2
1250 1
1251 2
1252 0
1253 1
1254 1
1255 1
1256 2
1257 2
1258 2
1259 3
1260 0
1261 2
1262 1
1263 2
1264 2
1265 1
1266 4
1267 2
1268 1
1269 0
1270 4
1271 3
1272 1
1273 3
1274 2
1275 1
1276 2
1277 4
1278 2
1279 3
1280 1
1281 2
1282 2
1283 1
1284 2
1285 4
1286 4
1287 4
1288 5
1289 4
1290 1
1291 2
1292 3
1293 2
1294 2
1295 4
1296 2
1297 3
1298 0
1299 2
1300 1
1301 1
1302 5
1303 2
1304 3
1305 3
1306 2
1307 2
1308 3
1309 2
1310 4
1311 2
1312 2
1313 0
1314 0
1315 0
1316 2
1317 3
1318 1
1319 1
1320 1
1321 2
1322 0
1323 0
1324 3
1325 1
1326 2
1327 2
1328 1
1329 4
1330 1
1331 3
1332 1
1333 0
1334 1
1335 0
1336 2
1337 0
1338 3
1339 1
1340 0
1341 4
1342 6
1343 5
1344 2
1345 4
1346 1
1347 2
1348 2
1349 5
1350 5
1351 6
1352 7
1353 8
1354 7
1355 8
1356 5
1357 2
1358 0
1359 0
1360 2
1361 3
1362 3
1363 1
1364 1
1365 2
1366 5
1367 3
1368 2
1369 2
1370 2
1371 3
1372 1
1373 1
1374 2
1375 1
1376 3
1377 2
1378 2
1379 2
1380 2
1381 4
1382 4
1383 1
1384 1
1385 3
1386 2
1387 4
1388 2
1389 1
1390 1
1391 0
1392 2
1393 3
1394 1
1395 2
1396 5
1397 4
1398 3
1399 2
1400 3
1401 1
1402 1
1403 1
1404 3
1405 4
1406 4
1407 3
1408 2
1409 3
1410 2
1411 1
1412 1
1413 0
1414 2
1415 0
1416 2
1417 4
1418 2
1419 4
1420 3
1421 1
1422 3
1423 0
1424 1
1425 1
1426 3
1427 2
1428 7
1429 7
1430 4
1431 3
1432 5
1433 4
1434 3
1435 3
1436 2
1437 2
1438 4
1439 3
1440 5
1441 4
1442 3
1443 4
1444 2
1445 3
1446 2
1447 0
1448 1
1449 3
1450 2
1451 2
1452 3
1453 2
1454 0
1455 2
1456 1
1457 0
1458 2
1459 2
1460 1
1461 2
1462 1
1463 0
1464 4
1465 2
1466 2
1467 2
1468 2
1469 5
1470 5
1471 4
1472 5
1473 4
1474 3
1475 1
1476 3
1477 1
1478 0
1479 1
1480 3
1481 1
1482 3
1483 1
1484 3
1485 2
1486 1
1487 0
1488 1
1489 1
1490 1
1491 0
1492 2
1493 0
1494 2
1495 0
1496 4
1497 2
1498 2
1499 1
1500 2
1501 2
1502 1
1503 2
1504 0
1505 2
1506 3
1507 2
1508 3
1509 3
1510 1
1511 2
1512 1
1513 2
1514 3
1515 5
1516 7
1517 4
1518 2
1519 5
1520 3
1521 1
1522 1
1523 1
1524 3
1525 2
1526 1
1527 2
1528 5
1529 5
1530 3
1531 3
1532 1
1533 1
1534 3
1535 4
1536 3
1537 0
1538 2
1539 1
1540 1
1541 4
1542 2
1543 3
1544 5
1545 3
1546 3
1547 2
1548 1
1549 2
1550 2
1551 1
1552 1
1553 0
1554 2
1555 4
1556 4
1557 2
1558 3
1559 1
1560 1
1561 4
1562 2
1563 3
1564 2
1565 4
1566 4
1567 4
1568 3
1569 4
1570 4
1571 4
1572 6
1573 7
1574 9
1575 6
1576 7
1577 4
1578 4
1579 2
1580 2
1581 2
1582 2
1583 3
1584 0
1585 4
1586 2
1587 2
1588 1
1589 2
1590 1
1591 2
1592 0
1593 2
1594 2
1595 3
1596 1
1597 3
1598 2
1599 5
1600 4
1601 4
1602 3
1603 2
1604 3
1605 0
1606 4
1607 2
1608 3
1609 3
1610 1
1611 1
1612 3
1613 1
1614 1
1615 2
1616 0
1617 3
1618 4
1619 3
1620 4
1621 4
1622 2
1623 1
1624 0
1625 2
1626 4
1627 3
1628 2
1629 1
1630 2
1631 1
1632 2
1633 1
1634 1
1635 3
1636 3
1637 2
1638 0
1639 4
1640 5
1641 5
1642 3
1643 2
1644 1
1645 1
1646 1
1647 1
1648 4
1649 5
1650 5
1651 4
1652 3
1653 2
1654 3
1655 3
1656 1
1657 2
1658 2
1659 2
1660 1
1661 2
1662 1
1663 1
1664 3
1665 2
1666 1
1667 2
1668 5
1669 4
1670 3
1671 3
1672 2
1673 1
1674 2
1675 1
1676 2
1677 0
1678 4
1679 3
1680 3
1681 1
1682 7
1683 5
1684 6
1685 4
1686 1
1687 2
1688 3
1689 3
1690 2
1691 4
1692 2
1693 2
1694 1
1695 1
1696 3
1697 3
1698 0
1699 4
1700 4
1701 3
1702 1
1703 2
1704 1
1705 1
1706 3
1707 1
1708 3
1709 1
1710 0
1711 1
1712 3
1713 2
1714 2
1715 1
1716 3
1717 0
1718 1
1719 2
1720 3
1721 3
1722 3
1723 2
1724 4
1725 5
1726 4
1727 4
1728 3
1729 2
1730 2
1731 3
1732 4
1733 2
1734 2
1735 0
1736 1
1737 1
1738 3
1739 3
1740 3
1741 1
1742 1
1743 4
1744 2
1745 1
1746 6
1747 3
1748 2
1749 2
1750 2
1751 3
1752 1
1753 0
1754 3
1755 2
1756 4
1757 4
1758 3
1759 5
1760 4
1761 4
1762 3
1763 0
1764 2
1765 2
1766 2
1767 1
1768 5
1769 3
1770 3
1771 3
1772 7
1773 4
1774 2
1775 1
1776 3
1777 3
1778 1
1779 1
1780 0
1781 5
1782 4
1783 5
1784 2
1785 3
1786 3
1787 2
1788 3
1789 2
1790 2
1791 4
1792 3
1793 1
1794 1
1795 2
1796 4
1797 2
1798 0
1799 2
1800 3
1801 1
1802 1
1803 3
1804 0
1805 2
1806 0
1807 3
1808 2
1809 2
1810 0
1811 1
1812 3
1813 3
1814 2
1815 3
1816 5
1817 5
1818 2
1819 3
1820 2
1821 6
1822 5
1823 5
1824 2
1825 3
1826 4
1827 3
1828 2
1829 2
1830 1
1831 2
1832 2
1833 3
1834 3
1835 1
1836 4
1837 3
1838 4
1839 3
1840 0
1841 2
1842 0
1843 2
1844 1
1845 3
1846 2
1847 1
1848 5
1849 6
1850 5
1851 5
1852 7
1853 7
1854 6
1855 5
1856 3
1857 3
1858 1
1859 1
1860 3
1861 1
1862 0
1863 2
1864 2
1865 1
1866 1
1867 2
1868 1
1869 1
1870 2
1871 3
1872 0
1873 1
1874 2
1875 5
1876 5
1877 4
1878 6
1879 8
1880 5
1881 3
1882 4
1883 3
1884 3
1885 1
1886 2
1887 3
1888 2
1889 5
1890 4
1891 5
1892 5
1893 4
1894 5
1895 6
1896 6
1897 4
1898 2
1899 1
1900 1
1901 1
1902 3
1903 1
1904 2
1905 2
1906 2
1907 3
1908 0
1909 4
1910 2
1911 4
1912 4
1913 3
1914 5
1915 5
1916 4
1917 3
1918 2
1919 3
1920 2
1921 3
1922 2
1923 1
1924 2
1925 1
1926 2
1927 3
1928 1
1929 2
1930 0
1931 0
1932 1
1933 3
1934 1
1935 1
1936 1
1937 1
1938 4
1939 2
1940 2
1941 1
1942 1
1943 2
1944 3
1945 1
1946 0
1947 3
1948 3
1949 1
1950 0
1951 5
1952 6
1953 6
1954 4
1955 1
1956 1
1957 1
1958 3
1959 4
1960 5
1961 4
1962 2
1963 3
1964 1
1965 4
1966 2
1967 1
1968 2
1969 4
1970 4
1971 3
1972 3
1973 4
1974 4
1975 3
1976 1
1977 2
1978 4
1979 4
1980 6
1981 5
1982 6
1983 6
1984 5
1985 3
1986 5
1987 5
1988 3
1989 2
1990 2
1991 0
1992 0
1993 0
1994 5
1995 5
1996 5
1997 5
1998 3
1999 2
2000 2
2001 3
2002 2
2003 1
2004 1
2005 1
2006 5
2007 4
2008 2
2009 2
2010 4
2011 1
2012 1
2013 2
2014 2
2015 3
2016 2
2017 4
2018 4
2019 2
2020 3
2021 4
2022 5
2023 3
2024 5
2025 5
2026 3
2027 3
2028 2
2029 2
2030 5
2031 4
2032 4
2033 2
2034 0
2035 4
2036 3
2037 1
2038 4
2039 4
2040 4
2041 2
2042 2
2043 3
2044 2
2045 0
2046 1
2047 3
2048 3
2049 2
2050 4
2051 3
2052 2
2053 3
2054 3
2055 3
2056 2
2057 2
2058 2
2059 2
2060 1
2061 1
2062 2
2063 0
2064 2
2065 3
2066 3
2067 1
2068 2
2069 4
2070 2
2071 3
2072 1
2073 1
2074 1
2075 0
2076 3
2077 1
2078 2
2079 1
2080 2
2081 1
2082 2
2083 1
2084 4
2085 2
2086 1
2087 0
2088 2
2089 1
2090 1
2091 2
2092 3
2093 0
2094 2
2095 2
2096 1
2097 3
2098 0
2099 5
2100 6
2101 4
2102 1
2103 1
2104 3
2105 3
2106 2
2107 4
2108 2
2109 2
2110 1
2111 5
2112 3
2113 2
2114 2
2115 1
2116 4
2117 4
2118 4
2119 5
2120 3
2121 2
2122 3
2123 3
2124 1
2125 1
2126 0
2127 1
2128 1
2129 2
2130 2
2131 1
2132 1
2133 3
2134 2
2135 2
2136 3
2137 0
2138 2
2139 2
2140 2
2141 0
2142 2
2143 3
2144 4
2145 3
2146 4
2147 6
2148 4
2149 3
2150 2
2151 4
2152 3
2153 4
2154 4
2155 2
2156 2
2157 2
2158 2
2159 1
2160 4
2161 2
2162 1
2163 2
2164 5
2165 2
2166 2
2167 3
2168 2
2169 1
2170 3
2171 2
2172 3
2173 0
2174 2
2175 2
2176 0
2177 4
2178 5
2179 2
2180 1
2181 4
2182 5
2183 4
2184 2
2185 2
2186 0
2187 1
2188 2
2189 3
2190 2
2191 1
2192 2
2193 2
2194 1
2195 3
2196 0
2197 0
2198 1
2199 1
2200 1
2201 3
2202 1
2203 3
2204 1
2205 5
2206 5
2207 7
2208 6
2209 4
2210 3
2211 2
2212 2
2213 4
2214 1
2215 3
2216 0
2217 4
2218 3
2219 0
2220 2
2221 4
2222 2
2223 4
2224 4
2225 3
2226 1
2227 5
2228 6
2229 7
2230 8
2231 6
2232 6
2233 5
2234 3
2235 2
2236 1
2237 0
2238 3
2239 4
2240 2
2241 3
2242 2
2243 1
2244 0
2245 2
2246 1
2247 1
2248 5
2249 3
2250 4
2251 2
2252 1
2253 2
2254 1
2255 2
2256 3
2257 1
2258 3
2259 3
2260 1
2261 1
2262 2
2263 0
2264 2
2265 4
2266 4
2267 2
2268 2
2269 2
2270 3
2271 5
2272 4
2273 3
2274 1
2275 3
2276 2
2277 0
2278 1
2279 3
2280 2
2281 5
2282 3
2283 2
2284 4
2285 4
2286 3
2287 2
2288 4
2289 2
2290 0
2291 1
2292 2
2293 1
2294 3
2295 3
2296 2
2297 1
2298 2
2299 2
2300 1
2301 2
2302 3
2303 3
2304 0
2305 2
2306 3
2307 3
2308 4
2309 6
2310 5
2311 6
2312 5
2313 4
2314 3
2315 2
2316 2
2317 3
2318 3
2319 2
2320 2
2321 3
2322 1
2323 2
2324 2
2325 3
2326 3
2327 3
2328 3
2329 2
2330 1
2331 3
2332 1
2333 0
2334 1
2335 1
2336 2
2337 3
2338 5
2339 3
2340 5
2341 6
2342 6
2343 3
2344 1
2345 3
2346 3
2347 4
2348 2
2349 3
2350 2
2351 1
2352 3
2353 3
2354 5
2355 5
2356 2
2357 1
2358 2
2359 4
2360 2
2361 3
2362 3
2363 3
2364 1
2365 2
2366 0
2367 3
2368 4
2369 3
2370 0
2371 3
2372 5
2373 4
2374 1
2375 2
2376 3
2377 0
2378 2
2379 1
2380 2
2381 1
2382 0
2383 4
2384 4
2385 2
2386 2
2387 3
2388 2
2389 0
2390 3
2391 2
2392 2
2393 3
2394 1
2395 3
2396 1
2397 2
2398 0
2399 1
2400 4
2401 4
2402 2
2403 0
2404 5
2405 5
2406 3
2407 3
2408 4
2409 5
2410 4
2411 6
2412 4
2413 2
2414 3
2415 1
2416 2
2417 2
2418 1
2419 2
2420 3
2421 2
2422 1
2423 1
2424 4
2425 3
2426 2
2427 3
2428 4
2429 4
2430 2
2431 3
2432 3
2433 1
2434 4
2435 3
2436 3
2437 5
2438 5
2439 2
2440 3
2441 4
2442 4
2443 5
2444 3
2445 1
2446 1
2447 3
2448 4
2449 1
2450 2
2451 0
2452 2
2453 3
2454 2
2455 4
2456 3
2457 3
2458 2
2459 1
2460 1
2461 3
2462 0
2463 1
2464 2
2465 4
2466 4
2467 1
2468 2
2469 3
2470 4
2471 2
2472 6
2473 5
2474 4
2475 5
2476 4
2477 3
2478 2
2479 2
2480 1
2481 3
2482 0
2483 1
2484 1
2485 2
2486 2
2487 1
2488 3
2489 2
2490 4
2491 2
2492 4
2493 3
2494 1
2495 1
2496 2
2497 2
2498 2
2499 2
2500 3
2501 2
2502 3
2503 2
2504 1
2505 1
2506 2
2507 3
2508 1
2509 2
2510 3
2511 1
2512 2
2513 0
2514 3
2515 4
2516 4
2517 4
2518 1
2519 2
2520 1
2521 1
2522 1
2523 3
2524 1
2525 0
2526 3
2527 1
2528 1
2529 2
2530 3
2531 2
2532 4
2533 4
2534 2
2535 1
2536 2
2537 2
2538 3
2539 4
2540 3
2541 4
2542 2
2543 1
2544 1
2545 5
2546 4
2547 2
2548 3
2549 2
2550 1
2551 3
2552 3
2553 2
2554 2
2555 1
2556 2
2557 1
2558 2
2559 1
2560 1
2561 2
2562 0
2563 2
2564 2
2565 3
2566 5
2567 3
2568 4
2569 3
2570 1
2571 1
2572 3
2573 1
2574 3
2575 1
2576 1
2577 3
2578 1
2579 2
2580 0
2581 2
2582 1
2583 2
2584 1
2585 1
2586 3
2587 4
2588 4
2589 3
2590 2
2591 3
2592 1
2593 0
2594 3
2595 5
2596 4
2597 3
2598 0
2599 4
2600 5
2601 5
2602 6
2603 5
2604 6
2605 4
2606 5
2607 6
2608 6
2609 8
2610 7
2611 6
2612 5
2613 3
2614 1
2615 4
2616 2
2617 4
2618 2
2619 3
2620 3
2621 4
2622 5
2623 4
2624 4
2625 4
2626 4
2627 5
2628 3
2629 4
2630 4
2631 2
2632 4
2633 4
2634 1
2635 2
2636 2
2637 0
2638 5
2639 3
2640 1
2641 5
2642 4
2643 4
2644 3
2645 3
2646 4
2647 3
2648 0
2649 3
2650 1
2651 3
2652 4
2653 3
2654 1
2655 1
2656 1
2657 4
2658 4
2659 2
2660 2
2661 2
2662 2
2663 0
2664 2
2665 4
2666 4
2667 3
2668 3
2669 3
2670 2
2671 3
2672 3
2673 2
2674 0
2675 1
2676 2
2677 3
2678 2
2679 3
2680 3
2681 0
2682 0
2683 2
2684 2
2685 1
2686 3
2687 0
2688 1
2689 1
2690 3
2691 0
2692 4
2693 1
2694 1
2695 1
2696 3
2697 2
2698 2
2699 3
2700 3
2701 3
2702 1
2703 2
2704 4
2705 1
2706 3
2707 3
2708 3
2709 4
2710 3
2711 2
2712 1
2713 8
2714 6
2715 5
2716 5
2717 2
2718 2
2719 2
2720 4
2721 2
2722 3
2723 4
2724 2
2725 2
2726 2
2727 1
2728 3
2729 2
2730 2
2731 2
2732 2
2733 2
2734 1
2735 3
2736 2
2737 2
2738 3
2739 0
2740 1
2741 3
2742 1
2743 1
2744 2
2745 4
2746 2
2747 2
2748 1
2749 1
2750 0
2751 2
2752 2
2753 4
2754 3
2755 4
2756 3
2757 2
2758 1
2759 2
2760 0
2761 4
2762 2
2763 3
2764 2
2765 1
2766 2
2767 2
2768 2
2769 2
2770 3
2771 1
2772 2
2773 0
2774 2
2775 3
2776 7
2777 4
2778 2
2779 3
2780 2
2781 3
2782 1
2783 1
2784 3
2785 1
2786 2
2787 4
2788 5
2789 5
2790 5
2791 3
2792 2
2793 1
2794 1
2795 4
2796 4
2797 2
2798 0
2799 4
2800 4
2801 6
2802 5
2803 3
2804 4
2805 3
2806 1
2807 4
2808 3
2809 4
2810 5
2811 4
2812 3
2813 3
2814 4
2815 2
2816 1
2817 4
2818 3
2819 4
2820 4
2821 4
2822 4
2823 5
2824 4
2825 2
2826 3
2827 2
2828 6
2829 5
2830 5
2831 2
2832 4
2833 3
2834 0
2835 0
2836 0
2837 3
2838 2
2839 4
2840 4
2841 5
2842 6
2843 6
2844 6
2845 5
2846 4
2847 4
2848 2
2849 1
2850 4
2851 2
2852 3
2853 2
2854 5
2855 5
2856 5
2857 4
2858 5
2859 4
2860 5
2861 4
2862 3
2863 1
2864 3
2865 0
2866 1
2867 2
2868 0
2869 3
2870 0
2871 2
2872 3
2873 1
2874 1
2875 2
2876 0
2877 3
2878 2
2879 4
2880 3
2881 4
2882 1
2883 4
2884 4
2885 4
2886 3
2887 5
2888 4
2889 2
2890 3
2891 2
2892 1
2893 1
2894 0
2895 3
2896 3
2897 0
2898 1
2899 2
2900 1
2901 2
2902 2
2903 4
2904 3
2905 2
2906 5
2907 4
2908 3
2909 1
2910 0
2911 3
2912 1
2913 3
2914 3
2915 4
2916 5
2917 5
2918 5
2919 3
2920 0
2921 0
2922 3
2923 5
2924 6
2925 6
2926 3
2927 2
2928 3
2929 3
2930 3
2931 1
2932 2
2933 2
2934 4
2935 2
2936 4
2937 2
2938 6
2939 5
2940 5
2941 4
2942 3
2943 3
2944 0
2945 1
2946 1
2947 2
2948 2
2949 3
2950 3
2951 2
2952 1
2953 2
2954 1
2955 4
2956 4
2957 1
2958 0
2959 2
2960 0
2961 1
2962 3
2963 2
2964 1
2965 6
2966 5
2967 5
2968 4
2969 3
2970 2
2971 2
2972 1
2973 3
2974 4
2975 4
2976 3
2977 0
2978 1
2979 2
2980 2
2981 3
2982 1
2983 2
2984 3
2985 2
2986 2
2987 1
2988 3
2989 5
2990 4
2991 4
2992 5
2993 4
2994 3
2995 4
2996 2
2997 0
2998 2
2999 3
3000 3
3001 3
3002 1
3003 0
3004 2
3005 7
3006 7
3007 6
3008 4
3009 3
3010 5
3011 3
3012 2
3013 2
3014 3
3015 5
3016 4
3017 3
3018 1
3019 4
3020 3
3021 3
3022 3
3023 3
3024 1
3025 2
3026 0
3027 3
3028 2
3029 2
3030 1
3031 5
3032 4
3033 4
3034 2
3035 1
3036 0
3037 1
3038 4
3039 4
3040 3
3041 4
3042 3
3043 2
3044 5
3045 6
3046 4
3047 4
3048 5
3049 5
3050 3
3051 1
3052 2
3053 2
3054 4
3055 3
3056 4
3057 5
3058 5
3059 6
3060 5
3061 5
3062 7
3063 5
3064 4
3065 3
3066 4
3067 3
3068 0
3069 2
3070 2
3071 3
3072 3
3073 2
3074 4
3075 2
3076 2
3077 3
3078 0
3079 0
3080 2
3081 0
3082 1
3083 2
3084 2
3085 3
3086 5
3087 5
3088 2
3089 2
3090 1
3091 2
3092 0
3093 2
3094 3
3095 2
3096 2
3097 1
3098 1
3099 1
3100 3
3101 0
3102 1
3103 1
3104 0
3105 3
3106 4
3107 3
3108 1
3109 3
3110 3
3111 4
3112 5
3113 5
3114 3
3115 2
3116 2
3117 2
3118 1
3119 1
3120 2
3121 0
3122 3
3123 1
3124 0
3125 2
3126 2
3127 3
3128 2
3129 2
3130 2
3131 1
3132 2
3133 6
3134 5
3135 5
3136 6
3137 8
3138 6
3139 5
3140 4
3141 5
3142 4
3143 3
3144 6
3145 6
3146 5
3147 5
3148 4
3149 5
3150 4
3151 5
3152 3
3153 4
3154 4
3155 1
3156 1
3157 4
3158 2
3159 5
3160 4
3161 4
3162 2
3163 3
3164 4
3165 5
3166 4
3167 3
3168 2
3169 2
3170 0
3171 3
3172 1
3173 2
3174 2
3175 1
3176 2
3177 1
3178 4
3179 4
3180 4
3181 3
3182 0
3183 2
3184 3
3185 1
3186 4
3187 2
3188 2
3189 1
3190 2
3191 3
3192 3
3193 0
3194 2
3195 1
3196 1
3197 1
3198 4
3199 2
3200 2
3201 2
3202 3
3203 4
3204 2
3205 3
3206 1
3207 2
3208 1
3209 1
3210 4
3211 6
3212 5
3213 4
3214 4
3215 6
3216 5
3217 4
3218 4
3219 2
3220 3
3221 3
3222 1
3223 5
3224 2
3225 2
3226 1
3227 2
3228 4
3229 2
3230 1
3231 1
3232 4
3233 4
3234 3
3235 1
3236 1
3237 4
3238 3
3239 3
3240 2
3241 2
3242 1
3243 2
3244 3
3245 2
3246 1
3247 3
3248 2
3249 3
3250 3
3251 2
3252 1
3253 2
3254 3
3255 2
3256 1
3257 2
3258 4
3259 1
3260 1
3261 1
3262 2
3263 2
3264 1
3265 2
3266 2
3267 2
3268 2
3269 3
3270 4
3271 1
3272 2
3273 4
3274 3
3275 1
3276 4
3277 2
3278 2
3279 1
3280 2
3281 2
3282 1
3283 4
3284 5
3285 6
3286 7
3287 5
3288 3
3289 6
3290 5
3291 5
3292 4
3293 4
3294 4
3295 4
3296 3
3297 3
3298 1
3299 1
3300 3
3301 2
3302 1
3303 0
3304 3
3305 1
3306 0
3307 4
3308 2
3309 4
3310 2
3311 5
3312 7
3313 6
3314 4
3315 2
3316 0
3317 4
3318 4
3319 4
3320 2
3321 4
3322 2
3323 1
3324 1
3325 3
3326 2
3327 3
3328 5
3329 3
3330 5
3331 3
3332 2
3333 2
3334 2
3335 3
3336 0
3337 2
3338 2
3339 2
3340 1
3341 3
3342 0
3343 0
3344 2
3345 4
3346 3
3347 4
3348 3
3349 4
3350 5
3351 6
3352 6
3353 5
3354 6
3355 6
3356 7
3357 5
3358 3
3359 0
3360 2
3361 0
3362 0
3363 1
3364 2
3365 1
3366 3
3367 4
3368 2
3369 3
3370 0
3371 2
3372 2
3373 2
3374 2
3375 0
3376 2
3377 4
3378 6
3379 5
3380 4
3381 2
3382 1
3383 3
3384 2
3385 2
3386 1
3387 2
3388 0
3389 0
3390 4
3391 4
3392 4
3393 1
3394 2
3395 1
3396 2
3397 2
3398 3
3399 3
3400 0
3401 3
3402 3
3403 3
3404 2
3405 4
3406 3
3407 4
3408 6
3409 6
3410 4
3411 6
3412 4
3413 4
3414 3
3415 0
3416 5
3417 3
3418 3
3419 2
3420 3
3421 1
3422 3
3423 5
3424 3
3425 1
3426 1
3427 2
3428 3
3429 3
3430 0
3431 3
3432 2
3433 2
3434 3
3435 2
3436 2
3437 4
3438 5
3439 4
3440 6
3441 4
3442 2
3443 4
3444 3
3445 2
3446 4
3447 2
3448 2
3449 2
3450 1
3451 2
3452 3
3453 3
3454 1
3455 3
3456 2
3457 0
3458 3
3459 6
3460 7
3461 9
3462 7
3463 9
3464 8
3465 7
3466 6
3467 5
3468 3
3469 2
3470 3
3471 3
3472 0
3473 3
3474 3
3475 1
3476 5
3477 5
3478 3
3479 2
3480 2
3481 2
3482 2
3483 2
3484 1
3485 1
3486 3
3487 2
3488 1
3489 0
3490 3
3491 0
3492 3
3493 1
3494 2
3495 0
3496 2
3497 4
3498 4
3499 6
3500 5
3501 4
3502 2
3503 3
3504 0
3505 1
3506 0
3507 2
3508 1
3509 2
3510 1
3511 0
3512 2
3513 1
3514 0
3515 3
3516 3
3517 1
3518 0
3519 1
3520 2
3521 2
3522 1
3523 0
3524 1
3525 2
3526 1
3527 2
3528 1
3529 2
3530 1
3531 1
3532 0
3533 3
3534 2
3535 1
3536 1
3537 2
3538 1
3539 0
3540 1
3541 0
3542 4
3543 3
3544 1
3545 0
3546 2
3547 1
3548 2
3549 1
3550 2
3551 2
3552 2
3553 1
3554 2
3555 4
3556 2
3557 1
3558 1
3559 2
3560 1
3561 1
3562 1
3563 0
3564 3
3565 2
3566 2
3567 1
3568 2
3569 0
3570 1
3571 2
3572 3
3573 3
3574 1
3575 2
3576 0
3577 2
3578 0
3579 2
3580 2
3581 0
3582 2
3583 2
3584 3
3585 2
3586 5
3587 4
3588 3
3589 2
3590 2
3591 2
3592 3
3593 3
3594 2
3595 2
3596 2
3597 1
3598 6
3599 8
3600 6
3601 6
3602 4
3603 2
3604 2
3605 1
3606 0
3607 2
3608 1
3609 4
3610 4
3611 3
3612 2
3613 2
3614 2
3615 2
3616 1
3617 1
3618 2
3619 2
3620 1
3621 2
3622 2
3623 3
3624 1
3625 4
3626 1
3627 2
3628 3
3629 2
3630 2
3631 2
3632 3
3633 0
3634 3
3635 1
3636 1
3637 3
3638 2
3639 2
3640 1
3641 1
3642 0
3643 2
3644 3
3645 1
3646 1
3647 3
3648 1
3649 2
3650 2
3651 1
3652 2
3653 3
3654 3
3655 0
3656 2
3657 1
3658 3
3659 0
3660 5
3661 4
3662 5
3663 4
3664 2
3665 2
3666 2
3667 0
3668 2
3669 2
3670 1
3671 1
3672 1
3673 1
3674 0
3675 5
3676 3
3677 2
3678 0
3679 3
3680 2
3681 5
3682 4
3683 3
3684 1
3685 3
3686 0
3687 1
3688 3
3689 4
3690 3
3691 4
3692 4
3693 3
3694 1
3695 2
3696 1
3697 1
3698 3
3699 2
3700 2
3701 2
3702 1
3703 3
3704 4
3705 4
3706 3
3707 1
3708 2
3709 3
3710 3
3711 0
3712 3
3713 4
3714 3
3715 2
3716 4
3717 3
3718 0
3719 4
3720 5
3721 5
3722 6
3723 5
3724 6
3725 5
3726 3
3727 0
3728 1
3729 2
3730 0
3731 2
3732 3
3733 3
3734 0
3735 1
3736 2
3737 5
3738 3
3739 3
3740 1
3741 2
3742 3
3743 1
3744 1
3745 1
3746 2
3747 0
3748 3
3749 3
3750 1
3751 2
3752 2
3753 0
3754 4
3755 1
3756 1
3757 4
3758 2
3759 1
3760 3
3761 1
3762 2
3763 3
3764 2
3765 3
3766 4
3767 5
3768 4
3769 4
3770 5
3771 6
3772 4
3773 4
3774 3
3775 2
3776 1
3777 1
3778 3
3779 3
3780 1
3781 4
3782 1
3783 0
3784 3
3785 1
3786 5
3787 4
3788 2
3789 5
3790 5
3791 5
3792 3
3793 1
3794 2
3795 2
3796 2
3797 0
3798 2
3799 2
3800 2
3801 2
3802 2
3803 3
3804 1
3805 0
3806 2
3807 2
3808 0
3809 2
3810 3
3811 2
3812 2
3813 2
3814 4
3815 3
3816 4
3817 3
3818 1
3819 7
3820 6
3821 4
3822 2
3823 2
3824 1
3825 2
3826 3
3827 4
3828 2
3829 2
3830 3
3831 3
3832 0
3833 3
3834 6
3835 4
3836 3
3837 1
3838 2
3839 1
3840 1
3841 2
3842 3
3843 3
3844 3
3845 0
3846 3
3847 2
3848 1
3849 2
3850 1
3851 1
3852 5
3853 3
3854 3
3855 3
3856 3
3857 2
3858 0
3859 3
3860 3
3861 2
3862 3
3863 2
3864 3
3865 2
3866 3
3867 1
3868 3
3869 4
3870 6
3871 6
3872 3
3873 1
3874 4
3875 3
3876 5
3877 4
3878 2
3879 2
3880 3
3881 1
3882 1
3883 3
3884 3
3885 2
3886 2
3887 2
3888 1
3889 4
3890 5
3891 4
3892 3
3893 1
3894 3
3895 2
3896 1
3897 1
3898 3
3899 1
3900 3
3901 0
3902 4
3903 4
3904 4
3905 4
3906 4
3907 4
3908 4
3909 2
3910 1
3911 5
3912 4
3913 2
3914 1
3915 0
3916 4
3917 3
3918 2
3919 0
3920 4
3921 3
3922 0
3923 4
3924 4
3925 2
3926 3
3927 4
3928 2
3929 0
3930 1
3931 2
3932 2
3933 0
3934 0
3935 4
3936 2
3937 5
3938 3
3939 0
3940 1
3941 1
3942 2
3943 0
3944 4
3945 3
3946 3
3947 5
3948 3
3949 4
3950 3
3951 0
3952 2
3953 1
3954 3
3955 2
3956 2
3957 3
3958 3
3959 2
3960 3
3961 0
3962 4
3963 4
3964 1
3965 1
3966 4
3967 6
3968 3
3969 2
3970 3
3971 2
3972 1
3973 0
3974 5
3975 5
3976 6
3977 4
3978 3
3979 0
3980 2
3981 1
3982 2
3983 2
3984 2
3985 1
3986 3
3987 5
3988 6
3989 6
3990 7
3991 6
3992 5
3993 3
3994 1
3995 2
3996 2
3997 3
3998 2
3999 4
4000 3
4001 2
4002 4
4003 5
4004 5
4005 4
4006 4
4007 2
4008 1
4009 1
4010 2
4011 2
4012 3
4013 0
4014 1
4015 2
4016 5
4017 3
4018 4
4019 4
4020 4
4021 2
4022 5
4023 6
4024 5
4025 5
4026 2
4027 3
4028 3
4029 4
4030 5
4031 6
4032 5
4033 5
4034 4
4035 4
4036 3
4037 1
4038 2
4039 2
4040 2
4041 3
4042 0
4043 4
4044 5
4045 3
4046 2
4047 2
4048 2
4049 4
4050 3
4051 4
4052 1
4053 4
4054 2
4055 1
4056 3
4057 0
4058 2
4059 3
4060 2
4061 1
4062 3
4063 0
4064 1
4065 3
4066 4
4067 4
4068 6
4069 6
4070 5
4071 5
4072 4
4073 3
4074 2
4075 0
4076 2
4077 2
4078 1
4079 2
4080 1
4081 2
4082 1
4083 1
4084 1
4085 3
4086 2
4087 3
4088 3
4089 1
4090 2
4091 2
4092 1
4093 0
4094 2
4095 2
4096 1
4097 5
4098 4
4099 1
4100 1
4101 2
4102 1
4103 1
4104 2
4105 3
4106 1
4107 1
4108 1
4109 1
4110 3
4111 4
4112 3
4113 2
4114 1
4115 4
4116 2
4117 4
4118 5
4119 3
4120 6
4121 5
4122 5
4123 4
4124 2
4125 3
4126 3
4127 1
4128 2
4129 4
4130 3
4131 0
4132 2
4133 2
4134 0
4135 3
4136 2
4137 1
4138 2
4139 3
4140 2
4141 3
4142 2
4143 3
4144 1
4145 3
4146 1
4147 3
4148 0
4149 3
4150 2
4151 3
4152 2
4153 1
4154 2
4155 2
4156 2
4157 2
4158 1
4159 1
4160 2
4161 4
4162 1
4163 2
4164 2
4165 2
4166 3
4167 2
4168 2
4169 3
4170 1
4171 1
4172 0
4173 3
4174 0
4175 1
4176 0
4177 4
4178 4
4179 1
4180 3
4181 2
4182 1
4183 2
4184 2
4185 4
4186 2
4187 6
4188 5
4189 5
4190 6
4191 4
4192 2
4193 2
4194 4
4195 2
4196 2
4197 2
4198 1
4199 1
4200 2
4201 1
4202 2
4203 3
4204 1
4205 1
4206 1
4207 4
4208 3
4209 1
4210 3
4211 2
4212 4
4213 4
4214 4
4215 4
4216 4
4217 2
4218 4
4219 4
4220 5
4221 5
4222 2
4223 3
4224 1
4225 4
4226 5
4227 5
4228 3
4229 4
4230 2
4231 2
4232 2
4233 3
4234 0
4235 3
4236 2
4237 2
4238 3
4239 1
4240 3
4241 2
4242 2
4243 0
4244 3
4245 3
4246 1
4247 0
4248 1
4249 2
4250 0
4251 2
4252 1
4253 2
4254 0
4255 4
4256 2
4257 2
4258 2
4259 2
4260 0
4261 2
4262 3
4263 2
4264 2
4265 4
4266 3
4267 2
4268 2
4269 2
4270 3
4271 3
4272 3
4273 3
4274 3
4275 2
4276 2
4277 1
4278 2
4279 2
4280 1
4281 1
4282 4
4283 2
4284 4
4285 2
4286 2
4287 3
4288 0
4289 1
4290 4
4291 3
4292 4
4293 7
4294 7
4295 5
4296 4
4297 4
4298 3
4299 0
4300 1
4301 4
4302 5
4303 4
4304 3
4305 1
4306 2
4307 5
4308 3
4309 2
4310 1
4311 1
4312 1
4313 0
4314 2
4315 3
4316 1
4317 3
4318 1
4319 1
4320 1
4321 0
4322 2
4323 0
4324 3
4325 2
4326 0
4327 2
4328 3
4329 2
4330 1
4331 1
4332 6
4333 5
4334 6
4335 5
4336 4
4337 4
4338 4
4339 4
4340 2
4341 0
4342 4
4343 1
4344 2
4345 3
4346 3
4347 2
4348 2
4349 4
4350 5
4351 5
4352 4
4353 5
4354 3
4355 0
4356 0
4357 4
4358 4
4359 2
4360 2
4361 4
4362 3
4363 1
4364 2
4365 3
4366 1
4367 2
4368 5
4369 4
4370 5
4371 6
4372 6
4373 3
4374 0
4375 2
4376 1
4377 6
4378 6
4379 6
4380 4
4381 1
4382 3
4383 2
4384 1
4385 4
4386 2
4387 4
4388 4
4389 3
4390 3
4391 1
4392 3
4393 1
4394 1
4395 1
4396 3
4397 2
4398 2
4399 1
4400 1
4401 2
4402 1
4403 3
4404 4
4405 2
4406 3
4407 0
4408 2
4409 4
4410 2
4411 0
4412 0
4413 1
4414 2
4415 1
4416 3
4417 2
4418 2
4419 1
4420 1
4421 0
4422 0
4423 2
4424 3
4425 3
4426 5
4427 6
4428 6
4429 6
4430 4
4431 1
4432 1
4433 1
4434 3
4435 2
4436 2
4437 2
4438 3
4439 2
4440 1
4441 1
4442 3
4443 1
4444 1
4445 3
4446 3
4447 2
4448 2
4449 5
4450 4
4451 3
4452 1
4453 2
4454 2
4455 1
4456 3
4457 1
4458 2
4459 4
4460 2
4461 2
4462 0
4463 2
4464 2
4465 3
4466 2
4467 1
4468 2
4469 1
4470 1
4471 1
4472 2
4473 3
4474 5
4475 3
4476 4
4477 5
4478 4
4479 4
4480 2
4481 5
4482 6
4483 5
4484 7
4485 6
4486 6
4487 4
4488 3
4489 2
4490 2
4491 0
4492 1
4493 0
4494 0
4495 2
4496 2
4497 3
4498 3
4499 5
4500 2
4501 2
4502 5
4503 6
4504 5
4505 4
4506 2
4507 1
4508 2
4509 2
4510 4
4511 3
4512 3
4513 1
4514 1
4515 3
4516 2
4517 3
4518 0
4519 3
4520 4
4521 4
4522 1
4523 1
4524 2
4525 0
4526 3
4527 2
4528 1
4529 3
4530 1
4531 0
4532 4
4533 2
4534 2
4535 2
4536 4
4537 3
4538 3
4539 3
4540 1
4541 3
4542 3
4543 2
4544 1
4545 2
4546 4
4547 4
4548 2
4549 1
4550 1
4551 1
4552 3
4553 4
4554 2
4555 0
4556 1
4557 3
4558 1
4559 2
4560 1
4561 3
4562 4
4563 3
4564 1
4565 2
4566 3
4567 0
4568 2
4569 3
4570 2
4571 2
4572 0
4573 3
4574 3
4575 2
4576 2
4577 2
4578 0
4579 4
4580 3
4581 1
4582 0
4583 3
4584 4
4585 2
4586 4
4587 4
4588 4
4589 3
4590 1
4591 4
4592 3
4593 0
4594 3
4595 1
4596 3
4597 3
4598 2
4599 2
4600 0
4601 7
4602 6
4603 5
4604 3
4605 2
4606 2
4607 2
4608 0
4609 2
4610 1
4611 5
4612 3
4613 3
4614 3
4615 1
4616 4
4617 4
4618 3
4619 1
4620 3
4621 2
4622 2
4623 2
4624 2
4625 2
4626 2
4627 1
4628 0
4629 2
4630 3
4631 2
4632 2
4633 2
4634 3
4635 2
4636 2
4637 2
4638 1
4639 1
4640 4
4641 2
4642 2
4643 1
4644 0
4645 3
4646 4
4647 3
4648 0
4649 4
4650 2
4651 1
4652 3
4653 2
4654 2
4655 2
4656 4
4657 2
4658 1
4659 4
4660 2
4661 1
4662 1
4663 3
4664 1
4665 3
4666 3
4667 6
4668 3
4669 2
4670 4
4671 5
4672 4
4673 2
4674 3
4675 3
4676 4
4677 4
4678 3
4679 3
4680 4
4681 5
4682 4
4683 2
4684 2
4685 3
4686 4
4687 1
4688 1
4689 1
4690 3
4691 3
4692 1
4693 0
4694 2
4695 1
4696 0
4697 3
4698 4
4699 3
4700 1
4701 4
4702 4
4703 2
4704 0
4705 1
4706 2
4707 3
4708 1
4709 1
4710 3
4711 3
4712 4
4713 3
4714 2
4715 2
4716 1
4717 4
4718 3
4719 2
4720 2
4721 2
4722 3
4723 1
4724 2
4725 2
4726 3
4727 2
4728 2
4729 0
4730 5
4731 4
4732 3
4733 0
4734 4
4735 3
4736 2
4737 2
4738 3
4739 0
4740 2
4741 3
4742 3
4743 1
4744 0
4745 4
4746 2
4747 4
4748 2
4749 1
4750 0
4751 2
4752 2
4753 6
4754 5
4755 6
4756 4
4757 5
4758 4
4759 3
4760 2
4761 1
4762 2
4763 0
4764 0
4765 1
4766 1
4767 1
4768 4
4769 4
4770 2
4771 3
4772 2
4773 3
4774 1
4775 2
4776 2
4777 2
4778 1
4779 2
4780 2
4781 2
4782 1
4783 3
4784 1
4785 1
4786 2
4787 1
4788 2
4789 0
4790 2
4791 3
4792 1
4793 3
4794 3
4795 1
4796 2
4797 3
4798 1
4799 1
4800 1
4801 2
4802 3
4803 0
4804 2
4805 4
4806 4
4807 2
4808 2
4809 2
4810 2
4811 2
4812 1
4813 3
4814 1
4815 3
4816 2
4817 2
4818 4
4819 3
4820 2
4821 3
4822 6
4823 5
4824 4
4825 5
4826 5
4827 4
4828 2
4829 3
4830 2
4831 1
4832 0
4833 2
4834 3
4835 5
4836 6
4837 5
4838 7
4839 5
4840 3
4841 3
4842 4
4843 2
4844 0
4845 1
4846 1
4847 2
4848 2
4849 1
4850 3
4851 2
4852 1
4853 1
4854 4
4855 2
4856 1
4857 2
4858 0
4859 2
4860 3
4861 2
4862 2
4863 0
4864 0
4865 1
4866 3
4867 4
4868 4
4869 4
4870 3
4871 0
4872 2
4873 3
4874 3
4875 2
4876 2
4877 0
4878 3
4879 3
4880 1
4881 0
4882 2
4883 3
4884 2
4885 3
4886 2
4887 1
4888 1
4889 1
4890 3
4891 2
4892 2
4893 1
4894 2
4895 3
4896 2
4897 1
4898 3
4899 0
4900 2
4901 2
4902 1
4903 2
4904 2
4905 2
4906 5
4907 2
4908 1
4909 3
4910 2
4911 0
4912 1
4913 1
4914 0
4915 2
4916 2
4917 1
4918 4
4919 3
4920 2
4921 2
4922 4
4923 3
4924 0
4925 2
4926 1
4927 5
4928 2
4929 4
4930 6
4931 5
4932 5
4933 4
4934 1
4935 3
4936 0
4937 1
4938 2
4939 1
4940 2
4941 1
4942 4
4943 2
4944 2
4945 0
4946 4
4947 2
4948 1
4949 2
4950 4
4951 3
4952 3
4953 1
4954 1
4955 3
4956 3
4957 1
4958 3
4959 5
4960 2
4961 2
4962 7
4963 7
4964 8
4965 6
4966 4
4967 1
4968 0
4969 0
4970 3
4971 1
4972 4
4973 3
4974 2
4975 2
4976 1
4977 0
4978 1
4979 3
4980 2
4981 1
4982 3
4983 5
4984 3
4985 1
4986 2
4987 4
4988 3
4989 1
4990 3
4991 2
4992 5
4993 6
4994 5
4995 2
4996 2
4997 3
4998 2
4999 1
5000 1
5001 4
5002 2
5003 4
5004 4
5005 2
5006 3
5007 3
5008 2
5009 3
5010 1
5011 1
5012 2
5013 1
5014 0
5015 1
5016 1
5017 2
5018 3
5019 1
5020 2
5021 3
5022 2
5023 2
5024 8
5025 6
5026 4
5027 2
5028 1
5029 3
5030 1
5031 0
5032 1
5033 1
5034 2
5035 1
5036 3
5037 2
5038 6
5039 4
5040 3
5041 1
5042 3
5043 2
5044 4
5045 2
5046 0
5047 3
5048 2
5049 1
5050 2
5051 4
5052 4
5053 2
5054 1
5055 3
5056 1
5057 1
5058 1
5059 3
5060 1
5061 1
5062 1
5063 2
5064 2
5065 4
5066 4
5067 2
5068 2
5069 0
5070 0
5071 1
5072 2
5073 1
5074 2
5075 2
5076 2
5077 3
5078 1
5079 1
5080 3
5081 2
5082 1
5083 1
5084 2
5085 1
5086 1
5087 4
5088 3
5089 1
5090 4
5091 3
5092 1
5093 1
5094 3
5095 1
5096 2
5097 2
5098 1
5099 0
5100 1
5101 2
5102 4
5103 5
5104 3
5105 3
5106 1
5107 1
5108 3
5109 1
5110 1
5111 3
5112 0
5113 2
5114 4
5115 3
5116 3
5117 2
5118 3
5119 2
5120 2
5121 0
5122 2
5123 2
5124 1
5125 2
5126 1
5127 1
5128 4
5129 6
5130 6
5131 6
5132 4
5133 3
5134 4
5135 2
5136 3
5137 0
5138 2
5139 0
5140 1
5141 0
5142 1
5143 1
5144 1
5145 3
5146 3
5147 0
5148 3
5149 2
5150 2
5151 2
5152 3
5153 2
5154 2
5155 3
5156 0
5157 2
5158 0
5159 2
5160 0
5161 2
5162 3
5163 2
5164 1
5165 0
5166 2
5167 1
5168 1
5169 3
5170 2
5171 2
5172 2
5173 1
5174 2
5175 0
5176 0
5177 3
5178 2
5179 2
5180 2
5181 1
5182 0
5183 1
5184 0
5185 2
5186 0
5187 0
5188 2
5189 2
5190 3
5191 2
5192 1
5193 2
5194 6
5195 6
5196 5
5197 3
5198 2
5199 3
5200 3
5201 2
5202 0
5203 1
5204 6
5205 7
5206 7
5207 7
5208 5
5209 4
5210 3
5211 3
5212 2
5213 2
5214 1
5215 1
5216 1
5217 2
5218 3
5219 1
5220 3
5221 4
5222 2
5223 1
5224 2
5225 2
5226 1
5227 2
5228 1
5229 1
5230 1
5231 0
5232 5
5233 6
5234 6
5235 4
5236 4
5237 2
5238 0
5239 6
5240 5
5241 2
5242 2
5243 3
5244 2
5245 2
5246 4
5247 2
5248 1
5249 3
5250 2
5251 0
5252 2
5253 4
5254 3
5255 4
5256 4
5257 2
5258 1
5259 4
5260 4
5261 1
5262 3
5263 1
5264 4
5265 4
5266 4
5267 2
5268 0
5269 4
5270 2
5271 2
5272 2
5273 0
5274 2
5275 1
5276 5
5277 3
5278 2
5279 2
5280 1
5281 3
5282 1
5283 3
5284 1
5285 2
5286 4
5287 2
5288 0
5289 1
5290 2
5291 3
5292 0
5293 3
5294 2
5295 5
5296 3
5297 1
5298 3
5299 3
5300 4
5301 4
5302 2
5303 1
5304 1
5305 1
5306 1
5307 1
5308 2
5309 2
5310 3
5311 1
5312 1
5313 2
5314 2
5315 4
5316 3
5317 4
5318 2
5319 0
5320 4
5321 2
5322 1
5323 3
5324 1
5325 1
5326 2
5327 4
5328 6
5329 4
5330 3
5331 0
5332 1
5333 4
5334 2
5335 2
5336 1
5337 3
5338 0
5339 1
5340 5
5341 5
5342 3
5343 2
5344 1
5345 0
5346 2
5347 4
5348 2
5349 0
5350 2
5351 2
5352 1
5353 0
5354 2
5355 1
5356 3
5357 5
5358 4
5359 3
5360 2
5361 2
5362 3
5363 3
5364 1
5365 1
5366 3
5367 5
5368 4
5369 3
5370 2
5371 1
5372 0
5373 1
5374 0
5375 4
5376 4
5377 5
5378 5
5379 4
5380 2
5381 0
5382 1
5383 2
5384 1
5385 3
5386 0
5387 3
5388 2
5389 3
5390 3
5391 2
5392 2
5393 2
5394 2
5395 1
5396 1
5397 5
5398 4
5399 3
5400 3
5401 3
5402 1
5403 3
5404 0
5405 3
5406 2
5407 1
5408 0
5409 2
5410 2
5411 4
5412 1
5413 1
5414 3
5415 0
5416 1
5417 2
5418 0
5419 1
5420 3
5421 3
5422 2
5423 0
5424 3
5425 1
5426 2
5427 1
5428 2
5429 3
5430 1
5431 5
5432 5
5433 2
5434 2
5435 2
5436 1
5437 1
5438 4
5439 2
5440 1
5441 4
5442 3
5443 1
5444 2
5445 3
5446 1
5447 4
5448 2
5449 2
5450 1
5451 2
5452 2
5453 4
5454 3
5455 0
5456 1
5457 3
5458 0
5459 3
5460 3
5461 3
5462 0
5463 2
5464 2
5465 1
5466 1
5467 1
5468 1
5469 2
5470 1
5471 1
5472 0
5473 3
5474 2
5475 3
5476 1
5477 3
5478 2
5479 1
5480 2
5481 2
5482 5
5483 4
5484 2
5485 1
5486 0
5487 1
5488 5
5489 3
5490 1
5491 2
5492 4
5493 4
5494 4
5495 6
5496 6
5497 3
5498 2
5499 5
5500 3
5501 1
5502 3
5503 1
5504 1
5505 2
5506 3
5507 3
5508 2
5509 3
5510 3
5511 3
5512 4
5513 2
5514 1
5515 4
5516 3
5517 2
5518 0
5519 2
5520 4
5521 1
5522 2
5523 3
5524 1
5525 3
5526 5
5527 5
5528 6
5529 6
5530 4
5531 3
5532 2
5533 2
5534 2
5535 2
5536 2
5537 3
5538 0
5539 0
5540 1
5541 1
5542 1
5543 0
5544 2
5545 2
5546 4
5547 3
5548 5
5549 3
5550 3
5551 5
5552 3
5553 1
5554 2
5555 1
5556 3
5557 3
5558 0
5559 1
5560 1
5561 3
5562 0
5563 0
5564 1
5565 1
5566 3
5567 0
5568 2
5569 2
5570 2
5571 2
5572 2
5573 3
5574 5
5575 5
5576 5
5577 4
5578 2
5579 5
5580 2
5581 2
5582 1
5583 5
5584 5
5585 2
5586 0
5587 4
5588 3
5589 1
5590 2
5591 1
5592 3
5593 2
5594 0
5595 2
5596 2
5597 2
5598 0
5599 3
5600 3
5601 2
5602 1
5603 2
5604 0
5605 4
5606 3
5607 2
5608 2
5609 6
5610 5
5611 4
5612 5
5613 6
5614 3
5615 2
5616 3
5617 3
5618 4
5619 4
5620 4
5621 1
5622 2
5623 2
5624 5
5625 3
5626 5
5627 3
5628 4
5629 4
5630 2
5631 2
5632 3
5633 1
5634 1
5635 2
5636 1
5637 2
5638 4
5639 4
5640 5
5641 4
5642 3
5643 3
5644 3
5645 2
5646 4
5647 2
5648 2
5649 4
5650 4
5651 3
5652 3
5653 4
5654 1
5655 1
5656 6
5657 5
5658 4
5659 5
5660 5
5661 2
5662 3
5663 1
5664 6
5665 6
5666 5
5667 4
5668 2
5669 0
5670 4
5671 2
5672 0
5673 2
5674 1
5675 1
5676 4
5677 2
5678 2
5679 0
5680 0
5681 2
5682 3
5683 4
5684 3
5685 2
5686 4
5687 2
5688 2
5689 1
5690 4
5691 4
5692 5
5693 3
5694 2
5695 1
5696 4
5697 3
5698 2
5699 2
5700 0
5701 4
5702 4
5703 4
5704 6
5705 5
5706 4
5707 6
5708 7
5709 6
5710 6
5711 6
5712 5
5713 3
5714 1
5715 2
5716 1
5717 3
5718 1
5719 2
5720 4
5721 4
5722 2
5723 1
5724 1
5725 4
5726 2
5727 3
5728 2
5729 1
5730 2
5731 1
5732 1
5733 2
5734 1
5735 1
5736 1
5737 1
5738 3
5739 1
5740 1
5741 3
5742 3
5743 2
5744 0
5745 1
5746 2
5747 3
5748 1
5749 2
5750 4
5751 4
5752 2
5753 2
5754 1
5755 1
5756 1
5757 1
5758 1
5759 3
5760 1
5761 0
5762 4
5763 3
5764 2
5765 1
5766 1
5767 1
5768 2
5769 2
5770 1
5771 3
5772 3
5773 1
5774 1
5775 2
5776 3
5777 4
5778 1
5779 3
5780 2
5781 1
5782 4
5783 2
5784 1
5785 0
5786 2
5787 2
5788 1
5789 3
5790 1
5791 1
5792 2
5793 2
5794 1
5795 1
5796 1
5797 2
5798 0
5799 2
5800 1
5801 1
5802 3
5803 1
5804 2
5805 3
5806 2
5807 2
5808 3
5809 2
5810 0
5811 1
5812 3
5813 4
5814 4
5815 3
5816 0
5817 3
5818 1
5819 2
5820 2
5821 2
5822 1
5823 2
5824 2
5825 4
5826 2
5827 1
5828 2
5829 2
5830 1
5831 1
5832 2
5833 1
5834 3
5835 3
5836 2
5837 2
5838 0
5839 2
5840 4
5841 3
5842 2
5843 0
5844 2
5845 1
5846 1
5847 4
5848 3
5849 3
5850 4
5851 3
5852 3
5853 0
5854 0
5855 1
5856 2
5857 1
5858 0
5859 3
5860 4
5861 2
5862 1
5863 1
5864 2
5865 4
5866 2
5867 0
5868 4
5869 4
5870 5
5871 2
5872 3
5873 5
5874 4
5875 2
5876 3
5877 2
5878 2
5879 2
5880 2
5881 1
5882 3
5883 1
5884 2
5885 2
5886 2
5887 2
5888 4
5889 3
5890 1
5891 0
5892 4
5893 3
5894 2
5895 0
5896 1
5897 2
5898 4
5899 6
5900 6
5901 4
5902 2
5903 1
5904 2
5905 1
5906 2
5907 1
5908 2
5909 1
5910 1
5911 2
5912 4
5913 5
5914 3
5915 2
5916 3
5917 0
5918 1
5919 4
5920 1
5921 0
5922 2
5923 2
5924 1
5925 1
5926 2
5927 3
5928 3
5929 3
5930 2
5931 2
5932 1
5933 3
5934 5
5935 3
5936 0
5937 1
5938 1
5939 2
5940 2
5941 1
5942 4
5943 3
5944 0
5945 2
5946 3
5947 2
5948 1
5949 1
5950 1
5951 0
5952 5
5953 2
5954 1
5955 1
5956 3
5957 2
5958 2
5959 1
5960 4
5961 3
5962 1
5963 1
5964 2
5965 3
5966 2
5967 1
5968 3
5969 0
5970 0
5971 2
5972 1
5973 2
5974 2
5975 1
5976 2
5977 1
5978 2
5979 3
5980 2
5981 1
5982 1
5983 3
5984 1
5985 1
5986 2
5987 2
5988 1
5989 2
5990 3
5991 1
5992 1
5993 1
5994 1
5995 2
5996 3
5997 2
5998 1
5999 3
6000 1
6001 1
6002 2
6003 5
6004 5
6005 4
6006 6
6007 3
6008 5
6009 4
6010 3
6011 3
6012 3
6013 0
6014 2
6015 1
6016 1
6017 1
6018 0
6019 1
6020 3
6021 3
6022 3
6023 1
6024 2
6025 0
6026 1
6027 1
6028 1
6029 2
6030 2
6031 3
6032 0
6033 0
6034 3
6035 3
6036 1
6037 0
6038 1
6039 2
6040 0
6041 2
6042 3
6043 1
6044 4
6045 4
6046 3
6047 3
6048 3
6049 1
6050 1
6051 2
6052 3
6053 1
6054 0
6055 2
6056 4
6057 1
6058 2
6059 2
6060 2
6061 3
6062 2
6063 4
6064 4
6065 2
6066 2
6067 1
6068 2
6069 1
6070 3
6071 2
6072 1
6073 2
6074 0
6075 3
6076 3
6077 1
6078 1
6079 3
6080 2
6081 2
6082 5
6083 3
6084 0
6085 0
6086 1
6087 1
6088 3
6089 2
6090 2
6091 2
6092 1
6093 2
6094 0
6095 1
6096 0
6097 2
6098 3
6099 3
6100 1
6101 2
6102 3
6103 1
6104 2
6105 3
6106 1
6107 2
6108 0
6109 1
6110 3
6111 2
6112 1
6113 5
6114 5
6115 5
6116 5
6117 2
6118 3
6119 2
6120 0
6121 2
6122 0
6123 2
6124 3
6125 3
6126 3
6127 3
6128 2
6129 1
6130 1
6131 1
6132 3
6133 4
6134 3
6135 1
6136 1
6137 2
6138 0
6139 2
6140 1
6141 0
6142 1
6143 4
6144 4
6145 3
6146 1
6147 5
6148 2
6149 2
6150 1
6151 1
6152 0
6153 3
6154 3
6155 1
6156 2
6157 2
6158 4
6159 2
6160 3
6161 4
6162 3
6163 1
6164 2
6165 3
6166 1
6167 1
6168 5
6169 6
6170 5
6171 3
6172 0
6173 3
6174 2
6175 0
6176 1
6177 2
6178 2
6179 0
6180 2
6181 3
6182 3
6183 3
6184 2
6185 1
6186 2
6187 4
6188 5
6189 2
6190 4
6191 4
6192 3
6193 3
6194 2
6195 5
6196 4
6197 3
6198 3
6199 2
6200 3
6201 3
6202 0
6203 0
6204 1
6205 2
6206 3
6207 1
6208 5
6209 3
6210 2
6211 1
6212 3
6213 2
6214 4
6215 2
6216 1
6217 4
6218 2
6219 2
6220 0
6221 1
6222 2
6223 2
6224 0
6225 1
6226 0
6227 4
6228 4
6229 3
6230 4
6231 1
6232 1
6233 2
6234 1
6235 3
6236 2
6237 4
6238 6
6239 5
6240 3
6241 1
6242 0
6243 1
6244 1
6245 2
6246 2
6247 1
6248 2
6249 1
6250 3
6251 1
6252 2
6253 1
6254 2
6255 2
6256 1
6257 0
6258 1
6259 0
6260 2
6261 1
6262 2
6263 4
6264 4
6265 2
6266 0
6267 1
6268 2
6269 2
6270 1
6271 2
6272 1
6273 2
6274 2
6275 1
6276 2
6277 4
6278 3
6279 2
6280 3
6281 2
6282 1
6283 1
6284 1
6285 4
6286 2
6287 4
6288 3
6289 3
6290 2
6291 1
6292 4
6293 3
6294 3
6295 1
6296 3
6297 1
6298 1
6299 4
6300 3
6301 4
6302 5
6303 3
6304 3
6305 4
6306 4
6307 2
6308 2
6309 4
6310 2
6311 5
6312 3
6313 4
6314 5
6315 3
6316 2
6317 1
6318 1
6319 0
6320 4
6321 3
6322 2
6323 1
6324 2
6325 4
6326 1
6327 0
6328 2
6329 3
6330 4
6331 4
6332 2
6333 0
6334 3
6335 3
6336 3
6337 2
6338 3
6339 3
6340 1
6341 4
6342 2
6343 2
6344 1
6345 2
6346 2
6347 4
6348 2
6349 1
6350 0
6351 1
6352 1
6353 3
6354 0
6355 2
6356 4
6357 3
6358 3
6359 2
6360 2
6361 2
6362 1
6363 4
6364 2
6365 1
6366 2
6367 3
6368 6
6369 6
6370 8
6371 9
6372 8
6373 7
6374 9
6375 7
6376 7
6377 8
6378 8
6379 8
6380 6
6381 6
6382 4
6383 2
6384 1
6385 1
6386 3
6387 0
6388 4
6389 1
6390 1
6391 3
6392 1
6393 2
6394 2
6395 2
6396 2
6397 1
6398 1
6399 1
6400 2
6401 1
6402 3
6403 3
6404 2
6405 4
6406 4
6407 2
6408 0
6409 0
6410 3
6411 0
6412 3
6413 1
6414 3
6415 1
6416 4
6417 1
6418 2
6419 2
6420 3
6421 0
6422 2
6423 5
6424 6
6425 6
6426 5
6427 3
6428 3
6429 2
6430 3
6431 3
6432 2
6433 2
6434 2
6435 4
6436 2
6437 0
6438 2
6439 2
6440 0
6441 2
6442 1
6443 0
6444 3
6445 3
6446 1
6447 5
6448 3
6449 2
6450 2
6451 3
6452 2
6453 4
6454 3
6455 3
6456 5
6457 3
6458 1
6459 3
6460 3
6461 2
6462 3
6463 3
6464 1
6465 3
6466 0
6467 5
6468 4
6469 2
6470 6
6471 4
6472 3
6473 3
6474 2
6475 5
6476 7
6477 7
6478 8
6479 7
6480 7
6481 6
6482 6
6483 6
6484 6
6485 6
6486 5
6487 5
6488 4
6489 3
6490 3
6491 2
6492 0
6493 1
6494 0
6495 0
6496 3
6497 2
6498 3
6499 1
6500 2
6501 2
6502 0
6503 3
6504 2
6505 3
6506 2
6507 2
6508 1
6509 0
6510 0
6511 2
6512 2
6513 0
6514 2
6515 1
6516 2
6517 1
6518 2
6519 0
6520 2
6521 3
6522 4
6523 2
6524 5
6525 6
6526 7
6527 5
6528 6
6529 5
6530 3
6531 2
6532 0
6533 0
6534 1
6535 2
6536 4
6537 4
6538 2
6539 2
6540 1
6541 1
6542 1
6543 3
6544 0
6545 1
6546 2
6547 3
6548 2
6549 4
6550 3
6551 1
6552 0
6553 2
6554 2
6555 4
6556 2
6557 3
6558 3
6559 4
6560 2
6561 2
6562 0
6563 2
6564 3
6565 2
6566 3
6567 0
6568 5
6569 5
6570 5
6571 4
6572 2
6573 3
6574 3
6575 3
6576 0
6577 1
6578 3
6579 1
6580 1
6581 0
6582 2
6583 5
6584 3
6585 1
6586 1
6587 3
6588 2
6589 3
6590 1
6591 4
6592 7
6593 7
6594 8
6595 9
6596 7
6597 5
6598 2
6599 0
6600 1
6601 1
6602 2
6603 0
6604 1
6605 3
6606 1
6607 2
6608 1
6609 3
6610 4
6611 3
6612 0
6613 4
6614 3
6615 1
6616 3
6617 2
6618 0
6619 2
6620 1
6621 2
6622 1
6623 3
6624 0
6625 1
6626 0
6627 6
6628 3
6629 0
6630 4
6631 4
6632 3
6633 0
6634 2
6635 2
6636 2
6637 3
6638 1
6639 2
6640 1
6641 2
6642 3
6643 1
6644 5
6645 6
6646 4
6647 3
6648 2
6649 1
6650 2
6651 3
6652 1
6653 2
6654 1
6655 6
6656 3
6657 1
6658 2
6659 2
6660 1
6661 2
6662 4
6663 4
6664 3
6665 2
6666 2
6667 2
6668 2
6669 2
6670 1
6671 3
6672 3
6673 2
6674 2
6675 2
6676 1
6677 2
6678 4
6679 3
6680 0
6681 3
6682 2
6683 3
6684 4
6685 4
6686 3
6687 5
6688 6
6689 5
6690 5
6691 4
6692 3
6693 1
6694 2
6695 3
6696 2
6697 1
6698 0
6699 4
6700 2
6701 0
6702 0
6703 3
6704 4
6705 1
6706 0
6707 0
6708 2
6709 1
6710 4
6711 3
6712 1
6713 3
6714 1
6715 2
6716 1
6717 2
6718 1
6719 4
6720 4
6721 1
6722 1
6723 1
6724 2
6725 1
6726 1
6727 3
6728 1
6729 3
6730 2
6731 0
6732 2
6733 0
6734 0
6735 1
6736 2
6737 1
6738 4
6739 5
6740 2
6741 4
6742 4
6743 6
6744 6
6745 5
6746 5
6747 5
6748 4
6749 3
6750 2
6751 0
6752 1
6753 2
6754 1
6755 0
6756 1
6757 1
6758 1
6759 1
6760 0
6761 2
6762 2
6763 1
6764 2
6765 2
6766 1
6767 2
6768 0
6769 2
6770 2
6771 2
6772 2
6773 3
6774 1
6775 4
6776 6
6777 6
6778 5
6779 2
6780 3
6781 0
6782 3
6783 0
6784 0
6785 3
6786 3
6787 0
6788 1
6789 3
6790 1
6791 3
6792 1
6793 4
6794 2
6795 3
6796 3
6797 3
6798 1
6799 2
6800 1
6801 2
6802 0
6803 3
6804 1
6805 1
6806 2
6807 1
6808 2
6809 3
6810 3
6811 1
6812 1
6813 4
6814 3
6815 1
6816 5
6817 5
6818 2
6819 2
6820 1
6821 1
6822 5
6823 5
6824 3
6825 2
6826 2
6827 3
6828 3
6829 4
6830 2
6831 1
6832 1
6833 2
6834 5
6835 5
6836 3
6837 1
6838 1
6839 2
6840 2
6841 3
6842 2
6843 3
6844 1
6845 5
6846 7
6847 5
6848 5
6849 4
6850 2
6851 5
6852 5
6853 4
6854 2
6855 1
6856 1
6857 2
6858 3
6859 2
6860 3
6861 3
6862 2
6863 2
6864 2
6865 1
6866 1
6867 1
6868 0
6869 2
6870 4
6871 3
6872 2
6873 1
6874 2
6875 2
6876 2
6877 2
6878 2
6879 0
6880 0
6881 2
6882 1
6883 3
6884 1
6885 2
6886 3
6887 1
6888 4
6889 2
6890 2
6891 2
6892 5
6893 4
6894 3
6895 1
6896 1
6897 4
6898 5
6899 4
6900 2
6901 3
6902 2
6903 1
6904 1
6905 0
6906 1
6907 1
6908 0
6909 3
6910 1
6911 2
6912 1
6913 4
6914 3
6915 2
6916 3
6917 2
6918 5
6919 4
6920 2
6921 1
6922 3
6923 4
6924 3
6925 3
6926 2
6927 1
6928 1
6929 1
6930 2
6931 3
6932 2
6933 1
6934 2
6935 2
6936 5
6937 6
6938 6
6939 3
6940 3
6941 3
6942 1
6943 5
6944 6
6945 5
6946 3
6947 0
6948 1
6949 2
6950 3
6951 4
6952 4
6953 3
6954 2
6955 2
6956 5
6957 5
6958 5
6959 2
6960 3
6961 1
6962 3
6963 4
6964 3
6965 2
6966 4
6967 1
6968 3
6969 0
6970 2
6971 1
6972 1
6973 2
6974 1
6975 2
6976 2
6977 6
6978 3
6979 2
6980 1
6981 2
6982 2
6983 2
6984 1
6985 2
6986 0
6987 3
6988 2
6989 3
6990 3
6991 2
6992 1
6993 2
6994 1
6995 1
6996 1
6997 0
6998 3
6999 3
7000 4
7001 2
7002 2
7003 1
7004 2
7005 1
7006 1
7007 1
7008 3
7009 3
7010 0
7011 2
7012 1
7013 3
7014 0
7015 2
7016 3
7017 2
7018 1
7019 1
7020 2
7021 3
7022 1
7023 1
7024 2
7025 3
7026 5
7027 3
7028 2
7029 0
7030 0
7031 4
7032 5
7033 3
7034 5
7035 5
7036 3
7037 4
7038 2
7039 0
7040 2
7041 4
7042 4
7043 3
7044 3
7045 1
7046 1
7047 3
7048 5
7049 4
7050 2
7051 6
7052 3
7053 2
7054 0
7055 1
7056 2
7057 2
7058 1
7059 1
7060 1
7061 2
7062 0
7063 3
7064 3
7065 0
7066 4
7067 5
7068 6
7069 4
7070 4
7071 5
7072 6
7073 4
7074 1
7075 2
7076 1
7077 3
7078 2
7079 1
7080 2
7081 2
7082 2
7083 1
7084 1
7085 4
7086 2
7087 1
7088 0
7089 2
7090 2
7091 1
7092 3
7093 0
7094 2
7095 3
7096 2
7097 1
7098 2
7099 0
7100 5
7101 5
7102 4
7103 1
7104 5
7105 3
7106 1
7107 2
7108 3
7109 3
7110 2
7111 2
7112 2
7113 0
7114 3
7115 2
7116 1
7117 5
7118 3
7119 2
7120 3
7121 4
7122 2
7123 3
7124 4
7125 3
7126 4
7127 8
7128 7
7129 6
7130 6
7131 4
7132 6
7133 6
7134 5
7135 3
7136 0
7137 2
7138 2
7139 2
7140 3
7141 1
7142 2
7143 1
7144 2
7145 1
7146 1
7147 3
7148 0
7149 1
7150 1
7151 2
7152 2
7153 0
7154 2
7155 1
7156 2
7157 3
7158 3
7159 1
7160 0
7161 4
7162 2
7163 1
7164 4
7165 2
7166 2
7167 4
7168 2
7169 2
7170 3
7171 1
7172 3
7173 1
7174 4
7175 3
7176 4
7177 3
7178 0
7179 2
7180 1
7181 2
7182 3
7183 1
7184 1
7185 0
7186 3
7187 3
7188 3
7189 1
7190 4
7191 4
7192 3
7193 1
7194 2
7195 3
7196 2
7197 1
7198 2
7199 2
7200 2
7201 0
7202 2
7203 2
7204 4
7205 4
7206 5
7207 4
7208 2
7209 1
7210 0
7211 3
7212 2
7213 2
7214 1
7215 2
7216 3
7217 2
7218 3
7219 2
7220 2
7221 3
7222 1
7223 0
7224 3
7225 4
7226 5
7227 5
7228 3
7229 1
7230 3
7231 2
7232 2
7233 2
7234 3
7235 1
7236 4
7237 4
7238 5
7239 3
7240 3
7241 1
7242 2
7243 3
7244 2
7245 1
7246 1
7247 0
7248 2
7249 2
7250 1
7251 2
7252 2
7253 1
7254 2
7255 3
7256 1
7257 1
7258 4
7259 1
7260 1
7261 1
7262 1
7263 3
7264 1
7265 1
7266 6
7267 7
7268 6
7269 5
7270 4
7271 4
7272 2
7273 0
7274 3
7275 3
7276 2
7277 2
7278 1
7279 3
7280 1
7281 3
7282 3
7283 4
7284 2
7285 3
7286 3
7287 0
7288 2
7289 3
7290 2
7291 2
7292 1
7293 2
7294 1
7295 3
7296 0
7297 1
7298 4
7299 1
7300 3
7301 1
7302 3
7303 2
7304 2
7305 0
7306 1
7307 3
7308 1
7309 1
7310 2
7311 2
7312 3
7313 2
7314 2
7315 2
7316 0
7317 2
7318 3
7319 2
7320 1
7321 3
7322 0
7323 2
7324 3
7325 3
7326 2
7327 2
7328 4
7329 4
7330 3
7331 2
7332 4
7333 3
7334 2
7335 3
7336 1
7337 1
7338 0
7339 1
7340 2
7341 3
7342 2
7343 1
7344 3
7345 0
7346 2
7347 3
7348 4
7349 2
7350 4
7351 3
7352 2
7353 3
7354 3
7355 3
7356 2
7357 3
7358 4
7359 5
7360 2
7361 1
7362 2
7363 2
7364 1
7365 6
7366 4
7367 3
7368 2
7369 2
7370 2
7371 0
7372 2
7373 2
7374 3
7375 2
7376 1
7377 1
7378 1
7379 0
7380 0
7381 3
7382 1
7383 0
7384 1
7385 3
7386 1
7387 1
7388 2
7389 2
7390 0
7391 2
7392 2
7393 2
7394 2
7395 3
7396 2
7397 3
7398 1
7399 2
7400 2
7401 2
7402 3
7403 4
7404 4
7405 3
7406 1
7407 4
7408 2
7409 3
7410 2
7411 2
7412 4
7413 5
7414 4
7415 3
7416 2
7417 3
7418 1
7419 2
7420 2
7421 3
7422 1
7423 2
7424 1
7425 1
7426 4
7427 2
7428 1
7429 2
7430 3
7431 0
7432 1
7433 1
7434 4
7435 2
7436 3
7437 2
7438 2
7439 1
7440 2
7441 2
7442 0
7443 2
7444 1
7445 3
7446 2
7447 0
7448 1
7449 1
7450 1
7451 4
7452 3
7453 0
7454 1
7455 2
7456 2
7457 3
7458 0
7459 1
7460 3
7461 2
7462 2
7463 3
7464 2
7465 5
7466 4
7467 3
7468 1
7469 3
7470 1
7471 1
7472 2
7473 0
7474 3
7475 3
7476 1
7477 0
7478 4
7479 3
7480 1
7481 1
7482 3
7483 0
7484 3
7485 4
7486 2
7487 2
7488 4
7489 3
7490 3
7491 3
7492 2
7493 2
7494 2
7495 2
7496 0
7497 2
7498 2
7499 1
7500 1
7501 2
7502 0
7503 2
7504 3
7505 1
7506 2
7507 0
7508 0
7509 3
7510 1
7511 2
7512 4
7513 6
7514 5
7515 3
7516 3
7517 3
7518 2
7519 2
7520 5
7521 5
7522 2
7523 5
7524 4
7525 5
7526 3
7527 1
7528 1
7529 4
7530 1
7531 5
7532 5
7533 6
7534 8
7535 8
7536 6
7537 6
7538 4
7539 3
7540 2
7541 2
7542 1
7543 2
7544 2
7545 2
7546 3
7547 0
7548 0
7549 3
7550 2
7551 0
7552 2
7553 2
7554 1
7555 0
7556 0
7557 3
7558 2
7559 3
7560 2
7561 2
7562 1
7563 3
7564 2
7565 2
7566 1
7567 3
7568 1
7569 3
7570 3
7571 2
7572 3
7573 2
7574 2
7575 4
7576 2
7577 1
7578 2
7579 3
7580 2
7581 1
7582 4
7583 3
7584 3
7585 0
7586 6
7587 4
7588 2
7589 4
7590 4
7591 2
7592 4
7593 2
7594 0
7595 1
7596 1
7597 1
7598 2
7599 1
7600 1
7601 3
7602 0
7603 2
7604 1
7605 1
7606 4
7607 1
7608 2
7609 2
7610 2
7611 1
7612 5
7613 4
7614 3
7615 2
7616 2
7617 3
7618 2
7619 2
7620 3
7621 6
7622 3
7623 1
7624 3
7625 0
7626 4
7627 1
7628 3
7629 2
7630 2
7631 2
7632 4
7633 3
7634 2
7635 2
7636 1
7637 5
7638 6
7639 4
7640 3
7641 0
7642 1
7643 0
7644 2
7645 0
7646 3
7647 3
7648 1
7649 4
7650 3
7651 1
7652 3
7653 3
7654 1
7655 1
7656 1
7657 1
7658 2
7659 4
7660 2
7661 0
7662 3
7663 1
7664 2
7665 3
7666 2
7667 3
7668 2
7669 2
7670 3
7671 4
7672 3
7673 5
7674 5
7675 8
7676 8
7677 8
7678 7
7679 7
7680 4
7681 2
7682 3
7683 1
7684 2
7685 3
7686 2
7687 4
7688 3
7689 2
7690 3
7691 2
7692 2
7693 3
7694 0
7695 1
7696 1
7697 4
7698 2
7699 1
7700 3
7701 1
7702 1
7703 1
7704 1
7705 2
7706 1
7707 3
7708 3
7709 0
7710 0
7711 2
7712 2
7713 3
7714 3
7715 6
7716 5
7717 5
7718 2
7719 3
7720 0
7721 1
7722 1
7723 4
7724 3
7725 3
7726 5
7727 7
7728 6
7729 6
7730 7
7731 7
7732 7
7733 6
7734 7
7735 8
7736 10
7737 8
7738 7
7739 7
7740 6
7741 7
7742 6
7743 6
7744 7
7745 6
7746 4
7747 2
7748 2
7749 1
7750 3
7751 5
7752 6
7753 5
7754 5
7755 5
7756 5
7757 3
7758 0
7759 2
7760 2
7761 4
7762 3
7763 3
7764 2
7765 2
7766 0
7767 5
7768 5
7769 5
7770 6
7771 4
7772 3
7773 2
7774 1
7775 1
7776 2
7777 0
7778 1
7779 0
7780 1
7781 0
7782 1
7783 0
7784 0
7785 4
7786 5
7787 4
7788 1
7789 3
7790 4
7791 6
7792 5
7793 4
7794 2
7795 2
7796 2
7797 4
7798 6
7799 4
7800 3
7801 4
7802 3
7803 2
7804 5
7805 5
7806 3
7807 3
7808 2
7809 0
7810 1
7811 3
7812 2
7813 0
7814 3
7815 1
7816 0
7817 4
7818 4
7819 3
7820 3
7821 2
7822 2
7823 3
7824 3
7825 1
7826 3
7827 1
7828 3
7829 4
7830 6
7831 5
7832 3
7833 3
7834 2
7835 0
7836 1
7837 3
7838 3
7839 1
7840 2
7841 1
7842 2
7843 1
7844 1
7845 1
7846 2
7847 3
7848 2
7849 1
7850 1
7851 1
7852 1
7853 1
7854 2
7855 1
7856 0
7857 1
7858 3
7859 2
7860 1
7861 1
7862 0
7863 1
7864 2
7865 3
7866 3
7867 3
7868 0
7869 1
7870 1
7871 3
7872 1
7873 2
7874 3
7875 3
7876 3
7877 1
7878 2
7879 4
7880 4
7881 2
7882 1
7883 0
7884 2
7885 3
7886 2
7887 4
7888 2
7889 1
7890 2
7891 1
7892 2
7893 1
7894 3
7895 7
7896 6
7897 6
7898 7
7899 5
7900 5
7901 4
7902 1
7903 2
7904 1
7905 1
7906 4
7907 2
7908 3
7909 2
7910 1
7911 6
7912 5
7913 6
7914 7
7915 6
7916 3
7917 5
7918 3
7919 3
7920 4
7921 3
7922 1
7923 3
7924 2
7925 0
7926 2
7927 0
7928 1
7929 2
7930 2
7931 0
7932 1
7933 3
7934 6
7935 5
7936 6
7937 5
7938 3
7939 1
7940 0
7941 1
7942 4
7943 2
7944 0
7945 4
7946 3
7947 5
7948 5
7949 3
7950 3
7951 4
7952 2
7953 3
7954 3
7955 2
7956 2
7957 0
7958 3
7959 1
7960 5
7961 3
7962 1
7963 1
7964 0
7965 5
7966 5
7967 3
7968 1
7969 2
7970 3
7971 1
7972 5
7973 3
7974 0
7975 3
7976 0
7977 2
7978 1
7979 1
7980 3
7981 1
7982 3
7983 2
7984 2
7985 2
7986 3
7987 3
7988 1
7989 2
7990 1
7991 2
7992 0
7993 2
7994 0
7995 1
7996 0
7997 1
7998 1
7999 0
8000 0
8001 2
8002 0
8003 3
8004 2
8005 2
8006 1
8007 6
8008 5
8009 3
8010 3
8011 3
8012 1
8013 6
8014 4
8015 1
8016 1
8017 1
8018 2
8019 2
8020 4
8021 3
8022 2
8023 2
8024 1
8025 1
8026 0
8027 1
8028 2
8029 1
8030 3
8031 0
8032 4
8033 2
8034 0
8035 0
8036 1
8037 2
8038 1
8039 1
8040 0
8041 1
8042 3
8043 3
8044 4
8045 4
8046 3
8047 1
8048 0
8049 0
8050 1
8051 1
8052 3
8053 1
8054 2
8055 2
8056 0
8057 1
8058 0
8059 1
8060 1
8061 3
8062 1
8063 1
8064 2
8065 4
8066 2
8067 2
8068 1
8069 3
8070 2
8071 4
8072 5
8073 4
8074 3
8075 3
8076 3
8077 5
8078 4
8079 4
8080 5
8081 3
8082 2
8083 3
8084 2
8085 2
8086 3
8087 3
8088 1
8089 0
8090 0
8091 2
8092 3
8093 3
8094 1
8095 1
8096 3
8097 1
8098 3
8099 4
8100 3
8101 2
8102 3
8103 0
8104 3
8105 1
8106 2
8107 1
8108 3
8109 2
8110 4
8111 5
8112 3
8113 3
8114 1
8115 5
8116 5
8117 3
8118 2
8119 2
8120 5
8121 5
8122 4
8123 2
8124 2
8125 2
8126 1
8127 3
8128 0
8129 1
8130 1
8131 3
8132 2
8133 1
8134 2
8135 1
8136 1
8137 1
8138 0
8139 4
8140 6
8141 5
8142 2
8143 1
8144 4
8145 2
8146 2
8147 0
8148 3
8149 1
8150 3
8151 0
8152 2
8153 5
8154 5
8155 3
8156 2
8157 3
8158 1
8159 5
8160 3
8161 1
8162 1
8163 3
8164 5
8165 5
8166 5
8167 4
8168 4
8169 2
8170 2
8171 3
8172 2
8173 2
8174 3
8175 1
8176 0
8177 2
8178 3
8179 0
8180 2
8181 2
8182 2
8183 4
8184 2
8185 1
8186 1
8187 6
8188 3
8189 2
8190 1
8191 2
8192 2
8193 2
8194 3
8195 3
8196 1
8197 2
8198 3
8199 1
8200 0
8201 0
8202 3
8203 0
8204 5
8205 3
8206 4
8207 4
8208 2
8209 1
8210 1
8211 2
8212 5
8213 4
8214 2
8215 0
8216 2
8217 1
8218 4
8219 5
8220 3
8221 2
8222 2
8223 1
8224 3
8225 2
8226 4
8227 1
8228 2
8229 1
8230 2
8231 1
8232 1
8233 2
8234 2
8235 4
8236 3
8237 0
8238 2
8239 2
8240 1
8241 3
8242 4
8243 2
8244 3
8245 3
8246 5
8247 3
8248 1
8249 3
8250 2
8251 0
8252 0
8253 3
8254 1
8255 0
8256 5
8257 3
8258 2
8259 4
8260 5
8261 3
8262 0
8263 1
8264 2
8265 5
8266 5
8267 5
8268 2
8269 2
8270 1
8271 0
8272 4
8273 5
8274 6
8275 5
8276 4
8277 2
8278 2
8279 0
8280 3
8281 2
8282 2
8283 1
8284 0
8285 3
8286 1
8287 0
8288 4
8289 1
8290 0
8291 2
8292 1
8293 2
8294 1
8295 4
8296 5
8297 4
8298 1
8299 4
8300 1
8301 3
8302 2
8303 2
8304 5
8305 3
8306 1
8307 1
8308 0
8309 0
8310 2
8311 2
8312 4
8313 3
8314 1
8315 7
8316 6
8317 4
8318 4
8319 1
8320 1
8321 3
8322 1
8323 2
8324 0
8325 2
8326 4
8327 2
8328 2
8329 2
8330 2
8331 4
8332 4
8333 1
8334 2
8335 1
8336 2
8337 2
8338 3
8339 0
8340 4
8341 3
8342 1
8343 1
8344 1
8345 1
8346 3
8347 2
8348 3
8349 3
8350 2
8351 1
8352 4
8353 2
8354 2
8355 1
8356 2
8357 3
8358 2
8359 3
8360 4
8361 3
8362 3
8363 0
8364 1
8365 2
8366 3
8367 2
8368 1
8369 3
8370 0
8371 1
8372 2
8373 4
8374 6
8375 4
8376 4
8377 2
8378 3
8379 1
8380 1
8381 2
8382 1
8383 1
8384 2
8385 2
8386 3
8387 2
8388 3
8389 2
8390 2
8391 1
8392 0
8393 1
8394 1
8395 3
8396 1
8397 1
8398 0
8399 3
8400 2
8401 2
8402 3
8403 2
8404 2
8405 3
8406 1
8407 1
8408 3
8409 2
8410 0
8411 0
8412 2
8413 3
8414 3
8415 2
8416 0
8417 1
8418 0
8419 1
8420 2
8421 2
8422 4
8423 3
8424 2
8425 3
8426 3
8427 1
8428 2
8429 2
8430 2
8431 1
8432 0
8433 4
8434 3
8435 2
8436 1
8437 2
8438 1
8439 3
8440 3
8441 2
8442 1
8443 0
8444 3
8445 1
8446 1
8447 5
8448 4
8449 4
8450 2
8451 2
8452 2
8453 3
8454 3
8455 2
8456 2
8457 1
8458 2
8459 1
8460 2
8461 2
8462 5
8463 5
8464 4
8465 4
8466 2
8467 1
8468 1
8469 2
8470 2
8471 3
8472 4
8473 3
8474 2
8475 1
8476 2
8477 2
8478 2
8479 0
8480 1
8481 1
8482 1
8483 1
8484 1
8485 2
8486 1
8487 1
8488 2
8489 4
8490 3
8491 3
8492 2
8493 0
8494 1
8495 2
8496 2
8497 3
8498 1
8499 3
8500 3
8501 1
8502 1
8503 0
8504 2
8505 2
8506 1
8507 1
8508 1
8509 2
8510 0
8511 3
8512 0
8513 2
8514 1
8515 1
8516 1
8517 3
8518 2
8519 1
8520 4
8521 3
8522 1
8523 1
8524 2
8525 2
8526 4
8527 1
8528 1
8529 1
8530 1
8531 2
8532 1
8533 3
8534 3
8535 1
8536 1
8537 2
8538 2
8539 1
8540 4
8541 2
8542 3
8543 3
8544 2
8545 1
8546 1
8547 3
8548 0
8549 1
8550 0
8551 4
8552 2
8553 2
8554 1
8555 1
8556 6
8557 4
8558 4
8559 2
8560 3
8561 2
8562 1
8563 2
8564 0
8565 2
8566 1
8567 2
8568 1
8569 1
8570 4
8571 1
8572 2
8573 4
8574 2
8575 3
8576 2
8577 1
8578 2
8579 3
8580 3
8581 0
8582 1
8583 5
8584 4
8585 5
8586 6
8587 4
8588 4
8589 3
8590 1
8591 0
8592 0
8593 1
8594 3
8595 3
8596 2
8597 2
8598 3
8599 1
8600 2
8601 2
8602 1
8603 2
8604 3
8605 3
8606 2
8607 2
8608 3
8609 5
8610 3
8611 2
8612 1
8613 3
8614 1
8615 3
8616 2
8617 1
8618 4
8619 4
8620 3
8621 1
8622 2
8623 2
8624 3
8625 3
8626 1
8627 2
8628 1
8629 2
8630 2
8631 2
8632 1
8633 2
8634 3
8635 2
8636 2
8637 4
8638 1
8639 1
8640 1
8641 1
8642 1
8643 1
8644 3
8645 4
8646 7
8647 6
8648 5
8649 5
8650 5
8651 4
8652 2
8653 4
8654 1
8655 1
8656 1
8657 4
8658 3
8659 1
8660 2
8661 1
8662 2
8663 2
8664 0
8665 1
8666 0
8667 1
8668 3
8669 1
8670 5
8671 5
8672 4
8673 3
8674 1
8675 3
8676 0
8677 1
8678 0
8679 1
8680 3
8681 3
8682 0
8683 4
8684 3
8685 1
8686 2
8687 3
8688 2
8689 6
8690 3
8691 3
8692 3
8693 2
8694 0
8695 1
8696 4
8697 3
8698 2
8699 1
8700 0
8701 3
8702 2
8703 2
8704 0
8705 4
8706 3
8707 2
8708 1
8709 2
8710 0
8711 0
8712 2
8713 2
8714 0
8715 0
8716 4
8717 4
8718 3
8719 4
8720 2
8721 3
8722 1
8723 2
8724 2
8725 5
8726 4
8727 2
8728 1
8729 1
8730 2
8731 3
8732 4
8733 1
8734 0
8735 1
8736 1
8737 2
8738 1
8739 1
8740 4
8741 5
8742 3
8743 1
8744 2
8745 2
8746 4
8747 5
8748 5
8749 3
8750 3
8751 2
8752 1
8753 3
8754 3
8755 2
8756 4
8757 2
8758 4
8759 3
8760 1
8761 0
8762 3
8763 3
8764 3
8765 2
8766 1
8767 0
8768 2
8769 1
8770 4
8771 3
8772 0
8773 3
8774 4
8775 3
8776 3
8777 1
8778 1
8779 0
8780 3
8781 0
8782 3
8783 4
8784 2
8785 2
8786 5
8787 4
8788 2
8789 1
8790 3
8791 1
8792 2
8793 4
8794 2
8795 3
8796 1
8797 0
8798 3
8799 4
8800 3
8801 2
8802 2
8803 1
8804 2
8805 1
8806 3
8807 4
8808 4
8809 2
8810 1
8811 1
8812 2
8813 4
8814 3
8815 1
8816 3
8817 1
8818 2
8819 0
8820 1
8821 2
8822 2
8823 4
8824 3
8825 3
8826 2
8827 2
8828 2
8829 2
8830 4
8831 3
8832 1
8833 4
8834 4
8835 4
8836 3
8837 6
8838 7
8839 6
8840 5
8841 6
8842 5
8843 6
8844 3
8845 3
8846 2
8847 3
8848 1
8849 3
8850 1
8851 3
8852 0
8853 5
8854 6
8855 4
8856 3
8857 0
8858 0
8859 1
8860 3
8861 5
8862 5
8863 4
8864 3
8865 2
8866 3
8867 2
8868 1
8869 2
8870 2
8871 3
8872 3
8873 3
8874 2
8875 0
8876 1
8877 0
8878 0
8879 7
8880 6
8881 3
8882 2
8883 5
8884 5
8885 7
8886 8
8887 8
8888 7
8889 6
8890 5
8891 3
8892 4
8893 6
8894 5
8895 5
8896 7
8897 5
8898 4
8899 5
8900 5
8901 3
8902 3
8903 1
8904 1
8905 4
8906 3
8907 1
8908 0
8909 2
8910 5
8911 5
8912 5
8913 6
8914 5
8915 6
8916 3
8917 0
8918 3
8919 3
8920 2
8921 3
8922 1
8923 1
8924 1
8925 4
8926 3
8927 3
8928 6
8929 4
8930 2
8931 0
8932 4
8933 2
8934 2
8935 1
8936 1
8937 1
8938 1
8939 1
8940 2
8941 2
8942 2
8943 2
8944 2
8945 1
8946 4
8947 4
8948 5
8949 2
8950 2
8951 4
8952 3
8953 3
8954 2
8955 4
8956 3
8957 3
8958 2
8959 2
8960 3
8961 3
8962 2
8963 4
8964 4
8965 2
8966 2
8967 1
8968 1
8969 2
8970 1
8971 5
8972 5
8973 3
8974 3
8975 2
8976 3
8977 2
8978 2
8979 3
8980 2
8981 4
8982 4
8983 3
8984 2
8985 2
8986 3
8987 2
8988 0
8989 3
8990 3
8991 2
8992 3
8993 2
8994 2
8995 3
8996 1
8997 2
8998 1
8999 1
9000 3
9001 0
9002 3
9003 2
9004 3
9005 2
9006 2
9007 2
9008 0
9009 3
9010 1
9011 2
9012 2
9013 1
9014 1
9015 1
9016 3
9017 0
9018 3
9019 0
9020 3
9021 1
9022 1
9023 4
9024 2
9025 2
9026 3
9027 2
9028 2
9029 1
9030 3
9031 4
9032 2
9033 2
9034 0
9035 1
9036 2
9037 1
9038 0
9039 3
9040 2
9041 1
9042 2
9043 0
9044 1
9045 4
9046 3
9047 1
9048 0
9049 1
9050 3
9051 1
9052 2
9053 1
9054 1
9055 1
9056 6
9057 4
9058 1
9059 0
9060 1
9061 2
9062 1
9063 4
9064 2
9065 1
9066 4
9067 3
9068 3
9069 2
9070 1
9071 2
9072 0
9073 1
9074 1
9075 2
9076 1
9077 4
9078 4
9079 4
9080 3
9081 4
9082 2
9083 1
9084 2
9085 6
9086 4
9087 4
9088 3
9089 3
9090 0
9091 1
9092 4
9093 2
9094 1
9095 4
9096 6
9097 4
9098 1
9099 1
9100 1
9101 2
9102 3
9103 0
9104 2
9105 1
9106 4
9107 6
9108 6
9109 4
9110 6
9111 5
9112 2
9113 3
9114 0
9115 2
9116 1
9117 0
9118 1
9119 1
9120 1
9121 1
9122 3
9123 1
9124 3
9125 1
9126 2
9127 2
9128 4
9129 2
9130 5
9131 6
9132 6
9133 6
9134 5
9135 4
9136 3
9137 2
9138 3
9139 0
9140 2
9141 2
9142 2
9143 2
9144 0
9145 1
9146 2
9147 2
9148 2
9149 1
9150 3
9151 1
9152 1
9153 1
9154 3
9155 2
9156 1
9157 1
9158 0
9159 3
9160 3
9161 2
9162 3
9163 2
9164 3
9165 1
9166 1
9167 0
9168 2
9169 2
9170 1
9171 3
9172 2
9173 2
9174 3
9175 1
9176 1
9177 1
9178 0
9179 2
9180 3
9181 3
9182 3
9183 6
9184 6
9185 5
9186 6
9187 5
9188 6
9189 4
9190 3
9191 2
9192 4
9193 2
9194 3
9195 2
9196 2
9197 1
9198 2
9199 0
9200 1
9201 2
9202 4
9203 2
9204 2
9205 3
9206 1
9207 1
9208 5
9209 4
9210 2
9211 3
9212 2
9213 0
9214 0
9215 2
9216 3
9217 0
9218 3
9219 3
9220 2
9221 1
9222 0
9223 3
9224 4
9225 5
9226 5
9227 6
9228 5
9229 3
9230 2
9231 1
9232 0
9233 0
9234 0
9235 3
9236 1
9237 2
9238 2
9239 4
9240 3
9241 3
9242 2
9243 3
9244 1
9245 1
9246 2
9247 5
9248 5
9249 3
9250 2
9251 2
9252 1
9253 2
9254 1
9255 3
9256 1
9257 1
9258 1
9259 3
9260 3
9261 2
9262 3
9263 3
9264 1
9265 3
9266 4
9267 3
9268 3
9269 4
9270 6
9271 4
9272 3
9273 2
9274 3
9275 1
9276 1
9277 2
9278 3
9279 2
9280 3
9281 3
9282 1
9283 0
9284 3
9285 4
9286 1
9287 3
9288 4
9289 2
9290 4
9291 3
9292 4
9293 1
9294 3
9295 3
9296 3
9297 2
9298 0
9299 1
9300 3
9301 1
9302 4
9303 4
9304 3
9305 2
9306 1
9307 2
9308 2
9309 0
9310 2
9311 2
9312 0
9313 3
9314 2
9315 1
9316 1
9317 1
9318 0
9319 0
9320 4
9321 4
9322 2
9323 3
9324 4
9325 1
9326 0
9327 3
9328 1
9329 3
9330 1
9331 0
9332 2
9333 1
9334 3
9335 2
9336 3
9337 1
9338 0
9339 2
9340 3
9341 2
9342 0
9343 0
9344 2
9345 1
9346 1
9347 4
9348 3
9349 2
9350 3
9351 3
9352 5
9353 5
9354 3
9355 5
9356 5
9357 3
9358 1
9359 3
9360 1
9361 1
9362 2
9363 3
9364 3
9365 5
9366 3
9367 2
9368 4
9369 5
9370 8
9371 7
9372 5
9373 4
9374 1
9375 4
9376 5
9377 6
9378 4
9379 4
9380 4
9381 2
9382 2
9383 3
9384 2
9385 1
9386 5
9387 3
9388 2
9389 5
9390 3
9391 3
9392 2
9393 3
9394 1
9395 3
9396 1
9397 2
9398 2
9399 0
9400 2
9401 0
9402 2
9403 0
9404 0
9405 1
9406 1
9407 1
9408 2
9409 1
9410 2
9411 3
9412 0
9413 1
9414 5
9415 6
9416 5
9417 5
9418 3
9419 4
9420 7
9421 8
9422 6
9423 5
9424 3
9425 1
9426 1
9427 0
9428 0
9429 4
9430 3
9431 5
9432 5
9433 6
9434 5
9435 5
9436 6
9437 4
9438 3
9439 4
9440 3
9441 0
9442 4
9443 6
9444 5
9445 5
9446 3
9447 2
9448 3
9449 2
9450 3
9451 2
9452 2
9453 5
9454 4
9455 3
9456 2
9457 2
9458 3
9459 3
9460 4
9461 2
9462 2
9463 3
9464 2
9465 1
9466 2
9467 2
9468 2
9469 2
9470 3
9471 3
9472 1
9473 1
9474 1
9475 0
9476 1
9477 2
9478 2
9479 3
9480 1
9481 0
9482 2
9483 4
9484 2
9485 0
9486 5
9487 5
9488 4
9489 4
9490 3
9491 2
9492 4
9493 3
9494 1
9495 1
9496 3
9497 1
9498 2
9499 1
9500 2
9501 4
9502 3
9503 4
9504 4
9505 1
9506 3
9507 1
9508 2
9509 1
9510 1
9511 0
9512 3
9513 4
9514 2
9515 1
9516 5
9517 4
9518 4
9519 3
9520 4
9521 3
9522 1
9523 2
9524 1
9525 3
9526 1
9527 4
9528 2
9529 3
9530 4
9531 4
9532 4
9533 2
9534 2
9535 1
9536 3
9537 1
9538 3
9539 4
9540 5
9541 5
9542 5
9543 3
9544 0
9545 3
9546 1
9547 1
9548 2
9549 4
9550 3
9551 0
9552 2
9553 1
9554 2
9555 1
9556 0
9557 1
9558 3
9559 0
9560 4
9561 3
9562 3
9563 3
9564 3
9565 0
9566 2
9567 2
9568 1
9569 3
9570 3
9571 1
9572 4
9573 3
9574 1
9575 1
9576 0
9577 0
9578 2
9579 3
9580 1
9581 0
9582 0
9583 1
9584 3
9585 3
9586 3
9587 4
9588 5
9589 4
9590 3
9591 3
9592 3
9593 2
9594 4
9595 5
9596 7
9597 5
9598 5
9599 3
9600 2
9601 2
9602 2
9603 2
9604 0
9605 2
9606 2
9607 2
9608 0
9609 3
9610 4
9611 5
9612 3
9613 1
9614 5
9615 5
9616 3
9617 2
9618 1
9619 4
9620 4
9621 1
9622 5
9623 3
9624 1
9625 3
9626 2
9627 1
9628 3
9629 1
9630 4
9631 3
9632 2
9633 3
9634 3
9635 3
9636 1
9637 3
9638 1
9639 3
9640 1
9641 4
9642 3
9643 2
9644 2
9645 3
9646 1
9647 2
9648 2
9649 3
9650 0
9651 3
9652 1
9653 0
9654 5
9655 4
9656 4
9657 3
9658 2
9659 3
9660 4
9661 4
9662 6
9663 7
9664 6
9665 6
9666 5
9667 4
9668 2
9669 2
9670 2
9671 2
9672 1
9673 0
9674 1
9675 2
9676 6
9677 5
9678 5
9679 3
9680 1
9681 2
9682 4
9683 3
9684 2
9685 2
9686 1
9687 3
9688 2
9689 3
9690 2
9691 1
9692 3
9693 2
9694 2
9695 1
9696 0
9697 2
9698 0
9699 1
9700 3
9701 1
9702 4
9703 2
9704 2
9705 1
9706 1
9707 0
9708 2
9709 4
9710 4
9711 3
9712 3
9713 0
9714 3
9715 1
9716 1
9717 4
9718 2
9719 2
9720 1
9721 2
9722 3
9723 3
9724 4
9725 4
9726 3
9727 1
9728 0
9729 1
9730 2
9731 3
9732 5
9733 3
9734 1
9735 1
9736 3
9737 2
9738 1
9739 0
9740 4
9741 3
9742 2
9743 1
9744 2
9745 2
9746 0
9747 3
9748 2
9749 2
9750 5
9751 6
9752 8
9753 6
9754 4
9755 2
9756 2
9757 1
9758 5
9759 4
9760 5
9761 3
9762 4
9763 2
9764 2
9765 0
9766 1
9767 6
9768 4
9769 4
9770 6
9771 3
9772 2
9773 2
9774 3
9775 4
9776 6
9777 4
9778 3
9779 3
9780 2
9781 1
9782 6
9783 4
9784 3
9785 1
9786 2
9787 5
9788 4
9789 5
9790 7
9791 4
9792 2
9793 4
9794 2
9795 4
9796 3
9797 1
9798 2
9799 1
9800 2
9801 4
9802 3
9803 1
9804 2
9805 0
9806 0
9807 1
9808 2
9809 4
9810 3
9811 2
9812 2
9813 1
9814 1
9815 1
9816 2
9817 2
9818 3
9819 4
9820 3
9821 1
9822 1
9823 2
9824 4
9825 4
9826 2
9827 0
9828 3
9829 2
9830 1
9831 0
9832 1
9833 0
9834 0
9835 0
9836 1
9837 3
9838 4
9839 3
9840 2
9841 1
9842 1
9843 3
9844 2
9845 2
9846 3
9847 3
9848 3
9849 2
9850 2
9851 2
9852 1
9853 2
9854 3
9855 1
9856 3
9857 3
9858 3
9859 0
9860 0
9861 5
9862 3
9863 3
9864 1
9865 1
9866 3
9867 1
9868 3
9869 3
9870 1
9871 3
9872 0
9873 1
9874 2
9875 1
9876 3
9877 4
9878 3
9879 1
9880 2
9881 4
9882 2
9883 1
9884 1
9885 3
9886 2
9887 1
9888 0
9889 2
9890 5
9891 5
9892 3
9893 2
9894 3
9895 3
9896 2
9897 3
9898 1
9899 1
9900 3
9901 2
9902 1
9903 2
9904 2
9905 3
9906 3
9907 3
9908 0
9909 2
9910 0
9911 0
9912 4
9913 4
9914 1
9915 2
9916 2
9917 5
9918 5
9919 5
9920 4
9921 2
9922 1
9923 1
9924 1
9925 2
9926 1
9927 2
9928 2
9929 1
9930 1
9931 2
9932 3
9933 3
9934 1
9935 2
9936 2
9937 2
9938 4
9939 2
9940 2
9941 2
9942 4
9943 2
9944 4
9945 2
9946 3
9947 7
9948 4
9949 5
9950 4
9951 1
9952 1
9953 2
9954 2
9955 1
9956 2
9957 1
9958 4
9959 2
9960 1
9961 1
9962 3
9963 1
9964 2
9965 1
9966 1
9967 2
9968 4
9969 3
9970 4
9971 2
9972 2
9973 2
9974 0
9975 0
9976 1
9977 0
9978 5
9979 4
9980 2
9981 2
9982 1
9983 2
9984 1
9985 1
9986 1
9987 1
9988 5
9989 3
9990 2
9991 3
9992 1
9993 3
9994 3
9995 3
9996 4
9997 3
9998 4
9999 4
