0 7
1 6
2 6
3 5
4 5
5 3
6 1
7 3
8 1
9 3
10 4
11 4
12 3
13 4
14 5
15 8
16 10
17 8
18 8
19 7
20 6
21 7
22 7
23 8
24 7
25 5
26 4
27 4
28 4
29 5
30 5
31 5
32 5
33 2
34 3
35 2
36 1
37 1
38 2
39 4
40 3
41 4
42 2
43 3
44 2
45 3
46 2
47 1
48 4
49 4
50 3
51 4
52 7
53 5
54 3
55 3
56 0
57 4
58 4
59 3
60 0
61 4
62 6
63 6
64 3
65 3
66 4
67 2
68 2
69 0
70 3
71 5
72 7
73 8
74 6
75 5
76 4
77 5
78 4
79 2
80 2
81 3
82 0
83 4
84 2
85 4
86 2
87 5
88 2
89 3
90 1
91 3
92 5
93 5
94 3
95 5
96 5
97 4
98 2
99 1
100 2
101 5
102 4
103 3
104 2
105 2
106 2
107 1
108 4
109 4
110 4
111 3
112 2
113 3
114 4
115 4
116 2
117 1
118 2
119 3
120 3
121 0
122 3
123 2
124 6
125 5
126 5
127 4
128 5
129 4
130 4
131 3
132 5
133 4
134 2
135 0
136 4
137 3
138 3
139 4
140 3
141 4
142 3
143 3
144 3
145 6
146 4
147 3
148 3
149 4
150 2
151 3
152 2
153 3
154 3
155 3
156 3
157 1
158 1
159 3
160 3
161 5
162 4
163 5
164 4
165 4
166 7
167 5
168 8
169 7
170 10
171 10
172 10
173 10
174 10
175 10
176 13
177 12
178 14
179 14
180 12
181 12
182 12
183 11
184 12
185 12
186 11
187 12
188 11
189 11
190 12
191 13
192 16
193 13
194 15
195 12
196 12
197 11
198 11
199 11
200 10
201 8
202 7
203 7
204 10
205 11
206 9
207 7
208 4
209 5
210 5
211 4
212 4
213 3
214 3
215 2
216 3
217 2
218 2
219 3
220 3
221 3
222 4
223 1
224 3
225 4
226 5
227 6
228 7
229 5
230 7
231 8
232 8
233 8
234 11
235 9
236 9
237 10
238 12
239 13
240 15
241 12
242 10
243 7
244 5
245 6
246 6
247 7
248 8
249 9
250 8
251 12
252 10
253 9
254 9
255 9
256 8
257 9
258 7
259 6
260 7
261 7
262 8
263 7
264 5
265 7
266 9
267 8
268 6
269 5
270 5
271 7
272 8
273 7
274 8
275 12
276 14
277 13
278 13
279 14
280 12
281 14
282 15
283 12
284 14
285 14
286 13
287 17
288 14
289 13
290 12
291 12
292 12
293 11
294 12
295 12
296 12
297 12
298 12
299 11
300 14
301 15
302 12
303 10
304 9
305 10
306 11
307 12
308 10
309 8
310 8
311 6
312 6
313 4
314 7
315 6
316 6
317 4
318 4
319 5
320 3
321 0
322 5
323 5
324 4
325 3
326 1
327 2
328 2
329 2
330 2
331 3
332 1
333 2
334 1
335 2
336 3
337 3
338 2
339 4
340 3
341 4
342 3
343 0
344 5
345 3
346 4
347 4
348 3
349 2
350 6
351 5
352 5
353 3
354 2
355 7
356 11
357 9
358 10
359 10
360 11
361 12
362 12
363 11
364 9
365 8
366 10
367 8
368 9
369 10
370 10
371 12
372 12
373 10
374 9
375 7
376 7
377 10
378 10
379 10
380 10
381 10
382 11
383 9
384 10
385 9
386 8
387 5
388 3
389 4
390 3
391 4
392 2
393 4
394 2
395 2
396 3
397 4
398 3
399 2
400 2
401 2
402 1
403 3
404 3
405 0
406 0
407 2
408 3
409 4
410 4
411 2
412 1
413 2
414 4
415 3
416 1
417 9
418 8
419 5
420 6
421 5
422 4
423 7
424 8
425 6
426 6
427 5
428 4
429 3
430 2
431 1
432 0
433 6
434 7
435 8
436 9
437 7
438 5
439 6
440 8
441 9
442 9
443 9
444 11
445 12
446 11
447 9
448 11
449 11
450 10
451 10
452 12
453 11
454 12
455 10
456 11
457 8
458 8
459 9
460 10
461 7
462 4
463 3
464 4
465 2
466 2
467 4
468 4
469 3
470 1
471 3
472 3
473 2
474 2
475 5
476 6
477 8
478 7
479 6
480 5
481 4
482 3
483 3
484 4
485 5
486 3
487 3
488 4
489 2
490 3
491 3
492 2
493 3
494 4
495 2
496 3
497 2
498 2
499 2
500 2
501 4
502 4
503 5
504 6
505 4
506 3
507 5
508 8
509 9
510 9
511 8
512 5
513 5
514 3
515 4
516 5
517 6
518 9
519 9
520 7
521 7
522 7
523 9
524 8
525 8
526 6
527 5
528 3
529 3
530 4
531 1
532 0
533 1
534 2
535 3
536 4
537 4
538 3
539 2
540 2
541 0
542 3
543 5
544 4
545 1
546 1
547 2
548 1
549 1
550 5
551 3
552 2
553 2
554 2
555 5
556 6
557 6
558 3
559 5
560 5
561 5
562 9
563 8
564 8
565 8
566 8
567 9
568 7
569 5
570 5
571 6
572 8
573 7
574 7
575 7
576 6
577 3
578 2
579 2
580 2
581 2
582 1
583 3
584 4
585 5
586 3
587 7
588 5
589 6
590 6
591 6
592 6
593 8
594 5
595 6
596 6
597 4
598 4
599 1
600 1
601 3
602 4
603 4
604 4
605 2
606 2
607 1
608 1
609 5
610 4
611 2
612 5
613 6
614 4
615 3
616 4
617 3
618 4
619 3
620 5
621 6
622 5
623 6
624 6
625 6
626 6
627 6
628 5
629 5
630 4
631 2
632 2
633 1
634 2
635 3
636 1
637 2
638 3
639 2
640 5
641 4
642 3
643 2
644 4
645 5
646 7
647 9
648 8
649 6
650 6
651 6
652 4
653 5
654 4
655 3
656 3
657 4
658 4
659 1
660 5
661 9
662 7
663 10
664 10
665 7
666 7
667 8
668 8
669 9
670 10
671 9
672 10
673 10
674 8
675 9
676 11
677 12
678 13
679 13
680 14
681 16
682 13
683 15
684 12
685 10
686 7
687 8
688 7
689 6
690 6
691 4
692 3
693 3
694 2
695 4
696 5
697 2
698 0
699 4
700 1
701 5
702 3
703 4
704 5
705 5
706 5
707 3
708 5
709 6
710 4
711 3
712 0
713 2
714 3
715 0
716 2
717 8
718 8
719 8
720 7
721 7
722 9
723 8
724 11
725 11
726 11
727 14
728 13
729 12
730 11
731 12
732 11
733 11
734 12
735 11
736 8
737 5
738 5
739 3
740 2
741 3
742 4
743 4
744 3
745 5
746 4
747 4
748 4
749 3
750 2
751 2
752 0
753 2
754 5
755 2
756 3
757 2
758 2
759 1
760 3
761 3
762 1
763 2
764 4
765 3
766 2
767 1
768 6
769 6
770 5
771 6
772 4
773 4
774 4
775 4
776 3
777 6
778 8
779 6
780 5
781 6
782 6
783 6
784 3
785 3
786 3
787 4
788 2
789 5
790 4
791 3
792 2
793 4
794 5
795 3
796 2
797 1
798 3
799 1
800 1
801 2
802 7
803 7
804 7
805 7
806 6
807 5
808 5
809 6
810 5
811 5
812 4
813 4
814 3
815 4
816 6
817 6
818 4
819 6
820 7
821 7
822 8
823 7
824 5
825 6
826 4
827 3
828 5
829 7
830 6
831 6
832 7
833 7
834 7
835 7
836 5
837 6
838 7
839 6
840 6
841 4
842 3
843 4
844 4
845 5
846 3
847 3
848 3
849 3
850 4
851 4
852 6
853 9
854 9
855 8
856 8
857 7
858 9
859 8
860 6
861 4
862 4
863 3
864 0
865 3
866 1
867 2
868 2
869 0
870 7
871 6
872 7
873 5
874 4
875 5
876 7
877 5
878 4
879 2
880 2
881 1
882 3
883 6
884 7
885 5
886 4
887 1
888 4
889 4
890 4
891 2
892 4
893 6
894 4
895 3
896 3
897 2
898 3
899 3
900 1
901 3
902 3
903 1
904 2
905 2
906 1
907 3
908 2
909 1
910 3
911 1
912 1
913 2
914 2
915 1
916 3
917 4
918 6
919 7
920 10
921 9
922 10
923 11
924 10
925 11
926 13
927 11
928 10
929 10
930 10
931 8
932 9
933 7
934 8
935 5
936 4
937 6
938 7
939 5
940 6
941 8
942 7
943 5
944 4
945 6
946 8
947 7
948 6
949 3
950 1
951 3
952 1
953 4
954 7
955 6
956 6
957 5
958 4
959 5
960 5
961 5
962 7
963 5
964 5
965 6
966 7
967 8
968 8
969 7
970 6
971 4
972 4
973 4
974 6
975 6
976 6
977 6
978 7
979 7
980 7
981 6
982 6
983 5
984 4
985 4
986 5
987 4
988 5
989 2
990 3
991 3
992 4
993 2
994 2
995 2
996 3
997 3
998 4
999 4
1000 4
1001 6
1002 5
1003 4
1004 3
1005 2
1006 3
1007 1
1008 2
1009 3
1010 4
1011 4
1012 7
1013 5
1014 5
1015 7
1016 6
1017 6
1018 5
1019 6
1020 3
1021 1
1022 7
1023 7
1024 4
1025 2
1026 2
1027 6
1028 4
1029 3
1030 3
1031 3
1032 3
1033 4
1034 5
1035 5
1036 3
1037 1
1038 3
1039 2
1040 4
1041 5
1042 8
1043 8
1044 11
1045 11
1046 10
1047 10
1048 12
1049 9
1050 8
1051 9
1052 11
1053 9
1054 8
1055 7
1056 8
1057 7
1058 8
1059 10
1060 9
1061 9
1062 9
1063 8
1064 6
1065 8
1066 8
1067 6
1068 4
1069 1
1070 3
1071 4
1072 4
1073 2
1074 4
1075 5
1076 3
1077 4
1078 8
1079 8
1080 7
1081 7
1082 6
1083 5
1084 4
1085 4
1086 2
1087 2
1088 1
1089 1
1090 4
1091 3
1092 1
1093 2
1094 6
1095 8
1096 7
1097 5
1098 4
1099 6
1100 5
1101 5
1102 4
1103 3
1104 5
1105 5
1106 4
1107 3
1108 3
1109 1
1110 5
1111 5
1112 5
1113 5
1114 3
1115 0
1116 1
1117 1
1118 1
1119 1
1120 0
1121 4
1122 5
1123 4
1124 2
1125 2
1126 4
1127 4
1128 4
1129 3
1130 6
1131 7
1132 6
1133 4
1134 4
1135 3
1136 2
1137 2
1138 3
1139 2
1140 3
1141 2
1142 3
1143 3
1144 3
1145 2
1146 6
1147 3
1148 4
1149 3
1150 2
1151 4
1152 3
1153 3
1154 4
1155 7
1156 7
1157 5
1158 6
1159 6
1160 5
1161 3
1162 2
1163 3
1164 3
1165 2
1166 0
1167 2
1168 4
1169 4
1170 4
1171 6
1172 7
1173 6
1174 5
1175 5
1176 5
1177 7
1178 8
1179 10
1180 9
1181 9
1182 8
1183 10
1184 9
1185 8
1186 8
1187 9
1188 9
1189 8
1190 7
1191 5
1192 5
1193 5
1194 7
1195 9
1196 7
1197 6
1198 6
1199 7
1200 7
1201 6
1202 5
1203 6
1204 5
1205 3
1206 1
1207 3
1208 2
1209 2
1210 3
1211 3
1212 4
1213 7
1214 8
1215 6
1216 5
1217 5
1218 5
1219 6
1220 7
1221 6
1222 7
1223 7
1224 6
1225 5
1226 4
1227 4
1228 3
1229 1
1230 4
1231 2
1232 0
1233 2
1234 1
1235 2
1236 3
1237 2
1238 2
1239 4
1240 2
1241 6
1242 6
1243 7
1244 7
1245 6
1246 4
1247 3
1248 2
1249 3
1250 7
1251 8
1252 6
1253 5
1254 6
1255 4
1256 2
1257 5
1258 3
1259 5
1260 6
1261 5
1262 6
1263 5
1264 4
1265 5
1266 3
1267 1
1268 3
1269 3
1270 3
1271 2
1272 1
1273 2
1274 4
1275 2
1276 1
1277 2
1278 2
1279 3
1280 5
1281 4
1282 4
1283 4
1284 1
1285 3
1286 1
1287 3
1288 1
1289 2
1290 4
1291 2
1292 2
1293 3
1294 2
1295 3
1296 4
1297 3
1298 0
1299 1
1300 5
1301 6
1302 6
1303 7
1304 7
1305 7
1306 5
1307 4
1308 6
1309 4
1310 2
1311 1
1312 0
1313 2
1314 1
1315 2
1316 1
1317 2
1318 2
1319 3
1320 4
1321 4
1322 5
1323 5
1324 4
1325 6
1326 4
1327 3
1328 3
1329 2
1330 1
1331 3
1332 5
1333 2
1334 4
1335 4
1336 2
1337 1
1338 5
1339 4
1340 3
1341 4
1342 4
1343 5
1344 4
1345 2
1346 2
1347 6
1348 7
1349 6
1350 7
1351 8
1352 10
1353 10
1354 10
1355 10
1356 10
1357 11
1358 12
1359 11
1360 9
1361 9
1362 11
1363 8
1364 7
1365 8
1366 10
1367 9
1368 8
1369 8
1370 5
1371 7
1372 8
1373 6
1374 5
1375 3
1376 2
1377 4
1378 3
1379 2
1380 3
1381 3
1382 3
1383 2
1384 3
1385 5
1386 5
1387 3
1388 1
1389 1
1390 0
1391 3
1392 2
1393 4
1394 6
1395 5
1396 4
1397 5
1398 5
1399 2
1400 4
1401 5
1402 5
1403 5
1404 4
1405 3
1406 2
1407 0
1408 4
1409 3
1410 4
1411 2
1412 3
1413 2
1414 0
1415 1
1416 4
1417 5
1418 5
1419 3
1420 4
1421 5
1422 3
1423 6
1424 5
1425 5
1426 4
1427 1
1428 4
1429 4
1430 3
1431 3
1432 3
1433 2
1434 3
1435 5
1436 3
1437 1
1438 3
1439 0
1440 2
1441 2
1442 3
1443 6
1444 7
1445 7
1446 9
1447 7
1448 8
1449 9
1450 11
1451 9
1452 7
1453 6
1454 5
1455 3
1456 0
1457 1
1458 3
1459 1
1460 3
1461 3
1462 3
1463 3
1464 2
1465 5
1466 3
1467 2
1468 1
1469 6
1470 6
1471 5
1472 7
1473 10
1474 8
1475 8
1476 10
1477 11
1478 9
1479 10
1480 9
1481 11
1482 12
1483 12
1484 9
1485 9
1486 8
1487 5
1488 5
1489 5
1490 5
1491 6
1492 6
1493 5
1494 2
1495 3
1496 5
1497 7
1498 7
1499 7
1500 5
1501 4
1502 3
1503 3
1504 2
1505 6
1506 4
1507 2
1508 4
1509 2
1510 3
1511 3
1512 2
1513 1
1514 4
1515 6
1516 3
1517 2
1518 2
1519 4
1520 2
1521 3
1522 5
1523 5
1524 3
1525 3
1526 4
1527 3
1528 2
1529 1
1530 1
1531 2
1532 5
1533 4
1534 2
1535 5
1536 5
1537 7
1538 6
1539 5
1540 8
1541 12
1542 15
1543 12
1544 14
1545 13
1546 13
1547 13
1548 12
1549 12
1550 13
1551 13
1552 15
1553 12
1554 12
1555 14
1556 13
1557 12
1558 13
1559 12
1560 11
1561 12
1562 12
1563 10
1564 10
1565 10
1566 8
1567 7
1568 6
1569 8
1570 8
1571 7
1572 8
1573 6
1574 5
1575 4
1576 3
1577 2
1578 1
1579 0
1580 1
1581 3
1582 1
1583 2
1584 2
1585 5
1586 5
1587 5
1588 5
1589 6
1590 5
1591 4
1592 4
1593 5
1594 2
1595 3
1596 3
1597 2
1598 2
1599 5
1600 7
1601 6
1602 3
1603 3
1604 3
1605 5
1606 4
1607 4
1608 2
1609 4
1610 3
1611 2
1612 5
1613 3
1614 2
1615 5
1616 5
1617 6
1618 4
1619 6
1620 9
1621 10
1622 11
1623 9
1624 10
1625 9
1626 9
1627 9
1628 7
1629 5
1630 4
1631 4
1632 5
1633 4
1634 2
1635 1
1636 0
1637 0
1638 2
1639 5
1640 5
1641 7
1642 6
1643 7
1644 6
1645 3
1646 2
1647 1
1648 4
1649 4
1650 4
1651 3
1652 2
1653 2
1654 3
1655 2
1656 4
1657 2
1658 4
1659 4
1660 4
1661 3
1662 2
1663 2
1664 3
1665 2
1666 4
1667 4
1668 5
1669 4
1670 4
1671 3
1672 2
1673 3
1674 2
1675 4
1676 3
1677 2
1678 4
1679 7
1680 12
1681 11
1682 11
1683 11
1684 12
1685 15
1686 12
1687 13
1688 14
1689 12
1690 13
1691 13
1692 11
1693 10
1694 12
1695 12
1696 11
1697 10
1698 11
1699 11
1700 11
1701 13
1702 11
1703 12
1704 12
1705 11
1706 11
1707 14
1708 15
1709 12
1710 12
1711 13
1712 11
1713 9
1714 6
1715 8
1716 8
1717 10
1718 10
1719 9
1720 9
1721 9
1722 8
1723 6
1724 5
1725 5
1726 5
1727 5
1728 4
1729 3
1730 2
1731 3
1732 3
1733 3
1734 1
1735 1
1736 2
1737 2
1738 1
1739 6
1740 5
1741 6
1742 10
1743 10
1744 12
1745 9
1746 7
1747 6
1748 3
1749 0
1750 3
1751 2
1752 1
1753 2
1754 5
1755 5
1756 5
1757 6
1758 7
1759 10
1760 11
1761 14
1762 14
1763 13
1764 15
1765 12
1766 11
1767 12
1768 13
1769 12
1770 14
1771 12
1772 12
1773 10
1774 9
1775 6
1776 7
1777 9
1778 8
1779 6
1780 9
1781 6
1782 8
1783 9
1784 9
1785 9
1786 8
1787 8
1788 10
1789 8
1790 7
1791 7
1792 5
1793 4
1794 3
1795 2
1796 2
1797 4
1798 6
1799 3
1800 3
1801 2
1802 2
1803 4
1804 3
1805 0
1806 3
1807 2
1808 2
1809 4
1810 4
1811 4
1812 5
1813 4
1814 5
1815 5
1816 5
1817 2
1818 4
1819 4
1820 3
1821 5
1822 6
1823 5
1824 5
1825 6
1826 6
1827 5
1828 6
1829 3
1830 4
1831 3
1832 3
1833 3
1834 5
1835 4
1836 4
1837 4
1838 4
1839 2
1840 2
1841 1
1842 4
1843 3
1844 0
1845 0
1846 6
1847 4
1848 3
1849 3
1850 1
1851 2
1852 3
1853 1
1854 1
1855 4
1856 5
1857 5
1858 5
1859 5
1860 6
1861 4
1862 2
1863 3
1864 3
1865 3
1866 6
1867 6
1868 5
1869 3
1870 4
1871 4
1872 5
1873 5
1874 3
1875 1
1876 1
1877 3
1878 1
1879 3
1880 2
1881 1
1882 4
1883 3
1884 3
1885 3
1886 2
1887 0
1888 5
1889 6
1890 9
1891 10
1892 10
1893 8
1894 5
1895 3
1896 1
1897 6
1898 5
1899 5
1900 5
1901 5
1902 3
1903 1
1904 1
1905 4
1906 5
1907 4
1908 2
1909 2
1910 3
1911 6
1912 4
1913 5
1914 5
1915 2
1916 3
1917 3
1918 5
1919 7
1920 4
1921 5
1922 5
1923 5
1924 6
1925 6
1926 7
1927 6
1928 4
1929 2
1930 4
1931 3
1932 2
1933 2
1934 5
1935 4
1936 3
1937 3
1938 2
1939 5
1940 4
1941 2
1942 4
1943 5
1944 5
1945 3
1946 2
1947 3
1948 0
1949 4
1950 4
1951 3
1952 5
1953 4
1954 5
1955 5
1956 4
1957 2
1958 3
1959 2
1960 1
1961 0
1962 5
1963 6
1964 4
1965 2
1966 3
1967 4
1968 2
1969 1
1970 4
1971 2
1972 3
1973 3
1974 4
1975 1
1976 2
1977 1
1978 4
1979 1
1980 2
1981 0
1982 4
1983 2
1984 1
1985 4
1986 4
1987 4
1988 4
1989 5
1990 6
1991 10
1992 10
1993 10
1994 8
1995 6
1996 4
1997 3
1998 2
1999 0
2000 4
2001 2
2002 1
2003 5
2004 4
2005 2
2006 1
2007 4
2008 3
2009 6
2010 8
2011 7
2012 7
2013 7
2014 6
2015 6
2016 7
2017 5
2018 4
2019 4
2020 6
2021 6
2022 5
2023 6
2024 5
2025 5
2026 4
2027 7
2028 6
2029 7
2030 7
2031 9
2032 6
2033 6
2034 6
2035 6
2036 5
2037 3
2038 5
2039 4
2040 3
2041 2
2042 4
2043 2
2044 4
2045 4
2046 7
2047 7
2048 8
2049 12
2050 12
2051 11
2052 11
2053 13
2054 12
2055 11
2056 10
2057 9
2058 8
2059 7
2060 7
2061 5
2062 7
2063 8
2064 11
2065 9
2066 8
2067 5
2068 4
2069 4
2070 3
2071 3
2072 3
2073 2
2074 2
2075 2
2076 5
2077 5
2078 8
2079 9
2080 12
2081 11
2082 11
2083 9
2084 7
2085 6
2086 6
2087 6
2088 4
2089 5
2090 5
2091 4
2092 3
2093 2
2094 4
2095 2
2096 3
2097 2
2098 6
2099 6
2100 7
2101 7
2102 6
2103 5
2104 5
2105 7
2106 7
2107 9
2108 8
2109 9
2110 7
2111 6
2112 7
2113 7
2114 10
2115 11
2116 9
2117 8
2118 10
2119 11
2120 11
2121 11
2122 11
2123 12
2124 12
2125 14
2126 13
2127 13
2128 12
2129 11
2130 9
2131 7
2132 6
2133 8
2134 9
2135 8
2136 9
2137 6
2138 4
2139 3
2140 2
2141 2
2142 3
2143 4
2144 3
2145 5
2146 6
2147 4
2148 4
2149 2
2150 4
2151 5
2152 4
2153 2
2154 3
2155 2
2156 1
2157 5
2158 5
2159 5
2160 6
2161 4
2162 6
2163 4
2164 7
2165 6
2166 7
2167 6
2168 5
2169 5
2170 5
2171 5
2172 3
2173 0
2174 4
2175 1
2176 1
2177 1
2178 5
2179 4
2180 5
2181 5
2182 4
2183 4
2184 4
2185 4
2186 2
2187 5
2188 6
2189 6
2190 6
2191 7
2192 10
2193 8
2194 7
2195 6
2196 6
2197 7
2198 8
2199 6
2200 8
2201 8
2202 6
2203 5
2204 7
2205 11
2206 10
2207 9
2208 7
2209 8
2210 7
2211 9
2212 12
2213 13
2214 14
2215 13
2216 16
2217 13
2218 14
2219 14
2220 14
2221 17
2222 14
2223 14
2224 14
2225 13
2226 10
2227 12
2228 10
2229 8
2230 8
2231 5
2232 5
2233 4
2234 2
2235 3
2236 3
2237 4
2238 4
2239 4
2240 2
2241 2
2242 1
2243 3
2244 6
2245 5
2246 5
2247 6
2248 4
2249 4
2250 4
2251 5
2252 3
2253 5
2254 4
2255 3
2256 4
2257 5
2258 9
2259 7
2260 8
2261 7
2262 5
2263 5
2264 3
2265 4
2266 5
2267 7
2268 8
2269 10
2270 10
2271 11
2272 12
2273 13
2274 14
2275 14
2276 12
2277 12
2278 11
2279 11
2280 11
2281 10
2282 11
2283 13
2284 14
2285 11
2286 12
2287 12
2288 13
2289 13
2290 13
2291 11
2292 13
2293 10
2294 9
2295 8
2296 9
2297 6
2298 5
2299 6
2300 7
2301 9
2302 8
2303 5
2304 2
2305 1
2306 2
2307 3
2308 4
2309 3
2310 2
2311 2
2312 3
2313 1
2314 2
2315 3
2316 2
2317 2
2318 4
2319 5
2320 6
2321 8
2322 7
2323 9
2324 9
2325 9
2326 10
2327 8
2328 7
2329 5
2330 6
2331 4
2332 4
2333 4
2334 6
2335 7
2336 6
2337 10
2338 9
2339 9
2340 8
2341 7
2342 6
2343 6
2344 5
2345 3
2346 5
2347 5
2348 3
2349 1
2350 2
2351 2
2352 3
2353 3
2354 2
2355 2
2356 3
2357 1
2358 2
2359 3
2360 1
2361 3
2362 2
2363 3
2364 2
2365 4
2366 3
2367 3
2368 4
2369 2
2370 3
2371 5
2372 5
2373 7
2374 8
2375 7
2376 9
2377 10
2378 11
2379 11
2380 10
2381 12
2382 12
2383 14
2384 13
2385 12
2386 13
2387 14
2388 13
2389 13
2390 13
2391 11
2392 11
2393 10
2394 12
2395 12
2396 12
2397 13
2398 14
2399 12
2400 10
2401 10
2402 11
2403 9
2404 7
2405 5
2406 5
2407 6
2408 10
2409 8
2410 9
2411 8
2412 10
2413 10
2414 8
2415 7
2416 7
2417 7
2418 8
2419 8
2420 7
2421 6
2422 6
2423 7
2424 6
2425 10
2426 8
2427 5
2428 4
2429 3
2430 5
2431 4
2432 5
2433 5
2434 3
2435 2
2436 4
2437 6
2438 5
2439 7
2440 9
2441 8
2442 7
2443 7
2444 5
2445 3
2446 3
2447 4
2448 6
2449 8
2450 8
2451 10
2452 9
2453 9
2454 7
2455 7
2456 8
2457 8
2458 8
2459 9
2460 10
2461 11
2462 12
2463 10
2464 10
2465 9
2466 8
2467 7
2468 5
2469 7
2470 6
2471 6
2472 6
2473 7
2474 4
2475 5
2476 2
2477 1
2478 4
2479 5
2480 3
2481 3
2482 3
2483 1
2484 2
2485 4
2486 4
2487 5
2488 5
2489 3
2490 2
2491 6
2492 6
2493 7
2494 6
2495 5
2496 7
2497 4
2498 2
2499 1
2500 1
2501 3
2502 1
2503 5
2504 4
2505 3
2506 7
2507 5
2508 2
2509 4
2510 4
2511 3
2512 2
2513 6
2514 4
2515 3
2516 4
2517 4
2518 3
2519 3
2520 3
2521 3
2522 3
2523 2
2524 1
2525 2
2526 1
2527 2
2528 3
2529 3
2530 4
2531 4
2532 3
2533 2
2534 5
2535 2
2536 3
2537 1
2538 4
2539 3
2540 2
2541 4
2542 4
2543 3
2544 4
2545 5
2546 3
2547 3
2548 4
2549 5
2550 3
2551 6
2552 8
2553 8
2554 7
2555 8
2556 9
2557 11
2558 10
2559 12
2560 11
2561 10
2562 11
2563 11
2564 11
2565 12
2566 11
2567 9
2568 6
2569 8
2570 8
2571 6
2572 4
2573 3
2574 2
2575 3
2576 2
2577 3
2578 2
2579 0
2580 4
2581 4
2582 3
2583 4
2584 2
2585 5
2586 4
2587 3
2588 3
2589 3
2590 1
2591 3
2592 3
2593 3
2594 0
2595 2
2596 5
2597 3
2598 4
2599 4
2600 2
2601 2
2602 3
2603 3
2604 2
2605 2
2606 2
2607 2
2608 1
2609 5
2610 4
2611 4
2612 4
2613 5
2614 3
2615 3
2616 3
2617 2
2618 3
2619 3
2620 4
2621 3
2622 3
2623 2
2624 1
2625 2
2626 1
2627 2
2628 1
2629 2
2630 3
2631 1
2632 0
2633 2
2634 3
2635 1
2636 1
2637 3
2638 0
2639 3
2640 3
2641 0
2642 2
2643 2
2644 2
2645 1
2646 4
2647 4
2648 6
2649 5
2650 3
2651 4
2652 2
2653 3
2654 1
2655 3
2656 4
2657 3
2658 2
2659 3
2660 3
2661 3
2662 3
2663 4
2664 1
2665 0
2666 4
2667 5
2668 7
2669 7
2670 6
2671 7
2672 6
2673 6
2674 5
2675 3
2676 2
2677 2
2678 3
2679 2
2680 3
2681 0
2682 2
2683 3
2684 2
2685 3
2686 4
2687 3
2688 3
2689 1
2690 3
2691 3
2692 1
2693 1
2694 1
2695 2
2696 3
2697 3
2698 1
2699 1
2700 3
2701 6
2702 7
2703 9
2704 10
2705 9
2706 9
2707 9
2708 7
2709 9
2710 8
2711 6
2712 7
2713 8
2714 8
2715 9
2716 7
2717 7
2718 8
2719 9
2720 9
2721 11
2722 11
2723 10
2724 7
2725 7
2726 6
2727 6
2728 7
2729 8
2730 8
2731 11
2732 12
2733 14
2734 15
2735 12
2736 10
2737 12
2738 9
2739 12
2740 12
2741 11
2742 12
2743 12
2744 10
2745 12
2746 11
2747 11
2748 11
2749 10
2750 10
2751 9
2752 8
2753 7
2754 6
2755 5
2756 6
2757 5
2758 6
2759 7
2760 6
2761 5
2762 3
2763 2
2764 4
2765 2
2766 1
2767 1
2768 3
2769 0
2770 3
2771 3
2772 1
2773 3
2774 4
2775 4
2776 4
2777 2
2778 3
2779 2
2780 2
2781 2
2782 4
2783 3
2784 3
2785 2
2786 2
2787 5
2788 5
2789 3
2790 1
2791 3
2792 3
2793 3
2794 1
2795 2
2796 2
2797 6
2798 6
2799 5
2800 7
2801 5
2802 4
2803 3
2804 2
2805 5
2806 8
2807 8
2808 6
2809 5
2810 6
2811 7
2812 6
2813 4
2814 6
2815 6
2816 5
2817 2
2818 3
2819 6
2820 6
2821 4
2822 5
2823 9
2824 8
2825 7
2826 9
2827 9
2828 9
2829 11
2830 11
2831 10
2832 8
2833 6
2834 4
2835 4
2836 5
2837 9
2838 10
2839 10
2840 11
2841 10
2842 10
2843 12
2844 13
2845 13
2846 11
2847 9
2848 9
2849 9
2850 12
2851 13
2852 11
2853 12
2854 13
2855 11
2856 11
2857 11
2858 8
2859 7
2860 6
2861 5
2862 7
2863 7
2864 8
2865 7
2866 5
2867 4
2868 3
2869 0
2870 5
2871 6
2872 6
2873 6
2874 6
2875 6
2876 7
2877 7
2878 9
2879 10
2880 11
2881 11
2882 12
2883 12
2884 12
2885 10
2886 10
2887 8
2888 7
2889 6
2890 5
2891 3
2892 4
2893 2
2894 3
2895 2
2896 2
2897 3
2898 0
2899 3
2900 4
2901 7
2902 6
2903 5
2904 4
2905 2
2906 4
2907 3
2908 2
2909 3
2910 4
2911 1
2912 4
2913 3
2914 2
2915 3
2916 5
2917 4
2918 2
2919 2
2920 2
2921 2
2922 3
2923 2
2924 2
2925 2
2926 3
2927 3
2928 1
2929 2
2930 4
2931 4
2932 6
2933 5
2934 2
2935 4
2936 5
2937 5
2938 5
2939 5
2940 5
2941 5
2942 4
2943 6
2944 4
2945 2
2946 4
2947 6
2948 9
2949 11
2950 14
2951 14
2952 14
2953 13
2954 11
2955 10
2956 7
2957 7
2958 9
2959 9
2960 8
2961 7
2962 5
2963 7
2964 7
2965 5
2966 6
2967 4
2968 5
2969 7
2970 7
2971 5
2972 5
2973 4
2974 7
2975 5
2976 7
2977 8
2978 9
2979 7
2980 7
2981 5
2982 6
2983 5
2984 5
2985 5
2986 5
2987 5
2988 6
2989 7
2990 7
2991 6
2992 8
2993 10
2994 8
2995 8
2996 9
2997 9
2998 10
2999 12
3000 16
3001 13
3002 14
3003 13
3004 13
3005 14
3006 13
3007 15
3008 12
3009 12
3010 11
3011 10
3012 11
3013 10
3014 12
3015 11
3016 9
3017 8
3018 8
3019 7
3020 8
3021 9
3022 8
3023 8
3024 9
3025 8
3026 8
3027 9
3028 7
3029 9
3030 7
3031 5
3032 9
3033 10
3034 11
3035 9
3036 10
3037 10
3038 9
3039 12
3040 12
3041 10
3042 10
3043 9
3044 9
3045 9
3046 12
3047 14
3048 13
3049 12
3050 12
3051 13
3052 13
3053 15
3054 12
3055 12
3056 11
3057 11
3058 9
3059 8
3060 8
3061 7
3062 4
3063 3
3064 3
3065 4
3066 4
3067 5
3068 3
3069 3
3070 3
3071 2
3072 0
3073 1
3074 0
3075 2
3076 3
3077 3
3078 5
3079 4
3080 5
3081 3
3082 6
3083 7
3084 6
3085 6
3086 8
3087 10
3088 8
3089 7
3090 7
3091 6
3092 4
3093 3
3094 1
3095 4
3096 5
3097 4
3098 2
3099 0
3100 1
3101 2
3102 0
3103 3
3104 2
3105 2
3106 3
3107 5
3108 5
3109 2
3110 0
3111 1
3112 2
3113 2
3114 1
3115 3
3116 5
3117 9
3118 9
3119 10
3120 9
3121 9
3122 8
3123 6
3124 4
3125 4
3126 4
3127 5
3128 5
3129 4
3130 4
3131 7
3132 8
3133 7
3134 8
3135 8
3136 9
3137 9
3138 7
3139 9
3140 9
3141 11
3142 13
3143 12
3144 12
3145 14
3146 13
3147 14
3148 14
3149 15
3150 12
3151 12
3152 12
3153 10
3154 10
3155 11
3156 12
3157 12
3158 11
3159 15
3160 12
3161 11
3162 12
3163 11
3164 11
3165 12
3166 11
3167 13
3168 15
3169 12
3170 11
3171 16
3172 13
3173 12
3174 10
3175 11
3176 11
3177 11
3178 9
3179 9
3180 8
3181 9
3182 12
3183 11
3184 11
3185 9
3186 10
3187 11
3188 11
3189 11
3190 11
3191 12
3192 12
3193 14
3194 13
3195 11
3196 9
3197 10
3198 9
3199 7
3200 7
3201 6
3202 6
3203 8
3204 6
3205 5
3206 6
3207 5
3208 3
3209 2
3210 4
3211 1
3212 3
3213 6
3214 6
3215 7
3216 7
3217 6
3218 6
3219 7
3220 8
3221 6
3222 6
3223 7
3224 7
3225 8
3226 8
3227 5
3228 4
3229 2
3230 3
3231 5
3232 4
3233 3
3234 1
3235 5
3236 5
3237 7
3238 6
3239 8
3240 7
3241 7
3242 7
3243 9
3244 9
3245 9
3246 10
3247 12
3248 10
3249 10
3250 11
3251 10
3252 9
3253 7
3254 6
3255 3
3256 2
3257 2
3258 1
3259 6
3260 6
3261 5
3262 4
3263 4
3264 6
3265 6
3266 7
3267 5
3268 8
3269 5
3270 4
3271 5
3272 5
3273 5
3274 6
3275 5
3276 6
3277 5
3278 4
3279 2
3280 1
3281 1
3282 5
3283 7
3284 8
3285 6
3286 4
3287 3
3288 2
3289 4
3290 5
3291 3
3292 3
3293 3
3294 1
3295 2
3296 3
3297 1
3298 4
3299 5
3300 6
3301 6
3302 6
3303 8
3304 7
3305 4
3306 3
3307 0
3308 4
3309 4
3310 3
3311 1
3312 5
3313 4
3314 2
3315 4
3316 5
3317 5
3318 5
3319 7
3320 10
3321 10
3322 10
3323 9
3324 10
3325 7
3326 10
3327 11
3328 10
3329 8
3330 7
3331 5
3332 4
3333 2
3334 2
3335 4
3336 5
3337 4
3338 5
3339 3
3340 2
3341 2
3342 3
3343 7
3344 7
3345 7
3346 5
3347 4
3348 3
3349 2
3350 4
3351 2
3352 1
3353 2
3354 5
3355 5
3356 7
3357 6
3358 7
3359 7
3360 7
3361 6
3362 7
3363 8
3364 8
3365 11
3366 11
3367 14
3368 15
3369 12
3370 12
3371 12
3372 11
3373 10
3374 10
3375 9
3376 8
3377 8
3378 7
3379 8
3380 9
3381 7
3382 9
3383 10
3384 11
3385 9
3386 10
3387 9
3388 8
3389 7
3390 5
3391 3
3392 1
3393 3
3394 2
3395 4
3396 3
3397 4
3398 5
3399 2
3400 1
3401 2
3402 3
3403 3
3404 5
3405 2
3406 2
3407 3
3408 3
3409 3
3410 4
3411 7
3412 10
3413 10
3414 11
3415 13
3416 12
3417 13
3418 12
3419 11
3420 10
3421 9
3422 8
3423 6
3424 6
3425 5
3426 4
3427 4
3428 2
3429 2
3430 2
3431 3
3432 6
3433 8
3434 11
3435 11
3436 15
3437 12
3438 11
3439 10
3440 12
3441 12
3442 10
3443 9
3444 8
3445 7
3446 6
3447 8
3448 9
3449 9
3450 6
3451 7
3452 6
3453 6
3454 3
3455 4
3456 2
3457 4
3458 2
3459 2
3460 4
3461 3
3462 1
3463 3
3464 3
3465 2
3466 2
3467 4
3468 3
3469 3
3470 5
3471 6
3472 9
3473 8
3474 8
3475 8
3476 9
3477 8
3478 6
3479 4
3480 4
3481 5
3482 6
3483 6
3484 5
3485 4
3486 3
3487 7
3488 7
3489 6
3490 6
3491 6
3492 6
3493 7
3494 6
3495 5
3496 5
3497 7
3498 8
3499 8
3500 8
3501 7
3502 7
3503 7
3504 10
3505 10
3506 10
3507 9
3508 8
3509 6
3510 3
3511 2
3512 3
3513 5
3514 3
3515 1
3516 6
3517 5
3518 4
3519 4
3520 3
3521 5
3522 5
3523 4
3524 5
3525 5
3526 2
3527 2
3528 1
3529 2
3530 3
3531 1
3532 2
3533 2
3534 2
3535 1
3536 2
3537 2
3538 1
3539 3
3540 4
3541 4
3542 2
3543 4
3544 3
3545 2
3546 4
3547 4
3548 1
3549 1
3550 3
3551 6
3552 6
3553 5
3554 5
3555 6
3556 3
3557 1
3558 2
3559 2
3560 3
3561 3
3562 3
3563 2
3564 3
3565 4
3566 3
3567 3
3568 3
3569 4
3570 2
3571 3
3572 3
3573 5
3574 5
3575 7
3576 6
3577 5
3578 4
3579 6
3580 6
3581 5
3582 6
3583 4
3584 1
3585 4
3586 4
3587 4
3588 3
3589 3
3590 2
3591 4
3592 3
3593 3
3594 3
3595 1
3596 4
3597 3
3598 2
3599 3
3600 2
3601 3
3602 2
3603 4
3604 3
3605 4
3606 2
3607 2
3608 2
3609 5
3610 5
3611 3
3612 5
3613 3
3614 2
3615 3
3616 1
3617 0
3618 4
3619 2
3620 1
3621 3
3622 2
3623 3
3624 3
3625 5
3626 4
3627 2
3628 4
3629 6
3630 6
3631 7
3632 7
3633 5
3634 3
3635 2
3636 4
3637 5
3638 4
3639 3
3640 1
3641 4
3642 6
3643 5
3644 4
3645 4
3646 4
3647 5
3648 7
3649 7
3650 7
3651 5
3652 4
3653 9
3654 9
3655 8
3656 6
3657 6
3658 6
3659 3
3660 3
3661 2
3662 1
3663 2
3664 1
3665 3
3666 4
3667 4
3668 3
3669 6
3670 6
3671 5
3672 6
3673 7
3674 7
3675 6
3676 5
3677 5
3678 5
3679 6
3680 7
3681 7
3682 6
3683 5
3684 5
3685 8
3686 9
3687 10
3688 11
3689 9
3690 9
3691 8
3692 8
3693 6
3694 5
3695 7
3696 7
3697 6
3698 6
3699 5
3700 3
3701 3
3702 3
3703 4
3704 6
3705 5
3706 2
3707 4
3708 5
3709 3
3710 3
3711 3
3712 1
3713 3
3714 3
3715 5
3716 2
3717 3
3718 0
3719 4
3720 5
3721 4
3722 3
3723 4
3724 2
3725 4
3726 3
3727 4
3728 5
3729 5
3730 6
3731 6
3732 5
3733 5
3734 7
3735 7
3736 9
3737 7
3738 4
3739 4
3740 4
3741 4
3742 3
3743 4
3744 2
3745 3
3746 2
3747 3
3748 3
3749 2
3750 3
3751 1
3752 1
3753 4
3754 3
3755 2
3756 3
3757 2
3758 1
3759 3
3760 5
3761 6
3762 3
3763 2
3764 2
3765 3
3766 3
3767 3
3768 1
3769 5
3770 8
3771 8
3772 9
3773 10
3774 10
3775 9
3776 9
3777 9
3778 10
3779 9
3780 9
3781 10
3782 8
3783 8
3784 7
3785 6
3786 5
3787 6
3788 5
3789 5
3790 4
3791 5
3792 6
3793 8
3794 9
3795 9
3796 8
3797 10
3798 11
3799 11
3800 11
3801 10
3802 11
3803 11
3804 13
3805 13
3806 13
3807 11
3808 12
3809 11
3810 11
3811 10
3812 10
3813 10
3814 8
3815 9
3816 9
3817 7
3818 8
3819 7
3820 6
3821 4
3822 5
3823 3
3824 4
3825 5
3826 6
3827 6
3828 6
3829 5
3830 6
3831 7
3832 7
3833 8
3834 8
3835 7
3836 7
3837 6
3838 6
3839 5
3840 4
3841 3
3842 4
3843 5
3844 4
3845 4
3846 4
3847 5
3848 5
3849 6
3850 5
3851 6
3852 6
3853 5
3854 3
3855 2
3856 1
3857 3
3858 2
3859 4
3860 4
3861 4
3862 7
3863 7
3864 6
3865 6
3866 5
3867 5
3868 5
3869 5
3870 4
3871 4
3872 5
3873 7
3874 8
3875 7
3876 7
3877 5
3878 5
3879 4
3880 4
3881 4
3882 4
3883 4
3884 3
3885 2
3886 1
3887 3
3888 3
3889 4
3890 5
3891 7
3892 9
3893 8
3894 6
3895 8
3896 9
3897 8
3898 7
3899 7
3900 7
3901 9
3902 10
3903 10
3904 9
3905 9
3906 9
3907 8
3908 9
3909 9
3910 10
3911 11
3912 12
3913 11
3914 12
3915 11
3916 9
3917 7
3918 5
3919 3
3920 4
3921 3
3922 4
3923 2
3924 2
3925 0
3926 6
3927 6
3928 5
3929 6
3930 7
3931 9
3932 7
3933 7
3934 8
3935 6
3936 8
3937 6
3938 9
3939 9
3940 8
3941 6
3942 5
3943 3
3944 3
3945 5
3946 4
3947 3
3948 4
3949 2
3950 1
3951 3
3952 1
3953 3
3954 3
3955 5
3956 3
3957 2
3958 4
3959 4
3960 1
3961 2
3962 5
3963 5
3964 4
3965 4
3966 6
3967 3
3968 2
3969 5
3970 3
3971 2
3972 1
3973 3
3974 2
3975 1
3976 2
3977 1
3978 2
3979 0
3980 3
3981 1
3982 4
3983 4
3984 5
3985 5
3986 6
3987 8
3988 8
3989 7
3990 6
3991 5
3992 6
3993 6
3994 6
3995 4
3996 4
3997 2
3998 1
3999 1
4000 1
4001 3
4002 3
4003 3
4004 3
4005 2
4006 2
4007 3
4008 3
4009 3
4010 2
4011 5
4012 3
4013 3
4014 3
4015 4
4016 3
4017 1
4018 1
4019 0
4020 2
4021 4
4022 3
4023 0
4024 4
4025 3
4026 2
4027 3
4028 1
4029 5
4030 8
4031 8
4032 6
4033 4
4034 4
4035 3
4036 3
4037 3
4038 2
4039 3
4040 3
4041 2
4042 6
4043 10
4044 12
4045 12
4046 9
4047 9
4048 8
4049 6
4050 5
4051 5
4052 7
4053 8
4054 9
4055 7
4056 9
4057 12
4058 12
4059 11
4060 12
4061 12
4062 10
4063 10
4064 7
4065 7
4066 6
4067 5
4068 4
4069 3
4070 1
4071 3
4072 3
4073 4
4074 2
4075 1
4076 3
4077 3
4078 5
4079 2
4080 6
4081 6
4082 6
4083 6
4084 8
4085 7
4086 4
4087 5
4088 5
4089 4
4090 4
4091 4
4092 4
4093 4
4094 3
4095 4
4096 3
4097 2
4098 1
4099 0
4100 2
4101 3
4102 2
4103 3
4104 0
4105 1
4106 3
4107 2
4108 5
4109 6
4110 4
4111 4
4112 4
4113 4
4114 3
4115 1
4116 4
4117 4
4118 5
4119 8
4120 8
4121 10
4122 9
4123 9
4124 8
4125 7
4126 5
4127 3
4128 2
4129 3
4130 2
4131 4
4132 4
4133 2
4134 3
4135 2
4136 6
4137 6
4138 6
4139 4
4140 3
4141 2
4142 3
4143 4
4144 2
4145 3
4146 2
4147 5
4148 7
4149 7
4150 7
4151 7
4152 9
4153 10
4154 9
4155 9
4156 10
4157 9
4158 9
4159 7
4160 6
4161 5
4162 3
4163 4
4164 6
4165 5
4166 3
4167 4
4168 4
4169 2
4170 2
4171 5
4172 7
4173 9
4174 10
4175 13
4176 14
4177 14
4178 14
4179 16
4180 13
4181 13
4182 12
4183 13
4184 14
4185 14
4186 15
4187 12
4188 11
4189 11
4190 8
4191 9
4192 10
4193 9
4194 8
4195 10
4196 10
4197 10
4198 9
4199 8
4200 10
4201 10
4202 9
4203 8
4204 7
4205 7
4206 7
4207 6
4208 7
4209 7
4210 7
4211 8
4212 7
4213 5
4214 6
4215 7
4216 6
4217 5
4218 3
4219 3
4220 3
4221 5
4222 6
4223 6
4224 4
4225 2
4226 5
4227 6
4228 5
4229 4
4230 4
4231 1
4232 2
4233 4
4234 5
4235 6
4236 6
4237 5
4238 6
4239 7
4240 8
4241 7
4242 6
4243 5
4244 3
4245 3
4246 1
4247 3
4248 4
4249 3
4250 4
4251 2
4252 6
4253 5
4254 3
4255 4
4256 4
4257 1
4258 3
4259 6
4260 7
4261 7
4262 5
4263 4
4264 1
4265 3
4266 2
4267 2
4268 1
4269 2
4270 3
4271 2
4272 0
4273 5
4274 6
4275 5
4276 5
4277 4
4278 6
4279 7
4280 8
4281 8
4282 8
4283 6
4284 8
4285 7
4286 6
4287 5
4288 5
4289 4
4290 3
4291 3
4292 3
4293 2
4294 3
4295 1
4296 2
4297 5
4298 3
4299 6
4300 8
4301 6
4302 5
4303 6
4304 6
4305 5
4306 5
4307 3
4308 0
4309 1
4310 3
4311 5
4312 3
4313 6
4314 10
4315 10
4316 11
4317 10
4318 10
4319 8
4320 8
4321 9
4322 9
4323 10
4324 10
4325 9
4326 11
4327 11
4328 10
4329 13
4330 13
4331 12
4332 14
4333 15
4334 12
4335 12
4336 10
4337 10
4338 11
4339 12
4340 12
4341 11
4342 10
4343 11
4344 12
4345 11
4346 10
4347 9
4348 11
4349 10
4350 11
4351 10
4352 10
4353 11
4354 11
4355 13
4356 11
4357 11
4358 9
4359 9
4360 7
4361 5
4362 3
4363 1
4364 2
4365 1
4366 0
4367 1
4368 2
4369 2
4370 0
4371 5
4372 4
4373 4
4374 4
4375 3
4376 4
4377 3
4378 4
4379 2
4380 4
4381 3
4382 4
4383 5
4384 5
4385 4
4386 2
4387 2
4388 4
4389 2
4390 3
4391 5
4392 5
4393 4
4394 4
4395 7
4396 9
4397 9
4398 6
4399 7
4400 8
4401 9
4402 8
4403 7
4404 6
4405 6
4406 4
4407 2
4408 5
4409 6
4410 6
4411 7
4412 7
4413 8
4414 7
4415 6
4416 4
4417 3
4418 3
4419 1
4420 4
4421 4
4422 4
4423 3
4424 3
4425 2
4426 2
4427 1
4428 1
4429 2
4430 2
4431 2
4432 2
4433 2
4434 1
4435 2
4436 2
4437 3
4438 2
4439 3
4440 3
4441 3
4442 4
4443 5
4444 6
4445 4
4446 3
4447 3
4448 4
4449 5
4450 5
4451 4
4452 5
4453 7
4454 8
4455 7
4456 8
4457 7
4458 6
4459 4
4460 5
4461 5
4462 4
4463 3
4464 4
4465 3
4466 3
4467 5
4468 2
4469 3
4470 3
4471 2
4472 2
4473 4
4474 7
4475 8
4476 6
4477 5
4478 5
4479 5
4480 6
4481 6
4482 4
4483 3
4484 5
4485 3
4486 0
4487 2
4488 4
4489 5
4490 2
4491 4
4492 1
4493 3
4494 3
4495 1
4496 2
4497 3
4498 4
4499 3
4500 4
4501 4
4502 4
4503 5
4504 4
4505 2
4506 3
4507 1
4508 3
4509 2
4510 3
4511 2
4512 1
4513 2
4514 2
4515 5
4516 6
4517 6
4518 7
4519 7
4520 8
4521 6
4522 7
4523 6
4524 4
4525 3
4526 5
4527 5
4528 5
4529 2
4530 0
4531 1
4532 0
4533 3
4534 3
4535 4
4536 3
4537 3
4538 2
4539 3
4540 4
4541 2
4542 3
4543 6
4544 6
4545 5
4546 5
4547 6
4548 5
4549 4
4550 4
4551 4
4552 2
4553 4
4554 5
4555 3
4556 3
4557 1
4558 3
4559 1
4560 5
4561 3
4562 1
4563 2
4564 4
4565 7
4566 7
4567 8
4568 6
4569 7
4570 8
4571 8
4572 8
4573 10
4574 10
4575 11
4576 9
4577 8
4578 8
4579 9
4580 10
4581 9
4582 9
4583 7
4584 8
4585 9
4586 10
4587 8
4588 9
4589 8
4590 8
4591 7
4592 4
4593 5
4594 3
4595 4
4596 5
4597 2
4598 4
4599 4
4600 3
4601 5
4602 7
4603 5
4604 7
4605 7
4606 10
4607 9
4608 11
4609 8
4610 9
4611 9
4612 7
4613 4
4614 3
4615 4
4616 6
4617 6
4618 8
4619 6
4620 6
4621 8
4622 9
4623 10
4624 10
4625 10
4626 11
4627 13
4628 12
4629 11
4630 9
4631 7
4632 9
4633 7
4634 7
4635 8
4636 9
4637 10
4638 9
4639 8
4640 6
4641 5
4642 6
4643 4
4644 5
4645 5
4646 6
4647 5
4648 5
4649 5
4650 2
4651 4
4652 3
4653 1
4654 1
4655 4
4656 6
4657 5
4658 6
4659 7
4660 6
4661 7
4662 7
4663 11
4664 9
4665 8
4666 7
4667 7
4668 7
4669 5
4670 8
4671 7
4672 7
4673 8
4674 8
4675 7
4676 4
4677 5
4678 2
4679 4
4680 3
4681 1
4682 6
4683 5
4684 6
4685 10
4686 8
4687 8
4688 7
4689 7
4690 7
4691 5
4692 3
4693 6
4694 7
4695 7
4696 6
4697 5
4698 7
4699 5
4700 3
4701 4
4702 4
4703 1
4704 4
4705 1
4706 3
4707 2
4708 4
4709 4
4710 1
4711 1
4712 3
4713 1
4714 1
4715 3
4716 8
4717 6
4718 8
4719 6
4720 4
4721 6
4722 8
4723 8
4724 7
4725 8
4726 8
4727 7
4728 8
4729 7
4730 5
4731 6
4732 5
4733 6
4734 7
4735 6
4736 4
4737 6
4738 5
4739 5
4740 4
4741 2
4742 2
4743 3
4744 3
4745 4
4746 2
4747 3
4748 3
4749 2
4750 3
4751 5
4752 3
4753 2
4754 4
4755 4
4756 3
4757 3
4758 0
4759 2
4760 3
4761 5
4762 3
4763 2
4764 3
4765 3
4766 3
4767 2
4768 2
4769 1
4770 5
4771 4
4772 3
4773 4
4774 3
4775 3
4776 4
4777 2
4778 3
4779 1
4780 3
4781 2
4782 2
4783 3
4784 4
4785 5
4786 2
4787 5
4788 3
4789 1
4790 0
4791 3
4792 4
4793 2
4794 1
4795 2
4796 6
4797 7
4798 7
4799 8
4800 7
4801 8
4802 7
4803 6
4804 3
4805 5
4806 4
4807 3
4808 4
4809 6
4810 4
4811 2
4812 1
4813 1
4814 3
4815 3
4816 1
4817 3
4818 2
4819 2
4820 2
4821 3
4822 1
4823 2
4824 4
4825 8
4826 6
4827 5
4828 6
4829 5
4830 5
4831 4
4832 4
4833 6
4834 5
4835 5
4836 6
4837 4
4838 3
4839 4
4840 3
4841 1
4842 2
4843 1
4844 3
4845 3
4846 3
4847 2
4848 1
4849 5
4850 6
4851 6
4852 7
4853 6
4854 5
4855 7
4856 8
4857 8
4858 7
4859 5
4860 4
4861 3
4862 4
4863 6
4864 4
4865 6
4866 6
4867 7
4868 7
4869 6
4870 4
4871 3
4872 1
4873 0
4874 5
4875 4
4876 3
4877 2
4878 2
4879 4
4880 4
4881 4
4882 5
4883 6
4884 5
4885 4
4886 3
4887 4
4888 2
4889 2
4890 2
4891 2
4892 0
4893 1
4894 3
4895 2
4896 2
4897 2
4898 3
4899 5
4900 4
4901 3
4902 2
4903 1
4904 1
4905 3
4906 2
4907 1
4908 1
4909 2
4910 5
4911 6
4912 4
4913 3
4914 2
4915 5
4916 7
4917 7
4918 8
4919 9
4920 9
4921 7
4922 9
4923 11
4924 11
4925 9
4926 10
4927 11
4928 13
4929 11
4930 11
4931 10
4932 8
4933 7
4934 5
4935 4
4936 2
4937 2
4938 2
4939 2
4940 2
4941 2
4942 4
4943 6
4944 8
4945 7
4946 7
4947 5
4948 3
4949 4
4950 4
4951 3
4952 3
4953 2
4954 2
4955 5
4956 4
4957 6
4958 9
4959 8
4960 6
4961 6
4962 8
4963 9
4964 8
4965 8
4966 9
4967 10
4968 9
4969 10
4970 11
4971 9
4972 11
4973 9
4974 9
4975 9
4976 7
4977 7
4978 8
4979 8
4980 10
4981 11
4982 8
4983 13
4984 12
4985 11
4986 11
4987 12
4988 14
4989 15
4990 12
4991 14
4992 16
4993 13
4994 13
4995 12
4996 11
4997 11
4998 10
4999 11
5000 11
5001 8
5002 7
5003 6
5004 5
5005 4
5006 2
5007 3
5008 7
5009 10
5010 10
5011 10
5012 12
5013 12
5014 11
5015 10
5016 8
5017 9
5018 9
5019 12
5020 12
5021 11
5022 12
5023 14
5024 14
5025 13
5026 11
5027 10
5028 9
5029 8
5030 10
5031 8
5032 7
5033 6
5034 5
5035 4
5036 3
5037 3
5038 3
5039 2
5040 3
5041 0
5042 3
5043 4
5044 4
5045 2
5046 3
5047 4
5048 3
5049 4
5050 6
5051 7
5052 5
5053 4
5054 6
5055 4
5056 3
5057 3
5058 2
5059 5
5060 5
5061 4
5062 2
5063 6
5064 6
5065 3
5066 3
5067 1
5068 3
5069 2
5070 2
5071 3
5072 2
5073 4
5074 6
5075 5
5076 6
5077 4
5078 4
5079 3
5080 1
5081 1
5082 1
5083 4
5084 4
5085 4
5086 2
5087 2
5088 2
5089 2
5090 0
5091 3
5092 2
5093 2
5094 5
5095 7
5096 8
5097 10
5098 10
5099 9
5100 11
5101 10
5102 12
5103 11
5104 11
5105 11
5106 13
5107 14
5108 14
5109 14
5110 13
5111 12
5112 12
5113 11
5114 11
5115 12
5116 12
5117 12
5118 11
5119 11
5120 9
5121 12
5122 10
5123 9
5124 12
5125 13
5126 14
5127 11
5128 11
5129 11
5130 11
5131 10
5132 11
5133 10
5134 10
5135 9
5136 8
5137 8
5138 8
5139 7
5140 7
5141 6
5142 7
5143 9
5144 8
5145 7
5146 7
5147 7
5148 5
5149 4
5150 3
5151 4
5152 3
5153 0
5154 3
5155 2
5156 5
5157 5
5158 8
5159 6
5160 5
5161 6
5162 5
5163 6
5164 5
5165 4
5166 6
5167 8
5168 6
5169 4
5170 2
5171 6
5172 6
5173 6
5174 5
5175 4
5176 5
5177 4
5178 2
5179 3
5180 4
5181 8
5182 10
5183 8
5184 9
5185 12
5186 10
5187 9
5188 10
5189 12
5190 12
5191 12
5192 11
5193 10
5194 7
5195 8
5196 8
5197 11
5198 11
5199 11
5200 13
5201 13
5202 12
5203 12
5204 14
5205 13
5206 12
5207 13
5208 13
5209 14
5210 13
5211 14
5212 14
5213 13
5214 11
5215 10
5216 8
5217 8
5218 7
5219 5
5220 4
5221 6
5222 6
5223 5
5224 7
5225 7
5226 7
5227 5
5228 4
5229 6
5230 7
5231 5
5232 7
5233 7
5234 8
5235 7
5236 6
5237 5
5238 7
5239 5
5240 6
5241 6
5242 5
5243 5
5244 4
5245 5
5246 4
5247 2
5248 6
5249 7
5250 5
5251 8
5252 10
5253 10
5254 10
5255 10
5256 11
5257 10
5258 10
5259 10
5260 11
5261 13
5262 14
5263 16
5264 13
5265 13
5266 11
5267 10
5268 10
5269 12
5270 12
5271 11
5272 11
5273 9
5274 8
5275 8
5276 7
5277 8
5278 9
5279 8
5280 8
5281 6
5282 6
5283 8
5284 9
5285 9
5286 8
5287 8
5288 7
5289 7
5290 6
5291 4
5292 3
5293 2
5294 1
5295 2
5296 4
5297 1
5298 3
5299 4
5300 3
5301 2
5302 2
5303 4
5304 5
5305 6
5306 7
5307 6
5308 6
5309 7
5310 6
5311 9
5312 11
5313 11
5314 10
5315 12
5316 13
5317 12
5318 11
5319 10
5320 9
5321 7
5322 10
5323 10
5324 9
5325 10
5326 10
5327 9
5328 9
5329 11
5330 12
5331 13
5332 13
5333 11
5334 12
5335 11
5336 11
5337 11
5338 12
5339 12
5340 12
5341 16
5342 13
5343 15
5344 12
5345 12
5346 11
5347 11
5348 13
5349 14
5350 14
5351 13
5352 15
5353 12
5354 12
5355 14
5356 15
5357 12
5358 12
5359 11
5360 11
5361 11
5362 9
5363 9
5364 10
5365 8
5366 7
5367 6
5368 6
5369 6
5370 5
5371 5
5372 5
5373 5
5374 6
5375 6
5376 4
5377 6
5378 5
5379 4
5380 7
5381 6
5382 6
5383 7
5384 5
5385 6
5386 7
5387 7
5388 7
5389 9
5390 12
5391 12
5392 14
5393 13
5394 14
5395 15
5396 12
5397 12
5398 12
5399 10
5400 12
5401 12
5402 12
5403 11
5404 10
5405 10
5406 10
5407 8
5408 6
5409 6
5410 5
5411 4
5412 5
5413 3
5414 1
5415 3
5416 2
5417 3
5418 2
5419 4
5420 3
5421 2
5422 5
5423 5
5424 7
5425 7
5426 6
5427 4
5428 6
5429 7
5430 8
5431 9
5432 8
5433 9
5434 11
5435 10
5436 10
5437 9
5438 10
5439 10
5440 10
5441 9
5442 10
5443 11
5444 11
5445 10
5446 8
5447 7
5448 6
5449 6
5450 5
5451 4
5452 4
5453 5
5454 5
5455 4
5456 4
5457 7
5458 4
5459 6
5460 6
5461 5
5462 4
5463 3
5464 3
5465 3
5466 3
5467 3
5468 3
5469 2
5470 2
5471 6
5472 5
5473 6
5474 5
5475 4
5476 5
5477 4
5478 1
5479 0
5480 4
5481 6
5482 6
5483 6
5484 6
5485 7
5486 6
5487 7
5488 6
5489 10
5490 9
5491 7
5492 6
5493 6
5494 6
5495 4
5496 4
5497 3
5498 6
5499 4
5500 4
5501 6
5502 5
5503 4
5504 3
5505 2
5506 3
5507 1
5508 2
5509 2
5510 3
5511 3
5512 1
5513 1
5514 2
5515 1
5516 2
5517 2
5518 3
5519 3
5520 2
5521 2
5522 4
5523 6
5524 5
5525 4
5526 5
5527 6
5528 4
5529 4
5530 3
5531 2
5532 6
5533 8
5534 7
5535 7
5536 5
5537 7
5538 9
5539 8
5540 7
5541 5
5542 6
5543 4
5544 6
5545 8
5546 9
5547 11
5548 11
5549 10
5550 11
5551 10
5552 11
5553 12
5554 14
5555 14
5556 13
5557 12
5558 9
5559 11
5560 11
5561 12
5562 9
5563 7
5564 8
5565 9
5566 10
5567 11
5568 11
5569 8
5570 9
5571 9
5572 8
5573 8
5574 9
5575 10
5576 9
5577 9
5578 10
5579 8
5580 9
5581 8
5582 9
5583 9
5584 11
5585 10
5586 9
5587 12
5588 11
5589 9
5590 11
5591 12
5592 12
5593 11
5594 12
5595 12
5596 14
5597 14
5598 13
5599 12
5600 13
5601 13
5602 10
5603 9
5604 7
5605 11
5606 13
5607 11
5608 11
5609 10
5610 10
5611 10
5612 13
5613 12
5614 10
5615 8
5616 7
5617 8
5618 12
5619 14
5620 15
5621 12
5622 13
5623 12
5624 11
5625 12
5626 10
5627 12
5628 11
5629 11
5630 12
5631 11
5632 10
5633 9
5634 7
5635 4
5636 4
5637 4
5638 5
5639 6
5640 6
5641 4
5642 4
5643 4
5644 3
5645 4
5646 5
5647 5
5648 6
5649 7
5650 6
5651 5
5652 5
5653 6
5654 7
5655 5
5656 6
5657 9
5658 8
5659 8
5660 8
5661 10
5662 10
5663 12
5664 10
5665 12
5666 16
5667 13
5668 14
5669 15
5670 12
5671 13
5672 13
5673 11
5674 11
5675 11
5676 10
5677 7
5678 6
5679 4
5680 4
5681 5
5682 7
5683 5
5684 6
5685 6
5686 6
5687 6
5688 8
5689 10
5690 10
5691 9
5692 7
5693 8
5694 8
5695 6
5696 5
5697 5
5698 4
5699 3
5700 5
5701 4
5702 3
5703 5
5704 6
5705 8
5706 9
5707 8
5708 6
5709 5
5710 6
5711 7
5712 7
5713 6
5714 6
5715 4
5716 5
5717 4
5718 4
5719 8
5720 7
5721 7
5722 7
5723 8
5724 9
5725 9
5726 10
5727 12
5728 11
5729 11
5730 11
5731 12
5732 12
5733 11
5734 11
5735 12
5736 13
5737 11
5738 9
5739 11
5740 10
5741 10
5742 11
5743 12
5744 11
5745 14
5746 14
5747 14
5748 12
5749 12
5750 11
5751 12
5752 10
5753 8
5754 9
5755 11
5756 9
5757 7
5758 6
5759 5
5760 5
5761 5
5762 5
5763 7
5764 6
5765 7
5766 8
5767 11
5768 13
5769 14
5770 16
5771 13
5772 12
5773 11
5774 10
5775 7
5776 10
5777 8
5778 7
5779 9
5780 9
5781 11
5782 11
5783 9
5784 7
5785 8
5786 7
5787 6
5788 4
5789 3
5790 3
5791 4
5792 4
5793 3
5794 5
5795 4
5796 4
5797 5
5798 7
5799 6
5800 4
5801 6
5802 9
5803 11
5804 12
5805 13
5806 12
5807 10
5808 8
5809 7
5810 8
5811 7
5812 5
5813 6
5814 5
5815 5
5816 5
5817 7
5818 8
5819 11
5820 13
5821 12
5822 13
5823 13
5824 14
5825 15
5826 12
5827 11
5828 8
5829 9
5830 9
5831 11
5832 10
5833 11
5834 11
5835 12
5836 14
5837 14
5838 15
5839 12
5840 11
5841 11
5842 11
5843 13
5844 11
5845 13
5846 15
5847 12
5848 12
5849 11
5850 9
5851 9
5852 9
5853 7
5854 9
5855 8
5856 5
5857 5
5858 5
5859 3
5860 1
5861 6
5862 8
5863 8
5864 9
5865 9
5866 7
5867 6
5868 6
5869 4
5870 2
5871 1
5872 2
5873 4
5874 1
5875 2
5876 3
5877 2
5878 6
5879 6
5880 9
5881 10
5882 11
5883 9
5884 10
5885 11
5886 10
5887 8
5888 6
5889 5
5890 3
5891 2
5892 5
5893 5
5894 4
5895 5
5896 4
5897 5
5898 6
5899 6
5900 4
5901 2
5902 2
5903 1
5904 3
5905 1
5906 4
5907 5
5908 2
5909 2
5910 1
5911 2
5912 2
5913 3
5914 2
5915 3
5916 3
5917 3
5918 3
5919 1
5920 3
5921 1
5922 2
5923 2
5924 3
5925 4
5926 5
5927 5
5928 7
5929 5
5930 6
5931 6
5932 6
5933 8
5934 8
5935 8
5936 6
5937 8
5938 7
5939 7
5940 8
5941 8
5942 10
5943 10
5944 10
5945 10
5946 11
5947 11
5948 12
5949 12
5950 12
5951 14
5952 15
5953 12
5954 12
5955 14
5956 11
5957 11
5958 10
5959 9
5960 8
5961 9
5962 10
5963 9
5964 6
5965 10
5966 9
5967 9
5968 12
5969 12
5970 13
5971 14
5972 12
5973 12
5974 11
5975 9
5976 12
5977 14
5978 15
5979 12
5980 15
5981 12
5982 13
5983 15
5984 12
5985 13
5986 13
5987 12
5988 9
5989 8
5990 8
5991 6
5992 5
5993 4
5994 4
5995 3
5996 3
5997 3
5998 4
5999 3
6000 7
6001 5
6002 5
6003 6
6004 8
6005 8
6006 8
6007 8
6008 8
6009 8
6010 8
6011 7
6012 6
6013 7
6014 9
6015 7
6016 8
6017 5
6018 5
6019 7
6020 10
6021 12
6022 15
6023 12
6024 13
6025 12
6026 12
6027 13
6028 14
6029 13
6030 11
6031 10
6032 13
6033 13
6034 12
6035 11
6036 10
6037 10
6038 9
6039 7
6040 8
6041 6
6042 3
6043 4
6044 4
6045 4
6046 5
6047 2
6048 4
6049 4
6050 2
6051 2
6052 1
6053 4
6054 4
6055 2
6056 3
6057 2
6058 4
6059 3
6060 2
6061 5
6062 3
6063 2
6064 3
6065 5
6066 6
6067 6
6068 7
6069 10
6070 9
6071 9
6072 7
6073 8
6074 9
6075 9
6076 8
6077 9
6078 7
6079 4
6080 5
6081 6
6082 3
6083 3
6084 2
6085 5
6086 4
6087 5
6088 7
6089 5
6090 5
6091 3
6092 4
6093 4
6094 3
6095 2
6096 4
6097 4
6098 5
6099 3
6100 5
6101 4
6102 4
6103 2
6104 4
6105 5
6106 6
6107 5
6108 2
6109 2
6110 3
6111 2
6112 3
6113 4
6114 4
6115 2
6116 4
6117 1
6118 3
6119 1
6120 2
6121 2
6122 2
6123 3
6124 4
6125 4
6126 8
6127 8
6128 8
6129 10
6130 13
6131 11
6132 8
6133 11
6134 10
6135 11
6136 10
6137 10
6138 9
6139 8
6140 8
6141 9
6142 9
6143 8
6144 9
6145 9
6146 7
6147 6
6148 7
6149 5
6150 5
6151 8
6152 9
6153 10
6154 9
6155 8
6156 5
6157 3
6158 2
6159 2
6160 2
6161 0
6162 2
6163 3
6164 2
6165 2
6166 2
6167 2
6168 3
6169 3
6170 5
6171 4
6172 2
6173 3
6174 2
6175 2
6176 3
6177 2
6178 0
6179 2
6180 6
6181 6
6182 6
6183 9
6184 11
6185 10
6186 9
6187 9
6188 9
6189 11
6190 10
6191 9
6192 8
6193 8
6194 9
6195 10
6196 12
6197 11
6198 14
6199 15
6200 12
6201 12
6202 10
6203 9
6204 8
6205 8
6206 7
6207 7
6208 7
6209 6
6210 8
6211 5
6212 5
6213 7
6214 6
6215 5
6216 4
6217 3
6218 3
6219 2
6220 3
6221 3
6222 2
6223 4
6224 5
6225 5
6226 7
6227 8
6228 7
6229 5
6230 3
6231 2
6232 1
6233 3
6234 2
6235 4
6236 4
6237 3
6238 2
6239 7
6240 7
6241 9
6242 11
6243 12
6244 11
6245 12
6246 12
6247 12
6248 10
6249 12
6250 10
6251 12
6252 12
6253 13
6254 12
6255 14
6256 18
6257 15
6258 12
6259 12
6260 10
6261 12
6262 13
6263 13
6264 11
6265 11
6266 12
6267 10
6268 10
6269 8
6270 5
6271 3
6272 1
6273 3
6274 1
6275 4
6276 3
6277 2
6278 4
6279 3
6280 2
6281 3
6282 1
6283 1
6284 3
6285 4
6286 4
6287 3
6288 2
6289 5
6290 6
6291 6
6292 6
6293 7
6294 6
6295 7
6296 7
6297 7
6298 9
6299 6
6300 6
6301 6
6302 5
6303 5
6304 4
6305 6
6306 9
6307 9
6308 9
6309 9
6310 10
6311 12
6312 12
6313 13
6314 13
6315 11
6316 10
6317 7
6318 5
6319 5
6320 4
6321 4
6322 4
6323 3
6324 3
6325 2
6326 2
6327 2
6328 4
6329 2
6330 3
6331 2
6332 5
6333 4
6334 4
6335 5
6336 4
6337 1
6338 2
6339 1
6340 2
6341 0
6342 2
6343 6
6344 6
6345 5
6346 6
6347 7
6348 9
6349 8
6350 8
6351 8
6352 7
6353 5
6354 5
6355 4
6356 2
6357 3
6358 2
6359 2
6360 3
6361 5
6362 4
6363 8
6364 7
6365 7
6366 6
6367 6
6368 4
6369 4
6370 3
6371 2
6372 5
6373 5
6374 4
6375 2
6376 0
6377 1
6378 2
6379 2
6380 0
6381 3
6382 2
6383 3
6384 4
6385 2
6386 2
6387 2
6388 2
6389 7
6390 7
6391 6
6392 6
6393 5
6394 6
6395 6
6396 5
6397 8
6398 8
6399 8
6400 6
6401 6
6402 9
6403 6
6404 7
6405 7
6406 6
6407 7
6408 7
6409 5
6410 4
6411 3
6412 2
6413 1
6414 3
6415 2
6416 0
6417 6
6418 8
6419 11
6420 10
6421 8
6422 9
6423 10
6424 9
6425 7
6426 6
6427 6
6428 4
6429 6
6430 6
6431 5
6432 3
6433 6
6434 6
6435 6
6436 6
6437 9
6438 7
6439 4
6440 3
6441 4
6442 5
6443 3
6444 2
6445 0
6446 2
6447 4
6448 3
6449 0
6450 4
6451 4
6452 4
6453 4
6454 4
6455 4
6456 5
6457 4
6458 6
6459 5
6460 4
6461 4
6462 1
6463 3
6464 2
6465 1
6466 3
6467 1
6468 1
6469 3
6470 4
6471 5
6472 5
6473 4
6474 1
6475 4
6476 4
6477 4
6478 4
6479 6
6480 9
6481 8
6482 11
6483 10
6484 7
6485 6
6486 9
6487 6
6488 5
6489 5
6490 5
6491 6
6492 6
6493 4
6494 2
6495 3
6496 5
6497 2
6498 5
6499 3
6500 1
6501 4
6502 4
6503 3
6504 5
6505 6
6506 5
6507 6
6508 6
6509 7
6510 7
6511 5
6512 3
6513 4
6514 4
6515 5
6516 5
6517 8
6518 6
6519 5
6520 5
6521 6
6522 5
6523 2
6524 3
6525 1
6526 2
6527 4
6528 5
6529 2
6530 4
6531 3
6532 3
6533 1
6534 3
6535 1
6536 4
6537 3
6538 1
6539 5
6540 3
6541 2
6542 1
6543 4
6544 6
6545 5
6546 4
6547 2
6548 2
6549 2
6550 1
6551 3
6552 1
6553 4
6554 6
6555 4
6556 4
6557 4
6558 4
6559 4
6560 2
6561 4
6562 2
6563 6
6564 5
6565 4
6566 2
6567 3
6568 5
6569 6
6570 4
6571 4
6572 3
6573 1
6574 3
6575 4
6576 3
6577 3
6578 2
6579 2
6580 1
6581 1
6582 5
6583 6
6584 5
6585 5
6586 3
6587 1
6588 2
6589 2
6590 3
6591 2
6592 3
6593 5
6594 5
6595 5
6596 4
6597 3
6598 1
6599 7
6600 4
6601 3
6602 2
6603 2
6604 2
6605 1
6606 3
6607 1
6608 2
6609 3
6610 3
6611 3
6612 5
6613 3
6614 3
6615 6
6616 4
6617 4
6618 3
6619 4
6620 4
6621 1
6622 2
6623 2
6624 3
6625 4
6626 6
6627 6
6628 6
6629 7
6630 6
6631 5
6632 7
6633 5
6634 7
6635 8
6636 8
6637 9
6638 9
6639 9
6640 8
6641 7
6642 8
6643 7
6644 9
6645 10
6646 9
6647 10
6648 8
6649 8
6650 8
6651 9
6652 9
6653 8
6654 5
6655 3
6656 3
6657 1
6658 2
6659 2
6660 5
6661 5
6662 5
6663 5
6664 5
6665 9
6666 10
6667 8
6668 9
6669 9
6670 8
6671 9
6672 8
6673 7
6674 8
6675 6
6676 6
6677 6
6678 8
6679 8
6680 10
6681 11
6682 13
6683 10
6684 12
6685 13
6686 13
6687 12
6688 14
6689 17
6690 14
6691 13
6692 13
6693 14
6694 12
6695 11
6696 10
6697 9
6698 8
6699 7
6700 5
6701 7
6702 7
6703 6
6704 5
6705 3
6706 3
6707 4
6708 1
6709 4
6710 6
6711 3
6712 1
6713 3
6714 1
6715 2
6716 3
6717 3
6718 5
6719 3
6720 4
6721 5
6722 7
6723 9
6724 9
6725 9
6726 11
6727 9
6728 7
6729 5
6730 7
6731 4
6732 2
6733 2
6734 3
6735 4
6736 3
6737 4
6738 3
6739 3
6740 4
6741 3
6742 1
6743 6
6744 5
6745 5
6746 6
6747 4
6748 2
6749 3
6750 3
6751 4
6752 4
6753 2
6754 4
6755 4
6756 2
6757 4
6758 3
6759 3
6760 1
6761 4
6762 6
6763 8
6764 9
6765 8
6766 6
6767 6
6768 7
6769 8
6770 8
6771 7
6772 6
6773 5
6774 4
6775 2
6776 1
6777 2
6778 2
6779 2
6780 2
6781 2
6782 4
6783 3
6784 3
6785 2
6786 5
6787 5
6788 3
6789 2
6790 3
6791 3
6792 3
6793 1
6794 2
6795 4
6796 6
6797 8
6798 8
6799 7
6800 7
6801 6
6802 4
6803 3
6804 2
6805 0
6806 3
6807 1
6808 4
6809 3
6810 1
6811 2
6812 4
6813 3
6814 3
6815 3
6816 2
6817 5
6818 4
6819 4
6820 2
6821 1
6822 4
6823 3
6824 2
6825 4
6826 3
6827 1
6828 0
6829 5
6830 4
6831 7
6832 7
6833 5
6834 7
6835 5
6836 4
6837 4
6838 3
6839 1
6840 2
6841 2
6842 2
6843 2
6844 3
6845 1
6846 3
6847 3
6848 2
6849 3
6850 3
6851 5
6852 5
6853 5
6854 4
6855 3
6856 4
6857 7
6858 8
6859 6
6860 5
6861 6
6862 7
6863 7
6864 9
6865 9
6866 11
6867 11
6868 12
6869 10
6870 10
6871 9
6872 10
6873 11
6874 12
6875 12
6876 11
6877 13
6878 14
6879 13
6880 13
6881 12
6882 12
6883 14
6884 14
6885 13
6886 14
6887 15
6888 12
6889 13
6890 13
6891 13
6892 14
6893 14
6894 13
6895 13
6896 15
6897 12
6898 10
6899 10
6900 9
6901 8
6902 10
6903 10
6904 12
6905 10
6906 9
6907 9
6908 9
6909 8
6910 10
6911 9
6912 10
6913 8
6914 8
6915 9
6916 10
6917 10
6918 8
6919 9
6920 8
6921 8
6922 9
6923 10
6924 12
6925 9
6926 9
6927 9
6928 8
6929 8
6930 6
6931 4
6932 4
6933 6
6934 7
6935 6
6936 6
6937 7
6938 6
6939 3
6940 6
6941 6
6942 5
6943 5
6944 4
6945 3
6946 3
6947 5
6948 6
6949 6
6950 9
6951 9
6952 7
6953 8
6954 8
6955 7
6956 5
6957 3
6958 4
6959 6
6960 5
6961 5
6962 7
6963 7
6964 8
6965 8
6966 7
6967 9
6968 9
6969 8
6970 6
6971 6
6972 8
6973 6
6974 9
6975 7
6976 7
6977 7
6978 4
6979 4
6980 2
6981 2
6982 2
6983 5
6984 4
6985 3
6986 2
6987 2
6988 3
6989 1
6990 4
6991 6
6992 5
6993 4
6994 3
6995 3
6996 3
6997 1
6998 3
6999 5
7000 8
7001 8
7002 5
7003 5
7004 3
7005 2
7006 3
7007 2
7008 3
7009 3
7010 2
7011 4
7012 4
7013 5
7014 5
7015 7
7016 6
7017 5
7018 4
7019 1
7020 2
7021 3
7022 0
7023 3
7024 2
7025 1
7026 1
7027 3
7028 4
7029 5
7030 4
7031 2
7032 0
7033 2
7034 2
7035 1
7036 4
7037 1
7038 0
7039 4
7040 1
7041 2
7042 3
7043 2
7044 2
7045 3
7046 3
7047 2
7048 3
7049 2
7050 3
7051 4
7052 5
7053 8
7054 8
7055 9
7056 6
7057 4
7058 5
7059 5
7060 3
7061 2
7062 2
7063 1
7064 2
7065 4
7066 3
7067 2
7068 4
7069 6
7070 6
7071 11
7072 12
7073 11
7074 12
7075 12
7076 11
7077 12
7078 10
7079 9
7080 9
7081 7
7082 8
7083 9
7084 7
7085 6
7086 6
7087 3
7088 3
7089 5
7090 4
7091 4
7092 3
7093 3
7094 2
7095 5
7096 6
7097 4
7098 4
7099 3
7100 1
7101 2
7102 3
7103 5
7104 7
7105 7
7106 7
7107 8
7108 7
7109 6
7110 5
7111 5
7112 6
7113 6
7114 6
7115 5
7116 5
7117 5
7118 4
7119 5
7120 4
7121 4
7122 6
7123 6
7124 8
7125 5
7126 6
7127 6
7128 4
7129 7
7130 9
7131 7
7132 9
7133 7
7134 7
7135 9
7136 9
7137 10
7138 9
7139 10
7140 9
7141 7
7142 7
7143 7
7144 6
7145 5
7146 4
7147 4
7148 3
7149 5
7150 8
7151 11
7152 10
7153 7
7154 8
7155 8
7156 5
7157 5
7158 5
7159 5
7160 6
7161 5
7162 6
7163 6
7164 6
7165 4
7166 4
7167 1
7168 3
7169 2
7170 3
7171 3
7172 5
7173 5
7174 5
7175 6
7176 7
7177 8
7178 9
7179 7
7180 8
7181 9
7182 8
7183 7
7184 8
7185 5
7186 3
7187 1
7188 3
7189 2
7190 5
7191 3
7192 3
7193 3
7194 3
7195 4
7196 5
7197 5
7198 8
7199 7
7200 5
7201 5
7202 5
7203 6
7204 4
7205 4
7206 1
7207 2
7208 4
7209 6
7210 6
7211 6
7212 6
7213 9
7214 9
7215 8
7216 7
7217 8
7218 7
7219 4
7220 6
7221 5
7222 4
7223 6
7224 8
7225 9
7226 8
7227 5
7228 3
7229 2
7230 4
7231 2
7232 5
7233 7
7234 7
7235 9
7236 10
7237 10
7238 8
7239 5
7240 5
7241 3
7242 2
7243 4
7244 3
7245 2
7246 3
7247 3
7248 0
7249 3
7250 3
7251 2
7252 3
7253 5
7254 3
7255 2
7256 3
7257 2
7258 1
7259 4
7260 5
7261 4
7262 3
7263 4
7264 7
7265 6
7266 4
7267 4
7268 3
7269 5
7270 7
7271 8
7272 10
7273 11
7274 10
7275 10
7276 8
7277 7
7278 7
7279 8
7280 9
7281 8
7282 10
7283 13
7284 13
7285 12
7286 11
7287 8
7288 8
7289 9
7290 8
7291 8
7292 8
7293 9
7294 8
7295 6
7296 7
7297 6
7298 4
7299 5
7300 8
7301 8
7302 7
7303 4
7304 7
7305 7
7306 8
7307 6
7308 3
7309 2
7310 4
7311 4
7312 4
7313 3
7314 3
7315 2
7316 4
7317 4
7318 2
7319 3
7320 3
7321 2
7322 4
7323 2
7324 1
7325 3
7326 2
7327 2
7328 2
7329 2
7330 3
7331 4
7332 4
7333 1
7334 2
7335 2
7336 2
7337 1
7338 1
7339 0
7340 5
7341 8
7342 6
7343 7
7344 6
7345 5
7346 4
7347 4
7348 4
7349 3
7350 3
7351 6
7352 5
7353 4
7354 1
7355 2
7356 4
7357 3
7358 6
7359 8
7360 5
7361 2
7362 2
7363 5
7364 5
7365 7
7366 7
7367 6
7368 7
7369 9
7370 10
7371 10
7372 9
7373 10
7374 11
7375 8
7376 8
7377 9
7378 9
7379 10
7380 10
7381 10
7382 8
7383 5
7384 10
7385 11
7386 11
7387 9
7388 8
7389 7
7390 7
7391 8
7392 8
7393 7
7394 6
7395 7
7396 6
7397 4
7398 7
7399 7
7400 6
7401 5
7402 5
7403 5
7404 7
7405 7
7406 9
7407 8
7408 7
7409 4
7410 3
7411 2
7412 5
7413 5
7414 5
7415 6
7416 6
7417 5
7418 4
7419 5
7420 4
7421 8
7422 8
7423 6
7424 5
7425 6
7426 7
7427 7
7428 9
7429 12
7430 11
7431 13
7432 13
7433 13
7434 11
7435 13
7436 10
7437 10
7438 11
7439 10
7440 9
7441 7
7442 6
7443 4
7444 5
7445 3
7446 2
7447 4
7448 2
7449 3
7450 3
7451 6
7452 5
7453 5
7454 7
7455 7
7456 5
7457 5
7458 4
7459 2
7460 1
7461 1
7462 3
7463 6
7464 7
7465 6
7466 5
7467 5
7468 7
7469 7
7470 5
7471 7
7472 8
7473 7
7474 6
7475 8
7476 8
7477 7
7478 6
7479 7
7480 6
7481 6
7482 4
7483 4
7484 5
7485 5
7486 4
7487 2
7488 1
7489 2
7490 4
7491 4
7492 5
7493 5
7494 5
7495 6
7496 5
7497 3
7498 3
7499 4
7500 4
7501 4
7502 6
7503 5
7504 4
7505 2
7506 2
7507 4
7508 4
7509 5
7510 5
7511 6
7512 6
7513 4
7514 4
7515 2
7516 0
7517 1
7518 0
7519 4
7520 4
7521 6
7522 5
7523 4
7524 4
7525 3
7526 6
7527 6
7528 6
7529 7
7530 7
7531 7
7532 5
7533 4
7534 3
7535 6
7536 7
7537 9
7538 7
7539 8
7540 10
7541 12
7542 12
7543 13
7544 14
7545 13
7546 12
7547 9
7548 9
7549 6
7550 5
7551 4
7552 4
7553 2
7554 3
7555 6
7556 4
7557 3
7558 1
7559 3
7560 4
7561 6
7562 6
7563 6
7564 4
7565 3
7566 2
7567 2
7568 3
7569 3
7570 1
7571 2
7572 3
7573 3
7574 1
7575 3
7576 0
7577 6
7578 7
7579 6
7580 7
7581 7
7582 7
7583 9
7584 11
7585 11
7586 9
7587 8
7588 8
7589 9
7590 9
7591 8
7592 10
7593 10
7594 9
7595 9
7596 8
7597 8
7598 8
7599 9
7600 10
7601 11
7602 12
7603 12
7604 13
7605 13
7606 11
7607 8
7608 8
7609 6
7610 6
7611 3
7612 4
7613 3
7614 2
7615 4
7616 6
7617 5
7618 5
7619 6
7620 6
7621 3
7622 3
7623 3
7624 2
7625 3
7626 4
7627 2
7628 2
7629 2
7630 1
7631 3
7632 2
7633 4
7634 4
7635 3
7636 3
7637 3
7638 4
7639 5
7640 5
7641 5
7642 4
7643 7
7644 8
7645 8
7646 9
7647 9
7648 8
7649 6
7650 7
7651 5
7652 2
7653 3
7654 3
7655 2
7656 2
7657 2
7658 2
7659 1
7660 3
7661 6
7662 4
7663 4
7664 4
7665 4
7666 1
7667 4
7668 3
7669 4
7670 2
7671 3
7672 1
7673 3
7674 3
7675 0
7676 5
7677 9
7678 11
7679 12
7680 12
7681 13
7682 12
7683 12
7684 13
7685 14
7686 17
7687 14
7688 13
7689 12
7690 11
7691 9
7692 8
7693 7
7694 8
7695 7
7696 5
7697 3
7698 6
7699 3
7700 3
7701 2
7702 2
7703 2
7704 4
7705 2
7706 3
7707 2
7708 2
7709 2
7710 2
7711 2
7712 1
7713 3
7714 0
7715 1
7716 2
7717 1
7718 4
7719 2
7720 5
7721 6
7722 5
7723 8
7724 8
7725 7
7726 8
7727 5
7728 5
7729 3
7730 2
7731 4
7732 5
7733 6
7734 7
7735 6
7736 5
7737 4
7738 8
7739 7
7740 7
7741 8
7742 7
7743 7
7744 8
7745 8
7746 6
7747 6
7748 7
7749 7
7750 6
7751 5
7752 5
7753 7
7754 7
7755 10
7756 12
7757 11
7758 12
7759 14
7760 15
7761 12
7762 11
7763 11
7764 9
7765 11
7766 11
7767 11
7768 10
7769 10
7770 7
7771 7
7772 10
7773 10
7774 12
7775 14
7776 12
7777 12
7778 12
7779 11
7780 13
7781 13
7782 13
7783 13
7784 13
7785 12
7786 9
7787 8
7788 6
7789 5
7790 8
7791 5
7792 2
7793 6
7794 8
7795 7
7796 6
7797 5
7798 6
7799 10
7800 9
7801 9
7802 10
7803 11
7804 13
7805 13
7806 14
7807 14
7808 14
7809 16
7810 13
7811 11
7812 9
7813 9
7814 8
7815 5
7816 4
7817 5
7818 5
7819 4
7820 3
7821 3
7822 3
7823 5
7824 3
7825 3
7826 1
7827 2
7828 3
7829 4
7830 2
7831 3
7832 2
7833 3
7834 4
7835 4
7836 8
7837 7
7838 9
7839 8
7840 11
7841 10
7842 11
7843 10
7844 10
7845 9
7846 6
7847 10
7848 8
7849 6
7850 5
7851 6
7852 10
7853 10
7854 13
7855 11
7856 11
7857 10
7858 11
7859 12
7860 14
7861 14
7862 14
7863 16
7864 13
7865 12
7866 11
7867 11
7868 13
7869 12
7870 13
7871 12
7872 10
7873 13
7874 13
7875 13
7876 14
7877 14
7878 14
7879 12
7880 15
7881 12
7882 9
7883 7
7884 7
7885 6
7886 6
7887 3
7888 4
7889 4
7890 2
7891 4
7892 3
7893 3
7894 4
7895 5
7896 6
7897 6
7898 5
7899 4
7900 2
7901 3
7902 3
7903 2
7904 1
7905 1
7906 2
7907 3
7908 4
7909 4
7910 5
7911 5
7912 4
7913 3
7914 2
7915 3
7916 2
7917 4
7918 3
7919 4
7920 4
7921 5
7922 5
7923 5
7924 3
7925 5
7926 5
7927 5
7928 6
7929 5
7930 6
7931 5
7932 4
7933 5
7934 5
7935 7
7936 9
7937 10
7938 8
7939 6
7940 6
7941 6
7942 7
7943 7
7944 5
7945 7
7946 5
7947 4
7948 5
7949 7
7950 6
7951 6
7952 6
7953 7
7954 5
7955 6
7956 7
7957 6
7958 6
7959 5
7960 5
7961 5
7962 6
7963 6
7964 8
7965 9
7966 6
7967 6
7968 7
7969 9
7970 11
7971 10
7972 9
7973 9
7974 9
7975 10
7976 10
7977 12
7978 15
7979 12
7980 13
7981 14
7982 14
7983 14
7984 15
7985 12
7986 12
7987 13
7988 14
7989 14
7990 13
7991 12
7992 13
7993 13
7994 12
7995 11
7996 12
7997 10
7998 9
7999 7
8000 6
8001 10
8002 11
8003 13
8004 13
8005 11
8006 10
8007 11
8008 13
8009 12
8010 12
8011 15
8012 12
8013 13
8014 12
8015 13
8016 14
8017 13
8018 12
8019 12
8020 12
8021 11
8022 10
8023 12
8024 13
8025 12
8026 13
8027 13
8028 14
8029 14
8030 14
8031 13
8032 13
8033 16
8034 13
8035 13
8036 12
8037 13
8038 10
8039 9
8040 9
8041 8
8042 7
8043 7
8044 6
8045 5
8046 5
8047 4
8048 3
8049 2
8050 3
8051 2
8052 2
8053 3
8054 4
8055 3
8056 4
8057 2
8058 5
8059 5
8060 4
8061 3
8062 3
8063 5
8064 5
8065 5
8066 6
8067 6
8068 6
8069 9
8070 7
8071 5
8072 4
8073 6
8074 6
8075 7
8076 9
8077 8
8078 8
8079 6
8080 8
8081 7
8082 11
8083 11
8084 11
8085 12
8086 13
8087 10
8088 12
8089 10
8090 8
8091 7
8092 5
8093 5
8094 6
8095 3
8096 5
8097 5
8098 3
8099 2
8100 2
8101 2
8102 2
8103 5
8104 5
8105 5
8106 7
8107 7
8108 8
8109 8
8110 9
8111 8
8112 8
8113 10
8114 8
8115 8
8116 6
8117 8
8118 7
8119 8
8120 8
8121 7
8122 8
8123 7
8124 8
8125 7
8126 4
8127 2
8128 1
8129 2
8130 2
8131 7
8132 10
8133 9
8134 12
8135 11
8136 13
8137 14
8138 14
8139 15
8140 12
8141 11
8142 9
8143 8
8144 11
8145 9
8146 8
8147 10
8148 10
8149 12
8150 15
8151 12
8152 11
8153 10
8154 9
8155 7
8156 8
8157 9
8158 11
8159 11
8160 9
8161 8
8162 8
8163 8
8164 9
8165 9
8166 7
8167 6
8168 6
8169 7
8170 7
8171 8
8172 7
8173 6
8174 6
8175 6
8176 7
8177 6
8178 7
8179 7
8180 6
8181 4
8182 6
8183 7
8184 7
8185 8
8186 9
8187 8
8188 9
8189 11
8190 13
8191 12
8192 10
8193 10
8194 8
8195 6
8196 4
8197 3
8198 4
8199 4
8200 5
8201 6
8202 6
8203 8
8204 7
8205 6
8206 3
8207 3
8208 2
8209 1
8210 3
8211 2
8212 6
8213 10
8214 12
8215 14
8216 13
8217 15
8218 12
8219 12
8220 11
8221 9
8222 10
8223 7
8224 7
8225 11
8226 9
8227 8
8228 6
8229 8
8230 11
8231 11
8232 12
8233 13
8234 13
8235 12
8236 10
8237 9
8238 10
8239 11
8240 11
8241 10
8242 10
8243 10
8244 9
8245 8
8246 8
8247 7
8248 6
8249 7
8250 6
8251 5
8252 5
8253 6
8254 6
8255 6
8256 6
8257 7
8258 6
8259 7
8260 9
8261 7
8262 7
8263 8
8264 8
8265 9
8266 9
8267 7
8268 6
8269 5
8270 4
8271 3
8272 5
8273 3
8274 5
8275 4
8276 2
8277 3
8278 4
8279 4
8280 5
8281 3
8282 5
8283 5
8284 3
8285 3
8286 5
8287 8
8288 6
8289 8
8290 7
8291 6
8292 5
8293 3
8294 4
8295 4
8296 3
8297 5
8298 5
8299 7
8300 9
8301 8
8302 8
8303 6
8304 5
8305 4
8306 2
8307 3
8308 1
8309 4
8310 5
8311 7
8312 6
8313 6
8314 6
8315 5
8316 5
8317 5
8318 3
8319 2
8320 1
8321 1
8322 3
8323 4
8324 5
8325 4
8326 2
8327 2
8328 3
8329 2
8330 4
8331 3
8332 2
8333 5
8334 7
8335 10
8336 8
8337 9
8338 9
8339 8
8340 11
8341 9
8342 7
8343 7
8344 5
8345 6
8346 5
8347 5
8348 6
8349 7
8350 9
8351 9
8352 8
8353 7
8354 8
8355 6
8356 4
8357 3
8358 3
8359 4
8360 2
8361 3
8362 1
8363 1
8364 4
8365 4
8366 5
8367 7
8368 6
8369 3
8370 2
8371 5
8372 7
8373 7
8374 5
8375 4
8376 5
8377 4
8378 5
8379 5
8380 6
8381 7
8382 7
8383 10
8384 9
8385 8
8386 6
8387 7
8388 6
8389 5
8390 5
8391 5
8392 4
8393 3
8394 3
8395 3
8396 3
8397 5
8398 4
8399 3
8400 3
8401 3
8402 4
8403 2
8404 5
8405 7
8406 7
8407 6
8408 6
8409 7
8410 6
8411 7
8412 5
8413 5
8414 2
8415 2
8416 4
8417 3
8418 2
8419 3
8420 3
8421 2
8422 6
8423 7
8424 10
8425 10
8426 10
8427 8
8428 10
8429 12
8430 12
8431 10
8432 10
8433 11
8434 11
8435 12
8436 14
8437 12
8438 9
8439 9
8440 10
8441 10
8442 9
8443 9
8444 10
8445 10
8446 10
8447 9
8448 7
8449 8
8450 8
8451 7
8452 8
8453 7
8454 6
8455 7
8456 10
8457 9
8458 9
8459 9
8460 11
8461 11
8462 9
8463 7
8464 7
8465 8
8466 8
8467 8
8468 8
8469 10
8470 8
8471 9
8472 11
8473 11
8474 11
8475 15
8476 12
8477 12
8478 9
8479 9
8480 9
8481 10
8482 9
8483 9
8484 7
8485 6
8486 6
8487 4
8488 5
8489 5
8490 5
8491 2
8492 4
8493 4
8494 3
8495 1
8496 3
8497 1
8498 1
8499 2
8500 1
8501 3
8502 1
8503 1
8504 6
8505 4
8506 2
8507 4
8508 7
8509 5
8510 5
8511 4
8512 4
8513 5
8514 4
8515 1
8516 2
8517 4
8518 3
8519 4
8520 4
8521 4
8522 3
8523 1
8524 3
8525 4
8526 3
8527 1
8528 3
8529 3
8530 3
8531 5
8532 4
8533 5
8534 7
8535 7
8536 6
8537 6
8538 7
8539 8
8540 7
8541 7
8542 4
8543 2
8544 2
8545 1
8546 2
8547 3
8548 2
8549 3
8550 4
8551 2
8552 2
8553 2
8554 2
8555 1
8556 2
8557 6
8558 6
8559 5
8560 4
8561 2
8562 4
8563 3
8564 3
8565 5
8566 10
8567 9
8568 7
8569 6
8570 8
8571 9
8572 8
8573 7
8574 9
8575 11
8576 9
8577 10
8578 10
8579 11
8580 10
8581 11
8582 9
8583 11
8584 10
8585 12
8586 10
8587 11
8588 9
8589 10
8590 11
8591 11
8592 12
8593 16
8594 13
8595 13
8596 14
8597 12
8598 12
8599 13
8600 14
8601 13
8602 13
8603 12
8604 13
8605 11
8606 10
8607 11
8608 11
8609 11
8610 12
8611 15
8612 12
8613 9
8614 8
8615 6
8616 4
8617 6
8618 8
8619 9
8620 10
8621 10
8622 12
8623 10
8624 10
8625 11
8626 11
8627 9
8628 7
8629 5
8630 3
8631 1
8632 4
8633 4
8634 5
8635 5
8636 4
8637 5
8638 7
8639 6
8640 5
8641 4
8642 2
8643 2
8644 3
8645 4
8646 3
8647 5
8648 5
8649 5
8650 4
8651 2
8652 1
8653 1
8654 2
8655 4
8656 2
8657 1
8658 7
8659 7
8660 10
8661 8
8662 9
8663 8
8664 8
8665 8
8666 7
8667 7
8668 6
8669 5
8670 6
8671 5
8672 5
8673 4
8674 3
8675 3
8676 2
8677 6
8678 7
8679 6
8680 6
8681 5
8682 7
8683 9
8684 9
8685 7
8686 6
8687 4
8688 3
8689 4
8690 3
8691 2
8692 1
8693 2
8694 3
8695 4
8696 2
8697 2
8698 2
8699 1
8700 4
8701 3
8702 3
8703 4
8704 5
8705 3
8706 0
8707 3
8708 4
8709 4
8710 7
8711 5
8712 4
8713 3
8714 5
8715 7
8716 8
8717 6
8718 5
8719 2
8720 3
8721 3
8722 2
8723 3
8724 1
8725 3
8726 2
8727 4
8728 4
8729 5
8730 5
8731 3
8732 5
8733 3
8734 3
8735 2
8736 3
8737 2
8738 2
8739 0
8740 3
8741 1
8742 0
8743 5
8744 4
8745 3
8746 2
8747 2
8748 2
8749 4
8750 7
8751 7
8752 6
8753 4
8754 4
8755 2
8756 5
8757 5
8758 5
8759 8
8760 6
8761 7
8762 6
8763 5
8764 5
8765 9
8766 12
8767 11
8768 11
8769 10
8770 10
8771 9
8772 13
8773 12
8774 10
8775 9
8776 8
8777 10
8778 10
8779 10
8780 8
8781 8
8782 9
8783 11
8784 9
8785 11
8786 8
8787 8
8788 7
8789 6
8790 4
8791 5
8792 4
8793 4
8794 1
8795 4
8796 4
8797 3
8798 4
8799 5
8800 7
8801 8
8802 8
8803 10
8804 9
8805 8
8806 7
8807 5
8808 3
8809 4
8810 4
8811 3
8812 4
8813 5
8814 5
8815 5
8816 5
8817 4
8818 3
8819 0
8820 3
8821 1
8822 3
8823 2
8824 2
8825 6
8826 4
8827 3
8828 7
8829 7
8830 8
8831 7
8832 6
8833 5
8834 3
8835 3
8836 1
8837 4
8838 3
8839 2
8840 2
8841 4
8842 6
8843 8
8844 8
8845 8
8846 7
8847 5
8848 3
8849 1
8850 4
8851 4
8852 4
8853 3
8854 3
8855 1
8856 4
8857 4
8858 3
8859 4
8860 3
8861 7
8862 8
8863 9
8864 10
8865 8
8866 6
8867 7
8868 7
8869 8
8870 6
8871 6
8872 8
8873 10
8874 11
8875 11
8876 13
8877 12
8878 11
8879 11
8880 10
8881 10
8882 8
8883 9
8884 9
8885 10
8886 7
8887 6
8888 4
8889 3
8890 2
8891 3
8892 4
8893 2
8894 1
8895 2
8896 2
8897 2
8898 2
8899 2
8900 2
8901 4
8902 5
8903 5
8904 7
8905 9
8906 7
8907 7
8908 8
8909 9
8910 9
8911 11
8912 8
8913 9
8914 10
8915 11
8916 10
8917 12
8918 10
8919 12
8920 9
8921 10
8922 11
8923 12
8924 12
8925 11
8926 11
8927 9
8928 11
8929 12
8930 12
8931 13
8932 13
8933 14
8934 15
8935 12
8936 11
8937 13
8938 12
8939 11
8940 11
8941 11
8942 13
8943 12
8944 13
8945 14
8946 19
8947 16
8948 13
8949 10
8950 9
8951 10
8952 10
8953 10
8954 12
8955 13
8956 12
8957 11
8958 11
8959 10
8960 10
8961 8
8962 9
8963 7
8964 6
8965 5
8966 5
8967 5
8968 7
8969 6
8970 8
8971 10
8972 10
8973 12
8974 13
8975 11
8976 12
8977 11
8978 11
8979 11
8980 10
8981 8
8982 7
8983 7
8984 6
8985 6
8986 5
8987 8
8988 7
8989 8
8990 9
8991 9
8992 8
8993 6
8994 6
8995 9
8996 9
8997 9
8998 8
8999 7
9000 7
9001 5
9002 7
9003 6
9004 8
9005 6
9006 5
9007 7
9008 7
9009 6
9010 7
9011 6
9012 6
9013 5
9014 6
9015 8
9016 7
9017 9
9018 10
9019 8
9020 9
9021 8
9022 9
9023 9
9024 11
9025 12
9026 13
9027 12
9028 10
9029 9
9030 8
9031 8
9032 7
9033 7
9034 6
9035 6
9036 5
9037 5
9038 4
9039 5
9040 5
9041 4
9042 6
9043 9
9044 9
9045 9
9046 10
9047 8
9048 6
9049 4
9050 5
9051 6
9052 3
9053 3
9054 1
9055 4
9056 3
9057 4
9058 2
9059 4
9060 2
9061 2
9062 2
9063 2
9064 4
9065 4
9066 6
9067 5
9068 4
9069 4
9070 3
9071 3
9072 1
9073 4
9074 4
9075 6
9076 7
9077 4
9078 5
9079 3
9080 2
9081 3
9082 3
9083 0
9084 1
9085 2
9086 3
9087 3
9088 2
9089 1
9090 4
9091 3
9092 2
9093 2
9094 3
9095 3
9096 6
9097 5
9098 6
9099 8
9100 5
9101 4
9102 1
9103 3
9104 4
9105 3
9106 3
9107 4
9108 3
9109 1
9110 2
9111 2
9112 6
9113 5
9114 6
9115 7
9116 7
9117 9
9118 8
9119 9
9120 9
9121 9
9122 8
9123 6
9124 4
9125 3
9126 3
9127 4
9128 4
9129 5
9130 3
9131 4
9132 7
9133 6
9134 6
9135 5
9136 5
9137 4
9138 7
9139 8
9140 6
9141 5
9142 5
9143 5
9144 4
9145 2
9146 1
9147 1
9148 3
9149 2
9150 5
9151 4
9152 3
9153 2
9154 3
9155 3
9156 4
9157 3
9158 2
9159 3
9160 1
9161 3
9162 4
9163 7
9164 8
9165 11
9166 11
9167 10
9168 8
9169 9
9170 7
9171 6
9172 7
9173 6
9174 7
9175 6
9176 6
9177 5
9178 3
9179 2
9180 0
9181 4
9182 4
9183 2
9184 2
9185 1
9186 4
9187 2
9188 2
9189 3
9190 2
9191 2
9192 4
9193 6
9194 5
9195 3
9196 3
9197 1
9198 6
9199 8
9200 7
9201 9
9202 9
9203 10
9204 9
9205 10
9206 10
9207 8
9208 6
9209 6
9210 6
9211 6
9212 5
9213 6
9214 5
9215 7
9216 6
9217 3
9218 1
9219 3
9220 2
9221 1
9222 4
9223 4
9224 4
9225 5
9226 7
9227 8
9228 9
9229 9
9230 9
9231 6
9232 6
9233 4
9234 2
9235 2
9236 3
9237 3
9238 3
9239 3
9240 4
9241 4
9242 3
9243 6
9244 3
9245 0
9246 3
9247 4
9248 8
9249 9
9250 10
9251 10
9252 14
9253 14
9254 16
9255 13
9256 16
9257 13
9258 12
9259 10
9260 8
9261 10
9262 8
9263 9
9264 10
9265 9
9266 11
9267 10
9268 7
9269 7
9270 7
9271 9
9272 9
9273 8
9274 5
9275 5
9276 4
9277 5
9278 6
9279 3
9280 2
9281 4
9282 5
9283 4
9284 4
9285 4
9286 2
9287 2
9288 4
9289 3
9290 2
9291 2
9292 4
9293 3
9294 4
9295 4
9296 4
9297 4
9298 6
9299 4
9300 4
9301 6
9302 5
9303 2
9304 2
9305 1
9306 8
9307 6
9308 3
9309 3
9310 1
9311 2
9312 1
9313 3
9314 5
9315 6
9316 6
9317 6
9318 6
9319 9
9320 12
9321 12
9322 12
9323 12
9324 14
9325 14
9326 12
9327 15
9328 12
9329 11
9330 11
9331 12
9332 11
9333 10
9334 12
9335 12
9336 10
9337 10
9338 11
9339 11
9340 10
9341 8
9342 8
9343 9
9344 8
9345 9
9346 10
9347 10
9348 10
9349 9
9350 10
9351 7
9352 6
9353 7
9354 8
9355 6
9356 4
9357 3
9358 5
9359 4
9360 3
9361 1
9362 3
9363 0
9364 1
9365 4
9366 3
9367 4
9368 4
9369 3
9370 1
9371 2
9372 4
9373 5
9374 3
9375 3
9376 5
9377 2
9378 1
9379 3
9380 2
9381 1
9382 3
9383 1
9384 4
9385 5
9386 2
9387 4
9388 4
9389 3
9390 2
9391 2
9392 4
9393 4
9394 5
9395 2
9396 1
9397 4
9398 1
9399 3
9400 0
9401 4
9402 3
9403 4
9404 4
9405 2
9406 2
9407 2
9408 2
9409 1
9410 4
9411 4
9412 5
9413 5
9414 4
9415 5
9416 3
9417 7
9418 7
9419 8
9420 9
9421 8
9422 6
9423 4
9424 3
9425 2
9426 4
9427 4
9428 1
9429 3
9430 2
9431 3
9432 6
9433 6
9434 5
9435 4
9436 6
9437 8
9438 6
9439 7
9440 7
9441 8
9442 8
9443 7
9444 8
9445 8
9446 7
9447 6
9448 6
9449 3
9450 3
9451 4
9452 1
9453 2
9454 5
9455 6
9456 6
9457 8
9458 7
9459 6
9460 6
9461 7
9462 6
9463 5
9464 3
9465 4
9466 3
9467 5
9468 3
9469 2
9470 3
9471 3
9472 3
9473 4
9474 2
9475 4
9476 3
9477 3
9478 5
9479 6
9480 6
9481 7
9482 8
9483 11
9484 9
9485 8
9486 8
9487 8
9488 8
9489 8
9490 8
9491 7
9492 8
9493 9
9494 9
9495 7
9496 8
9497 9
9498 8
9499 9
9500 7
9501 8
9502 8
9503 9
9504 7
9505 10
9506 8
9507 8
9508 10
9509 9
9510 13
9511 12
9512 13
9513 13
9514 13
9515 12
9516 16
9517 13
9518 12
9519 10
9520 8
9521 8
9522 7
9523 9
9524 7
9525 7
9526 6
9527 6
9528 7
9529 6
9530 8
9531 9
9532 12
9533 12
9534 10
9535 12
9536 10
9537 11
9538 9
9539 9
9540 10
9541 8
9542 9
9543 7
9544 9
9545 8
9546 10
9547 10
9548 10
9549 10
9550 10
9551 10
9552 9
9553 8
9554 8
9555 11
9556 9
9557 10
9558 9
9559 8
9560 9
9561 9
9562 9
9563 11
9564 13
9565 13
9566 11
9567 8
9568 12
9569 13
9570 13
9571 14
9572 14
9573 14
9574 13
9575 11
9576 11
9577 11
9578 12
9579 11
9580 11
9581 10
9582 9
9583 8
9584 5
9585 4
9586 2
9587 3
9588 3
9589 4
9590 6
9591 4
9592 8
9593 7
9594 6
9595 5
9596 6
9597 8
9598 9
9599 9
9600 9
9601 9
9602 9
9603 8
9604 8
9605 7
9606 8
9607 8
9608 9
9609 11
9610 11
9611 9
9612 8
9613 7
9614 6
9615 5
9616 4
9617 1
9618 3
9619 2
9620 3
9621 6
9622 6
9623 4
9624 7
9625 6
9626 6
9627 9
9628 7
9629 7
9630 6
9631 4
9632 8
9633 8
9634 8
9635 8
9636 7
9637 7
9638 7
9639 8
9640 10
9641 9
9642 10
9643 11
9644 11
9645 9
9646 9
9647 7
9648 6
9649 6
9650 6
9651 4
9652 4
9653 4
9654 6
9655 7
9656 5
9657 4
9658 4
9659 1
9660 4
9661 5
9662 3
9663 4
9664 2
9665 0
9666 0
9667 1
9668 4
9669 4
9670 3
9671 3
9672 3
9673 3
9674 3
9675 2
9676 5
9677 5
9678 4
9679 2
9680 4
9681 6
9682 5
9683 4
9684 2
9685 4
9686 3
9687 1
9688 4
9689 5
9690 4
9691 5
9692 5
9693 5
9694 4
9695 6
9696 6
9697 5
9698 4
9699 6
9700 4
9701 5
9702 5
9703 6
9704 5
9705 8
9706 7
9707 4
9708 5
9709 5
9710 4
9711 1
9712 5
9713 4
9714 5
9715 4
9716 4
9717 5
9718 4
9719 4
9720 4
9721 3
9722 1
9723 1
9724 4
9725 4
9726 1
9727 0
9728 1
9729 4
9730 5
9731 5
9732 7
9733 10
9734 9
9735 10
9736 12
9737 10
9738 9
9739 8
9740 6
9741 4
9742 2
9743 3
9744 0
9745 5
9746 7
9747 7
9748 8
9749 11
9750 11
9751 11
9752 10
9753 9
9754 8
9755 7
9756 9
9757 9
9758 8
9759 8
9760 7
9761 8
9762 8
9763 6
9764 6
9765 4
9766 2
9767 3
9768 2
9769 3
9770 4
9771 4
9772 1
9773 1
9774 4
9775 4
9776 5
9777 6
9778 5
9779 6
9780 5
9781 7
9782 6
9783 4
9784 3
9785 4
9786 5
9787 5
9788 6
9789 5
9790 5
9791 7
9792 8
9793 9
9794 8
9795 9
9796 9
9797 10
9798 11
9799 9
9800 10
9801 10
9802 9
9803 7
9804 5
9805 5
9806 7
9807 8
9808 6
9809 5
9810 6
9811 7
9812 9
9813 9
9814 9
9815 10
9816 9
9817 12
9818 9
9819 9
9820 6
9821 4
9822 4
9823 4
9824 3
9825 2
9826 4
9827 4
9828 2
9829 0
9830 3
9831 5
9832 7
9833 6
9834 7
9835 9
9836 9
9837 8
9838 7
9839 6
9840 4
9841 6
9842 7
9843 7
9844 6
9845 5
9846 4
9847 4
9848 3
9849 3
9850 1
9851 3
9852 5
9853 5
9854 3
9855 4
9856 4
9857 5
9858 6
9859 6
9860 6
9861 7
9862 6
9863 7
9864 5
9865 5
9866 5
9867 4
9868 3
9869 0
9870 2
9871 5
9872 4
9873 3
9874 2
9875 2
9876 4
9877 3
9878 1
9879 3
9880 3
9881 3
9882 5
9883 6
9884 6
9885 5
9886 6
9887 4
9888 4
9889 2
9890 1
9891 2
9892 5
9893 4
9894 1
9895 5
9896 5
9897 5
9898 3
9899 5
9900 5
9901 3
9902 3
9903 3
9904 3
9905 4
9906 5
9907 6
9908 3
9909 3
9910 3
9911 2
9912 0
9913 2
9914 3
9915 4
9916 2
9917 3
9918 3
9919 3
9920 1
9921 1
9922 4
9923 7
9924 9
9925 9
9926 8
9927 9
9928 10
9929 10
9930 10
9931 11
9932 13
9933 13
9934 12
9935 11
9936 11
9937 9
9938 9
9939 11
9940 10
9941 9
9942 7
9943 6
9944 6
9945 5
9946 5
9947 3
9948 2
9949 6
9950 3
9951 1
9952 5
9953 7
9954 7
9955 5
9956 3
9957 4
9958 3
9959 3
9960 3
9961 3
9962 5
9963 3
9964 3
9965 2
9966 7
9967 8
9968 6
9969 8
9970 7
9971 7
9972 6
9973 8
9974 7
9975 4
9976 3
9977 6
9978 8
9979 10
9980 12
9981 12
9982 13
9983 12
9984 13
9985 15
9986 12
9987 9
9988 8
9989 7
9990 6
9991 6
9992 7
9993 7
9994 7
9995 6
9996 5
9997 6
9998 9
9999 9
