0 9
1 14
2 14
3 14
4 13
5 14
6 13
7 12
8 13
9 14
10 11
11 9
12 10
13 15
14 12
15 12
16 12
17 11
18 12
19 12
20 13
21 12
22 11
23 11
24 13
25 13
26 14
27 12
28 12
29 12
30 13
31 15
32 12
33 9
34 9
35 11
36 10
37 8
38 7
39 5
40 4
41 4
42 6
43 5
44 4
45 5
46 5
47 5
48 5
49 8
50 7
51 10
52 10
53 10
54 9
55 11
56 11
57 10
58 13
59 13
60 14
61 15
62 12
63 12
64 14
65 14
66 16
67 13
68 13
69 12
70 14
71 14
72 17
73 14
74 13
75 15
76 12
77 11
78 12
79 12
80 11
81 12
82 13
83 13
84 12
85 11
86 11
87 12
88 10
89 11
90 10
91 9
92 10
93 13
94 12
95 11
96 11
97 11
98 10
99 9
100 9
101 9
102 6
103 6
104 6
105 7
106 9
107 9
108 9
109 10
110 9
111 9
112 6
113 4
114 4
115 7
116 6
117 7
118 8
119 7
120 9
121 8
122 9
123 8
124 10
125 7
126 7
127 5
128 5
129 7
130 5
131 3
132 3
133 4
134 5
135 5
136 4
137 7
138 9
139 9
140 13
141 15
142 12
143 12
144 14
145 13
146 14
147 12
148 11
149 13
150 11
151 11
152 12
153 12
154 11
155 11
156 12
157 14
158 14
159 12
160 12
161 13
162 15
163 12
164 11
165 11
166 11
167 9
168 9
169 9
170 8
171 6
172 6
173 4
174 3
175 3
176 3
177 1
178 4
179 5
180 7
181 6
182 6
183 5
184 4
185 4
186 6
187 9
188 7
189 6
190 6
191 7
192 7
193 6
194 4
195 3
196 3
197 4
198 3
199 3
200 5
201 5
202 3
203 3
204 3
205 5
206 7
207 6
208 5
209 4
210 4
211 3
212 5
213 4
214 3
215 2
216 6
217 5
218 3
219 3
220 3
221 3
222 6
223 4
224 5
225 2
226 3
227 2
228 4
229 4
230 4
231 4
232 2
233 3
234 2
235 6
236 7
237 6
238 8
239 7
240 7
241 8
242 8
243 6
244 6
245 5
246 5
247 4
248 3
249 4
250 5
251 4
252 4
253 6
254 5
255 3
256 1
257 3
258 4
259 2
260 3
261 3
262 5
263 5
264 5
265 5
266 9
267 9
268 11
269 11
270 11
271 9
272 9
273 8
274 6
275 5
276 3
277 4
278 3
279 5
280 6
281 8
282 8
283 9
284 10
285 10
286 11
287 12
288 11
289 11
290 11
291 10
292 8
293 10
294 11
295 13
296 13
297 14
298 15
299 12
300 13
301 13
302 12
303 12
304 13
305 15
306 12
307 13
308 12
309 11
310 11
311 9
312 10
313 7
314 4
315 4
316 3
317 3
318 2
319 2
320 6
321 7
322 7
323 9
324 9
325 11
326 12
327 13
328 14
329 14
330 14
331 16
332 13
333 15
334 12
335 13
336 14
337 15
338 12
339 13
340 12
341 11
342 10
343 10
344 10
345 12
346 11
347 13
348 12
349 13
350 12
351 14
352 11
353 12
354 11
355 11
356 11
357 11
358 10
359 10
360 8
361 7
362 5
363 6
364 6
365 6
366 4
367 1
368 4
369 4
370 4
371 4
372 4
373 5
374 6
375 7
376 6
377 5
378 6
379 7
380 6
381 6
382 6
383 5
384 7
385 5
386 3
387 3
388 6
389 8
390 6
391 6
392 7
393 9
394 10
395 12
396 12
397 14
398 13
399 14
400 12
401 12
402 14
403 14
404 16
405 13
406 11
407 12
408 13
409 11
410 10
411 9
412 8
413 6
414 6
415 7
416 6
417 4
418 5
419 3
420 4
421 5
422 4
423 6
424 8
425 8
426 9
427 8
428 8
429 6
430 9
431 11
432 12
433 13
434 11
435 12
436 13
437 15
438 12
439 14
440 14
441 14
442 16
443 13
444 12
445 9
446 12
447 12
448 10
449 12
450 12
451 11
452 13
453 13
454 16
455 13
456 13
457 11
458 12
459 12
460 12
461 12
462 14
463 15
464 12
465 14
466 16
467 13
468 16
469 13
470 13
471 14
472 15
473 12
474 10
475 9
476 9
477 9
478 13
479 14
480 16
481 13
482 11
483 12
484 11
485 10
486 8
487 9
488 10
489 11
490 9
491 8
492 9
493 10
494 10
495 10
496 11
497 11
498 8
499 7
500 10
501 8
502 8
503 7
504 9
505 8
506 9
507 13
508 14
509 13
510 13
511 14
512 15
513 12
514 12
515 13
516 12
517 14
518 14
519 14
520 13
521 13
522 12
523 11
524 13
525 15
526 12
527 11
528 12
529 13
530 14
531 13
532 12
533 10
534 13
535 14
536 14
537 15
538 12
539 11
540 10
541 8
542 8
543 7
544 8
545 8
546 7
547 11
548 10
549 11
550 9
551 9
552 8
553 7
554 7
555 6
556 8
557 7
558 6
559 8
560 12
561 13
562 14
563 13
564 13
565 12
566 13
567 12
568 14
569 13
570 13
571 13
572 12
573 14
574 14
575 15
576 12
577 12
578 11
579 12
580 12
581 16
582 13
583 13
584 14
585 14
586 13
587 13
588 16
589 13
590 12
591 12
592 13
593 13
594 16
595 13
596 14
597 13
598 11
599 13
600 14
601 15
602 12
603 12
604 11
605 12
606 10
607 8
608 10
609 9
610 7
611 9
612 10
613 10
614 10
615 8
616 7
617 6
618 8
619 10
620 11
621 9
622 9
623 9
624 9
625 8
626 9
627 9
628 8
629 8
630 6
631 7
632 5
633 5
634 5
635 4
636 4
637 3
638 2
639 3
640 0
641 3
642 2
643 2
644 3
645 2
646 1
647 6
648 6
649 6
650 5
651 3
652 5
653 6
654 7
655 5
656 3
657 3
658 1
659 5
660 5
661 8
662 8
663 6
664 5
665 6
666 7
667 8
668 8
669 8
670 7
671 10
672 10
673 12
674 11
675 14
676 17
677 14
678 12
679 16
680 13
681 11
682 9
683 10
684 11
685 8
686 8
687 9
688 9
689 9
690 8
691 8
692 7
693 6
694 5
695 6
696 5
697 5
698 6
699 6
700 8
701 6
702 5
703 8
704 6
705 7
706 9
707 6
708 4
709 4
710 2
711 3
712 1
713 3
714 1
715 4
716 3
717 4
718 6
719 5
720 6
721 8
722 6
723 6
724 5
725 7
726 9
727 9
728 7
729 10
730 11
731 12
732 12
733 14
734 13
735 12
736 14
737 13
738 13
739 15
740 12
741 11
742 13
743 14
744 14
745 14
746 15
747 12
748 14
749 13
750 14
751 17
752 14
753 16
754 13
755 15
756 12
757 12
758 14
759 13
760 12
761 9
762 10
763 9
764 10
765 8
766 8
767 9
768 7
769 7
770 10
771 8
772 10
773 10
774 9
775 10
776 8
777 7
778 6
779 7
780 8
781 10
782 9
783 7
784 10
785 13
786 11
787 10
788 9
789 7
790 8
791 7
792 6
793 5
794 5
795 5
796 3
797 5
798 9
799 10
800 10
801 10
802 12
803 12
804 11
805 10
806 9
807 11
808 11
809 12
810 15
811 12
812 13
813 13
814 13
815 15
816 12
817 13
818 14
819 14
820 13
821 13
822 10
823 8
824 7
825 6
826 6
827 4
828 4
829 6
830 6
831 9
832 8
833 10
834 10
835 9
836 9
837 11
838 11
839 10
840 7
841 7
842 7
843 5
844 5
845 3
846 3
847 0
848 1
849 4
850 3
851 2
852 4
853 2
854 3
855 3
856 4
857 5
858 6
859 5
860 7
861 8
862 7
863 6
864 7
865 8
866 7
867 8
868 8
869 9
870 9
871 7
872 9
873 7
874 8
875 10
876 11
877 10
878 12
879 12
880 13
881 11
882 10
883 10
884 8
885 10
886 10
887 9
888 9
889 10
890 12
891 12
892 15
893 12
894 13
895 12
896 10
897 13
898 13
899 14
900 14
901 12
902 11
903 10
904 10
905 10
906 9
907 8
908 7
909 5
910 5
911 5
912 3
913 3
914 3
915 3
916 3
917 3
918 3
919 0
920 1
921 1
922 3
923 6
924 4
925 6
926 9
927 8
928 9
929 10
930 10
931 8
932 8
933 5
934 7
935 6
936 4
937 8
938 10
939 13
940 13
941 14
942 14
943 16
944 13
945 11
946 13
947 13
948 12
949 11
950 11
951 11
952 14
953 13
954 14
955 13
956 13
957 11
958 10
959 10
960 10
961 13
962 12
963 12
964 12
965 11
966 11
967 10
968 11
969 12
970 12
971 11
972 11
973 11
974 9
975 9
976 7
977 4
978 2
979 5
980 3
981 1
982 3
983 2
984 3
985 5
986 3
987 3
988 4
989 5
990 4
991 5
992 4
993 4
994 4
995 4
996 3
997 0
998 4
999 6
1000 5
1001 7
1002 9
1003 10
1004 10
1005 8
1006 9
1007 8
1008 9
1009 11
1010 11
1011 13
1012 11
1013 11
1014 13
1015 12
1016 12
1017 11
1018 12
1019 13
1020 14
1021 14
1022 13
1023 12
1024 14
1025 13
1026 10
1027 11
1028 11
1029 13
1030 12
1031 13
1032 12
1033 13
1034 11
1035 9
1036 11
1037 13
1038 14
1039 15
1040 12
1041 13
1042 13
1043 13
1044 14
1045 15
1046 12
1047 12
1048 14
1049 13
1050 10
1051 8
1052 8
1053 9
1054 11
1055 9
1056 8
1057 9
1058 9
1059 11
1060 10
1061 8
1062 7
1063 6
1064 7
1065 7
1066 10
1067 8
1068 9
1069 8
1070 8
1071 5
1072 4
1073 2
1074 2
1075 2
1076 2
1077 3
1078 2
1079 6
1080 6
1081 5
1082 6
1083 7
1084 7
1085 7
1086 6
1087 6
1088 4
1089 4
1090 5
1091 8
1092 10
1093 9
1094 10
1095 12
1096 13
1097 16
1098 13
1099 11
1100 10
1101 9
1102 9
1103 8
1104 7
1105 8
1106 9
1107 11
1108 12
1109 14
1110 14
1111 14
1112 14
1113 15
1114 12
1115 14
1116 15
1117 12
1118 14
1119 12
1120 13
1121 11
1122 11
1123 10
1124 10
1125 12
1126 12
1127 13
1128 12
1129 13
1130 15
1131 12
1132 12
1133 11
1134 11
1135 11
1136 11
1137 12
1138 12
1139 11
1140 10
1141 11
1142 10
1143 10
1144 8
1145 8
1146 7
1147 7
1148 7
1149 8
1150 10
1151 11
1152 11
1153 9
1154 7
1155 7
1156 6
1157 4
1158 6
1159 4
1160 4
1161 4
1162 3
1163 4
1164 5
1165 6
1166 8
1167 10
1168 9
1169 8
1170 8
1171 8
1172 9
1173 8
1174 6
1175 4
1176 5
1177 5
1178 6
1179 5
1180 7
1181 8
1182 8
1183 6
1184 5
1185 6
1186 8
1187 8
1188 8
1189 8
1190 7
1191 8
1192 8
1193 9
1194 7
1195 8
1196 10
1197 10
1198 9
1199 9
1200 12
1201 13
1202 12
1203 14
1204 13
1205 12
1206 14
1207 12
1208 11
1209 12
1210 13
1211 14
1212 14
1213 11
1214 12
1215 12
1216 12
1217 13
1218 15
1219 12
1220 13
1221 14
1222 12
1223 11
1224 11
1225 11
1226 11
1227 14
1228 15
1229 12
1230 11
1231 12
1232 14
1233 15
1234 12
1235 12
1236 12
1237 11
1238 11
1239 12
1240 14
1241 12
1242 14
1243 13
1244 12
1245 15
1246 12
1247 13
1248 14
1249 14
1250 16
1251 13
1252 13
1253 15
1254 12
1255 12
1256 12
1257 11
1258 10
1259 11
1260 9
1261 7
1262 9
1263 10
1264 10
1265 12
1266 13
1267 13
1268 12
1269 10
1270 10
1271 9
1272 11
1273 13
1274 15
1275 12
1276 11
1277 11
1278 14
1279 11
1280 10
1281 11
1282 14
1283 12
1284 13
1285 12
1286 12
1287 12
1288 15
1289 12
1290 14
1291 11
1292 12
1293 12
1294 10
1295 10
1296 11
1297 11
1298 9
1299 9
1300 11
1301 12
1302 13
1303 14
1304 16
1305 13
1306 12
1307 13
1308 13
1309 15
1310 12
1311 11
1312 14
1313 14
1314 15
1315 12
1316 13
1317 14
1318 12
1319 10
1320 9
1321 10
1322 10
1323 8
1324 7
1325 8
1326 9
1327 9
1328 9
1329 9
1330 10
1331 9
1332 7
1333 7
1334 7
1335 5
1336 6
1337 6
1338 7
1339 7
1340 7
1341 8
1342 8
1343 10
1344 9
1345 7
1346 7
1347 9
1348 9
1349 8
1350 8
1351 6
1352 5
1353 7
1354 4
1355 5
1356 5
1357 4
1358 2
1359 3
1360 5
1361 5
1362 3
1363 3
1364 3
1365 1
1366 1
1367 2
1368 3
1369 2
1370 4
1371 3
1372 1
1373 3
1374 2
1375 3
1376 6
1377 5
1378 4
1379 6
1380 5
1381 6
1382 4
1383 2
1384 5
1385 5
1386 4
1387 7
1388 7
1389 7
1390 8
1391 7
1392 7
1393 7
1394 6
1395 4
1396 3
1397 2
1398 5
1399 4
1400 5
1401 5
1402 6
1403 6
1404 7
1405 6
1406 9
1407 10
1408 10
1409 10
1410 12
1411 10
1412 10
1413 11
1414 14
1415 16
1416 13
1417 13
1418 16
1419 13
1420 11
1421 13
1422 15
1423 12
1424 13
1425 14
1426 14
1427 16
1428 13
1429 12
1430 14
1431 13
1432 13
1433 13
1434 12
1435 11
1436 9
1437 8
1438 7
1439 10
1440 11
1441 11
1442 12
1443 13
1444 13
1445 14
1446 14
1447 14
1448 17
1449 14
1450 15
1451 12
1452 11
1453 13
1454 15
1455 12
1456 13
1457 15
1458 12
1459 12
1460 13
1461 12
1462 12
1463 11
1464 11
1465 13
1466 14
1467 16
1468 13
1469 12
1470 15
1471 12
1472 11
1473 12
1474 13
1475 14
1476 14
1477 12
1478 9
1479 8
1480 7
1481 8
1482 7
1483 10
1484 12
1485 11
1486 11
1487 12
1488 12
1489 10
1490 11
1491 12
1492 15
1493 12
1494 13
1495 16
1496 13
1497 12
1498 12
1499 13
1500 13
1501 15
1502 12
1503 13
1504 16
1505 13
1506 13
1507 12
1508 11
1509 11
1510 12
1511 13
1512 12
1513 12
1514 14
1515 16
1516 13
1517 11
1518 11
1519 11
1520 10
1521 10
1522 7
1523 5
1524 6
1525 8
1526 10
1527 10
1528 11
1529 12
1530 11
1531 11
1532 11
1533 9
1534 10
1535 10
1536 13
1537 12
1538 14
1539 17
1540 14
1541 13
1542 14
1543 16
1544 13
1545 16
1546 13
1547 14
1548 15
1549 12
1550 13
1551 11
1552 10
1553 12
1554 10
1555 12
1556 12
1557 12
1558 10
1559 10
1560 9
1561 10
1562 9
1563 9
1564 10
1565 9
1566 10
1567 10
1568 13
1569 14
1570 13
1571 13
1572 14
1573 13
1574 13
1575 12
1576 14
1577 15
1578 12
1579 13
1580 11
1581 14
1582 17
1583 14
1584 15
1585 12
1586 11
1587 11
1588 11
1589 11
1590 10
1591 10
1592 12
1593 13
1594 13
1595 14
1596 15
1597 12
1598 11
1599 12
1600 15
1601 12
1602 13
1603 13
1604 11
1605 10
1606 13
1607 16
1608 13
1609 13
1610 16
1611 13
1612 13
1613 15
1614 12
1615 11
1616 9
1617 8
1618 7
1619 6
1620 5
1621 6
1622 8
1623 8
1624 11
1625 11
1626 11
1627 13
1628 12
1629 14
1630 16
1631 13
1632 12
1633 10
1634 10
1635 12
1636 12
1637 12
1638 16
1639 13
1640 15
1641 12
1642 13
1643 14
1644 17
1645 14
1646 14
1647 16
1648 13
1649 12
1650 13
1651 13
1652 13
1653 13
1654 12
1655 11
1656 12
1657 12
1658 12
1659 11
1660 11
1661 12
1662 11
1663 11
1664 9
1665 10
1666 8
1667 6
1668 7
1669 6
1670 5
1671 5
1672 5
1673 3
1674 3
1675 1
1676 1
1677 1
1678 5
1679 6
1680 4
1681 1
1682 4
1683 5
1684 4
1685 2
1686 4
1687 3
1688 6
1689 3
1690 3
1691 4
1692 6
1693 5
1694 5
1695 7
1696 6
1697 6
1698 8
1699 9
1700 8
1701 9
1702 7
1703 7
1704 6
1705 8
1706 12
1707 12
1708 14
1709 16
1710 13
1711 10
1712 10
1713 10
1714 10
1715 9
1716 8
1717 8
1718 11
1719 13
1720 14
1721 16
1722 13
1723 11
1724 11
1725 11
1726 12
1727 13
1728 11
1729 10
1730 10
1731 10
1732 11
1733 10
1734 10
1735 11
1736 11
1737 8
1738 7
1739 8
1740 8
1741 9
1742 8
1743 8
1744 6
1745 8
1746 8
1747 6
1748 7
1749 6
1750 6
1751 10
1752 12
1753 9
1754 7
1755 7
1756 8
1757 7
1758 7
1759 7
1760 6
1761 9
1762 8
1763 10
1764 8
1765 10
1766 8
1767 6
1768 7
1769 5
1770 4
1771 3
1772 4
1773 4
1774 3
1775 4
1776 3
1777 6
1778 7
1779 8
1780 7
1781 8
1782 9
1783 9
1784 9
1785 11
1786 11
1787 11
1788 13
1789 13
1790 15
1791 12
1792 12
1793 11
1794 11
1795 8
1796 8
1797 6
1798 5
1799 3
1800 3
1801 2
1802 4
1803 4
1804 3
1805 4
1806 2
1807 3
1808 3
1809 2
1810 6
1811 7
1812 9
1813 11
1814 14
1815 12
1816 11
1817 11
1818 10
1819 8
1820 9
1821 9
1822 8
1823 11
1824 9
1825 8
1826 8
1827 9
1828 12
1829 12
1830 11
1831 12
1832 12
1833 10
1834 11
1835 10
1836 8
1837 8
1838 7
1839 5
1840 4
1841 1
1842 3
1843 3
1844 3
1845 5
1846 3
1847 2
1848 4
1849 5
1850 5
1851 7
1852 9
1853 8
1854 10
1855 10
1856 11
1857 11
1858 11
1859 12
1860 9
1861 9
1862 9
1863 9
1864 11
1865 12
1866 10
1867 9
1868 8
1869 11
1870 13
1871 13
1872 15
1873 12
1874 10
1875 9
1876 9
1877 9
1878 9
1879 10
1880 11
1881 11
1882 12
1883 13
1884 13
1885 12
1886 9
1887 10
1888 9
1889 7
1890 9
1891 7
1892 5
1893 7
1894 6
1895 6
1896 7
1897 8
1898 10
1899 15
1900 12
1901 11
1902 11
1903 10
1904 8
1905 8
1906 10
1907 10
1908 12
1909 15
1910 12
1911 12
1912 12
1913 12
1914 14
1915 13
1916 13
1917 14
1918 17
1919 14
1920 12
1921 9
1922 7
1923 4
1924 2
1925 2
1926 3
1927 5
1928 5
1929 6
1930 9
1931 9
1932 13
1933 12
1934 10
1935 9
1936 7
1937 6
1938 8
1939 5
1940 5
1941 5
1942 8
1943 10
1944 14
1945 13
1946 14
1947 14
1948 14
1949 16
1950 13
1951 14
1952 14
1953 12
1954 12
1955 13
1956 15
1957 12
1958 11
1959 14
1960 12
1961 10
1962 10
1963 10
1964 10
1965 10
1966 15
1967 12
1968 13
1969 11
1970 10
1971 8
1972 10
1973 11
1974 9
1975 11
1976 12
1977 11
1978 11
1979 10
1980 11
1981 10
1982 11
1983 11
1984 13
1985 11
1986 11
1987 11
1988 13
1989 12
1990 14
1991 15
1992 12
1993 11
1994 12
1995 10
1996 10
1997 11
1998 11
1999 11
2000 10
2001 8
2002 9
2003 7
2004 6
2005 9
2006 10
2007 11
2008 11
2009 10
2010 9
2011 8
2012 6
2013 4
2014 6
2015 7
2016 9
2017 8
2018 7
2019 8
2020 9
2021 10
2022 10
2023 7
2024 7
2025 6
2026 7
2027 7
2028 6
2029 6
2030 7
2031 10
2032 9
2033 9
2034 9
2035 11
2036 10
2037 9
2038 8
2039 7
2040 7
2041 6
2042 4
2043 4
2044 3
2045 3
2046 4
2047 4
2048 5
2049 6
2050 7
2051 4
2052 5
2053 5
2054 6
2055 6
2056 6
2057 7
2058 5
2059 7
2060 4
2061 2
2062 4
2063 4
2064 2
2065 3
2066 4
2067 3
2068 3
2069 1
2070 2
2071 1
2072 3
2073 4
2074 7
2075 5
2076 5
2077 3
2078 5
2079 6
2080 7
2081 10
2082 9
2083 11
2084 10
2085 10
2086 10
2087 8
2088 6
2089 6
2090 10
2091 10
2092 8
2093 11
2094 14
2095 13
2096 13
2097 16
2098 13
2099 12
2100 11
2101 10
2102 10
2103 9
2104 10
2105 7
2106 10
2107 11
2108 12
2109 13
2110 15
2111 12
2112 10
2113 13
2114 14
2115 15
2116 12
2117 13
2118 15
2119 12
2120 14
2121 13
2122 13
2123 14
2124 16
2125 13
2126 15
2127 12
2128 12
2129 12
2130 12
2131 13
2132 14
2133 19
2134 16
2135 13
2136 12
2137 11
2138 11
2139 11
2140 10
2141 10
2142 12
2143 13
2144 15
2145 12
2146 11
2147 10
2148 9
2149 8
2150 5
2151 4
2152 4
2153 3
2154 5
2155 7
2156 7
2157 7
2158 5
2159 5
2160 4
2161 6
2162 5
2163 5
2164 8
2165 5
2166 5
2167 7
2168 6
2169 6
2170 6
2171 8
2172 8
2173 8
2174 5
2175 4
2176 2
2177 1
2178 5
2179 2
2180 1
2181 4
2182 2
2183 4
2184 8
2185 7
2186 7
2187 8
2188 9
2189 9
2190 9
2191 9
2192 9
2193 12
2194 12
2195 14
2196 15
2197 12
2198 11
2199 12
2200 13
2201 14
2202 16
2203 13
2204 13
2205 15
2206 12
2207 14
2208 12
2209 13
2210 13
2211 15
2212 12
2213 15
2214 12
2215 14
2216 14
2217 15
2218 12
2219 14
2220 11
2221 13
2222 16
2223 13
2224 12
2225 15
2226 12
2227 14
2228 13
2229 12
2230 13
2231 16
2232 13
2233 10
2234 11
2235 11
2236 13
2237 17
2238 14
2239 12
2240 11
2241 10
2242 9
2243 10
2244 9
2245 9
2246 11
2247 12
2248 11
2249 11
2250 11
2251 10
2252 10
2253 9
2254 11
2255 10
2256 11
2257 11
2258 9
2259 9
2260 8
2261 8
2262 10
2263 11
2264 12
2265 14
2266 14
2267 11
2268 12
2269 13
2270 14
2271 13
2272 15
2273 12
2274 12
2275 14
2276 14
2277 15
2278 12
2279 11
2280 12
2281 13
2282 13
2283 13
2284 12
2285 11
2286 11
2287 8
2288 9
2289 10
2290 7
2291 7
2292 8
2293 8
2294 8
2295 7
2296 8
2297 6
2298 8
2299 7
2300 9
2301 10
2302 8
2303 10
2304 10
2305 9
2306 9
2307 9
2308 8
2309 7
2310 6
2311 7
2312 9
2313 9
2314 9
2315 7
2316 6
2317 4
2318 8
2319 7
2320 9
2321 8
2322 9
2323 8
2324 8
2325 10
2326 9
2327 9
2328 10
2329 9
2330 10
2331 12
2332 16
2333 13
2334 11
2335 11
2336 9
2337 9
2338 8
2339 7
2340 7
2341 8
2342 8
2343 7
2344 7
2345 9
2346 8
2347 11
2348 12
2349 11
2350 10
2351 11
2352 11
2353 12
2354 13
2355 14
2356 15
2357 12
2358 13
2359 12
2360 11
2361 10
2362 12
2363 10
2364 9
2365 10
2366 9
2367 7
2368 6
2369 5
2370 3
2371 2
2372 4
2373 3
2374 3
2375 3
2376 4
2377 5
2378 4
2379 4
2380 7
2381 9
2382 8
2383 9
2384 9
2385 9
2386 9
2387 9
2388 9
2389 7
2390 6
2391 7
2392 9
2393 9
2394 11
2395 12
2396 11
2397 8
2398 6
2399 5
2400 6
2401 9
2402 10
2403 9
2404 8
2405 9
2406 9
2407 11
2408 12
2409 13
2410 15
2411 12
2412 10
2413 10
2414 7
2415 7
2416 5
2417 4
2418 4
2419 5
2420 5
2421 4
2422 1
2423 4
2424 2
2425 3
2426 3
2427 3
2428 3
2429 4
2430 6
2431 7
2432 7
2433 8
2434 8
2435 7
2436 5
2437 5
2438 4
2439 4
2440 4
2441 5
2442 4
2443 4
2444 4
2445 7
2446 6
2447 7
2448 8
2449 7
2450 5
2451 7
2452 6
2453 5
2454 4
2455 6
2456 5
2457 5
2458 3
2459 2
2460 3
2461 1
2462 3
2463 2
2464 4
2465 6
2466 5
2467 4
2468 3
2469 2
2470 3
2471 3
2472 3
2473 3
2474 3
2475 3
2476 5
2477 2
2478 1
2479 3
2480 4
2481 5
2482 5
2483 5
2484 4
2485 2
2486 3
2487 3
2488 3
2489 2
2490 2
2491 2
2492 1
2493 5
2494 4
2495 5
2496 3
2497 3
2498 3
2499 2
2500 3
2501 2
2502 4
2503 3
2504 4
2505 4
2506 2
2507 3
2508 6
2509 7
2510 7
2511 7
2512 7
2513 7
2514 6
2515 9
2516 9
2517 9
2518 7
2519 6
2520 8
2521 10
2522 10
2523 10
2524 9
2525 10
2526 8
2527 9
2528 8
2529 7
2530 7
2531 8
2532 10
2533 9
2534 9
2535 8
2536 9
2537 9
2538 9
2539 8
2540 8
2541 8
2542 7
2543 6
2544 6
2545 5
2546 3
2547 5
2548 6
2549 6
2550 6
2551 7
2552 7
2553 6
2554 6
2555 5
2556 5
2557 5
2558 8
2559 7
2560 7
2561 7
2562 4
2563 2
2564 2
2565 2
2566 0
2567 3
2568 3
2569 4
2570 4
2571 5
2572 5
2573 3
2574 2
2575 3
2576 3
2577 0
2578 2
2579 3
2580 3
2581 6
2582 5
2583 3
2584 2
2585 3
2586 4
2587 6
2588 6
2589 5
2590 5
2591 6
2592 7
2593 7
2594 6
2595 5
2596 4
2597 4
2598 4
2599 4
2600 3
2601 2
2602 4
2603 2
2604 4
2605 2
2606 2
2607 3
2608 2
2609 4
2610 5
2611 6
2612 5
2613 5
2614 5
2615 5
2616 6
2617 5
2618 4
2619 4
2620 4
2621 7
2622 7
2623 6
2624 6
2625 6
2626 5
2627 6
2628 6
2629 7
2630 8
2631 5
2632 4
2633 7
2634 9
2635 9
2636 9
2637 7
2638 7
2639 8
2640 10
2641 9
2642 9
2643 9
2644 8
2645 7
2646 4
2647 3
2648 2
2649 2
2650 1
2651 3
2652 2
2653 0
2654 3
2655 2
2656 2
2657 2
2658 4
2659 4
2660 8
2661 9
2662 11
2663 12
2664 12
2665 10
2666 11
2667 10
2668 9
2669 10
2670 10
2671 9
2672 10
2673 9
2674 9
2675 9
2676 8
2677 9
2678 8
2679 7
2680 7
2681 5
2682 4
2683 6
2684 6
2685 6
2686 7
2687 5
2688 6
2689 6
2690 6
2691 7
2692 9
2693 11
2694 12
2695 14
2696 15
2697 12
2698 11
2699 13
2700 12
2701 11
2702 11
2703 12
2704 12
2705 13
2706 14
2707 16
2708 13
2709 15
2710 12
2711 11
2712 10
2713 13
2714 13
2715 15
2716 12
2717 11
2718 10
2719 11
2720 13
2721 14
2722 14
2723 13
2724 12
2725 12
2726 11
2727 10
2728 11
2729 10
2730 10
2731 8
2732 7
2733 6
2734 5
2735 5
2736 4
2737 3
2738 4
2739 5
2740 4
2741 3
2742 2
2743 6
2744 5
2745 3
2746 3
2747 4
2748 5
2749 5
2750 5
2751 7
2752 4
2753 5
2754 4
2755 4
2756 5
2757 3
2758 3
2759 4
2760 1
2761 3
2762 1
2763 2
2764 3
2765 3
2766 4
2767 6
2768 6
2769 4
2770 4
2771 4
2772 4
2773 5
2774 6
2775 8
2776 11
2777 12
2778 12
2779 11
2780 9
2781 9
2782 10
2783 11
2784 9
2785 11
2786 10
2787 9
2788 8
2789 7
2790 10
2791 11
2792 11
2793 11
2794 10
2795 11
2796 10
2797 11
2798 8
2799 8
2800 9
2801 10
2802 10
2803 13
2804 10
2805 7
2806 8
2807 8
2808 8
2809 7
2810 6
2811 10
2812 10
2813 8
2814 9
2815 9
2816 8
2817 7
2818 5
2819 3
2820 2
2821 3
2822 3
2823 3
2824 4
2825 5
2826 6
2827 5
2828 5
2829 5
2830 6
2831 7
2832 9
2833 10
2834 9
2835 7
2836 10
2837 9
2838 9
2839 10
2840 9
2841 8
2842 8
2843 8
2844 9
2845 8
2846 9
2847 9
2848 9
2849 10
2850 11
2851 11
2852 15
2853 12
2854 11
2855 15
2856 12
2857 14
2858 13
2859 15
2860 12
2861 11
2862 11
2863 12
2864 11
2865 11
2866 11
2867 12
2868 13
2869 12
2870 15
2871 12
2872 13
2873 13
2874 13
2875 15
2876 12
2877 12
2878 13
2879 12
2880 13
2881 13
2882 12
2883 12
2884 12
2885 13
2886 14
2887 12
2888 12
2889 12
2890 10
2891 11
2892 12
2893 14
2894 15
2895 12
2896 12
2897 14
2898 14
2899 15
2900 12
2901 12
2902 10
2903 10
2904 7
2905 6
2906 5
2907 4
2908 3
2909 7
2910 6
2911 7
2912 8
2913 7
2914 8
2915 7
2916 8
2917 8
2918 8
2919 7
2920 6
2921 7
2922 6
2923 8
2924 7
2925 5
2926 4
2927 3
2928 3
2929 3
2930 2
2931 4
2932 1
2933 3
2934 5
2935 4
2936 5
2937 4
2938 6
2939 4
2940 3
2941 2
2942 2
2943 1
2944 3
2945 2
2946 3
2947 5
2948 6
2949 6
2950 5
2951 8
2952 9
2953 9
2954 7
2955 5
2956 5
2957 7
2958 7
2959 7
2960 8
2961 9
2962 10
2963 7
2964 5
2965 5
2966 5
2967 5
2968 3
2969 3
2970 2
2971 2
2972 1
2973 4
2974 5
2975 6
2976 6
2977 4
2978 3
2979 2
2980 5
2981 5
2982 7
2983 5
2984 5
2985 3
2986 1
2987 2
2988 6
2989 5
2990 5
2991 5
2992 8
2993 8
2994 9
2995 10
2996 12
2997 14
2998 14
2999 14
3000 15
3001 12
3002 11
3003 10
3004 10
3005 10
3006 10
3007 12
3008 10
3009 7
3010 5
3011 4
3012 3
3013 3
3014 2
3015 3
3016 2
3017 1
3018 4
3019 5
3020 6
3021 5
3022 4
3023 2
3024 1
3025 5
3026 5
3027 3
3028 2
3029 4
3030 3
3031 2
3032 1
3033 4
3034 3
3035 3
3036 6
3037 4
3038 4
3039 3
3040 2
3041 3
3042 4
3043 3
3044 3
3045 1
3046 0
3047 1
3048 1
3049 1
3050 4
3051 5
3052 3
3053 3
3054 1
3055 4
3056 4
3057 3
3058 3
3059 3
3060 4
3061 3
3062 3
3063 2
3064 4
3065 5
3066 6
3067 5
3068 4
3069 2
3070 2
3071 2
3072 3
3073 2
3074 1
3075 3
3076 2
3077 2
3078 3
3079 4
3080 4
3081 2
3082 3
3083 2
3084 5
3085 3
3086 4
3087 3
3088 5
3089 5
3090 4
3091 3
3092 2
3093 2
3094 1
3095 3
3096 2
3097 2
3098 2
3099 3
3100 6
3101 6
3102 5
3103 9
3104 6
3105 6
3106 5
3107 4
3108 4
3109 5
3110 6
3111 8
3112 7
3113 8
3114 8
3115 6
3116 7
3117 6
3118 7
3119 9
3120 7
3121 7
3122 7
3123 10
3124 11
3125 12
3126 11
3127 13
3128 14
3129 14
3130 14
3131 17
3132 14
3133 12
3134 12
3135 14
3136 16
3137 13
3138 13
3139 16
3140 13
3141 16
3142 13
3143 15
3144 12
3145 11
3146 11
3147 10
3148 10
3149 8
3150 10
3151 10
3152 10
3153 9
3154 9
3155 11
3156 10
3157 10
3158 9
3159 8
3160 5
3161 5
3162 7
3163 6
3164 8
3165 11
3166 13
3167 13
3168 15
3169 12
3170 14
3171 17
3172 14
3173 13
3174 13
3175 15
3176 12
3177 13
3178 12
3179 11
3180 10
3181 11
3182 13
3183 12
3184 13
3185 12
3186 9
3187 12
3188 12
3189 11
3190 15
3191 12
3192 13
3193 14
3194 15
3195 12
3196 14
3197 14
3198 15
3199 12
3200 12
3201 10
3202 9
3203 10
3204 8
3205 7
3206 7
3207 9
3208 8
3209 11
3210 13
3211 14
3212 15
3213 12
3214 13
3215 15
3216 12
3217 11
3218 11
3219 9
3220 12
3221 13
3222 13
3223 12
3224 14
3225 14
3226 15
3227 12
3228 14
3229 14
3230 13
3231 13
3232 12
3233 12
3234 13
3235 13
3236 13
3237 14
3238 13
3239 14
3240 11
3241 12
3242 10
3243 10
3244 10
3245 10
3246 8
3247 9
3248 6
3249 7
3250 6
3251 7
3252 7
3253 6
3254 4
3255 4
3256 3
3257 2
3258 3
3259 4
3260 7
3261 6
3262 7
3263 6
3264 8
3265 10
3266 9
3267 10
3268 11
3269 10
3270 8
3271 6
3272 8
3273 8
3274 6
3275 7
3276 5
3277 4
3278 4
3279 3
3280 4
3281 4
3282 5
3283 6
3284 5
3285 6
3286 4
3287 4
3288 4
3289 5
3290 2
3291 2
3292 2
3293 5
3294 6
3295 6
3296 5
3297 6
3298 5
3299 6
3300 7
3301 6
3302 7
3303 9
3304 10
3305 12
3306 13
3307 14
3308 16
3309 13
3310 12
3311 13
3312 11
3313 12
3314 12
3315 13
3316 14
3317 13
3318 12
3319 13
3320 15
3321 12
3322 12
3323 13
3324 13
3325 13
3326 11
3327 11
3328 12
3329 13
3330 11
3331 9
3332 11
3333 9
3334 8
3335 8
3336 9
3337 8
3338 7
3339 6
3340 5
3341 6
3342 4
3343 2
3344 3
3345 1
3346 5
3347 4
3348 5
3349 3
3350 3
3351 2
3352 4
3353 3
3354 5
3355 2
3356 2
3357 2
3358 2
3359 2
3360 3
3361 4
3362 6
3363 7
3364 8
3365 6
3366 7
3367 5
3368 5
3369 5
3370 5
3371 3
3372 5
3373 4
3374 3
3375 2
3376 5
3377 4
3378 4
3379 7
3380 8
3381 10
3382 9
3383 8
3384 8
3385 7
3386 5
3387 5
3388 3
3389 1
3390 2
3391 4
3392 6
3393 7
3394 8
3395 13
3396 12
3397 12
3398 13
3399 13
3400 15
3401 12
3402 12
3403 13
3404 11
3405 8
3406 8
3407 10
3408 8
3409 9
3410 10
3411 10
3412 11
3413 11
3414 11
3415 11
3416 10
3417 11
3418 11
3419 12
3420 12
3421 11
3422 10
3423 10
3424 11
3425 10
3426 10
3427 12
3428 14
3429 13
3430 12
3431 11
3432 11
3433 12
3434 14
3435 14
3436 15
3437 12
3438 11
3439 13
3440 13
3441 15
3442 12
3443 12
3444 11
3445 10
3446 11
3447 11
3448 11
3449 9
3450 8
3451 7
3452 6
3453 4
3454 5
3455 5
3456 7
3457 8
3458 7
3459 8
3460 6
3461 6
3462 5
3463 5
3464 5
3465 4
3466 4
3467 2
3468 2
3469 5
3470 4
3471 5
3472 5
3473 4
3474 4
3475 3
3476 5
3477 7
3478 7
3479 11
3480 13
3481 15
3482 12
3483 12
3484 14
3485 13
3486 12
3487 12
3488 10
3489 9
3490 7
3491 6
3492 6
3493 7
3494 7
3495 10
3496 11
3497 13
3498 15
3499 12
3500 12
3501 10
3502 12
3503 14
3504 16
3505 13
3506 15
3507 12
3508 13
3509 11
3510 12
3511 12
3512 10
3513 9
3514 9
3515 10
3516 10
3517 12
3518 13
3519 14
3520 14
3521 14
3522 13
3523 12
3524 13
3525 14
3526 15
3527 12
3528 11
3529 11
3530 13
3531 14
3532 15
3533 12
3534 13
3535 11
3536 11
3537 8
3538 8
3539 8
3540 7
3541 6
3542 4
3543 7
3544 7
3545 8
3546 9
3547 9
3548 9
3549 12
3550 9
3551 8
3552 8
3553 7
3554 8
3555 9
3556 9
3557 7
3558 9
3559 10
3560 12
3561 11
3562 11
3563 12
3564 13
3565 14
3566 12
3567 14
3568 15
3569 12
3570 10
3571 10
3572 9
3573 11
3574 12
3575 13
3576 12
3577 13
3578 15
3579 12
3580 11
3581 11
3582 11
3583 11
3584 11
3585 10
3586 9
3587 7
3588 7
3589 7
3590 7
3591 7
3592 6
3593 8
3594 8
3595 5
3596 3
3597 3
3598 4
3599 5
3600 3
3601 3
3602 2
3603 6
3604 5
3605 6
3606 7
3607 7
3608 6
3609 6
3610 5
3611 6
3612 7
3613 6
3614 5
3615 5
3616 5
3617 5
3618 6
3619 9
3620 8
3621 8
3622 10
3623 11
3624 11
3625 11
3626 11
3627 12
3628 12
3629 13
3630 11
3631 12
3632 15
3633 12
3634 11
3635 12
3636 15
3637 12
3638 13
3639 12
3640 12
3641 10
3642 11
3643 11
3644 10
3645 10
3646 12
3647 14
3648 13
3649 13
3650 12
3651 13
3652 12
3653 11
3654 13
3655 13
3656 11
3657 11
3658 9
3659 10
3660 11
3661 10
3662 10
3663 9
3664 9
3665 10
3666 11
3667 8
3668 11
3669 12
3670 13
3671 12
3672 11
3673 13
3674 14
3675 17
3676 14
3677 12
3678 13
3679 14
3680 15
3681 12
3682 10
3683 10
3684 10
3685 9
3686 10
3687 9
3688 7
3689 8
3690 8
3691 7
3692 9
3693 10
3694 12
3695 13
3696 13
3697 13
3698 13
3699 11
3700 9
3701 7
3702 5
3703 2
3704 4
3705 8
3706 9
3707 9
3708 10
3709 8
3710 5
3711 8
3712 7
3713 5
3714 5
3715 5
3716 7
3717 6
3718 7
3719 8
3720 8
3721 6
3722 5
3723 7
3724 7
3725 7
3726 5
3727 3
3728 1
3729 5
3730 6
3731 8
3732 9
3733 9
3734 10
3735 9
3736 9
3737 8
3738 10
3739 9
3740 11
3741 11
3742 11
3743 11
3744 10
3745 9
3746 11
3747 11
3748 11
3749 11
3750 12
3751 11
3752 11
3753 10
3754 12
3755 10
3756 7
3757 5
3758 4
3759 2
3760 5
3761 7
3762 5
3763 3
3764 1
3765 2
3766 3
3767 3
3768 4
3769 8
3770 8
3771 8
3772 9
3773 8
3774 5
3775 3
3776 7
3777 7
3778 7
3779 7
3780 9
3781 10
3782 13
3783 10
3784 13
3785 13
3786 15
3787 12
3788 12
3789 12
3790 10
3791 9
3792 9
3793 10
3794 11
3795 13
3796 12
3797 12
3798 12
3799 11
3800 10
3801 10
3802 10
3803 10
3804 9
3805 9
3806 9
3807 10
3808 11
3809 12
3810 12
3811 14
3812 15
3813 12
3814 11
3815 11
3816 12
3817 11
3818 10
3819 11
3820 12
3821 13
3822 11
3823 12
3824 11
3825 13
3826 12
3827 11
3828 12
3829 11
3830 15
3831 12
3832 12
3833 10
3834 9
3835 7
3836 6
3837 5
3838 2
3839 3
3840 7
3841 8
3842 10
3843 11
3844 9
3845 9
3846 8
3847 10
3848 8
3849 6
3850 4
3851 2
3852 3
3853 4
3854 5
3855 7
3856 4
3857 5
3858 6
3859 6
3860 4
3861 2
3862 2
3863 1
3864 2
3865 1
3866 4
3867 2
3868 2
3869 3
3870 3
3871 2
3872 1
3873 2
3874 3
3875 1
3876 4
3877 5
3878 4
3879 3
3880 3
3881 3
3882 1
3883 1
3884 2
3885 3
3886 3
3887 1
3888 2
3889 3
3890 2
3891 2
3892 3
3893 1
3894 3
3895 3
3896 2
3897 4
3898 2
3899 3
3900 2
3901 4
3902 1
3903 1
3904 4
3905 5
3906 7
3907 7
3908 6
3909 8
3910 10
3911 11
3912 10
3913 9
3914 9
3915 10
3916 8
3917 6
3918 5
3919 5
3920 5
3921 6
3922 7
3923 10
3924 11
3925 10
3926 8
3927 5
3928 3
3929 3
3930 4
3931 1
3932 0
3933 4
3934 5
3935 6
3936 6
3937 4
3938 7
3939 7
3940 8
3941 7
3942 8
3943 5
3944 3
3945 2
3946 6
3947 6
3948 7
3949 8
3950 9
3951 9
3952 10
3953 9
3954 12
3955 11
3956 9
3957 7
3958 5
3959 7
3960 8
3961 9
3962 8
3963 8
3964 7
3965 4
3966 5
3967 6
3968 6
3969 7
3970 6
3971 6
3972 7
3973 6
3974 5
3975 5
3976 5
3977 3
3978 6
3979 4
3980 5
3981 4
3982 4
3983 5
3984 6
3985 7
3986 6
3987 5
3988 5
3989 5
3990 4
3991 5
3992 5
3993 4
3994 5
3995 4
3996 3
3997 3
3998 5
3999 5
4000 5
4001 3
4002 5
4003 3
4004 2
4005 3
4006 4
4007 2
4008 3
4009 2
4010 6
4011 7
4012 10
4013 13
4014 14
4015 17
4016 14
4017 13
4018 15
4019 12
4020 13
4021 15
4022 12
4023 10
4024 11
4025 10
4026 9
4027 8
4028 7
4029 8
4030 8
4031 7
4032 7
4033 7
4034 6
4035 8
4036 9
4037 7
4038 4
4039 6
4040 5
4041 5
4042 7
4043 5
4044 7
4045 7
4046 9
4047 9
4048 8
4049 6
4050 5
4051 4
4052 3
4053 4
4054 6
4055 7
4056 10
4057 9
4058 10
4059 8
4060 8
4061 6
4062 5
4063 3
4064 4
4065 3
4066 2
4067 3
4068 5
4069 4
4070 4
4071 4
4072 5
4073 6
4074 6
4075 7
4076 6
4077 8
4078 9
4079 10
4080 12
4081 12
4082 13
4083 11
4084 9
4085 9
4086 10
4087 9
4088 9
4089 8
4090 8
4091 9
4092 8
4093 9
4094 10
4095 11
4096 9
4097 8
4098 11
4099 9
4100 8
4101 9
4102 8
4103 8
4104 8
4105 9
4106 11
4107 13
4108 15
4109 12
4110 13
4111 12
4112 10
4113 9
4114 8
4115 6
4116 6
4117 6
4118 5
4119 2
4120 5
4121 7
4122 9
4123 9
4124 11
4125 10
4126 9
4127 11
4128 9
4129 11
4130 13
4131 13
4132 14
4133 16
4134 13
4135 13
4136 13
4137 12
4138 12
4139 12
4140 11
4141 11
4142 9
4143 10
4144 9
4145 8
4146 8
4147 7
4148 6
4149 4
4150 3
4151 5
4152 5
4153 3
4154 3
4155 3
4156 4
4157 3
4158 2
4159 3
4160 3
4161 2
4162 4
4163 4
4164 2
4165 5
4166 4
4167 3
4168 2
4169 2
4170 2
4171 2
4172 3
4173 3
4174 0
4175 3
4176 4
4177 4
4178 2
4179 0
4180 2
4181 2
4182 3
4183 3
4184 5
4185 7
4186 6
4187 9
4188 10
4189 7
4190 6
4191 6
4192 7
4193 6
4194 5
4195 7
4196 7
4197 6
4198 7
4199 6
4200 4
4201 7
4202 9
4203 11
4204 10
4205 9
4206 8
4207 8
4208 9
4209 8
4210 8
4211 8
4212 9
4213 8
4214 9
4215 11
4216 12
4217 13
4218 15
4219 12
4220 12
4221 12
4222 13
4223 13
4224 15
4225 12
4226 12
4227 12
4228 11
4229 11
4230 9
4231 7
4232 7
4233 5
4234 5
4235 4
4236 5
4237 6
4238 6
4239 8
4240 10
4241 12
4242 13
4243 16
4244 13
4245 15
4246 12
4247 12
4248 13
4249 13
4250 12
4251 14
4252 15
4253 12
4254 13
4255 16
4256 13
4257 15
4258 12
4259 11
4260 11
4261 11
4262 11
4263 10
4264 10
4265 10
4266 9
4267 8
4268 8
4269 8
4270 8
4271 10
4272 9
4273 10
4274 10
4275 9
4276 10
4277 10
4278 9
4279 8
4280 11
4281 12
4282 15
4283 12
4284 13
4285 16
4286 13
4287 11
4288 11
4289 10
4290 10
4291 8
4292 9
4293 8
4294 8
4295 9
4296 11
4297 9
4298 8
4299 9
4300 12
4301 13
4302 12
4303 13
4304 13
4305 11
4306 10
4307 9
4308 8
4309 10
4310 11
4311 12
4312 11
4313 13
4314 12
4315 14
4316 14
4317 13
4318 15
4319 12
4320 12
4321 11
4322 11
4323 11
4324 10
4325 9
4326 7
4327 7
4328 7
4329 6
4330 9
4331 6
4332 5
4333 4
4334 4
4335 1
4336 3
4337 3
4338 2
4339 3
4340 3
4341 4
4342 3
4343 1
4344 4
4345 4
4346 4
4347 4
4348 4
4349 5
4350 4
4351 3
4352 3
4353 3
4354 2
4355 4
4356 4
4357 3
4358 4
4359 7
4360 6
4361 6
4362 4
4363 5
4364 6
4365 6
4366 9
4367 11
4368 8
4369 11
4370 10
4371 12
4372 13
4373 15
4374 12
4375 14
4376 16
4377 13
4378 11
4379 13
4380 14
4381 14
4382 16
4383 13
4384 15
4385 12
4386 14
4387 15
4388 12
4389 12
4390 11
4391 12
4392 11
4393 13
4394 11
4395 11
4396 9
4397 8
4398 12
4399 13
4400 13
4401 13
4402 13
4403 14
4404 15
4405 12
4406 11
4407 10
4408 9
4409 8
4410 8
4411 8
4412 7
4413 8
4414 8
4415 8
4416 8
4417 8
4418 10
4419 12
4420 13
4421 14
4422 12
4423 13
4424 13
4425 16
4426 13
4427 15
4428 12
4429 14
4430 14
4431 16
4432 13
4433 14
4434 15
4435 12
4436 13
4437 15
4438 12
4439 11
4440 12
4441 12
4442 10
4443 10
4444 10
4445 9
4446 11
4447 13
4448 15
4449 12
4450 12
4451 13
4452 14
4453 16
4454 13
4455 15
4456 12
4457 11
4458 10
4459 11
4460 9
4461 11
4462 11
4463 12
4464 13
4465 15
4466 12
4467 14
4468 15
4469 12
4470 12
4471 12
4472 14
4473 12
4474 12
4475 14
4476 15
4477 12
4478 13
4479 13
4480 13
4481 14
4482 15
4483 12
4484 11
4485 12
4486 11
4487 11
4488 11
4489 9
4490 10
4491 12
4492 10
4493 11
4494 12
4495 13
4496 17
4497 14
4498 15
4499 12
4500 13
4501 11
4502 12
4503 10
4504 11
4505 12
4506 10
4507 12
4508 11
4509 11
4510 11
4511 9
4512 10
4513 10
4514 11
4515 12
4516 13
4517 12
4518 9
4519 9
4520 11
4521 9
4522 9
4523 8
4524 9
4525 10
4526 12
4527 14
4528 12
4529 15
4530 12
4531 13
4532 16
4533 13
4534 13
4535 14
4536 15
4537 12
4538 12
4539 11
4540 11
4541 10
4542 9
4543 8
4544 8
4545 7
4546 9
4547 12
4548 10
4549 12
4550 12
4551 12
4552 12
4553 10
4554 14
4555 13
4556 12
4557 10
4558 10
4559 10
4560 12
4561 15
4562 12
4563 13
4564 13
4565 14
4566 13
4567 11
4568 12
4569 12
4570 12
4571 11
4572 10
4573 11
4574 9
4575 7
4576 7
4577 6
4578 9
4579 9
4580 10
4581 8
4582 7
4583 8
4584 6
4585 7
4586 8
4587 6
4588 5
4589 6
4590 7
4591 7
4592 7
4593 10
4594 9
4595 9
4596 8
4597 8
4598 11
4599 9
4600 12
4601 13
4602 15
4603 12
4604 13
4605 12
4606 11
4607 11
4608 11
4609 13
4610 15
4611 12
4612 15
4613 12
4614 15
4615 12
4616 13
4617 13
4618 13
4619 15
4620 12
4621 13
4622 13
4623 13
4624 13
4625 12
4626 10
4627 11
4628 9
4629 8
4630 8
4631 6
4632 6
4633 6
4634 7
4635 7
4636 7
4637 9
4638 8
4639 6
4640 5
4641 5
4642 4
4643 6
4644 5
4645 5
4646 4
4647 6
4648 7
4649 6
4650 4
4651 5
4652 4
4653 3
4654 5
4655 4
4656 4
4657 5
4658 6
4659 6
4660 9
4661 9
4662 7
4663 7
4664 8
4665 9
4666 9
4667 7
4668 9
4669 9
4670 10
4671 10
4672 11
4673 11
4674 9
4675 8
4676 7
4677 9
4678 8
4679 6
4680 7
4681 7
4682 6
4683 5
4684 6
4685 5
4686 6
4687 4
4688 2
4689 2
4690 2
4691 3
4692 3
4693 3
4694 3
4695 3
4696 4
4697 4
4698 2
4699 2
4700 2
4701 4
4702 3
4703 3
4704 3
4705 1
4706 0
4707 6
4708 7
4709 8
4710 10
4711 12
4712 11
4713 11
4714 9
4715 9
4716 10
4717 12
4718 12
4719 12
4720 12
4721 12
4722 13
4723 14
4724 13
4725 11
4726 8
4727 7
4728 9
4729 10
4730 10
4731 11
4732 10
4733 11
4734 11
4735 12
4736 12
4737 10
4738 12
4739 11
4740 8
4741 10
4742 10
4743 10
4744 11
4745 9
4746 9
4747 8
4748 7
4749 4
4750 3
4751 2
4752 4
4753 6
4754 5
4755 6
4756 7
4757 10
4758 8
4759 7
4760 7
4761 6
4762 3
4763 3
4764 5
4765 8
4766 5
4767 5
4768 9
4769 8
4770 6
4771 6
4772 8
4773 6
4774 7
4775 7
4776 9
4777 11
4778 9
4779 7
4780 8
4781 12
4782 12
4783 13
4784 14
4785 16
4786 13
4787 14
4788 15
4789 12
4790 11
4791 11
4792 10
4793 11
4794 14
4795 13
4796 14
4797 15
4798 12
4799 15
4800 12
4801 15
4802 12
4803 10
4804 9
4805 8
4806 9
4807 10
4808 9
4809 10
4810 9
4811 9
4812 7
4813 6
4814 4
4815 5
4816 4
4817 8
4818 8
4819 10
4820 10
4821 9
4822 8
4823 8
4824 8
4825 10
4826 10
4827 11
4828 11
4829 15
4830 12
4831 12
4832 10
4833 11
4834 9
4835 11
4836 10
4837 12
4838 10
4839 12
4840 14
4841 16
4842 13
4843 13
4844 14
4845 13
4846 13
4847 14
4848 13
4849 10
4850 10
4851 9
4852 8
4853 8
4854 10
4855 11
4856 10
4857 8
4858 9
4859 9
4860 8
4861 7
4862 8
4863 8
4864 7
4865 8
4866 7
4867 9
4868 9
4869 10
4870 11
4871 13
4872 15
4873 12
4874 12
4875 13
4876 12
4877 11
4878 14
4879 14
4880 15
4881 12
4882 13
4883 13
4884 13
4885 13
4886 14
4887 13
4888 14
4889 14
4890 13
4891 12
4892 13
4893 12
4894 14
4895 16
4896 13
4897 13
4898 14
4899 15
4900 12
4901 12
4902 11
4903 11
4904 11
4905 9
4906 10
4907 10
4908 8
4909 9
4910 8
4911 12
4912 11
4913 11
4914 10
4915 12
4916 11
4917 13
4918 11
4919 9
4920 9
4921 8
4922 11
4923 12
4924 12
4925 12
4926 15
4927 12
4928 14
4929 15
4930 12
4931 11
4932 12
4933 11
4934 12
4935 11
4936 13
4937 12
4938 10
4939 10
4940 11
4941 10
4942 9
4943 7
4944 6
4945 5
4946 5
4947 5
4948 4
4949 5
4950 7
4951 7
4952 8
4953 7
4954 5
4955 5
4956 5
4957 3
4958 6
4959 3
4960 6
4961 9
4962 10
4963 11
4964 10
4965 10
4966 11
4967 9
4968 10
4969 9
4970 10
4971 13
4972 12
4973 15
4974 12
4975 13
4976 14
4977 13
4978 14
4979 14
4980 14
4981 14
4982 12
4983 13
4984 12
4985 9
4986 9
4987 7
4988 5
4989 6
4990 6
4991 7
4992 4
4993 1
4994 2
4995 1
4996 1
4997 3
4998 3
4999 2
5000 2
5001 1
5002 0
5003 4
5004 5
5005 5
5006 2
5007 2
5008 3
5009 2
5010 4
5011 7
5012 8
5013 8
5014 8
5015 9
5016 8
5017 9
5018 8
5019 6
5020 7
5021 9
5022 11
5023 13
5024 14
5025 13
5026 13
5027 15
5028 12
5029 11
5030 11
5031 12
5032 14
5033 16
5034 13
5035 13
5036 11
5037 13
5038 11
5039 10
5040 9
5041 10
5042 9
5043 7
5044 8
5045 7
5046 6
5047 7
5048 8
5049 8
5050 6
5051 5
5052 4
5053 2
5054 4
5055 3
5056 2
5057 2
5058 1
5059 1
5060 4
5061 2
5062 2
5063 2
5064 4
5065 6
5066 7
5067 8
5068 8
5069 9
5070 8
5071 6
5072 5
5073 6
5074 6
5075 3
5076 4
5077 4
5078 4
5079 5
5080 7
5081 9
5082 9
5083 10
5084 11
5085 11
5086 11
5087 12
5088 12
5089 11
5090 11
5091 10
5092 11
5093 12
5094 13
5095 13
5096 15
5097 12
5098 12
5099 10
5100 10
5101 8
5102 11
5103 12
5104 11
5105 9
5106 9
5107 7
5108 7
5109 10
5110 9
5111 9
5112 8
5113 8
5114 6
5115 6
5116 6
5117 5
5118 5
5119 6
5120 3
5121 3
5122 3
5123 4
5124 4
5125 5
5126 5
5127 5
5128 4
5129 4
5130 4
5131 4
5132 5
5133 7
5134 7
5135 6
5136 4
5137 4
5138 4
5139 1
5140 5
5141 3
5142 4
5143 5
5144 4
5145 3
5146 4
5147 4
5148 4
5149 6
5150 7
5151 10
5152 9
5153 7
5154 6
5155 7
5156 9
5157 9
5158 8
5159 7
5160 7
5161 7
5162 8
5163 7
5164 7
5165 8
5166 9
5167 10
5168 8
5169 8
5170 8
5171 7
5172 8
5173 8
5174 10
5175 11
5176 14
5177 16
5178 13
5179 13
5180 11
5181 13
5182 15
5183 12
5184 12
5185 13
5186 12
5187 14
5188 14
5189 13
5190 16
5191 13
5192 12
5193 11
5194 10
5195 12
5196 11
5197 11
5198 13
5199 14
5200 13
5201 13
5202 14
5203 14
5204 14
5205 16
5206 13
5207 10
5208 9
5209 10
5210 13
5211 12
5212 11
5213 11
5214 10
5215 11
5216 12
5217 13
5218 12
5219 10
5220 11
5221 13
5222 12
5223 11
5224 12
5225 13
5226 12
5227 11
5228 9
5229 9
5230 8
5231 8
5232 8
5233 9
5234 9
5235 11
5236 11
5237 11
5238 15
5239 12
5240 13
5241 14
5242 12
5243 12
5244 10
5245 11
5246 11
5247 10
5248 11
5249 13
5250 14
5251 13
5252 15
5253 12
5254 12
5255 12
5256 11
5257 11
5258 12
5259 11
5260 14
5261 14
5262 15
5263 12
5264 10
5265 10
5266 7
5267 6
5268 6
5269 8
5270 9
5271 9
5272 7
5273 7
5274 8
5275 9
5276 10
5277 8
5278 9
5279 9
5280 7
5281 5
5282 6
5283 6
5284 6
5285 7
5286 5
5287 4
5288 5
5289 7
5290 7
5291 8
5292 8
5293 8
5294 8
5295 10
5296 14
5297 13
5298 14
5299 15
5300 12
5301 11
5302 11
5303 10
5304 10
5305 11
5306 11
5307 13
5308 15
5309 12
5310 10
5311 9
5312 10
5313 9
5314 9
5315 8
5316 9
5317 8
5318 10
5319 11
5320 12
5321 13
5322 12
5323 10
5324 11
5325 12
5326 15
5327 12
5328 13
5329 12
5330 11
5331 11
5332 9
5333 9
5334 8
5335 10
5336 10
5337 9
5338 9
5339 8
5340 11
5341 10
5342 12
5343 12
5344 11
5345 12
5346 13
5347 11
5348 10
5349 9
5350 7
5351 6
5352 6
5353 3
5354 2
5355 3
5356 5
5357 7
5358 7
5359 6
5360 6
5361 8
5362 8
5363 8
5364 11
5365 12
5366 11
5367 9
5368 7
5369 7
5370 8
5371 9
5372 9
5373 9
5374 7
5375 6
5376 6
5377 4
5378 5
5379 5
5380 6
5381 6
5382 8
5383 9
5384 9
5385 10
5386 14
5387 14
5388 12
5389 11
5390 9
5391 8
5392 9
5393 10
5394 8
5395 11
5396 12
5397 10
5398 11
5399 10
5400 9
5401 11
5402 12
5403 12
5404 12
5405 12
5406 11
5407 12
5408 10
5409 11
5410 10
5411 11
5412 10
5413 10
5414 7
5415 6
5416 4
5417 4
5418 5
5419 5
5420 6
5421 7
5422 7
5423 8
5424 7
5425 6
5426 5
5427 7
5428 5
5429 5
5430 5
5431 6
5432 3
5433 1
5434 3
5435 3
5436 0
5437 0
5438 1
5439 0
5440 2
5441 4
5442 1
5443 1
5444 2
5445 0
5446 1
5447 2
5448 4
5449 5
5450 6
5451 7
5452 8
5453 6
5454 7
5455 5
5456 4
5457 4
5458 2
5459 2
5460 2
5461 5
5462 5
5463 3
5464 2
5465 2
5466 1
5467 3
5468 2
5469 4
5470 5
5471 6
5472 6
5473 4
5474 5
5475 4
5476 2
5477 4
5478 3
5479 1
5480 1
5481 3
5482 2
5483 2
5484 1
5485 5
5486 3
5487 4
5488 4
5489 6
5490 6
5491 9
5492 8
5493 9
5494 9
5495 8
5496 10
5497 9
5498 9
5499 8
5500 8
5501 6
5502 5
5503 6
5504 7
5505 7
5506 7
5507 5
5508 5
5509 4
5510 3
5511 3
5512 3
5513 3
5514 3
5515 2
5516 3
5517 2
5518 3
5519 2
5520 4
5521 2
5522 0
5523 4
5524 4
5525 2
5526 6
5527 6
5528 6
5529 4
5530 5
5531 3
5532 3
5533 2
5534 3
5535 6
5536 5
5537 6
5538 6
5539 4
5540 6
5541 6
5542 4
5543 5
5544 4
5545 3
5546 4
5547 4
5548 3
5549 4
5550 3
5551 6
5552 5
5553 4
5554 6
5555 7
5556 7
5557 6
5558 6
5559 5
5560 6
5561 5
5562 8
5563 9
5564 10
5565 11
5566 11
5567 12
5568 14
5569 15
5570 12
5571 11
5572 11
5573 10
5574 11
5575 10
5576 11
5577 13
5578 12
5579 14
5580 15
5581 12
5582 13
5583 11
5584 11
5585 14
5586 13
5587 15
5588 12
5589 10
5590 9
5591 12
5592 12
5593 10
5594 11
5595 11
5596 12
5597 14
5598 12
5599 12
5600 12
5601 10
5602 9
5603 6
5604 5
5605 5
5606 6
5607 6
5608 7
5609 7
5610 6
5611 6
5612 6
5613 9
5614 10
5615 7
5616 7
5617 7
5618 6
5619 7
5620 9
5621 9
5622 8
5623 9
5624 8
5625 9
5626 8
5627 8
5628 8
5629 8
5630 6
5631 8
5632 7
5633 5
5634 5
5635 7
5636 9
5637 8
5638 10
5639 9
5640 10
5641 9
5642 11
5643 10
5644 10
5645 10
5646 11
5647 9
5648 7
5649 9
5650 10
5651 12
5652 12
5653 13
5654 12
5655 13
5656 13
5657 12
5658 12
5659 10
5660 8
5661 8
5662 7
5663 10
5664 11
5665 9
5666 11
5667 13
5668 15
5669 12
5670 12
5671 13
5672 13
5673 13
5674 12
5675 10
5676 9
5677 11
5678 9
5679 10
5680 8
5681 6
5682 6
5683 7
5684 7
5685 9
5686 9
5687 7
5688 6
5689 6
5690 7
5691 8
5692 9
5693 10
5694 11
5695 12
5696 10
5697 12
5698 13
5699 11
5700 13
5701 12
5702 13
5703 13
5704 13
5705 12
5706 10
5707 10
5708 11
5709 14
5710 15
5711 12
5712 13
5713 13
5714 14
5715 16
5716 13
5717 15
5718 12
5719 11
5720 11
5721 14
5722 13
5723 11
5724 11
5725 10
5726 9
5727 12
5728 11
5729 8
5730 5
5731 5
5732 5
5733 4
5734 6
5735 9
5736 10
5737 12
5738 12
5739 13
5740 11
5741 11
5742 13
5743 14
5744 13
5745 12
5746 10
5747 10
5748 8
5749 9
5750 10
5751 11
5752 10
5753 11
5754 13
5755 14
5756 13
5757 13
5758 12
5759 11
5760 14
5761 15
5762 12
5763 10
5764 10
5765 10
5766 8
5767 6
5768 8
5769 10
5770 10
5771 8
5772 8
5773 10
5774 14
5775 14
5776 14
5777 15
5778 12
5779 12
5780 14
5781 14
5782 15
5783 12
5784 13
5785 14
5786 14
5787 15
5788 12
5789 11
5790 10
5791 10
5792 11
5793 9
5794 10
5795 10
5796 11
5797 12
5798 12
5799 14
5800 14
5801 15
5802 12
5803 13
5804 14
5805 15
5806 12
5807 12
5808 11
5809 12
5810 9
5811 9
5812 11
5813 10
5814 11
5815 9
5816 9
5817 8
5818 6
5819 9
5820 9
5821 8
5822 8
5823 6
5824 8
5825 9
5826 9
5827 8
5828 8
5829 7
5830 5
5831 4
5832 2
5833 1
5834 2
5835 4
5836 2
5837 3
5838 2
5839 2
5840 3
5841 2
5842 3
5843 2
5844 4
5845 3
5846 3
5847 3
5848 4
5849 6
5850 10
5851 13
5852 18
5853 15
5854 12
5855 11
5856 13
5857 11
5858 10
5859 7
5860 5
5861 7
5862 6
5863 7
5864 9
5865 11
5866 11
5867 12
5868 10
5869 9
5870 10
5871 10
5872 9
5873 9
5874 8
5875 7
5876 6
5877 6
5878 8
5879 8
5880 5
5881 3
5882 3
5883 2
5884 3
5885 3
5886 2
5887 4
5888 6
5889 7
5890 7
5891 6
5892 7
5893 7
5894 10
5895 9
5896 9
5897 8
5898 7
5899 6
5900 8
5901 11
5902 8
5903 7
5904 6
5905 8
5906 8
5907 7
5908 5
5909 3
5910 1
5911 1
5912 4
5913 2
5914 4
5915 4
5916 5
5917 6
5918 8
5919 7
5920 9
5921 12
5922 13
5923 14
5924 14
5925 13
5926 12
5927 12
5928 10
5929 12
5930 11
5931 11
5932 10
5933 8
5934 7
5935 7
5936 5
5937 7
5938 7
5939 6
5940 5
5941 7
5942 7
5943 9
5944 8
5945 9
5946 8
5947 7
5948 6
5949 7
5950 9
5951 10
5952 10
5953 11
5954 11
5955 11
5956 10
5957 8
5958 7
5959 8
5960 8
5961 10
5962 11
5963 12
5964 13
5965 13
5966 13
5967 15
5968 12
5969 12
5970 12
5971 11
5972 11
5973 12
5974 13
5975 12
5976 11
5977 10
5978 10
5979 10
5980 10
5981 12
5982 10
5983 11
5984 11
5985 11
5986 11
5987 10
5988 9
5989 12
5990 11
5991 12
5992 13
5993 11
5994 9
5995 11
5996 9
5997 8
5998 8
5999 5
6000 5
6001 4
6002 4
6003 4
6004 3
6005 5
6006 5
6007 7
6008 7
6009 9
6010 9
6011 10
6012 11
6013 14
6014 15
6015 12
6016 13
6017 15
6018 12
6019 11
6020 12
6021 13
6022 12
6023 10
6024 10
6025 13
6026 11
6027 10
6028 14
6029 15
6030 12
6031 11
6032 10
6033 9
6034 8
6035 10
6036 7
6037 8
6038 8
6039 7
6040 9
6041 11
6042 12
6043 12
6044 11
6045 12
6046 13
6047 12
6048 13
6049 13
6050 15
6051 12
6052 9
6053 9
6054 8
6055 8
6056 8
6057 10
6058 11
6059 10
6060 10
6061 13
6062 14
6063 12
6064 11
6065 14
6066 16
6067 13
6068 12
6069 10
6070 9
6071 8
6072 8
6073 7
6074 6
6075 5
6076 3
6077 3
6078 3
6079 3
6080 2
6081 4
6082 3
6083 4
6084 4
6085 3
6086 4
6087 2
6088 2
6089 4
6090 5
6091 6
6092 5
6093 4
6094 3
6095 3
6096 1
6097 5
6098 6
6099 7
6100 6
6101 8
6102 6
6103 4
6104 4
6105 5
6106 3
6107 2
6108 5
6109 8
6110 7
6111 5
6112 7
6113 6
6114 6
6115 7
6116 11
6117 13
6118 15
6119 12
6120 13
6121 15
6122 12
6123 10
6124 11
6125 10
6126 10
6127 10
6128 9
6129 8
6130 6
6131 4
6132 4
6133 5
6134 8
6135 9
6136 11
6137 13
6138 12
6139 13
6140 14
6141 12
6142 10
6143 10
6144 9
6145 7
6146 7
6147 8
6148 8
6149 8
6150 7
6151 10
6152 10
6153 13
6154 14
6155 14
6156 15
6157 12
6158 11
6159 10
6160 8
6161 8
6162 10
6163 9
6164 8
6165 8
6166 10
6167 11
6168 12
6169 12
6170 14
6171 14
6172 13
6173 12
6174 10
6175 13
6176 11
6177 9
6178 7
6179 7
6180 6
6181 5
6182 4
6183 4
6184 4
6185 2
6186 3
6187 3
6188 4
6189 3
6190 4
6191 2
6192 4
6193 2
6194 3
6195 1
6196 5
6197 5
6198 4
6199 3
6200 1
6201 4
6202 6
6203 7
6204 7
6205 8
6206 10
6207 8
6208 8
6209 9
6210 10
6211 12
6212 11
6213 9
6214 10
6215 13
6216 11
6217 9
6218 11
6219 12
6220 10
6221 8
6222 8
6223 5
6224 4
6225 6
6226 7
6227 4
6228 3
6229 4
6230 6
6231 8
6232 9
6233 10
6234 10
6235 12
6236 12
6237 13
6238 15
6239 12
6240 11
6241 11
6242 13
6243 13
6244 14
6245 15
6246 12
6247 12
6248 14
6249 13
6250 14
6251 13
6252 14
6253 15
6254 12
6255 13
6256 13
6257 12
6258 12
6259 12
6260 13
6261 14
6262 13
6263 14
6264 15
6265 12
6266 10
6267 11
6268 13
6269 12
6270 12
6271 12
6272 14
6273 14
6274 12
6275 14
6276 15
6277 12
6278 13
6279 14
6280 15
6281 12
6282 13
6283 14
6284 13
6285 11
6286 12
6287 12
6288 10
6289 10
6290 8
6291 7
6292 8
6293 8
6294 11
6295 11
6296 10
6297 10
6298 9
6299 7
6300 8
6301 9
6302 11
6303 12
6304 12
6305 14
6306 15
6307 12
6308 11
6309 14
6310 14
6311 15
6312 12
6313 12
6314 12
6315 11
6316 10
6317 9
6318 9
6319 8
6320 8
6321 8
6322 7
6323 7
6324 8
6325 7
6326 6
6327 5
6328 5
6329 6
6330 4
6331 4
6332 4
6333 3
6334 3
6335 3
6336 4
6337 4
6338 3
6339 1
6340 5
6341 6
6342 7
6343 5
6344 7
6345 5
6346 3
6347 1
6348 1
6349 3
6350 2
6351 5
6352 4
6353 6
6354 6
6355 6
6356 4
6357 4
6358 4
6359 4
6360 5
6361 5
6362 5
6363 4
6364 2
6365 4
6366 3
6367 2
6368 3
6369 2
6370 4
6371 6
6372 9
6373 8
6374 9
6375 9
6376 7
6377 8
6378 9
6379 11
6380 14
6381 15
6382 12
6383 13
6384 12
6385 11
6386 13
6387 13
6388 15
6389 12
6390 13
6391 15
6392 12
6393 13
6394 12
6395 12
6396 12
6397 13
6398 12
6399 12
6400 10
6401 10
6402 8
6403 10
6404 11
6405 12
6406 11
6407 10
6408 11
6409 10
6410 9
6411 10
6412 11
6413 13
6414 15
6415 12
6416 13
6417 10
6418 10
6419 12
6420 12
6421 12
6422 13
6423 14
6424 13
6425 15
6426 12
6427 9
6428 10
6429 10
6430 10
6431 11
6432 12
6433 12
6434 11
6435 11
6436 10
6437 13
6438 13
6439 12
6440 14
6441 16
6442 13
6443 12
6444 13
6445 12
6446 14
6447 12
6448 11
6449 11
6450 12
6451 12
6452 12
6453 12
6454 12
6455 13
6456 13
6457 15
6458 12
6459 12
6460 13
6461 14
6462 12
6463 10
6464 11
6465 11
6466 12
6467 13
6468 14
6469 15
6470 12
6471 11
6472 13
6473 15
6474 12
6475 12
6476 16
6477 13
6478 13
6479 14
6480 14
6481 12
6482 11
6483 11
6484 10
6485 12
6486 14
6487 13
6488 15
6489 12
6490 11
6491 11
6492 10
6493 9
6494 12
6495 13
6496 12
6497 12
6498 11
6499 8
6500 7
6501 8
6502 9
6503 10
6504 14
6505 14
6506 13
6507 12
6508 10
6509 8
6510 10
6511 11
6512 10
6513 10
6514 9
6515 11
6516 14
6517 13
6518 14
6519 13
6520 14
6521 13
6522 17
6523 14
6524 14
6525 14
6526 16
6527 13
6528 16
6529 13
6530 13
6531 12
6532 13
6533 14
6534 12
6535 11
6536 14
6537 13
6538 14
6539 14
6540 12
6541 14
6542 14
6543 14
6544 13
6545 12
6546 14
6547 13
6548 12
6549 14
6550 14
6551 13
6552 13
6553 11
6554 14
6555 15
6556 12
6557 11
6558 11
6559 10
6560 12
6561 11
6562 9
6563 10
6564 14
6565 14
6566 12
6567 12
6568 11
6569 10
6570 8
6571 6
6572 8
6573 7
6574 6
6575 6
6576 6
6577 7
6578 5
6579 4
6580 3
6581 1
6582 2
6583 2
6584 0
6585 3
6586 2
6587 6
6588 8
6589 7
6590 10
6591 11
6592 10
6593 11
6594 12
6595 11
6596 11
6597 14
6598 13
6599 13
6600 16
6601 13
6602 13
6603 13
6604 13
6605 11
6606 10
6607 9
6608 12
6609 14
6610 15
6611 12
6612 10
6613 11
6614 9
6615 10
6616 10
6617 10
6618 9
6619 8
6620 8
6621 10
6622 11
6623 9
6624 8
6625 7
6626 6
6627 10
6628 8
6629 10
6630 11
6631 10
6632 10
6633 10
6634 11
6635 10
6636 12
6637 11
6638 12
6639 12
6640 11
6641 12
6642 10
6643 9
6644 9
6645 8
6646 10
6647 8
6648 8
6649 7
6650 7
6651 9
6652 10
6653 10
6654 9
6655 9
6656 9
6657 9
6658 11
6659 12
6660 12
6661 14
6662 16
6663 13
6664 15
6665 12
6666 13
6667 12
6668 12
6669 11
6670 9
6671 9
6672 9
6673 11
6674 10
6675 12
6676 12
6677 10
6678 11
6679 12
6680 13
6681 13
6682 15
6683 12
6684 14
6685 12
6686 14
6687 15
6688 12
6689 12
6690 12
6691 11
6692 8
6693 9
6694 9
6695 9
6696 9
6697 8
6698 9
6699 11
6700 12
6701 14
6702 15
6703 12
6704 11
6705 10
6706 7
6707 7
6708 8
6709 9
6710 8
6711 5
6712 5
6713 4
6714 4
6715 4
6716 4
6717 3
6718 3
6719 1
6720 4
6721 5
6722 6
6723 9
6724 8
6725 8
6726 11
6727 12
6728 13
6729 14
6730 17
6731 14
6732 14
6733 14
6734 16
6735 13
6736 14
6737 15
6738 12
6739 12
6740 12
6741 10
6742 8
6743 8
6744 7
6745 4
6746 2
6747 2
6748 0
6749 5
6750 7
6751 6
6752 5
6753 6
6754 3
6755 4
6756 4
6757 4
6758 4
6759 3
6760 4
6761 5
6762 2
6763 4
6764 5
6765 4
6766 4
6767 3
6768 3
6769 4
6770 2
6771 5
6772 6
6773 7
6774 5
6775 4
6776 7
6777 6
6778 7
6779 6
6780 6
6781 9
6782 7
6783 7
6784 6
6785 7
6786 5
6787 5
6788 7
6789 7
6790 7
6791 9
6792 8
6793 7
6794 7
6795 7
6796 11
6797 11
6798 12
6799 12
6800 12
6801 12
6802 11
6803 10
6804 11
6805 12
6806 12
6807 13
6808 12
6809 10
6810 12
6811 12
6812 11
6813 10
6814 10
6815 9
6816 9
6817 11
6818 13
6819 14
6820 14
6821 13
6822 10
6823 11
6824 15
6825 12
6826 10
6827 10
6828 8
6829 6
6830 5
6831 5
6832 6
6833 5
6834 3
6835 3
6836 3
6837 3
6838 4
6839 4
6840 2
6841 5
6842 2
6843 0
6844 4
6845 3
6846 2
6847 3
6848 3
6849 5
6850 3
6851 3
6852 6
6853 6
6854 4
6855 4
6856 3
6857 3
6858 2
6859 5
6860 5
6861 6
6862 8
6863 6
6864 4
6865 3
6866 3
6867 2
6868 2
6869 5
6870 4
6871 2
6872 1
6873 4
6874 4
6875 6
6876 5
6877 6
6878 4
6879 2
6880 4
6881 5
6882 6
6883 6
6884 5
6885 7
6886 7
6887 7
6888 7
6889 7
6890 7
6891 5
6892 5
6893 6
6894 5
6895 7
6896 8
6897 11
6898 11
6899 10
6900 10
6901 11
6902 11
6903 11
6904 11
6905 10
6906 11
6907 13
6908 14
6909 16
6910 13
6911 11
6912 12
6913 9
6914 9
6915 11
6916 10
6917 11
6918 13
6919 12
6920 12
6921 13
6922 13
6923 14
6924 16
6925 13
6926 11
6927 10
6928 9
6929 9
6930 10
6931 9
6932 9
6933 10
6934 8
6935 8
6936 9
6937 8
6938 6
6939 5
6940 6
6941 5
6942 8
6943 9
6944 11
6945 10
6946 11
6947 9
6948 10
6949 12
6950 11
6951 8
6952 9
6953 8
6954 8
6955 7
6956 11
6957 10
6958 9
6959 9
6960 11
6961 14
6962 12
6963 12
6964 10
6965 10
6966 10
6967 11
6968 10
6969 13
6970 12
6971 11
6972 11
6973 10
6974 12
6975 14
6976 13
6977 15
6978 12
6979 12
6980 10
6981 10
6982 10
6983 12
6984 13
6985 15
6986 12
6987 12
6988 17
6989 14
6990 16
6991 13
6992 15
6993 12
6994 11
6995 11
6996 11
6997 13
6998 16
6999 13
7000 15
7001 12
7002 12
7003 13
7004 14
7005 13
7006 12
7007 11
7008 13
7009 13
7010 15
7011 12
7012 11
7013 11
7014 12
7015 14
7016 15
7017 12
7018 11
7019 12
7020 13
7021 14
7022 13
7023 15
7024 12
7025 11
7026 12
7027 13
7028 15
7029 12
7030 12
7031 13
7032 14
7033 14
7034 14
7035 16
7036 13
7037 15
7038 12
7039 9
7040 10
7041 9
7042 9
7043 9
7044 8
7045 8
7046 8
7047 6
7048 7
7049 6
7050 5
7051 4
7052 5
7053 5
7054 4
7055 5
7056 5
7057 6
7058 7
7059 5
7060 5
7061 6
7062 8
7063 7
7064 9
7065 11
7066 12
7067 9
7068 7
7069 5
7070 3
7071 1
7072 1
7073 3
7074 3
7075 4
7076 6
7077 6
7078 5
7079 4
7080 4
7081 2
7082 4
7083 3
7084 1
7085 3
7086 2
7087 2
7088 4
7089 3
7090 5
7091 8
7092 9
7093 10
7094 13
7095 14
7096 17
7097 14
7098 12
7099 14
7100 15
7101 12
7102 10
7103 11
7104 9
7105 8
7106 10
7107 9
7108 8
7109 6
7110 8
7111 7
7112 8
7113 8
7114 9
7115 8
7116 9
7117 11
7118 11
7119 11
7120 11
7121 13
7122 14
7123 13
7124 15
7125 12
7126 11
7127 9
7128 7
7129 4
7130 5
7131 3
7132 2
7133 5
7134 6
7135 5
7136 6
7137 4
7138 7
7139 8
7140 9
7141 11
7142 13
7143 16
7144 13
7145 13
7146 13
7147 14
7148 14
7149 13
7150 11
7151 12
7152 11
7153 8
7154 7
7155 6
7156 7
7157 8
7158 8
7159 8
7160 11
7161 12
7162 14
7163 16
7164 13
7165 16
7166 13
7167 14
7168 14
7169 13
7170 14
7171 12
7172 14
7173 14
7174 17
7175 14
7176 12
7177 11
7178 12
7179 13
7180 12
7181 12
7182 12
7183 11
7184 11
7185 12
7186 11
7187 14
7188 12
7189 12
7190 14
7191 14
7192 14
7193 13
7194 13
7195 11
7196 12
7197 12
7198 13
7199 12
7200 13
7201 12
7202 15
7203 12
7204 12
7205 12
7206 10
7207 10
7208 9
7209 8
7210 7
7211 6
7212 5
7213 4
7214 5
7215 3
7216 5
7217 4
7218 4
7219 3
7220 2
7221 4
7222 5
7223 4
7224 3
7225 4
7226 2
7227 4
7228 2
7229 0
7230 6
7231 8
7232 6
7233 4
7234 6
7235 6
7236 8
7237 9
7238 10
7239 8
7240 7
7241 6
7242 6
7243 6
7244 4
7245 3
7246 2
7247 5
7248 7
7249 6
7250 7
7251 11
7252 13
7253 12
7254 9
7255 9
7256 9
7257 11
7258 11
7259 11
7260 12
7261 10
7262 10
7263 11
7264 9
7265 8
7266 8
7267 9
7268 8
7269 6
7270 5
7271 2
7272 2
7273 5
7274 5
7275 5
7276 5
7277 4
7278 4
7279 2
7280 6
7281 5
7282 7
7283 7
7284 7
7285 10
7286 8
7287 11
7288 10
7289 8
7290 8
7291 8
7292 9
7293 10
7294 7
7295 6
7296 6
7297 7
7298 4
7299 5
7300 6
7301 7
7302 5
7303 7
7304 9
7305 10
7306 12
7307 11
7308 12
7309 13
7310 11
7311 11
7312 12
7313 11
7314 9
7315 7
7316 6
7317 6
7318 7
7319 5
7320 5
7321 7
7322 6
7323 4
7324 3
7325 3
7326 6
7327 6
7328 7
7329 8
7330 9
7331 8
7332 8
7333 8
7334 10
7335 10
7336 8
7337 7
7338 6
7339 9
7340 9
7341 10
7342 12
7343 11
7344 14
7345 14
7346 14
7347 13
7348 12
7349 10
7350 11
7351 13
7352 12
7353 10
7354 10
7355 8
7356 8
7357 7
7358 6
7359 9
7360 7
7361 9
7362 10
7363 13
7364 12
7365 14
7366 13
7367 13
7368 15
7369 12
7370 13
7371 12
7372 12
7373 10
7374 10
7375 8
7376 7
7377 9
7378 10
7379 11
7380 11
7381 10
7382 11
7383 13
7384 13
7385 14
7386 15
7387 12
7388 12
7389 13
7390 14
7391 15
7392 12
7393 11
7394 12
7395 11
7396 11
7397 12
7398 11
7399 12
7400 11
7401 10
7402 9
7403 10
7404 10
7405 10
7406 11
7407 11
7408 11
7409 9
7410 6
7411 6
7412 7
7413 5
7414 2
7415 8
7416 8
7417 8
7418 7
7419 7
7420 6
7421 6
7422 6
7423 6
7424 4
7425 3
7426 1
7427 5
7428 6
7429 7
7430 6
7431 7
7432 6
7433 8
7434 8
7435 8
7436 9
7437 9
7438 11
7439 10
7440 11
7441 10
7442 10
7443 10
7444 9
7445 8
7446 9
7447 8
7448 9
7449 8
7450 8
7451 10
7452 9
7453 8
7454 9
7455 8
7456 6
7457 6
7458 5
7459 4
7460 2
7461 3
7462 1
7463 4
7464 5
7465 5
7466 4
7467 5
7468 4
7469 2
7470 3
7471 2
7472 0
7473 4
7474 3
7475 3
7476 3
7477 6
7478 8
7479 8
7480 7
7481 6
7482 3
7483 4
7484 2
7485 2
7486 4
7487 4
7488 5
7489 4
7490 2
7491 2
7492 4
7493 3
7494 4
7495 9
7496 9
7497 11
7498 9
7499 11
7500 12
7501 14
7502 14
7503 14
7504 13
7505 11
7506 12
7507 12
7508 12
7509 12
7510 10
7511 11
7512 10
7513 10
7514 10
7515 8
7516 8
7517 9
7518 8
7519 5
7520 5
7521 7
7522 9
7523 7
7524 9
7525 12
7526 14
7527 12
7528 13
7529 13
7530 14
7531 16
7532 13
7533 12
7534 15
7535 12
7536 13
7537 16
7538 13
7539 13
7540 14
7541 14
7542 15
7543 12
7544 12
7545 15
7546 12
7547 15
7548 12
7549 10
7550 11
7551 11
7552 11
7553 9
7554 10
7555 10
7556 10
7557 10
7558 9
7559 8
7560 7
7561 8
7562 7
7563 7
7564 7
7565 4
7566 4
7567 4
7568 3
7569 2
7570 3
7571 3
7572 2
7573 5
7574 4
7575 5
7576 6
7577 4
7578 3
7579 3
7580 3
7581 2
7582 2
7583 3
7584 4
7585 4
7586 5
7587 5
7588 3
7589 4
7590 4
7591 6
7592 5
7593 5
7594 7
7595 5
7596 5
7597 3
7598 2
7599 4
7600 5
7601 5
7602 6
7603 4
7604 6
7605 7
7606 7
7607 5
7608 4
7609 4
7610 3
7611 5
7612 6
7613 5
7614 4
7615 3
7616 4
7617 4
7618 3
7619 3
7620 3
7621 4
7622 3
7623 6
7624 9
7625 7
7626 6
7627 4
7628 6
7629 5
7630 4
7631 3
7632 1
7633 6
7634 5
7635 3
7636 4
7637 6
7638 5
7639 3
7640 6
7641 7
7642 6
7643 5
7644 4
7645 7
7646 9
7647 9
7648 8
7649 8
7650 7
7651 7
7652 9
7653 8
7654 8
7655 7
7656 8
7657 10
7658 10
7659 12
7660 13
7661 12
7662 12
7663 11
7664 12
7665 13
7666 14
7667 15
7668 12
7669 15
7670 12
7671 12
7672 13
7673 16
7674 13
7675 14
7676 15
7677 12
7678 13
7679 14
7680 14
7681 15
7682 12
7683 10
7684 9
7685 8
7686 8
7687 9
7688 7
7689 7
7690 5
7691 7
7692 9
7693 9
7694 8
7695 6
7696 8
7697 8
7698 8
7699 6
7700 6
7701 6
7702 6
7703 5
7704 5
7705 5
7706 2
7707 2
7708 1
7709 6
7710 8
7711 11
7712 9
7713 10
7714 10
7715 10
7716 10
7717 10
7718 12
7719 14
7720 13
7721 14
7722 16
7723 13
7724 12
7725 15
7726 12
7727 11
7728 11
7729 10
7730 12
7731 13
7732 12
7733 12
7734 12
7735 11
7736 10
7737 9
7738 7
7739 8
7740 9
7741 10
7742 10
7743 9
7744 8
7745 11
7746 12
7747 14
7748 14
7749 14
7750 12
7751 12
7752 12
7753 14
7754 13
7755 15
7756 12
7757 13
7758 13
7759 15
7760 12
7761 11
7762 9
7763 9
7764 10
7765 9
7766 11
7767 12
7768 13
7769 14
7770 15
7771 12
7772 11
7773 9
7774 10
7775 9
7776 9
7777 11
7778 10
7779 9
7780 9
7781 8
7782 8
7783 8
7784 11
7785 13
7786 12
7787 13
7788 11
7789 12
7790 12
7791 13
7792 14
7793 12
7794 13
7795 14
7796 12
7797 13
7798 12
7799 10
7800 11
7801 10
7802 12
7803 11
7804 8
7805 6
7806 9
7807 8
7808 9
7809 10
7810 9
7811 10
7812 10
7813 9
7814 11
7815 9
7816 9
7817 7
7818 6
7819 7
7820 8
7821 7
7822 8
7823 10
7824 12
7825 15
7826 12
7827 10
7828 13
7829 14
7830 15
7831 12
7832 12
7833 11
7834 13
7835 15
7836 12
7837 13
7838 14
7839 13
7840 14
7841 15
7842 12
7843 11
7844 11
7845 13
7846 14
7847 14
7848 14
7849 14
7850 15
7851 12
7852 13
7853 11
7854 10
7855 7
7856 8
7857 9
7858 7
7859 6
7860 6
7861 6
7862 4
7863 4
7864 4
7865 5
7866 6
7867 6
7868 4
7869 5
7870 4
7871 3
7872 1
7873 4
7874 3
7875 5
7876 6
7877 7
7878 9
7879 8
7880 7
7881 9
7882 9
7883 8
7884 6
7885 5
7886 10
7887 9
7888 8
7889 7
7890 6
7891 9
7892 7
7893 8
7894 11
7895 10
7896 10
7897 12
7898 11
7899 10
7900 11
7901 11
7902 12
7903 13
7904 12
7905 13
7906 12
7907 10
7908 7
7909 4
7910 2
7911 2
7912 2
7913 6
7914 6
7915 4
7916 2
7917 7
7918 6
7919 7
7920 7
7921 9
7922 9
7923 10
7924 8
7925 9
7926 11
7927 11
7928 10
7929 9
7930 11
7931 11
7932 11
7933 14
7934 15
7935 12
7936 11
7937 8
7938 6
7939 8
7940 8
7941 9
7942 8
7943 8
7944 6
7945 6
7946 5
7947 4
7948 5
7949 5
7950 4
7951 4
7952 4
7953 4
7954 3
7955 4
7956 5
7957 3
7958 3
7959 2
7960 4
7961 4
7962 4
7963 2
7964 2
7965 2
7966 1
7967 0
7968 4
7969 1
7970 3
7971 3
7972 3
7973 3
7974 3
7975 2
7976 2
7977 3
7978 5
7979 7
7980 8
7981 8
7982 10
7983 9
7984 11
7985 12
7986 15
7987 12
7988 13
7989 12
7990 13
7991 16
7992 13
7993 13
7994 14
7995 15
7996 12
7997 12
7998 13
7999 14
8000 15
8001 12
8002 12
8003 11
8004 10
8005 9
8006 7
8007 8
8008 10
8009 10
8010 10
8011 11
8012 9
8013 8
8014 7
8015 8
8016 6
8017 5
8018 6
8019 4
8020 5
8021 7
8022 6
8023 7
8024 8
8025 7
8026 6
8027 6
8028 6
8029 7
8030 6
8031 6
8032 9
8033 8
8034 8
8035 7
8036 8
8037 8
8038 8
8039 9
8040 9
8041 8
8042 8
8043 8
8044 9
8045 10
8046 10
8047 10
8048 9
8049 10
8050 11
8051 10
8052 7
8053 8
8054 8
8055 9
8056 10
8057 12
8058 11
8059 10
8060 9
8061 10
8062 10
8063 11
8064 10
8065 7
8066 6
8067 5
8068 4
8069 5
8070 4
8071 5
8072 3
8073 1
8074 2
8075 4
8076 3
8077 4
8078 4
8079 3
8080 3
8081 5
8082 4
8083 2
8084 1
8085 7
8086 4
8087 4
8088 5
8089 3
8090 2
8091 2
8092 4
8093 4
8094 6
8095 7
8096 8
8097 7
8098 7
8099 10
8100 10
8101 11
8102 12
8103 11
8104 13
8105 11
8106 13
8107 12
8108 11
8109 11
8110 12
8111 11
8112 10
8113 10
8114 9
8115 8
8116 7
8117 7
8118 10
8119 10
8120 9
8121 10
8122 9
8123 9
8124 10
8125 7
8126 6
8127 7
8128 7
8129 9
8130 11
8131 13
8132 12
8133 12
8134 11
8135 11
8136 10
8137 10
8138 9
8139 9
8140 7
8141 8
8142 8
8143 9
8144 7
8145 6
8146 4
8147 4
8148 4
8149 3
8150 4
8151 2
8152 2
8153 6
8154 5
8155 3
8156 3
8157 2
8158 4
8159 6
8160 4
8161 2
8162 5
8163 7
8164 4
8165 3
8166 2
8167 1
8168 3
8169 4
8170 7
8171 5
8172 5
8173 6
8174 5
8175 5
8176 5
8177 5
8178 4
8179 6
8180 7
8181 8
8182 9
8183 9
8184 9
8185 10
8186 11
8187 13
8188 11
8189 13
8190 15
8191 12
8192 12
8193 14
8194 13
8195 15
8196 12
8197 11
8198 10
8199 8
8200 7
8201 9
8202 9
8203 7
8204 6
8205 7
8206 6
8207 4
8208 3
8209 1
8210 3
8211 6
8212 5
8213 6
8214 5
8215 4
8216 4
8217 4
8218 4
8219 5
8220 6
8221 4
8222 5
8223 6
8224 5
8225 4
8226 6
8227 4
8228 3
8229 5
8230 7
8231 9
8232 7
8233 4
8234 4
8235 3
8236 2
8237 1
8238 1
8239 4
8240 6
8241 5
8242 3
8243 3
8244 2
8245 2
8246 4
8247 5
8248 4
8249 3
8250 3
8251 3
8252 2
8253 2
8254 5
8255 3
8256 4
8257 6
8258 4
8259 4
8260 3
8261 3
8262 5
8263 2
8264 2
8265 1
8266 2
8267 6
8268 5
8269 2
8270 2
8271 3
8272 0
8273 3
8274 2
8275 3
8276 5
8277 8
8278 6
8279 6
8280 4
8281 4
8282 3
8283 4
8284 5
8285 6
8286 5
8287 6
8288 7
8289 9
8290 10
8291 9
8292 9
8293 6
8294 8
8295 6
8296 8
8297 10
8298 10
8299 9
8300 7
8301 7
8302 9
8303 10
8304 11
8305 12
8306 9
8307 11
8308 10
8309 11
8310 10
8311 11
8312 12
8313 12
8314 12
8315 14
8316 13
8317 12
8318 13
8319 13
8320 13
8321 11
8322 13
8323 13
8324 14
8325 17
8326 14
8327 16
8328 13
8329 12
8330 11
8331 12
8332 14
8333 15
8334 12
8335 10
8336 10
8337 9
8338 9
8339 8
8340 9
8341 7
8342 8
8343 7
8344 6
8345 8
8346 10
8347 10
8348 9
8349 8
8350 8
8351 8
8352 7
8353 5
8354 4
8355 3
8356 3
8357 2
8358 4
8359 5
8360 7
8361 8
8362 7
8363 8
8364 6
8365 6
8366 7
8367 8
8368 9
8369 8
8370 5
8371 3
8372 3
8373 3
8374 2
8375 4
8376 3
8377 3
8378 4
8379 4
8380 5
8381 6
8382 5
8383 3
8384 3
8385 5
8386 4
8387 4
8388 4
8389 4
8390 4
8391 2
8392 4
8393 5
8394 3
8395 1
8396 4
8397 3
8398 2
8399 2
8400 4
8401 3
8402 1
8403 2
8404 3
8405 2
8406 1
8407 2
8408 4
8409 4
8410 7
8411 6
8412 8
8413 8
8414 8
8415 6
8416 7
8417 8
8418 8
8419 5
8420 5
8421 4
8422 3
8423 2
8424 2
8425 2
8426 3
8427 2
8428 2
8429 4
8430 2
8431 0
8432 2
8433 2
8434 2
8435 4
8436 4
8437 4
8438 4
8439 4
8440 1
8441 3
8442 3
8443 3
8444 6
8445 4
8446 5
8447 6
8448 6
8449 5
8450 4
8451 3
8452 3
8453 3
8454 3
8455 3
8456 6
8457 6
8458 4
8459 3
8460 5
8461 6
8462 7
8463 7
8464 6
8465 5
8466 6
8467 7
8468 5
8469 6
8470 6
8471 7
8472 5
8473 6
8474 5
8475 5
8476 6
8477 7
8478 7
8479 7
8480 9
8481 12
8482 13
8483 11
8484 11
8485 10
8486 8
8487 10
8488 12
8489 12
8490 13
8491 12
8492 10
8493 8
8494 9
8495 10
8496 7
8497 9
8498 10
8499 10
8500 9
8501 7
8502 7
8503 5
8504 6
8505 5
8506 5
8507 3
8508 2
8509 4
8510 4
8511 5
8512 5
8513 4
8514 4
8515 4
8516 3
8517 4
8518 4
8519 4
8520 5
8521 4
8522 2
8523 2
8524 2
8525 5
8526 4
8527 3
8528 2
8529 1
8530 3
8531 4
8532 1
8533 2
8534 2
8535 1
8536 3
8537 4
8538 3
8539 6
8540 6
8541 6
8542 5
8543 3
8544 3
8545 2
8546 1
8547 4
8548 4
8549 6
8550 8
8551 6
8552 6
8553 6
8554 6
8555 5
8556 7
8557 6
8558 6
8559 7
8560 8
8561 7
8562 7
8563 8
8564 9
8565 8
8566 5
8567 6
8568 5
8569 5
8570 5
8571 6
8572 9
8573 10
8574 11
8575 11
8576 13
8577 12
8578 11
8579 11
8580 10
8581 8
8582 7
8583 5
8584 7
8585 8
8586 10
8587 10
8588 11
8589 10
8590 7
8591 7
8592 6
8593 9
8594 9
8595 8
8596 6
8597 3
8598 4
8599 5
8600 5
8601 5
8602 5
8603 6
8604 4
8605 6
8606 7
8607 9
8608 11
8609 12
8610 15
8611 12
8612 10
8613 9
8614 11
8615 11
8616 10
8617 8
8618 8
8619 6
8620 7
8621 6
8622 3
8623 3
8624 3
8625 4
8626 5
8627 3
8628 3
8629 3
8630 2
8631 3
8632 3
8633 3
8634 3
8635 3
8636 2
8637 3
8638 4
8639 5
8640 7
8641 4
8642 2
8643 0
8644 5
8645 4
8646 5
8647 6
8648 3
8649 3
8650 2
8651 5
8652 5
8653 7
8654 6
8655 5
8656 6
8657 7
8658 9
8659 7
8660 8
8661 7
8662 8
8663 7
8664 5
8665 6
8666 4
8667 5
8668 5
8669 4
8670 3
8671 2
8672 2
8673 3
8674 3
8675 4
8676 3
8677 0
8678 5
8679 7
8680 7
8681 6
8682 8
8683 10
8684 11
8685 11
8686 10
8687 9
8688 10
8689 10
8690 13
8691 11
8692 8
8693 7
8694 7
8695 8
8696 9
8697 9
8698 10
8699 10
8700 10
8701 10
8702 12
8703 10
8704 8
8705 6
8706 6
8707 7
8708 8
8709 9
8710 11
8711 12
8712 11
8713 12
8714 13
8715 14
8716 14
8717 14
8718 15
8719 12
8720 12
8721 10
8722 14
8723 15
8724 12
8725 14
8726 15
8727 12
8728 13
8729 11
8730 9
8731 8
8732 8
8733 9
8734 8
8735 7
8736 7
8737 6
8738 7
8739 8
8740 8
8741 9
8742 10
8743 11
8744 12
8745 10
8746 10
8747 14
8748 12
8749 12
8750 11
8751 10
8752 10
8753 9
8754 12
8755 15
8756 12
8757 13
8758 12
8759 10
8760 9
8761 9
8762 6
8763 7
8764 6
8765 6
8766 6
8767 4
8768 5
8769 5
8770 6
8771 6
8772 4
8773 6
8774 4
8775 5
8776 7
8777 6
8778 8
8779 9
8780 8
8781 6
8782 9
8783 9
8784 8
8785 10
8786 10
8787 9
8788 9
8789 8
8790 7
8791 11
8792 11
8793 10
8794 9
8795 10
8796 9
8797 8
8798 6
8799 6
8800 6
8801 5
8802 7
8803 6
8804 3
8805 0
8806 2
8807 2
8808 1
8809 4
8810 4
8811 5
8812 5
8813 6
8814 6
8815 6
8816 7
8817 7
8818 4
8819 2
8820 1
8821 0
8822 2
8823 1
8824 1
8825 4
8826 5
8827 4
8828 5
8829 4
8830 4
8831 4
8832 5
8833 6
8834 6
8835 9
8836 10
8837 11
8838 12
8839 13
8840 12
8841 11
8842 9
8843 10
8844 11
8845 12
8846 11
8847 11
8848 13
8849 11
8850 9
8851 9
8852 9
8853 9
8854 10
8855 9
8856 10
8857 12
8858 10
8859 10
8860 9
8861 10
8862 9
8863 8
8864 10
8865 9
8866 12
8867 11
8868 9
8869 9
8870 9
8871 8
8872 9
8873 7
8874 7
8875 9
8876 9
8877 12
8878 13
8879 15
8880 12
8881 13
8882 12
8883 12
8884 11
8885 12
8886 9
8887 8
8888 8
8889 6
8890 5
8891 5
8892 4
8893 6
8894 6
8895 7
8896 5
8897 7
8898 8
8899 9
8900 10
8901 10
8902 10
8903 10
8904 13
8905 13
8906 13
8907 14
8908 13
8909 11
8910 11
8911 12
8912 14
8913 15
8914 12
8915 13
8916 15
8917 12
8918 12
8919 11
8920 9
8921 11
8922 9
8923 9
8924 10
8925 9
8926 8
8927 7
8928 6
8929 5
8930 5
8931 5
8932 7
8933 8
8934 8
8935 8
8936 7
8937 8
8938 8
8939 7
8940 5
8941 5
8942 4
8943 4
8944 6
8945 8
8946 8
8947 9
8948 10
8949 10
8950 9
8951 9
8952 9
8953 10
8954 11
8955 8
8956 10
8957 10
8958 9
8959 9
8960 9
8961 10
8962 9
8963 8
8964 9
8965 10
8966 10
8967 10
8968 10
8969 11
8970 10
8971 10
8972 10
8973 9
8974 9
8975 9
8976 9
8977 9
8978 12
8979 12
8980 12
8981 11
8982 12
8983 12
8984 12
8985 10
8986 11
8987 10
8988 12
8989 13
8990 16
8991 13
8992 15
8993 12
8994 9
8995 9
8996 9
8997 9
8998 9
8999 8
9000 9
9001 9
9002 10
9003 11
9004 10
9005 7
9006 6
9007 5
9008 5
9009 2
9010 4
9011 6
9012 8
9013 9
9014 9
9015 8
9016 6
9017 9
9018 10
9019 9
9020 11
9021 10
9022 11
9023 9
9024 10
9025 11
9026 10
9027 13
9028 14
9029 16
9030 13
9031 12
9032 10
9033 11
9034 11
9035 13
9036 13
9037 11
9038 11
9039 13
9040 16
9041 13
9042 15
9043 12
9044 12
9045 12
9046 14
9047 17
9048 14
9049 16
9050 13
9051 16
9052 13
9053 12
9054 12
9055 16
9056 13
9057 14
9058 14
9059 15
9060 12
9061 13
9062 13
9063 10
9064 9
9065 12
9066 11
9067 10
9068 9
9069 11
9070 9
9071 10
9072 8
9073 7
9074 9
9075 8
9076 8
9077 8
9078 8
9079 7
9080 5
9081 5
9082 7
9083 5
9084 3
9085 3
9086 2
9087 0
9088 2
9089 3
9090 4
9091 5
9092 3
9093 3
9094 3
9095 4
9096 6
9097 8
9098 8
9099 10
9100 13
9101 14
9102 17
9103 14
9104 14
9105 14
9106 15
9107 12
9108 12
9109 11
9110 9
9111 9
9112 8
9113 7
9114 7
9115 10
9116 10
9117 9
9118 11
9119 15
9120 12
9121 12
9122 11
9123 13
9124 15
9125 12
9126 12
9127 11
9128 9
9129 9
9130 7
9131 7
9132 10
9133 9
9134 10
9135 10
9136 14
9137 15
9138 12
9139 9
9140 9
9141 8
9142 7
9143 7
9144 8
9145 11
9146 13
9147 12
9148 11
9149 14
9150 14
9151 14
9152 14
9153 14
9154 13
9155 13
9156 13
9157 13
9158 14
9159 15
9160 12
9161 11
9162 11
9163 13
9164 11
9165 10
9166 9
9167 9
9168 8
9169 9
9170 9
9171 9
9172 11
9173 14
9174 13
9175 10
9176 14
9177 13
9178 17
9179 14
9180 14
9181 15
9182 12
9183 10
9184 9
9185 9
9186 9
9187 11
9188 12
9189 11
9190 12
9191 12
9192 11
9193 9
9194 11
9195 12
9196 12
9197 11
9198 11
9199 13
9200 13
9201 12
9202 11
9203 11
9204 9
9205 6
9206 7
9207 6
9208 5
9209 5
9210 3
9211 3
9212 4
9213 3
9214 2
9215 4
9216 2
9217 3
9218 3
9219 1
9220 0
9221 0
9222 1
9223 1
9224 1
9225 1
9226 3
9227 5
9228 7
9229 7
9230 6
9231 7
9232 5
9233 4
9234 4
9235 3
9236 2
9237 3
9238 3
9239 7
9240 7
9241 6
9242 5
9243 3
9244 4
9245 5
9246 6
9247 6
9248 6
9249 7
9250 8
9251 10
9252 10
9253 11
9254 11
9255 13
9256 14
9257 15
9258 12
9259 13
9260 14
9261 14
9262 11
9263 12
9264 9
9265 8
9266 7
9267 8
9268 8
9269 7
9270 7
9271 7
9272 8
9273 9
9274 13
9275 14
9276 13
9277 13
9278 15
9279 12
9280 12
9281 12
9282 13
9283 14
9284 12
9285 13
9286 12
9287 10
9288 12
9289 13
9290 14
9291 14
9292 13
9293 13
9294 11
9295 13
9296 14
9297 14
9298 13
9299 13
9300 14
9301 14
9302 12
9303 11
9304 9
9305 10
9306 10
9307 9
9308 11
9309 9
9310 14
9311 16
9312 13
9313 15
9314 12
9315 11
9316 13
9317 12
9318 10
9319 10
9320 10
9321 12
9322 12
9323 11
9324 12
9325 15
9326 12
9327 14
9328 14
9329 13
9330 12
9331 11
9332 11
9333 12
9334 13
9335 13
9336 15
9337 12
9338 15
9339 12
9340 9
9341 8
9342 6
9343 7
9344 7
9345 7
9346 8
9347 10
9348 11
9349 11
9350 11
9351 9
9352 9
9353 11
9354 11
9355 10
9356 11
9357 10
9358 12
9359 9
9360 8
9361 7
9362 9
9363 10
9364 9
9365 8
9366 12
9367 12
9368 11
9369 12
9370 11
9371 12
9372 10
9373 10
9374 10
9375 10
9376 10
9377 10
9378 11
9379 11
9380 11
9381 11
9382 9
9383 8
9384 9
9385 10
9386 9
9387 11
9388 9
9389 7
9390 8
9391 8
9392 9
9393 9
9394 11
9395 12
9396 15
9397 12
9398 13
9399 14
9400 14
9401 14
9402 15
9403 12
9404 14
9405 16
9406 13
9407 15
9408 12
9409 12
9410 12
9411 10
9412 11
9413 10
9414 10
9415 8
9416 8
9417 10
9418 10
9419 9
9420 10
9421 10
9422 10
9423 8
9424 7
9425 6
9426 8
9427 8
9428 8
9429 11
9430 12
9431 12
9432 10
9433 12
9434 12
9435 13
9436 15
9437 12
9438 13
9439 12
9440 14
9441 15
9442 12
9443 9
9444 10
9445 11
9446 11
9447 12
9448 12
9449 12
9450 11
9451 11
9452 12
9453 12
9454 11
9455 11
9456 11
9457 13
9458 14
9459 15
9460 12
9461 13
9462 15
9463 12
9464 11
9465 11
9466 12
9467 12
9468 13
9469 15
9470 12
9471 13
9472 14
9473 13
9474 14
9475 14
9476 16
9477 13
9478 16
9479 13
9480 13
9481 15
9482 12
9483 12
9484 11
9485 11
9486 11
9487 11
9488 14
9489 16
9490 13
9491 14
9492 14
9493 12
9494 15
9495 12
9496 11
9497 10
9498 10
9499 10
9500 12
9501 13
9502 12
9503 14
9504 15
9505 12
9506 11
9507 10
9508 11
9509 11
9510 10
9511 10
9512 9
9513 7
9514 6
9515 5
9516 6
9517 6
9518 6
9519 5
9520 2
9521 6
9522 6
9523 6
9524 5
9525 7
9526 7
9527 6
9528 7
9529 5
9530 3
9531 3
9532 2
9533 3
9534 5
9535 8
9536 10
9537 9
9538 10
9539 12
9540 12
9541 16
9542 13
9543 11
9544 9
9545 7
9546 6
9547 8
9548 8
9549 7
9550 8
9551 7
9552 10
9553 8
9554 6
9555 7
9556 8
9557 10
9558 10
9559 11
9560 12
9561 12
9562 12
9563 15
9564 12
9565 13
9566 15
9567 12
9568 11
9569 11
9570 9
9571 9
9572 11
9573 11
9574 10
9575 11
9576 10
9577 10
9578 10
9579 9
9580 10
9581 10
9582 10
9583 9
9584 7
9585 7
9586 9
9587 8
9588 9
9589 8
9590 7
9591 6
9592 8
9593 9
9594 7
9595 10
9596 10
9597 10
9598 10
9599 8
9600 7
9601 7
9602 6
9603 5
9604 7
9605 6
9606 5
9607 4
9608 6
9609 7
9610 7
9611 7
9612 7
9613 7
9614 5
9615 7
9616 6
9617 7
9618 9
9619 9
9620 7
9621 8
9622 7
9623 8
9624 8
9625 7
9626 11
9627 13
9628 13
9629 12
9630 15
9631 12
9632 13
9633 11
9634 13
9635 12
9636 13
9637 14
9638 16
9639 13
9640 12
9641 12
9642 12
9643 13
9644 15
9645 12
9646 11
9647 11
9648 13
9649 16
9650 13
9651 12
9652 11
9653 9
9654 9
9655 7
9656 11
9657 12
9658 9
9659 11
9660 12
9661 14
9662 15
9663 12
9664 11
9665 11
9666 12
9667 12
9668 15
9669 12
9670 12
9671 13
9672 11
9673 12
9674 12
9675 14
9676 14
9677 15
9678 12
9679 9
9680 10
9681 8
9682 8
9683 9
9684 8
9685 8
9686 7
9687 6
9688 7
9689 4
9690 3
9691 2
9692 2
9693 5
9694 5
9695 6
9696 5
9697 5
9698 6
9699 6
9700 6
9701 3
9702 1
9703 4
9704 5
9705 10
9706 10
9707 10
9708 11
9709 9
9710 8
9711 10
9712 13
9713 15
9714 12
9715 13
9716 14
9717 12
9718 14
9719 15
9720 12
9721 13
9722 15
9723 12
9724 13
9725 13
9726 13
9727 16
9728 13
9729 12
9730 11
9731 13
9732 12
9733 13
9734 14
9735 16
9736 13
9737 13
9738 12
9739 15
9740 12
9741 11
9742 12
9743 11
9744 11
9745 10
9746 10
9747 11
9748 10
9749 10
9750 10
9751 8
9752 8
9753 10
9754 10
9755 8
9756 6
9757 6
9758 8
9759 7
9760 7
9761 8
9762 9
9763 8
9764 11
9765 11
9766 12
9767 13
9768 14
9769 14
9770 15
9771 12
9772 11
9773 13
9774 13
9775 12
9776 14
9777 13
9778 15
9779 12
9780 12
9781 14
9782 14
9783 14
9784 13
9785 10
9786 10
9787 10
9788 10
9789 8
9790 7
9791 6
9792 7
9793 6
9794 5
9795 3
9796 4
9797 4
9798 6
9799 4
9800 4
9801 3
9802 4
9803 5
9804 6
9805 4
9806 3
9807 4
9808 3
9809 5
9810 6
9811 8
9812 6
9813 7
9814 9
9815 9
9816 8
9817 8
9818 10
9819 8
9820 8
9821 7
9822 7
9823 7
9824 8
9825 8
9826 9
9827 11
9828 11
9829 13
9830 12
9831 11
9832 15
9833 12
9834 14
9835 16
9836 13
9837 13
9838 13
9839 13
9840 15
9841 12
9842 12
9843 11
9844 13
9845 13
9846 13
9847 14
9848 13
9849 12
9850 11
9851 11
9852 12
9853 12
9854 13
9855 16
9856 13
9857 11
9858 12
9859 12
9860 11
9861 13
9862 14
9863 13
9864 11
9865 12
9866 13
9867 12
9868 13
9869 14
9870 14
9871 14
9872 16
9873 13
9874 12
9875 12
9876 11
9877 10
9878 10
9879 9
9880 10
9881 12
9882 10
9883 9
9884 8
9885 9
9886 8
9887 7
9888 4
9889 3
9890 3
9891 4
9892 5
9893 4
9894 3
9895 4
9896 7
9897 7
9898 8
9899 7
9900 8
9901 6
9902 7
9903 7
9904 6
9905 6
9906 6
9907 5
9908 6
9909 5
9910 4
9911 4
9912 4
9913 6
9914 7
9915 10
9916 11
9917 11
9918 12
9919 14
9920 16
9921 13
9922 14
9923 12
9924 13
9925 13
9926 14
9927 14
9928 15
9929 12
9930 14
9931 12
9932 14
9933 16
9934 13
9935 11
9936 10
9937 11
9938 12
9939 14
9940 14
9941 14
9942 12
9943 14
9944 14
9945 14
9946 13
9947 14
9948 14
9949 12
9950 13
9951 10
9952 8
9953 7
9954 7
9955 7
9956 8
9957 5
9958 5
9959 5
9960 2
9961 3
9962 1
9963 2
9964 2
9965 4
9966 4
9967 6
9968 4
9969 4
9970 1
9971 3
9972 4
9973 4
9974 2
9975 3
9976 3
9977 7
9978 7
9979 7
9980 7
9981 7
9982 7
9983 7
9984 5
9985 4
9986 3
9987 3
9988 4
9989 4
9990 3
9991 3
9992 5
9993 5
9994 5
9995 8
9996 7
9997 6
9998 6
9999 6
