0 0
1 1
2 1
3 1
4 1
5 3
6 0
7 0
8 0
9 0
10 1
11 2
12 1
13 0
14 1
15 0
16 3
17 0
18 0
19 2
20 0
21 0
22 1
23 1
24 2
25 1
26 2
27 0
28 3
29 2
30 1
31 0
32 2
33 3
34 2
35 1
36 1
37 0
38 1
39 1
40 2
41 2
42 1
43 1
44 1
45 1
46 1
47 2
48 2
49 1
50 1
51 3
52 2
53 0
54 1
55 1
56 2
57 2
58 0
59 0
60 0
61 2
62 1
63 1
64 2
65 1
66 0
67 3
68 2
69 1
70 1
71 1
72 1
73 1
74 1
75 0
76 2
77 0
78 1
79 0
80 3
81 0
82 1
83 3
84 1
85 0
86 1
87 2
88 1
89 0
90 2
91 3
92 0
93 0
94 1
95 3
96 3
97 0
98 2
99 0
100 0
101 0
102 1
103 1
104 2
105 2
106 1
107 1
108 2
109 0
110 1
111 0
112 0
113 1
114 1
115 1
116 1
117 0
118 4
119 1
120 0
121 1
122 1
123 1
124 2
125 0
126 0
127 0
128 2
129 2
130 0
131 3
132 4
133 5
134 6
135 3
136 1
137 3
138 2
139 0
140 0
141 0
142 0
143 1
144 2
145 2
146 2
147 1
148 3
149 2
150 1
151 2
152 1
153 0
154 2
155 1
156 1
157 2
158 2
159 2
160 2
161 2
162 3
163 0
164 2
165 1
166 1
167 1
168 0
169 1
170 0
171 2
172 1
173 2
174 2
175 0
176 2
177 1
178 1
179 0
180 0
181 0
182 2
183 1
184 1
185 2
186 3
187 0
188 0
189 1
190 1
191 2
192 2
193 1
194 2
195 1
196 0
197 1
198 1
199 2
200 2
201 1
202 0
203 1
204 2
205 1
206 3
207 1
208 2
209 1
210 1
211 1
212 2
213 0
214 1
215 1
216 1
217 2
218 2
219 1
220 1
221 4
222 2
223 2
224 2
225 1
226 1
227 2
228 3
229 2
230 1
231 1
232 2
233 2
234 2
235 2
236 2
237 0
238 1
239 1
240 2
241 2
242 2
243 1
244 1
245 1
246 0
247 1
248 0
249 2
250 0
251 0
252 1
253 2
254 1
255 2
256 0
257 1
258 0
259 1
260 1
261 1
262 4
263 2
264 2
265 0
266 5
267 2
268 1
269 2
270 1
271 1
272 1
273 0
274 1
275 2
276 1
277 2
278 0
279 1
280 1
281 2
282 1
283 0
284 1
285 2
286 3
287 2
288 2
289 1
290 2
291 2
292 0
293 0
294 1
295 1
296 0
297 1
298 2
299 0
300 3
301 0
302 2
303 3
304 1
305 2
306 2
307 1
308 0
309 0
310 2
311 1
312 2
313 1
314 1
315 2
316 1
317 1
318 2
319 2
320 2
321 1
322 1
323 3
324 0
325 2
326 1
327 2
328 4
329 2
330 2
331 2
332 2
333 4
334 4
335 1
336 1
337 0
338 1
339 2
340 1
341 0
342 2
343 2
344 0
345 1
346 1
347 0
348 0
349 1
350 1
351 2
352 0
353 1
354 1
355 3
356 1
357 2
358 2
359 2
360 1
361 1
362 1
363 0
364 2
365 2
366 1
367 0
368 2
369 1
370 0
371 1
372 1
373 3
374 3
375 1
376 2
377 2
378 3
379 2
380 0
381 2
382 2
383 2
384 2
385 2
386 1
387 3
388 0
389 2
390 2
391 0
392 3
393 3
394 2
395 1
396 0
397 2
398 1
399 0
400 0
401 0
402 1
403 1
404 2
405 2
406 1
407 1
408 2
409 0
410 0
411 1
412 3
413 1
414 0
415 1
416 1
417 1
418 2
419 4
420 3
421 1
422 1
423 0
424 0
425 1
426 1
427 1
428 1
429 1
430 0
431 1
432 2
433 0
434 0
435 0
436 1
437 0
438 0
439 1
440 2
441 0
442 2
443 2
444 1
445 3
446 1
447 0
448 0
449 0
450 0
451 2
452 3
453 2
454 1
455 1
456 2
457 2
458 0
459 0
460 3
461 2
462 0
463 1
464 0
465 2
466 0
467 1
468 1
469 3
470 0
471 1
472 3
473 1
474 1
475 0
476 2
477 1
478 2
479 2
480 3
481 3
482 1
483 0
484 0
485 2
486 0
487 0
488 1
489 2
490 2
491 0
492 1
493 0
494 2
495 1
496 0
497 1
498 1
499 0
500 1
501 1
502 0
503 0
504 1
505 2
506 2
507 2
508 1
509 0
510 0
511 2
512 1
513 2
514 1
515 2
516 1
517 2
518 0
519 1
520 1
521 0
522 2
523 1
524 1
525 3
526 0
527 1
528 1
529 0
530 2
531 0
532 1
533 1
534 0
535 2
536 1
537 0
538 0
539 1
540 2
541 2
542 0
543 0
544 1
545 2
546 1
547 0
548 1
549 2
550 2
551 2
552 2
553 1
554 0
555 2
556 1
557 2
558 0
559 0
560 1
561 2
562 0
563 1
564 1
565 3
566 1
567 3
568 0
569 0
570 5
571 5
572 4
573 3
574 1
575 1
576 1
577 0
578 3
579 1
580 3
581 0
582 3
583 2
584 3
585 3
586 2
587 3
588 1
589 0
590 1
591 1
592 3
593 0
594 1
595 1
596 0
597 1
598 0
599 1
600 1
601 1
602 1
603 1
604 2
605 1
606 1
607 2
608 0
609 2
610 0
611 3
612 2
613 2
614 2
615 1
616 2
617 3
618 2
619 2
620 2
621 1
622 1
623 1
624 1
625 0
626 2
627 2
628 1
629 1
630 0
631 1
632 1
633 1
634 2
635 2
636 1
637 3
638 3
639 1
640 1
641 2
642 1
643 2
644 1
645 3
646 2
647 2
648 1
649 3
650 0
651 0
652 1
653 1
654 1
655 1
656 2
657 0
658 2
659 1
660 3
661 1
662 0
663 1
664 2
665 2
666 1
667 1
668 0
669 2
670 0
671 0
672 1
673 0
674 1
675 1
676 1
677 1
678 0
679 2
680 1
681 1
682 2
683 2
684 0
685 1
686 2
687 0
688 0
689 1
690 1
691 4
692 2
693 0
694 3
695 0
696 2
697 2
698 2
699 1
700 2
701 2
702 0
703 0
704 1
705 1
706 2
707 3
708 1
709 1
710 2
711 3
712 1
713 1
714 2
715 2
716 0
717 2
718 1
719 1
720 2
721 0
722 2
723 1
724 1
725 2
726 1
727 2
728 1
729 1
730 2
731 1
732 0
733 1
734 2
735 1
736 0
737 1
738 2
739 0
740 2
741 1
742 2
743 2
744 3
745 3
746 1
747 0
748 4
749 2
750 3
751 1
752 1
753 3
754 2
755 2
756 1
757 2
758 2
759 1
760 2
761 1
762 0
763 1
764 3
765 1
766 3
767 1
768 3
769 1
770 1
771 1
772 0
773 2
774 1
775 0
776 3
777 0
778 0
779 0
780 3
781 1
782 0
783 2
784 2
785 2
786 3
787 2
788 0
789 1
790 1
791 1
792 1
793 0
794 2
795 2
796 1
797 2
798 1
799 1
800 1
801 1
802 2
803 0
804 1
805 1
806 1
807 3
808 2
809 0
810 3
811 2
812 1
813 1
814 0
815 1
816 0
817 0
818 1
819 2
820 3
821 3
822 1
823 2
824 0
825 0
826 0
827 1
828 1
829 0
830 0
831 1
832 2
833 2
834 1
835 1
836 1
837 1
838 1
839 1
840 1
841 0
842 1
843 1
844 1
845 1
846 1
847 1
848 1
849 1
850 1
851 4
852 3
853 1
854 2
855 1
856 1
857 0
858 2
859 2
860 3
861 1
862 3
863 1
864 1
865 2
866 2
867 2
868 1
869 1
870 0
871 0
872 2
873 2
874 2
875 2
876 2
877 2
878 0
879 2
880 2
881 1
882 0
883 1
884 0
885 0
886 0
887 0
888 0
889 1
890 2
891 0
892 1
893 2
894 3
895 0
896 2
897 1
898 3
899 0
900 0
901 2
902 3
903 3
904 2
905 0
906 3
907 2
908 3
909 1
910 1
911 2
912 2
913 3
914 0
915 1
916 2
917 1
918 0
919 1
920 1
921 2
922 1
923 4
924 4
925 2
926 0
927 0
928 3
929 0
930 1
931 0
932 1
933 2
934 0
935 0
936 0
937 0
938 3
939 0
940 1
941 2
942 0
943 4
944 1
945 2
946 2
947 1
948 0
949 1
950 1
951 1
952 1
953 0
954 1
955 1
956 1
957 0
958 1
959 2
960 0
961 0
962 0
963 0
964 1
965 0
966 2
967 2
968 1
969 1
970 3
971 3
972 1
973 2
974 3
975 2
976 2
977 1
978 1
979 2
980 1
981 1
982 2
983 0
984 1
985 1
986 2
987 1
988 3
989 1
990 3
991 3
992 1
993 1
994 1
995 1
996 3
997 1
998 2
999 4
1000 3
1001 2
1002 1
1003 0
1004 0
1005 1
1006 1
1007 1
1008 0
1009 3
1010 1
1011 1
1012 2
1013 2
1014 2
1015 0
1016 0
1017 2
1018 1
1019 0
1020 2
1021 1
1022 0
1023 0
1024 0
1025 0
1026 1
1027 0
1028 1
1029 2
1030 0
1031 1
1032 0
1033 2
1034 1
1035 3
1036 1
1037 2
1038 1
1039 1
1040 1
1041 1
1042 2
1043 1
1044 1
1045 0
1046 0
1047 0
1048 0
1049 1
1050 1
1051 0
1052 2
1053 1
1054 2
1055 2
1056 3
1057 3
1058 0
1059 1
1060 1
1061 3
1062 2
1063 0
1064 1
1065 1
1066 3
1067 0
1068 1
1069 1
1070 2
1071 0
1072 2
1073 2
1074 1
1075 0
1076 2
1077 0
1078 2
1079 0
1080 2
1081 0
1082 1
1083 1
1084 2
1085 1
1086 1
1087 2
1088 2
1089 4
1090 1
1091 1
1092 0
1093 0
1094 2
1095 1
1096 2
1097 1
1098 2
1099 2
1100 0
1101 2
1102 2
1103 1
1104 0
1105 1
1106 1
1107 2
1108 0
1109 0
1110 2
1111 0
1112 1
1113 2
1114 1
1115 1
1116 0
1117 2
1118 1
1119 1
1120 1
1121 2
1122 1
1123 1
1124 0
1125 1
1126 3
1127 0
1128 1
1129 2
1130 2
1131 1
1132 4
1133 3
1134 2
1135 1
1136 1
1137 0
1138 2
1139 0
1140 0
1141 2
1142 0
1143 2
1144 3
1145 0
1146 2
1147 3
1148 0
1149 2
1150 1
1151 0
1152 3
1153 2
1154 2
1155 1
1156 1
1157 1
1158 1
1159 1
1160 2
1161 2
1162 1
1163 2
1164 1
1165 0
1166 1
1167 0
1168 0
1169 1
1170 1
1171 2
1172 0
1173 1
1174 2
1175 1
1176 2
1177 2
1178 1
1179 1
1180 2
1181 2
1182 1
1183 2
1184 0
1185 1
1186 2
1187 0
1188 2
1189 2
1190 1
1191 1
1192 1
1193 0
1194 0
1195 2
1196 2
1197 1
1198 2
1199 0
1200 1
1201 2
1202 3
1203 2
1204 0
1205 2
1206 2
1207 1
1208 2
1209 3
1210 0
1211 2
1212 0
1213 2
1214 2
1215 3
1216 1
1217 0
1218 0
1219 2
1220 2
1221 1
1222 0
1223 2
1224 0
1225 1
1226 2
1227 2
1228 1
1229 1
1230 2
1231 2
1232 1
1233 1
1234 3
1235 0
1236 3
1237 0
1238 0
1239 4
1240 1
1241 2
1242 1
1243 1
1244 2
1245 2
1246 0
1247 0
1248 1
1249 0
1250 0
1251 2
1252 2
1253 1
1254 1
1255 1
1256 1
1257 0
1258 2
1259 2
1260 1
1261 1
1262 2
1263 2
1264 0
1265 3
1266 1
1267 0
1268 2
1269 0
1270 1
1271 2
1272 3
1273 1
1274 1
1275 2
1276 2
1277 1
1278 1
1279 0
1280 0
1281 0
1282 2
1283 2
1284 0
1285 1
1286 2
1287 0
1288 0
1289 0
1290 1
1291 3
1292 2
1293 2
1294 2
1295 1
1296 2
1297 2
1298 2
1299 2
1300 2
1301 2
1302 2
1303 1
1304 1
1305 2
1306 2
1307 1
1308 1
1309 1
1310 0
1311 0
1312 1
1313 2
1314 1
1315 2
1316 1
1317 1
1318 0
1319 0
1320 1
1321 2
1322 1
1323 1
1324 2
1325 2
1326 2
1327 1
1328 0
1329 2
1330 0
1331 1
1332 0
1333 0
1334 0
1335 3
1336 1
1337 0
1338 3
1339 0
1340 0
1341 1
1342 0
1343 1
1344 1
1345 1
1346 2
1347 1
1348 3
1349 0
1350 2
1351 2
1352 1
1353 1
1354 0
1355 2
1356 0
1357 1
1358 3
1359 1
1360 2
1361 0
1362 0
1363 2
1364 2
1365 1
1366 1
1367 1
1368 1
1369 1
1370 2
1371 0
1372 2
1373 2
1374 1
1375 0
1376 2
1377 2
1378 0
1379 1
1380 2
1381 3
1382 0
1383 2
1384 1
1385 0
1386 0
1387 1
1388 2
1389 0
1390 2
1391 0
1392 1
1393 3
1394 1
1395 1
1396 2
1397 1
1398 1
1399 3
1400 0
1401 2
1402 3
1403 1
1404 1
1405 1
1406 2
1407 2
1408 1
1409 1
1410 4
1411 1
1412 1
1413 3
1414 2
1415 2
1416 1
1417 0
1418 1
1419 2
1420 1
1421 0
1422 0
1423 2
1424 1
1425 2
1426 2
1427 0
1428 1
1429 2
1430 1
1431 1
1432 1
1433 0
1434 0
1435 1
1436 1
1437 1
1438 1
1439 0
1440 2
1441 2
1442 2
1443 1
1444 1
1445 1
1446 2
1447 1
1448 1
1449 0
1450 2
1451 1
1452 0
1453 1
1454 1
1455 1
1456 0
1457 2
1458 0
1459 1
1460 2
1461 1
1462 0
1463 0
1464 0
1465 2
1466 0
1467 0
1468 2
1469 1
1470 1
1471 0
1472 2
1473 0
1474 0
1475 2
1476 0
1477 0
1478 1
1479 2
1480 5
1481 3
1482 2
1483 2
1484 0
1485 0
1486 1
1487 1
1488 2
1489 0
1490 3
1491 3
1492 1
1493 2
1494 3
1495 2
1496 0
1497 2
1498 2
1499 2
1500 1
1501 0
1502 0
1503 0
1504 0
1505 1
1506 1
1507 1
1508 0
1509 2
1510 1
1511 1
1512 1
1513 0
1514 2
1515 2
1516 2
1517 2
1518 0
1519 2
1520 2
1521 3
1522 1
1523 0
1524 2
1525 0
1526 2
1527 1
1528 1
1529 0
1530 2
1531 2
1532 0
1533 3
1534 1
1535 2
1536 2
1537 0
1538 1
1539 2
1540 4
1541 2
1542 0
1543 2
1544 2
1545 1
1546 2
1547 0
1548 1
1549 2
1550 1
1551 1
1552 2
1553 2
1554 5
1555 3
1556 3
1557 2
1558 2
1559 0
1560 1
1561 2
1562 2
1563 0
1564 0
1565 1
1566 0
1567 0
1568 1
1569 3
1570 1
1571 1
1572 1
1573 0
1574 1
1575 1
1576 1
1577 0
1578 2
1579 2
1580 1
1581 2
1582 0
1583 2
1584 0
1585 2
1586 2
1587 1
1588 1
1589 2
1590 1
1591 0
1592 2
1593 1
1594 0
1595 0
1596 2
1597 1
1598 1
1599 1
1600 1
1601 0
1602 3
1603 1
1604 1
1605 0
1606 0
1607 0
1608 0
1609 2
1610 0
1611 1
1612 2
1613 2
1614 1
1615 1
1616 2
1617 0
1618 1
1619 1
1620 2
1621 2
1622 3
1623 1
1624 1
1625 0
1626 0
1627 1
1628 0
1629 1
1630 1
1631 4
1632 3
1633 2
1634 0
1635 0
1636 2
1637 3
1638 1
1639 1
1640 1
1641 1
1642 1
1643 1
1644 0
1645 1
1646 2
1647 0
1648 3
1649 3
1650 0
1651 0
1652 1
1653 0
1654 2
1655 0
1656 1
1657 2
1658 1
1659 1
1660 1
1661 3
1662 0
1663 1
1664 3
1665 3
1666 1
1667 1
1668 0
1669 0
1670 1
1671 3
1672 2
1673 3
1674 3
1675 2
1676 2
1677 1
1678 1
1679 1
1680 0
1681 4
1682 4
1683 1
1684 0
1685 0
1686 1
1687 3
1688 1
1689 2
1690 1
1691 1
1692 2
1693 2
1694 2
1695 0
1696 2
1697 2
1698 1
1699 1
1700 1
1701 1
1702 3
1703 1
1704 0
1705 1
1706 2
1707 1
1708 3
1709 2
1710 2
1711 1
1712 2
1713 0
1714 3
1715 1
1716 1
1717 2
1718 3
1719 3
1720 3
1721 1
1722 2
1723 1
1724 0
1725 1
1726 1
1727 0
1728 1
1729 1
1730 0
1731 1
1732 0
1733 1
1734 1
1735 2
1736 1
1737 1
1738 2
1739 0
1740 3
1741 1
1742 3
1743 0
1744 0
1745 0
1746 2
1747 1
1748 1
1749 0
1750 1
1751 2
1752 1
1753 2
1754 1
1755 3
1756 1
1757 1
1758 3
1759 1
1760 2
1761 1
1762 1
1763 0
1764 0
1765 1
1766 0
1767 1
1768 0
1769 1
1770 3
1771 1
1772 1
1773 1
1774 2
1775 1
1776 2
1777 1
1778 0
1779 1
1780 1
1781 1
1782 2
1783 0
1784 0
1785 1
1786 1
1787 2
1788 2
1789 2
1790 0
1791 2
1792 3
1793 1
1794 3
1795 0
1796 0
1797 0
1798 2
1799 4
1800 2
1801 1
1802 1
1803 0
1804 1
1805 2
1806 1
1807 3
1808 2
1809 0
1810 3
1811 3
1812 0
1813 3
1814 0
1815 1
1816 2
1817 3
1818 1
1819 1
1820 0
1821 2
1822 3
1823 2
1824 1
1825 2
1826 1
1827 3
1828 1
1829 2
1830 1
1831 0
1832 0
1833 2
1834 2
1835 2
1836 1
1837 1
1838 1
1839 2
1840 0
1841 3
1842 1
1843 0
1844 1
1845 1
1846 2
1847 2
1848 3
1849 1
1850 0
1851 1
1852 1
1853 0
1854 0
1855 3
1856 1
1857 3
1858 1
1859 1
1860 1
1861 2
1862 1
1863 6
1864 5
1865 6
1866 5
1867 5
1868 4
1869 3
1870 1
1871 2
1872 2
1873 1
1874 0
1875 0
1876 2
1877 0
1878 1
1879 3
1880 1
1881 2
1882 3
1883 2
1884 3
1885 3
1886 3
1887 2
1888 1
1889 2
1890 3
1891 2
1892 0
1893 3
1894 4
1895 3
1896 1
1897 1
1898 1
1899 1
1900 0
1901 0
1902 1
1903 1
1904 2
1905 0
1906 1
1907 1
1908 3
1909 0
1910 0
1911 2
1912 0
1913 1
1914 0
1915 0
1916 1
1917 4
1918 2
1919 3
1920 3
1921 1
1922 2
1923 1
1924 0
1925 3
1926 2
1927 3
1928 2
1929 2
1930 1
1931 1
1932 0
1933 2
1934 1
1935 3
1936 2
1937 0
1938 2
1939 2
1940 5
1941 2
1942 1
1943 3
1944 1
1945 2
1946 1
1947 1
1948 1
1949 0
1950 1
1951 1
1952 2
1953 1
1954 2
1955 0
1956 2
1957 3
1958 1
1959 1
1960 2
1961 2
1962 1
1963 0
1964 1
1965 2
1966 1
1967 1
1968 0
1969 1
1970 1
1971 2
1972 1
1973 1
1974 0
1975 1
1976 1
1977 1
1978 2
1979 2
1980 1
1981 2
1982 0
1983 2
1984 1
1985 1
1986 0
1987 1
1988 2
1989 0
1990 0
1991 1
1992 1
1993 1
1994 1
1995 3
1996 1
1997 0
1998 1
1999 2
2000 2
2001 3
2002 3
2003 0
2004 1
2005 2
2006 0
2007 0
2008 2
2009 1
2010 3
2011 2
2012 2
2013 0
2014 2
2015 2
2016 0
2017 1
2018 2
2019 3
2020 0
2021 1
2022 1
2023 1
2024 1
2025 1
2026 3
2027 2
2028 0
2029 1
2030 2
2031 0
2032 2
2033 2
2034 1
2035 1
2036 1
2037 1
2038 3
2039 2
2040 0
2041 1
2042 1
2043 2
2044 1
2045 0
2046 2
2047 3
2048 4
2049 3
2050 1
2051 2
2052 2
2053 1
2054 2
2055 2
2056 0
2057 1
2058 1
2059 1
2060 1
2061 2
2062 0
2063 0
2064 1
2065 1
2066 0
2067 1
2068 1
2069 3
2070 0
2071 2
2072 2
2073 3
2074 0
2075 0
2076 1
2077 0
2078 1
2079 2
2080 2
2081 0
2082 2
2083 1
2084 1
2085 0
2086 1
2087 1
2088 1
2089 0
2090 1
2091 2
2092 1
2093 1
2094 0
2095 1
2096 1
2097 1
2098 0
2099 1
2100 1
2101 1
2102 2
2103 2
2104 2
2105 2
2106 0
2107 0
2108 2
2109 1
2110 0
2111 3
2112 1
2113 1
2114 0
2115 0
2116 2
2117 2
2118 1
2119 3
2120 0
2121 0
2122 2
2123 1
2124 0
2125 1
2126 2
2127 1
2128 1
2129 1
2130 1
2131 2
2132 3
2133 2
2134 1
2135 1
2136 0
2137 4
2138 3
2139 2
2140 1
2141 0
2142 0
2143 1
2144 1
2145 1
2146 2
2147 0
2148 1
2149 1
2150 1
2151 2
2152 2
2153 1
2154 0
2155 0
2156 2
2157 2
2158 2
2159 2
2160 1
2161 1
2162 1
2163 2
2164 2
2165 1
2166 2
2167 0
2168 0
2169 3
2170 1
2171 1
2172 1
2173 0
2174 0
2175 2
2176 1
2177 0
2178 2
2179 1
2180 1
2181 1
2182 0
2183 0
2184 0
2185 1
2186 2
2187 1
2188 0
2189 1
2190 2
2191 0
2192 0
2193 1
2194 0
2195 0
2196 1
2197 3
2198 0
2199 1
2200 1
2201 1
2202 0
2203 3
2204 3
2205 2
2206 3
2207 0
2208 1
2209 2
2210 3
2211 2
2212 1
2213 2
2214 0
2215 1
2216 1
2217 0
2218 2
2219 1
2220 1
2221 1
2222 3
2223 2
2224 2
2225 0
2226 3
2227 3
2228 1
2229 2
2230 1
2231 2
2232 1
2233 1
2234 1
2235 0
2236 1
2237 1
2238 2
2239 2
2240 1
2241 1
2242 1
2243 2
2244 0
2245 1
2246 1
2247 1
2248 3
2249 0
2250 2
2251 2
2252 0
2253 0
2254 1
2255 0
2256 0
2257 1
2258 1
2259 5
2260 2
2261 3
2262 1
2263 0
2264 2
2265 3
2266 2
2267 1
2268 0
2269 2
2270 2
2271 0
2272 3
2273 1
2274 1
2275 0
2276 0
2277 2
2278 1
2279 2
2280 2
2281 2
2282 2
2283 1
2284 2
2285 1
2286 0
2287 0
2288 0
2289 1
2290 0
2291 1
2292 1
2293 1
2294 2
2295 0
2296 2
2297 2
2298 1
2299 2
2300 0
2301 3
2302 3
2303 1
2304 0
2305 1
2306 1
2307 1
2308 1
2309 1
2310 2
2311 1
2312 1
2313 1
2314 0
2315 1
2316 2
2317 0
2318 1
2319 3
2320 1
2321 0
2322 2
2323 2
2324 1
2325 1
2326 3
2327 1
2328 1
2329 0
2330 0
2331 1
2332 1
2333 2
2334 2
2335 2
2336 1
2337 2
2338 0
2339 1
2340 1
2341 2
2342 1
2343 0
2344 2
2345 3
2346 1
2347 0
2348 0
2349 2
2350 2
2351 2
2352 2
2353 2
2354 1
2355 2
2356 1
2357 0
2358 1
2359 3
2360 2
2361 1
2362 1
2363 1
2364 0
2365 1
2366 2
2367 2
2368 0
2369 2
2370 1
2371 0
2372 0
2373 0
2374 1
2375 1
2376 1
2377 1
2378 1
2379 2
2380 2
2381 2
2382 0
2383 1
2384 1
2385 0
2386 2
2387 2
2388 3
2389 2
2390 1
2391 1
2392 2
2393 0
2394 0
2395 0
2396 2
2397 0
2398 2
2399 1
2400 2
2401 2
2402 1
2403 0
2404 4
2405 3
2406 2
2407 1
2408 1
2409 1
2410 1
2411 1
2412 1
2413 0
2414 0
2415 2
2416 3
2417 3
2418 3
2419 0
2420 2
2421 1
2422 1
2423 1
2424 1
2425 1
2426 1
2427 2
2428 0
2429 0
2430 0
2431 1
2432 2
2433 1
2434 0
2435 1
2436 1
2437 2
2438 2
2439 2
2440 0
2441 3
2442 2
2443 0
2444 1
2445 3
2446 2
2447 0
2448 0
2449 2
2450 4
2451 2
2452 3
2453 2
2454 1
2455 0
2456 2
2457 0
2458 1
2459 3
2460 2
2461 1
2462 0
2463 1
2464 1
2465 3
2466 2
2467 2
2468 1
2469 1
2470 0
2471 0
2472 2
2473 2
2474 0
2475 1
2476 0
2477 1
2478 2
2479 1
2480 1
2481 0
2482 1
2483 0
2484 3
2485 1
2486 0
2487 0
2488 1
2489 1
2490 2
2491 2
2492 2
2493 1
2494 3
2495 0
2496 2
2497 1
2498 0
2499 0
2500 2
2501 1
2502 0
2503 2
2504 0
2505 0
2506 1
2507 0
2508 0
2509 3
2510 1
2511 0
2512 1
2513 1
2514 4
2515 2
2516 1
2517 1
2518 2
2519 2
2520 1
2521 2
2522 0
2523 1
2524 3
2525 2
2526 2
2527 1
2528 4
2529 3
2530 0
2531 3
2532 2
2533 1
2534 1
2535 1
2536 0
2537 1
2538 1
2539 0
2540 0
2541 3
2542 1
2543 3
2544 1
2545 3
2546 0
2547 0
2548 1
2549 0
2550 1
2551 1
2552 3
2553 1
2554 1
2555 2
2556 3
2557 0
2558 2
2559 1
2560 1
2561 0
2562 2
2563 1
2564 1
2565 2
2566 1
2567 1
2568 2
2569 1
2570 1
2571 1
2572 0
2573 1
2574 0
2575 0
2576 1
2577 0
2578 0
2579 3
2580 0
2581 1
2582 1
2583 2
2584 0
2585 0
2586 0
2587 2
2588 1
2589 3
2590 0
2591 1
2592 0
2593 1
2594 1
2595 1
2596 0
2597 1
2598 1
2599 0
2600 0
2601 0
2602 2
2603 0
2604 1
2605 2
2606 0
2607 0
2608 0
2609 0
2610 0
2611 5
2612 3
2613 1
2614 1
2615 1
2616 0
2617 0
2618 2
2619 0
2620 1
2621 1
2622 2
2623 0
2624 2
2625 2
2626 0
2627 1
2628 1
2629 1
2630 0
2631 0
2632 2
2633 2
2634 2
2635 1
2636 2
2637 3
2638 1
2639 2
2640 2
2641 5
2642 5
2643 3
2644 3
2645 1
2646 1
2647 0
2648 1
2649 2
2650 1
2651 1
2652 1
2653 2
2654 1
2655 0
2656 0
2657 2
2658 2
2659 0
2660 1
2661 3
2662 1
2663 2
2664 1
2665 0
2666 1
2667 0
2668 1
2669 0
2670 2
2671 2
2672 1
2673 1
2674 0
2675 1
2676 0
2677 0
2678 2
2679 1
2680 5
2681 4
2682 3
2683 0
2684 3
2685 0
2686 0
2687 2
2688 0
2689 0
2690 2
2691 2
2692 0
2693 1
2694 0
2695 2
2696 1
2697 0
2698 2
2699 1
2700 0
2701 1
2702 0
2703 3
2704 1
2705 0
2706 2
2707 2
2708 2
2709 3
2710 2
2711 4
2712 2
2713 0
2714 3
2715 2
2716 1
2717 1
2718 1
2719 2
2720 1
2721 1
2722 1
2723 2
2724 4
2725 2
2726 2
2727 3
2728 3
2729 1
2730 0
2731 0
2732 2
2733 0
2734 1
2735 1
2736 2
2737 1
2738 1
2739 0
2740 3
2741 4
2742 1
2743 1
2744 1
2745 2
2746 2
2747 1
2748 0
2749 0
2750 3
2751 0
2752 3
2753 1
2754 2
2755 2
2756 3
2757 3
2758 1
2759 0
2760 2
2761 2
2762 2
2763 2
2764 0
2765 1
2766 1
2767 1
2768 2
2769 1
2770 1
2771 1
2772 1
2773 2
2774 0
2775 0
2776 0
2777 1
2778 1
2779 2
2780 0
2781 1
2782 0
2783 2
2784 0
2785 1
2786 0
2787 0
2788 2
2789 1
2790 0
2791 3
2792 1
2793 1
2794 1
2795 2
2796 2
2797 0
2798 1
2799 2
2800 0
2801 0
2802 2
2803 3
2804 0
2805 0
2806 2
2807 1
2808 1
2809 3
2810 2
2811 2
2812 0
2813 1
2814 0
2815 1
2816 3
2817 4
2818 2
2819 0
2820 1
2821 3
2822 0
2823 1
2824 2
2825 0
2826 3
2827 0
2828 0
2829 2
2830 1
2831 2
2832 1
2833 2
2834 0
2835 3
2836 1
2837 0
2838 3
2839 1
2840 0
2841 2
2842 2
2843 2
2844 1
2845 0
2846 2
2847 2
2848 1
2849 0
2850 1
2851 1
2852 1
2853 2
2854 0
2855 2
2856 2
2857 1
2858 2
2859 1
2860 1
2861 2
2862 0
2863 3
2864 2
2865 2
2866 1
2867 1
2868 2
2869 1
2870 1
2871 0
2872 0
2873 2
2874 1
2875 0
2876 1
2877 2
2878 2
2879 1
2880 1
2881 2
2882 2
2883 1
2884 3
2885 2
2886 1
2887 3
2888 1
2889 1
2890 2
2891 3
2892 1
2893 1
2894 2
2895 2
2896 1
2897 2
2898 1
2899 1
2900 0
2901 3
2902 0
2903 2
2904 2
2905 1
2906 0
2907 2
2908 1
2909 1
2910 0
2911 1
2912 0
2913 0
2914 1
2915 1
2916 0
2917 0
2918 0
2919 1
2920 2
2921 0
2922 0
2923 1
2924 1
2925 2
2926 1
2927 1
2928 2
2929 0
2930 2
2931 0
2932 0
2933 1
2934 1
2935 1
2936 2
2937 1
2938 0
2939 0
2940 1
2941 0
2942 2
2943 1
2944 2
2945 1
2946 1
2947 0
2948 1
2949 3
2950 0
2951 2
2952 2
2953 0
2954 2
2955 1
2956 2
2957 3
2958 1
2959 1
2960 0
2961 1
2962 2
2963 1
2964 1
2965 0
2966 0
2967 2
2968 2
2969 2
2970 1
2971 1
2972 0
2973 1
2974 2
2975 2
2976 1
2977 0
2978 2
2979 2
2980 0
2981 0
2982 3
2983 1
2984 1
2985 3
2986 3
2987 0
2988 1
2989 1
2990 0
2991 1
2992 1
2993 3
2994 0
2995 1
2996 1
2997 1
2998 2
2999 2
3000 1
3001 1
3002 0
3003 0
3004 0
3005 0
3006 1
3007 1
3008 1
3009 1
3010 2
3011 1
3012 2
3013 1
3014 1
3015 3
3016 2
3017 1
3018 0
3019 1
3020 1
3021 2
3022 1
3023 3
3024 2
3025 2
3026 1
3027 1
3028 1
3029 1
3030 1
3031 1
3032 2
3033 2
3034 0
3035 1
3036 4
3037 2
3038 1
3039 0
3040 1
3041 1
3042 1
3043 1
3044 3
3045 5
3046 5
3047 4
3048 1
3049 2
3050 2
3051 1
3052 1
3053 1
3054 2
3055 3
3056 0
3057 1
3058 2
3059 1
3060 0
3061 1
3062 0
3063 1
3064 2
3065 1
3066 2
3067 2
3068 1
3069 0
3070 1
3071 2
3072 0
3073 2
3074 2
3075 2
3076 2
3077 0
3078 0
3079 0
3080 2
3081 1
3082 2
3083 2
3084 1
3085 3
3086 1
3087 1
3088 0
3089 3
3090 0
3091 1
3092 3
3093 0
3094 1
3095 2
3096 0
3097 1
3098 3
3099 2
3100 2
3101 2
3102 3
3103 2
3104 2
3105 1
3106 1
3107 2
3108 2
3109 1
3110 1
3111 1
3112 2
3113 0
3114 1
3115 1
3116 1
3117 1
3118 1
3119 1
3120 4
3121 2
3122 1
3123 1
3124 0
3125 0
3126 2
3127 2
3128 1
3129 1
3130 3
3131 0
3132 1
3133 1
3134 3
3135 1
3136 3
3137 2
3138 2
3139 0
3140 0
3141 1
3142 0
3143 1
3144 1
3145 0
3146 3
3147 1
3148 2
3149 2
3150 1
3151 1
3152 3
3153 0
3154 1
3155 2
3156 1
3157 0
3158 3
3159 1
3160 2
3161 1
3162 0
3163 4
3164 1
3165 3
3166 3
3167 1
3168 2
3169 2
3170 3
3171 3
3172 2
3173 1
3174 0
3175 0
3176 1
3177 2
3178 0
3179 2
3180 0
3181 2
3182 1
3183 1
3184 2
3185 2
3186 1
3187 2
3188 0
3189 1
3190 2
3191 2
3192 3
3193 1
3194 3
3195 0
3196 1
3197 1
3198 0
3199 2
3200 2
3201 2
3202 2
3203 1
3204 0
3205 3
3206 1
3207 0
3208 2
3209 3
3210 1
3211 0
3212 2
3213 1
3214 2
3215 1
3216 2
3217 2
3218 1
3219 2
3220 3
3221 4
3222 1
3223 0
3224 2
3225 5
3226 3
3227 1
3228 1
3229 1
3230 3
3231 1
3232 1
3233 2
3234 2
3235 0
3236 3
3237 3
3238 1
3239 1
3240 0
3241 2
3242 3
3243 2
3244 2
3245 1
3246 1
3247 1
3248 1
3249 1
3250 0
3251 4
3252 2
3253 0
3254 2
3255 1
3256 3
3257 1
3258 0
3259 0
3260 1
3261 2
3262 2
3263 1
3264 1
3265 0
3266 1
3267 3
3268 0
3269 1
3270 1
3271 0
3272 0
3273 3
3274 2
3275 0
3276 1
3277 1
3278 2
3279 0
3280 1
3281 2
3282 2
3283 2
3284 1
3285 2
3286 0
3287 2
3288 2
3289 2
3290 1
3291 0
3292 1
3293 0
3294 1
3295 1
3296 2
3297 2
3298 4
3299 4
3300 4
3301 3
3302 0
3303 1
3304 2
3305 3
3306 2
3307 2
3308 1
3309 0
3310 0
3311 2
3312 2
3313 1
3314 0
3315 1
3316 1
3317 1
3318 1
3319 2
3320 2
3321 1
3322 1
3323 0
3324 1
3325 4
3326 2
3327 0
3328 1
3329 2
3330 1
3331 0
3332 2
3333 0
3334 3
3335 1
3336 1
3337 1
3338 0
3339 2
3340 1
3341 1
3342 1
3343 1
3344 0
3345 2
3346 1
3347 1
3348 1
3349 0
3350 1
3351 0
3352 1
3353 1
3354 1
3355 1
3356 1
3357 2
3358 0
3359 1
3360 1
3361 2
3362 0
3363 2
3364 0
3365 2
3366 4
3367 3
3368 1
3369 0
3370 1
3371 2
3372 0
3373 1
3374 2
3375 3
3376 2
3377 2
3378 2
3379 1
3380 0
3381 2
3382 0
3383 2
3384 1
3385 2
3386 3
3387 2
3388 1
3389 1
3390 1
3391 1
3392 2
3393 3
3394 2
3395 3
3396 2
3397 0
3398 1
3399 1
3400 3
3401 1
3402 0
3403 3
3404 1
3405 1
3406 0
3407 1
3408 1
3409 1
3410 0
3411 1
3412 1
3413 1
3414 2
3415 0
3416 3
3417 2
3418 0
3419 1
3420 1
3421 1
3422 0
3423 0
3424 1
3425 1
3426 3
3427 2
3428 2
3429 1
3430 2
3431 0
3432 2
3433 0
3434 1
3435 1
3436 0
3437 0
3438 1
3439 1
3440 2
3441 1
3442 1
3443 1
3444 1
3445 2
3446 1
3447 1
3448 1
3449 0
3450 2
3451 0
3452 1
3453 1
3454 1
3455 3
3456 1
3457 0
3458 0
3459 1
3460 1
3461 0
3462 0
3463 3
3464 3
3465 1
3466 2
3467 0
3468 1
3469 2
3470 2
3471 1
3472 2
3473 2
3474 1
3475 0
3476 1
3477 0
3478 1
3479 1
3480 1
3481 1
3482 0
3483 0
3484 0
3485 0
3486 2
3487 1
3488 1
3489 1
3490 0
3491 1
3492 1
3493 0
3494 0
3495 1
3496 1
3497 2
3498 1
3499 0
3500 1
3501 1
3502 3
3503 3
3504 1
3505 1
3506 2
3507 3
3508 5
3509 4
3510 3
3511 2
3512 4
3513 3
3514 1
3515 2
3516 2
3517 0
3518 1
3519 1
3520 0
3521 2
3522 1
3523 2
3524 4
3525 4
3526 2
3527 2
3528 0
3529 1
3530 3
3531 2
3532 0
3533 0
3534 1
3535 1
3536 0
3537 0
3538 1
3539 1
3540 1
3541 2
3542 3
3543 1
3544 2
3545 1
3546 0
3547 2
3548 1
3549 2
3550 1
3551 1
3552 0
3553 2
3554 2
3555 1
3556 3
3557 1
3558 2
3559 0
3560 4
3561 3
3562 3
3563 1
3564 1
3565 1
3566 1
3567 1
3568 1
3569 0
3570 1
3571 3
3572 0
3573 1
3574 1
3575 4
3576 3
3577 1
3578 3
3579 2
3580 2
3581 2
3582 1
3583 2
3584 2
3585 2
3586 1
3587 0
3588 0
3589 0
3590 1
3591 3
3592 0
3593 2
3594 1
3595 0
3596 2
3597 1
3598 1
3599 1
3600 0
3601 2
3602 1
3603 3
3604 0
3605 2
3606 0
3607 1
3608 2
3609 0
3610 2
3611 1
3612 2
3613 0
3614 0
3615 1
3616 1
3617 0
3618 3
3619 2
3620 1
3621 1
3622 0
3623 1
3624 1
3625 2
3626 0
3627 1
3628 1
3629 2
3630 1
3631 1
3632 2
3633 2
3634 0
3635 1
3636 1
3637 2
3638 2
3639 2
3640 0
3641 2
3642 1
3643 1
3644 1
3645 1
3646 2
3647 1
3648 5
3649 4
3650 1
3651 1
3652 3
3653 1
3654 1
3655 2
3656 2
3657 1
3658 1
3659 1
3660 3
3661 2
3662 2
3663 4
3664 2
3665 1
3666 2
3667 0
3668 2
3669 2
3670 2
3671 2
3672 1
3673 0
3674 1
3675 1
3676 0
3677 0
3678 0
3679 0
3680 3
3681 1
3682 2
3683 3
3684 0
3685 2
3686 1
3687 2
3688 1
3689 0
3690 1
3691 1
3692 1
3693 1
3694 1
3695 1
3696 1
3697 2
3698 1
3699 0
3700 1
3701 2
3702 4
3703 3
3704 1
3705 0
3706 1
3707 2
3708 1
3709 1
3710 1
3711 0
3712 1
3713 2
3714 1
3715 0
3716 1
3717 1
3718 2
3719 0
3720 1
3721 1
3722 0
3723 1
3724 0
3725 0
3726 0
3727 1
3728 1
3729 5
3730 2
3731 1
3732 0
3733 0
3734 1
3735 1
3736 0
3737 1
3738 2
3739 1
3740 2
3741 1
3742 1
3743 2
3744 1
3745 1
3746 0
3747 3
3748 2
3749 2
3750 1
3751 0
3752 0
3753 1
3754 1
3755 0
3756 1
3757 0
3758 1
3759 0
3760 1
3761 1
3762 2
3763 1
3764 1
3765 1
3766 1
3767 1
3768 1
3769 1
3770 0
3771 3
3772 2
3773 1
3774 2
3775 2
3776 1
3777 1
3778 3
3779 0
3780 2
3781 2
3782 1
3783 1
3784 2
3785 2
3786 1
3787 0
3788 1
3789 0
3790 1
3791 1
3792 0
3793 2
3794 2
3795 0
3796 1
3797 1
3798 1
3799 1
3800 0
3801 1
3802 2
3803 2
3804 3
3805 0
3806 2
3807 2
3808 3
3809 2
3810 2
3811 2
3812 0
3813 0
3814 1
3815 1
3816 1
3817 0
3818 2
3819 2
3820 1
3821 0
3822 0
3823 0
3824 1
3825 2
3826 1
3827 1
3828 1
3829 2
3830 1
3831 1
3832 1
3833 3
3834 3
3835 0
3836 3
3837 1
3838 4
3839 2
3840 2
3841 1
3842 2
3843 1
3844 2
3845 4
3846 1
3847 3
3848 1
3849 2
3850 3
3851 0
3852 1
3853 1
3854 2
3855 1
3856 1
3857 1
3858 1
3859 0
3860 2
3861 1
3862 3
3863 1
3864 2
3865 1
3866 1
3867 2
3868 1
3869 1
3870 2
3871 4
3872 1
3873 1
3874 2
3875 1
3876 3
3877 1
3878 0
3879 1
3880 2
3881 1
3882 2
3883 1
3884 0
3885 0
3886 1
3887 1
3888 1
3889 0
3890 2
3891 1
3892 0
3893 1
3894 0
3895 0
3896 1
3897 1
3898 2
3899 1
3900 1
3901 0
3902 2
3903 2
3904 1
3905 2
3906 2
3907 2
3908 0
3909 0
3910 2
3911 0
3912 1
3913 0
3914 1
3915 2
3916 1
3917 1
3918 1
3919 2
3920 1
3921 2
3922 1
3923 1
3924 0
3925 2
3926 2
3927 0
3928 3
3929 1
3930 1
3931 1
3932 0
3933 0
3934 0
3935 1
3936 0
3937 1
3938 1
3939 0
3940 1
3941 1
3942 3
3943 0
3944 2
3945 1
3946 3
3947 1
3948 1
3949 1
3950 2
3951 1
3952 3
3953 4
3954 2
3955 0
3956 1
3957 0
3958 2
3959 3
3960 1
3961 3
3962 4
3963 4
3964 2
3965 2
3966 2
3967 4
3968 1
3969 2
3970 1
3971 2
3972 2
3973 0
3974 1
3975 1
3976 3
3977 0
3978 1
3979 1
3980 1
3981 1
3982 2
3983 2
3984 2
3985 1
3986 1
3987 2
3988 0
3989 0
3990 3
3991 3
3992 3
3993 1
3994 1
3995 1
3996 2
3997 1
3998 1
3999 3
4000 1
4001 1
4002 2
4003 0
4004 0
4005 2
4006 1
4007 2
4008 1
4009 0
4010 2
4011 1
4012 0
4013 2
4014 1
4015 2
4016 1
4017 1
4018 1
4019 1
4020 2
4021 1
4022 3
4023 1
4024 2
4025 0
4026 0
4027 2
4028 1
4029 0
4030 1
4031 2
4032 3
4033 2
4034 1
4035 0
4036 1
4037 1
4038 3
4039 1
4040 2
4041 1
4042 1
4043 0
4044 1
4045 2
4046 3
4047 1
4048 0
4049 0
4050 0
4051 0
4052 0
4053 2
4054 2
4055 0
4056 2
4057 1
4058 1
4059 1
4060 2
4061 0
4062 0
4063 0
4064 2
4065 2
4066 2
4067 1
4068 1
4069 2
4070 2
4071 3
4072 0
4073 1
4074 1
4075 1
4076 1
4077 1
4078 2
4079 2
4080 1
4081 3
4082 3
4083 1
4084 1
4085 2
4086 2
4087 1
4088 2
4089 1
4090 2
4091 1
4092 3
4093 3
4094 3
4095 2
4096 0
4097 2
4098 0
4099 0
4100 2
4101 1
4102 0
4103 1
4104 1
4105 4
4106 1
4107 1
4108 2
4109 0
4110 1
4111 1
4112 2
4113 0
4114 0
4115 0
4116 3
4117 3
4118 3
4119 2
4120 1
4121 0
4122 1
4123 2
4124 1
4125 1
4126 1
4127 1
4128 1
4129 2
4130 3
4131 3
4132 3
4133 1
4134 1
4135 3
4136 0
4137 1
4138 2
4139 1
4140 1
4141 2
4142 2
4143 3
4144 4
4145 3
4146 3
4147 3
4148 2
4149 0
4150 0
4151 3
4152 3
4153 1
4154 0
4155 0
4156 1
4157 1
4158 3
4159 1
4160 2
4161 2
4162 0
4163 2
4164 2
4165 3
4166 1
4167 0
4168 0
4169 2
4170 2
4171 0
4172 2
4173 1
4174 0
4175 1
4176 0
4177 1
4178 2
4179 0
4180 2
4181 3
4182 3
4183 1
4184 0
4185 1
4186 1
4187 1
4188 0
4189 0
4190 1
4191 0
4192 1
4193 2
4194 2
4195 0
4196 1
4197 0
4198 1
4199 1
4200 1
4201 3
4202 1
4203 0
4204 1
4205 1
4206 1
4207 3
4208 0
4209 1
4210 2
4211 0
4212 1
4213 1
4214 0
4215 2
4216 1
4217 2
4218 0
4219 2
4220 1
4221 3
4222 1
4223 1
4224 4
4225 3
4226 2
4227 0
4228 1
4229 2
4230 1
4231 3
4232 1
4233 0
4234 0
4235 2
4236 3
4237 1
4238 0
4239 2
4240 2
4241 1
4242 1
4243 1
4244 1
4245 3
4246 1
4247 0
4248 3
4249 0
4250 1
4251 1
4252 1
4253 0
4254 0
4255 1
4256 3
4257 1
4258 2
4259 1
4260 2
4261 3
4262 1
4263 0
4264 2
4265 2
4266 4
4267 3
4268 2
4269 3
4270 1
4271 1
4272 0
4273 2
4274 3
4275 2
4276 1
4277 2
4278 0
4279 3
4280 0
4281 1
4282 1
4283 2
4284 3
4285 1
4286 1
4287 1
4288 2
4289 1
4290 0
4291 2
4292 0
4293 2
4294 0
4295 0
4296 2
4297 0
4298 2
4299 2
4300 2
4301 0
4302 1
4303 1
4304 1
4305 0
4306 1
4307 2
4308 1
4309 2
4310 1
4311 2
4312 1
4313 1
4314 1
4315 1
4316 1
4317 0
4318 1
4319 2
4320 1
4321 3
4322 1
4323 2
4324 2
4325 1
4326 3
4327 2
4328 1
4329 3
4330 1
4331 1
4332 0
4333 2
4334 0
4335 1
4336 1
4337 1
4338 5
4339 2
4340 1
4341 3
4342 0
4343 1
4344 3
4345 1
4346 2
4347 0
4348 1
4349 1
4350 1
4351 1
4352 1
4353 3
4354 1
4355 2
4356 1
4357 3
4358 1
4359 3
4360 1
4361 2
4362 1
4363 1
4364 1
4365 2
4366 1
4367 0
4368 2
4369 1
4370 4
4371 4
4372 1
4373 2
4374 1
4375 0
4376 1
4377 2
4378 1
4379 2
4380 2
4381 2
4382 1
4383 1
4384 3
4385 1
4386 2
4387 0
4388 2
4389 1
4390 2
4391 2
4392 1
4393 2
4394 0
4395 1
4396 1
4397 1
4398 2
4399 3
4400 1
4401 1
4402 2
4403 2
4404 3
4405 0
4406 2
4407 3
4408 1
4409 2
4410 1
4411 1
4412 0
4413 0
4414 0
4415 1
4416 1
4417 1
4418 1
4419 2
4420 0
4421 1
4422 1
4423 0
4424 1
4425 1
4426 3
4427 0
4428 1
4429 0
4430 1
4431 0
4432 3
4433 2
4434 1
4435 3
4436 2
4437 1
4438 1
4439 2
4440 1
4441 0
4442 1
4443 1
4444 1
4445 2
4446 1
4447 1
4448 1
4449 1
4450 3
4451 2
4452 1
4453 1
4454 1
4455 2
4456 3
4457 2
4458 0
4459 1
4460 1
4461 0
4462 1
4463 1
4464 0
4465 2
4466 1
4467 1
4468 2
4469 1
4470 0
4471 0
4472 0
4473 1
4474 0
4475 0
4476 1
4477 2
4478 1
4479 0
4480 0
4481 0
4482 2
4483 2
4484 2
4485 2
4486 2
4487 1
4488 1
4489 0
4490 3
4491 2
4492 0
4493 2
4494 2
4495 0
4496 2
4497 2
4498 1
4499 3
4500 1
4501 1
4502 2
4503 2
4504 1
4505 0
4506 1
4507 2
4508 2
4509 1
4510 2
4511 3
4512 2
4513 1
4514 0
4515 4
4516 1
4517 0
4518 2
4519 2
4520 2
4521 2
4522 0
4523 0
4524 2
4525 1
4526 0
4527 0
4528 2
4529 1
4530 3
4531 1
4532 2
4533 1
4534 2
4535 2
4536 2
4537 4
4538 4
4539 5
4540 3
4541 1
4542 2
4543 0
4544 1
4545 0
4546 2
4547 2
4548 2
4549 0
4550 1
4551 1
4552 1
4553 0
4554 0
4555 2
4556 1
4557 3
4558 0
4559 0
4560 0
4561 0
4562 2
4563 0
4564 2
4565 3
4566 3
4567 1
4568 0
4569 1
4570 2
4571 2
4572 4
4573 1
4574 1
4575 0
4576 2
4577 1
4578 2
4579 1
4580 2
4581 1
4582 0
4583 1
4584 4
4585 2
4586 1
4587 1
4588 0
4589 2
4590 3
4591 2
4592 2
4593 0
4594 0
4595 1
4596 1
4597 1
4598 0
4599 0
4600 0
4601 3
4602 1
4603 1
4604 1
4605 0
4606 2
4607 2
4608 0
4609 1
4610 2
4611 2
4612 0
4613 2
4614 0
4615 1
4616 1
4617 4
4618 2
4619 4
4620 1
4621 2
4622 1
4623 1
4624 2
4625 1
4626 0
4627 0
4628 0
4629 1
4630 0
4631 0
4632 0
4633 2
4634 2
4635 0
4636 2
4637 3
4638 3
4639 1
4640 1
4641 1
4642 0
4643 0
4644 1
4645 1
4646 0
4647 1
4648 3
4649 2
4650 2
4651 0
4652 1
4653 1
4654 2
4655 2
4656 1
4657 0
4658 0
4659 0
4660 1
4661 1
4662 1
4663 2
4664 1
4665 1
4666 0
4667 0
4668 3
4669 0
4670 1
4671 2
4672 0
4673 1
4674 3
4675 0
4676 0
4677 1
4678 0
4679 2
4680 1
4681 1
4682 1
4683 4
4684 2
4685 2
4686 2
4687 1
4688 2
4689 2
4690 2
4691 1
4692 2
4693 2
4694 2
4695 3
4696 3
4697 1
4698 1
4699 1
4700 3
4701 2
4702 2
4703 1
4704 0
4705 2
4706 1
4707 1
4708 0
4709 1
4710 3
4711 2
4712 2
4713 1
4714 0
4715 2
4716 2
4717 2
4718 0
4719 1
4720 3
4721 1
4722 2
4723 1
4724 1
4725 0
4726 0
4727 1
4728 0
4729 1
4730 1
4731 1
4732 2
4733 0
4734 1
4735 2
4736 2
4737 1
4738 2
4739 2
4740 0
4741 0
4742 1
4743 1
4744 1
4745 2
4746 2
4747 0
4748 2
4749 0
4750 1
4751 3
4752 2
4753 0
4754 1
4755 2
4756 2
4757 3
4758 2
4759 0
4760 0
4761 0
4762 0
4763 1
4764 1
4765 1
4766 2
4767 2
4768 1
4769 0
4770 0
4771 1
4772 0
4773 2
4774 1
4775 2
4776 1
4777 1
4778 3
4779 1
4780 2
4781 2
4782 1
4783 3
4784 3
4785 2
4786 0
4787 1
4788 1
4789 3
4790 3
4791 0
4792 3
4793 1
4794 1
4795 3
4796 0
4797 1
4798 0
4799 1
4800 1
4801 0
4802 3
4803 0
4804 1
4805 1
4806 1
4807 1
4808 1
4809 4
4810 3
4811 2
4812 1
4813 1
4814 0
4815 2
4816 1
4817 1
4818 0
4819 2
4820 0
4821 2
4822 1
4823 1
4824 3
4825 0
4826 1
4827 2
4828 1
4829 2
4830 1
4831 0
4832 2
4833 2
4834 0
4835 1
4836 0
4837 2
4838 0
4839 0
4840 1
4841 1
4842 1
4843 0
4844 1
4845 2
4846 2
4847 2
4848 0
4849 0
4850 0
4851 2
4852 0
4853 0
4854 1
4855 1
4856 3
4857 0
4858 0
4859 0
4860 1
4861 1
4862 2
4863 2
4864 1
4865 1
4866 1
4867 2
4868 1
4869 3
4870 1
4871 1
4872 0
4873 0
4874 1
4875 1
4876 2
4877 2
4878 1
4879 0
4880 3
4881 3
4882 2
4883 2
4884 3
4885 3
4886 2
4887 3
4888 0
4889 2
4890 3
4891 0
4892 1
4893 4
4894 3
4895 0
4896 2
4897 0
4898 1
4899 0
4900 2
4901 1
4902 1
4903 0
4904 1
4905 2
4906 1
4907 2
4908 2
4909 1
4910 1
4911 2
4912 2
4913 2
4914 2
4915 2
4916 2
4917 2
4918 0
4919 1
4920 1
4921 1
4922 2
4923 1
4924 1
4925 1
4926 2
4927 2
4928 1
4929 0
4930 2
4931 1
4932 1
4933 1
4934 1
4935 1
4936 0
4937 3
4938 0
4939 2
4940 1
4941 2
4942 2
4943 0
4944 1
4945 1
4946 0
4947 1
4948 1
4949 0
4950 2
4951 0
4952 1
4953 2
4954 2
4955 1
4956 1
4957 1
4958 1
4959 2
4960 3
4961 2
4962 1
4963 1
4964 1
4965 1
4966 0
4967 0
4968 3
4969 2
4970 1
4971 2
4972 2
4973 2
4974 0
4975 0
4976 0
4977 1
4978 1
4979 1
4980 1
4981 2
4982 2
4983 3
4984 4
4985 1
4986 2
4987 1
4988 3
4989 1
4990 3
4991 0
4992 1
4993 1
4994 1
4995 2
4996 0
4997 2
4998 0
4999 4
5000 2
5001 3
5002 2
5003 1
5004 2
5005 1
5006 1
5007 0
5008 1
5009 0
5010 0
5011 2
5012 1
5013 1
5014 2
5015 0
5016 1
5017 0
5018 0
5019 1
5020 0
5021 1
5022 1
5023 4
5024 3
5025 3
5026 2
5027 2
5028 1
5029 3
5030 1
5031 3
5032 2
5033 2
5034 3
5035 1
5036 3
5037 1
5038 0
5039 1
5040 2
5041 0
5042 0
5043 2
5044 1
5045 2
5046 1
5047 3
5048 1
5049 1
5050 2
5051 1
5052 1
5053 1
5054 2
5055 1
5056 0
5057 2
5058 4
5059 2
5060 3
5061 4
5062 3
5063 3
5064 2
5065 3
5066 0
5067 3
5068 2
5069 2
5070 3
5071 1
5072 1
5073 0
5074 1
5075 0
5076 1
5077 3
5078 1
5079 2
5080 1
5081 2
5082 0
5083 0
5084 2
5085 3
5086 4
5087 2
5088 1
5089 1
5090 1
5091 1
5092 1
5093 1
5094 1
5095 1
5096 0
5097 1
5098 2
5099 1
5100 0
5101 0
5102 2
5103 2
5104 2
5105 3
5106 1
5107 2
5108 2
5109 3
5110 4
5111 3
5112 1
5113 0
5114 1
5115 1
5116 1
5117 1
5118 0
5119 0
5120 1
5121 1
5122 1
5123 2
5124 1
5125 4
5126 3
5127 4
5128 3
5129 0
5130 0
5131 2
5132 1
5133 0
5134 2
5135 2
5136 2
5137 1
5138 1
5139 2
5140 2
5141 3
5142 1
5143 1
5144 2
5145 3
5146 2
5147 2
5148 1
5149 2
5150 1
5151 3
5152 1
5153 1
5154 1
5155 0
5156 2
5157 1
5158 0
5159 0
5160 1
5161 2
5162 3
5163 2
5164 1
5165 3
5166 1
5167 2
5168 1
5169 1
5170 2
5171 1
5172 1
5173 0
5174 1
5175 0
5176 3
5177 2
5178 3
5179 1
5180 1
5181 2
5182 1
5183 2
5184 1
5185 1
5186 1
5187 1
5188 1
5189 2
5190 0
5191 2
5192 2
5193 1
5194 0
5195 1
5196 2
5197 1
5198 1
5199 2
5200 2
5201 0
5202 1
5203 2
5204 2
5205 2
5206 1
5207 3
5208 1
5209 2
5210 1
5211 0
5212 0
5213 3
5214 1
5215 0
5216 0
5217 1
5218 1
5219 1
5220 1
5221 0
5222 3
5223 3
5224 1
5225 1
5226 1
5227 0
5228 1
5229 1
5230 1
5231 3
5232 2
5233 4
5234 3
5235 3
5236 2
5237 4
5238 3
5239 2
5240 0
5241 0
5242 2
5243 1
5244 3
5245 0
5246 1
5247 1
5248 2
5249 0
5250 0
5251 0
5252 0
5253 2
5254 2
5255 2
5256 0
5257 1
5258 1
5259 0
5260 2
5261 0
5262 0
5263 0
5264 2
5265 1
5266 0
5267 0
5268 4
5269 2
5270 1
5271 0
5272 1
5273 0
5274 0
5275 4
5276 3
5277 2
5278 1
5279 1
5280 0
5281 1
5282 1
5283 1
5284 0
5285 0
5286 0
5287 0
5288 0
5289 1
5290 0
5291 2
5292 2
5293 2
5294 2
5295 3
5296 2
5297 1
5298 3
5299 3
5300 2
5301 1
5302 1
5303 2
5304 2
5305 1
5306 2
5307 0
5308 1
5309 1
5310 1
5311 2
5312 2
5313 3
5314 1
5315 1
5316 2
5317 1
5318 2
5319 1
5320 1
5321 1
5322 1
5323 1
5324 1
5325 2
5326 1
5327 1
5328 0
5329 2
5330 2
5331 1
5332 0
5333 0
5334 2
5335 1
5336 1
5337 2
5338 1
5339 3
5340 2
5341 1
5342 2
5343 0
5344 1
5345 1
5346 2
5347 1
5348 0
5349 0
5350 2
5351 1
5352 1
5353 1
5354 0
5355 1
5356 2
5357 1
5358 2
5359 1
5360 2
5361 0
5362 4
5363 1
5364 3
5365 1
5366 1
5367 2
5368 2
5369 2
5370 3
5371 1
5372 2
5373 1
5374 2
5375 1
5376 3
5377 2
5378 0
5379 0
5380 2
5381 2
5382 2
5383 0
5384 0
5385 1
5386 3
5387 1
5388 1
5389 1
5390 2
5391 2
5392 1
5393 3
5394 1
5395 0
5396 1
5397 1
5398 2
5399 1
5400 1
5401 1
5402 1
5403 2
5404 0
5405 1
5406 2
5407 2
5408 2
5409 1
5410 2
5411 3
5412 0
5413 1
5414 3
5415 2
5416 0
5417 0
5418 1
5419 0
5420 0
5421 3
5422 0
5423 0
5424 0
5425 2
5426 1
5427 5
5428 2
5429 1
5430 3
5431 2
5432 0
5433 1
5434 0
5435 1
5436 0
5437 2
5438 2
5439 2
5440 2
5441 3
5442 1
5443 2
5444 0
5445 1
5446 3
5447 3
5448 2
5449 0
5450 3
5451 2
5452 0
5453 3
5454 1
5455 2
5456 1
5457 3
5458 2
5459 2
5460 1
5461 2
5462 2
5463 3
5464 1
5465 1
5466 1
5467 1
5468 1
5469 1
5470 0
5471 1
5472 2
5473 2
5474 0
5475 0
5476 2
5477 1
5478 1
5479 2
5480 2
5481 0
5482 2
5483 2
5484 0
5485 0
5486 0
5487 1
5488 1
5489 0
5490 1
5491 0
5492 2
5493 2
5494 1
5495 1
5496 2
5497 2
5498 2
5499 2
5500 1
5501 2
5502 1
5503 2
5504 2
5505 0
5506 1
5507 0
5508 1
5509 2
5510 1
5511 2
5512 3
5513 3
5514 1
5515 1
5516 3
5517 2
5518 1
5519 1
5520 1
5521 1
5522 1
5523 1
5524 0
5525 3
5526 2
5527 0
5528 1
5529 1
5530 3
5531 3
5532 1
5533 1
5534 2
5535 2
5536 2
5537 1
5538 0
5539 2
5540 1
5541 4
5542 3
5543 2
5544 1
5545 3
5546 3
5547 2
5548 4
5549 3
5550 1
5551 2
5552 1
5553 1
5554 1
5555 3
5556 1
5557 1
5558 1
5559 0
5560 1
5561 0
5562 1
5563 0
5564 0
5565 0
5566 2
5567 1
5568 1
5569 4
5570 3
5571 3
5572 1
5573 2
5574 1
5575 2
5576 2
5577 1
5578 2
5579 2
5580 1
5581 2
5582 2
5583 2
5584 2
5585 0
5586 4
5587 1
5588 0
5589 0
5590 0
5591 2
5592 1
5593 2
5594 2
5595 1
5596 1
5597 0
5598 1
5599 1
5600 2
5601 1
5602 2
5603 2
5604 3
5605 2
5606 2
5607 2
5608 1
5609 0
5610 4
5611 2
5612 0
5613 0
5614 1
5615 0
5616 3
5617 2
5618 1
5619 2
5620 2
5621 1
5622 0
5623 2
5624 0
5625 1
5626 2
5627 4
5628 3
5629 2
5630 4
5631 1
5632 0
5633 1
5634 2
5635 2
5636 2
5637 2
5638 1
5639 0
5640 1
5641 1
5642 2
5643 2
5644 2
5645 1
5646 1
5647 1
5648 1
5649 1
5650 2
5651 0
5652 1
5653 5
5654 3
5655 2
5656 2
5657 2
5658 1
5659 2
5660 3
5661 1
5662 2
5663 2
5664 2
5665 2
5666 1
5667 0
5668 1
5669 2
5670 2
5671 0
5672 1
5673 1
5674 0
5675 0
5676 0
5677 0
5678 1
5679 1
5680 0
5681 2
5682 1
5683 1
5684 1
5685 3
5686 2
5687 1
5688 3
5689 2
5690 2
5691 2
5692 1
5693 2
5694 1
5695 0
5696 2
5697 2
5698 0
5699 1
5700 2
5701 1
5702 4
5703 1
5704 2
5705 2
5706 1
5707 1
5708 1
5709 3
5710 2
5711 1
5712 0
5713 0
5714 1
5715 1
5716 5
5717 3
5718 0
5719 3
5720 0
5721 2
5722 2
5723 2
5724 3
5725 2
5726 2
5727 1
5728 1
5729 1
5730 1
5731 2
5732 1
5733 1
5734 2
5735 0
5736 1
5737 0
5738 2
5739 1
5740 1
5741 1
5742 1
5743 0
5744 0
5745 2
5746 0
5747 0
5748 1
5749 2
5750 1
5751 2
5752 0
5753 0
5754 0
5755 1
5756 1
5757 2
5758 0
5759 1
5760 2
5761 2
5762 1
5763 1
5764 3
5765 1
5766 2
5767 0
5768 2
5769 3
5770 2
5771 0
5772 1
5773 1
5774 2
5775 2
5776 2
5777 0
5778 0
5779 2
5780 1
5781 0
5782 1
5783 1
5784 3
5785 2
5786 2
5787 0
5788 1
5789 1
5790 1
5791 1
5792 0
5793 3
5794 0
5795 3
5796 2
5797 2
5798 0
5799 0
5800 2
5801 1
5802 1
5803 1
5804 2
5805 1
5806 1
5807 0
5808 3
5809 1
5810 0
5811 3
5812 0
5813 0
5814 2
5815 1
5816 0
5817 2
5818 2
5819 3
5820 2
5821 2
5822 2
5823 1
5824 0
5825 1
5826 0
5827 3
5828 2
5829 3
5830 2
5831 1
5832 2
5833 1
5834 1
5835 2
5836 1
5837 3
5838 2
5839 0
5840 2
5841 2
5842 0
5843 1
5844 1
5845 2
5846 3
5847 2
5848 2
5849 3
5850 1
5851 1
5852 3
5853 2
5854 2
5855 1
5856 2
5857 2
5858 4
5859 1
5860 0
5861 1
5862 3
5863 0
5864 2
5865 1
5866 0
5867 1
5868 0
5869 0
5870 0
5871 2
5872 2
5873 0
5874 2
5875 3
5876 2
5877 3
5878 2
5879 3
5880 2
5881 1
5882 3
5883 0
5884 1
5885 2
5886 1
5887 0
5888 1
5889 0
5890 1
5891 2
5892 1
5893 0
5894 1
5895 3
5896 0
5897 2
5898 3
5899 2
5900 0
5901 1
5902 2
5903 1
5904 0
5905 1
5906 3
5907 3
5908 2
5909 1
5910 1
5911 0
5912 1
5913 5
5914 4
5915 2
5916 1
5917 1
5918 0
5919 2
5920 2
5921 2
5922 2
5923 0
5924 2
5925 0
5926 1
5927 0
5928 1
5929 0
5930 4
5931 3
5932 0
5933 0
5934 0
5935 2
5936 0
5937 0
5938 2
5939 2
5940 0
5941 1
5942 2
5943 3
5944 2
5945 1
5946 2
5947 2
5948 3
5949 1
5950 1
5951 1
5952 1
5953 2
5954 0
5955 2
5956 2
5957 0
5958 1
5959 4
5960 2
5961 2
5962 0
5963 1
5964 1
5965 0
5966 2
5967 1
5968 1
5969 0
5970 1
5971 2
5972 2
5973 2
5974 1
5975 1
5976 0
5977 3
5978 1
5979 1
5980 2
5981 0
5982 1
5983 0
5984 0
5985 1
5986 0
5987 1
5988 1
5989 0
5990 2
5991 2
5992 0
5993 0
5994 2
5995 1
5996 2
5997 1
5998 0
5999 0
6000 1
6001 2
6002 1
6003 2
6004 2
6005 2
6006 1
6007 1
6008 0
6009 3
6010 1
6011 1
6012 1
6013 0
6014 1
6015 2
6016 2
6017 0
6018 1
6019 0
6020 0
6021 0
6022 0
6023 2
6024 0
6025 0
6026 1
6027 3
6028 2
6029 1
6030 2
6031 3
6032 3
6033 1
6034 4
6035 2
6036 1
6037 1
6038 2
6039 4
6040 3
6041 3
6042 2
6043 1
6044 2
6045 1
6046 1
6047 1
6048 1
6049 2
6050 2
6051 2
6052 1
6053 3
6054 1
6055 2
6056 1
6057 0
6058 1
6059 1
6060 1
6061 1
6062 2
6063 0
6064 2
6065 3
6066 3
6067 3
6068 1
6069 2
6070 1
6071 1
6072 1
6073 1
6074 1
6075 2
6076 1
6077 2
6078 1
6079 0
6080 1
6081 3
6082 1
6083 2
6084 2
6085 4
6086 2
6087 0
6088 2
6089 1
6090 2
6091 1
6092 2
6093 1
6094 4
6095 2
6096 1
6097 4
6098 2
6099 1
6100 1
6101 2
6102 0
6103 3
6104 1
6105 0
6106 3
6107 1
6108 1
6109 1
6110 1
6111 1
6112 1
6113 1
6114 2
6115 1
6116 0
6117 1
6118 2
6119 1
6120 0
6121 2
6122 2
6123 2
6124 3
6125 2
6126 1
6127 2
6128 1
6129 1
6130 2
6131 3
6132 1
6133 1
6134 1
6135 0
6136 1
6137 1
6138 0
6139 1
6140 2
6141 1
6142 1
6143 3
6144 1
6145 2
6146 1
6147 1
6148 2
6149 0
6150 0
6151 1
6152 3
6153 0
6154 0
6155 1
6156 3
6157 1
6158 3
6159 2
6160 0
6161 0
6162 2
6163 1
6164 0
6165 0
6166 1
6167 3
6168 2
6169 3
6170 2
6171 1
6172 2
6173 0
6174 3
6175 2
6176 1
6177 1
6178 1
6179 0
6180 1
6181 2
6182 1
6183 1
6184 1
6185 0
6186 2
6187 3
6188 0
6189 2
6190 3
6191 2
6192 1
6193 0
6194 2
6195 2
6196 1
6197 1
6198 2
6199 2
6200 2
6201 2
6202 1
6203 1
6204 0
6205 1
6206 1
6207 2
6208 2
6209 0
6210 1
6211 2
6212 0
6213 3
6214 2
6215 1
6216 0
6217 0
6218 2
6219 2
6220 1
6221 0
6222 2
6223 1
6224 1
6225 2
6226 0
6227 2
6228 4
6229 6
6230 6
6231 5
6232 2
6233 2
6234 2
6235 0
6236 0
6237 3
6238 1
6239 1
6240 0
6241 1
6242 1
6243 1
6244 1
6245 2
6246 1
6247 0
6248 1
6249 2
6250 2
6251 1
6252 2
6253 1
6254 0
6255 1
6256 0
6257 2
6258 3
6259 2
6260 1
6261 1
6262 1
6263 1
6264 2
6265 1
6266 1
6267 0
6268 0
6269 3
6270 1
6271 2
6272 1
6273 0
6274 1
6275 0
6276 0
6277 2
6278 2
6279 1
6280 1
6281 2
6282 0
6283 1
6284 1
6285 1
6286 1
6287 2
6288 2
6289 0
6290 1
6291 0
6292 1
6293 1
6294 3
6295 2
6296 2
6297 1
6298 0
6299 1
6300 0
6301 1
6302 2
6303 2
6304 1
6305 2
6306 2
6307 3
6308 0
6309 0
6310 4
6311 2
6312 0
6313 1
6314 3
6315 2
6316 3
6317 1
6318 3
6319 0
6320 0
6321 1
6322 3
6323 2
6324 2
6325 1
6326 0
6327 1
6328 1
6329 0
6330 1
6331 1
6332 2
6333 2
6334 1
6335 0
6336 2
6337 2
6338 1
6339 3
6340 2
6341 1
6342 2
6343 2
6344 3
6345 1
6346 1
6347 2
6348 2
6349 0
6350 0
6351 1
6352 1
6353 2
6354 2
6355 2
6356 1
6357 1
6358 1
6359 1
6360 0
6361 0
6362 2
6363 2
6364 0
6365 0
6366 1
6367 1
6368 0
6369 2
6370 1
6371 1
6372 1
6373 0
6374 1
6375 2
6376 2
6377 1
6378 0
6379 1
6380 0
6381 1
6382 1
6383 2
6384 2
6385 2
6386 2
6387 1
6388 2
6389 2
6390 1
6391 0
6392 2
6393 2
6394 1
6395 2
6396 1
6397 1
6398 1
6399 3
6400 1
6401 3
6402 1
6403 2
6404 0
6405 2
6406 2
6407 1
6408 2
6409 1
6410 1
6411 1
6412 1
6413 2
6414 3
6415 1
6416 0
6417 1
6418 2
6419 0
6420 1
6421 0
6422 0
6423 1
6424 2
6425 1
6426 3
6427 2
6428 1
6429 0
6430 1
6431 0
6432 1
6433 3
6434 1
6435 1
6436 1
6437 1
6438 2
6439 2
6440 1
6441 1
6442 2
6443 2
6444 0
6445 2
6446 1
6447 0
6448 0
6449 1
6450 0
6451 0
6452 3
6453 1
6454 1
6455 2
6456 3
6457 0
6458 1
6459 0
6460 2
6461 2
6462 2
6463 2
6464 1
6465 0
6466 1
6467 1
6468 2
6469 3
6470 1
6471 3
6472 3
6473 1
6474 2
6475 1
6476 2
6477 1
6478 1
6479 1
6480 0
6481 2
6482 1
6483 0
6484 2
6485 2
6486 2
6487 0
6488 2
6489 1
6490 1
6491 1
6492 1
6493 2
6494 2
6495 2
6496 2
6497 2
6498 1
6499 0
6500 2
6501 2
6502 0
6503 0
6504 0
6505 0
6506 0
6507 0
6508 1
6509 3
6510 1
6511 1
6512 3
6513 1
6514 1
6515 1
6516 0
6517 1
6518 1
6519 1
6520 0
6521 3
6522 2
6523 0
6524 0
6525 0
6526 1
6527 0
6528 0
6529 1
6530 1
6531 0
6532 1
6533 3
6534 1
6535 2
6536 2
6537 1
6538 0
6539 1
6540 2
6541 1
6542 1
6543 2
6544 1
6545 1
6546 1
6547 1
6548 0
6549 3
6550 2
6551 1
6552 1
6553 0
6554 1
6555 0
6556 1
6557 1
6558 2
6559 0
6560 2
6561 1
6562 0
6563 0
6564 1
6565 1
6566 0
6567 1
6568 1
6569 0
6570 1
6571 0
6572 0
6573 2
6574 0
6575 2
6576 1
6577 2
6578 3
6579 2
6580 1
6581 2
6582 1
6583 2
6584 1
6585 0
6586 0
6587 2
6588 1
6589 2
6590 1
6591 2
6592 0
6593 1
6594 2
6595 2
6596 1
6597 1
6598 1
6599 2
6600 3
6601 1
6602 1
6603 1
6604 1
6605 2
6606 2
6607 0
6608 3
6609 1
6610 1
6611 1
6612 3
6613 1
6614 0
6615 1
6616 0
6617 3
6618 1
6619 2
6620 0
6621 1
6622 0
6623 4
6624 3
6625 1
6626 2
6627 2
6628 1
6629 2
6630 1
6631 2
6632 0
6633 2
6634 0
6635 1
6636 1
6637 0
6638 2
6639 0
6640 1
6641 1
6642 1
6643 1
6644 2
6645 2
6646 2
6647 2
6648 1
6649 1
6650 1
6651 1
6652 1
6653 3
6654 1
6655 0
6656 0
6657 3
6658 1
6659 1
6660 2
6661 1
6662 1
6663 1
6664 1
6665 0
6666 0
6667 1
6668 1
6669 1
6670 2
6671 0
6672 1
6673 1
6674 0
6675 2
6676 1
6677 0
6678 0
6679 0
6680 2
6681 2
6682 0
6683 1
6684 2
6685 1
6686 3
6687 1
6688 1
6689 0
6690 1
6691 2
6692 1
6693 1
6694 3
6695 1
6696 1
6697 1
6698 0
6699 3
6700 2
6701 1
6702 2
6703 4
6704 3
6705 2
6706 1
6707 2
6708 0
6709 1
6710 0
6711 1
6712 1
6713 0
6714 1
6715 2
6716 1
6717 2
6718 0
6719 1
6720 0
6721 0
6722 1
6723 1
6724 2
6725 0
6726 1
6727 1
6728 1
6729 2
6730 0
6731 0
6732 1
6733 0
6734 2
6735 3
6736 1
6737 1
6738 3
6739 0
6740 2
6741 1
6742 0
6743 1
6744 2
6745 2
6746 2
6747 1
6748 1
6749 0
6750 1
6751 2
6752 1
6753 2
6754 1
6755 2
6756 2
6757 1
6758 2
6759 2
6760 0
6761 3
6762 1
6763 3
6764 1
6765 0
6766 1
6767 0
6768 2
6769 0
6770 1
6771 2
6772 0
6773 1
6774 2
6775 1
6776 1
6777 0
6778 2
6779 4
6780 2
6781 1
6782 1
6783 1
6784 2
6785 2
6786 3
6787 1
6788 2
6789 3
6790 2
6791 0
6792 1
6793 2
6794 1
6795 2
6796 1
6797 2
6798 2
6799 1
6800 0
6801 3
6802 3
6803 2
6804 1
6805 2
6806 1
6807 0
6808 0
6809 1
6810 2
6811 2
6812 2
6813 2
6814 2
6815 2
6816 3
6817 3
6818 3
6819 2
6820 2
6821 2
6822 3
6823 0
6824 1
6825 3
6826 2
6827 2
6828 2
6829 0
6830 3
6831 1
6832 2
6833 1
6834 0
6835 1
6836 2
6837 2
6838 2
6839 2
6840 2
6841 2
6842 2
6843 2
6844 0
6845 0
6846 1
6847 0
6848 1
6849 3
6850 2
6851 0
6852 2
6853 1
6854 2
6855 1
6856 1
6857 1
6858 1
6859 2
6860 2
6861 1
6862 1
6863 0
6864 0
6865 2
6866 1
6867 2
6868 0
6869 1
6870 1
6871 1
6872 1
6873 0
6874 0
6875 1
6876 3
6877 1
6878 0
6879 1
6880 0
6881 2
6882 0
6883 1
6884 0
6885 2
6886 0
6887 1
6888 0
6889 1
6890 0
6891 4
6892 1
6893 1
6894 0
6895 0
6896 0
6897 1
6898 1
6899 0
6900 1
6901 0
6902 1
6903 0
6904 2
6905 3
6906 2
6907 3
6908 0
6909 0
6910 1
6911 1
6912 1
6913 2
6914 2
6915 2
6916 0
6917 3
6918 1
6919 1
6920 2
6921 1
6922 1
6923 1
6924 1
6925 1
6926 4
6927 1
6928 1
6929 1
6930 1
6931 2
6932 1
6933 4
6934 2
6935 1
6936 2
6937 3
6938 1
6939 1
6940 1
6941 2
6942 2
6943 2
6944 2
6945 2
6946 0
6947 1
6948 1
6949 1
6950 1
6951 1
6952 0
6953 1
6954 3
6955 1
6956 0
6957 2
6958 3
6959 2
6960 1
6961 4
6962 2
6963 3
6964 2
6965 1
6966 1
6967 0
6968 2
6969 1
6970 1
6971 3
6972 2
6973 2
6974 1
6975 0
6976 1
6977 1
6978 1
6979 3
6980 2
6981 3
6982 2
6983 1
6984 1
6985 2
6986 2
6987 1
6988 1
6989 3
6990 1
6991 1
6992 2
6993 3
6994 0
6995 1
6996 3
6997 3
6998 2
6999 1
7000 3
7001 0
7002 3
7003 1
7004 2
7005 2
7006 1
7007 1
7008 0
7009 0
7010 1
7011 2
7012 1
7013 0
7014 0
7015 1
7016 0
7017 1
7018 1
7019 2
7020 1
7021 2
7022 1
7023 0
7024 3
7025 1
7026 2
7027 2
7028 0
7029 2
7030 0
7031 0
7032 0
7033 0
7034 1
7035 2
7036 1
7037 0
7038 0
7039 1
7040 3
7041 1
7042 0
7043 1
7044 1
7045 3
7046 1
7047 1
7048 1
7049 0
7050 2
7051 0
7052 1
7053 1
7054 1
7055 1
7056 0
7057 2
7058 0
7059 1
7060 1
7061 0
7062 1
7063 1
7064 2
7065 0
7066 2
7067 2
7068 2
7069 2
7070 2
7071 1
7072 2
7073 2
7074 3
7075 0
7076 1
7077 0
7078 1
7079 1
7080 3
7081 0
7082 1
7083 2
7084 1
7085 1
7086 1
7087 1
7088 2
7089 4
7090 2
7091 3
7092 2
7093 0
7094 1
7095 0
7096 1
7097 0
7098 1
7099 1
7100 0
7101 0
7102 1
7103 4
7104 3
7105 2
7106 1
7107 1
7108 1
7109 1
7110 0
7111 2
7112 0
7113 1
7114 0
7115 2
7116 2
7117 2
7118 1
7119 3
7120 2
7121 1
7122 0
7123 1
7124 1
7125 2
7126 1
7127 2
7128 0
7129 2
7130 3
7131 3
7132 1
7133 2
7134 0
7135 1
7136 2
7137 0
7138 2
7139 1
7140 0
7141 1
7142 1
7143 2
7144 2
7145 1
7146 1
7147 0
7148 1
7149 0
7150 1
7151 2
7152 0
7153 1
7154 0
7155 2
7156 1
7157 1
7158 2
7159 3
7160 2
7161 0
7162 2
7163 1
7164 2
7165 3
7166 3
7167 0
7168 1
7169 0
7170 1
7171 2
7172 2
7173 0
7174 1
7175 2
7176 0
7177 2
7178 2
7179 1
7180 2
7181 2
7182 2
7183 2
7184 3
7185 1
7186 2
7187 1
7188 1
7189 3
7190 1
7191 1
7192 1
7193 4
7194 3
7195 1
7196 1
7197 3
7198 2
7199 1
7200 2
7201 1
7202 2
7203 1
7204 2
7205 0
7206 0
7207 1
7208 0
7209 3
7210 1
7211 1
7212 0
7213 2
7214 0
7215 0
7216 0
7217 2
7218 0
7219 1
7220 2
7221 1
7222 2
7223 1
7224 2
7225 3
7226 2
7227 0
7228 0
7229 1
7230 0
7231 0
7232 2
7233 0
7234 2
7235 0
7236 2
7237 3
7238 1
7239 1
7240 2
7241 1
7242 1
7243 2
7244 2
7245 2
7246 1
7247 2
7248 3
7249 1
7250 2
7251 1
7252 2
7253 1
7254 1
7255 1
7256 1
7257 2
7258 0
7259 0
7260 2
7261 2
7262 2
7263 1
7264 0
7265 2
7266 3
7267 1
7268 1
7269 0
7270 1
7271 0
7272 1
7273 3
7274 1
7275 2
7276 2
7277 2
7278 4
7279 1
7280 3
7281 0
7282 2
7283 2
7284 2
7285 0
7286 3
7287 2
7288 1
7289 1
7290 1
7291 0
7292 1
7293 1
7294 2
7295 2
7296 1
7297 1
7298 2
7299 0
7300 3
7301 1
7302 0
7303 0
7304 2
7305 1
7306 3
7307 0
7308 2
7309 2
7310 3
7311 3
7312 2
7313 3
7314 3
7315 1
7316 1
7317 0
7318 0
7319 2
7320 2
7321 2
7322 2
7323 2
7324 4
7325 3
7326 3
7327 0
7328 0
7329 2
7330 1
7331 1
7332 2
7333 0
7334 1
7335 1
7336 3
7337 2
7338 3
7339 1
7340 2
7341 5
7342 2
7343 3
7344 1
7345 1
7346 3
7347 1
7348 1
7349 0
7350 0
7351 0
7352 2
7353 1
7354 0
7355 1
7356 2
7357 0
7358 1
7359 0
7360 3
7361 2
7362 3
7363 1
7364 1
7365 0
7366 1
7367 1
7368 2
7369 1
7370 0
7371 1
7372 0
7373 1
7374 1
7375 2
7376 1
7377 0
7378 0
7379 2
7380 2
7381 1
7382 1
7383 2
7384 1
7385 2
7386 2
7387 3
7388 1
7389 3
7390 3
7391 0
7392 0
7393 0
7394 2
7395 2
7396 1
7397 1
7398 1
7399 2
7400 1
7401 2
7402 1
7403 3
7404 0
7405 2
7406 1
7407 0
7408 0
7409 2
7410 2
7411 2
7412 3
7413 1
7414 0
7415 2
7416 1
7417 0
7418 1
7419 1
7420 0
7421 1
7422 0
7423 1
7424 3
7425 2
7426 1
7427 1
7428 1
7429 1
7430 2
7431 3
7432 1
7433 1
7434 2
7435 0
7436 1
7437 2
7438 1
7439 3
7440 1
7441 2
7442 2
7443 2
7444 3
7445 2
7446 1
7447 1
7448 2
7449 1
7450 3
7451 2
7452 2
7453 1
7454 1
7455 0
7456 3
7457 2
7458 2
7459 2
7460 2
7461 2
7462 3
7463 2
7464 0
7465 0
7466 1
7467 1
7468 2
7469 0
7470 4
7471 2
7472 2
7473 0
7474 0
7475 2
7476 2
7477 2
7478 4
7479 1
7480 1
7481 3
7482 2
7483 0
7484 1
7485 3
7486 0
7487 1
7488 1
7489 1
7490 0
7491 1
7492 0
7493 2
7494 2
7495 1
7496 3
7497 0
7498 2
7499 2
7500 0
7501 1
7502 2
7503 2
7504 2
7505 2
7506 1
7507 0
7508 1
7509 0
7510 2
7511 0
7512 0
7513 1
7514 2
7515 0
7516 2
7517 2
7518 1
7519 3
7520 2
7521 2
7522 1
7523 2
7524 1
7525 1
7526 2
7527 1
7528 2
7529 0
7530 2
7531 1
7532 1
7533 1
7534 0
7535 2
7536 0
7537 2
7538 1
7539 1
7540 2
7541 2
7542 1
7543 2
7544 2
7545 2
7546 2
7547 2
7548 1
7549 2
7550 3
7551 1
7552 1
7553 2
7554 1
7555 1
7556 1
7557 1
7558 3
7559 1
7560 3
7561 1
7562 3
7563 1
7564 1
7565 1
7566 0
7567 1
7568 1
7569 2
7570 1
7571 0
7572 0
7573 0
7574 2
7575 0
7576 0
7577 1
7578 0
7579 0
7580 3
7581 1
7582 2
7583 0
7584 2
7585 0
7586 1
7587 0
7588 2
7589 0
7590 0
7591 1
7592 1
7593 2
7594 2
7595 0
7596 1
7597 0
7598 1
7599 2
7600 1
7601 1
7602 1
7603 1
7604 0
7605 2
7606 0
7607 1
7608 2
7609 1
7610 1
7611 3
7612 0
7613 2
7614 1
7615 0
7616 0
7617 1
7618 2
7619 2
7620 2
7621 3
7622 0
7623 0
7624 1
7625 2
7626 0
7627 1
7628 2
7629 0
7630 2
7631 0
7632 1
7633 0
7634 1
7635 0
7636 3
7637 0
7638 2
7639 0
7640 0
7641 3
7642 1
7643 0
7644 0
7645 0
7646 0
7647 0
7648 2
7649 2
7650 1
7651 0
7652 3
7653 1
7654 0
7655 2
7656 1
7657 2
7658 1
7659 2
7660 2
7661 3
7662 0
7663 1
7664 0
7665 1
7666 1
7667 2
7668 2
7669 2
7670 3
7671 1
7672 0
7673 3
7674 1
7675 3
7676 2
7677 1
7678 1
7679 0
7680 0
7681 0
7682 3
7683 2
7684 3
7685 1
7686 2
7687 2
7688 1
7689 2
7690 1
7691 1
7692 1
7693 0
7694 0
7695 2
7696 2
7697 2
7698 0
7699 1
7700 1
7701 0
7702 1
7703 1
7704 2
7705 2
7706 1
7707 1
7708 0
7709 0
7710 1
7711 4
7712 1
7713 0
7714 1
7715 2
7716 2
7717 3
7718 0
7719 0
7720 0
7721 3
7722 1
7723 1
7724 1
7725 0
7726 0
7727 1
7728 1
7729 0
7730 1
7731 2
7732 4
7733 3
7734 0
7735 1
7736 0
7737 2
7738 2
7739 2
7740 2
7741 3
7742 1
7743 2
7744 1
7745 0
7746 1
7747 3
7748 3
7749 2
7750 1
7751 0
7752 1
7753 1
7754 1
7755 1
7756 2
7757 0
7758 0
7759 2
7760 2
7761 1
7762 0
7763 1
7764 1
7765 1
7766 1
7767 1
7768 1
7769 0
7770 1
7771 2
7772 2
7773 0
7774 1
7775 1
7776 2
7777 1
7778 1
7779 1
7780 1
7781 3
7782 1
7783 1
7784 1
7785 0
7786 1
7787 2
7788 2
7789 0
7790 2
7791 0
7792 0
7793 0
7794 1
7795 1
7796 2
7797 2
7798 3
7799 1
7800 2
7801 3
7802 2
7803 0
7804 1
7805 1
7806 1
7807 1
7808 0
7809 1
7810 2
7811 2
7812 4
7813 1
7814 2
7815 2
7816 1
7817 2
7818 0
7819 1
7820 4
7821 2
7822 2
7823 3
7824 1
7825 0
7826 1
7827 1
7828 2
7829 4
7830 1
7831 2
7832 1
7833 2
7834 2
7835 0
7836 0
7837 0
7838 1
7839 2
7840 1
7841 0
7842 1
7843 0
7844 1
7845 1
7846 1
7847 2
7848 3
7849 0
7850 3
7851 2
7852 1
7853 2
7854 2
7855 2
7856 3
7857 1
7858 2
7859 1
7860 0
7861 0
7862 1
7863 1
7864 0
7865 1
7866 3
7867 3
7868 0
7869 1
7870 1
7871 0
7872 0
7873 0
7874 1
7875 4
7876 4
7877 1
7878 1
7879 0
7880 2
7881 3
7882 1
7883 0
7884 1
7885 2
7886 0
7887 1
7888 3
7889 0
7890 2
7891 0
7892 0
7893 2
7894 2
7895 2
7896 2
7897 0
7898 1
7899 1
7900 1
7901 2
7902 1
7903 2
7904 2
7905 2
7906 1
7907 0
7908 2
7909 1
7910 1
7911 2
7912 1
7913 0
7914 3
7915 0
7916 1
7917 2
7918 1
7919 2
7920 1
7921 1
7922 1
7923 2
7924 2
7925 1
7926 1
7927 2
7928 2
7929 3
7930 3
7931 2
7932 1
7933 1
7934 3
7935 3
7936 0
7937 1
7938 1
7939 2
7940 1
7941 0
7942 2
7943 0
7944 1
7945 0
7946 0
7947 2
7948 1
7949 2
7950 2
7951 1
7952 1
7953 2
7954 1
7955 1
7956 2
7957 0
7958 0
7959 3
7960 2
7961 1
7962 0
7963 0
7964 0
7965 0
7966 0
7967 1
7968 0
7969 1
7970 0
7971 0
7972 2
7973 1
7974 1
7975 0
7976 1
7977 2
7978 2
7979 1
7980 0
7981 2
7982 0
7983 1
7984 1
7985 0
7986 1
7987 0
7988 3
7989 2
7990 2
7991 2
7992 1
7993 3
7994 1
7995 1
7996 1
7997 2
7998 1
7999 2
8000 2
8001 0
8002 2
8003 1
8004 1
8005 2
8006 0
8007 2
8008 0
8009 0
8010 0
8011 0
8012 2
8013 1
8014 2
8015 2
8016 1
8017 2
8018 0
8019 0
8020 1
8021 2
8022 1
8023 0
8024 0
8025 2
8026 2
8027 1
8028 0
8029 2
8030 2
8031 2
8032 1
8033 0
8034 2
8035 1
8036 1
8037 0
8038 0
8039 0
8040 0
8041 1
8042 2
8043 1
8044 1
8045 1
8046 1
8047 0
8048 1
8049 2
8050 2
8051 2
8052 3
8053 3
8054 2
8055 1
8056 1
8057 1
8058 1
8059 0
8060 0
8061 1
8062 1
8063 1
8064 1
8065 2
8066 1
8067 1
8068 3
8069 3
8070 1
8071 2
8072 0
8073 1
8074 1
8075 0
8076 1
8077 0
8078 2
8079 2
8080 0
8081 1
8082 3
8083 1
8084 0
8085 0
8086 1
8087 3
8088 0
8089 0
8090 2
8091 1
8092 1
8093 2
8094 3
8095 0
8096 1
8097 1
8098 1
8099 0
8100 2
8101 1
8102 0
8103 1
8104 1
8105 0
8106 1
8107 2
8108 0
8109 2
8110 1
8111 1
8112 1
8113 2
8114 4
8115 2
8116 1
8117 1
8118 3
8119 0
8120 1
8121 1
8122 2
8123 0
8124 1
8125 1
8126 2
8127 2
8128 1
8129 0
8130 2
8131 1
8132 0
8133 1
8134 2
8135 0
8136 2
8137 1
8138 1
8139 2
8140 0
8141 1
8142 1
8143 0
8144 0
8145 0
8146 1
8147 1
8148 1
8149 1
8150 3
8151 2
8152 1
8153 3
8154 0
8155 1
8156 2
8157 2
8158 3
8159 0
8160 2
8161 1
8162 0
8163 1
8164 1
8165 1
8166 2
8167 0
8168 0
8169 1
8170 3
8171 1
8172 0
8173 0
8174 3
8175 2
8176 4
8177 3
8178 0
8179 1
8180 0
8181 0
8182 0
8183 1
8184 2
8185 1
8186 2
8187 1
8188 1
8189 1
8190 0
8191 1
8192 2
8193 2
8194 0
8195 2
8196 1
8197 1
8198 0
8199 0
8200 3
8201 1
8202 1
8203 2
8204 3
8205 2
8206 2
8207 1
8208 0
8209 0
8210 0
8211 1
8212 2
8213 0
8214 1
8215 1
8216 1
8217 1
8218 0
8219 0
8220 2
8221 1
8222 1
8223 1
8224 1
8225 3
8226 0
8227 1
8228 1
8229 1
8230 3
8231 1
8232 3
8233 1
8234 2
8235 2
8236 1
8237 1
8238 0
8239 1
8240 1
8241 2
8242 1
8243 1
8244 0
8245 3
8246 0
8247 1
8248 2
8249 0
8250 1
8251 3
8252 2
8253 0
8254 0
8255 3
8256 2
8257 0
8258 2
8259 2
8260 1
8261 2
8262 1
8263 2
8264 0
8265 0
8266 2
8267 1
8268 0
8269 0
8270 3
8271 2
8272 3
8273 0
8274 3
8275 1
8276 0
8277 2
8278 2
8279 2
8280 1
8281 1
8282 2
8283 2
8284 3
8285 2
8286 2
8287 3
8288 3
8289 2
8290 1
8291 2
8292 0
8293 2
8294 1
8295 1
8296 2
8297 1
8298 2
8299 1
8300 1
8301 1
8302 2
8303 0
8304 2
8305 2
8306 0
8307 2
8308 0
8309 1
8310 1
8311 3
8312 1
8313 1
8314 1
8315 1
8316 1
8317 2
8318 1
8319 1
8320 0
8321 0
8322 0
8323 1
8324 0
8325 1
8326 0
8327 1
8328 1
8329 2
8330 0
8331 1
8332 2
8333 1
8334 1
8335 2
8336 0
8337 1
8338 0
8339 2
8340 0
8341 2
8342 0
8343 0
8344 1
8345 3
8346 2
8347 1
8348 1
8349 3
8350 0
8351 1
8352 0
8353 0
8354 3
8355 1
8356 1
8357 0
8358 4
8359 3
8360 0
8361 0
8362 2
8363 2
8364 1
8365 3
8366 0
8367 3
8368 0
8369 2
8370 1
8371 0
8372 0
8373 0
8374 0
8375 0
8376 0
8377 1
8378 0
8379 2
8380 2
8381 1
8382 1
8383 1
8384 0
8385 2
8386 2
8387 1
8388 0
8389 1
8390 0
8391 2
8392 3
8393 1
8394 1
8395 1
8396 2
8397 2
8398 0
8399 1
8400 2
8401 3
8402 1
8403 1
8404 1
8405 0
8406 2
8407 2
8408 0
8409 1
8410 0
8411 1
8412 2
8413 2
8414 3
8415 3
8416 1
8417 2
8418 1
8419 0
8420 1
8421 3
8422 1
8423 2
8424 3
8425 1
8426 0
8427 2
8428 0
8429 2
8430 1
8431 3
8432 3
8433 2
8434 2
8435 1
8436 4
8437 3
8438 4
8439 3
8440 1
8441 2
8442 2
8443 4
8444 3
8445 1
8446 1
8447 2
8448 2
8449 0
8450 0
8451 2
8452 1
8453 1
8454 0
8455 0
8456 1
8457 2
8458 1
8459 1
8460 2
8461 1
8462 2
8463 3
8464 1
8465 2
8466 2
8467 1
8468 3
8469 3
8470 1
8471 1
8472 3
8473 0
8474 2
8475 1
8476 2
8477 1
8478 1
8479 0
8480 1
8481 1
8482 1
8483 2
8484 3
8485 0
8486 0
8487 1
8488 2
8489 1
8490 2
8491 1
8492 1
8493 2
8494 1
8495 2
8496 1
8497 1
8498 0
8499 1
8500 0
8501 1
8502 1
8503 1
8504 4
8505 1
8506 0
8507 0
8508 2
8509 1
8510 2
8511 1
8512 4
8513 1
8514 1
8515 1
8516 2
8517 4
8518 4
8519 1
8520 5
8521 3
8522 1
8523 0
8524 3
8525 2
8526 1
8527 4
8528 2
8529 2
8530 0
8531 2
8532 2
8533 0
8534 1
8535 0
8536 3
8537 0
8538 0
8539 0
8540 2
8541 0
8542 1
8543 1
8544 0
8545 1
8546 3
8547 2
8548 2
8549 2
8550 1
8551 2
8552 2
8553 2
8554 1
8555 3
8556 1
8557 4
8558 1
8559 1
8560 0
8561 1
8562 1
8563 2
8564 2
8565 1
8566 0
8567 2
8568 1
8569 1
8570 1
8571 1
8572 1
8573 0
8574 3
8575 1
8576 0
8577 1
8578 1
8579 2
8580 0
8581 1
8582 1
8583 1
8584 3
8585 2
8586 3
8587 0
8588 0
8589 4
8590 1
8591 1
8592 0
8593 1
8594 1
8595 3
8596 0
8597 4
8598 3
8599 3
8600 2
8601 2
8602 1
8603 0
8604 2
8605 1
8606 2
8607 2
8608 1
8609 2
8610 1
8611 1
8612 0
8613 1
8614 3
8615 2
8616 0
8617 3
8618 2
8619 0
8620 1
8621 1
8622 0
8623 0
8624 1
8625 2
8626 3
8627 2
8628 1
8629 3
8630 3
8631 0
8632 1
8633 1
8634 1
8635 1
8636 1
8637 2
8638 0
8639 1
8640 0
8641 1
8642 2
8643 1
8644 3
8645 1
8646 3
8647 0
8648 3
8649 0
8650 3
8651 1
8652 0
8653 1
8654 1
8655 2
8656 1
8657 0
8658 0
8659 1
8660 0
8661 1
8662 0
8663 0
8664 1
8665 0
8666 0
8667 3
8668 1
8669 0
8670 1
8671 2
8672 1
8673 0
8674 1
8675 2
8676 0
8677 0
8678 1
8679 0
8680 1
8681 0
8682 0
8683 1
8684 2
8685 2
8686 2
8687 0
8688 2
8689 1
8690 2
8691 3
8692 0
8693 2
8694 2
8695 0
8696 1
8697 2
8698 1
8699 2
8700 1
8701 1
8702 0
8703 0
8704 3
8705 1
8706 0
8707 0
8708 3
8709 2
8710 1
8711 1
8712 2
8713 4
8714 2
8715 1
8716 0
8717 1
8718 0
8719 2
8720 1
8721 0
8722 0
8723 1
8724 0
8725 2
8726 2
8727 2
8728 2
8729 1
8730 0
8731 1
8732 2
8733 3
8734 2
8735 0
8736 3
8737 1
8738 1
8739 2
8740 2
8741 0
8742 2
8743 3
8744 1
8745 1
8746 0
8747 1
8748 0
8749 0
8750 4
8751 2
8752 1
8753 3
8754 4
8755 1
8756 1
8757 0
8758 2
8759 2
8760 2
8761 1
8762 0
8763 2
8764 2
8765 2
8766 0
8767 2
8768 1
8769 0
8770 1
8771 2
8772 1
8773 1
8774 1
8775 2
8776 2
8777 0
8778 3
8779 2
8780 1
8781 1
8782 1
8783 2
8784 1
8785 1
8786 2
8787 2
8788 1
8789 1
8790 0
8791 1
8792 0
8793 2
8794 0
8795 2
8796 1
8797 1
8798 0
8799 0
8800 0
8801 0
8802 1
8803 1
8804 2
8805 0
8806 1
8807 1
8808 4
8809 1
8810 2
8811 2
8812 4
8813 1
8814 1
8815 0
8816 1
8817 2
8818 1
8819 1
8820 1
8821 2
8822 2
8823 2
8824 2
8825 1
8826 2
8827 1
8828 3
8829 2
8830 2
8831 3
8832 0
8833 0
8834 1
8835 2
8836 0
8837 3
8838 1
8839 0
8840 1
8841 1
8842 1
8843 2
8844 0
8845 1
8846 3
8847 2
8848 1
8849 1
8850 3
8851 1
8852 2
8853 0
8854 1
8855 1
8856 1
8857 2
8858 1
8859 1
8860 2
8861 1
8862 0
8863 0
8864 1
8865 1
8866 0
8867 1
8868 1
8869 2
8870 0
8871 1
8872 2
8873 1
8874 2
8875 0
8876 3
8877 2
8878 0
8879 2
8880 2
8881 0
8882 1
8883 1
8884 0
8885 2
8886 1
8887 2
8888 3
8889 2
8890 0
8891 0
8892 1
8893 3
8894 1
8895 0
8896 1
8897 0
8898 0
8899 0
8900 0
8901 0
8902 1
8903 3
8904 1
8905 2
8906 0
8907 0
8908 1
8909 0
8910 1
8911 0
8912 2
8913 1
8914 3
8915 2
8916 1
8917 1
8918 0
8919 2
8920 2
8921 1
8922 2
8923 1
8924 2
8925 3
8926 2
8927 3
8928 4
8929 2
8930 1
8931 1
8932 1
8933 3
8934 2
8935 2
8936 2
8937 3
8938 1
8939 1
8940 0
8941 2
8942 2
8943 2
8944 1
8945 1
8946 0
8947 1
8948 2
8949 1
8950 1
8951 3
8952 4
8953 1
8954 1
8955 2
8956 1
8957 0
8958 1
8959 3
8960 1
8961 1
8962 1
8963 1
8964 1
8965 1
8966 0
8967 1
8968 0
8969 0
8970 1
8971 1
8972 0
8973 1
8974 3
8975 0
8976 2
8977 1
8978 2
8979 3
8980 0
8981 2
8982 3
8983 2
8984 1
8985 0
8986 1
8987 0
8988 2
8989 1
8990 1
8991 2
8992 1
8993 1
8994 1
8995 2
8996 1
8997 4
8998 2
8999 1
9000 1
9001 0
9002 0
9003 4
9004 2
9005 1
9006 0
9007 0
9008 0
9009 0
9010 1
9011 2
9012 0
9013 4
9014 1
9015 1
9016 1
9017 1
9018 1
9019 4
9020 2
9021 2
9022 1
9023 2
9024 0
9025 0
9026 2
9027 1
9028 2
9029 1
9030 1
9031 2
9032 0
9033 3
9034 0
9035 2
9036 2
9037 1
9038 2
9039 1
9040 0
9041 0
9042 2
9043 0
9044 0
9045 1
9046 0
9047 2
9048 1
9049 0
9050 1
9051 0
9052 0
9053 0
9054 1
9055 3
9056 0
9057 0
9058 0
9059 2
9060 1
9061 1
9062 0
9063 0
9064 0
9065 1
9066 1
9067 2
9068 1
9069 0
9070 1
9071 1
9072 0
9073 1
9074 0
9075 1
9076 1
9077 1
9078 1
9079 2
9080 0
9081 1
9082 1
9083 0
9084 1
9085 2
9086 2
9087 1
9088 1
9089 1
9090 1
9091 3
9092 1
9093 1
9094 1
9095 1
9096 1
9097 2
9098 1
9099 0
9100 2
9101 2
9102 1
9103 3
9104 2
9105 2
9106 1
9107 0
9108 3
9109 1
9110 0
9111 1
9112 0
9113 1
9114 2
9115 0
9116 2
9117 5
9118 5
9119 4
9120 2
9121 1
9122 1
9123 2
9124 2
9125 0
9126 2
9127 2
9128 2
9129 1
9130 3
9131 1
9132 0
9133 2
9134 1
9135 0
9136 0
9137 1
9138 1
9139 1
9140 1
9141 0
9142 3
9143 0
9144 1
9145 2
9146 1
9147 2
9148 2
9149 3
9150 0
9151 1
9152 1
9153 0
9154 1
9155 0
9156 1
9157 0
9158 1
9159 0
9160 3
9161 2
9162 3
9163 3
9164 1
9165 3
9166 1
9167 1
9168 1
9169 2
9170 1
9171 0
9172 3
9173 2
9174 2
9175 0
9176 1
9177 3
9178 3
9179 3
9180 2
9181 2
9182 1
9183 2
9184 2
9185 2
9186 0
9187 1
9188 1
9189 1
9190 1
9191 0
9192 2
9193 1
9194 2
9195 1
9196 2
9197 0
9198 2
9199 2
9200 0
9201 0
9202 1
9203 2
9204 0
9205 2
9206 3
9207 2
9208 3
9209 2
9210 2
9211 2
9212 1
9213 1
9214 0
9215 1
9216 1
9217 2
9218 0
9219 0
9220 0
9221 2
9222 3
9223 1
9224 1
9225 0
9226 2
9227 3
9228 0
9229 4
9230 1
9231 1
9232 2
9233 1
9234 0
9235 0
9236 0
9237 0
9238 2
9239 1
9240 0
9241 0
9242 3
9243 2
9244 0
9245 0
9246 0
9247 2
9248 1
9249 2
9250 2
9251 0
9252 1
9253 1
9254 0
9255 1
9256 2
9257 1
9258 1
9259 1
9260 2
9261 3
9262 1
9263 2
9264 1
9265 0
9266 1
9267 1
9268 0
9269 2
9270 1
9271 3
9272 2
9273 1
9274 2
9275 2
9276 2
9277 1
9278 2
9279 0
9280 3
9281 0
9282 2
9283 2
9284 1
9285 0
9286 4
9287 3
9288 1
9289 1
9290 1
9291 0
9292 0
9293 1
9294 0
9295 2
9296 1
9297 2
9298 2
9299 1
9300 2
9301 2
9302 0
9303 1
9304 1
9305 1
9306 1
9307 2
9308 2
9309 0
9310 0
9311 0
9312 1
9313 0
9314 1
9315 2
9316 1
9317 1
9318 2
9319 2
9320 0
9321 1
9322 1
9323 1
9324 1
9325 0
9326 2
9327 1
9328 1
9329 2
9330 0
9331 0
9332 0
9333 1
9334 0
9335 1
9336 0
9337 0
9338 1
9339 2
9340 0
9341 0
9342 2
9343 0
9344 1
9345 1
9346 1
9347 2
9348 2
9349 1
9350 2
9351 0
9352 2
9353 1
9354 2
9355 0
9356 1
9357 2
9358 3
9359 0
9360 2
9361 2
9362 1
9363 2
9364 2
9365 3
9366 2
9367 1
9368 2
9369 0
9370 1
9371 3
9372 1
9373 1
9374 3
9375 1
9376 2
9377 1
9378 2
9379 1
9380 1
9381 1
9382 1
9383 2
9384 2
9385 1
9386 2
9387 1
9388 2
9389 1
9390 1
9391 3
9392 3
9393 3
9394 2
9395 2
9396 0
9397 2
9398 2
9399 1
9400 1
9401 2
9402 2
9403 0
9404 2
9405 2
9406 2
9407 1
9408 1
9409 4
9410 4
9411 3
9412 2
9413 0
9414 2
9415 0
9416 1
9417 1
9418 1
9419 3
9420 2
9421 0
9422 1
9423 0
9424 3
9425 1
9426 1
9427 0
9428 0
9429 2
9430 0
9431 1
9432 1
9433 0
9434 1
9435 1
9436 2
9437 1
9438 1
9439 3
9440 0
9441 2
9442 1
9443 1
9444 2
9445 3
9446 1
9447 1
9448 1
9449 2
9450 2
9451 1
9452 2
9453 0
9454 0
9455 2
9456 1
9457 2
9458 0
9459 3
9460 0
9461 1
9462 1
9463 2
9464 1
9465 0
9466 1
9467 0
9468 3
9469 1
9470 3
9471 2
9472 1
9473 3
9474 2
9475 0
9476 1
9477 2
9478 1
9479 2
9480 2
9481 0
9482 1
9483 1
9484 2
9485 2
9486 2
9487 3
9488 2
9489 2
9490 1
9491 3
9492 1
9493 0
9494 3
9495 1
9496 0
9497 1
9498 1
9499 1
9500 1
9501 2
9502 0
9503 0
9504 1
9505 1
9506 2
9507 1
9508 1
9509 2
9510 1
9511 2
9512 2
9513 2
9514 2
9515 0
9516 1
9517 1
9518 2
9519 1
9520 1
9521 1
9522 1
9523 2
9524 1
9525 1
9526 2
9527 1
9528 2
9529 0
9530 3
9531 2
9532 2
9533 1
9534 1
9535 3
9536 1
9537 1
9538 2
9539 1
9540 2
9541 1
9542 1
9543 1
9544 0
9545 1
9546 2
9547 2
9548 2
9549 1
9550 0
9551 1
9552 1
9553 3
9554 1
9555 2
9556 1
9557 2
9558 1
9559 1
9560 2
9561 0
9562 2
9563 1
9564 1
9565 1
9566 2
9567 0
9568 1
9569 1
9570 1
9571 2
9572 2
9573 0
9574 1
9575 3
9576 2
9577 1
9578 2
9579 2
9580 0
9581 1
9582 2
9583 0
9584 1
9585 3
9586 2
9587 4
9588 2
9589 0
9590 2
9591 1
9592 0
9593 2
9594 2
9595 0
9596 0
9597 1
9598 1
9599 1
9600 2
9601 2
9602 3
9603 1
9604 1
9605 1
9606 0
9607 3
9608 0
9609 0
9610 1
9611 4
9612 1
9613 0
9614 1
9615 2
9616 3
9617 0
9618 1
9619 3
9620 0
9621 0
9622 1
9623 0
9624 0
9625 3
9626 3
9627 1
9628 1
9629 2
9630 2
9631 2
9632 1
9633 2
9634 0
9635 1
9636 0
9637 0
9638 1
9639 2
9640 1
9641 1
9642 2
9643 2
9644 0
9645 1
9646 3
9647 2
9648 0
9649 3
9650 2
9651 2
9652 0
9653 0
9654 2
9655 0
9656 1
9657 3
9658 1
9659 3
9660 1
9661 3
9662 0
9663 1
9664 1
9665 2
9666 1
9667 1
9668 1
9669 2
9670 1
9671 0
9672 0
9673 0
9674 1
9675 1
9676 1
9677 1
9678 0
9679 0
9680 2
9681 3
9682 0
9683 1
9684 2
9685 1
9686 1
9687 1
9688 1
9689 2
9690 1
9691 3
9692 1
9693 0
9694 1
9695 1
9696 2
9697 0
9698 2
9699 2
9700 0
9701 0
9702 2
9703 2
9704 1
9705 2
9706 3
9707 2
9708 1
9709 3
9710 1
9711 3
9712 0
9713 2
9714 2
9715 2
9716 0
9717 1
9718 1
9719 1
9720 2
9721 0
9722 0
9723 2
9724 4
9725 2
9726 3
9727 2
9728 1
9729 1
9730 2
9731 1
9732 1
9733 2
9734 1
9735 0
9736 0
9737 1
9738 1
9739 1
9740 1
9741 2
9742 1
9743 2
9744 2
9745 1
9746 3
9747 0
9748 0
9749 3
9750 0
9751 0
9752 2
9753 1
9754 2
9755 3
9756 0
9757 2
9758 0
9759 0
9760 1
9761 3
9762 1
9763 0
9764 0
9765 2
9766 3
9767 2
9768 0
9769 1
9770 1
9771 1
9772 2
9773 2
9774 0
9775 0
9776 1
9777 1
9778 1
9779 1
9780 4
9781 2
9782 0
9783 0
9784 2
9785 4
9786 1
9787 0
9788 1
9789 0
9790 1
9791 1
9792 1
9793 0
9794 0
9795 2
9796 3
9797 1
9798 0
9799 0
9800 1
9801 4
9802 4
9803 1
9804 0
9805 0
9806 1
9807 2
9808 1
9809 3
9810 1
9811 4
9812 3
9813 2
9814 1
9815 0
9816 0
9817 1
9818 1
9819 1
9820 1
9821 2
9822 0
9823 1
9824 2
9825 1
9826 3
9827 2
9828 3
9829 3
9830 0
9831 2
9832 0
9833 1
9834 3
9835 1
9836 2
9837 2
9838 4
9839 2
9840 2
9841 2
9842 0
9843 1
9844 0
9845 1
9846 2
9847 1
9848 0
9849 0
9850 3
9851 1
9852 0
9853 2
9854 0
9855 1
9856 1
9857 1
9858 3
9859 2
9860 1
9861 2
9862 0
9863 1
9864 1
9865 1
9866 1
9867 1
9868 2
9869 2
9870 1
9871 2
9872 2
9873 1
9874 1
9875 0
9876 0
9877 3
9878 2
9879 2
9880 1
9881 1
9882 2
9883 3
9884 3
9885 3
9886 1
9887 2
9888 2
9889 2
9890 1
9891 5
9892 3
9893 2
9894 1
9895 1
9896 1
9897 1
9898 3
9899 2
9900 3
9901 1
9902 1
9903 2
9904 3
9905 2
9906 2
9907 2
9908 2
9909 0
9910 3
9911 1
9912 1
9913 1
9914 1
9915 1
9916 1
9917 1
9918 2
9919 2
9920 1
9921 1
9922 0
9923 2
9924 1
9925 1
9926 1
9927 0
9928 4
9929 2
9930 2
9931 0
9932 1
9933 1
9934 2
9935 2
9936 2
9937 0
9938 2
9939 1
9940 1
9941 1
9942 0
9943 2
9944 1
9945 3
9946 0
9947 1
9948 2
9949 1
9950 0
9951 0
9952 0
9953 2
9954 1
9955 1
9956 0
9957 1
9958 0
9959 0
9960 1
9961 2
9962 2
9963 2
9964 3
9965 2
9966 1
9967 2
9968 2
9969 2
9970 3
9971 2
9972 2
9973 2
9974 0
9975 3
9976 0
9977 0
9978 0
9979 3
9980 0
9981 0
9982 2
9983 0
9984 2
9985 2
9986 0
9987 1
9988 1
9989 0
9990 1
9991 1
9992 0
9993 0
9994 1
9995 1
9996 1
9997 1
9998 2
9999 3
