0 3
1 1
2 1
3 1
4 3
5 1
6 3
7 3
8 4
9 5
10 4
11 2
12 5
13 6
14 5
15 3
16 2
17 4
18 4
19 4
20 5
21 4
22 1
23 6
24 4
25 3
26 2
27 4
28 3
29 2
30 3
31 3
32 3
33 3
34 4
35 3
36 3
37 1
38 3
39 1
40 1
41 4
42 4
43 3
44 1
45 0
46 1
47 4
48 4
49 2
50 3
51 1
52 1
53 2
54 5
55 3
56 4
57 3
58 2
59 2
60 3
61 2
62 4
63 4
64 4
65 3
66 1
67 4
68 1
69 3
70 1
71 3
72 4
73 6
74 6
75 6
76 5
77 7
78 8
79 7
80 9
81 10
82 11
83 12
84 13
85 14
86 15
87 12
88 10
89 9
90 7
91 7
92 7
93 5
94 4
95 2
96 2
97 2
98 2
99 3
100 1
101 2
102 1
103 4
104 3
105 5
106 3
107 2
108 1
109 3
110 3
111 3
112 3
113 4
114 4
115 4
116 3
117 3
118 0
119 2
120 1
121 4
122 3
123 3
124 2
125 1
126 6
127 8
128 8
129 6
130 6
131 6
132 7
133 7
134 6
135 6
136 5
137 5
138 6
139 5
140 4
141 1
142 3
143 5
144 4
145 5
146 5
147 2
148 3
149 0
150 3
151 3
152 4
153 5
154 5
155 5
156 6
157 6
158 6
159 6
160 7
161 7
162 5
163 6
164 6
165 6
166 4
167 2
168 1
169 1
170 1
171 5
172 3
173 3
174 2
175 4
176 6
177 5
178 3
179 2
180 1
181 2
182 1
183 3
184 2
185 4
186 4
187 5
188 2
189 3
190 3
191 3
192 1
193 1
194 1
195 3
196 1
197 2
198 3
199 3
200 1
201 2
202 1
203 3
204 3
205 4
206 1
207 4
208 4
209 4
210 5
211 4
212 6
213 5
214 2
215 3
216 1
217 2
218 3
219 4
220 5
221 5
222 7
223 6
224 7
225 7
226 5
227 4
228 5
229 6
230 5
231 3
232 3
233 2
234 5
235 5
236 6
237 5
238 6
239 6
240 7
241 5
242 2
243 1
244 0
245 1
246 1
247 5
248 6
249 6
250 4
251 5
252 3
253 2
254 2
255 4
256 1
257 1
258 1
259 2
260 1
261 3
262 3
263 2
264 4
265 3
266 1
267 2
268 3
269 4
270 4
271 5
272 6
273 4
274 3
275 3
276 2
277 5
278 5
279 6
280 5
281 4
282 3
283 1
284 3
285 4
286 5
287 4
288 4
289 2
290 5
291 4
292 5
293 6
294 3
295 4
296 4
297 6
298 6
299 5
300 4
301 6
302 5
303 3
304 4
305 4
306 3
307 0
308 2
309 5
310 4
311 4
312 4
313 5
314 3
315 3
316 0
317 2
318 5
319 3
320 2
321 5
322 4
323 2
324 2
325 3
326 4
327 4
328 3
329 4
330 3
331 1
332 4
333 6
334 5
335 5
336 6
337 4
338 4
339 1
340 4
341 4
342 1
343 3
344 4
345 4
346 5
347 6
348 5
349 4
350 4
351 5
352 4
353 1
354 3
355 3
356 1
357 3
358 2
359 1
360 3
361 2
362 2
363 3
364 0
365 1
366 0
367 2
368 3
369 3
370 5
371 6
372 5
373 3
374 3
375 2
376 3
377 4
378 3
379 1
380 2
381 2
382 1
383 2
384 4
385 2
386 4
387 4
388 5
389 4
390 5
391 6
392 7
393 7
394 7
395 5
396 4
397 4
398 4
399 3
400 3
401 2
402 1
403 2
404 2
405 5
406 6
407 3
408 2
409 5
410 4
411 3
412 2
413 3
414 2
415 2
416 2
417 1
418 2
419 2
420 5
421 4
422 6
423 5
424 6
425 5
426 6
427 4
428 2
429 3
430 4
431 4
432 4
433 3
434 3
435 4
436 5
437 5
438 4
439 1
440 3
441 2
442 3
443 5
444 4
445 5
446 8
447 7
448 7
449 4
450 3
451 5
452 4
453 3
454 4
455 5
456 5
457 6
458 6
459 7
460 7
461 9
462 9
463 11
464 11
465 10
466 9
467 9
468 9
469 10
470 10
471 8
472 11
473 13
474 13
475 13
476 12
477 12
478 13
479 12
480 13
481 14
482 15
483 12
484 10
485 9
486 8
487 9
488 11
489 12
490 12
491 12
492 15
493 12
494 11
495 12
496 14
497 16
498 13
499 11
500 11
501 12
502 11
503 13
504 14
505 13
506 13
507 14
508 15
509 12
510 12
511 10
512 11
513 9
514 9
515 8
516 7
517 7
518 6
519 7
520 7
521 7
522 8
523 5
524 5
525 6
526 9
527 7
528 5
529 4
530 7
531 6
532 5
533 3
534 3
535 5
536 5
537 5
538 5
539 6
540 7
541 6
542 7
543 4
544 4
545 4
546 4
547 3
548 2
549 3
550 2
551 2
552 4
553 2
554 2
555 3
556 3
557 4
558 3
559 4
560 5
561 4
562 1
563 3
564 2
565 6
566 7
567 7
568 7
569 6
570 4
571 4
572 4
573 7
574 7
575 7
576 8
577 6
578 7
579 7
580 8
581 9
582 8
583 10
584 11
585 10
586 8
587 8
588 7
589 7
590 7
591 7
592 9
593 10
594 10
595 11
596 10
597 10
598 11
599 10
600 11
601 10
602 10
603 7
604 6
605 8
606 8
607 9
608 9
609 9
610 7
611 5
612 2
613 2
614 2
615 3
616 6
617 4
618 4
619 4
620 3
621 2
622 2
623 2
624 4
625 6
626 7
627 9
628 11
629 11
630 11
631 11
632 11
633 11
634 13
635 16
636 13
637 12
638 14
639 14
640 16
641 13
642 13
643 14
644 15
645 12
646 13
647 13
648 15
649 12
650 13
651 13
652 13
653 13
654 14
655 15
656 12
657 13
658 13
659 13
660 13
661 13
662 12
663 13
664 14
665 15
666 12
667 12
668 12
669 10
670 11
671 11
672 14
673 15
674 12
675 11
676 10
677 8
678 7
679 6
680 4
681 4
682 5
683 3
684 0
685 3
686 5
687 6
688 5
689 3
690 2
691 2
692 3
693 4
694 3
695 3
696 4
697 3
698 3
699 4
700 4
701 3
702 1
703 0
704 3
705 3
706 3
707 3
708 4
709 3
710 1
711 1
712 3
713 5
714 4
715 4
716 3
717 4
718 3
719 1
720 3
721 2
722 1
723 2
724 2
725 2
726 1
727 1
728 5
729 3
730 4
731 5
732 3
733 2
734 3
735 3
736 3
737 5
738 5
739 4
740 7
741 7
742 5
743 6
744 7
745 5
746 6
747 6
748 8
749 8
750 8
751 7
752 5
753 3
754 5
755 4
756 6
757 6
758 4
759 5
760 5
761 5
762 5
763 5
764 4
765 3
766 2
767 1
768 1
769 3
770 1
771 2
772 2
773 0
774 3
775 1
776 2
777 0
778 3
779 4
780 4
781 3
782 1
783 3
784 4
785 2
786 1
787 4
788 1
789 4
790 4
791 2
792 2
793 1
794 3
795 3
796 2
797 4
798 2
799 1
800 2
801 2
802 3
803 2
804 4
805 1
806 4
807 2
808 2
809 3
810 3
811 7
812 6
813 7
814 7
815 7
816 5
817 4
818 5
819 4
820 2
821 4
822 5
823 4
824 3
825 4
826 3
827 3
828 0
829 4
830 3
831 0
832 4
833 5
834 6
835 5
836 5
837 7
838 6
839 5
840 5
841 4
842 4
843 5
844 4
845 3
846 0
847 2
848 2
849 2
850 5
851 8
852 7
853 10
854 11
855 10
856 10
857 8
858 9
859 9
860 8
861 8
862 7
863 6
864 5
865 5
866 4
867 3
868 5
869 6
870 6
871 5
872 6
873 6
874 6
875 6
876 7
877 7
878 7
879 9
880 6
881 6
882 4
883 1
884 1
885 3
886 4
887 2
888 5
889 5
890 4
891 3
892 2
893 2
894 3
895 3
896 4
897 1
898 3
899 1
900 2
901 3
902 2
903 4
904 4
905 3
906 1
907 3
908 2
909 2
910 2
911 3
912 4
913 3
914 3
915 1
916 3
917 3
918 3
919 2
920 4
921 2
922 3
923 2
924 3
925 3
926 4
927 3
928 3
929 4
930 1
931 3
932 3
933 2
934 4
935 5
936 3
937 5
938 4
939 5
940 5
941 4
942 3
943 1
944 1
945 2
946 2
947 1
948 2
949 3
950 0
951 3
952 2
953 4
954 2
955 3
956 5
957 5
958 3
959 4
960 5
961 3
962 3
963 1
964 2
965 4
966 4
967 3
968 1
969 4
970 7
971 6
972 6
973 7
974 8
975 7
976 8
977 8
978 10
979 10
980 11
981 10
982 10
983 10
984 9
985 8
986 8
987 8
988 8
989 13
990 15
991 12
992 12
993 12
994 13
995 15
996 12
997 11
998 13
999 13
1000 13
1001 15
1002 12
1003 12
1004 14
1005 12
1006 11
1007 10
1008 8
1009 7
1010 8
1011 7
1012 7
1013 7
1014 5
1015 3
1016 2
1017 3
1018 3
1019 3
1020 3
1021 6
1022 4
1023 2
1024 4
1025 3
1026 4
1027 4
1028 3
1029 2
1030 1
1031 2
1032 2
1033 3
1034 5
1035 5
1036 6
1037 5
1038 4
1039 5
1040 5
1041 3
1042 5
1043 4
1044 4
1045 3
1046 5
1047 6
1048 5
1049 3
1050 2
1051 1
1052 4
1053 4
1054 4
1055 3
1056 4
1057 3
1058 7
1059 6
1060 5
1061 2
1062 4
1063 5
1064 5
1065 4
1066 5
1067 4
1068 3
1069 2
1070 3
1071 4
1072 2
1073 1
1074 0
1075 3
1076 1
1077 4
1078 4
1079 3
1080 2
1081 4
1082 7
1083 8
1084 9
1085 9
1086 12
1087 13
1088 15
1089 12
1090 15
1091 12
1092 11
1093 9
1094 10
1095 9
1096 9
1097 11
1098 9
1099 7
1100 7
1101 7
1102 7
1103 8
1104 5
1105 2
1106 4
1107 3
1108 2
1109 2
1110 4
1111 4
1112 3
1113 5
1114 5
1115 3
1116 1
1117 4
1118 5
1119 3
1120 3
1121 3
1122 2
1123 3
1124 3
1125 4
1126 2
1127 3
1128 2
1129 2
1130 2
1131 3
1132 3
1133 2
1134 2
1135 3
1136 3
1137 1
1138 3
1139 4
1140 2
1141 2
1142 1
1143 1
1144 3
1145 4
1146 4
1147 5
1148 4
1149 4
1150 4
1151 3
1152 0
1153 1
1154 3
1155 4
1156 4
1157 3
1158 2
1159 4
1160 4
1161 5
1162 5
1163 6
1164 6
1165 8
1166 10
1167 12
1168 13
1169 12
1170 13
1171 14
1172 12
1173 10
1174 7
1175 7
1176 7
1177 9
1178 8
1179 8
1180 8
1181 7
1182 5
1183 5
1184 6
1185 7
1186 5
1187 5
1188 5
1189 6
1190 7
1191 6
1192 5
1193 6
1194 6
1195 8
1196 8
1197 6
1198 7
1199 7
1200 10
1201 8
1202 9
1203 8
1204 7
1205 8
1206 8
1207 6
1208 5
1209 8
1210 9
1211 8
1212 8
1213 7
1214 6
1215 5
1216 6
1217 7
1218 5
1219 3
1220 3
1221 2
1222 2
1223 1
1224 3
1225 3
1226 4
1227 4
1228 1
1229 3
1230 3
1231 2
1232 2
1233 3
1234 4
1235 1
1236 3
1237 3
1238 4
1239 5
1240 6
1241 4
1242 3
1243 1
1244 4
1245 4
1246 2
1247 6
1248 5
1249 6
1250 8
1251 6
1252 8
1253 5
1254 6
1255 5
1256 3
1257 3
1258 3
1259 4
1260 5
1261 6
1262 7
1263 8
1264 7
1265 6
1266 6
1267 6
1268 8
1269 7
1270 7
1271 7
1272 5
1273 4
1274 3
1275 5
1276 5
1277 3
1278 4
1279 2
1280 4
1281 2
1282 3
1283 3
1284 5
1285 5
1286 7
1287 7
1288 8
1289 7
1290 9
1291 12
1292 14
1293 13
1294 12
1295 12
1296 9
1297 9
1298 7
1299 6
1300 5
1301 6
1302 6
1303 5
1304 3
1305 1
1306 2
1307 5
1308 4
1309 3
1310 2
1311 4
1312 5
1313 6
1314 6
1315 6
1316 7
1317 8
1318 8
1319 8
1320 7
1321 8
1322 6
1323 6
1324 6
1325 5
1326 7
1327 8
1328 9
1329 10
1330 10
1331 8
1332 9
1333 7
1334 8
1335 7
1336 5
1337 5
1338 6
1339 4
1340 3
1341 4
1342 5
1343 3
1344 2
1345 6
1346 6
1347 7
1348 7
1349 9
1350 9
1351 9
1352 11
1353 10
1354 12
1355 11
1356 11
1357 9
1358 8
1359 7
1360 6
1361 7
1362 4
1363 5
1364 6
1365 6
1366 8
1367 6
1368 6
1369 7
1370 8
1371 6
1372 6
1373 5
1374 3
1375 3
1376 2
1377 2
1378 4
1379 2
1380 3
1381 7
1382 9
1383 10
1384 9
1385 7
1386 7
1387 7
1388 4
1389 6
1390 7
1391 7
1392 7
1393 7
1394 5
1395 8
1396 7
1397 7
1398 7
1399 6
1400 5
1401 2
1402 3
1403 2
1404 3
1405 4
1406 4
1407 2
1408 1
1409 4
1410 2
1411 2
1412 5
1413 6
1414 7
1415 5
1416 6
1417 5
1418 5
1419 4
1420 5
1421 3
1422 2
1423 5
1424 4
1425 4
1426 4
1427 4
1428 4
1429 2
1430 6
1431 5
1432 5
1433 5
1434 5
1435 6
1436 5
1437 5
1438 4
1439 7
1440 6
1441 4
1442 6
1443 7
1444 6
1445 5
1446 4
1447 3
1448 3
1449 3
1450 3
1451 4
1452 4
1453 3
1454 2
1455 2
1456 3
1457 6
1458 8
1459 6
1460 5
1461 5
1462 4
1463 5
1464 4
1465 4
1466 2
1467 3
1468 3
1469 3
1470 2
1471 2
1472 3
1473 4
1474 4
1475 2
1476 3
1477 1
1478 2
1479 2
1480 3
1481 2
1482 3
1483 3
1484 1
1485 4
1486 2
1487 4
1488 4
1489 5
1490 6
1491 6
1492 6
1493 5
1494 5
1495 5
1496 8
1497 9
1498 6
1499 8
1500 9
1501 9
1502 11
1503 10
1504 11
1505 13
1506 14
1507 15
1508 12
1509 12
1510 11
1511 10
1512 11
1513 11
1514 11
1515 13
1516 12
1517 14
1518 14
1519 14
1520 14
1521 15
1522 12
1523 12
1524 13
1525 15
1526 12
1527 11
1528 10
1529 8
1530 10
1531 11
1532 11
1533 9
1534 9
1535 8
1536 9
1537 8
1538 7
1539 9
1540 6
1541 5
1542 4
1543 5
1544 7
1545 5
1546 5
1547 3
1548 3
1549 6
1550 6
1551 8
1552 9
1553 8
1554 12
1555 13
1556 13
1557 13
1558 14
1559 16
1560 13
1561 12
1562 13
1563 15
1564 12
1565 11
1566 11
1567 10
1568 9
1569 8
1570 7
1571 9
1572 11
1573 11
1574 9
1575 8
1576 10
1577 9
1578 11
1579 10
1580 10
1581 10
1582 12
1583 12
1584 11
1585 9
1586 11
1587 11
1588 10
1589 10
1590 8
1591 8
1592 5
1593 10
1594 11
1595 9
1596 8
1597 8
1598 11
1599 11
1600 9
1601 6
1602 5
1603 4
1604 5
1605 6
1606 7
1607 6
1608 5
1609 6
1610 5
1611 9
1612 9
1613 10
1614 12
1615 10
1616 11
1617 12
1618 11
1619 14
1620 16
1621 13
1622 14
1623 16
1624 13
1625 13
1626 15
1627 12
1628 14
1629 17
1630 14
1631 13
1632 14
1633 14
1634 13
1635 11
1636 10
1637 9
1638 8
1639 9
1640 9
1641 8
1642 7
1643 10
1644 9
1645 9
1646 10
1647 8
1648 8
1649 10
1650 9
1651 7
1652 6
1653 6
1654 7
1655 9
1656 8
1657 9
1658 10
1659 10
1660 9
1661 9
1662 10
1663 11
1664 10
1665 10
1666 10
1667 10
1668 11
1669 11
1670 11
1671 12
1672 13
1673 15
1674 12
1675 13
1676 13
1677 12
1678 11
1679 13
1680 14
1681 16
1682 13
1683 13
1684 14
1685 13
1686 15
1687 12
1688 10
1689 10
1690 9
1691 8
1692 7
1693 4
1694 3
1695 0
1696 3
1697 3
1698 7
1699 6
1700 7
1701 7
1702 6
1703 6
1704 7
1705 7
1706 7
1707 6
1708 8
1709 8
1710 6
1711 7
1712 11
1713 13
1714 17
1715 14
1716 12
1717 11
1718 11
1719 13
1720 13
1721 12
1722 10
1723 13
1724 14
1725 14
1726 13
1727 14
1728 16
1729 13
1730 12
1731 11
1732 10
1733 11
1734 11
1735 14
1736 14
1737 15
1738 12
1739 11
1740 12
1741 11
1742 12
1743 13
1744 14
1745 14
1746 14
1747 13
1748 12
1749 9
1750 7
1751 6
1752 6
1753 7
1754 7
1755 5
1756 7
1757 8
1758 7
1759 5
1760 4
1761 2
1762 4
1763 6
1764 6
1765 6
1766 5
1767 4
1768 2
1769 1
1770 2
1771 4
1772 1
1773 2
1774 1
1775 1
1776 2
1777 5
1778 2
1779 2
1780 2
1781 2
1782 3
1783 1
1784 5
1785 4
1786 4
1787 6
1788 7
1789 4
1790 4
1791 3
1792 2
1793 3
1794 1
1795 1
1796 5
1797 4
1798 1
1799 2
1800 2
1801 2
1802 3
1803 3
1804 2
1805 1
1806 4
1807 6
1808 5
1809 4
1810 3
1811 5
1812 2
1813 4
1814 3
1815 2
1816 2
1817 4
1818 3
1819 6
1820 7
1821 8
1822 9
1823 8
1824 8
1825 8
1826 7
1827 4
1828 4
1829 4
1830 3
1831 2
1832 1
1833 3
1834 3
1835 0
1836 3
1837 3
1838 1
1839 4
1840 3
1841 2
1842 2
1843 3
1844 3
1845 3
1846 3
1847 4
1848 5
1849 5
1850 6
1851 5
1852 3
1853 4
1854 5
1855 5
1856 5
1857 5
1858 5
1859 5
1860 4
1861 7
1862 5
1863 4
1864 4
1865 4
1866 2
1867 2
1868 1
1869 3
1870 5
1871 6
1872 6
1873 5
1874 2
1875 2
1876 2
1877 5
1878 5
1879 4
1880 1
1881 2
1882 4
1883 4
1884 2
1885 2
1886 1
1887 3
1888 4
1889 4
1890 7
1891 7
1892 9
1893 9
1894 11
1895 11
1896 11
1897 10
1898 8
1899 8
1900 7
1901 9
1902 9
1903 9
1904 9
1905 8
1906 9
1907 8
1908 7
1909 5
1910 5
1911 5
1912 5
1913 6
1914 6
1915 3
1916 3
1917 3
1918 3
1919 3
1920 2
1921 1
1922 2
1923 2
1924 2
1925 1
1926 3
1927 5
1928 7
1929 6
1930 7
1931 6
1932 6
1933 6
1934 5
1935 6
1936 5
1937 4
1938 5
1939 8
1940 9
1941 10
1942 11
1943 12
1944 13
1945 12
1946 12
1947 12
1948 13
1949 13
1950 12
1951 12
1952 13
1953 13
1954 10
1955 9
1956 8
1957 10
1958 12
1959 12
1960 13
1961 14
1962 15
1963 12
1964 11
1965 12
1966 12
1967 13
1968 12
1969 12
1970 11
1971 10
1972 11
1973 9
1974 8
1975 7
1976 8
1977 10
1978 10
1979 9
1980 12
1981 12
1982 12
1983 12
1984 11
1985 13
1986 12
1987 12
1988 13
1989 12
1990 12
1991 10
1992 10
1993 10
1994 8
1995 8
1996 7
1997 6
1998 7
1999 6
2000 5
2001 2
2002 2
2003 2
2004 3
2005 2
2006 3
2007 3
2008 0
2009 0
2010 2
2011 2
2012 3
2013 4
2014 5
2015 6
2016 5
2017 4
2018 4
2019 3
2020 3
2021 1
2022 0
2023 3
2024 1
2025 4
2026 4
2027 5
2028 5
2029 4
2030 5
2031 4
2032 6
2033 5
2034 7
2035 6
2036 7
2037 8
2038 7
2039 7
2040 7
2041 7
2042 7
2043 9
2044 8
2045 6
2046 7
2047 5
2048 5
2049 7
2050 5
2051 4
2052 2
2053 2
2054 3
2055 4
2056 3
2057 3
2058 3
2059 2
2060 0
2061 3
2062 4
2063 4
2064 5
2065 4
2066 4
2067 5
2068 5
2069 5
2070 7
2071 8
2072 8
2073 9
2074 10
2075 9
2076 7
2077 7
2078 6
2079 6
2080 8
2081 6
2082 6
2083 6
2084 8
2085 7
2086 7
2087 7
2088 8
2089 9
2090 10
2091 11
2092 11
2093 11
2094 10
2095 10
2096 10
2097 8
2098 8
2099 7
2100 6
2101 5
2102 4
2103 2
2104 4
2105 3
2106 2
2107 2
2108 2
2109 4
2110 6
2111 5
2112 4
2113 4
2114 4
2115 2
2116 3
2117 4
2118 4
2119 4
2120 3
2121 0
2122 5
2123 6
2124 5
2125 4
2126 3
2127 3
2128 3
2129 4
2130 1
2131 3
2132 5
2133 7
2134 7
2135 7
2136 8
2137 6
2138 6
2139 4
2140 5
2141 6
2142 7
2143 7
2144 8
2145 9
2146 8
2147 6
2148 6
2149 6
2150 5
2151 3
2152 2
2153 4
2154 4
2155 3
2156 3
2157 4
2158 5
2159 5
2160 6
2161 8
2162 9
2163 9
2164 11
2165 10
2166 12
2167 12
2168 13
2169 12
2170 11
2171 13
2172 13
2173 13
2174 13
2175 11
2176 9
2177 10
2178 10
2179 11
2180 10
2181 12
2182 13
2183 11
2184 12
2185 13
2186 12
2187 9
2188 8
2189 8
2190 6
2191 7
2192 8
2193 9
2194 10
2195 9
2196 8
2197 7
2198 6
2199 5
2200 7
2201 7
2202 8
2203 9
2204 10
2205 10
2206 11
2207 9
2208 10
2209 11
2210 14
2211 12
2212 11
2213 10
2214 10
2215 10
2216 9
2217 7
2218 7
2219 6
2220 4
2221 4
2222 5
2223 5
2224 5
2225 3
2226 4
2227 5
2228 6
2229 5
2230 5
2231 6
2232 3
2233 0
2234 4
2235 4
2236 4
2237 3
2238 4
2239 1
2240 1
2241 2
2242 1
2243 1
2244 2
2245 2
2246 2
2247 4
2248 5
2249 7
2250 8
2251 9
2252 11
2253 11
2254 11
2255 11
2256 12
2257 10
2258 9
2259 8
2260 7
2261 9
2262 8
2263 9
2264 8
2265 7
2266 7
2267 5
2268 5
2269 4
2270 6
2271 8
2272 9
2273 9
2274 9
2275 9
2276 10
2277 10
2278 7
2279 7
2280 6
2281 5
2282 5
2283 3
2284 4
2285 4
2286 3
2287 4
2288 4
2289 4
2290 4
2291 1
2292 2
2293 5
2294 4
2295 4
2296 4
2297 6
2298 5
2299 5
2300 4
2301 5
2302 4
2303 4
2304 6
2305 5
2306 3
2307 2
2308 3
2309 2
2310 3
2311 3
2312 1
2313 0
2314 1
2315 1
2316 6
2317 7
2318 5
2319 4
2320 5
2321 6
2322 6
2323 6
2324 6
2325 6
2326 5
2327 5
2328 4
2329 5
2330 4
2331 5
2332 4
2333 5
2334 7
2335 5
2336 5
2337 3
2338 1
2339 1
2340 3
2341 1
2342 2
2343 2
2344 3
2345 2
2346 5
2347 8
2348 8
2349 9
2350 10
2351 10
2352 11
2353 11
2354 11
2355 12
2356 13
2357 10
2358 9
2359 10
2360 10
2361 10
2362 9
2363 8
2364 8
2365 7
2366 6
2367 5
2368 6
2369 5
2370 6
2371 4
2372 4
2373 3
2374 4
2375 1
2376 5
2377 3
2378 3
2379 3
2380 3
2381 3
2382 4
2383 3
2384 3
2385 1
2386 2
2387 6
2388 7
2389 6
2390 8
2391 7
2392 6
2393 5
2394 5
2395 4
2396 3
2397 3
2398 2
2399 5
2400 6
2401 6
2402 7
2403 7
2404 8
2405 10
2406 10
2407 9
2408 11
2409 8
2410 8
2411 6
2412 6
2413 8
2414 8
2415 9
2416 8
2417 7
2418 7
2419 6
2420 8
2421 5
2422 5
2423 4
2424 3
2425 6
2426 6
2427 6
2428 5
2429 5
2430 4
2431 5
2432 5
2433 4
2434 3
2435 1
2436 3
2437 2
2438 1
2439 3
2440 5
2441 3
2442 2
2443 2
2444 4
2445 2
2446 3
2447 1
2448 3
2449 1
2450 4
2451 3
2452 1
2453 5
2454 5
2455 5
2456 5
2457 4
2458 6
2459 3
2460 5
2461 3
2462 2
2463 4
2464 3
2465 3
2466 0
2467 2
2468 1
2469 3
2470 2
2471 3
2472 2
2473 4
2474 2
2475 3
2476 1
2477 3
2478 2
2479 2
2480 3
2481 3
2482 4
2483 2
2484 2
2485 1
2486 2
2487 4
2488 4
2489 3
2490 1
2491 2
2492 2
2493 1
2494 4
2495 3
2496 2
2497 1
2498 4
2499 3
2500 2
2501 1
2502 0
2503 4
2504 4
2505 2
2506 4
2507 3
2508 3
2509 4
2510 3
2511 2
2512 2
2513 4
2514 5
2515 4
2516 2
2517 1
2518 5
2519 6
2520 9
2521 9
2522 9
2523 9
2524 10
2525 10
2526 9
2527 8
2528 7
2529 10
2530 10
2531 12
2532 9
2533 9
2534 11
2535 10
2536 11
2537 11
2538 12
2539 10
2540 8
2541 6
2542 6
2543 5
2544 4
2545 4
2546 6
2547 4
2548 2
2549 2
2550 2
2551 3
2552 2
2553 4
2554 2
2555 4
2556 3
2557 1
2558 2
2559 1
2560 3
2561 3
2562 1
2563 4
2564 2
2565 0
2566 0
2567 1
2568 3
2569 2
2570 0
2571 3
2572 3
2573 1
2574 2
2575 1
2576 1
2577 1
2578 5
2579 5
2580 3
2581 1
2582 3
2583 6
2584 6
2585 6
2586 6
2587 5
2588 3
2589 4
2590 4
2591 4
2592 2
2593 2
2594 3
2595 4
2596 2
2597 1
2598 4
2599 4
2600 3
2601 3
2602 1
2603 3
2604 2
2605 2
2606 6
2607 4
2608 5
2609 3
2610 3
2611 3
2612 2
2613 3
2614 3
2615 2
2616 1
2617 4
2618 3
2619 5
2620 6
2621 6
2622 6
2623 6
2624 5
2625 4
2626 4
2627 5
2628 4
2629 4
2630 2
2631 3
2632 4
2633 2
2634 4
2635 3
2636 1
2637 2
2638 2
2639 6
2640 4
2641 4
2642 2
2643 3
2644 0
2645 2
2646 3
2647 6
2648 7
2649 8
2650 8
2651 8
2652 7
2653 6
2654 5
2655 3
2656 3
2657 2
2658 1
2659 3
2660 1
2661 4
2662 5
2663 5
2664 5
2665 3
2666 1
2667 2
2668 4
2669 2
2670 1
2671 2
2672 1
2673 4
2674 6
2675 5
2676 4
2677 2
2678 1
2679 3
2680 1
2681 1
2682 3
2683 5
2684 4
2685 5
2686 5
2687 4
2688 2
2689 0
2690 4
2691 6
2692 7
2693 7
2694 7
2695 5
2696 4
2697 5
2698 5
2699 2
2700 2
2701 3
2702 4
2703 3
2704 3
2705 4
2706 4
2707 4
2708 3
2709 3
2710 2
2711 0
2712 2
2713 2
2714 3
2715 4
2716 5
2717 5
2718 5
2719 5
2720 5
2721 2
2722 2
2723 2
2724 2
2725 4
2726 3
2727 2
2728 2
2729 2
2730 2
2731 2
2732 4
2733 5
2734 3
2735 3
2736 2
2737 2
2738 2
2739 3
2740 2
2741 4
2742 3
2743 3
2744 2
2745 3
2746 3
2747 2
2748 3
2749 3
2750 4
2751 5
2752 5
2753 3
2754 4
2755 4
2756 3
2757 1
2758 3
2759 1
2760 3
2761 4
2762 3
2763 2
2764 4
2765 4
2766 4
2767 3
2768 2
2769 4
2770 7
2771 7
2772 7
2773 6
2774 4
2775 5
2776 3
2777 0
2778 1
2779 4
2780 3
2781 4
2782 3
2783 3
2784 2
2785 2
2786 3
2787 1
2788 2
2789 2
2790 3
2791 5
2792 5
2793 4
2794 4
2795 1
2796 2
2797 1
2798 1
2799 2
2800 1
2801 1
2802 2
2803 2
2804 2
2805 2
2806 2
2807 3
2808 3
2809 2
2810 5
2811 4
2812 1
2813 2
2814 2
2815 2
2816 4
2817 3
2818 5
2819 3
2820 2
2821 3
2822 5
2823 4
2824 4
2825 3
2826 1
2827 0
2828 2
2829 4
2830 4
2831 3
2832 3
2833 3
2834 1
2835 2
2836 1
2837 3
2838 3
2839 2
2840 4
2841 3
2842 5
2843 3
2844 3
2845 3
2846 4
2847 4
2848 4
2849 4
2850 5
2851 5
2852 7
2853 8
2854 7
2855 6
2856 5
2857 4
2858 6
2859 7
2860 7
2861 7
2862 6
2863 6
2864 5
2865 7
2866 8
2867 7
2868 4
2869 3
2870 2
2871 6
2872 6
2873 5
2874 4
2875 4
2876 4
2877 4
2878 3
2879 2
2880 3
2881 2
2882 2
2883 2
2884 1
2885 2
2886 3
2887 3
2888 3
2889 2
2890 5
2891 3
2892 4
2893 4
2894 3
2895 3
2896 0
2897 2
2898 2
2899 4
2900 6
2901 5
2902 3
2903 2
2904 4
2905 4
2906 5
2907 6
2908 6
2909 7
2910 6
2911 6
2912 5
2913 5
2914 6
2915 7
2916 6
2917 6
2918 6
2919 5
2920 3
2921 3
2922 3
2923 3
2924 1
2925 3
2926 1
2927 3
2928 3
2929 1
2930 4
2931 4
2932 3
2933 3
2934 3
2935 4
2936 4
2937 4
2938 1
2939 3
2940 5
2941 5
2942 3
2943 1
2944 1
2945 6
2946 4
2947 4
2948 4
2949 4
2950 5
2951 5
2952 4
2953 3
2954 2
2955 5
2956 6
2957 4
2958 6
2959 5
2960 5
2961 5
2962 2
2963 0
2964 4
2965 3
2966 3
2967 1
2968 1
2969 2
2970 4
2971 5
2972 4
2973 4
2974 2
2975 2
2976 1
2977 3
2978 2
2979 5
2980 4
2981 3
2982 2
2983 2
2984 1
2985 2
2986 1
2987 2
2988 1
2989 1
2990 2
2991 2
2992 3
2993 2
2994 0
2995 2
2996 2
2997 2
2998 2
2999 2
3000 2
3001 4
3002 3
3003 3
3004 2
3005 1
3006 3
3007 3
3008 1
3009 5
3010 6
3011 5
3012 5
3013 3
3014 3
3015 0
3016 2
3017 0
3018 2
3019 4
3020 4
3021 1
3022 2
3023 1
3024 4
3025 3
3026 1
3027 3
3028 5
3029 4
3030 4
3031 4
3032 4
3033 5
3034 6
3035 6
3036 5
3037 5
3038 4
3039 2
3040 1
3041 3
3042 2
3043 3
3044 5
3045 6
3046 6
3047 6
3048 7
3049 7
3050 9
3051 10
3052 8
3053 7
3054 8
3055 7
3056 8
3057 9
3058 9
3059 8
3060 7
3061 7
3062 7
3063 6
3064 6
3065 7
3066 5
3067 4
3068 4
3069 3
3070 2
3071 4
3072 3
3073 2
3074 0
3075 2
3076 2
3077 0
3078 5
3079 5
3080 5
3081 6
3082 6
3083 4
3084 1
3085 1
3086 4
3087 4
3088 3
3089 2
3090 3
3091 2
3092 3
3093 4
3094 4
3095 4
3096 5
3097 6
3098 6
3099 6
3100 8
3101 7
3102 7
3103 6
3104 5
3105 7
3106 8
3107 6
3108 5
3109 4
3110 6
3111 5
3112 6
3113 5
3114 4
3115 2
3116 2
3117 3
3118 3
3119 1
3120 4
3121 4
3122 4
3123 4
3124 3
3125 1
3126 3
3127 4
3128 6
3129 3
3130 4
3131 6
3132 5
3133 5
3134 3
3135 3
3136 2
3137 2
3138 2
3139 2
3140 4
3141 6
3142 8
3143 7
3144 5
3145 4
3146 3
3147 5
3148 2
3149 3
3150 2
3151 3
3152 3
3153 3
3154 2
3155 3
3156 3
3157 2
3158 2
3159 3
3160 5
3161 4
3162 5
3163 7
3164 5
3165 7
3166 5
3167 6
3168 7
3169 9
3170 8
3171 7
3172 8
3173 5
3174 5
3175 4
3176 3
3177 4
3178 4
3179 2
3180 3
3181 3
3182 1
3183 2
3184 3
3185 0
3186 3
3187 2
3188 4
3189 3
3190 1
3191 4
3192 5
3193 7
3194 8
3195 10
3196 12
3197 12
3198 11
3199 12
3200 12
3201 11
3202 9
3203 10
3204 9
3205 11
3206 12
3207 11
3208 12
3209 12
3210 13
3211 11
3212 9
3213 8
3214 9
3215 7
3216 6
3217 6
3218 4
3219 4
3220 3
3221 4
3222 5
3223 5
3224 4
3225 5
3226 5
3227 4
3228 3
3229 1
3230 3
3231 3
3232 1
3233 2
3234 3
3235 2
3236 3
3237 2
3238 3
3239 2
3240 4
3241 3
3242 3
3243 4
3244 3
3245 3
3246 2
3247 1
3248 4
3249 3
3250 5
3251 5
3252 5
3253 5
3254 4
3255 4
3256 4
3257 3
3258 3
3259 4
3260 5
3261 5
3262 4
3263 5
3264 7
3265 7
3266 10
3267 10
3268 11
3269 11
3270 9
3271 7
3272 7
3273 9
3274 9
3275 8
3276 9
3277 8
3278 9
3279 9
3280 8
3281 9
3282 9
3283 11
3284 11
3285 12
3286 11
3287 10
3288 12
3289 10
3290 11
3291 12
3292 12
3293 12
3294 13
3295 11
3296 10
3297 11
3298 10
3299 10
3300 9
3301 10
3302 11
3303 8
3304 7
3305 6
3306 7
3307 6
3308 5
3309 4
3310 2
3311 1
3312 3
3313 6
3314 7
3315 6
3316 5
3317 6
3318 6
3319 7
3320 8
3321 8
3322 6
3323 5
3324 6
3325 6
3326 6
3327 7
3328 5
3329 2
3330 4
3331 4
3332 2
3333 4
3334 4
3335 3
3336 3
3337 2
3338 1
3339 2
3340 3
3341 1
3342 2
3343 2
3344 1
3345 3
3346 2
3347 2
3348 1
3349 3
3350 2
3351 4
3352 6
3353 6
3354 4
3355 3
3356 2
3357 2
3358 3
3359 2
3360 2
3361 3
3362 2
3363 3
3364 3
3365 2
3366 1
3367 3
3368 1
3369 1
3370 5
3371 6
3372 6
3373 4
3374 3
3375 3
3376 5
3377 6
3378 6
3379 6
3380 7
3381 8
3382 8
3383 6
3384 5
3385 3
3386 4
3387 4
3388 5
3389 5
3390 6
3391 4
3392 4
3393 4
3394 5
3395 3
3396 4
3397 5
3398 5
3399 5
3400 4
3401 6
3402 5
3403 6
3404 6
3405 6
3406 3
3407 5
3408 4
3409 5
3410 3
3411 5
3412 7
3413 7
3414 6
3415 7
3416 8
3417 10
3418 10
3419 8
3420 7
3421 5
3422 5
3423 4
3424 3
3425 3
3426 4
3427 5
3428 5
3429 2
3430 4
3431 4
3432 7
3433 6
3434 4
3435 4
3436 2
3437 1
3438 3
3439 3
3440 3
3441 5
3442 7
3443 6
3444 6
3445 5
3446 5
3447 4
3448 1
3449 2
3450 3
3451 3
3452 2
3453 3
3454 3
3455 3
3456 4
3457 6
3458 5
3459 4
3460 3
3461 2
3462 3
3463 2
3464 3
3465 2
3466 0
3467 4
3468 3
3469 3
3470 2
3471 6
3472 7
3473 5
3474 4
3475 3
3476 5
3477 5
3478 7
3479 9
3480 9
3481 9
3482 10
3483 9
3484 10
3485 12
3486 9
3487 10
3488 11
3489 11
3490 11
3491 11
3492 10
3493 10
3494 8
3495 9
3496 8
3497 6
3498 3
3499 4
3500 2
3501 5
3502 6
3503 5
3504 6
3505 5
3506 4
3507 7
3508 8
3509 8
3510 6
3511 5
3512 5
3513 6
3514 5
3515 3
3516 2
3517 4
3518 4
3519 5
3520 6
3521 4
3522 3
3523 2
3524 3
3525 3
3526 3
3527 3
3528 4
3529 6
3530 4
3531 2
3532 2
3533 2
3534 1
3535 1
3536 2
3537 3
3538 3
3539 2
3540 5
3541 3
3542 3
3543 3
3544 3
3545 3
3546 3
3547 2
3548 3
3549 4
3550 2
3551 3
3552 3
3553 3
3554 2
3555 4
3556 2
3557 4
3558 4
3559 5
3560 7
3561 6
3562 5
3563 8
3564 9
3565 9
3566 9
3567 8
3568 8
3569 7
3570 7
3571 4
3572 4
3573 4
3574 2
3575 1
3576 5
3577 6
3578 6
3579 3
3580 5
3581 3
3582 3
3583 1
3584 2
3585 1
3586 1
3587 3
3588 0
3589 2
3590 2
3591 2
3592 3
3593 1
3594 1
3595 5
3596 4
3597 6
3598 6
3599 4
3600 4
3601 5
3602 4
3603 5
3604 3
3605 3
3606 4
3607 4
3608 2
3609 3
3610 4
3611 5
3612 5
3613 2
3614 4
3615 3
3616 3
3617 2
3618 4
3619 6
3620 5
3621 6
3622 6
3623 4
3624 3
3625 4
3626 6
3627 6
3628 4
3629 1
3630 3
3631 2
3632 2
3633 5
3634 3
3635 3
3636 2
3637 4
3638 5
3639 6
3640 3
3641 2
3642 2
3643 4
3644 4
3645 5
3646 5
3647 4
3648 7
3649 10
3650 10
3651 11
3652 9
3653 9
3654 10
3655 11
3656 11
3657 11
3658 10
3659 9
3660 8
3661 8
3662 6
3663 5
3664 5
3665 4
3666 4
3667 5
3668 3
3669 3
3670 6
3671 6
3672 8
3673 8
3674 8
3675 7
3676 5
3677 5
3678 4
3679 6
3680 7
3681 6
3682 5
3683 5
3684 4
3685 2
3686 3
3687 4
3688 5
3689 4
3690 3
3691 3
3692 3
3693 2
3694 3
3695 4
3696 2
3697 2
3698 0
3699 2
3700 2
3701 1
3702 3
3703 3
3704 5
3705 5
3706 4
3707 2
3708 1
3709 6
3710 4
3711 5
3712 5
3713 4
3714 2
3715 4
3716 4
3717 5
3718 5
3719 4
3720 5
3721 5
3722 5
3723 4
3724 2
3725 2
3726 0
3727 0
3728 3
3729 2
3730 5
3731 8
3732 7
3733 6
3734 6
3735 8
3736 10
3737 8
3738 8
3739 9
3740 10
3741 9
3742 9
3743 8
3744 6
3745 6
3746 5
3747 3
3748 1
3749 3
3750 0
3751 3
3752 2
3753 3
3754 1
3755 1
3756 1
3757 5
3758 6
3759 5
3760 4
3761 5
3762 3
3763 5
3764 7
3765 6
3766 6
3767 7
3768 9
3769 8
3770 7
3771 6
3772 6
3773 7
3774 8
3775 9
3776 9
3777 10
3778 9
3779 10
3780 10
3781 10
3782 9
3783 7
3784 7
3785 4
3786 4
3787 3
3788 5
3789 4
3790 3
3791 3
3792 1
3793 4
3794 6
3795 7
3796 7
3797 8
3798 7
3799 10
3800 10
3801 12
3802 12
3803 12
3804 11
3805 9
3806 9
3807 9
3808 10
3809 12
3810 12
3811 11
3812 9
3813 7
3814 10
3815 10
3816 11
3817 11
3818 11
3819 12
3820 12
3821 10
3822 11
3823 10
3824 8
3825 7
3826 8
3827 9
3828 8
3829 9
3830 10
3831 9
3832 10
3833 10
3834 9
3835 11
3836 12
3837 10
3838 9
3839 8
3840 7
3841 7
3842 6
3843 6
3844 5
3845 3
3846 3
3847 1
3848 1
3849 2
3850 3
3851 2
3852 4
3853 2
3854 2
3855 2
3856 3
3857 1
3858 4
3859 4
3860 4
3861 2
3862 4
3863 2
3864 3
3865 4
3866 4
3867 4
3868 3
3869 1
3870 2
3871 1
3872 4
3873 5
3874 5
3875 5
3876 6
3877 3
3878 4
3879 5
3880 2
3881 4
3882 2
3883 1
3884 4
3885 5
3886 3
3887 3
3888 3
3889 3
3890 6
3891 7
3892 7
3893 7
3894 6
3895 6
3896 5
3897 6
3898 6
3899 7
3900 7
3901 4
3902 4
3903 4
3904 4
3905 4
3906 4
3907 5
3908 4
3909 2
3910 3
3911 0
3912 2
3913 3
3914 5
3915 4
3916 4
3917 4
3918 2
3919 2
3920 5
3921 5
3922 3
3923 2
3924 1
3925 1
3926 2
3927 0
3928 3
3929 2
3930 1
3931 1
3932 2
3933 1
3934 4
3935 3
3936 4
3937 3
3938 3
3939 2
3940 3
3941 2
3942 1
3943 2
3944 4
3945 3
3946 2
3947 3
3948 4
3949 3
3950 2
3951 3
3952 1
3953 1
3954 2
3955 2
3956 3
3957 2
3958 4
3959 3
3960 5
3961 5
3962 4
3963 3
3964 2
3965 2
3966 2
3967 3
3968 3
3969 3
3970 2
3971 3
3972 0
3973 4
3974 5
3975 4
3976 5
3977 7
3978 9
3979 12
3980 12
3981 11
3982 12
3983 11
3984 11
3985 11
3986 12
3987 12
3988 15
3989 12
3990 11
3991 13
3992 15
3993 12
3994 10
3995 8
3996 8
3997 9
3998 8
3999 8
4000 6
4001 5
4002 3
4003 3
4004 4
4005 4
4006 3
4007 3
4008 6
4009 8
4010 9
4011 8
4012 8
4013 8
4014 10
4015 9
4016 8
4017 6
4018 5
4019 5
4020 6
4021 5
4022 7
4023 6
4024 5
4025 4
4026 2
4027 2
4028 3
4029 3
4030 4
4031 3
4032 3
4033 3
4034 4
4035 3
4036 4
4037 4
4038 6
4039 6
4040 7
4041 7
4042 7
4043 8
4044 9
4045 7
4046 7
4047 6
4048 5
4049 4
4050 3
4051 2
4052 5
4053 5
4054 3
4055 5
4056 5
4057 5
4058 4
4059 3
4060 2
4061 3
4062 1
4063 3
4064 2
4065 4
4066 5
4067 7
4068 5
4069 5
4070 5
4071 4
4072 4
4073 3
4074 5
4075 4
4076 4
4077 4
4078 4
4079 2
4080 2
4081 3
4082 2
4083 2
4084 1
4085 2
4086 5
4087 6
4088 6
4089 6
4090 6
4091 4
4092 6
4093 5
4094 4
4095 4
4096 4
4097 3
4098 0
4099 3
4100 2
4101 0
4102 2
4103 3
4104 5
4105 8
4106 6
4107 5
4108 4
4109 3
4110 2
4111 3
4112 1
4113 1
4114 1
4115 1
4116 2
4117 2
4118 4
4119 4
4120 3
4121 5
4122 6
4123 5
4124 6
4125 5
4126 5
4127 3
4128 3
4129 2
4130 0
4131 3
4132 5
4133 6
4134 8
4135 6
4136 4
4137 3
4138 2
4139 2
4140 5
4141 4
4142 3
4143 3
4144 3
4145 2
4146 1
4147 2
4148 2
4149 4
4150 4
4151 2
4152 5
4153 5
4154 9
4155 8
4156 6
4157 7
4158 6
4159 6
4160 5
4161 6
4162 6
4163 4
4164 4
4165 3
4166 2
4167 4
4168 3
4169 4
4170 5
4171 4
4172 4
4173 4
4174 5
4175 4
4176 2
4177 5
4178 3
4179 2
4180 2
4181 4
4182 4
4183 6
4184 5
4185 6
4186 7
4187 8
4188 7
4189 8
4190 5
4191 6
4192 3
4193 3
4194 5
4195 7
4196 7
4197 7
4198 8
4199 8
4200 9
4201 9
4202 8
4203 8
4204 11
4205 12
4206 13
4207 12
4208 14
4209 14
4210 15
4211 12
4212 12
4213 13
4214 12
4215 13
4216 13
4217 12
4218 14
4219 15
4220 12
4221 10
4222 11
4223 12
4224 11
4225 10
4226 10
4227 8
4228 9
4229 11
4230 10
4231 9
4232 9
4233 9
4234 8
4235 7
4236 6
4237 6
4238 4
4239 5
4240 5
4241 4
4242 4
4243 3
4244 6
4245 6
4246 5
4247 7
4248 5
4249 6
4250 5
4251 6
4252 6
4253 7
4254 5
4255 5
4256 4
4257 5
4258 5
4259 4
4260 5
4261 5
4262 3
4263 2
4264 3
4265 1
4266 0
4267 4
4268 3
4269 3
4270 4
4271 4
4272 5
4273 4
4274 5
4275 4
4276 5
4277 7
4278 6
4279 5
4280 3
4281 3
4282 0
4283 3
4284 1
4285 7
4286 6
4287 4
4288 6
4289 4
4290 5
4291 7
4292 6
4293 4
4294 5
4295 4
4296 2
4297 4
4298 4
4299 2
4300 4
4301 3
4302 3
4303 1
4304 1
4305 2
4306 5
4307 5
4308 5
4309 4
4310 3
4311 4
4312 3
4313 3
4314 2
4315 4
4316 3
4317 2
4318 5
4319 5
4320 4
4321 5
4322 2
4323 3
4324 4
4325 4
4326 3
4327 0
4328 2
4329 6
4330 6
4331 7
4332 6
4333 6
4334 6
4335 4
4336 4
4337 4
4338 4
4339 6
4340 7
4341 6
4342 4
4343 7
4344 7
4345 5
4346 5
4347 6
4348 6
4349 8
4350 7
4351 5
4352 4
4353 4
4354 2
4355 3
4356 4
4357 5
4358 5
4359 6
4360 5
4361 6
4362 6
4363 6
4364 6
4365 5
4366 6
4367 6
4368 5
4369 7
4370 7
4371 8
4372 8
4373 7
4374 5
4375 5
4376 2
4377 5
4378 4
4379 2
4380 4
4381 4
4382 3
4383 5
4384 6
4385 5
4386 9
4387 10
4388 8
4389 6
4390 5
4391 4
4392 4
4393 5
4394 6
4395 6
4396 6
4397 5
4398 6
4399 6
4400 7
4401 4
4402 5
4403 3
4404 1
4405 6
4406 5
4407 7
4408 9
4409 9
4410 8
4411 8
4412 7
4413 6
4414 7
4415 7
4416 9
4417 10
4418 10
4419 10
4420 7
4421 6
4422 5
4423 6
4424 6
4425 6
4426 7
4427 6
4428 8
4429 7
4430 7
4431 5
4432 6
4433 8
4434 10
4435 10
4436 7
4437 6
4438 7
4439 8
4440 7
4441 7
4442 8
4443 8
4444 7
4445 10
4446 8
4447 9
4448 8
4449 7
4450 7
4451 7
4452 8
4453 6
4454 10
4455 8
4456 9
4457 7
4458 8
4459 9
4460 9
4461 9
4462 10
4463 11
4464 12
4465 13
4466 14
4467 15
4468 12
4469 10
4470 11
4471 11
4472 11
4473 11
4474 11
4475 13
4476 14
4477 13
4478 11
4479 8
4480 9
4481 9
4482 8
4483 7
4484 7
4485 9
4486 7
4487 7
4488 7
4489 6
4490 5
4491 6
4492 5
4493 5
4494 5
4495 3
4496 3
4497 5
4498 6
4499 8
4500 9
4501 10
4502 11
4503 11
4504 9
4505 6
4506 7
4507 7
4508 10
4509 9
4510 8
4511 9
4512 7
4513 8
4514 8
4515 8
4516 8
4517 8
4518 8
4519 8
4520 8
4521 7
4522 6
4523 6
4524 7
4525 7
4526 7
4527 6
4528 9
4529 8
4530 8
4531 8
4532 7
4533 7
4534 6
4535 6
4536 7
4537 6
4538 3
4539 1
4540 4
4541 1
4542 1
4543 2
4544 2
4545 3
4546 3
4547 2
4548 2
4549 2
4550 4
4551 4
4552 5
4553 4
4554 5
4555 3
4556 1
4557 1
4558 3
4559 6
4560 8
4561 10
4562 10
4563 12
4564 13
4565 13
4566 14
4567 13
4568 12
4569 11
4570 12
4571 10
4572 8
4573 7
4574 5
4575 4
4576 4
4577 5
4578 4
4579 3
4580 2
4581 2
4582 4
4583 2
4584 2
4585 5
4586 5
4587 4
4588 5
4589 6
4590 7
4591 7
4592 6
4593 7
4594 5
4595 4
4596 6
4597 7
4598 9
4599 8
4600 7
4601 5
4602 8
4603 9
4604 9
4605 10
4606 9
4607 11
4608 12
4609 13
4610 14
4611 12
4612 9
4613 6
4614 6
4615 6
4616 5
4617 7
4618 5
4619 5
4620 8
4621 8
4622 8
4623 9
4624 9
4625 11
4626 10
4627 10
4628 11
4629 9
4630 7
4631 5
4632 5
4633 6
4634 6
4635 4
4636 4
4637 4
4638 4
4639 6
4640 5
4641 4
4642 4
4643 5
4644 4
4645 3
4646 4
4647 3
4648 1
4649 3
4650 1
4651 1
4652 2
4653 3
4654 1
4655 2
4656 3
4657 4
4658 5
4659 6
4660 6
4661 6
4662 5
4663 4
4664 4
4665 6
4666 5
4667 6
4668 5
4669 4
4670 3
4671 1
4672 4
4673 4
4674 2
4675 3
4676 4
4677 4
4678 2
4679 3
4680 4
4681 4
4682 3
4683 5
4684 4
4685 2
4686 3
4687 1
4688 2
4689 1
4690 2
4691 3
4692 2
4693 4
4694 6
4695 6
4696 7
4697 8
4698 9
4699 13
4700 11
4701 11
4702 12
4703 12
4704 13
4705 11
4706 13
4707 12
4708 12
4709 12
4710 9
4711 8
4712 8
4713 8
4714 9
4715 9
4716 11
4717 13
4718 13
4719 13
4720 14
4721 14
4722 13
4723 14
4724 14
4725 15
4726 12
4727 12
4728 14
4729 15
4730 12
4731 12
4732 11
4733 10
4734 9
4735 8
4736 12
4737 13
4738 11
4739 10
4740 10
4741 12
4742 14
4743 16
4744 13
4745 11
4746 10
4747 10
4748 9
4749 9
4750 10
4751 8
4752 11
4753 10
4754 9
4755 10
4756 11
4757 8
4758 9
4759 8
4760 10
4761 9
4762 10
4763 12
4764 15
4765 12
4766 12
4767 12
4768 12
4769 14
4770 15
4771 12
4772 10
4773 10
4774 11
4775 10
4776 9
4777 8
4778 8
4779 7
4780 6
4781 9
4782 8
4783 5
4784 5
4785 3
4786 2
4787 1
4788 3
4789 4
4790 3
4791 2
4792 2
4793 2
4794 2
4795 4
4796 5
4797 5
4798 6
4799 6
4800 4
4801 5
4802 5
4803 4
4804 5
4805 5
4806 6
4807 4
4808 5
4809 4
4810 3
4811 2
4812 1
4813 1
4814 2
4815 1
4816 3
4817 2
4818 6
4819 5
4820 3
4821 1
4822 4
4823 3
4824 5
4825 4
4826 5
4827 8
4828 8
4829 7
4830 7
4831 6
4832 4
4833 4
4834 4
4835 5
4836 8
4837 7
4838 9
4839 9
4840 10
4841 9
4842 11
4843 11
4844 12
4845 10
4846 9
4847 9
4848 7
4849 9
4850 8
4851 7
4852 7
4853 7
4854 9
4855 8
4856 9
4857 8
4858 7
4859 7
4860 10
4861 10
4862 9
4863 11
4864 11
4865 11
4866 10
4867 9
4868 9
4869 10
4870 10
4871 8
4872 7
4873 8
4874 8
4875 8
4876 6
4877 6
4878 6
4879 6
4880 8
4881 6
4882 8
4883 9
4884 9
4885 9
4886 7
4887 8
4888 7
4889 7
4890 6
4891 6
4892 5
4893 4
4894 4
4895 3
4896 3
4897 2
4898 3
4899 4
4900 4
4901 5
4902 5
4903 4
4904 5
4905 5
4906 8
4907 7
4908 8
4909 7
4910 8
4911 9
4912 10
4913 9
4914 12
4915 13
4916 13
4917 14
4918 14
4919 14
4920 14
4921 14
4922 12
4923 11
4924 13
4925 11
4926 9
4927 9
4928 10
4929 8
4930 10
4931 11
4932 11
4933 9
4934 10
4935 10
4936 10
4937 10
4938 10
4939 9
4940 8
4941 9
4942 8
4943 7
4944 7
4945 6
4946 6
4947 4
4948 3
4949 2
4950 4
4951 4
4952 3
4953 1
4954 1
4955 1
4956 1
4957 2
4958 4
4959 4
4960 4
4961 4
4962 4
4963 6
4964 5
4965 4
4966 1
4967 3
4968 3
4969 6
4970 4
4971 3
4972 4
4973 5
4974 7
4975 8
4976 7
4977 7
4978 4
4979 3
4980 3
4981 1
4982 3
4983 1
4984 1
4985 2
4986 1
4987 1
4988 2
4989 2
4990 4
4991 2
4992 4
4993 1
4994 0
4995 1
4996 3
4997 3
4998 2
4999 3
5000 2
5001 3
5002 1
5003 4
5004 6
5005 5
5006 5
5007 2
5008 4
5009 3
5010 4
5011 6
5012 6
5013 6
5014 4
5015 2
5016 2
5017 2
5018 0
5019 2
5020 2
5021 3
5022 3
5023 2
5024 1
5025 1
5026 3
5027 1
5028 3
5029 3
5030 5
5031 4
5032 5
5033 5
5034 6
5035 4
5036 3
5037 3
5038 3
5039 3
5040 2
5041 3
5042 4
5043 3
5044 2
5045 2
5046 4
5047 3
5048 1
5049 2
5050 3
5051 3
5052 3
5053 3
5054 2
5055 1
5056 0
5057 0
5058 5
5059 5
5060 3
5061 3
5062 1
5063 2
5064 4
5065 4
5066 4
5067 3
5068 4
5069 2
5070 4
5071 2
5072 4
5073 5
5074 6
5075 8
5076 8
5077 7
5078 7
5079 9
5080 7
5081 7
5082 6
5083 3
5084 2
5085 4
5086 4
5087 1
5088 1
5089 2
5090 4
5091 7
5092 7
5093 7
5094 5
5095 5
5096 4
5097 5
5098 4
5099 3
5100 0
5101 3
5102 2
5103 4
5104 1
5105 2
5106 2
5107 3
5108 4
5109 3
5110 2
5111 2
5112 0
5113 3
5114 4
5115 3
5116 4
5117 5
5118 4
5119 6
5120 5
5121 7
5122 7
5123 7
5124 6
5125 5
5126 7
5127 6
5128 4
5129 6
5130 4
5131 6
5132 4
5133 4
5134 5
5135 4
5136 3
5137 3
5138 4
5139 4
5140 3
5141 3
5142 3
5143 3
5144 2
5145 1
5146 2
5147 3
5148 3
5149 1
5150 3
5151 2
5152 3
5153 0
5154 2
5155 3
5156 3
5157 2
5158 1
5159 5
5160 4
5161 3
5162 3
5163 4
5164 3
5165 4
5166 5
5167 5
5168 4
5169 4
5170 5
5171 5
5172 6
5173 4
5174 4
5175 3
5176 3
5177 2
5178 4
5179 4
5180 3
5181 2
5182 1
5183 2
5184 3
5185 4
5186 3
5187 3
5188 1
5189 4
5190 5
5191 7
5192 6
5193 8
5194 9
5195 7
5196 5
5197 6
5198 7
5199 8
5200 6
5201 7
5202 5
5203 5
5204 7
5205 9
5206 8
5207 8
5208 6
5209 6
5210 7
5211 5
5212 5
5213 5
5214 4
5215 3
5216 2
5217 2
5218 2
5219 5
5220 3
5221 2
5222 3
5223 2
5224 3
5225 2
5226 1
5227 1
5228 5
5229 4
5230 4
5231 5
5232 5
5233 4
5234 5
5235 5
5236 6
5237 5
5238 3
5239 3
5240 2
5241 0
5242 1
5243 0
5244 4
5245 4
5246 4
5247 3
5248 3
5249 3
5250 3
5251 5
5252 5
5253 8
5254 8
5255 7
5256 5
5257 5
5258 5
5259 6
5260 4
5261 3
5262 5
5263 4
5264 4
5265 7
5266 5
5267 4
5268 5
5269 4
5270 3
5271 0
5272 3
5273 4
5274 3
5275 3
5276 3
5277 3
5278 2
5279 5
5280 3
5281 3
5282 4
5283 6
5284 7
5285 8
5286 7
5287 5
5288 3
5289 0
5290 4
5291 5
5292 5
5293 4
5294 4
5295 4
5296 4
5297 3
5298 3
5299 3
5300 4
5301 6
5302 3
5303 6
5304 4
5305 5
5306 4
5307 4
5308 3
5309 2
5310 4
5311 3
5312 3
5313 3
5314 5
5315 8
5316 9
5317 11
5318 12
5319 14
5320 14
5321 13
5322 12
5323 9
5324 11
5325 11
5326 10
5327 9
5328 11
5329 12
5330 11
5331 9
5332 10
5333 9
5334 10
5335 9
5336 8
5337 7
5338 5
5339 5
5340 3
5341 1
5342 5
5343 3
5344 3
5345 4
5346 2
5347 1
5348 1
5349 4
5350 7
5351 9
5352 9
5353 10
5354 7
5355 8
5356 9
5357 7
5358 7
5359 7
5360 6
5361 4
5362 4
5363 5
5364 6
5365 6
5366 5
5367 6
5368 4
5369 4
5370 4
5371 3
5372 4
5373 5
5374 2
5375 2
5376 4
5377 5
5378 8
5379 9
5380 7
5381 9
5382 10
5383 9
5384 8
5385 9
5386 10
5387 12
5388 11
5389 10
5390 9
5391 13
5392 12
5393 12
5394 10
5395 10
5396 9
5397 9
5398 9
5399 8
5400 8
5401 8
5402 7
5403 6
5404 6
5405 7
5406 9
5407 11
5408 10
5409 11
5410 10
5411 12
5412 12
5413 12
5414 10
5415 9
5416 10
5417 8
5418 8
5419 7
5420 7
5421 8
5422 8
5423 6
5424 3
5425 2
5426 4
5427 6
5428 4
5429 4
5430 4
5431 3
5432 1
5433 3
5434 2
5435 1
5436 4
5437 2
5438 3
5439 1
5440 3
5441 3
5442 3
5443 2
5444 2
5445 4
5446 3
5447 4
5448 6
5449 4
5450 3
5451 3
5452 1
5453 2
5454 2
5455 4
5456 3
5457 4
5458 6
5459 6
5460 6
5461 4
5462 4
5463 3
5464 2
5465 2
5466 3
5467 2
5468 4
5469 3
5470 3
5471 2
5472 3
5473 3
5474 1
5475 1
5476 3
5477 2
5478 2
5479 2
5480 3
5481 1
5482 5
5483 6
5484 7
5485 7
5486 7
5487 9
5488 8
5489 6
5490 6
5491 7
5492 6
5493 6
5494 7
5495 8
5496 8
5497 7
5498 8
5499 7
5500 7
5501 6
5502 6
5503 6
5504 5
5505 6
5506 6
5507 6
5508 5
5509 6
5510 7
5511 7
5512 5
5513 5
5514 3
5515 3
5516 1
5517 3
5518 4
5519 4
5520 5
5521 4
5522 4
5523 5
5524 4
5525 3
5526 2
5527 2
5528 3
5529 3
5530 3
5531 4
5532 4
5533 6
5534 5
5535 3
5536 2
5537 2
5538 0
5539 2
5540 5
5541 4
5542 5
5543 3
5544 4
5545 4
5546 3
5547 0
5548 4
5549 3
5550 3
5551 3
5552 1
5553 4
5554 6
5555 4
5556 4
5557 4
5558 4
5559 2
5560 2
5561 2
5562 4
5563 5
5564 7
5565 5
5566 7
5567 5
5568 5
5569 4
5570 7
5571 8
5572 7
5573 9
5574 9
5575 12
5576 12
5577 15
5578 12
5579 11
5580 9
5581 10
5582 9
5583 9
5584 10
5585 11
5586 13
5587 13
5588 12
5589 13
5590 12
5591 13
5592 12
5593 12
5594 13
5595 14
5596 13
5597 12
5598 15
5599 12
5600 13
5601 13
5602 14
5603 12
5604 10
5605 9
5606 7
5607 8
5608 8
5609 7
5610 9
5611 10
5612 12
5613 13
5614 14
5615 13
5616 14
5617 13
5618 14
5619 15
5620 12
5621 12
5622 12
5623 10
5624 10
5625 10
5626 8
5627 9
5628 8
5629 8
5630 9
5631 9
5632 11
5633 12
5634 11
5635 9
5636 9
5637 7
5638 6
5639 6
5640 6
5641 5
5642 4
5643 4
5644 4
5645 4
5646 2
5647 1
5648 2
5649 2
5650 4
5651 4
5652 5
5653 3
5654 1
5655 4
5656 5
5657 5
5658 5
5659 5
5660 3
5661 2
5662 4
5663 6
5664 6
5665 4
5666 3
5667 4
5668 4
5669 5
5670 3
5671 4
5672 5
5673 6
5674 5
5675 4
5676 4
5677 3
5678 4
5679 3
5680 1
5681 4
5682 5
5683 5
5684 7
5685 7
5686 9
5687 10
5688 10
5689 11
5690 11
5691 10
5692 10
5693 10
5694 11
5695 11
5696 8
5697 7
5698 6
5699 5
5700 7
5701 6
5702 5
5703 4
5704 3
5705 1
5706 2
5707 3
5708 4
5709 1
5710 1
5711 3
5712 3
5713 1
5714 3
5715 3
5716 8
5717 10
5718 11
5719 11
5720 8
5721 8
5722 7
5723 8
5724 7
5725 7
5726 8
5727 7
5728 7
5729 7
5730 6
5731 7
5732 7
5733 5
5734 5
5735 4
5736 2
5737 4
5738 4
5739 3
5740 1
5741 3
5742 1
5743 2
5744 4
5745 2
5746 3
5747 2
5748 1
5749 3
5750 4
5751 5
5752 4
5753 3
5754 2
5755 1
5756 4
5757 2
5758 6
5759 6
5760 6
5761 3
5762 1
5763 4
5764 2
5765 4
5766 3
5767 4
5768 5
5769 6
5770 8
5771 6
5772 6
5773 5
5774 2
5775 2
5776 1
5777 3
5778 4
5779 3
5780 2
5781 3
5782 2
5783 3
5784 3
5785 1
5786 2
5787 2
5788 6
5789 5
5790 5
5791 4
5792 2
5793 3
5794 2
5795 2
5796 3
5797 4
5798 5
5799 5
5800 3
5801 2
5802 4
5803 2
5804 3
5805 4
5806 4
5807 4
5808 5
5809 3
5810 3
5811 3
5812 2
5813 2
5814 2
5815 3
5816 2
5817 2
5818 4
5819 1
5820 2
5821 3
5822 0
5823 4
5824 5
5825 4
5826 4
5827 4
5828 4
5829 5
5830 4
5831 3
5832 2
5833 1
5834 3
5835 0
5836 1
5837 5
5838 5
5839 5
5840 2
5841 1
5842 2
5843 2
5844 6
5845 3
5846 4
5847 3
5848 4
5849 5
5850 4
5851 3
5852 3
5853 5
5854 5
5855 5
5856 4
5857 3
5858 0
5859 2
5860 3
5861 1
5862 4
5863 4
5864 3
5865 1
5866 1
5867 5
5868 8
5869 5
5870 6
5871 4
5872 3
5873 4
5874 5
5875 3
5876 3
5877 2
5878 3
5879 1
5880 1
5881 2
5882 4
5883 3
5884 0
5885 5
5886 5
5887 3
5888 5
5889 5
5890 3
5891 2
5892 1
5893 2
5894 2
5895 2
5896 2
5897 5
5898 6
5899 5
5900 5
5901 4
5902 3
5903 3
5904 3
5905 2
5906 3
5907 1
5908 1
5909 1
5910 1
5911 1
5912 3
5913 1
5914 3
5915 3
5916 2
5917 2
5918 5
5919 6
5920 7
5921 5
5922 4
5923 6
5924 5
5925 4
5926 4
5927 6
5928 7
5929 9
5930 9
5931 8
5932 10
5933 8
5934 6
5935 6
5936 6
5937 7
5938 5
5939 5
5940 4
5941 4
5942 3
5943 0
5944 3
5945 4
5946 6
5947 5
5948 5
5949 3
5950 4
5951 4
5952 4
5953 5
5954 6
5955 7
5956 7
5957 9
5958 10
5959 11
5960 9
5961 7
5962 6
5963 5
5964 6
5965 5
5966 3
5967 4
5968 3
5969 2
5970 4
5971 5
5972 4
5973 4
5974 5
5975 6
5976 6
5977 5
5978 6
5979 7
5980 7
5981 6
5982 6
5983 7
5984 7
5985 6
5986 6
5987 6
5988 6
5989 6
5990 5
5991 4
5992 3
5993 3
5994 4
5995 5
5996 3
5997 2
5998 2
5999 2
6000 3
6001 2
6002 0
6003 5
6004 6
6005 5
6006 3
6007 1
6008 2
6009 3
6010 4
6011 5
6012 4
6013 4
6014 6
6015 4
6016 3
6017 4
6018 4
6019 5
6020 4
6021 4
6022 3
6023 2
6024 5
6025 5
6026 7
6027 9
6028 11
6029 12
6030 11
6031 12
6032 13
6033 12
6034 11
6035 9
6036 9
6037 12
6038 10
6039 10
6040 8
6041 9
6042 8
6043 7
6044 5
6045 7
6046 7
6047 8
6048 8
6049 6
6050 7
6051 4
6052 5
6053 5
6054 7
6055 7
6056 9
6057 8
6058 7
6059 6
6060 7
6061 8
6062 7
6063 5
6064 5
6065 4
6066 1
6067 3
6068 1
6069 0
6070 0
6071 1
6072 2
6073 2
6074 2
6075 1
6076 4
6077 5
6078 3
6079 2
6080 3
6081 3
6082 1
6083 3
6084 3
6085 3
6086 2
6087 2
6088 4
6089 2
6090 2
6091 3
6092 6
6093 9
6094 9
6095 10
6096 12
6097 12
6098 11
6099 12
6100 12
6101 11
6102 8
6103 9
6104 8
6105 7
6106 8
6107 9
6108 7
6109 7
6110 6
6111 6
6112 6
6113 7
6114 8
6115 8
6116 8
6117 7
6118 9
6119 10
6120 12
6121 11
6122 10
6123 10
6124 9
6125 8
6126 7
6127 8
6128 7
6129 7
6130 6
6131 5
6132 4
6133 4
6134 4
6135 4
6136 2
6137 1
6138 4
6139 3
6140 4
6141 3
6142 0
6143 2
6144 2
6145 2
6146 3
6147 1
6148 2
6149 6
6150 7
6151 10
6152 12
6153 11
6154 9
6155 6
6156 7
6157 8
6158 7
6159 4
6160 4
6161 4
6162 5
6163 8
6164 7
6165 5
6166 4
6167 2
6168 3
6169 3
6170 3
6171 3
6172 1
6173 1
6174 3
6175 3
6176 2
6177 1
6178 2
6179 4
6180 5
6181 4
6182 3
6183 3
6184 2
6185 3
6186 3
6187 4
6188 4
6189 4
6190 6
6191 5
6192 2
6193 2
6194 5
6195 4
6196 5
6197 5
6198 4
6199 2
6200 2
6201 2
6202 3
6203 2
6204 4
6205 4
6206 5
6207 4
6208 2
6209 3
6210 5
6211 4
6212 2
6213 3
6214 5
6215 4
6216 3
6217 1
6218 4
6219 3
6220 4
6221 3
6222 2
6223 1
6224 3
6225 1
6226 1
6227 4
6228 4
6229 4
6230 4
6231 5
6232 4
6233 4
6234 3
6235 3
6236 2
6237 3
6238 6
6239 7
6240 8
6241 7
6242 8
6243 9
6244 11
6245 11
6246 12
6247 11
6248 10
6249 10
6250 8
6251 10
6252 9
6253 11
6254 11
6255 10
6256 7
6257 6
6258 7
6259 6
6260 6
6261 7
6262 7
6263 6
6264 7
6265 7
6266 5
6267 3
6268 1
6269 2
6270 4
6271 3
6272 4
6273 5
6274 6
6275 5
6276 4
6277 7
6278 7
6279 4
6280 3
6281 2
6282 2
6283 1
6284 0
6285 1
6286 2
6287 2
6288 3
6289 1
6290 2
6291 4
6292 3
6293 5
6294 3
6295 3
6296 4
6297 2
6298 2
6299 3
6300 2
6301 4
6302 3
6303 1
6304 4
6305 4
6306 4
6307 5
6308 6
6309 5
6310 5
6311 4
6312 4
6313 5
6314 4
6315 3
6316 3
6317 3
6318 3
6319 2
6320 2
6321 4
6322 4
6323 2
6324 2
6325 4
6326 3
6327 4
6328 5
6329 4
6330 6
6331 5
6332 4
6333 1
6334 1
6335 4
6336 3
6337 2
6338 1
6339 3
6340 2
6341 2
6342 2
6343 4
6344 2
6345 5
6346 3
6347 2
6348 1
6349 5
6350 5
6351 4
6352 3
6353 2
6354 1
6355 2
6356 2
6357 4
6358 3
6359 5
6360 3
6361 3
6362 4
6363 3
6364 4
6365 3
6366 3
6367 2
6368 1
6369 6
6370 8
6371 10
6372 11
6373 13
6374 14
6375 13
6376 15
6377 12
6378 13
6379 11
6380 10
6381 10
6382 9
6383 6
6384 5
6385 4
6386 2
6387 3
6388 1
6389 4
6390 3
6391 1
6392 4
6393 3
6394 2
6395 3
6396 3
6397 5
6398 5
6399 2
6400 2
6401 6
6402 7
6403 6
6404 6
6405 6
6406 9
6407 10
6408 10
6409 8
6410 8
6411 8
6412 9
6413 11
6414 11
6415 11
6416 8
6417 8
6418 7
6419 7
6420 7
6421 7
6422 7
6423 5
6424 5
6425 6
6426 8
6427 6
6428 6
6429 5
6430 5
6431 3
6432 2
6433 1
6434 5
6435 4
6436 4
6437 2
6438 6
6439 6
6440 6
6441 7
6442 6
6443 6
6444 3
6445 3
6446 1
6447 2
6448 4
6449 4
6450 3
6451 3
6452 4
6453 2
6454 2
6455 4
6456 4
6457 3
6458 5
6459 4
6460 3
6461 0
6462 4
6463 5
6464 5
6465 4
6466 3
6467 2
6468 3
6469 3
6470 1
6471 1
6472 4
6473 5
6474 5
6475 6
6476 7
6477 6
6478 5
6479 6
6480 5
6481 5
6482 6
6483 3
6484 3
6485 5
6486 4
6487 4
6488 6
6489 6
6490 6
6491 7
6492 7
6493 6
6494 6
6495 7
6496 7
6497 9
6498 9
6499 8
6500 8
6501 8
6502 7
6503 6
6504 7
6505 9
6506 9
6507 9
6508 10
6509 9
6510 9
6511 9
6512 9
6513 10
6514 10
6515 12
6516 14
6517 15
6518 12
6519 12
6520 10
6521 10
6522 8
6523 7
6524 6
6525 6
6526 7
6527 7
6528 6
6529 7
6530 8
6531 7
6532 7
6533 9
6534 10
6535 9
6536 10
6537 9
6538 11
6539 11
6540 10
6541 10
6542 9
6543 9
6544 7
6545 5
6546 7
6547 8
6548 8
6549 7
6550 6
6551 6
6552 7
6553 6
6554 4
6555 4
6556 4
6557 5
6558 2
6559 1
6560 2
6561 2
6562 2
6563 3
6564 3
6565 0
6566 2
6567 3
6568 1
6569 1
6570 2
6571 6
6572 6
6573 5
6574 6
6575 5
6576 7
6577 7
6578 5
6579 7
6580 8
6581 8
6582 8
6583 7
6584 7
6585 6
6586 7
6587 8
6588 9
6589 7
6590 6
6591 6
6592 4
6593 3
6594 2
6595 2
6596 4
6597 4
6598 5
6599 4
6600 4
6601 8
6602 8
6603 7
6604 7
6605 6
6606 5
6607 4
6608 4
6609 4
6610 6
6611 7
6612 8
6613 7
6614 8
6615 7
6616 7
6617 6
6618 7
6619 7
6620 7
6621 6
6622 6
6623 5
6624 4
6625 7
6626 8
6627 11
6628 12
6629 12
6630 10
6631 8
6632 7
6633 6
6634 6
6635 7
6636 5
6637 5
6638 6
6639 8
6640 8
6641 8
6642 9
6643 8
6644 9
6645 9
6646 10
6647 9
6648 10
6649 10
6650 11
6651 13
6652 13
6653 11
6654 11
6655 10
6656 12
6657 13
6658 13
6659 11
6660 9
6661 8
6662 7
6663 9
6664 8
6665 10
6666 12
6667 11
6668 11
6669 10
6670 8
6671 7
6672 5
6673 5
6674 3
6675 2
6676 2
6677 3
6678 2
6679 1
6680 3
6681 6
6682 6
6683 5
6684 5
6685 4
6686 3
6687 2
6688 3
6689 2
6690 3
6691 0
6692 3
6693 4
6694 2
6695 1
6696 2
6697 3
6698 4
6699 3
6700 2
6701 4
6702 7
6703 6
6704 7
6705 6
6706 6
6707 8
6708 8
6709 11
6710 11
6711 11
6712 10
6713 8
6714 6
6715 7
6716 5
6717 5
6718 4
6719 4
6720 5
6721 5
6722 5
6723 3
6724 2
6725 3
6726 4
6727 3
6728 4
6729 4
6730 3
6731 8
6732 9
6733 9
6734 11
6735 11
6736 11
6737 12
6738 13
6739 14
6740 14
6741 13
6742 14
6743 13
6744 14
6745 13
6746 12
6747 11
6748 10
6749 8
6750 10
6751 11
6752 11
6753 10
6754 9
6755 8
6756 8
6757 7
6758 7
6759 7
6760 8
6761 7
6762 7
6763 8
6764 7
6765 7
6766 6
6767 7
6768 8
6769 6
6770 5
6771 5
6772 6
6773 6
6774 4
6775 3
6776 6
6777 7
6778 8
6779 9
6780 10
6781 9
6782 11
6783 11
6784 13
6785 13
6786 13
6787 12
6788 9
6789 8
6790 9
6791 10
6792 9
6793 8
6794 8
6795 7
6796 6
6797 3
6798 2
6799 2
6800 2
6801 3
6802 3
6803 2
6804 1
6805 4
6806 6
6807 4
6808 5
6809 3
6810 2
6811 3
6812 1
6813 2
6814 4
6815 4
6816 5
6817 6
6818 6
6819 4
6820 1
6821 0
6822 3
6823 4
6824 3
6825 5
6826 2
6827 4
6828 2
6829 3
6830 3
6831 3
6832 2
6833 1
6834 4
6835 4
6836 4
6837 3
6838 2
6839 2
6840 4
6841 2
6842 4
6843 3
6844 1
6845 4
6846 1
6847 4
6848 4
6849 4
6850 4
6851 5
6852 6
6853 7
6854 9
6855 10
6856 10
6857 10
6858 12
6859 12
6860 14
6861 14
6862 16
6863 13
6864 12
6865 9
6866 8
6867 8
6868 7
6869 8
6870 7
6871 7
6872 7
6873 10
6874 9
6875 9
6876 9
6877 9
6878 9
6879 9
6880 10
6881 9
6882 10
6883 9
6884 7
6885 6
6886 8
6887 8
6888 5
6889 3
6890 2
6891 2
6892 1
6893 4
6894 5
6895 3
6896 2
6897 5
6898 4
6899 5
6900 7
6901 9
6902 8
6903 8
6904 9
6905 7
6906 8
6907 8
6908 9
6909 9
6910 8
6911 8
6912 6
6913 6
6914 7
6915 7
6916 8
6917 10
6918 10
6919 12
6920 11
6921 9
6922 9
6923 7
6924 8
6925 7
6926 7
6927 7
6928 6
6929 4
6930 4
6931 4
6932 4
6933 3
6934 1
6935 2
6936 1
6937 3
6938 3
6939 6
6940 5
6941 3
6942 2
6943 3
6944 1
6945 4
6946 5
6947 6
6948 7
6949 6
6950 4
6951 4
6952 2
6953 6
6954 6
6955 6
6956 7
6957 5
6958 3
6959 2
6960 4
6961 5
6962 4
6963 3
6964 4
6965 3
6966 2
6967 1
6968 4
6969 2
6970 2
6971 1
6972 2
6973 5
6974 6
6975 5
6976 5
6977 4
6978 5
6979 6
6980 5
6981 5
6982 6
6983 5
6984 5
6985 7
6986 7
6987 5
6988 5
6989 4
6990 6
6991 5
6992 5
6993 5
6994 7
6995 6
6996 4
6997 5
6998 5
6999 7
7000 7
7001 5
7002 6
7003 4
7004 4
7005 3
7006 1
7007 4
7008 5
7009 3
7010 2
7011 6
7012 5
7013 3
7014 3
7015 3
7016 2
7017 6
7018 7
7019 8
7020 7
7021 7
7022 7
7023 8
7024 8
7025 7
7026 7
7027 7
7028 6
7029 5
7030 4
7031 3
7032 2
7033 2
7034 4
7035 1
7036 3
7037 2
7038 0
7039 5
7040 6
7041 7
7042 4
7043 7
7044 6
7045 9
7046 10
7047 9
7048 10
7049 9
7050 9
7051 9
7052 9
7053 8
7054 10
7055 9
7056 8
7057 6
7058 6
7059 8
7060 9
7061 9
7062 8
7063 6
7064 6
7065 6
7066 9
7067 8
7068 8
7069 10
7070 11
7071 10
7072 10
7073 8
7074 9
7075 8
7076 11
7077 11
7078 10
7079 10
7080 9
7081 10
7082 13
7083 12
7084 13
7085 15
7086 12
7087 11
7088 10
7089 10
7090 10
7091 10
7092 10
7093 8
7094 8
7095 8
7096 8
7097 7
7098 8
7099 7
7100 6
7101 6
7102 5
7103 5
7104 6
7105 5
7106 6
7107 5
7108 7
7109 8
7110 8
7111 8
7112 8
7113 7
7114 8
7115 8
7116 7
7117 6
7118 4
7119 4
7120 3
7121 3
7122 4
7123 4
7124 3
7125 1
7126 1
7127 2
7128 4
7129 6
7130 6
7131 5
7132 4
7133 3
7134 1
7135 2
7136 3
7137 3
7138 4
7139 3
7140 4
7141 3
7142 2
7143 2
7144 2
7145 4
7146 4
7147 3
7148 3
7149 4
7150 3
7151 3
7152 1
7153 3
7154 2
7155 3
7156 2
7157 3
7158 7
7159 6
7160 5
7161 5
7162 5
7163 5
7164 5
7165 3
7166 6
7167 6
7168 6
7169 5
7170 3
7171 2
7172 3
7173 4
7174 3
7175 3
7176 0
7177 4
7178 3
7179 1
7180 3
7181 1
7182 2
7183 6
7184 5
7185 5
7186 6
7187 8
7188 6
7189 5
7190 4
7191 2
7192 2
7193 4
7194 4
7195 4
7196 2
7197 4
7198 2
7199 4
7200 6
7201 6
7202 4
7203 6
7204 4
7205 5
7206 5
7207 2
7208 1
7209 3
7210 2
7211 3
7212 2
7213 3
7214 1
7215 1
7216 2
7217 2
7218 3
7219 0
7220 2
7221 5
7222 7
7223 6
7224 4
7225 6
7226 5
7227 5
7228 6
7229 9
7230 8
7231 7
7232 6
7233 5
7234 5
7235 3
7236 4
7237 4
7238 2
7239 5
7240 3
7241 3
7242 1
7243 2
7244 1
7245 5
7246 2
7247 2
7248 4
7249 4
7250 3
7251 2
7252 2
7253 2
7254 2
7255 4
7256 2
7257 2
7258 3
7259 6
7260 3
7261 2
7262 2
7263 1
7264 1
7265 3
7266 3
7267 1
7268 4
7269 4
7270 4
7271 2
7272 3
7273 4
7274 6
7275 5
7276 4
7277 5
7278 4
7279 3
7280 3
7281 4
7282 5
7283 5
7284 6
7285 7
7286 8
7287 8
7288 10
7289 11
7290 10
7291 10
7292 9
7293 8
7294 6
7295 5
7296 5
7297 3
7298 4
7299 2
7300 3
7301 4
7302 3
7303 2
7304 3
7305 6
7306 6
7307 6
7308 4
7309 3
7310 5
7311 5
7312 4
7313 4
7314 3
7315 2
7316 4
7317 4
7318 3
7319 2
7320 0
7321 3
7322 3
7323 3
7324 2
7325 3
7326 1
7327 2
7328 5
7329 7
7330 7
7331 9
7332 9
7333 8
7334 11
7335 10
7336 10
7337 9
7338 11
7339 10
7340 9
7341 7
7342 6
7343 7
7344 8
7345 7
7346 7
7347 7
7348 6
7349 8
7350 8
7351 9
7352 10
7353 9
7354 10
7355 9
7356 9
7357 8
7358 7
7359 7
7360 7
7361 7
7362 5
7363 7
7364 6
7365 4
7366 6
7367 8
7368 7
7369 5
7370 5
7371 7
7372 6
7373 6
7374 8
7375 9
7376 7
7377 6
7378 4
7379 4
7380 4
7381 4
7382 3
7383 2
7384 3
7385 1
7386 3
7387 5
7388 6
7389 6
7390 5
7391 5
7392 5
7393 4
7394 4
7395 2
7396 3
7397 2
7398 3
7399 4
7400 4
7401 4
7402 4
7403 3
7404 3
7405 5
7406 4
7407 5
7408 3
7409 2
7410 2
7411 2
7412 1
7413 1
7414 4
7415 3
7416 3
7417 2
7418 2
7419 1
7420 2
7421 4
7422 5
7423 7
7424 7
7425 8
7426 8
7427 8
7428 10
7429 11
7430 9
7431 7
7432 6
7433 6
7434 7
7435 8
7436 8
7437 8
7438 10
7439 9
7440 9
7441 9
7442 10
7443 13
7444 14
7445 14
7446 12
7447 14
7448 13
7449 13
7450 13
7451 14
7452 16
7453 13
7454 14
7455 11
7456 10
7457 11
7458 10
7459 11
7460 13
7461 13
7462 13
7463 13
7464 13
7465 10
7466 7
7467 5
7468 7
7469 8
7470 6
7471 5
7472 4
7473 1
7474 3
7475 4
7476 5
7477 3
7478 3
7479 4
7480 5
7481 5
7482 6
7483 7
7484 6
7485 7
7486 5
7487 7
7488 5
7489 7
7490 6
7491 5
7492 4
7493 3
7494 3
7495 4
7496 3
7497 1
7498 2
7499 4
7500 4
7501 2
7502 1
7503 2
7504 4
7505 5
7506 5
7507 5
7508 4
7509 3
7510 3
7511 2
7512 3
7513 4
7514 3
7515 3
7516 4
7517 2
7518 1
7519 2
7520 4
7521 4
7522 5
7523 4
7524 4
7525 3
7526 0
7527 1
7528 4
7529 2
7530 5
7531 4
7532 7
7533 6
7534 5
7535 7
7536 4
7537 5
7538 7
7539 5
7540 5
7541 4
7542 1
7543 1
7544 2
7545 5
7546 5
7547 5
7548 4
7549 3
7550 1
7551 5
7552 4
7553 4
7554 4
7555 5
7556 5
7557 5
7558 5
7559 4
7560 3
7561 3
7562 3
7563 2
7564 4
7565 6
7566 7
7567 7
7568 7
7569 5
7570 3
7571 1
7572 5
7573 5
7574 5
7575 3
7576 1
7577 1
7578 2
7579 5
7580 5
7581 6
7582 3
7583 2
7584 3
7585 3
7586 3
7587 6
7588 6
7589 6
7590 4
7591 2
7592 2
7593 3
7594 2
7595 2
7596 2
7597 2
7598 2
7599 1
7600 1
7601 1
7602 2
7603 1
7604 1
7605 2
7606 1
7607 3
7608 2
7609 2
7610 3
7611 4
7612 5
7613 6
7614 6
7615 8
7616 7
7617 8
7618 8
7619 8
7620 7
7621 6
7622 5
7623 5
7624 3
7625 4
7626 3
7627 4
7628 5
7629 4
7630 4
7631 5
7632 6
7633 5
7634 5
7635 5
7636 7
7637 8
7638 9
7639 7
7640 6
7641 7
7642 4
7643 6
7644 6
7645 8
7646 8
7647 7
7648 7
7649 7
7650 7
7651 6
7652 4
7653 3
7654 3
7655 3
7656 3
7657 2
7658 4
7659 5
7660 5
7661 5
7662 4
7663 3
7664 4
7665 4
7666 2
7667 2
7668 2
7669 3
7670 2
7671 3
7672 2
7673 5
7674 7
7675 7
7676 5
7677 5
7678 3
7679 4
7680 5
7681 3
7682 5
7683 6
7684 5
7685 2
7686 2
7687 5
7688 5
7689 6
7690 4
7691 2
7692 3
7693 3
7694 2
7695 5
7696 3
7697 2
7698 3
7699 5
7700 4
7701 3
7702 1
7703 2
7704 3
7705 3
7706 2
7707 2
7708 3
7709 2
7710 5
7711 4
7712 5
7713 7
7714 6
7715 7
7716 7
7717 6
7718 5
7719 6
7720 5
7721 8
7722 6
7723 5
7724 5
7725 5
7726 6
7727 6
7728 5
7729 4
7730 3
7731 3
7732 2
7733 5
7734 5
7735 3
7736 3
7737 3
7738 2
7739 3
7740 3
7741 3
7742 2
7743 4
7744 3
7745 3
7746 3
7747 1
7748 1
7749 4
7750 3
7751 4
7752 3
7753 6
7754 4
7755 4
7756 5
7757 6
7758 9
7759 10
7760 11
7761 11
7762 14
7763 15
7764 12
7765 12
7766 14
7767 14
7768 12
7769 11
7770 12
7771 11
7772 9
7773 8
7774 5
7775 3
7776 3
7777 2
7778 3
7779 3
7780 4
7781 4
7782 3
7783 2
7784 2
7785 5
7786 3
7787 2
7788 4
7789 3
7790 3
7791 3
7792 5
7793 4
7794 2
7795 1
7796 4
7797 3
7798 4
7799 5
7800 2
7801 3
7802 3
7803 1
7804 2
7805 4
7806 5
7807 5
7808 5
7809 4
7810 6
7811 5
7812 7
7813 6
7814 5
7815 3
7816 1
7817 0
7818 3
7819 4
7820 2
7821 2
7822 4
7823 4
7824 3
7825 2
7826 4
7827 4
7828 3
7829 2
7830 5
7831 4
7832 4
7833 4
7834 4
7835 5
7836 8
7837 7
7838 8
7839 7
7840 7
7841 5
7842 5
7843 3
7844 4
7845 2
7846 4
7847 4
7848 3
7849 2
7850 1
7851 1
7852 5
7853 2
7854 2
7855 4
7856 5
7857 5
7858 4
7859 6
7860 6
7861 4
7862 5
7863 5
7864 5
7865 6
7866 9
7867 8
7868 9
7869 9
7870 8
7871 8
7872 8
7873 8
7874 8
7875 6
7876 7
7877 4
7878 4
7879 4
7880 4
7881 3
7882 3
7883 1
7884 3
7885 4
7886 3
7887 4
7888 3
7889 2
7890 3
7891 3
7892 4
7893 3
7894 2
7895 5
7896 7
7897 6
7898 7
7899 6
7900 6
7901 5
7902 5
7903 5
7904 6
7905 6
7906 3
7907 2
7908 2
7909 3
7910 4
7911 5
7912 4
7913 2
7914 0
7915 2
7916 3
7917 1
7918 1
7919 3
7920 3
7921 4
7922 4
7923 3
7924 4
7925 5
7926 5
7927 3
7928 1
7929 5
7930 5
7931 4
7932 5
7933 5
7934 5
7935 3
7936 2
7937 2
7938 3
7939 1
7940 4
7941 5
7942 3
7943 2
7944 3
7945 2
7946 4
7947 5
7948 4
7949 5
7950 6
7951 8
7952 9
7953 8
7954 6
7955 7
7956 6
7957 4
7958 4
7959 2
7960 3
7961 3
7962 3
7963 3
7964 4
7965 6
7966 6
7967 5
7968 5
7969 6
7970 6
7971 7
7972 8
7973 6
7974 4
7975 4
7976 6
7977 5
7978 8
7979 8
7980 8
7981 8
7982 7
7983 8
7984 7
7985 5
7986 4
7987 4
7988 5
7989 5
7990 6
7991 9
7992 7
7993 9
7994 9
7995 11
7996 12
7997 14
7998 13
7999 13
8000 12
8001 12
8002 9
8003 6
8004 3
8005 2
8006 6
8007 5
8008 3
8009 4
8010 3
8011 2
8012 3
8013 3
8014 1
8015 1
8016 3
8017 1
8018 0
8019 4
8020 3
8021 3
8022 2
8023 3
8024 2
8025 1
8026 5
8027 5
8028 6
8029 9
8030 9
8031 8
8032 7
8033 5
8034 6
8035 3
8036 1
8037 2
8038 0
8039 4
8040 3
8041 1
8042 3
8043 3
8044 4
8045 5
8046 3
8047 1
8048 1
8049 3
8050 2
8051 3
8052 3
8053 4
8054 4
8055 5
8056 4
8057 5
8058 3
8059 2
8060 4
8061 4
8062 3
8063 2
8064 2
8065 2
8066 5
8067 4
8068 2
8069 2
8070 2
8071 5
8072 7
8073 8
8074 6
8075 6
8076 5
8077 5
8078 3
8079 2
8080 3
8081 2
8082 1
8083 0
8084 3
8085 0
8086 2
8087 2
8088 4
8089 3
8090 1
8091 4
8092 5
8093 4
8094 5
8095 8
8096 6
8097 6
8098 4
8099 4
8100 2
8101 3
8102 4
8103 3
8104 2
8105 2
8106 2
8107 5
8108 4
8109 2
8110 3
8111 4
8112 2
8113 3
8114 2
8115 3
8116 2
8117 2
8118 3
8119 2
8120 2
8121 3
8122 1
8123 2
8124 3
8125 2
8126 3
8127 3
8128 5
8129 5
8130 3
8131 4
8132 4
8133 4
8134 5
8135 2
8136 2
8137 1
8138 3
8139 2
8140 5
8141 5
8142 6
8143 6
8144 4
8145 4
8146 4
8147 4
8148 3
8149 3
8150 3
8151 2
8152 3
8153 2
8154 1
8155 2
8156 2
8157 2
8158 3
8159 2
8160 2
8161 2
8162 0
8163 3
8164 2
8165 2
8166 2
8167 5
8168 6
8169 5
8170 3
8171 3
8172 2
8173 1
8174 2
8175 3
8176 1
8177 2
8178 3
8179 3
8180 2
8181 3
8182 3
8183 2
8184 1
8185 4
8186 4
8187 5
8188 6
8189 8
8190 9
8191 7
8192 7
8193 8
8194 7
8195 6
8196 6
8197 5
8198 5
8199 5
8200 5
8201 4
8202 6
8203 4
8204 3
8205 3
8206 0
8207 3
8208 3
8209 2
8210 2
8211 3
8212 3
8213 4
8214 2
8215 2
8216 4
8217 2
8218 1
8219 3
8220 1
8221 3
8222 2
8223 1
8224 2
8225 3
8226 0
8227 3
8228 4
8229 5
8230 4
8231 3
8232 2
8233 1
8234 1
8235 1
8236 0
8237 5
8238 6
8239 5
8240 2
8241 2
8242 5
8243 2
8244 2
8245 1
8246 3
8247 2
8248 1
8249 1
8250 1
8251 3
8252 1
8253 5
8254 4
8255 2
8256 3
8257 2
8258 1
8259 3
8260 2
8261 4
8262 2
8263 3
8264 2
8265 1
8266 2
8267 3
8268 1
8269 2
8270 4
8271 6
8272 4
8273 3
8274 3
8275 4
8276 4
8277 3
8278 3
8279 2
8280 6
8281 7
8282 7
8283 6
8284 6
8285 6
8286 7
8287 6
8288 7
8289 5
8290 3
8291 5
8292 4
8293 2
8294 2
8295 6
8296 6
8297 4
8298 1
8299 2
8300 3
8301 3
8302 2
8303 2
8304 4
8305 3
8306 2
8307 0
8308 4
8309 5
8310 5
8311 4
8312 3
8313 3
8314 3
8315 2
8316 3
8317 2
8318 3
8319 3
8320 2
8321 4
8322 6
8323 5
8324 7
8325 7
8326 9
8327 9
8328 6
8329 5
8330 5
8331 4
8332 3
8333 4
8334 4
8335 3
8336 5
8337 6
8338 5
8339 5
8340 7
8341 8
8342 8
8343 8
8344 6
8345 6
8346 4
8347 5
8348 5
8349 4
8350 4
8351 4
8352 4
8353 6
8354 5
8355 6
8356 4
8357 7
8358 7
8359 8
8360 7
8361 7
8362 7
8363 7
8364 7
8365 8
8366 11
8367 10
8368 9
8369 10
8370 11
8371 9
8372 9
8373 12
8374 10
8375 10
8376 10
8377 12
8378 12
8379 10
8380 7
8381 5
8382 5
8383 6
8384 7
8385 5
8386 6
8387 9
8388 9
8389 8
8390 12
8391 13
8392 11
8393 11
8394 11
8395 12
8396 10
8397 11
8398 12
8399 11
8400 12
8401 11
8402 9
8403 9
8404 11
8405 10
8406 10
8407 11
8408 12
8409 13
8410 11
8411 11
8412 11
8413 10
8414 12
8415 14
8416 16
8417 13
8418 14
8419 13
8420 14
8421 15
8422 12
8423 12
8424 14
8425 14
8426 14
8427 11
8428 11
8429 13
8430 11
8431 10
8432 11
8433 11
8434 11
8435 10
8436 9
8437 10
8438 10
8439 10
8440 10
8441 11
8442 11
8443 11
8444 12
8445 13
8446 13
8447 12
8448 14
8449 14
8450 14
8451 16
8452 13
8453 12
8454 11
8455 10
8456 9
8457 9
8458 8
8459 9
8460 10
8461 9
8462 8
8463 7
8464 7
8465 5
8466 5
8467 5
8468 3
8469 2
8470 2
8471 4
8472 3
8473 2
8474 5
8475 6
8476 7
8477 8
8478 6
8479 5
8480 4
8481 4
8482 2
8483 1
8484 2
8485 5
8486 4
8487 3
8488 3
8489 5
8490 3
8491 4
8492 2
8493 3
8494 1
8495 2
8496 3
8497 4
8498 2
8499 4
8500 4
8501 6
8502 4
8503 5
8504 5
8505 6
8506 7
8507 6
8508 6
8509 5
8510 3
8511 4
8512 3
8513 2
8514 2
8515 2
8516 1
8517 5
8518 6
8519 7
8520 7
8521 9
8522 8
8523 6
8524 4
8525 3
8526 1
8527 2
8528 1
8529 4
8530 3
8531 2
8532 3
8533 1
8534 0
8535 1
8536 6
8537 5
8538 3
8539 1
8540 3
8541 2
8542 3
8543 6
8544 4
8545 3
8546 1
8547 2
8548 4
8549 4
8550 5
8551 7
8552 6
8553 5
8554 6
8555 6
8556 7
8557 7
8558 9
8559 9
8560 9
8561 8
8562 8
8563 9
8564 9
8565 9
8566 10
8567 11
8568 10
8569 11
8570 11
8571 10
8572 8
8573 9
8574 8
8575 8
8576 10
8577 10
8578 9
8579 8
8580 9
8581 11
8582 10
8583 11
8584 8
8585 6
8586 6
8587 5
8588 2
8589 2
8590 2
8591 6
8592 4
8593 3
8594 2
8595 2
8596 1
8597 4
8598 4
8599 3
8600 4
8601 2
8602 4
8603 2
8604 3
8605 2
8606 4
8607 6
8608 7
8609 6
8610 7
8611 8
8612 8
8613 8
8614 7
8615 5
8616 2
8617 2
8618 2
8619 2
8620 5
8621 4
8622 4
8623 4
8624 4
8625 4
8626 1
8627 2
8628 2
8629 2
8630 1
8631 3
8632 1
8633 3
8634 1
8635 2
8636 2
8637 3
8638 4
8639 4
8640 2
8641 4
8642 5
8643 4
8644 8
8645 10
8646 11
8647 11
8648 11
8649 13
8650 14
8651 13
8652 12
8653 12
8654 11
8655 13
8656 10
8657 9
8658 7
8659 6
8660 6
8661 4
8662 3
8663 0
8664 2
8665 1
8666 2
8667 2
8668 1
8669 3
8670 1
8671 4
8672 4
8673 5
8674 7
8675 8
8676 9
8677 10
8678 9
8679 10
8680 13
8681 13
8682 11
8683 9
8684 9
8685 9
8686 10
8687 11
8688 11
8689 11
8690 12
8691 14
8692 13
8693 14
8694 13
8695 11
8696 11
8697 8
8698 6
8699 6
8700 8
8701 7
8702 6
8703 5
8704 5
8705 4
8706 5
8707 3
8708 4
8709 2
8710 1
8711 3
8712 3
8713 3
8714 4
8715 4
8716 5
8717 4
8718 5
8719 6
8720 7
8721 6
8722 5
8723 6
8724 6
8725 6
8726 5
8727 4
8728 3
8729 4
8730 3
8731 2
8732 2
8733 2
8734 2
8735 2
8736 1
8737 5
8738 4
8739 4
8740 4
8741 4
8742 4
8743 5
8744 6
8745 5
8746 4
8747 4
8748 3
8749 2
8750 1
8751 3
8752 1
8753 2
8754 5
8755 3
8756 5
8757 3
8758 0
8759 5
8760 5
8761 4
8762 6
8763 6
8764 7
8765 9
8766 9
8767 9
8768 9
8769 6
8770 5
8771 7
8772 8
8773 7
8774 6
8775 7
8776 10
8777 9
8778 11
8779 10
8780 10
8781 9
8782 9
8783 9
8784 9
8785 8
8786 8
8787 9
8788 10
8789 11
8790 12
8791 10
8792 9
8793 8
8794 8
8795 7
8796 8
8797 9
8798 9
8799 8
8800 8
8801 9
8802 9
8803 8
8804 8
8805 9
8806 6
8807 8
8808 8
8809 9
8810 8
8811 8
8812 7
8813 4
8814 2
8815 3
8816 2
8817 1
8818 5
8819 5
8820 5
8821 5
8822 6
8823 5
8824 5
8825 5
8826 3
8827 2
8828 2
8829 2
8830 2
8831 2
8832 3
8833 1
8834 5
8835 6
8836 8
8837 10
8838 8
8839 8
8840 9
8841 10
8842 8
8843 11
8844 12
8845 10
8846 11
8847 11
8848 11
8849 12
8850 12
8851 12
8852 13
8853 15
8854 12
8855 13
8856 12
8857 10
8858 11
8859 12
8860 13
8861 16
8862 13
8863 15
8864 12
8865 12
8866 13
8867 15
8868 12
8869 12
8870 13
8871 12
8872 10
8873 9
8874 9
8875 10
8876 10
8877 12
8878 11
8879 11
8880 11
8881 10
8882 12
8883 11
8884 11
8885 9
8886 10
8887 8
8888 10
8889 11
8890 13
8891 13
8892 12
8893 15
8894 12
8895 13
8896 12
8897 12
8898 12
8899 13
8900 13
8901 13
8902 13
8903 12
8904 11
8905 12
8906 11
8907 12
8908 11
8909 13
8910 13
8911 10
8912 8
8913 8
8914 10
8915 10
8916 9
8917 9
8918 10
8919 8
8920 9
8921 10
8922 11
8923 12
8924 11
8925 13
8926 11
8927 11
8928 11
8929 10
8930 11
8931 10
8932 10
8933 10
8934 10
8935 10
8936 10
8937 10
8938 11
8939 11
8940 11
8941 10
8942 9
8943 9
8944 8
8945 7
8946 8
8947 6
8948 4
8949 3
8950 2
8951 3
8952 3
8953 2
8954 5
8955 4
8956 4
8957 3
8958 1
8959 2
8960 4
8961 3
8962 3
8963 4
8964 5
8965 4
8966 4
8967 3
8968 4
8969 3
8970 2
8971 3
8972 2
8973 5
8974 4
8975 2
8976 2
8977 1
8978 4
8979 3
8980 0
8981 5
8982 5
8983 3
8984 1
8985 1
8986 3
8987 3
8988 2
8989 2
8990 4
8991 6
8992 8
8993 6
8994 6
8995 8
8996 8
8997 6
8998 8
8999 5
9000 2
9001 2
9002 2
9003 4
9004 5
9005 4
9006 4
9007 2
9008 2
9009 4
9010 6
9011 7
9012 6
9013 4
9014 5
9015 2
9016 3
9017 4
9018 3
9019 2
9020 2
9021 4
9022 5
9023 7
9024 6
9025 6
9026 6
9027 5
9028 5
9029 6
9030 6
9031 9
9032 8
9033 8
9034 7
9035 7
9036 8
9037 9
9038 10
9039 12
9040 14
9041 16
9042 13
9043 12
9044 10
9045 11
9046 12
9047 12
9048 9
9049 11
9050 11
9051 9
9052 9
9053 7
9054 7
9055 5
9056 5
9057 4
9058 3
9059 2
9060 3
9061 3
9062 2
9063 2
9064 3
9065 4
9066 3
9067 1
9068 2
9069 1
9070 2
9071 1
9072 4
9073 5
9074 6
9075 6
9076 6
9077 4
9078 3
9079 4
9080 4
9081 2
9082 2
9083 2
9084 2
9085 2
9086 1
9087 4
9088 4
9089 3
9090 4
9091 2
9092 3
9093 2
9094 2
9095 1
9096 3
9097 4
9098 6
9099 7
9100 7
9101 7
9102 7
9103 8
9104 8
9105 8
9106 7
9107 5
9108 3
9109 5
9110 5
9111 6
9112 6
9113 5
9114 5
9115 6
9116 6
9117 5
9118 3
9119 3
9120 3
9121 3
9122 5
9123 6
9124 6
9125 7
9126 7
9127 10
9128 8
9129 7
9130 9
9131 10
9132 8
9133 8
9134 8
9135 7
9136 8
9137 5
9138 2
9139 2
9140 1
9141 4
9142 4
9143 6
9144 8
9145 9
9146 10
9147 9
9148 8
9149 6
9150 8
9151 5
9152 5
9153 5
9154 6
9155 5
9156 5
9157 3
9158 1
9159 2
9160 7
9161 6
9162 6
9163 4
9164 3
9165 1
9166 5
9167 4
9168 1
9169 6
9170 6
9171 7
9172 7
9173 7
9174 7
9175 6
9176 5
9177 3
9178 3
9179 2
9180 1
9181 5
9182 4
9183 4
9184 2
9185 2
9186 3
9187 2
9188 1
9189 2
9190 5
9191 4
9192 2
9193 3
9194 2
9195 2
9196 3
9197 2
9198 3
9199 3
9200 3
9201 2
9202 3
9203 3
9204 2
9205 3
9206 4
9207 5
9208 2
9209 1
9210 2
9211 3
9212 4
9213 4
9214 3
9215 2
9216 3
9217 3
9218 1
9219 4
9220 1
9221 2
9222 2
9223 4
9224 5
9225 3
9226 3
9227 2
9228 2
9229 5
9230 3
9231 5
9232 6
9233 6
9234 7
9235 7
9236 8
9237 6
9238 5
9239 6
9240 7
9241 7
9242 5
9243 6
9244 6
9245 6
9246 3
9247 2
9248 3
9249 4
9250 2
9251 2
9252 3
9253 4
9254 4
9255 2
9256 2
9257 2
9258 2
9259 2
9260 2
9261 2
9262 3
9263 1
9264 3
9265 2
9266 3
9267 0
9268 4
9269 5
9270 8
9271 8
9272 7
9273 7
9274 7
9275 5
9276 5
9277 5
9278 5
9279 4
9280 3
9281 2
9282 4
9283 2
9284 3
9285 2
9286 3
9287 5
9288 6
9289 7
9290 7
9291 6
9292 6
9293 6
9294 7
9295 8
9296 10
9297 11
9298 10
9299 10
9300 8
9301 7
9302 8
9303 8
9304 5
9305 6
9306 6
9307 6
9308 5
9309 4
9310 3
9311 2
9312 5
9313 6
9314 7
9315 8
9316 8
9317 8
9318 8
9319 8
9320 7
9321 7
9322 6
9323 5
9324 5
9325 4
9326 6
9327 7
9328 8
9329 9
9330 8
9331 8
9332 7
9333 5
9334 3
9335 2
9336 2
9337 4
9338 5
9339 5
9340 5
9341 2
9342 1
9343 3
9344 1
9345 4
9346 5
9347 8
9348 9
9349 8
9350 7
9351 7
9352 9
9353 10
9354 8
9355 11
9356 12
9357 11
9358 12
9359 10
9360 10
9361 8
9362 6
9363 6
9364 5
9365 4
9366 4
9367 5
9368 4
9369 3
9370 3
9371 2
9372 1
9373 5
9374 5
9375 3
9376 2
9377 4
9378 4
9379 3
9380 1
9381 1
9382 3
9383 3
9384 4
9385 3
9386 3
9387 1
9388 4
9389 3
9390 3
9391 3
9392 2
9393 3
9394 4
9395 3
9396 2
9397 3
9398 6
9399 6
9400 7
9401 4
9402 3
9403 3
9404 2
9405 1
9406 4
9407 3
9408 6
9409 7
9410 10
9411 9
9412 9
9413 13
9414 12
9415 12
9416 10
9417 12
9418 10
9419 9
9420 6
9421 7
9422 8
9423 6
9424 6
9425 4
9426 3
9427 3
9428 3
9429 4
9430 2
9431 1
9432 3
9433 1
9434 3
9435 3
9436 2
9437 2
9438 2
9439 4
9440 5
9441 4
9442 9
9443 9
9444 9
9445 8
9446 8
9447 8
9448 7
9449 6
9450 6
9451 10
9452 9
9453 10
9454 10
9455 11
9456 12
9457 10
9458 10
9459 8
9460 5
9461 3
9462 3
9463 2
9464 4
9465 4
9466 3
9467 4
9468 4
9469 2
9470 4
9471 4
9472 4
9473 4
9474 3
9475 6
9476 4
9477 4
9478 5
9479 7
9480 6
9481 5
9482 5
9483 4
9484 3
9485 2
9486 4
9487 2
9488 4
9489 5
9490 5
9491 7
9492 8
9493 8
9494 8
9495 8
9496 6
9497 5
9498 3
9499 4
9500 3
9501 3
9502 2
9503 3
9504 0
9505 3
9506 2
9507 0
9508 2
9509 2
9510 0
9511 3
9512 3
9513 2
9514 3
9515 4
9516 2
9517 3
9518 3
9519 3
9520 5
9521 4
9522 3
9523 5
9524 6
9525 5
9526 5
9527 3
9528 1
9529 2
9530 2
9531 2
9532 5
9533 3
9534 4
9535 2
9536 2
9537 4
9538 6
9539 5
9540 5
9541 4
9542 4
9543 2
9544 3
9545 3
9546 3
9547 2
9548 3
9549 3
9550 3
9551 3
9552 2
9553 2
9554 4
9555 4
9556 5
9557 4
9558 4
9559 5
9560 6
9561 5
9562 4
9563 5
9564 6
9565 6
9566 6
9567 5
9568 4
9569 4
9570 3
9571 3
9572 4
9573 3
9574 1
9575 3
9576 4
9577 4
9578 3
9579 3
9580 3
9581 2
9582 3
9583 3
9584 4
9585 1
9586 3
9587 3
9588 4
9589 5
9590 5
9591 5
9592 7
9593 6
9594 6
9595 4
9596 3
9597 3
9598 0
9599 2
9600 3
9601 1
9602 0
9603 3
9604 3
9605 3
9606 4
9607 6
9608 6
9609 7
9610 8
9611 8
9612 7
9613 5
9614 5
9615 7
9616 8
9617 8
9618 7
9619 6
9620 6
9621 6
9622 8
9623 8
9624 9
9625 8
9626 8
9627 8
9628 8
9629 8
9630 9
9631 7
9632 8
9633 8
9634 9
9635 8
9636 8
9637 8
9638 7
9639 9
9640 8
9641 6
9642 6
9643 6
9644 8
9645 10
9646 10
9647 10
9648 9
9649 8
9650 9
9651 9
9652 6
9653 3
9654 1
9655 5
9656 7
9657 5
9658 3
9659 2
9660 3
9661 2
9662 3
9663 2
9664 1
9665 2
9666 4
9667 2
9668 4
9669 4
9670 6
9671 6
9672 6
9673 6
9674 5
9675 4
9676 4
9677 2
9678 3
9679 2
9680 1
9681 3
9682 2
9683 3
9684 2
9685 4
9686 7
9687 8
9688 7
9689 5
9690 2
9691 2
9692 4
9693 4
9694 6
9695 6
9696 6
9697 4
9698 4
9699 4
9700 2
9701 4
9702 6
9703 5
9704 7
9705 8
9706 8
9707 7
9708 6
9709 6
9710 7
9711 8
9712 8
9713 6
9714 6
9715 6
9716 5
9717 5
9718 4
9719 2
9720 4
9721 4
9722 4
9723 6
9724 6
9725 5
9726 4
9727 5
9728 9
9729 10
9730 9
9731 10
9732 9
9733 8
9734 6
9735 9
9736 11
9737 12
9738 14
9739 13
9740 11
9741 10
9742 8
9743 8
9744 8
9745 9
9746 7
9747 9
9748 12
9749 13
9750 13
9751 12
9752 13
9753 14
9754 13
9755 13
9756 13
9757 14
9758 16
9759 13
9760 14
9761 16
9762 13
9763 14
9764 15
9765 12
9766 14
9767 13
9768 12
9769 11
9770 10
9771 9
9772 9
9773 7
9774 6
9775 6
9776 6
9777 5
9778 3
9779 4
9780 5
9781 7
9782 7
9783 5
9784 4
9785 3
9786 1
9787 1
9788 2
9789 1
9790 3
9791 4
9792 1
9793 3
9794 2
9795 2
9796 4
9797 2
9798 1
9799 3
9800 2
9801 3
9802 3
9803 4
9804 4
9805 5
9806 6
9807 6
9808 3
9809 1
9810 3
9811 1
9812 1
9813 4
9814 4
9815 2
9816 1
9817 3
9818 3
9819 2
9820 1
9821 2
9822 5
9823 5
9824 3
9825 5
9826 7
9827 6
9828 8
9829 10
9830 7
9831 5
9832 4
9833 4
9834 3
9835 3
9836 3
9837 2
9838 3
9839 4
9840 4
9841 4
9842 4
9843 3
9844 1
9845 1
9846 3
9847 2
9848 3
9849 1
9850 1
9851 3
9852 2
9853 3
9854 5
9855 4
9856 4
9857 7
9858 10
9859 8
9860 8
9861 5
9862 6
9863 4
9864 4
9865 4
9866 2
9867 1
9868 2
9869 3
9870 1
9871 1
9872 2
9873 3
9874 1
9875 0
9876 1
9877 1
9878 3
9879 4
9880 6
9881 3
9882 3
9883 5
9884 4
9885 3
9886 2
9887 0
9888 4
9889 5
9890 4
9891 3
9892 2
9893 1
9894 2
9895 3
9896 3
9897 3
9898 4
9899 4
9900 6
9901 6
9902 5
9903 4
9904 3
9905 3
9906 2
9907 3
9908 6
9909 7
9910 7
9911 8
9912 9
9913 8
9914 8
9915 7
9916 8
9917 6
9918 5
9919 6
9920 8
9921 8
9922 6
9923 7
9924 6
9925 8
9926 10
9927 9
9928 7
9929 9
9930 6
9931 10
9932 8
9933 8
9934 7
9935 6
9936 7
9937 6
9938 7
9939 9
9940 10
9941 10
9942 9
9943 7
9944 6
9945 5
9946 3
9947 4
9948 2
9949 2
9950 2
9951 2
9952 2
9953 4
9954 4
9955 4
9956 4
9957 2
9958 1
9959 2
9960 3
9961 0
9962 1
9963 2
9964 3
9965 2
9966 5
9967 4
9968 3
9969 1
9970 3
9971 3
9972 3
9973 1
9974 4
9975 6
9976 8
9977 8
9978 7
9979 5
9980 4
9981 4
9982 4
9983 1
9984 2
9985 2
9986 2
9987 3
9988 1
9989 3
9990 6
9991 4
9992 2
9993 1
9994 3
9995 2
9996 3
9997 2
9998 3
9999 2
