0 3
1 3
2 3
3 1
4 4
5 3
6 2
7 1
8 2
9 4
10 5
11 5
12 4
13 1
14 2
15 3
16 2
17 3
18 4
19 5
20 3
21 2
22 3
23 3
24 4
25 4
26 1
27 4
28 3
29 6
30 4
31 3
32 2
33 2
34 3
35 3
36 1
37 4
38 3
39 1
40 2
41 1
42 0
43 3
44 1
45 4
46 2
47 3
48 2
49 3
50 2
51 3
52 3
53 0
54 3
55 1
56 4
57 3
58 1
59 2
60 4
61 4
62 3
63 3
64 3
65 3
66 3
67 1
68 4
69 2
70 4
71 4
72 4
73 5
74 4
75 4
76 3
77 4
78 3
79 3
80 2
81 3
82 3
83 6
84 7
85 6
86 3
87 2
88 3
89 3
90 2
91 2
92 5
93 2
94 3
95 3
96 3
97 2
98 3
99 0
100 1
101 3
102 3
103 1
104 4
105 3
106 4
107 3
108 2
109 2
110 2
111 3
112 3
113 3
114 3
115 3
116 0
117 3
118 3
119 1
120 0
121 1
122 1
123 2
124 2
125 1
126 6
127 5
128 6
129 5
130 5
131 4
132 4
133 1
134 1
135 4
136 3
137 2
138 3
139 1
140 2
141 2
142 0
143 2
144 0
145 6
146 7
147 7
148 7
149 8
150 9
151 8
152 8
153 8
154 5
155 4
156 5
157 7
158 4
159 4
160 4
161 1
162 2
163 6
164 6
165 5
166 5
167 3
168 2
169 3
170 4
171 4
172 5
173 5
174 6
175 3
176 5
177 5
178 4
179 4
180 6
181 6
182 5
183 3
184 2
185 3
186 3
187 3
188 2
189 4
190 3
191 1
192 4
193 7
194 6
195 7
196 7
197 5
198 8
199 7
200 7
201 6
202 8
203 8
204 8
205 7
206 9
207 7
208 7
209 6
210 5
211 3
212 4
213 2
214 2
215 1
216 1
217 3
218 0
219 2
220 2
221 3
222 2
223 3
224 1
225 3
226 3
227 1
228 3
229 1
230 3
231 3
232 0
233 1
234 0
235 3
236 1
237 3
238 2
239 2
240 0
241 3
242 2
243 2
244 1
245 4
246 3
247 3
248 1
249 3
250 2
251 2
252 1
253 2
254 3
255 1
256 0
257 4
258 5
259 5
260 3
261 2
262 7
263 6
264 8
265 11
266 10
267 10
268 8
269 8
270 7
271 6
272 6
273 6
274 4
275 4
276 2
277 1
278 4
279 5
280 5
281 5
282 3
283 2
284 1
285 3
286 4
287 4
288 4
289 4
290 4
291 3
292 2
293 5
294 2
295 4
296 3
297 2
298 4
299 3
300 1
301 4
302 3
303 3
304 3
305 2
306 3
307 4
308 2
309 5
310 4
311 3
312 2
313 3
314 4
315 3
316 3
317 3
318 5
319 4
320 4
321 3
322 3
323 2
324 3
325 2
326 3
327 3
328 2
329 1
330 3
331 5
332 5
333 3
334 2
335 1
336 4
337 2
338 2
339 0
340 5
341 5
342 3
343 2
344 4
345 3
346 3
347 4
348 5
349 6
350 8
351 8
352 9
353 6
354 5
355 5
356 4
357 3
358 4
359 2
360 0
361 3
362 2
363 0
364 2
365 3
366 3
367 5
368 5
369 5
370 2
371 1
372 0
373 2
374 2
375 3
376 0
377 4
378 4
379 5
380 4
381 2
382 3
383 3
384 3
385 1
386 4
387 2
388 2
389 1
390 2
391 1
392 0
393 2
394 1
395 1
396 2
397 5
398 4
399 4
400 1
401 1
402 4
403 3
404 2
405 3
406 2
407 5
408 4
409 4
410 4
411 2
412 1
413 2
414 4
415 3
416 1
417 3
418 1
419 2
420 4
421 5
422 4
423 1
424 2
425 2
426 1
427 2
428 2
429 4
430 5
431 6
432 6
433 5
434 6
435 5
436 4
437 4
438 5
439 8
440 5
441 4
442 3
443 0
444 2
445 1
446 2
447 2
448 2
449 2
450 3
451 2
452 2
453 1
454 0
455 2
456 2
457 1
458 3
459 4
460 6
461 8
462 9
463 7
464 10
465 12
466 10
467 8
468 9
469 6
470 5
471 5
472 4
473 4
474 5
475 5
476 3
477 6
478 5
479 4
480 4
481 2
482 3
483 2
484 1
485 1
486 2
487 2
488 4
489 2
490 5
491 4
492 1
493 2
494 2
495 4
496 4
497 4
498 3
499 5
500 5
501 4
502 2
503 5
504 6
505 4
506 5
507 4
508 5
509 5
510 5
511 6
512 5
513 3
514 3
515 1
516 3
517 2
518 1
519 0
520 1
521 2
522 2
523 4
524 2
525 2
526 2
527 3
528 2
529 3
530 3
531 1
532 3
533 3
534 5
535 5
536 5
537 2
538 1
539 0
540 3
541 4
542 3
543 2
544 2
545 1
546 2
547 4
548 6
549 6
550 4
551 2
552 2
553 3
554 3
555 4
556 5
557 3
558 5
559 5
560 4
561 5
562 4
563 3
564 3
565 4
566 4
567 3
568 4
569 3
570 2
571 3
572 3
573 1
574 4
575 4
576 2
577 4
578 5
579 5
580 6
581 5
582 4
583 2
584 3
585 3
586 1
587 2
588 5
589 3
590 1
591 1
592 2
593 3
594 2
595 4
596 2
597 2
598 1
599 3
600 6
601 8
602 9
603 9
604 7
605 5
606 5
607 7
608 8
609 8
610 7
611 8
612 9
613 9
614 10
615 8
616 8
617 9
618 8
619 6
620 7
621 6
622 7
623 5
624 4
625 5
626 5
627 6
628 6
629 4
630 3
631 1
632 2
633 1
634 3
635 2
636 2
637 3
638 1
639 4
640 3
641 3
642 6
643 7
644 8
645 9
646 9
647 11
648 11
649 11
650 9
651 9
652 10
653 8
654 6
655 6
656 5
657 8
658 6
659 10
660 12
661 13
662 12
663 10
664 8
665 7
666 6
667 6
668 5
669 3
670 3
671 2
672 2
673 2
674 1
675 1
676 1
677 3
678 0
679 2
680 4
681 3
682 1
683 2
684 2
685 1
686 1
687 4
688 4
689 2
690 2
691 3
692 2
693 2
694 3
695 2
696 2
697 2
698 4
699 3
700 4
701 5
702 5
703 3
704 1
705 5
706 5
707 3
708 0
709 1
710 1
711 1
712 1
713 4
714 2
715 5
716 4
717 3
718 3
719 2
720 4
721 4
722 3
723 3
724 4
725 3
726 2
727 2
728 4
729 3
730 1
731 3
732 2
733 2
734 4
735 3
736 6
737 7
738 7
739 5
740 3
741 3
742 2
743 4
744 4
745 2
746 2
747 2
748 4
749 3
750 1
751 2
752 4
753 2
754 4
755 4
756 5
757 5
758 6
759 7
760 6
761 7
762 9
763 9
764 8
765 8
766 8
767 8
768 7
769 7
770 7
771 7
772 7
773 7
774 5
775 4
776 3
777 4
778 6
779 6
780 7
781 6
782 5
783 5
784 4
785 6
786 7
787 6
788 5
789 4
790 5
791 4
792 3
793 4
794 5
795 4
796 5
797 6
798 4
799 3
800 2
801 2
802 4
803 5
804 9
805 10
806 9
807 9
808 7
809 8
810 5
811 7
812 6
813 4
814 3
815 3
816 3
817 3
818 4
819 4
820 4
821 5
822 5
823 8
824 6
825 6
826 5
827 6
828 4
829 5
830 3
831 4
832 4
833 2
834 3
835 1
836 2
837 4
838 1
839 2
840 2
841 2
842 0
843 6
844 6
845 4
846 6
847 5
848 3
849 2
850 1
851 4
852 3
853 4
854 5
855 2
856 5
857 5
858 5
859 4
860 6
861 7
862 6
863 5
864 3
865 2
866 2
867 2
868 3
869 2
870 1
871 5
872 6
873 6
874 4
875 6
876 5
877 4
878 3
879 5
880 4
881 4
882 6
883 4
884 4
885 4
886 4
887 4
888 2
889 5
890 5
891 4
892 3
893 4
894 2
895 1
896 4
897 2
898 1
899 2
900 1
901 3
902 4
903 3
904 3
905 2
906 4
907 4
908 5
909 5
910 6
911 4
912 2
913 3
914 3
915 2
916 5
917 3
918 0
919 4
920 3
921 3
922 4
923 5
924 2
925 2
926 2
927 2
928 2
929 3
930 1
931 5
932 6
933 7
934 6
935 4
936 5
937 4
938 4
939 6
940 6
941 4
942 2
943 2
944 2
945 2
946 1
947 1
948 1
949 2
950 2
951 2
952 2
953 4
954 3
955 3
956 4
957 2
958 2
959 0
960 4
961 4
962 3
963 2
964 1
965 5
966 3
967 3
968 2
969 3
970 4
971 3
972 5
973 3
974 5
975 4
976 2
977 3
978 2
979 2
980 2
981 1
982 4
983 4
984 3
985 4
986 5
987 4
988 2
989 1
990 4
991 5
992 5
993 4
994 3
995 3
996 1
997 3
998 5
999 5
1000 3
1001 1
1002 3
1003 2
1004 2
1005 3
1006 3
1007 4
1008 5
1009 4
1010 3
1011 3
1012 2
1013 5
1014 6
1015 5
1016 4
1017 3
1018 4
1019 4
1020 6
1021 4
1022 4
1023 5
1024 4
1025 3
1026 4
1027 5
1028 2
1029 2
1030 2
1031 3
1032 3
1033 5
1034 4
1035 4
1036 3
1037 1
1038 1
1039 0
1040 0
1041 2
1042 0
1043 4
1044 3
1045 3
1046 1
1047 3
1048 2
1049 3
1050 3
1051 1
1052 2
1053 0
1054 0
1055 3
1056 1
1057 1
1058 4
1059 2
1060 0
1061 2
1062 2
1063 4
1064 3
1065 1
1066 4
1067 1
1068 2
1069 3
1070 4
1071 5
1072 5
1073 5
1074 5
1075 7
1076 7
1077 7
1078 7
1079 7
1080 5
1081 4
1082 5
1083 7
1084 7
1085 7
1086 7
1087 8
1088 7
1089 6
1090 5
1091 3
1092 5
1093 7
1094 6
1095 7
1096 6
1097 4
1098 3
1099 2
1100 1
1101 2
1102 2
1103 4
1104 4
1105 5
1106 4
1107 4
1108 3
1109 1
1110 2
1111 4
1112 2
1113 3
1114 3
1115 3
1116 3
1117 5
1118 3
1119 1
1120 3
1121 3
1122 1
1123 1
1124 5
1125 3
1126 3
1127 2
1128 2
1129 2
1130 3
1131 3
1132 3
1133 4
1134 4
1135 5
1136 6
1137 5
1138 5
1139 3
1140 2
1141 4
1142 3
1143 5
1144 2
1145 1
1146 3
1147 5
1148 5
1149 4
1150 3
1151 2
1152 3
1153 3
1154 2
1155 4
1156 3
1157 3
1158 6
1159 7
1160 5
1161 5
1162 2
1163 3
1164 2
1165 4
1166 3
1167 1
1168 1
1169 4
1170 5
1171 5
1172 4
1173 4
1174 5
1175 4
1176 3
1177 1
1178 2
1179 4
1180 2
1181 1
1182 4
1183 3
1184 2
1185 2
1186 3
1187 4
1188 3
1189 3
1190 0
1191 4
1192 3
1193 5
1194 5
1195 6
1196 5
1197 2
1198 3
1199 2
1200 1
1201 4
1202 2
1203 4
1204 3
1205 3
1206 1
1207 3
1208 4
1209 2
1210 2
1211 2
1212 2
1213 0
1214 2
1215 1
1216 2
1217 3
1218 3
1219 1
1220 3
1221 3
1222 3
1223 1
1224 2
1225 1
1226 3
1227 2
1228 2
1229 3
1230 3
1231 0
1232 4
1233 4
1234 3
1235 2
1236 5
1237 4
1238 4
1239 5
1240 6
1241 5
1242 5
1243 5
1244 4
1245 3
1246 2
1247 4
1248 3
1249 1
1250 3
1251 2
1252 4
1253 3
1254 2
1255 4
1256 5
1257 5
1258 4
1259 4
1260 3
1261 4
1262 5
1263 5
1264 4
1265 4
1266 3
1267 1
1268 3
1269 3
1270 1
1271 2
1272 3
1273 2
1274 4
1275 6
1276 5
1277 4
1278 4
1279 2
1280 2
1281 0
1282 1
1283 3
1284 3
1285 1
1286 1
1287 5
1288 4
1289 3
1290 2
1291 2
1292 4
1293 4
1294 2
1295 3
1296 0
1297 2
1298 5
1299 7
1300 7
1301 6
1302 4
1303 5
1304 6
1305 5
1306 6
1307 5
1308 4
1309 3
1310 4
1311 5
1312 7
1313 5
1314 6
1315 6
1316 7
1317 8
1318 6
1319 4
1320 4
1321 3
1322 1
1323 1
1324 2
1325 1
1326 2
1327 0
1328 2
1329 1
1330 0
1331 2
1332 3
1333 3
1334 2
1335 5
1336 4
1337 5
1338 3
1339 5
1340 3
1341 1
1342 1
1343 5
1344 5
1345 3
1346 4
1347 5
1348 4
1349 2
1350 4
1351 3
1352 3
1353 2
1354 1
1355 4
1356 3
1357 4
1358 3
1359 3
1360 1
1361 2
1362 4
1363 1
1364 3
1365 3
1366 3
1367 4
1368 5
1369 3
1370 2
1371 3
1372 2
1373 2
1374 2
1375 0
1376 2
1377 2
1378 3
1379 2
1380 2
1381 3
1382 3
1383 4
1384 3
1385 1
1386 4
1387 3
1388 2
1389 3
1390 5
1391 7
1392 8
1393 8
1394 8
1395 7
1396 6
1397 4
1398 3
1399 2
1400 3
1401 3
1402 3
1403 2
1404 2
1405 3
1406 3
1407 2
1408 1
1409 1
1410 1
1411 3
1412 4
1413 3
1414 0
1415 3
1416 0
1417 3
1418 2
1419 1
1420 3
1421 2
1422 1
1423 3
1424 2
1425 2
1426 3
1427 1
1428 3
1429 2
1430 3
1431 2
1432 3
1433 1
1434 3
1435 3
1436 3
1437 4
1438 2
1439 3
1440 4
1441 5
1442 2
1443 3
1444 2
1445 1
1446 0
1447 4
1448 2
1449 1
1450 1
1451 5
1452 3
1453 2
1454 3
1455 3
1456 1
1457 5
1458 7
1459 7
1460 5
1461 3
1462 2
1463 2
1464 1
1465 4
1466 5
1467 4
1468 4
1469 2
1470 1
1471 1
1472 3
1473 0
1474 2
1475 4
1476 3
1477 2
1478 4
1479 4
1480 2
1481 1
1482 2
1483 3
1484 2
1485 2
1486 2
1487 2
1488 3
1489 2
1490 4
1491 4
1492 2
1493 3
1494 3
1495 0
1496 2
1497 2
1498 1
1499 4
1500 5
1501 4
1502 4
1503 5
1504 4
1505 3
1506 0
1507 1
1508 2
1509 2
1510 2
1511 2
1512 1
1513 2
1514 2
1515 4
1516 1
1517 2
1518 2
1519 5
1520 5
1521 4
1522 4
1523 2
1524 4
1525 5
1526 7
1527 7
1528 8
1529 8
1530 7
1531 6
1532 6
1533 5
1534 6
1535 5
1536 4
1537 6
1538 6
1539 5
1540 4
1541 4
1542 3
1543 4
1544 3
1545 2
1546 1
1547 1
1548 6
1549 4
1550 5
1551 4
1552 5
1553 5
1554 7
1555 7
1556 6
1557 4
1558 3
1559 2
1560 4
1561 1
1562 6
1563 6
1564 7
1565 6
1566 7
1567 5
1568 4
1569 3
1570 1
1571 3
1572 3
1573 1
1574 3
1575 3
1576 1
1577 4
1578 3
1579 2
1580 1
1581 3
1582 1
1583 3
1584 2
1585 3
1586 1
1587 1
1588 3
1589 2
1590 0
1591 3
1592 3
1593 3
1594 4
1595 3
1596 4
1597 4
1598 3
1599 1
1600 1
1601 4
1602 3
1603 4
1604 5
1605 5
1606 4
1607 3
1608 4
1609 5
1610 3
1611 4
1612 3
1613 4
1614 4
1615 4
1616 6
1617 5
1618 7
1619 5
1620 4
1621 4
1622 4
1623 1
1624 3
1625 2
1626 3
1627 4
1628 3
1629 2
1630 2
1631 6
1632 6
1633 4
1634 3
1635 2
1636 4
1637 4
1638 3
1639 4
1640 3
1641 3
1642 1
1643 1
1644 2
1645 2
1646 5
1647 3
1648 1
1649 3
1650 3
1651 2
1652 2
1653 2
1654 4
1655 3
1656 1
1657 3
1658 1
1659 1
1660 4
1661 4
1662 4
1663 4
1664 4
1665 2
1666 2
1667 2
1668 2
1669 0
1670 2
1671 5
1672 5
1673 5
1674 5
1675 5
1676 4
1677 2
1678 2
1679 0
1680 4
1681 5
1682 4
1683 4
1684 3
1685 3
1686 3
1687 2
1688 4
1689 4
1690 2
1691 3
1692 1
1693 3
1694 3
1695 3
1696 2
1697 2
1698 4
1699 3
1700 3
1701 2
1702 2
1703 3
1704 3
1705 1
1706 2
1707 2
1708 5
1709 4
1710 6
1711 3
1712 4
1713 5
1714 5
1715 4
1716 3
1717 1
1718 0
1719 2
1720 3
1721 5
1722 6
1723 6
1724 6
1725 3
1726 2
1727 2
1728 3
1729 3
1730 5
1731 5
1732 5
1733 8
1734 7
1735 7
1736 8
1737 6
1738 6
1739 9
1740 8
1741 7
1742 8
1743 6
1744 4
1745 6
1746 4
1747 4
1748 3
1749 1
1750 2
1751 2
1752 2
1753 3
1754 5
1755 5
1756 6
1757 7
1758 7
1759 9
1760 9
1761 11
1762 13
1763 14
1764 14
1765 13
1766 13
1767 11
1768 9
1769 9
1770 8
1771 7
1772 6
1773 5
1774 6
1775 7
1776 7
1777 7
1778 6
1779 5
1780 5
1781 7
1782 7
1783 8
1784 9
1785 8
1786 7
1787 9
1788 8
1789 6
1790 7
1791 8
1792 10
1793 8
1794 8
1795 8
1796 7
1797 9
1798 11
1799 11
1800 10
1801 8
1802 7
1803 4
1804 2
1805 0
1806 2
1807 1
1808 1
1809 4
1810 1
1811 3
1812 3
1813 1
1814 4
1815 4
1816 2
1817 2
1818 3
1819 2
1820 2
1821 2
1822 3
1823 3
1824 3
1825 3
1826 3
1827 5
1828 6
1829 6
1830 6
1831 7
1832 6
1833 4
1834 3
1835 2
1836 4
1837 4
1838 4
1839 3
1840 3
1841 6
1842 4
1843 2
1844 0
1845 5
1846 5
1847 7
1848 7
1849 7
1850 6
1851 6
1852 5
1853 4
1854 5
1855 3
1856 3
1857 4
1858 2
1859 2
1860 2
1861 2
1862 2
1863 1
1864 3
1865 1
1866 1
1867 2
1868 3
1869 4
1870 4
1871 5
1872 5
1873 4
1874 5
1875 4
1876 2
1877 3
1878 1
1879 4
1880 2
1881 1
1882 1
1883 1
1884 2
1885 2
1886 2
1887 5
1888 2
1889 4
1890 4
1891 2
1892 3
1893 3
1894 2
1895 2
1896 0
1897 0
1898 3
1899 3
1900 3
1901 1
1902 1
1903 2
1904 2
1905 3
1906 1
1907 2
1908 2
1909 1
1910 4
1911 4
1912 4
1913 3
1914 1
1915 4
1916 4
1917 3
1918 1
1919 3
1920 3
1921 2
1922 2
1923 9
1924 8
1925 7
1926 7
1927 6
1928 5
1929 4
1930 3
1931 4
1932 6
1933 5
1934 5
1935 5
1936 6
1937 5
1938 6
1939 8
1940 7
1941 7
1942 5
1943 3
1944 2
1945 3
1946 1
1947 1
1948 2
1949 1
1950 3
1951 2
1952 2
1953 5
1954 4
1955 3
1956 4
1957 5
1958 4
1959 6
1960 5
1961 4
1962 3
1963 2
1964 3
1965 3
1966 4
1967 3
1968 2
1969 3
1970 1
1971 0
1972 0
1973 5
1974 5
1975 5
1976 5
1977 4
1978 3
1979 3
1980 2
1981 4
1982 5
1983 6
1984 4
1985 4
1986 4
1987 5
1988 5
1989 3
1990 2
1991 0
1992 5
1993 6
1994 7
1995 6
1996 4
1997 4
1998 1
1999 4
2000 4
2001 2
2002 2
2003 3
2004 2
2005 1
2006 2
2007 4
2008 5
2009 6
2010 7
2011 11
2012 10
2013 13
2014 13
2015 12
2016 13
2017 13
2018 15
2019 12
2020 12
2021 13
2022 13
2023 14
2024 14
2025 15
2026 12
2027 11
2028 10
2029 9
2030 8
2031 6
2032 8
2033 7
2034 8
2035 7
2036 6
2037 3
2038 0
2039 0
2040 4
2041 5
2042 4
2043 6
2044 5
2045 4
2046 5
2047 5
2048 7
2049 7
2050 7
2051 5
2052 5
2053 2
2054 1
2055 3
2056 0
2057 1
2058 1
2059 3
2060 3
2061 2
2062 1
2063 3
2064 3
2065 3
2066 5
2067 4
2068 3
2069 1
2070 5
2071 4
2072 5
2073 5
2074 7
2075 6
2076 7
2077 7
2078 6
2079 6
2080 6
2081 6
2082 5
2083 7
2084 5
2085 2
2086 2
2087 5
2088 4
2089 3
2090 7
2091 5
2092 5
2093 7
2094 6
2095 6
2096 5
2097 5
2098 5
2099 5
2100 4
2101 4
2102 6
2103 8
2104 7
2105 7
2106 5
2107 5
2108 5
2109 8
2110 9
2111 8
2112 7
2113 5
2114 2
2115 3
2116 2
2117 3
2118 5
2119 5
2120 6
2121 8
2122 7
2123 7
2124 6
2125 6
2126 5
2127 2
2128 3
2129 4
2130 5
2131 3
2132 2
2133 0
2134 3
2135 4
2136 4
2137 4
2138 3
2139 4
2140 2
2141 3
2142 3
2143 1
2144 2
2145 2
2146 2
2147 5
2148 3
2149 3
2150 4
2151 6
2152 7
2153 7
2154 8
2155 6
2156 5
2157 6
2158 5
2159 7
2160 7
2161 7
2162 7
2163 6
2164 6
2165 6
2166 4
2167 3
2168 4
2169 3
2170 4
2171 4
2172 4
2173 6
2174 6
2175 8
2176 8
2177 7
2178 8
2179 9
2180 10
2181 9
2182 7
2183 6
2184 7
2185 6
2186 7
2187 6
2188 5
2189 7
2190 6
2191 5
2192 3
2193 4
2194 3
2195 3
2196 3
2197 1
2198 0
2199 4
2200 5
2201 5
2202 4
2203 3
2204 2
2205 4
2206 4
2207 3
2208 0
2209 3
2210 0
2211 4
2212 2
2213 3
2214 1
2215 1
2216 3
2217 5
2218 4
2219 2
2220 2
2221 2
2222 5
2223 5
2224 5
2225 5
2226 5
2227 4
2228 3
2229 5
2230 4
2231 4
2232 2
2233 1
2234 3
2235 1
2236 4
2237 5
2238 4
2239 7
2240 7
2241 6
2242 5
2243 3
2244 1
2245 4
2246 4
2247 4
2248 3
2249 2
2250 2
2251 2
2252 1
2253 3
2254 3
2255 4
2256 3
2257 3
2258 3
2259 5
2260 3
2261 1
2262 1
2263 2
2264 1
2265 2
2266 2
2267 4
2268 3
2269 3
2270 1
2271 2
2272 5
2273 6
2274 6
2275 5
2276 3
2277 2
2278 2
2279 1
2280 1
2281 2
2282 3
2283 3
2284 5
2285 5
2286 3
2287 1
2288 4
2289 4
2290 3
2291 4
2292 4
2293 4
2294 5
2295 5
2296 5
2297 2
2298 2
2299 3
2300 6
2301 6
2302 5
2303 3
2304 4
2305 6
2306 7
2307 7
2308 8
2309 7
2310 6
2311 7
2312 7
2313 8
2314 9
2315 10
2316 10
2317 10
2318 7
2319 7
2320 6
2321 4
2322 2
2323 1
2324 3
2325 3
2326 2
2327 4
2328 1
2329 1
2330 6
2331 5
2332 6
2333 5
2334 3
2335 3
2336 2
2337 2
2338 5
2339 4
2340 3
2341 3
2342 5
2343 7
2344 7
2345 8
2346 8
2347 7
2348 7
2349 9
2350 8
2351 8
2352 8
2353 8
2354 6
2355 8
2356 7
2357 6
2358 6
2359 7
2360 8
2361 8
2362 7
2363 7
2364 7
2365 8
2366 9
2367 8
2368 7
2369 9
2370 8
2371 7
2372 7
2373 8
2374 6
2375 5
2376 5
2377 4
2378 3
2379 2
2380 1
2381 3
2382 2
2383 3
2384 2
2385 3
2386 4
2387 5
2388 3
2389 2
2390 2
2391 3
2392 3
2393 2
2394 2
2395 5
2396 6
2397 7
2398 8
2399 6
2400 5
2401 3
2402 3
2403 2
2404 2
2405 3
2406 4
2407 2
2408 2
2409 3
2410 1
2411 2
2412 5
2413 4
2414 4
2415 4
2416 5
2417 6
2418 5
2419 6
2420 4
2421 5
2422 6
2423 7
2424 6
2425 7
2426 5
2427 4
2428 2
2429 3
2430 4
2431 5
2432 2
2433 4
2434 3
2435 3
2436 3
2437 3
2438 2
2439 3
2440 4
2441 4
2442 3
2443 4
2444 2
2445 3
2446 0
2447 4
2448 4
2449 2
2450 1
2451 2
2452 2
2453 3
2454 3
2455 2
2456 1
2457 2
2458 4
2459 4
2460 5
2461 5
2462 6
2463 5
2464 4
2465 7
2466 5
2467 3
2468 3
2469 3
2470 4
2471 2
2472 1
2473 2
2474 4
2475 4
2476 1
2477 2
2478 4
2479 1
2480 2
2481 2
2482 1
2483 2
2484 5
2485 4
2486 4
2487 3
2488 4
2489 5
2490 4
2491 5
2492 3
2493 2
2494 1
2495 3
2496 2
2497 0
2498 2
2499 2
2500 1
2501 4
2502 3
2503 4
2504 3
2505 2
2506 2
2507 3
2508 3
2509 0
2510 3
2511 2
2512 3
2513 4
2514 5
2515 5
2516 5
2517 4
2518 2
2519 5
2520 4
2521 3
2522 4
2523 4
2524 5
2525 3
2526 2
2527 3
2528 2
2529 4
2530 3
2531 2
2532 3
2533 2
2534 4
2535 4
2536 2
2537 4
2538 4
2539 4
2540 2
2541 0
2542 5
2543 5
2544 6
2545 5
2546 5
2547 3
2548 1
2549 1
2550 2
2551 2
2552 4
2553 4
2554 2
2555 1
2556 3
2557 3
2558 3
2559 1
2560 2
2561 3
2562 2
2563 4
2564 6
2565 5
2566 5
2567 4
2568 3
2569 1
2570 1
2571 3
2572 2
2573 3
2574 2
2575 3
2576 0
2577 2
2578 2
2579 3
2580 2
2581 3
2582 2
2583 4
2584 7
2585 6
2586 5
2587 6
2588 6
2589 4
2590 2
2591 4
2592 3
2593 1
2594 2
2595 2
2596 2
2597 2
2598 4
2599 3
2600 6
2601 4
2602 5
2603 5
2604 5
2605 3
2606 0
2607 2
2608 2
2609 2
2610 4
2611 4
2612 6
2613 6
2614 6
2615 7
2616 6
2617 7
2618 6
2619 5
2620 5
2621 4
2622 4
2623 4
2624 2
2625 5
2626 6
2627 6
2628 6
2629 6
2630 5
2631 4
2632 6
2633 7
2634 8
2635 9
2636 8
2637 6
2638 5
2639 3
2640 3
2641 4
2642 3
2643 2
2644 4
2645 4
2646 4
2647 5
2648 2
2649 4
2650 5
2651 6
2652 7
2653 5
2654 4
2655 3
2656 2
2657 3
2658 2
2659 4
2660 5
2661 6
2662 6
2663 5
2664 4
2665 8
2666 6
2667 6
2668 6
2669 8
2670 7
2671 10
2672 10
2673 12
2674 14
2675 14
2676 14
2677 14
2678 12
2679 13
2680 15
2681 12
2682 11
2683 12
2684 12
2685 12
2686 13
2687 11
2688 11
2689 10
2690 8
2691 7
2692 5
2693 4
2694 4
2695 2
2696 6
2697 7
2698 7
2699 5
2700 6
2701 6
2702 5
2703 3
2704 4
2705 3
2706 1
2707 1
2708 3
2709 5
2710 4
2711 2
2712 2
2713 2
2714 2
2715 2
2716 2
2717 3
2718 1
2719 2
2720 2
2721 3
2722 5
2723 5
2724 6
2725 4
2726 3
2727 5
2728 3
2729 4
2730 3
2731 5
2732 2
2733 4
2734 4
2735 3
2736 2
2737 3
2738 3
2739 1
2740 2
2741 2
2742 1
2743 5
2744 4
2745 4
2746 3
2747 3
2748 1
2749 5
2750 3
2751 2
2752 2
2753 2
2754 4
2755 6
2756 5
2757 4
2758 3
2759 2
2760 0
2761 1
2762 2
2763 2
2764 4
2765 3
2766 3
2767 3
2768 4
2769 2
2770 3
2771 1
2772 2
2773 5
2774 4
2775 3
2776 2
2777 4
2778 3
2779 2
2780 3
2781 5
2782 4
2783 4
2784 5
2785 5
2786 6
2787 6
2788 5
2789 4
2790 3
2791 4
2792 4
2793 2
2794 4
2795 2
2796 0
2797 5
2798 5
2799 4
2800 3
2801 2
2802 2
2803 2
2804 3
2805 3
2806 2
2807 3
2808 3
2809 2
2810 0
2811 3
2812 3
2813 0
2814 2
2815 2
2816 3
2817 2
2818 0
2819 8
2820 11
2821 10
2822 11
2823 11
2824 11
2825 9
2826 8
2827 6
2828 7
2829 9
2830 7
2831 6
2832 6
2833 7
2834 7
2835 6
2836 5
2837 4
2838 4
2839 5
2840 6
2841 7
2842 8
2843 7
2844 7
2845 9
2846 9
2847 9
2848 9
2849 9
2850 7
2851 7
2852 6
2853 5
2854 3
2855 2
2856 5
2857 6
2858 5
2859 4
2860 4
2861 5
2862 4
2863 7
2864 8
2865 6
2866 7
2867 6
2868 7
2869 5
2870 4
2871 4
2872 3
2873 3
2874 3
2875 2
2876 2
2877 2
2878 1
2879 1
2880 1
2881 1
2882 5
2883 3
2884 4
2885 2
2886 4
2887 5
2888 6
2889 5
2890 3
2891 2
2892 3
2893 4
2894 4
2895 3
2896 4
2897 4
2898 3
2899 0
2900 3
2901 4
2902 3
2903 1
2904 7
2905 5
2906 6
2907 6
2908 5
2909 4
2910 2
2911 3
2912 3
2913 2
2914 1
2915 1
2916 2
2917 2
2918 2
2919 3
2920 4
2921 3
2922 4
2923 4
2924 5
2925 5
2926 5
2927 5
2928 5
2929 5
2930 6
2931 6
2932 6
2933 9
2934 9
2935 9
2936 9
2937 8
2938 8
2939 9
2940 7
2941 7
2942 7
2943 8
2944 6
2945 3
2946 3
2947 3
2948 1
2949 3
2950 4
2951 2
2952 4
2953 5
2954 4
2955 4
2956 6
2957 6
2958 5
2959 6
2960 7
2961 9
2962 9
2963 9
2964 8
2965 6
2966 6
2967 6
2968 5
2969 5
2970 3
2971 1
2972 2
2973 4
2974 3
2975 2
2976 3
2977 1
2978 3
2979 4
2980 5
2981 6
2982 4
2983 5
2984 3
2985 1
2986 4
2987 5
2988 5
2989 4
2990 2
2991 1
2992 1
2993 3
2994 3
2995 2
2996 0
2997 4
2998 4
2999 5
3000 5
3001 5
3002 3
3003 2
3004 1
3005 2
3006 4
3007 3
3008 1
3009 6
3010 7
3011 7
3012 8
3013 8
3014 8
3015 8
3016 6
3017 4
3018 3
3019 3
3020 2
3021 3
3022 3
3023 5
3024 2
3025 5
3026 5
3027 7
3028 5
3029 6
3030 8
3031 8
3032 9
3033 9
3034 10
3035 9
3036 9
3037 8
3038 10
3039 9
3040 11
3041 11
3042 14
3043 13
3044 14
3045 12
3046 11
3047 11
3048 10
3049 8
3050 10
3051 10
3052 10
3053 8
3054 8
3055 9
3056 10
3057 9
3058 9
3059 6
3060 8
3061 8
3062 8
3063 6
3064 6
3065 8
3066 7
3067 5
3068 5
3069 6
3070 4
3071 5
3072 4
3073 1
3074 1
3075 3
3076 1
3077 2
3078 2
3079 2
3080 6
3081 6
3082 7
3083 6
3084 5
3085 4
3086 2
3087 1
3088 6
3089 5
3090 5
3091 3
3092 3
3093 4
3094 3
3095 1
3096 2
3097 6
3098 6
3099 4
3100 5
3101 5
3102 4
3103 4
3104 6
3105 7
3106 5
3107 5
3108 4
3109 5
3110 4
3111 4
3112 4
3113 2
3114 2
3115 3
3116 4
3117 3
3118 3
3119 4
3120 6
3121 5
3122 6
3123 3
3124 2
3125 6
3126 6
3127 7
3128 7
3129 6
3130 4
3131 3
3132 2
3133 2
3134 1
3135 1
3136 0
3137 1
3138 3
3139 3
3140 2
3141 2
3142 3
3143 4
3144 4
3145 3
3146 5
3147 4
3148 4
3149 4
3150 4
3151 4
3152 2
3153 2
3154 2
3155 6
3156 6
3157 4
3158 4
3159 4
3160 2
3161 6
3162 6
3163 8
3164 6
3165 4
3166 3
3167 4
3168 3
3169 2
3170 1
3171 3
3172 3
3173 2
3174 2
3175 3
3176 1
3177 4
3178 2
3179 2
3180 2
3181 3
3182 1
3183 4
3184 4
3185 4
3186 3
3187 1
3188 4
3189 4
3190 4
3191 3
3192 3
3193 2
3194 2
3195 1
3196 6
3197 7
3198 5
3199 7
3200 7
3201 5
3202 5
3203 4
3204 3
3205 3
3206 2
3207 1
3208 2
3209 1
3210 1
3211 3
3212 1
3213 1
3214 0
3215 3
3216 1
3217 3
3218 1
3219 4
3220 4
3221 2
3222 0
3223 3
3224 1
3225 0
3226 2
3227 2
3228 0
3229 4
3230 3
3231 5
3232 4
3233 5
3234 3
3235 4
3236 4
3237 4
3238 3
3239 3
3240 1
3241 4
3242 2
3243 2
3244 1
3245 2
3246 4
3247 4
3248 2
3249 1
3250 0
3251 1
3252 3
3253 3
3254 2
3255 3
3256 1
3257 4
3258 5
3259 6
3260 5
3261 4
3262 6
3263 5
3264 5
3265 3
3266 0
3267 2
3268 2
3269 6
3270 6
3271 8
3272 7
3273 5
3274 2
3275 5
3276 4
3277 4
3278 3
3279 2
3280 6
3281 7
3282 5
3283 4
3284 7
3285 6
3286 5
3287 4
3288 2
3289 1
3290 3
3291 2
3292 4
3293 5
3294 4
3295 3
3296 4
3297 4
3298 3
3299 2
3300 1
3301 2
3302 3
3303 4
3304 6
3305 4
3306 7
3307 5
3308 2
3309 5
3310 5
3311 6
3312 5
3313 4
3314 3
3315 4
3316 2
3317 1
3318 1
3319 1
3320 4
3321 4
3322 3
3323 4
3324 3
3325 2
3326 3
3327 3
3328 3
3329 3
3330 3
3331 1
3332 3
3333 4
3334 3
3335 1
3336 2
3337 3
3338 2
3339 4
3340 5
3341 7
3342 8
3343 6
3344 4
3345 3
3346 1
3347 2
3348 2
3349 2
3350 5
3351 6
3352 6
3353 7
3354 5
3355 5
3356 4
3357 3
3358 4
3359 2
3360 1
3361 1
3362 1
3363 3
3364 1
3365 2
3366 4
3367 2
3368 5
3369 5
3370 3
3371 3
3372 2
3373 5
3374 6
3375 7
3376 6
3377 5
3378 6
3379 7
3380 6
3381 7
3382 8
3383 5
3384 5
3385 6
3386 5
3387 6
3388 8
3389 7
3390 8
3391 9
3392 8
3393 6
3394 6
3395 8
3396 7
3397 6
3398 7
3399 6
3400 7
3401 7
3402 7
3403 6
3404 3
3405 5
3406 3
3407 3
3408 2
3409 5
3410 4
3411 6
3412 6
3413 6
3414 6
3415 5
3416 3
3417 2
3418 1
3419 3
3420 2
3421 4
3422 6
3423 4
3424 3
3425 2
3426 3
3427 2
3428 5
3429 6
3430 5
3431 6
3432 5
3433 4
3434 1
3435 3
3436 1
3437 1
3438 1
3439 0
3440 1
3441 0
3442 3
3443 4
3444 2
3445 3
3446 2
3447 3
3448 4
3449 2
3450 3
3451 3
3452 1
3453 1
3454 3
3455 2
3456 3
3457 4
3458 4
3459 5
3460 5
3461 4
3462 2
3463 0
3464 1
3465 2
3466 2
3467 2
3468 4
3469 3
3470 5
3471 6
3472 4
3473 3
3474 4
3475 5
3476 4
3477 4
3478 4
3479 3
3480 3
3481 3
3482 3
3483 4
3484 5
3485 4
3486 3
3487 2
3488 2
3489 5
3490 5
3491 3
3492 2
3493 4
3494 3
3495 3
3496 1
3497 1
3498 1
3499 0
3500 2
3501 3
3502 5
3503 5
3504 4
3505 2
3506 3
3507 2
3508 2
3509 3
3510 3
3511 3
3512 1
3513 4
3514 3
3515 2
3516 5
3517 8
3518 6
3519 9
3520 6
3521 5
3522 3
3523 2
3524 3
3525 3
3526 2
3527 3
3528 2
3529 3
3530 4
3531 2
3532 1
3533 1
3534 2
3535 3
3536 1
3537 6
3538 4
3539 2
3540 3
3541 4
3542 7
3543 7
3544 7
3545 6
3546 4
3547 2
3548 1
3549 0
3550 0
3551 4
3552 4
3553 3
3554 3
3555 0
3556 1
3557 0
3558 0
3559 4
3560 3
3561 4
3562 3
3563 2
3564 1
3565 4
3566 5
3567 6
3568 8
3569 9
3570 8
3571 9
3572 9
3573 7
3574 5
3575 5
3576 6
3577 6
3578 6
3579 4
3580 2
3581 4
3582 2
3583 5
3584 5
3585 3
3586 5
3587 4
3588 3
3589 1
3590 1
3591 1
3592 2
3593 2
3594 1
3595 1
3596 1
3597 4
3598 4
3599 3
3600 3
3601 5
3602 3
3603 4
3604 4
3605 4
3606 4
3607 4
3608 2
3609 1
3610 2
3611 5
3612 4
3613 2
3614 3
3615 2
3616 2
3617 2
3618 1
3619 3
3620 1
3621 1
3622 3
3623 0
3624 2
3625 1
3626 2
3627 1
3628 2
3629 2
3630 3
3631 2
3632 2
3633 3
3634 2
3635 3
3636 4
3637 5
3638 3
3639 1
3640 1
3641 2
3642 3
3643 2
3644 1
3645 1
3646 1
3647 4
3648 3
3649 2
3650 1
3651 2
3652 3
3653 3
3654 3
3655 3
3656 3
3657 3
3658 3
3659 1
3660 3
3661 4
3662 2
3663 2
3664 2
3665 3
3666 2
3667 0
3668 2
3669 3
3670 4
3671 1
3672 4
3673 3
3674 3
3675 2
3676 4
3677 3
3678 2
3679 1
3680 2
3681 3
3682 3
3683 1
3684 4
3685 5
3686 7
3687 8
3688 9
3689 8
3690 7
3691 8
3692 8
3693 7
3694 7
3695 5
3696 5
3697 3
3698 3
3699 3
3700 4
3701 3
3702 0
3703 3
3704 0
3705 3
3706 3
3707 2
3708 3
3709 3
3710 2
3711 3
3712 2
3713 2
3714 1
3715 3
3716 4
3717 3
3718 2
3719 2
3720 2
3721 4
3722 2
3723 3
3724 1
3725 1
3726 2
3727 0
3728 2
3729 3
3730 2
3731 2
3732 2
3733 4
3734 3
3735 2
3736 3
3737 1
3738 3
3739 3
3740 4
3741 2
3742 3
3743 5
3744 7
3745 7
3746 8
3747 7
3748 7
3749 7
3750 7
3751 9
3752 11
3753 11
3754 10
3755 9
3756 9
3757 9
3758 10
3759 10
3760 7
3761 6
3762 5
3763 9
3764 9
3765 9
3766 7
3767 9
3768 9
3769 10
3770 9
3771 9
3772 9
3773 10
3774 8
3775 5
3776 3
3777 4
3778 2
3779 1
3780 1
3781 2
3782 4
3783 4
3784 4
3785 3
3786 3
3787 5
3788 5
3789 5
3790 6
3791 4
3792 2
3793 1
3794 3
3795 3
3796 3
3797 3
3798 4
3799 6
3800 4
3801 3
3802 5
3803 5
3804 5
3805 4
3806 3
3807 2
3808 1
3809 3
3810 4
3811 3
3812 1
3813 4
3814 3
3815 1
3816 2
3817 3
3818 3
3819 2
3820 1
3821 3
3822 5
3823 5
3824 5
3825 4
3826 4
3827 4
3828 3
3829 3
3830 2
3831 1
3832 1
3833 1
3834 3
3835 2
3836 2
3837 3
3838 2
3839 3
3840 2
3841 3
3842 3
3843 5
3844 4
3845 4
3846 3
3847 2
3848 2
3849 3
3850 1
3851 4
3852 4
3853 3
3854 3
3855 1
3856 1
3857 0
3858 4
3859 5
3860 6
3861 5
3862 6
3863 4
3864 3
3865 4
3866 7
3867 5
3868 4
3869 5
3870 3
3871 5
3872 6
3873 5
3874 5
3875 3
3876 1
3877 3
3878 1
3879 2
3880 3
3881 2
3882 2
3883 3
3884 1
3885 3
3886 3
3887 3
3888 1
3889 3
3890 1
3891 1
3892 2
3893 3
3894 0
3895 1
3896 3
3897 2
3898 2
3899 2
3900 4
3901 2
3902 4
3903 5
3904 5
3905 3
3906 2
3907 3
3908 4
3909 2
3910 3
3911 2
3912 4
3913 5
3914 4
3915 4
3916 4
3917 3
3918 0
3919 3
3920 3
3921 3
3922 2
3923 3
3924 3
3925 4
3926 2
3927 2
3928 3
3929 3
3930 6
3931 3
3932 2
3933 1
3934 4
3935 4
3936 3
3937 3
3938 1
3939 3
3940 0
3941 1
3942 2
3943 2
3944 2
3945 2
3946 2
3947 4
3948 4
3949 4
3950 4
3951 3
3952 3
3953 2
3954 3
3955 2
3956 5
3957 5
3958 5
3959 6
3960 6
3961 4
3962 4
3963 4
3964 3
3965 1
3966 3
3967 2
3968 1
3969 2
3970 2
3971 2
3972 3
3973 2
3974 1
3975 2
3976 3
3977 6
3978 6
3979 5
3980 5
3981 2
3982 1
3983 2
3984 2
3985 1
3986 1
3987 5
3988 3
3989 5
3990 6
3991 6
3992 6
3993 5
3994 5
3995 4
3996 5
3997 4
3998 5
3999 3
4000 2
4001 2
4002 1
4003 2
4004 2
4005 4
4006 1
4007 3
4008 3
4009 2
4010 2
4011 3
4012 5
4013 5
4014 3
4015 3
4016 2
4017 4
4018 4
4019 4
4020 2
4021 5
4022 6
4023 5
4024 5
4025 8
4026 9
4027 9
4028 8
4029 10
4030 10
4031 10
4032 8
4033 8
4034 10
4035 8
4036 7
4037 6
4038 7
4039 5
4040 4
4041 3
4042 3
4043 2
4044 3
4045 3
4046 3
4047 4
4048 3
4049 3
4050 4
4051 3
4052 0
4053 1
4054 2
4055 4
4056 1
4057 3
4058 4
4059 4
4060 4
4061 3
4062 2
4063 0
4064 2
4065 4
4066 6
4067 7
4068 7
4069 6
4070 7
4071 6
4072 6
4073 8
4074 7
4075 6
4076 6
4077 5
4078 3
4079 5
4080 4
4081 5
4082 4
4083 5
4084 4
4085 3
4086 3
4087 3
4088 3
4089 3
4090 7
4091 6
4092 5
4093 3
4094 2
4095 2
4096 4
4097 5
4098 4
4099 1
4100 1
4101 0
4102 3
4103 2
4104 2
4105 4
4106 3
4107 3
4108 5
4109 3
4110 2
4111 3
4112 3
4113 3
4114 5
4115 4
4116 6
4117 6
4118 7
4119 7
4120 5
4121 6
4122 4
4123 4
4124 6
4125 5
4126 3
4127 2
4128 2
4129 3
4130 1
4131 2
4132 1
4133 3
4134 5
4135 4
4136 6
4137 6
4138 6
4139 4
4140 4
4141 6
4142 3
4143 3
4144 1
4145 3
4146 0
4147 1
4148 2
4149 4
4150 5
4151 5
4152 6
4153 6
4154 4
4155 2
4156 4
4157 4
4158 3
4159 0
4160 2
4161 2
4162 5
4163 5
4164 3
4165 3
4166 4
4167 2
4168 2
4169 3
4170 2
4171 4
4172 4
4173 1
4174 4
4175 1
4176 3
4177 4
4178 3
4179 3
4180 5
4181 3
4182 4
4183 4
4184 3
4185 3
4186 1
4187 4
4188 4
4189 5
4190 4
4191 5
4192 5
4193 4
4194 3
4195 2
4196 2
4197 2
4198 6
4199 7
4200 7
4201 6
4202 6
4203 8
4204 5
4205 5
4206 6
4207 4
4208 2
4209 1
4210 6
4211 6
4212 4
4213 5
4214 5
4215 5
4216 5
4217 5
4218 5
4219 7
4220 7
4221 6
4222 8
4223 10
4224 7
4225 6
4226 5
4227 2
4228 0
4229 3
4230 1
4231 2
4232 3
4233 2
4234 4
4235 6
4236 4
4237 3
4238 4
4239 3
4240 1
4241 2
4242 2
4243 2
4244 5
4245 6
4246 3
4247 4
4248 3
4249 1
4250 0
4251 5
4252 3
4253 4
4254 2
4255 4
4256 4
4257 4
4258 4
4259 2
4260 1
4261 3
4262 5
4263 7
4264 6
4265 7
4266 7
4267 6
4268 4
4269 3
4270 4
4271 4
4272 1
4273 2
4274 1
4275 2
4276 2
4277 4
4278 3
4279 3
4280 2
4281 2
4282 2
4283 2
4284 2
4285 3
4286 2
4287 1
4288 2
4289 2
4290 2
4291 2
4292 2
4293 1
4294 3
4295 1
4296 2
4297 3
4298 3
4299 3
4300 2
4301 3
4302 1
4303 3
4304 3
4305 2
4306 4
4307 4
4308 3
4309 3
4310 3
4311 2
4312 3
4313 2
4314 4
4315 4
4316 4
4317 4
4318 3
4319 2
4320 3
4321 3
4322 2
4323 3
4324 2
4325 3
4326 4
4327 4
4328 3
4329 4
4330 3
4331 4
4332 5
4333 3
4334 4
4335 6
4336 6
4337 5
4338 5
4339 3
4340 5
4341 7
4342 9
4343 10
4344 9
4345 8
4346 10
4347 9
4348 9
4349 8
4350 8
4351 8
4352 7
4353 7
4354 7
4355 6
4356 7
4357 5
4358 6
4359 5
4360 5
4361 3
4362 3
4363 4
4364 3
4365 1
4366 2
4367 3
4368 1
4369 4
4370 3
4371 1
4372 4
4373 3
4374 6
4375 6
4376 7
4377 9
4378 8
4379 8
4380 7
4381 9
4382 8
4383 10
4384 9
4385 8
4386 7
4387 8
4388 8
4389 10
4390 9
4391 11
4392 11
4393 10
4394 9
4395 8
4396 7
4397 7
4398 6
4399 3
4400 3
4401 3
4402 3
4403 3
4404 2
4405 3
4406 4
4407 5
4408 4
4409 2
4410 3
4411 4
4412 2
4413 2
4414 3
4415 4
4416 3
4417 3
4418 3
4419 2
4420 1
4421 0
4422 0
4423 3
4424 5
4425 5
4426 5
4427 4
4428 4
4429 2
4430 0
4431 5
4432 6
4433 4
4434 5
4435 3
4436 1
4437 3
4438 3
4439 4
4440 7
4441 5
4442 4
4443 6
4444 6
4445 7
4446 7
4447 7
4448 6
4449 5
4450 2
4451 2
4452 1
4453 1
4454 1
4455 1
4456 3
4457 1
4458 2
4459 5
4460 4
4461 2
4462 4
4463 4
4464 5
4465 2
4466 5
4467 6
4468 5
4469 3
4470 3
4471 1
4472 3
4473 3
4474 1
4475 0
4476 4
4477 4
4478 4
4479 4
4480 4
4481 3
4482 1
4483 2
4484 5
4485 4
4486 3
4487 4
4488 8
4489 5
4490 4
4491 2
4492 1
4493 4
4494 3
4495 2
4496 3
4497 3
4498 3
4499 4
4500 4
4501 5
4502 5
4503 3
4504 3
4505 4
4506 7
4507 5
4508 4
4509 5
4510 3
4511 5
4512 4
4513 3
4514 3
4515 4
4516 1
4517 2
4518 2
4519 3
4520 2
4521 1
4522 2
4523 6
4524 4
4525 4
4526 4
4527 5
4528 4
4529 5
4530 3
4531 3
4532 1
4533 6
4534 5
4535 3
4536 3
4537 4
4538 3
4539 2
4540 4
4541 2
4542 2
4543 3
4544 3
4545 3
4546 3
4547 2
4548 3
4549 4
4550 4
4551 5
4552 3
4553 2
4554 3
4555 3
4556 5
4557 5
4558 5
4559 6
4560 6
4561 5
4562 3
4563 1
4564 4
4565 3
4566 3
4567 0
4568 3
4569 3
4570 5
4571 3
4572 2
4573 1
4574 2
4575 3
4576 3
4577 4
4578 2
4579 0
4580 2
4581 1
4582 3
4583 3
4584 3
4585 1
4586 4
4587 3
4588 2
4589 1
4590 4
4591 4
4592 2
4593 1
4594 1
4595 3
4596 2
4597 4
4598 2
4599 2
4600 2
4601 1
4602 2
4603 1
4604 0
4605 4
4606 2
4607 3
4608 0
4609 1
4610 2
4611 6
4612 6
4613 9
4614 9
4615 11
4616 12
4617 9
4618 9
4619 9
4620 9
4621 11
4622 11
4623 11
4624 10
4625 8
4626 6
4627 7
4628 5
4629 2
4630 3
4631 3
4632 4
4633 3
4634 2
4635 2
4636 1
4637 5
4638 5
4639 6
4640 5
4641 5
4642 5
4643 3
4644 3
4645 3
4646 2
4647 0
4648 4
4649 3
4650 5
4651 3
4652 1
4653 1
4654 3
4655 2
4656 4
4657 3
4658 3
4659 0
4660 1
4661 1
4662 3
4663 0
4664 3
4665 3
4666 3
4667 3
4668 3
4669 3
4670 4
4671 2
4672 3
4673 4
4674 5
4675 6
4676 6
4677 6
4678 5
4679 3
4680 3
4681 1
4682 5
4683 7
4684 7
4685 4
4686 4
4687 5
4688 5
4689 3
4690 6
4691 8
4692 7
4693 5
4694 5
4695 6
4696 7
4697 7
4698 4
4699 5
4700 4
4701 4
4702 2
4703 3
4704 2
4705 4
4706 4
4707 4
4708 3
4709 4
4710 3
4711 3
4712 3
4713 2
4714 5
4715 4
4716 4
4717 4
4718 6
4719 5
4720 6
4721 5
4722 3
4723 2
4724 2
4725 3
4726 1
4727 2
4728 2
4729 0
4730 1
4731 1
4732 1
4733 2
4734 0
4735 4
4736 3
4737 2
4738 2
4739 3
4740 5
4741 6
4742 4
4743 3
4744 3
4745 1
4746 2
4747 3
4748 2
4749 2
4750 1
4751 0
4752 4
4753 1
4754 2
4755 0
4756 1
4757 1
4758 3
4759 3
4760 3
4761 4
4762 2
4763 4
4764 6
4765 5
4766 2
4767 4
4768 4
4769 6
4770 5
4771 4
4772 4
4773 2
4774 2
4775 2
4776 4
4777 2
4778 3
4779 2
4780 4
4781 4
4782 4
4783 4
4784 4
4785 7
4786 10
4787 11
4788 12
4789 13
4790 12
4791 14
4792 14
4793 13
4794 12
4795 13
4796 13
4797 11
4798 11
4799 12
4800 10
4801 10
4802 9
4803 7
4804 6
4805 5
4806 4
4807 2
4808 4
4809 4
4810 4
4811 5
4812 4
4813 4
4814 5
4815 3
4816 2
4817 2
4818 3
4819 3
4820 4
4821 3
4822 2
4823 2
4824 3
4825 4
4826 5
4827 4
4828 5
4829 6
4830 7
4831 5
4832 4
4833 4
4834 3
4835 1
4836 3
4837 2
4838 2
4839 1
4840 3
4841 1
4842 4
4843 3
4844 2
4845 3
4846 3
4847 3
4848 2
4849 3
4850 2
4851 4
4852 3
4853 2
4854 2
4855 4
4856 6
4857 8
4858 9
4859 8
4860 8
4861 10
4862 11
4863 12
4864 13
4865 14
4866 13
4867 13
4868 15
4869 12
4870 10
4871 12
4872 11
4873 10
4874 10
4875 11
4876 11
4877 9
4878 7
4879 7
4880 7
4881 10
4882 11
4883 10
4884 11
4885 11
4886 11
4887 9
4888 10
4889 9
4890 8
4891 5
4892 3
4893 3
4894 0
4895 5
4896 7
4897 5
4898 4
4899 1
4900 4
4901 3
4902 2
4903 3
4904 4
4905 4
4906 6
4907 4
4908 7
4909 8
4910 7
4911 9
4912 8
4913 7
4914 5
4915 5
4916 5
4917 7
4918 5
4919 4
4920 5
4921 4
4922 3
4923 2
4924 5
4925 2
4926 0
4927 0
4928 4
4929 4
4930 4
4931 5
4932 6
4933 5
4934 4
4935 4
4936 4
4937 4
4938 4
4939 3
4940 1
4941 2
4942 2
4943 3
4944 1
4945 1
4946 1
4947 3
4948 3
4949 1
4950 2
4951 2
4952 1
4953 2
4954 3
4955 1
4956 2
4957 3
4958 2
4959 4
4960 3
4961 2
4962 2
4963 4
4964 2
4965 3
4966 3
4967 2
4968 2
4969 1
4970 2
4971 4
4972 3
4973 3
4974 1
4975 4
4976 5
4977 4
4978 5
4979 4
4980 5
4981 5
4982 5
4983 6
4984 5
4985 5
4986 4
4987 5
4988 7
4989 7
4990 5
4991 4
4992 5
4993 5
4994 3
4995 3
4996 2
4997 1
4998 1
4999 2
5000 0
5001 3
5002 0
5003 3
5004 3
5005 2
5006 5
5007 6
5008 5
5009 4
5010 5
5011 3
5012 3
5013 2
5014 5
5015 6
5016 6
5017 6
5018 5
5019 8
5020 7
5021 5
5022 4
5023 5
5024 4
5025 3
5026 2
5027 4
5028 5
5029 2
5030 1
5031 2
5032 3
5033 2
5034 4
5035 6
5036 7
5037 6
5038 6
5039 7
5040 6
5041 6
5042 6
5043 6
5044 6
5045 5
5046 4
5047 3
5048 0
5049 2
5050 2
5051 3
5052 3
5053 1
5054 1
5055 1
5056 3
5057 3
5058 3
5059 4
5060 3
5061 4
5062 5
5063 5
5064 3
5065 5
5066 4
5067 3
5068 3
5069 2
5070 1
5071 3
5072 1
5073 3
5074 4
5075 5
5076 6
5077 3
5078 2
5079 3
5080 4
5081 4
5082 2
5083 3
5084 3
5085 0
5086 2
5087 2
5088 2
5089 1
5090 0
5091 3
5092 3
5093 4
5094 5
5095 4
5096 3
5097 3
5098 1
5099 2
5100 4
5101 4
5102 4
5103 6
5104 4
5105 5
5106 4
5107 2
5108 3
5109 4
5110 2
5111 0
5112 3
5113 3
5114 2
5115 1
5116 6
5117 5
5118 4
5119 1
5120 2
5121 3
5122 2
5123 1
5124 3
5125 3
5126 1
5127 1
5128 3
5129 3
5130 3
5131 3
5132 2
5133 2
5134 0
5135 2
5136 3
5137 2
5138 3
5139 1
5140 2
5141 2
5142 5
5143 4
5144 3
5145 3
5146 1
5147 1
5148 3
5149 2
5150 5
5151 5
5152 2
5153 3
5154 3
5155 1
5156 3
5157 2
5158 1
5159 2
5160 2
5161 1
5162 2
5163 1
5164 3
5165 3
5166 2
5167 6
5168 5
5169 7
5170 9
5171 9
5172 8
5173 6
5174 5
5175 4
5176 3
5177 4
5178 4
5179 4
5180 2
5181 4
5182 2
5183 0
5184 2
5185 4
5186 2
5187 4
5188 5
5189 5
5190 4
5191 3
5192 2
5193 3
5194 3
5195 4
5196 2
5197 1
5198 4
5199 3
5200 1
5201 1
5202 1
5203 4
5204 2
5205 2
5206 1
5207 1
5208 1
5209 3
5210 3
5211 1
5212 2
5213 4
5214 2
5215 3
5216 4
5217 5
5218 6
5219 4
5220 4
5221 1
5222 5
5223 4
5224 3
5225 5
5226 4
5227 3
5228 1
5229 4
5230 2
5231 2
5232 2
5233 2
5234 2
5235 3
5236 1
5237 3
5238 3
5239 2
5240 3
5241 2
5242 3
5243 1
5244 3
5245 2
5246 3
5247 0
5248 3
5249 3
5250 2
5251 3
5252 4
5253 4
5254 4
5255 4
5256 5
5257 6
5258 6
5259 5
5260 4
5261 2
5262 2
5263 2
5264 0
5265 2
5266 4
5267 3
5268 4
5269 2
5270 3
5271 3
5272 3
5273 6
5274 8
5275 7
5276 5
5277 5
5278 3
5279 1
5280 2
5281 1
5282 1
5283 1
5284 0
5285 1
5286 3
5287 3
5288 3
5289 4
5290 3
5291 0
5292 6
5293 6
5294 8
5295 9
5296 8
5297 7
5298 5
5299 5
5300 4
5301 4
5302 4
5303 2
5304 2
5305 5
5306 5
5307 4
5308 3
5309 5
5310 7
5311 7
5312 5
5313 7
5314 6
5315 5
5316 3
5317 1
5318 2
5319 0
5320 3
5321 2
5322 2
5323 0
5324 4
5325 3
5326 4
5327 5
5328 4
5329 4
5330 6
5331 7
5332 5
5333 3
5334 5
5335 4
5336 2
5337 2
5338 3
5339 1
5340 2
5341 4
5342 2
5343 1
5344 1
5345 5
5346 5
5347 6
5348 7
5349 5
5350 4
5351 2
5352 2
5353 1
5354 3
5355 2
5356 2
5357 5
5358 5
5359 3
5360 2
5361 3
5362 3
5363 4
5364 3
5365 5
5366 4
5367 2
5368 3
5369 2
5370 2
5371 2
5372 2
5373 3
5374 3
5375 1
5376 2
5377 2
5378 5
5379 4
5380 2
5381 2
5382 1
5383 2
5384 4
5385 4
5386 4
5387 5
5388 4
5389 4
5390 6
5391 5
5392 4
5393 4
5394 2
5395 3
5396 1
5397 3
5398 2
5399 1
5400 2
5401 2
5402 4
5403 2
5404 4
5405 3
5406 2
5407 3
5408 4
5409 5
5410 5
5411 6
5412 5
5413 5
5414 4
5415 4
5416 3
5417 3
5418 2
5419 3
5420 3
5421 3
5422 4
5423 5
5424 7
5425 8
5426 6
5427 7
5428 12
5429 12
5430 13
5431 13
5432 13
5433 13
5434 14
5435 11
5436 14
5437 14
5438 13
5439 13
5440 13
5441 12
5442 11
5443 12
5444 12
5445 11
5446 10
5447 9
5448 10
5449 11
5450 10
5451 11
5452 10
5453 11
5454 11
5455 10
5456 11
5457 11
5458 10
5459 9
5460 6
5461 5
5462 5
5463 4
5464 3
5465 2
5466 2
5467 4
5468 4
5469 6
5470 5
5471 4
5472 3
5473 2
5474 1
5475 0
5476 4
5477 5
5478 5
5479 7
5480 7
5481 6
5482 4
5483 4
5484 2
5485 5
5486 4
5487 3
5488 8
5489 5
5490 4
5491 4
5492 1
5493 5
5494 2
5495 3
5496 0
5497 1
5498 3
5499 3
5500 1
5501 1
5502 1
5503 2
5504 4
5505 2
5506 3
5507 4
5508 4
5509 7
5510 7
5511 10
5512 7
5513 6
5514 6
5515 5
5516 5
5517 3
5518 3
5519 1
5520 2
5521 2
5522 3
5523 2
5524 2
5525 2
5526 0
5527 2
5528 4
5529 2
5530 2
5531 1
5532 2
5533 3
5534 4
5535 5
5536 6
5537 6
5538 8
5539 8
5540 9
5541 9
5542 11
5543 11
5544 12
5545 11
5546 9
5547 10
5548 7
5549 7
5550 5
5551 4
5552 3
5553 1
5554 4
5555 2
5556 2
5557 2
5558 3
5559 3
5560 2
5561 1
5562 1
5563 4
5564 1
5565 4
5566 5
5567 4
5568 6
5569 5
5570 3
5571 2
5572 2
5573 0
5574 5
5575 4
5576 5
5577 6
5578 4
5579 3
5580 1
5581 3
5582 1
5583 3
5584 4
5585 2
5586 2
5587 3
5588 3
5589 2
5590 3
5591 3
5592 3
5593 4
5594 5
5595 5
5596 4
5597 3
5598 3
5599 2
5600 4
5601 3
5602 2
5603 1
5604 1
5605 2
5606 2
5607 0
5608 3
5609 2
5610 2
5611 4
5612 4
5613 4
5614 2
5615 2
5616 4
5617 4
5618 4
5619 3
5620 2
5621 3
5622 3
5623 0
5624 1
5625 4
5626 5
5627 5
5628 6
5629 6
5630 6
5631 5
5632 7
5633 8
5634 8
5635 8
5636 8
5637 9
5638 8
5639 7
5640 7
5641 9
5642 9
5643 8
5644 8
5645 10
5646 11
5647 11
5648 8
5649 9
5650 7
5651 8
5652 8
5653 7
5654 7
5655 6
5656 7
5657 8
5658 7
5659 8
5660 6
5661 5
5662 4
5663 3
5664 2
5665 1
5666 1
5667 2
5668 0
5669 4
5670 1
5671 1
5672 3
5673 1
5674 3
5675 3
5676 2
5677 0
5678 1
5679 1
5680 1
5681 2
5682 4
5683 4
5684 3
5685 3
5686 4
5687 3
5688 4
5689 5
5690 4
5691 3
5692 2
5693 2
5694 4
5695 3
5696 4
5697 4
5698 5
5699 6
5700 5
5701 3
5702 6
5703 7
5704 8
5705 8
5706 6
5707 7
5708 9
5709 7
5710 8
5711 9
5712 9
5713 8
5714 7
5715 7
5716 5
5717 4
5718 5
5719 7
5720 7
5721 8
5722 7
5723 6
5724 7
5725 6
5726 4
5727 4
5728 2
5729 5
5730 5
5731 4
5732 4
5733 1
5734 2
5735 4
5736 4
5737 5
5738 5
5739 3
5740 3
5741 2
5742 0
5743 2
5744 0
5745 3
5746 1
5747 2
5748 4
5749 3
5750 4
5751 4
5752 6
5753 6
5754 7
5755 6
5756 7
5757 5
5758 3
5759 1
5760 4
5761 4
5762 5
5763 5
5764 7
5765 6
5766 7
5767 8
5768 7
5769 8
5770 8
5771 8
5772 8
5773 5
5774 4
5775 3
5776 1
5777 0
5778 3
5779 0
5780 6
5781 4
5782 4
5783 3
5784 1
5785 3
5786 3
5787 2
5788 2
5789 4
5790 4
5791 6
5792 6
5793 5
5794 3
5795 3
5796 0
5797 5
5798 3
5799 3
5800 2
5801 3
5802 0
5803 3
5804 1
5805 2
5806 0
5807 4
5808 5
5809 6
5810 3
5811 1
5812 3
5813 4
5814 4
5815 2
5816 4
5817 3
5818 3
5819 5
5820 5
5821 3
5822 3
5823 4
5824 2
5825 3
5826 3
5827 1
5828 2
5829 1
5830 2
5831 4
5832 5
5833 5
5834 4
5835 3
5836 2
5837 2
5838 2
5839 1
5840 5
5841 4
5842 3
5843 2
5844 2
5845 2
5846 2
5847 2
5848 5
5849 5
5850 3
5851 2
5852 3
5853 1
5854 2
5855 4
5856 1
5857 2
5858 2
5859 1
5860 5
5861 5
5862 5
5863 3
5864 8
5865 8
5866 7
5867 8
5868 7
5869 6
5870 3
5871 2
5872 2
5873 1
5874 3
5875 3
5876 4
5877 4
5878 2
5879 2
5880 4
5881 4
5882 6
5883 4
5884 4
5885 3
5886 5
5887 2
5888 2
5889 3
5890 5
5891 2
5892 3
5893 2
5894 5
5895 4
5896 4
5897 3
5898 4
5899 4
5900 3
5901 2
5902 4
5903 2
5904 0
5905 4
5906 5
5907 3
5908 2
5909 3
5910 4
5911 2
5912 5
5913 3
5914 1
5915 2
5916 1
5917 4
5918 4
5919 5
5920 4
5921 3
5922 2
5923 2
5924 3
5925 5
5926 3
5927 4
5928 4
5929 5
5930 5
5931 5
5932 3
5933 1
5934 3
5935 3
5936 3
5937 3
5938 1
5939 2
5940 2
5941 3
5942 4
5943 4
5944 4
5945 3
5946 4
5947 7
5948 7
5949 7
5950 6
5951 4
5952 4
5953 4
5954 2
5955 4
5956 2
5957 1
5958 3
5959 3
5960 4
5961 3
5962 4
5963 5
5964 5
5965 6
5966 5
5967 4
5968 3
5969 3
5970 4
5971 4
5972 4
5973 4
5974 4
5975 2
5976 2
5977 1
5978 1
5979 3
5980 3
5981 3
5982 5
5983 6
5984 5
5985 5
5986 4
5987 3
5988 1
5989 0
5990 3
5991 2
5992 2
5993 1
5994 4
5995 3
5996 2
5997 6
5998 8
5999 9
6000 8
6001 6
6002 5
6003 4
6004 6
6005 6
6006 6
6007 5
6008 5
6009 4
6010 4
6011 4
6012 5
6013 4
6014 3
6015 2
6016 1
6017 3
6018 2
6019 5
6020 4
6021 4
6022 4
6023 4
6024 5
6025 5
6026 6
6027 6
6028 9
6029 8
6030 7
6031 7
6032 6
6033 4
6034 2
6035 4
6036 3
6037 3
6038 5
6039 5
6040 4
6041 2
6042 1
6043 3
6044 4
6045 5
6046 4
6047 4
6048 3
6049 3
6050 4
6051 4
6052 4
6053 6
6054 5
6055 3
6056 4
6057 2
6058 3
6059 3
6060 3
6061 2
6062 2
6063 1
6064 2
6065 3
6066 3
6067 2
6068 3
6069 2
6070 2
6071 2
6072 7
6073 8
6074 8
6075 6
6076 6
6077 5
6078 4
6079 2
6080 0
6081 1
6082 1
6083 3
6084 1
6085 5
6086 7
6087 6
6088 5
6089 4
6090 7
6091 8
6092 8
6093 8
6094 9
6095 8
6096 7
6097 6
6098 6
6099 5
6100 5
6101 5
6102 3
6103 2
6104 2
6105 2
6106 4
6107 3
6108 3
6109 1
6110 2
6111 1
6112 3
6113 2
6114 3
6115 1
6116 2
6117 3
6118 2
6119 2
6120 3
6121 4
6122 3
6123 2
6124 2
6125 1
6126 5
6127 4
6128 3
6129 2
6130 3
6131 5
6132 6
6133 8
6134 6
6135 5
6136 4
6137 3
6138 1
6139 1
6140 5
6141 4
6142 2
6143 2
6144 2
6145 4
6146 4
6147 4
6148 2
6149 2
6150 3
6151 4
6152 5
6153 5
6154 5
6155 4
6156 4
6157 3
6158 7
6159 6
6160 5
6161 6
6162 7
6163 6
6164 6
6165 3
6166 5
6167 2
6168 3
6169 0
6170 5
6171 5
6172 6
6173 6
6174 6
6175 5
6176 5
6177 5
6178 5
6179 6
6180 5
6181 3
6182 1
6183 2
6184 2
6185 3
6186 5
6187 4
6188 4
6189 3
6190 3
6191 1
6192 2
6193 4
6194 4
6195 3
6196 3
6197 3
6198 1
6199 2
6200 4
6201 1
6202 1
6203 4
6204 3
6205 3
6206 2
6207 3
6208 3
6209 3
6210 4
6211 5
6212 6
6213 8
6214 8
6215 8
6216 7
6217 5
6218 5
6219 4
6220 5
6221 4
6222 5
6223 6
6224 7
6225 6
6226 4
6227 3
6228 1
6229 3
6230 4
6231 5
6232 3
6233 3
6234 2
6235 1
6236 5
6237 6
6238 7
6239 6
6240 6
6241 6
6242 5
6243 4
6244 2
6245 2
6246 5
6247 4
6248 7
6249 10
6250 10
6251 7
6252 7
6253 7
6254 10
6255 9
6256 10
6257 8
6258 9
6259 6
6260 5
6261 5
6262 4
6263 5
6264 4
6265 2
6266 6
6267 7
6268 8
6269 5
6270 5
6271 7
6272 8
6273 6
6274 4
6275 3
6276 4
6277 4
6278 3
6279 0
6280 5
6281 5
6282 5
6283 7
6284 6
6285 7
6286 6
6287 3
6288 4
6289 3
6290 3
6291 1
6292 2
6293 3
6294 6
6295 7
6296 5
6297 4
6298 3
6299 1
6300 1
6301 4
6302 2
6303 3
6304 3
6305 0
6306 3
6307 1
6308 1
6309 4
6310 2
6311 3
6312 1
6313 2
6314 3
6315 4
6316 5
6317 5
6318 3
6319 3
6320 5
6321 4
6322 8
6323 7
6324 7
6325 7
6326 6
6327 4
6328 3
6329 5
6330 7
6331 6
6332 5
6333 3
6334 4
6335 3
6336 1
6337 3
6338 3
6339 1
6340 1
6341 2
6342 4
6343 3
6344 2
6345 1
6346 1
6347 3
6348 0
6349 4
6350 2
6351 4
6352 4
6353 3
6354 3
6355 5
6356 4
6357 3
6358 2
6359 1
6360 3
6361 1
6362 0
6363 1
6364 2
6365 3
6366 3
6367 5
6368 5
6369 2
6370 3
6371 3
6372 4
6373 2
6374 3
6375 3
6376 2
6377 4
6378 4
6379 5
6380 4
6381 4
6382 1
6383 2
6384 2
6385 0
6386 3
6387 1
6388 3
6389 2
6390 4
6391 5
6392 5
6393 6
6394 6
6395 6
6396 7
6397 4
6398 2
6399 1
6400 3
6401 3
6402 1
6403 2
6404 1
6405 2
6406 5
6407 5
6408 3
6409 3
6410 4
6411 3
6412 5
6413 5
6414 6
6415 5
6416 4
6417 6
6418 5
6419 9
6420 9
6421 10
6422 9
6423 7
6424 4
6425 1
6426 1
6427 0
6428 2
6429 0
6430 2
6431 4
6432 2
6433 3
6434 1
6435 2
6436 4
6437 3
6438 1
6439 4
6440 3
6441 0
6442 5
6443 5
6444 5
6445 5
6446 5
6447 6
6448 6
6449 9
6450 11
6451 11
6452 9
6453 10
6454 9
6455 8
6456 6
6457 3
6458 4
6459 2
6460 4
6461 4
6462 4
6463 2
6464 4
6465 5
6466 5
6467 6
6468 7
6469 8
6470 7
6471 6
6472 9
6473 7
6474 7
6475 8
6476 6
6477 3
6478 2
6479 3
6480 4
6481 3
6482 5
6483 3
6484 2
6485 2
6486 3
6487 1
6488 0
6489 5
6490 4
6491 4
6492 2
6493 4
6494 4
6495 2
6496 1
6497 1
6498 2
6499 0
6500 0
6501 3
6502 2
6503 2
6504 4
6505 6
6506 5
6507 3
6508 3
6509 2
6510 4
6511 5
6512 4
6513 3
6514 5
6515 6
6516 4
6517 2
6518 2
6519 2
6520 0
6521 3
6522 4
6523 3
6524 2
6525 4
6526 4
6527 5
6528 4
6529 2
6530 2
6531 3
6532 3
6533 2
6534 3
6535 5
6536 3
6537 2
6538 0
6539 3
6540 4
6541 3
6542 1
6543 3
6544 4
6545 3
6546 2
6547 3
6548 2
6549 0
6550 2
6551 2
6552 1
6553 3
6554 1
6555 2
6556 3
6557 4
6558 4
6559 2
6560 3
6561 4
6562 4
6563 3
6564 1
6565 4
6566 3
6567 1
6568 5
6569 6
6570 8
6571 9
6572 9
6573 9
6574 11
6575 12
6576 9
6577 9
6578 9
6579 9
6580 10
6581 9
6582 6
6583 4
6584 2
6585 2
6586 4
6587 3
6588 2
6589 3
6590 2
6591 3
6592 3
6593 2
6594 2
6595 2
6596 3
6597 3
6598 2
6599 2
6600 3
6601 4
6602 2
6603 2
6604 1
6605 2
6606 3
6607 1
6608 4
6609 4
6610 6
6611 7
6612 7
6613 8
6614 8
6615 8
6616 10
6617 9
6618 8
6619 9
6620 8
6621 7
6622 7
6623 5
6624 5
6625 7
6626 8
6627 8
6628 8
6629 8
6630 8
6631 8
6632 9
6633 6
6634 6
6635 6
6636 6
6637 6
6638 6
6639 6
6640 4
6641 6
6642 4
6643 3
6644 1
6645 3
6646 2
6647 1
6648 3
6649 4
6650 5
6651 6
6652 5
6653 6
6654 7
6655 9
6656 9
6657 8
6658 8
6659 8
6660 7
6661 8
6662 8
6663 7
6664 5
6665 7
6666 8
6667 7
6668 6
6669 8
6670 8
6671 8
6672 6
6673 5
6674 8
6675 8
6676 8
6677 6
6678 5
6679 5
6680 5
6681 4
6682 2
6683 3
6684 2
6685 3
6686 3
6687 1
6688 0
6689 4
6690 2
6691 1
6692 3
6693 3
6694 3
6695 0
6696 4
6697 6
6698 6
6699 4
6700 5
6701 6
6702 8
6703 9
6704 8
6705 9
6706 10
6707 11
6708 11
6709 13
6710 12
6711 10
6712 9
6713 9
6714 8
6715 9
6716 8
6717 8
6718 8
6719 6
6720 5
6721 6
6722 6
6723 7
6724 6
6725 7
6726 6
6727 6
6728 4
6729 3
6730 3
6731 0
6732 4
6733 4
6734 2
6735 0
6736 3
6737 2
6738 5
6739 2
6740 1
6741 2
6742 3
6743 1
6744 4
6745 3
6746 2
6747 2
6748 3
6749 2
6750 5
6751 5
6752 4
6753 3
6754 5
6755 4
6756 5
6757 5
6758 4
6759 3
6760 5
6761 4
6762 3
6763 1
6764 2
6765 4
6766 6
6767 5
6768 5
6769 5
6770 5
6771 5
6772 5
6773 3
6774 4
6775 4
6776 5
6777 4
6778 3
6779 2
6780 3
6781 1
6782 2
6783 4
6784 3
6785 1
6786 1
6787 3
6788 1
6789 2
6790 1
6791 2
6792 5
6793 2
6794 1
6795 3
6796 0
6797 3
6798 5
6799 6
6800 5
6801 6
6802 8
6803 6
6804 3
6805 2
6806 3
6807 3
6808 3
6809 1
6810 2
6811 0
6812 1
6813 3
6814 3
6815 4
6816 3
6817 1
6818 3
6819 2
6820 1
6821 2
6822 4
6823 5
6824 5
6825 4
6826 3
6827 4
6828 3
6829 4
6830 1
6831 2
6832 1
6833 2
6834 4
6835 7
6836 5
6837 3
6838 1
6839 1
6840 0
6841 4
6842 3
6843 1
6844 2
6845 4
6846 3
6847 2
6848 4
6849 7
6850 7
6851 5
6852 6
6853 7
6854 5
6855 7
6856 7
6857 7
6858 8
6859 8
6860 10
6861 10
6862 8
6863 8
6864 5
6865 5
6866 6
6867 8
6868 7
6869 5
6870 5
6871 4
6872 4
6873 2
6874 3
6875 4
6876 5
6877 5
6878 3
6879 1
6880 2
6881 1
6882 3
6883 1
6884 2
6885 4
6886 3
6887 2
6888 2
6889 3
6890 0
6891 3
6892 1
6893 2
6894 1
6895 2
6896 3
6897 1
6898 1
6899 1
6900 3
6901 3
6902 2
6903 3
6904 2
6905 2
6906 5
6907 3
6908 3
6909 4
6910 4
6911 2
6912 2
6913 1
6914 2
6915 1
6916 2
6917 1
6918 4
6919 3
6920 2
6921 3
6922 0
6923 3
6924 2
6925 2
6926 2
6927 3
6928 4
6929 3
6930 3
6931 1
6932 3
6933 4
6934 3
6935 2
6936 4
6937 4
6938 5
6939 4
6940 4
6941 3
6942 6
6943 6
6944 3
6945 0
6946 3
6947 1
6948 2
6949 4
6950 3
6951 2
6952 2
6953 4
6954 4
6955 3
6956 4
6957 3
6958 1
6959 5
6960 3
6961 2
6962 3
6963 2
6964 4
6965 3
6966 2
6967 2
6968 3
6969 4
6970 4
6971 6
6972 3
6973 3
6974 4
6975 3
6976 4
6977 3
6978 2
6979 4
6980 4
6981 7
6982 6
6983 6
6984 6
6985 4
6986 2
6987 4
6988 4
6989 3
6990 7
6991 5
6992 4
6993 3
6994 3
6995 2
6996 2
6997 5
6998 6
6999 9
7000 9
7001 9
7002 10
7003 9
7004 12
7005 12
7006 11
7007 9
7008 9
7009 9
7010 7
7011 7
7012 6
7013 5
7014 4
7015 2
7016 5
7017 5
7018 5
7019 6
7020 5
7021 4
7022 3
7023 1
7024 4
7025 3
7026 4
7027 5
7028 6
7029 6
7030 5
7031 6
7032 4
7033 4
7034 4
7035 8
7036 7
7037 9
7038 10
7039 11
7040 8
7041 9
7042 7
7043 4
7044 2
7045 1
7046 2
7047 3
7048 2
7049 4
7050 5
7051 6
7052 5
7053 6
7054 8
7055 6
7056 6
7057 6
7058 7
7059 7
7060 8
7061 8
7062 7
7063 7
7064 6
7065 4
7066 4
7067 5
7068 5
7069 3
7070 4
7071 5
7072 5
7073 7
7074 4
7075 5
7076 5
7077 4
7078 4
7079 3
7080 5
7081 4
7082 3
7083 0
7084 1
7085 1
7086 5
7087 3
7088 2
7089 2
7090 4
7091 4
7092 4
7093 2
7094 3
7095 2
7096 2
7097 3
7098 3
7099 0
7100 3
7101 2
7102 1
7103 2
7104 3
7105 4
7106 4
7107 5
7108 4
7109 2
7110 3
7111 2
7112 4
7113 2
7114 5
7115 6
7116 5
7117 5
7118 3
7119 1
7120 3
7121 1
7122 4
7123 2
7124 5
7125 4
7126 4
7127 2
7128 1
7129 3
7130 3
7131 5
7132 7
7133 7
7134 6
7135 6
7136 7
7137 10
7138 9
7139 8
7140 7
7141 6
7142 4
7143 2
7144 4
7145 4
7146 2
7147 1
7148 0
7149 3
7150 3
7151 1
7152 4
7153 4
7154 4
7155 4
7156 2
7157 4
7158 3
7159 3
7160 6
7161 5
7162 5
7163 5
7164 5
7165 8
7166 7
7167 6
7168 6
7169 7
7170 7
7171 7
7172 6
7173 4
7174 3
7175 2
7176 2
7177 3
7178 5
7179 5
7180 5
7181 5
7182 4
7183 4
7184 5
7185 3
7186 3
7187 1
7188 1
7189 3
7190 4
7191 5
7192 4
7193 5
7194 4
7195 3
7196 1
7197 5
7198 4
7199 3
7200 3
7201 3
7202 4
7203 4
7204 2
7205 2
7206 2
7207 3
7208 3
7209 1
7210 2
7211 2
7212 3
7213 2
7214 2
7215 1
7216 0
7217 2
7218 2
7219 0
7220 5
7221 5
7222 7
7223 8
7224 7
7225 10
7226 7
7227 8
7228 8
7229 6
7230 7
7231 7
7232 6
7233 5
7234 5
7235 4
7236 3
7237 1
7238 1
7239 3
7240 4
7241 3
7242 7
7243 6
7244 8
7245 8
7246 6
7247 4
7248 2
7249 3
7250 1
7251 1
7252 3
7253 1
7254 7
7255 6
7256 9
7257 9
7258 8
7259 8
7260 8
7261 9
7262 7
7263 9
7264 7
7265 7
7266 9
7267 7
7268 6
7269 3
7270 4
7271 3
7272 2
7273 1
7274 2
7275 4
7276 4
7277 3
7278 3
7279 4
7280 3
7281 1
7282 2
7283 1
7284 3
7285 2
7286 2
7287 4
7288 5
7289 6
7290 4
7291 3
7292 3
7293 3
7294 2
7295 1
7296 2
7297 6
7298 7
7299 5
7300 3
7301 3
7302 3
7303 0
7304 4
7305 4
7306 1
7307 2
7308 5
7309 5
7310 5
7311 6
7312 4
7313 3
7314 1
7315 3
7316 3
7317 3
7318 1
7319 2
7320 3
7321 2
7322 7
7323 5
7324 3
7325 3
7326 4
7327 3
7328 2
7329 2
7330 1
7331 0
7332 3
7333 1
7334 3
7335 2
7336 3
7337 3
7338 2
7339 2
7340 2
7341 3
7342 4
7343 3
7344 3
7345 4
7346 2
7347 4
7348 6
7349 7
7350 5
7351 4
7352 4
7353 3
7354 4
7355 2
7356 8
7357 7
7358 7
7359 8
7360 9
7361 8
7362 10
7363 10
7364 12
7365 11
7366 10
7367 8
7368 8
7369 7
7370 6
7371 5
7372 4
7373 2
7374 2
7375 2
7376 2
7377 1
7378 3
7379 2
7380 3
7381 4
7382 1
7383 3
7384 3
7385 4
7386 3
7387 1
7388 2
7389 6
7390 4
7391 3
7392 1
7393 3
7394 2
7395 2
7396 1
7397 2
7398 1
7399 3
7400 0
7401 3
7402 4
7403 6
7404 4
7405 3
7406 3
7407 4
7408 2
7409 4
7410 4
7411 6
7412 6
7413 6
7414 6
7415 7
7416 11
7417 9
7418 9
7419 8
7420 9
7421 9
7422 6
7423 9
7424 8
7425 7
7426 7
7427 4
7428 3
7429 4
7430 3
7431 4
7432 4
7433 2
7434 2
7435 5
7436 6
7437 5
7438 4
7439 4
7440 4
7441 3
7442 3
7443 4
7444 2
7445 1
7446 0
7447 2
7448 2
7449 2
7450 4
7451 3
7452 2
7453 5
7454 4
7455 4
7456 7
7457 8
7458 9
7459 8
7460 8
7461 9
7462 10
7463 9
7464 10
7465 10
7466 9
7467 8
7468 10
7469 8
7470 8
7471 9
7472 8
7473 8
7474 5
7475 3
7476 5
7477 3
7478 2
7479 7
7480 8
7481 7
7482 4
7483 3
7484 4
7485 4
7486 3
7487 5
7488 5
7489 2
7490 1
7491 4
7492 3
7493 4
7494 3
7495 3
7496 2
7497 2
7498 2
7499 4
7500 5
7501 2
7502 2
7503 1
7504 1
7505 4
7506 3
7507 2
7508 2
7509 3
7510 1
7511 2
7512 3
7513 1
7514 3
7515 4
7516 4
7517 5
7518 5
7519 3
7520 1
7521 4
7522 7
7523 6
7524 6
7525 7
7526 8
7527 8
7528 6
7529 6
7530 5
7531 5
7532 3
7533 1
7534 3
7535 3
7536 1
7537 3
7538 4
7539 2
7540 2
7541 3
7542 0
7543 3
7544 2
7545 1
7546 5
7547 5
7548 3
7549 2
7550 2
7551 2
7552 3
7553 5
7554 4
7555 2
7556 3
7557 3
7558 5
7559 3
7560 0
7561 0
7562 5
7563 5
7564 6
7565 4
7566 3
7567 2
7568 0
7569 3
7570 2
7571 2
7572 2
7573 2
7574 2
7575 3
7576 2
7577 1
7578 3
7579 5
7580 4
7581 4
7582 4
7583 3
7584 4
7585 3
7586 4
7587 3
7588 2
7589 3
7590 0
7591 2
7592 1
7593 5
7594 3
7595 1
7596 4
7597 5
7598 5
7599 6
7600 6
7601 5
7602 6
7603 6
7604 7
7605 5
7606 5
7607 2
7608 2
7609 2
7610 1
7611 1
7612 5
7613 6
7614 4
7615 4
7616 4
7617 3
7618 0
7619 1
7620 3
7621 2
7622 3
7623 1
7624 3
7625 1
7626 4
7627 5
7628 4
7629 4
7630 3
7631 2
7632 2
7633 3
7634 2
7635 2
7636 1
7637 2
7638 2
7639 3
7640 3
7641 1
7642 4
7643 2
7644 3
7645 2
7646 3
7647 1
7648 3
7649 3
7650 3
7651 4
7652 5
7653 3
7654 2
7655 3
7656 1
7657 4
7658 7
7659 6
7660 6
7661 3
7662 3
7663 3
7664 1
7665 1
7666 4
7667 3
7668 2
7669 2
7670 3
7671 5
7672 4
7673 4
7674 3
7675 3
7676 3
7677 3
7678 3
7679 3
7680 1
7681 2
7682 3
7683 1
7684 4
7685 3
7686 2
7687 2
7688 2
7689 5
7690 4
7691 2
7692 4
7693 6
7694 6
7695 4
7696 4
7697 3
7698 4
7699 4
7700 5
7701 4
7702 5
7703 4
7704 5
7705 7
7706 8
7707 8
7708 6
7709 5
7710 3
7711 3
7712 3
7713 0
7714 1
7715 2
7716 1
7717 2
7718 2
7719 2
7720 3
7721 2
7722 2
7723 4
7724 2
7725 3
7726 2
7727 2
7728 4
7729 3
7730 2
7731 4
7732 5
7733 7
7734 6
7735 3
7736 1
7737 2
7738 3
7739 1
7740 3
7741 2
7742 1
7743 3
7744 4
7745 2
7746 2
7747 1
7748 1
7749 3
7750 2
7751 1
7752 1
7753 4
7754 3
7755 5
7756 5
7757 6
7758 6
7759 6
7760 8
7761 8
7762 7
7763 6
7764 5
7765 4
7766 2
7767 2
7768 1
7769 3
7770 3
7771 3
7772 5
7773 4
7774 3
7775 3
7776 2
7777 3
7778 2
7779 3
7780 6
7781 6
7782 5
7783 4
7784 2
7785 2
7786 0
7787 3
7788 1
7789 2
7790 2
7791 3
7792 3
7793 3
7794 1
7795 1
7796 2
7797 4
7798 4
7799 4
7800 5
7801 5
7802 5
7803 5
7804 5
7805 3
7806 2
7807 3
7808 4
7809 5
7810 4
7811 5
7812 4
7813 2
7814 2
7815 2
7816 2
7817 2
7818 2
7819 4
7820 2
7821 2
7822 4
7823 3
7824 1
7825 1
7826 3
7827 3
7828 4
7829 4
7830 4
7831 4
7832 4
7833 3
7834 3
7835 2
7836 1
7837 5
7838 4
7839 4
7840 4
7841 3
7842 2
7843 3
7844 2
7845 3
7846 5
7847 4
7848 3
7849 1
7850 2
7851 0
7852 0
7853 2
7854 5
7855 3
7856 3
7857 3
7858 6
7859 5
7860 4
7861 1
7862 0
7863 5
7864 5
7865 6
7866 4
7867 7
7868 6
7869 7
7870 7
7871 5
7872 3
7873 3
7874 0
7875 4
7876 4
7877 2
7878 0
7879 3
7880 4
7881 5
7882 5
7883 4
7884 2
7885 2
7886 3
7887 4
7888 4
7889 4
7890 5
7891 6
7892 4
7893 4
7894 1
7895 1
7896 3
7897 1
7898 3
7899 1
7900 1
7901 5
7902 4
7903 4
7904 5
7905 4
7906 4
7907 4
7908 3
7909 3
7910 2
7911 2
7912 3
7913 2
7914 3
7915 4
7916 3
7917 3
7918 3
7919 3
7920 5
7921 4
7922 1
7923 2
7924 2
7925 1
7926 2
7927 1
7928 1
7929 1
7930 3
7931 1
7932 2
7933 1
7934 1
7935 4
7936 4
7937 4
7938 5
7939 5
7940 6
7941 8
7942 8
7943 9
7944 9
7945 8
7946 7
7947 7
7948 7
7949 6
7950 5
7951 3
7952 2
7953 2
7954 4
7955 4
7956 4
7957 5
7958 4
7959 3
7960 2
7961 4
7962 4
7963 2
7964 2
7965 1
7966 4
7967 2
7968 1
7969 4
7970 3
7971 3
7972 2
7973 3
7974 2
7975 1
7976 4
7977 3
7978 4
7979 4
7980 3
7981 3
7982 2
7983 3
7984 3
7985 5
7986 5
7987 6
7988 4
7989 4
7990 2
7991 1
7992 1
7993 1
7994 3
7995 3
7996 6
7997 4
7998 4
7999 2
8000 3
8001 4
8002 4
8003 2
8004 0
8005 1
8006 2
8007 3
8008 4
8009 1
8010 1
8011 4
8012 3
8013 2
8014 1
8015 3
8016 3
8017 1
8018 4
8019 3
8020 4
8021 5
8022 5
8023 5
8024 2
8025 2
8026 2
8027 2
8028 4
8029 4
8030 3
8031 1
8032 2
8033 2
8034 3
8035 2
8036 1
8037 3
8038 3
8039 2
8040 2
8041 2
8042 4
8043 2
8044 3
8045 2
8046 3
8047 1
8048 0
8049 1
8050 4
8051 3
8052 2
8053 3
8054 3
8055 4
8056 4
8057 2
8058 5
8059 6
8060 4
8061 2
8062 1
8063 4
8064 5
8065 8
8066 6
8067 7
8068 7
8069 6
8070 5
8071 5
8072 6
8073 5
8074 5
8075 6
8076 7
8077 9
8078 10
8079 11
8080 14
8081 13
8082 12
8083 13
8084 13
8085 11
8086 9
8087 9
8088 9
8089 9
8090 11
8091 9
8092 10
8093 10
8094 8
8095 7
8096 8
8097 9
8098 8
8099 5
8100 3
8101 2
8102 3
8103 3
8104 2
8105 2
8106 3
8107 0
8108 1
8109 1
8110 1
8111 3
8112 1
8113 0
8114 1
8115 2
8116 3
8117 3
8118 6
8119 5
8120 5
8121 3
8122 3
8123 5
8124 3
8125 1
8126 4
8127 4
8128 5
8129 5
8130 4
8131 1
8132 1
8133 2
8134 3
8135 0
8136 2
8137 2
8138 2
8139 1
8140 1
8141 0
8142 2
8143 0
8144 6
8145 6
8146 5
8147 6
8148 4
8149 2
8150 5
8151 6
8152 7
8153 5
8154 4
8155 5
8156 6
8157 6
8158 4
8159 4
8160 6
8161 5
8162 6
8163 6
8164 8
8165 6
8166 6
8167 5
8168 7
8169 5
8170 4
8171 3
8172 2
8173 6
8174 5
8175 3
8176 3
8177 1
8178 3
8179 1
8180 3
8181 4
8182 3
8183 1
8184 3
8185 1
8186 0
8187 3
8188 2
8189 1
8190 5
8191 4
8192 3
8193 2
8194 3
8195 3
8196 2
8197 3
8198 2
8199 5
8200 4
8201 4
8202 4
8203 4
8204 3
8205 2
8206 2
8207 4
8208 3
8209 1
8210 3
8211 3
8212 4
8213 5
8214 4
8215 2
8216 0
8217 2
8218 1
8219 2
8220 3
8221 2
8222 2
8223 1
8224 1
8225 3
8226 5
8227 6
8228 6
8229 6
8230 7
8231 6
8232 7
8233 9
8234 9
8235 9
8236 10
8237 8
8238 8
8239 8
8240 7
8241 6
8242 4
8243 4
8244 1
8245 2
8246 4
8247 3
8248 1
8249 3
8250 3
8251 2
8252 2
8253 0
8254 5
8255 4
8256 3
8257 1
8258 1
8259 6
8260 7
8261 7
8262 5
8263 2
8264 3
8265 1
8266 3
8267 2
8268 3
8269 2
8270 3
8271 4
8272 3
8273 4
8274 4
8275 5
8276 6
8277 7
8278 5
8279 5
8280 6
8281 5
8282 7
8283 6
8284 6
8285 5
8286 4
8287 5
8288 3
8289 2
8290 4
8291 2
8292 3
8293 0
8294 3
8295 3
8296 3
8297 5
8298 4
8299 3
8300 3
8301 1
8302 2
8303 3
8304 2
8305 4
8306 2
8307 2
8308 2
8309 3
8310 4
8311 3
8312 5
8313 7
8314 9
8315 10
8316 9
8317 7
8318 6
8319 6
8320 5
8321 5
8322 3
8323 5
8324 3
8325 1
8326 3
8327 4
8328 1
8329 4
8330 2
8331 1
8332 1
8333 4
8334 3
8335 1
8336 0
8337 1
8338 1
8339 2
8340 3
8341 1
8342 3
8343 5
8344 4
8345 4
8346 4
8347 6
8348 7
8349 10
8350 11
8351 12
8352 13
8353 13
8354 12
8355 12
8356 14
8357 13
8358 12
8359 12
8360 13
8361 12
8362 10
8363 9
8364 7
8365 4
8366 5
8367 2
8368 1
8369 3
8370 3
8371 1
8372 4
8373 3
8374 4
8375 5
8376 6
8377 6
8378 5
8379 3
8380 3
8381 3
8382 3
8383 2
8384 1
8385 3
8386 1
8387 3
8388 0
8389 1
8390 0
8391 2
8392 5
8393 3
8394 2
8395 2
8396 2
8397 1
8398 4
8399 4
8400 2
8401 3
8402 1
8403 3
8404 4
8405 4
8406 1
8407 1
8408 2
8409 3
8410 1
8411 5
8412 6
8413 5
8414 5
8415 3
8416 0
8417 1
8418 1
8419 2
8420 2
8421 1
8422 4
8423 6
8424 7
8425 6
8426 7
8427 7
8428 6
8429 6
8430 3
8431 1
8432 3
8433 1
8434 1
8435 2
8436 4
8437 5
8438 4
8439 3
8440 1
8441 3
8442 1
8443 2
8444 2
8445 3
8446 2
8447 3
8448 0
8449 3
8450 2
8451 4
8452 2
8453 2
8454 4
8455 4
8456 2
8457 3
8458 0
8459 4
8460 3
8461 2
8462 3
8463 3
8464 1
8465 1
8466 2
8467 3
8468 1
8469 3
8470 3
8471 1
8472 3
8473 4
8474 4
8475 2
8476 2
8477 3
8478 0
8479 2
8480 0
8481 0
8482 2
8483 0
8484 2
8485 1
8486 3
8487 4
8488 2
8489 5
8490 6
8491 5
8492 4
8493 3
8494 0
8495 3
8496 3
8497 4
8498 2
8499 3
8500 3
8501 3
8502 1
8503 2
8504 0
8505 3
8506 4
8507 4
8508 3
8509 1
8510 4
8511 2
8512 0
8513 3
8514 3
8515 3
8516 3
8517 3
8518 3
8519 1
8520 3
8521 2
8522 1
8523 4
8524 3
8525 2
8526 1
8527 3
8528 2
8529 3
8530 4
8531 4
8532 2
8533 1
8534 2
8535 6
8536 5
8537 5
8538 5
8539 5
8540 4
8541 4
8542 2
8543 1
8544 1
8545 3
8546 3
8547 7
8548 8
8549 7
8550 7
8551 8
8552 8
8553 8
8554 8
8555 7
8556 5
8557 5
8558 5
8559 3
8560 2
8561 2
8562 3
8563 3
8564 4
8565 5
8566 5
8567 5
8568 5
8569 6
8570 6
8571 7
8572 8
8573 7
8574 8
8575 8
8576 7
8577 6
8578 5
8579 5
8580 5
8581 5
8582 7
8583 5
8584 2
8585 2
8586 4
8587 6
8588 6
8589 8
8590 8
8591 7
8592 5
8593 3
8594 2
8595 2
8596 0
8597 2
8598 2
8599 3
8600 1
8601 4
8602 1
8603 3
8604 1
8605 1
8606 1
8607 2
8608 4
8609 2
8610 0
8611 2
8612 3
8613 0
8614 2
8615 1
8616 5
8617 7
8618 6
8619 4
8620 5
8621 4
8622 2
8623 2
8624 2
8625 4
8626 5
8627 2
8628 2
8629 5
8630 6
8631 7
8632 9
8633 10
8634 9
8635 7
8636 6
8637 6
8638 6
8639 6
8640 5
8641 5
8642 5
8643 4
8644 3
8645 3
8646 2
8647 3
8648 3
8649 3
8650 4
8651 3
8652 1
8653 2
8654 2
8655 2
8656 1
8657 3
8658 2
8659 3
8660 1
8661 1
8662 2
8663 2
8664 1
8665 1
8666 2
8667 1
8668 2
8669 2
8670 4
8671 5
8672 3
8673 3
8674 0
8675 6
8676 5
8677 6
8678 6
8679 6
8680 9
8681 8
8682 7
8683 6
8684 7
8685 6
8686 6
8687 5
8688 6
8689 6
8690 4
8691 4
8692 6
8693 5
8694 4
8695 4
8696 5
8697 7
8698 5
8699 5
8700 3
8701 1
8702 4
8703 5
8704 4
8705 4
8706 4
8707 4
8708 1
8709 2
8710 2
8711 5
8712 4
8713 4
8714 5
8715 4
8716 3
8717 5
8718 4
8719 3
8720 5
8721 2
8722 3
8723 3
8724 2
8725 2
8726 3
8727 5
8728 4
8729 4
8730 2
8731 4
8732 4
8733 1
8734 0
8735 2
8736 3
8737 0
8738 4
8739 4
8740 4
8741 5
8742 3
8743 2
8744 2
8745 2
8746 3
8747 3
8748 1
8749 1
8750 2
8751 2
8752 1
8753 3
8754 1
8755 1
8756 5
8757 4
8758 4
8759 7
8760 6
8761 8
8762 5
8763 3
8764 2
8765 5
8766 4
8767 2
8768 3
8769 4
8770 2
8771 3
8772 4
8773 4
8774 3
8775 3
8776 2
8777 2
8778 3
8779 2
8780 3
8781 3
8782 5
8783 3
8784 3
8785 2
8786 5
8787 3
8788 1
8789 1
8790 3
8791 4
8792 1
8793 3
8794 2
8795 4
8796 3
8797 2
8798 2
8799 4
8800 3
8801 2
8802 1
8803 2
8804 4
8805 2
8806 2
8807 1
8808 5
8809 6
8810 6
8811 5
8812 2
8813 3
8814 2
8815 4
8816 4
8817 3
8818 3
8819 2
8820 5
8821 3
8822 2
8823 3
8824 3
8825 4
8826 4
8827 4
8828 3
8829 2
8830 2
8831 3
8832 3
8833 1
8834 1
8835 0
8836 1
8837 3
8838 4
8839 3
8840 2
8841 3
8842 2
8843 2
8844 1
8845 2
8846 2
8847 4
8848 3
8849 2
8850 1
8851 5
8852 4
8853 4
8854 4
8855 2
8856 2
8857 1
8858 1
8859 2
8860 2
8861 7
8862 7
8863 5
8864 5
8865 5
8866 4
8867 2
8868 3
8869 4
8870 4
8871 5
8872 4
8873 4
8874 4
8875 1
8876 1
8877 2
8878 2
8879 3
8880 6
8881 7
8882 5
8883 5
8884 6
8885 7
8886 6
8887 5
8888 6
8889 8
8890 7
8891 6
8892 6
8893 5
8894 6
8895 4
8896 3
8897 3
8898 1
8899 0
8900 1
8901 2
8902 4
8903 2
8904 3
8905 3
8906 1
8907 4
8908 3
8909 2
8910 4
8911 5
8912 2
8913 3
8914 3
8915 2
8916 4
8917 2
8918 1
8919 2
8920 3
8921 1
8922 4
8923 4
8924 5
8925 4
8926 4
8927 4
8928 3
8929 3
8930 3
8931 2
8932 2
8933 4
8934 1
8935 3
8936 2
8937 2
8938 2
8939 1
8940 3
8941 4
8942 4
8943 6
8944 3
8945 3
8946 4
8947 4
8948 2
8949 1
8950 2
8951 6
8952 4
8953 5
8954 4
8955 3
8956 3
8957 4
8958 4
8959 3
8960 3
8961 3
8962 3
8963 2
8964 1
8965 3
8966 2
8967 1
8968 2
8969 1
8970 2
8971 3
8972 2
8973 3
8974 2
8975 1
8976 5
8977 6
8978 3
8979 4
8980 3
8981 4
8982 3
8983 1
8984 2
8985 0
8986 2
8987 2
8988 3
8989 2
8990 3
8991 2
8992 2
8993 1
8994 1
8995 2
8996 2
8997 2
8998 4
8999 3
9000 3
9001 1
9002 4
9003 2
9004 1
9005 3
9006 2
9007 4
9008 3
9009 2
9010 2
9011 2
9012 1
9013 1
9014 2
9015 3
9016 3
9017 4
9018 1
9019 2
9020 2
9021 1
9022 6
9023 6
9024 4
9025 5
9026 3
9027 2
9028 2
9029 3
9030 3
9031 0
9032 2
9033 2
9034 4
9035 2
9036 2
9037 1
9038 3
9039 2
9040 4
9041 2
9042 2
9043 1
9044 2
9045 4
9046 2
9047 3
9048 1
9049 2
9050 0
9051 1
9052 1
9053 0
9054 3
9055 2
9056 2
9057 3
9058 4
9059 4
9060 3
9061 3
9062 1
9063 3
9064 2
9065 3
9066 1
9067 2
9068 4
9069 1
9070 2
9071 5
9072 5
9073 6
9074 7
9075 6
9076 7
9077 7
9078 7
9079 8
9080 6
9081 7
9082 7
9083 4
9084 3
9085 3
9086 3
9087 4
9088 4
9089 3
9090 2
9091 3
9092 3
9093 2
9094 0
9095 3
9096 2
9097 3
9098 3
9099 4
9100 3
9101 3
9102 2
9103 2
9104 5
9105 6
9106 3
9107 1
9108 3
9109 4
9110 4
9111 4
9112 4
9113 5
9114 4
9115 5
9116 5
9117 4
9118 5
9119 5
9120 6
9121 4
9122 4
9123 3
9124 0
9125 1
9126 3
9127 0
9128 2
9129 1
9130 4
9131 6
9132 6
9133 7
9134 7
9135 5
9136 4
9137 2
9138 3
9139 1
9140 2
9141 2
9142 3
9143 3
9144 1
9145 2
9146 2
9147 0
9148 3
9149 3
9150 4
9151 3
9152 1
9153 4
9154 2
9155 4
9156 2
9157 2
9158 3
9159 1
9160 2
9161 5
9162 4
9163 5
9164 6
9165 4
9166 4
9167 3
9168 4
9169 1
9170 1
9171 3
9172 2
9173 4
9174 5
9175 5
9176 5
9177 6
9178 6
9179 5
9180 4
9181 5
9182 3
9183 4
9184 2
9185 1
9186 3
9187 0
9188 1
9189 3
9190 1
9191 4
9192 3
9193 2
9194 2
9195 4
9196 3
9197 1
9198 3
9199 3
9200 7
9201 6
9202 4
9203 1
9204 4
9205 3
9206 1
9207 3
9208 3
9209 4
9210 2
9211 2
9212 3
9213 4
9214 2
9215 3
9216 3
9217 4
9218 5
9219 3
9220 3
9221 0
9222 4
9223 2
9224 2
9225 2
9226 5
9227 6
9228 7
9229 6
9230 5
9231 6
9232 5
9233 6
9234 5
9235 6
9236 5
9237 3
9238 3
9239 4
9240 5
9241 3
9242 0
9243 1
9244 3
9245 2
9246 1
9247 1
9248 1
9249 5
9250 3
9251 2
9252 0
9253 5
9254 4
9255 2
9256 3
9257 1
9258 5
9259 5
9260 5
9261 4
9262 2
9263 0
9264 2
9265 1
9266 3
9267 2
9268 5
9269 5
9270 4
9271 4
9272 4
9273 6
9274 7
9275 6
9276 6
9277 6
9278 6
9279 6
9280 6
9281 6
9282 5
9283 3
9284 2
9285 3
9286 2
9287 3
9288 2
9289 2
9290 3
9291 3
9292 2
9293 4
9294 3
9295 1
9296 5
9297 4
9298 4
9299 7
9300 4
9301 3
9302 2
9303 1
9304 2
9305 4
9306 2
9307 2
9308 4
9309 4
9310 4
9311 3
9312 2
9313 4
9314 7
9315 8
9316 10
9317 10
9318 12
9319 12
9320 11
9321 11
9322 11
9323 9
9324 7
9325 6
9326 4
9327 4
9328 3
9329 2
9330 1
9331 2
9332 4
9333 2
9334 1
9335 1
9336 2
9337 4
9338 6
9339 6
9340 4
9341 3
9342 4
9343 2
9344 1
9345 3
9346 3
9347 2
9348 3
9349 2
9350 3
9351 3
9352 4
9353 4
9354 5
9355 3
9356 4
9357 5
9358 6
9359 8
9360 7
9361 7
9362 5
9363 5
9364 4
9365 2
9366 1
9367 4
9368 2
9369 3
9370 2
9371 0
9372 2
9373 2
9374 1
9375 1
9376 3
9377 3
9378 4
9379 3
9380 3
9381 2
9382 2
9383 2
9384 5
9385 5
9386 6
9387 7
9388 7
9389 5
9390 5
9391 5
9392 6
9393 4
9394 5
9395 5
9396 5
9397 3
9398 3
9399 4
9400 7
9401 6
9402 4
9403 5
9404 4
9405 3
9406 3
9407 3
9408 4
9409 3
9410 5
9411 5
9412 4
9413 3
9414 1
9415 4
9416 4
9417 4
9418 5
9419 5
9420 5
9421 4
9422 3
9423 4
9424 3
9425 4
9426 4
9427 2
9428 4
9429 4
9430 3
9431 1
9432 3
9433 0
9434 2
9435 4
9436 2
9437 1
9438 3
9439 5
9440 4
9441 4
9442 5
9443 5
9444 6
9445 5
9446 5
9447 5
9448 4
9449 6
9450 8
9451 7
9452 7
9453 7
9454 8
9455 8
9456 9
9457 9
9458 10
9459 8
9460 9
9461 11
9462 10
9463 7
9464 9
9465 10
9466 10
9467 9
9468 8
9469 7
9470 6
9471 5
9472 5
9473 6
9474 8
9475 9
9476 8
9477 8
9478 7
9479 5
9480 3
9481 1
9482 3
9483 3
9484 0
9485 4
9486 3
9487 1
9488 1
9489 1
9490 1
9491 4
9492 1
9493 3
9494 1
9495 2
9496 2
9497 2
9498 1
9499 5
9500 4
9501 2
9502 2
9503 4
9504 4
9505 2
9506 1
9507 3
9508 3
9509 1
9510 1
9511 2
9512 2
9513 4
9514 4
9515 3
9516 2
9517 5
9518 3
9519 1
9520 3
9521 1
9522 4
9523 4
9524 5
9525 4
9526 2
9527 4
9528 4
9529 2
9530 3
9531 2
9532 2
9533 1
9534 2
9535 1
9536 2
9537 1
9538 1
9539 3
9540 2
9541 3
9542 5
9543 5
9544 7
9545 7
9546 7
9547 7
9548 7
9549 6
9550 5
9551 7
9552 5
9553 6
9554 6
9555 7
9556 7
9557 7
9558 9
9559 9
9560 10
9561 11
9562 9
9563 9
9564 8
9565 6
9566 3
9567 2
9568 5
9569 5
9570 4
9571 4
9572 3
9573 2
9574 2
9575 1
9576 0
9577 2
9578 1
9579 4
9580 4
9581 4
9582 3
9583 5
9584 5
9585 4
9586 4
9587 4
9588 3
9589 2
9590 7
9591 8
9592 7
9593 5
9594 3
9595 0
9596 1
9597 2
9598 4
9599 5
9600 4
9601 2
9602 2
9603 1
9604 3
9605 3
9606 3
9607 2
9608 3
9609 6
9610 4
9611 3
9612 1
9613 2
9614 5
9615 7
9616 7
9617 5
9618 5
9619 6
9620 6
9621 8
9622 7
9623 7
9624 6
9625 5
9626 4
9627 3
9628 0
9629 3
9630 2
9631 1
9632 2
9633 3
9634 3
9635 4
9636 3
9637 3
9638 2
9639 3
9640 2
9641 3
9642 4
9643 2
9644 2
9645 2
9646 2
9647 2
9648 1
9649 0
9650 3
9651 3
9652 2
9653 3
9654 1
9655 2
9656 2
9657 4
9658 3
9659 2
9660 3
9661 2
9662 1
9663 4
9664 4
9665 4
9666 2
9667 2
9668 1
9669 4
9670 5
9671 5
9672 6
9673 5
9674 5
9675 2
9676 2
9677 1
9678 3
9679 6
9680 3
9681 3
9682 3
9683 4
9684 4
9685 4
9686 4
9687 3
9688 4
9689 8
9690 10
9691 8
9692 7
9693 7
9694 9
9695 8
9696 9
9697 9
9698 9
9699 11
9700 10
9701 10
9702 11
9703 9
9704 11
9705 12
9706 11
9707 12
9708 10
9709 9
9710 9
9711 11
9712 9
9713 8
9714 8
9715 6
9716 7
9717 6
9718 4
9719 6
9720 5
9721 4
9722 3
9723 4
9724 6
9725 4
9726 3
9727 4
9728 4
9729 4
9730 3
9731 1
9732 2
9733 3
9734 2
9735 2
9736 3
9737 1
9738 3
9739 2
9740 2
9741 3
9742 1
9743 3
9744 1
9745 3
9746 2
9747 2
9748 3
9749 6
9750 4
9751 4
9752 4
9753 4
9754 3
9755 4
9756 7
9757 8
9758 8
9759 6
9760 4
9761 2
9762 5
9763 5
9764 4
9765 4
9766 3
9767 2
9768 5
9769 4
9770 3
9771 2
9772 2
9773 1
9774 2
9775 1
9776 5
9777 5
9778 5
9779 4
9780 6
9781 4
9782 4
9783 3
9784 5
9785 6
9786 6
9787 5
9788 3
9789 2
9790 3
9791 4
9792 1
9793 5
9794 3
9795 3
9796 2
9797 8
9798 8
9799 7
9800 6
9801 4
9802 4
9803 4
9804 3
9805 1
9806 1
9807 2
9808 1
9809 3
9810 2
9811 1
9812 2
9813 3
9814 2
9815 3
9816 3
9817 2
9818 3
9819 4
9820 3
9821 1
9822 1
9823 2
9824 2
9825 3
9826 1
9827 3
9828 2
9829 4
9830 5
9831 6
9832 5
9833 2
9834 4
9835 5
9836 3
9837 4
9838 5
9839 2
9840 2
9841 2
9842 4
9843 2
9844 3
9845 3
9846 4
9847 2
9848 2
9849 4
9850 3
9851 2
9852 3
9853 4
9854 4
9855 6
9856 6
9857 6
9858 7
9859 5
9860 3
9861 3
9862 2
9863 2
9864 6
9865 5
9866 2
9867 3
9868 4
9869 4
9870 4
9871 3
9872 4
9873 3
9874 3
9875 5
9876 5
9877 3
9878 3
9879 1
9880 3
9881 3
9882 0
9883 4
9884 3
9885 2
9886 1
9887 2
9888 2
9889 4
9890 4
9891 4
9892 6
9893 5
9894 4
9895 1
9896 4
9897 3
9898 4
9899 3
9900 4
9901 3
9902 5
9903 6
9904 6
9905 5
9906 3
9907 6
9908 4
9909 3
9910 6
9911 7
9912 6
9913 5
9914 3
9915 1
9916 2
9917 4
9918 6
9919 5
9920 5
9921 3
9922 3
9923 4
9924 3
9925 3
9926 3
9927 2
9928 2
9929 2
9930 1
9931 1
9932 5
9933 3
9934 1
9935 6
9936 7
9937 6
9938 6
9939 4
9940 5
9941 2
9942 3
9943 4
9944 2
9945 4
9946 5
9947 3
9948 1
9949 2
9950 3
9951 3
9952 2
9953 3
9954 2
9955 0
9956 2
9957 3
9958 5
9959 2
9960 2
9961 3
9962 2
9963 1
9964 2
9965 1
9966 3
9967 3
9968 4
9969 2
9970 1
9971 0
9972 3
9973 3
9974 2
9975 6
9976 6
9977 5
9978 6
9979 6
9980 4
9981 3
9982 2
9983 6
9984 7
9985 7
9986 8
9987 8
9988 7
9989 4
9990 3
9991 2
9992 1
9993 3
9994 2
9995 3
9996 3
9997 3
9998 3
9999 4
