0 0
1 1
2 1
3 2
4 1
5 2
6 1
7 2
8 3
9 0
10 0
11 0
12 3
13 0
14 2
15 2
16 3
17 2
18 0
19 2
20 4
21 3
22 0
23 0
24 3
25 2
26 4
27 2
28 0
29 1
30 2
31 0
32 3
33 0
34 1
35 1
36 3
37 3
38 3
39 3
40 3
41 3
42 3
43 2
44 0
45 0
46 3
47 3
48 3
49 1
50 3
51 2
52 1
53 2
54 2
55 2
56 0
57 1
58 3
59 2
60 0
61 1
62 1
63 2
64 0
65 2
66 5
67 4
68 4
69 2
70 3
71 2
72 3
73 3
74 4
75 2
76 2
77 4
78 2
79 1
80 2
81 1
82 1
83 0
84 0
85 0
86 3
87 1
88 1
89 0
90 1
91 0
92 0
93 3
94 1
95 2
96 0
97 1
98 0
99 2
100 2
101 1
102 1
103 1
104 1
105 0
106 4
107 3
108 2
109 2
110 3
111 0
112 2
113 2
114 1
115 2
116 1
117 4
118 3
119 1
120 3
121 4
122 4
123 2
124 2
125 2
126 3
127 3
128 4
129 3
130 2
131 0
132 0
133 0
134 1
135 2
136 2
137 0
138 1
139 1
140 2
141 3
142 2
143 0
144 0
145 1
146 2
147 2
148 3
149 2
150 3
151 1
152 4
153 2
154 1
155 2
156 3
157 1
158 1
159 1
160 1
161 1
162 1
163 3
164 2
165 0
166 0
167 4
168 4
169 2
170 3
171 1
172 1
173 1
174 4
175 3
176 1
177 1
178 1
179 2
180 1
181 1
182 2
183 2
184 1
185 1
186 0
187 0
188 0
189 0
190 1
191 1
192 3
193 1
194 2
195 2
196 1
197 1
198 1
199 2
200 1
201 1
202 2
203 2
204 2
205 2
206 4
207 4
208 4
209 5
210 4
211 3
212 2
213 0
214 1
215 2
216 1
217 1
218 2
219 1
220 1
221 1
222 2
223 1
224 2
225 1
226 4
227 2
228 2
229 1
230 2
231 3
232 3
233 2
234 2
235 1
236 1
237 1
238 1
239 1
240 3
241 3
242 3
243 3
244 2
245 0
246 2
247 2
248 1
249 1
250 1
251 4
252 2
253 0
254 2
255 2
256 2
257 3
258 1
259 4
260 2
261 2
262 2
263 0
264 1
265 1
266 0
267 0
268 2
269 1
270 0
271 1
272 1
273 2
274 1
275 0
276 1
277 0
278 0
279 0
280 3
281 1
282 2
283 0
284 3
285 2
286 1
287 0
288 2
289 1
290 1
291 1
292 2
293 2
294 0
295 1
296 0
297 2
298 2
299 2
300 3
301 2
302 1
303 3
304 2
305 3
306 1
307 2
308 3
309 3
310 2
311 2
312 3
313 3
314 0
315 3
316 1
317 0
318 2
319 2
320 1
321 1
322 1
323 3
324 2
325 0
326 1
327 1
328 0
329 2
330 2
331 3
332 0
333 0
334 1
335 3
336 1
337 3
338 1
339 0
340 2
341 1
342 1
343 1
344 1
345 2
346 0
347 2
348 1
349 2
350 1
351 0
352 0
353 2
354 2
355 0
356 1
357 1
358 0
359 1
360 1
361 4
362 4
363 4
364 2
365 1
366 2
367 2
368 1
369 1
370 3
371 1
372 1
373 1
374 0
375 3
376 2
377 1
378 1
379 0
380 1
381 0
382 0
383 1
384 2
385 2
386 0
387 4
388 2
389 3
390 3
391 1
392 2
393 0
394 2
395 3
396 3
397 5
398 2
399 2
400 3
401 3
402 2
403 3
404 1
405 0
406 2
407 3
408 1
409 2
410 3
411 1
412 0
413 1
414 1
415 2
416 0
417 2
418 1
419 2
420 1
421 1
422 1
423 1
424 1
425 3
426 0
427 3
428 2
429 1
430 3
431 0
432 4
433 5
434 3
435 1
436 5
437 6
438 6
439 6
440 4
441 3
442 2
443 4
444 1
445 0
446 1
447 1
448 2
449 1
450 1
451 1
452 2
453 3
454 0
455 2
456 1
457 1
458 1
459 1
460 1
461 1
462 1
463 1
464 1
465 1
466 2
467 1
468 0
469 1
470 4
471 3
472 1
473 1
474 1
475 2
476 2
477 1
478 4
479 1
480 0
481 0
482 1
483 0
484 3
485 3
486 3
487 1
488 0
489 1
490 0
491 1
492 4
493 4
494 3
495 1
496 1
497 0
498 2
499 2
500 0
501 2
502 3
503 2
504 0
505 1
506 3
507 3
508 1
509 4
510 4
511 3
512 2
513 2
514 0
515 1
516 0
517 1
518 1
519 1
520 3
521 1
522 3
523 1
524 2
525 0
526 0
527 1
528 2
529 1
530 4
531 3
532 1
533 1
534 3
535 2
536 1
537 5
538 4
539 3
540 2
541 1
542 3
543 1
544 3
545 1
546 1
547 2
548 0
549 0
550 2
551 4
552 4
553 5
554 4
555 3
556 3
557 1
558 3
559 1
560 2
561 2
562 1
563 2
564 1
565 2
566 1
567 2
568 1
569 2
570 2
571 1
572 1
573 0
574 1
575 3
576 0
577 2
578 1
579 0
580 1
581 2
582 3
583 1
584 2
585 2
586 0
587 2
588 2
589 0
590 1
591 2
592 0
593 1
594 2
595 3
596 1
597 2
598 2
599 0
600 2
601 3
602 1
603 0
604 1
605 1
606 5
607 5
608 5
609 4
610 3
611 0
612 4
613 2
614 3
615 1
616 4
617 3
618 4
619 3
620 2
621 3
622 2
623 0
624 1
625 1
626 1
627 3
628 2
629 2
630 4
631 3
632 1
633 2
634 1
635 2
636 1
637 2
638 2
639 2
640 0
641 1
642 1
643 1
644 2
645 4
646 1
647 2
648 2
649 0
650 1
651 1
652 0
653 0
654 2
655 1
656 1
657 2
658 1
659 1
660 1
661 2
662 0
663 1
664 2
665 0
666 2
667 0
668 1
669 1
670 1
671 3
672 0
673 0
674 0
675 1
676 0
677 0
678 3
679 2
680 1
681 1
682 1
683 2
684 1
685 2
686 1
687 0
688 1
689 0
690 1
691 0
692 0
693 0
694 1
695 1
696 3
697 2
698 1
699 5
700 3
701 1
702 2
703 1
704 1
705 1
706 0
707 2
708 2
709 0
710 1
711 0
712 0
713 1
714 3
715 1
716 2
717 1
718 0
719 0
720 4
721 3
722 1
723 2
724 1
725 0
726 1
727 3
728 0
729 2
730 2
731 1
732 1
733 2
734 1
735 0
736 1
737 0
738 1
739 0
740 2
741 2
742 3
743 0
744 2
745 2
746 1
747 3
748 1
749 1
750 1
751 2
752 1
753 1
754 2
755 2
756 2
757 1
758 1
759 5
760 5
761 4
762 3
763 1
764 1
765 2
766 0
767 2
768 2
769 1
770 1
771 3
772 1
773 1
774 1
775 1
776 1
777 0
778 3
779 1
780 0
781 1
782 4
783 2
784 3
785 4
786 1
787 1
788 2
789 2
790 2
791 2
792 3
793 2
794 1
795 1
796 3
797 1
798 2
799 0
800 1
801 1
802 1
803 2
804 3
805 2
806 0
807 1
808 1
809 2
810 0
811 0
812 1
813 2
814 1
815 3
816 4
817 4
818 2
819 2
820 3
821 3
822 2
823 2
824 2
825 1
826 3
827 2
828 2
829 2
830 2
831 1
832 1
833 4
834 2
835 0
836 3
837 3
838 2
839 1
840 1
841 1
842 2
843 1
844 2
845 0
846 0
847 1
848 1
849 1
850 1
851 2
852 1
853 0
854 0
855 2
856 1
857 2
858 1
859 3
860 3
861 1
862 4
863 2
864 0
865 0
866 2
867 3
868 1
869 3
870 1
871 1
872 0
873 1
874 2
875 0
876 2
877 2
878 3
879 0
880 4
881 3
882 1
883 3
884 0
885 2
886 4
887 4
888 3
889 0
890 0
891 1
892 1
893 4
894 1
895 0
896 1
897 3
898 1
899 2
900 3
901 2
902 1
903 0
904 1
905 1
906 1
907 3
908 2
909 0
910 0
911 0
912 0
913 1
914 2
915 0
916 2
917 2
918 4
919 4
920 4
921 3
922 2
923 2
924 2
925 0
926 2
927 0
928 1
929 1
930 4
931 3
932 0
933 2
934 1
935 1
936 0
937 0
938 0
939 0
940 0
941 0
942 0
943 0
944 0
945 3
946 2
947 1
948 0
949 4
950 2
951 3
952 1
953 1
954 1
955 1
956 2
957 1
958 2
959 3
960 2
961 0
962 0
963 1
964 2
965 2
966 2
967 2
968 1
969 1
970 2
971 3
972 3
973 2
974 0
975 0
976 2
977 1
978 1
979 2
980 2
981 2
982 1
983 2
984 1
985 1
986 0
987 2
988 0
989 1
990 1
991 1
992 1
993 0
994 0
995 2
996 0
997 2
998 1
999 2
1000 2
1001 1
1002 2
1003 1
1004 2
1005 2
1006 3
1007 4
1008 1
1009 2
1010 1
1011 1
1012 2
1013 1
1014 2
1015 1
1016 1
1017 0
1018 0
1019 3
1020 3
1021 3
1022 1
1023 0
1024 1
1025 2
1026 0
1027 0
1028 2
1029 2
1030 1
1031 0
1032 1
1033 1
1034 1
1035 1
1036 1
1037 0
1038 1
1039 1
1040 2
1041 1
1042 2
1043 1
1044 0
1045 0
1046 1
1047 1
1048 3
1049 2
1050 0
1051 2
1052 3
1053 5
1054 2
1055 1
1056 2
1057 2
1058 1
1059 0
1060 2
1061 2
1062 0
1063 0
1064 0
1065 1
1066 0
1067 1
1068 2
1069 5
1070 3
1071 3
1072 0
1073 0
1074 1
1075 2
1076 3
1077 3
1078 2
1079 2
1080 2
1081 0
1082 0
1083 2
1084 0
1085 2
1086 2
1087 2
1088 2
1089 1
1090 2
1091 2
1092 2
1093 0
1094 1
1095 1
1096 3
1097 3
1098 1
1099 2
1100 0
1101 4
1102 2
1103 2
1104 3
1105 3
1106 2
1107 0
1108 2
1109 3
1110 1
1111 2
1112 1
1113 1
1114 0
1115 0
1116 1
1117 2
1118 3
1119 3
1120 2
1121 1
1122 1
1123 1
1124 6
1125 7
1126 6
1127 3
1128 2
1129 1
1130 1
1131 0
1132 2
1133 2
1134 3
1135 0
1136 1
1137 2
1138 1
1139 2
1140 1
1141 1
1142 1
1143 0
1144 0
1145 1
1146 0
1147 0
1148 0
1149 1
1150 1
1151 1
1152 1
1153 1
1154 1
1155 0
1156 1
1157 3
1158 1
1159 0
1160 0
1161 1
1162 0
1163 2
1164 2
1165 1
1166 0
1167 5
1168 4
1169 1
1170 2
1171 1
1172 0
1173 0
1174 4
1175 3
1176 0
1177 1
1178 0
1179 3
1180 1
1181 0
1182 4
1183 1
1184 4
1185 2
1186 0
1187 2
1188 0
1189 3
1190 1
1191 4
1192 2
1193 1
1194 1
1195 0
1196 1
1197 0
1198 0
1199 1
1200 0
1201 2
1202 1
1203 1
1204 1
1205 1
1206 1
1207 1
1208 1
1209 1
1210 2
1211 2
1212 3
1213 1
1214 1
1215 1
1216 1
1217 1
1218 0
1219 1
1220 0
1221 3
1222 1
1223 2
1224 3
1225 0
1226 0
1227 2
1228 2
1229 0
1230 0
1231 3
1232 2
1233 2
1234 1
1235 2
1236 2
1237 0
1238 4
1239 2
1240 0
1241 5
1242 3
1243 0
1244 3
1245 1
1246 2
1247 1
1248 1
1249 1
1250 2
1251 3
1252 0
1253 2
1254 0
1255 1
1256 2
1257 1
1258 1
1259 1
1260 4
1261 3
1262 4
1263 4
1264 1
1265 2
1266 1
1267 0
1268 2
1269 2
1270 0
1271 3
1272 1
1273 3
1274 0
1275 2
1276 0
1277 1
1278 2
1279 0
1280 0
1281 0
1282 2
1283 7
1284 7
1285 6
1286 4
1287 4
1288 4
1289 2
1290 1
1291 4
1292 4
1293 3
1294 0
1295 2
1296 2
1297 0
1298 1
1299 2
1300 3
1301 1
1302 1
1303 2
1304 1
1305 2
1306 1
1307 0
1308 1
1309 2
1310 1
1311 2
1312 2
1313 1
1314 0
1315 3
1316 2
1317 2
1318 2
1319 2
1320 3
1321 0
1322 1
1323 1
1324 4
1325 2
1326 1
1327 1
1328 1
1329 1
1330 3
1331 1
1332 0
1333 0
1334 0
1335 1
1336 0
1337 1
1338 1
1339 2
1340 3
1341 2
1342 1
1343 2
1344 1
1345 2
1346 2
1347 0
1348 2
1349 0
1350 2
1351 1
1352 1
1353 0
1354 0
1355 1
1356 3
1357 0
1358 1
1359 3
1360 3
1361 1
1362 0
1363 1
1364 2
1365 2
1366 1
1367 2
1368 2
1369 2
1370 1
1371 0
1372 2
1373 1
1374 1
1375 1
1376 1
1377 1
1378 0
1379 4
1380 1
1381 2
1382 5
1383 6
1384 4
1385 3
1386 2
1387 0
1388 0
1389 2
1390 0
1391 1
1392 0
1393 2
1394 3
1395 0
1396 2
1397 2
1398 1
1399 4
1400 3
1401 0
1402 2
1403 2
1404 0
1405 2
1406 2
1407 0
1408 1
1409 2
1410 1
1411 1
1412 1
1413 1
1414 0
1415 0
1416 2
1417 3
1418 1
1419 1
1420 2
1421 1
1422 2
1423 0
1424 3
1425 2
1426 1
1427 3
1428 0
1429 1
1430 1
1431 0
1432 0
1433 1
1434 0
1435 5
1436 3
1437 2
1438 0
1439 2
1440 2
1441 1
1442 1
1443 2
1444 3
1445 1
1446 1
1447 3
1448 0
1449 0
1450 4
1451 2
1452 2
1453 1
1454 1
1455 1
1456 1
1457 2
1458 1
1459 0
1460 2
1461 0
1462 0
1463 0
1464 2
1465 2
1466 1
1467 3
1468 0
1469 3
1470 2
1471 1
1472 1
1473 3
1474 1
1475 2
1476 1
1477 1
1478 0
1479 4
1480 2
1481 1
1482 3
1483 3
1484 3
1485 1
1486 4
1487 2
1488 2
1489 3
1490 3
1491 2
1492 2
1493 1
1494 2
1495 0
1496 1
1497 0
1498 1
1499 2
1500 2
1501 3
1502 1
1503 3
1504 0
1505 1
1506 2
1507 2
1508 0
1509 1
1510 3
1511 1
1512 3
1513 2
1514 2
1515 2
1516 0
1517 0
1518 0
1519 3
1520 4
1521 3
1522 1
1523 0
1524 1
1525 2
1526 1
1527 1
1528 0
1529 1
1530 3
1531 2
1532 3
1533 1
1534 3
1535 0
1536 0
1537 0
1538 1
1539 1
1540 1
1541 1
1542 0
1543 1
1544 2
1545 2
1546 1
1547 0
1548 1
1549 3
1550 2
1551 4
1552 5
1553 4
1554 2
1555 1
1556 2
1557 1
1558 1
1559 2
1560 0
1561 1
1562 0
1563 2
1564 1
1565 3
1566 0
1567 1
1568 1
1569 1
1570 2
1571 2
1572 2
1573 0
1574 1
1575 2
1576 1
1577 2
1578 1
1579 2
1580 2
1581 0
1582 2
1583 1
1584 3
1585 0
1586 1
1587 0
1588 1
1589 1
1590 1
1591 1
1592 1
1593 2
1594 2
1595 2
1596 2
1597 0
1598 1
1599 1
1600 0
1601 1
1602 0
1603 1
1604 3
1605 1
1606 1
1607 2
1608 3
1609 0
1610 3
1611 3
1612 1
1613 1
1614 4
1615 1
1616 0
1617 2
1618 3
1619 2
1620 2
1621 1
1622 0
1623 1
1624 1
1625 1
1626 0
1627 2
1628 3
1629 1
1630 1
1631 0
1632 1
1633 3
1634 0
1635 1
1636 1
1637 1
1638 2
1639 3
1640 1
1641 0
1642 1
1643 1
1644 1
1645 0
1646 2
1647 2
1648 0
1649 1
1650 1
1651 1
1652 0
1653 1
1654 4
1655 3
1656 2
1657 2
1658 1
1659 1
1660 1
1661 1
1662 2
1663 1
1664 0
1665 1
1666 3
1667 0
1668 1
1669 3
1670 1
1671 0
1672 0
1673 0
1674 2
1675 0
1676 0
1677 2
1678 2
1679 4
1680 2
1681 0
1682 2
1683 1
1684 0
1685 1
1686 1
1687 3
1688 0
1689 0
1690 2
1691 2
1692 3
1693 2
1694 2
1695 1
1696 3
1697 2
1698 0
1699 0
1700 1
1701 1
1702 2
1703 1
1704 1
1705 2
1706 1
1707 1
1708 0
1709 0
1710 1
1711 1
1712 0
1713 0
1714 0
1715 1
1716 1
1717 1
1718 1
1719 1
1720 2
1721 0
1722 3
1723 2
1724 1
1725 1
1726 3
1727 1
1728 3
1729 0
1730 4
1731 1
1732 1
1733 0
1734 2
1735 1
1736 3
1737 0
1738 0
1739 0
1740 1
1741 3
1742 3
1743 1
1744 3
1745 2
1746 2
1747 3
1748 2
1749 1
1750 1
1751 0
1752 2
1753 0
1754 0
1755 1
1756 3
1757 2
1758 2
1759 2
1760 1
1761 0
1762 1
1763 1
1764 3
1765 1
1766 1
1767 2
1768 3
1769 1
1770 1
1771 0
1772 2
1773 0
1774 1
1775 2
1776 1
1777 3
1778 1
1779 1
1780 3
1781 2
1782 0
1783 1
1784 0
1785 2
1786 2
1787 1
1788 1
1789 3
1790 2
1791 1
1792 1
1793 1
1794 2
1795 2
1796 2
1797 0
1798 0
1799 2
1800 2
1801 2
1802 3
1803 2
1804 1
1805 2
1806 1
1807 2
1808 2
1809 2
1810 1
1811 3
1812 2
1813 1
1814 1
1815 0
1816 0
1817 2
1818 1
1819 3
1820 2
1821 3
1822 3
1823 0
1824 1
1825 0
1826 1
1827 1
1828 2
1829 1
1830 5
1831 2
1832 3
1833 2
1834 2
1835 0
1836 3
1837 2
1838 0
1839 1
1840 0
1841 0
1842 2
1843 2
1844 1
1845 3
1846 2
1847 2
1848 3
1849 1
1850 2
1851 2
1852 1
1853 2
1854 3
1855 0
1856 0
1857 2
1858 1
1859 2
1860 3
1861 0
1862 2
1863 1
1864 2
1865 1
1866 1
1867 3
1868 0
1869 2
1870 1
1871 2
1872 2
1873 0
1874 0
1875 2
1876 4
1877 4
1878 1
1879 0
1880 2
1881 1
1882 4
1883 2
1884 1
1885 0
1886 2
1887 3
1888 2
1889 1
1890 2
1891 0
1892 1
1893 1
1894 1
1895 1
1896 1
1897 3
1898 2
1899 0
1900 3
1901 2
1902 3
1903 0
1904 1
1905 2
1906 2
1907 1
1908 1
1909 0
1910 1
1911 0
1912 2
1913 2
1914 1
1915 2
1916 2
1917 3
1918 1
1919 2
1920 1
1921 5
1922 2
1923 1
1924 0
1925 1
1926 2
1927 3
1928 2
1929 2
1930 2
1931 2
1932 2
1933 2
1934 5
1935 4
1936 2
1937 1
1938 0
1939 4
1940 3
1941 1
1942 0
1943 2
1944 2
1945 0
1946 2
1947 1
1948 3
1949 1
1950 1
1951 2
1952 0
1953 2
1954 0
1955 0
1956 2
1957 2
1958 2
1959 0
1960 1
1961 1
1962 0
1963 1
1964 2
1965 1
1966 2
1967 2
1968 2
1969 3
1970 1
1971 2
1972 0
1973 2
1974 2
1975 1
1976 3
1977 0
1978 2
1979 2
1980 1
1981 3
1982 1
1983 1
1984 0
1985 1
1986 3
1987 2
1988 1
1989 1
1990 2
1991 1
1992 1
1993 1
1994 2
1995 1
1996 2
1997 3
1998 3
1999 0
2000 2
2001 1
2002 0
2003 1
2004 0
2005 1
2006 1
2007 3
2008 0
2009 3
2010 0
2011 2
2012 2
2013 4
2014 3
2015 3
2016 3
2017 2
2018 1
2019 0
2020 1
2021 1
2022 1
2023 1
2024 2
2025 1
2026 0
2027 1
2028 3
2029 0
2030 2
2031 2
2032 1
2033 3
2034 5
2035 7
2036 4
2037 2
2038 3
2039 4
2040 1
2041 2
2042 0
2043 0
2044 0
2045 1
2046 2
2047 1
2048 2
2049 4
2050 2
2051 4
2052 4
2053 3
2054 3
2055 0
2056 0
2057 3
2058 2
2059 1
2060 2
2061 3
2062 1
2063 2
2064 1
2065 2
2066 1
2067 1
2068 4
2069 1
2070 2
2071 2
2072 0
2073 3
2074 2
2075 2
2076 1
2077 1
2078 0
2079 0
2080 0
2081 2
2082 1
2083 2
2084 2
2085 3
2086 1
2087 1
2088 0
2089 0
2090 0
2091 1
2092 1
2093 2
2094 2
2095 2
2096 1
2097 2
2098 3
2099 1
2100 1
2101 2
2102 1
2103 1
2104 1
2105 2
2106 0
2107 2
2108 3
2109 1
2110 1
2111 1
2112 1
2113 3
2114 1
2115 3
2116 2
2117 1
2118 1
2119 0
2120 1
2121 1
2122 1
2123 1
2124 1
2125 2
2126 1
2127 3
2128 1
2129 1
2130 3
2131 2
2132 2
2133 2
2134 3
2135 2
2136 1
2137 1
2138 2
2139 2
2140 1
2141 2
2142 2
2143 1
2144 2
2145 1
2146 2
2147 2
2148 2
2149 2
2150 1
2151 3
2152 1
2153 0
2154 2
2155 1
2156 2
2157 2
2158 0
2159 2
2160 2
2161 0
2162 1
2163 4
2164 4
2165 2
2166 3
2167 2
2168 3
2169 1
2170 1
2171 3
2172 3
2173 1
2174 2
2175 2
2176 3
2177 4
2178 4
2179 4
2180 1
2181 2
2182 1
2183 0
2184 1
2185 1
2186 2
2187 1
2188 1
2189 2
2190 2
2191 0
2192 1
2193 1
2194 1
2195 2
2196 1
2197 0
2198 3
2199 3
2200 2
2201 1
2202 1
2203 1
2204 1
2205 3
2206 2
2207 2
2208 0
2209 1
2210 2
2211 0
2212 2
2213 2
2214 0
2215 0
2216 1
2217 2
2218 3
2219 1
2220 1
2221 0
2222 0
2223 1
2224 2
2225 3
2226 2
2227 4
2228 1
2229 1
2230 2
2231 2
2232 2
2233 1
2234 1
2235 3
2236 2
2237 2
2238 1
2239 1
2240 1
2241 1
2242 2
2243 0
2244 1
2245 2
2246 1
2247 2
2248 0
2249 3
2250 0
2251 1
2252 1
2253 2
2254 2
2255 0
2256 0
2257 1
2258 2
2259 2
2260 1
2261 0
2262 0
2263 0
2264 1
2265 2
2266 2
2267 1
2268 3
2269 3
2270 2
2271 1
2272 1
2273 3
2274 1
2275 2
2276 2
2277 2
2278 1
2279 3
2280 0
2281 1
2282 2
2283 2
2284 1
2285 0
2286 2
2287 2
2288 3
2289 1
2290 1
2291 1
2292 4
2293 2
2294 1
2295 0
2296 1
2297 1
2298 1
2299 3
2300 0
2301 3
2302 3
2303 2
2304 2
2305 2
2306 3
2307 1
2308 2
2309 0
2310 1
2311 2
2312 3
2313 1
2314 0
2315 0
2316 3
2317 2
2318 1
2319 1
2320 3
2321 1
2322 2
2323 2
2324 0
2325 2
2326 1
2327 0
2328 1
2329 2
2330 2
2331 1
2332 1
2333 1
2334 0
2335 1
2336 2
2337 1
2338 0
2339 0
2340 0
2341 1
2342 2
2343 0
2344 3
2345 0
2346 4
2347 1
2348 0
2349 1
2350 2
2351 2
2352 1
2353 1
2354 1
2355 2
2356 3
2357 1
2358 2
2359 2
2360 2
2361 1
2362 0
2363 1
2364 1
2365 1
2366 3
2367 2
2368 3
2369 2
2370 1
2371 3
2372 3
2373 1
2374 0
2375 2
2376 3
2377 0
2378 2
2379 2
2380 4
2381 1
2382 3
2383 1
2384 1
2385 2
2386 0
2387 1
2388 0
2389 2
2390 1
2391 0
2392 2
2393 2
2394 2
2395 1
2396 3
2397 2
2398 3
2399 2
2400 1
2401 0
2402 2
2403 2
2404 0
2405 2
2406 1
2407 1
2408 1
2409 2
2410 1
2411 1
2412 1
2413 1
2414 2
2415 0
2416 3
2417 3
2418 1
2419 1
2420 2
2421 2
2422 2
2423 1
2424 0
2425 2
2426 0
2427 1
2428 2
2429 2
2430 1
2431 0
2432 2
2433 3
2434 3
2435 1
2436 2
2437 0
2438 3
2439 0
2440 1
2441 0
2442 2
2443 2
2444 1
2445 2
2446 3
2447 0
2448 2
2449 2
2450 3
2451 3
2452 1
2453 3
2454 2
2455 3
2456 3
2457 3
2458 1
2459 0
2460 1
2461 0
2462 0
2463 1
2464 0
2465 0
2466 3
2467 1
2468 0
2469 1
2470 3
2471 0
2472 4
2473 2
2474 2
2475 2
2476 2
2477 1
2478 2
2479 1
2480 1
2481 2
2482 0
2483 1
2484 2
2485 2
2486 1
2487 0
2488 1
2489 1
2490 2
2491 1
2492 1
2493 2
2494 3
2495 1
2496 1
2497 2
2498 0
2499 2
2500 3
2501 2
2502 1
2503 0
2504 1
2505 1
2506 1
2507 3
2508 2
2509 3
2510 4
2511 2
2512 1
2513 1
2514 0
2515 2
2516 2
2517 1
2518 2
2519 1
2520 0
2521 4
2522 2
2523 1
2524 0
2525 1
2526 1
2527 3
2528 2
2529 0
2530 4
2531 1
2532 2
2533 1
2534 1
2535 1
2536 2
2537 0
2538 1
2539 1
2540 0
2541 3
2542 3
2543 2
2544 0
2545 0
2546 2
2547 2
2548 1
2549 2
2550 2
2551 1
2552 2
2553 2
2554 0
2555 2
2556 1
2557 3
2558 0
2559 2
2560 0
2561 2
2562 0
2563 1
2564 4
2565 2
2566 1
2567 0
2568 2
2569 1
2570 2
2571 5
2572 4
2573 1
2574 1
2575 1
2576 1
2577 2
2578 0
2579 0
2580 1
2581 1
2582 3
2583 2
2584 3
2585 0
2586 1
2587 0
2588 4
2589 2
2590 3
2591 3
2592 1
2593 4
2594 3
2595 1
2596 1
2597 1
2598 2
2599 2
2600 2
2601 2
2602 2
2603 2
2604 1
2605 0
2606 0
2607 1
2608 2
2609 0
2610 3
2611 1
2612 1
2613 3
2614 0
2615 0
2616 1
2617 0
2618 1
2619 2
2620 3
2621 1
2622 2
2623 1
2624 1
2625 2
2626 0
2627 2
2628 1
2629 0
2630 2
2631 4
2632 2
2633 3
2634 2
2635 1
2636 3
2637 3
2638 2
2639 0
2640 3
2641 1
2642 1
2643 1
2644 0
2645 0
2646 1
2647 2
2648 2
2649 4
2650 2
2651 0
2652 2
2653 2
2654 3
2655 0
2656 0
2657 1
2658 1
2659 1
2660 1
2661 0
2662 1
2663 0
2664 3
2665 0
2666 4
2667 2
2668 2
2669 1
2670 3
2671 1
2672 0
2673 3
2674 0
2675 2
2676 2
2677 3
2678 1
2679 2
2680 1
2681 2
2682 0
2683 2
2684 0
2685 3
2686 2
2687 2
2688 3
2689 0
2690 2
2691 1
2692 3
2693 0
2694 1
2695 1
2696 1
2697 2
2698 2
2699 1
2700 2
2701 1
2702 0
2703 2
2704 0
2705 3
2706 3
2707 2
2708 0
2709 1
2710 3
2711 1
2712 2
2713 2
2714 2
2715 3
2716 1
2717 0
2718 1
2719 3
2720 1
2721 1
2722 1
2723 1
2724 0
2725 1
2726 3
2727 1
2728 1
2729 0
2730 2
2731 2
2732 2
2733 2
2734 2
2735 2
2736 0
2737 4
2738 4
2739 2
2740 1
2741 0
2742 3
2743 2
2744 1
2745 1
2746 3
2747 0
2748 2
2749 3
2750 2
2751 2
2752 3
2753 1
2754 0
2755 0
2756 1
2757 1
2758 2
2759 3
2760 0
2761 0
2762 2
2763 1
2764 1
2765 0
2766 0
2767 4
2768 3
2769 3
2770 1
2771 2
2772 2
2773 4
2774 1
2775 1
2776 2
2777 2
2778 2
2779 4
2780 3
2781 0
2782 0
2783 2
2784 1
2785 1
2786 0
2787 3
2788 2
2789 1
2790 2
2791 2
2792 3
2793 0
2794 1
2795 1
2796 2
2797 0
2798 2
2799 1
2800 1
2801 1
2802 1
2803 1
2804 0
2805 1
2806 1
2807 2
2808 2
2809 1
2810 1
2811 2
2812 4
2813 3
2814 1
2815 1
2816 1
2817 1
2818 2
2819 2
2820 1
2821 3
2822 1
2823 2
2824 2
2825 1
2826 1
2827 3
2828 2
2829 0
2830 4
2831 3
2832 0
2833 2
2834 2
2835 1
2836 0
2837 3
2838 1
2839 1
2840 2
2841 3
2842 1
2843 1
2844 3
2845 2
2846 3
2847 2
2848 3
2849 1
2850 2
2851 1
2852 1
2853 1
2854 0
2855 1
2856 1
2857 1
2858 1
2859 2
2860 2
2861 4
2862 2
2863 2
2864 2
2865 1
2866 2
2867 2
2868 1
2869 0
2870 2
2871 0
2872 1
2873 3
2874 1
2875 1
2876 2
2877 2
2878 2
2879 1
2880 3
2881 1
2882 1
2883 1
2884 2
2885 2
2886 1
2887 2
2888 0
2889 0
2890 0
2891 0
2892 1
2893 1
2894 3
2895 3
2896 1
2897 1
2898 3
2899 3
2900 0
2901 3
2902 1
2903 4
2904 2
2905 3
2906 1
2907 3
2908 2
2909 1
2910 1
2911 2
2912 3
2913 0
2914 1
2915 4
2916 2
2917 2
2918 1
2919 2
2920 2
2921 0
2922 3
2923 2
2924 0
2925 2
2926 0
2927 1
2928 3
2929 3
2930 0
2931 0
2932 2
2933 1
2934 0
2935 2
2936 2
2937 2
2938 2
2939 2
2940 1
2941 3
2942 1
2943 2
2944 1
2945 1
2946 1
2947 2
2948 2
2949 1
2950 1
2951 1
2952 4
2953 3
2954 2
2955 0
2956 2
2957 2
2958 0
2959 1
2960 1
2961 1
2962 2
2963 2
2964 3
2965 2
2966 1
2967 2
2968 2
2969 3
2970 2
2971 1
2972 0
2973 3
2974 1
2975 1
2976 2
2977 1
2978 1
2979 0
2980 2
2981 1
2982 2
2983 1
2984 4
2985 4
2986 1
2987 3
2988 1
2989 2
2990 1
2991 1
2992 1
2993 0
2994 2
2995 0
2996 1
2997 1
2998 3
2999 3
3000 2
3001 1
3002 2
3003 1
3004 0
3005 3
3006 3
3007 2
3008 3
3009 2
3010 1
3011 2
3012 1
3013 2
3014 0
3015 3
3016 2
3017 1
3018 3
3019 2
3020 1
3021 2
3022 4
3023 1
3024 2
3025 2
3026 1
3027 0
3028 1
3029 2
3030 3
3031 2
3032 2
3033 0
3034 3
3035 1
3036 2
3037 0
3038 1
3039 1
3040 5
3041 3
3042 2
3043 1
3044 0
3045 3
3046 0
3047 2
3048 2
3049 3
3050 3
3051 3
3052 3
3053 3
3054 0
3055 1
3056 2
3057 1
3058 0
3059 0
3060 1
3061 1
3062 1
3063 1
3064 1
3065 3
3066 2
3067 3
3068 3
3069 1
3070 1
3071 0
3072 0
3073 1
3074 2
3075 1
3076 3
3077 1
3078 2
3079 2
3080 2
3081 1
3082 2
3083 3
3084 0
3085 3
3086 1
3087 2
3088 1
3089 2
3090 1
3091 3
3092 0
3093 1
3094 0
3095 2
3096 2
3097 4
3098 2
3099 3
3100 0
3101 1
3102 1
3103 1
3104 0
3105 2
3106 2
3107 0
3108 3
3109 3
3110 2
3111 1
3112 1
3113 4
3114 2
3115 1
3116 1
3117 4
3118 2
3119 0
3120 4
3121 1
3122 1
3123 2
3124 3
3125 2
3126 1
3127 4
3128 3
3129 2
3130 3
3131 3
3132 0
3133 3
3134 1
3135 2
3136 0
3137 1
3138 0
3139 1
3140 0
3141 3
3142 0
3143 4
3144 2
3145 2
3146 1
3147 1
3148 1
3149 0
3150 1
3151 2
3152 2
3153 2
3154 2
3155 2
3156 1
3157 0
3158 0
3159 0
3160 0
3161 1
3162 1
3163 1
3164 2
3165 2
3166 2
3167 1
3168 0
3169 2
3170 2
3171 3
3172 2
3173 2
3174 4
3175 2
3176 3
3177 1
3178 3
3179 1
3180 1
3181 1
3182 1
3183 0
3184 2
3185 2
3186 0
3187 0
3188 1
3189 0
3190 1
3191 0
3192 0
3193 2
3194 3
3195 2
3196 0
3197 1
3198 1
3199 1
3200 4
3201 3
3202 1
3203 0
3204 1
3205 0
3206 2
3207 2
3208 1
3209 1
3210 2
3211 0
3212 1
3213 2
3214 1
3215 1
3216 1
3217 1
3218 0
3219 3
3220 0
3221 1
3222 0
3223 0
3224 1
3225 2
3226 2
3227 0
3228 0
3229 0
3230 3
3231 1
3232 0
3233 2
3234 3
3235 2
3236 1
3237 1
3238 3
3239 1
3240 1
3241 1
3242 2
3243 1
3244 3
3245 1
3246 2
3247 1
3248 0
3249 0
3250 1
3251 1
3252 3
3253 0
3254 1
3255 0
3256 2
3257 2
3258 1
3259 2
3260 1
3261 2
3262 1
3263 1
3264 0
3265 0
3266 2
3267 1
3268 2
3269 2
3270 1
3271 2
3272 2
3273 1
3274 0
3275 1
3276 0
3277 2
3278 0
3279 1
3280 2
3281 1
3282 0
3283 0
3284 1
3285 1
3286 0
3287 3
3288 3
3289 1
3290 0
3291 1
3292 4
3293 2
3294 2
3295 0
3296 0
3297 1
3298 0
3299 1
3300 2
3301 3
3302 2
3303 3
3304 3
3305 2
3306 1
3307 0
3308 3
3309 3
3310 0
3311 0
3312 2
3313 2
3314 0
3315 1
3316 1
3317 1
3318 2
3319 1
3320 2
3321 2
3322 3
3323 0
3324 2
3325 1
3326 2
3327 1
3328 0
3329 0
3330 3
3331 2
3332 1
3333 3
3334 1
3335 3
3336 2
3337 1
3338 3
3339 0
3340 2
3341 1
3342 1
3343 1
3344 2
3345 2
3346 1
3347 3
3348 2
3349 1
3350 2
3351 0
3352 0
3353 1
3354 2
3355 1
3356 4
3357 3
3358 0
3359 1
3360 1
3361 1
3362 1
3363 1
3364 3
3365 1
3366 0
3367 2
3368 0
3369 0
3370 2
3371 2
3372 3
3373 3
3374 2
3375 1
3376 1
3377 4
3378 1
3379 3
3380 2
3381 2
3382 4
3383 2
3384 0
3385 0
3386 1
3387 1
3388 2
3389 3
3390 0
3391 3
3392 1
3393 0
3394 3
3395 1
3396 1
3397 2
3398 3
3399 1
3400 2
3401 1
3402 3
3403 1
3404 1
3405 0
3406 2
3407 2
3408 2
3409 1
3410 1
3411 3
3412 2
3413 2
3414 1
3415 0
3416 2
3417 1
3418 2
3419 1
3420 0
3421 0
3422 1
3423 1
3424 1
3425 0
3426 1
3427 0
3428 2
3429 2
3430 0
3431 4
3432 1
3433 1
3434 3
3435 3
3436 1
3437 2
3438 4
3439 2
3440 1
3441 2
3442 0
3443 3
3444 1
3445 3
3446 1
3447 1
3448 5
3449 2
3450 2
3451 3
3452 3
3453 3
3454 0
3455 2
3456 0
3457 1
3458 2
3459 1
3460 1
3461 1
3462 1
3463 1
3464 2
3465 4
3466 2
3467 4
3468 3
3469 1
3470 1
3471 3
3472 4
3473 2
3474 1
3475 3
3476 1
3477 2
3478 1
3479 3
3480 2
3481 1
3482 2
3483 1
3484 2
3485 4
3486 4
3487 2
3488 4
3489 1
3490 1
3491 2
3492 0
3493 2
3494 2
3495 0
3496 0
3497 2
3498 1
3499 0
3500 2
3501 1
3502 1
3503 2
3504 0
3505 0
3506 2
3507 2
3508 2
3509 2
3510 2
3511 1
3512 2
3513 3
3514 1
3515 1
3516 1
3517 1
3518 4
3519 2
3520 0
3521 1
3522 2
3523 1
3524 1
3525 3
3526 1
3527 2
3528 2
3529 1
3530 1
3531 3
3532 0
3533 3
3534 2
3535 2
3536 0
3537 1
3538 5
3539 3
3540 2
3541 1
3542 2
3543 1
3544 1
3545 2
3546 2
3547 1
3548 1
3549 3
3550 0
3551 0
3552 3
3553 2
3554 3
3555 0
3556 0
3557 0
3558 2
3559 2
3560 1
3561 1
3562 1
3563 2
3564 1
3565 1
3566 2
3567 2
3568 0
3569 0
3570 2
3571 1
3572 5
3573 5
3574 2
3575 3
3576 2
3577 1
3578 3
3579 2
3580 1
3581 1
3582 2
3583 2
3584 1
3585 1
3586 2
3587 0
3588 2
3589 1
3590 2
3591 1
3592 2
3593 2
3594 1
3595 1
3596 1
3597 1
3598 3
3599 1
3600 1
3601 1
3602 1
3603 2
3604 3
3605 0
3606 0
3607 1
3608 0
3609 1
3610 0
3611 3
3612 1
3613 0
3614 1
3615 2
3616 1
3617 2
3618 1
3619 0
3620 3
3621 3
3622 0
3623 1
3624 0
3625 2
3626 3
3627 3
3628 5
3629 2
3630 3
3631 2
3632 1
3633 0
3634 3
3635 1
3636 2
3637 0
3638 3
3639 1
3640 2
3641 1
3642 0
3643 1
3644 1
3645 2
3646 5
3647 4
3648 2
3649 1
3650 0
3651 0
3652 0
3653 1
3654 1
3655 1
3656 3
3657 2
3658 1
3659 2
3660 1
3661 4
3662 3
3663 1
3664 4
3665 1
3666 1
3667 0
3668 2
3669 3
3670 2
3671 2
3672 1
3673 1
3674 1
3675 3
3676 1
3677 0
3678 0
3679 2
3680 0
3681 3
3682 1
3683 2
3684 1
3685 1
3686 0
3687 1
3688 2
3689 3
3690 1
3691 1
3692 1
3693 2
3694 0
3695 0
3696 2
3697 0
3698 4
3699 4
3700 5
3701 4
3702 2
3703 3
3704 3
3705 1
3706 0
3707 1
3708 1
3709 0
3710 1
3711 1
3712 1
3713 2
3714 2
3715 1
3716 0
3717 2
3718 2
3719 2
3720 2
3721 3
3722 2
3723 3
3724 1
3725 2
3726 0
3727 2
3728 2
3729 2
3730 2
3731 1
3732 2
3733 2
3734 2
3735 3
3736 0
3737 1
3738 0
3739 0
3740 1
3741 2
3742 4
3743 2
3744 2
3745 1
3746 2
3747 2
3748 1
3749 3
3750 3
3751 1
3752 2
3753 1
3754 0
3755 2
3756 2
3757 1
3758 3
3759 1
3760 2
3761 2
3762 2
3763 2
3764 0
3765 2
3766 1
3767 2
3768 0
3769 2
3770 1
3771 3
3772 2
3773 0
3774 0
3775 2
3776 3
3777 0
3778 0
3779 1
3780 0
3781 1
3782 0
3783 2
3784 2
3785 1
3786 3
3787 3
3788 0
3789 3
3790 0
3791 1
3792 1
3793 4
3794 3
3795 2
3796 2
3797 1
3798 0
3799 3
3800 2
3801 0
3802 0
3803 2
3804 2
3805 0
3806 2
3807 2
3808 1
3809 1
3810 1
3811 2
3812 1
3813 1
3814 1
3815 2
3816 1
3817 1
3818 1
3819 1
3820 3
3821 0
3822 1
3823 0
3824 2
3825 1
3826 1
3827 2
3828 2
3829 0
3830 2
3831 1
3832 1
3833 0
3834 2
3835 1
3836 1
3837 2
3838 1
3839 2
3840 0
3841 2
3842 0
3843 1
3844 1
3845 2
3846 0
3847 1
3848 1
3849 3
3850 2
3851 2
3852 0
3853 3
3854 2
3855 2
3856 5
3857 5
3858 3
3859 0
3860 0
3861 1
3862 0
3863 3
3864 2
3865 0
3866 1
3867 2
3868 1
3869 1
3870 0
3871 2
3872 3
3873 1
3874 0
3875 3
3876 2
3877 4
3878 4
3879 1
3880 0
3881 2
3882 1
3883 1
3884 1
3885 2
3886 2
3887 2
3888 2
3889 2
3890 1
3891 1
3892 5
3893 5
3894 4
3895 4
3896 2
3897 1
3898 0
3899 0
3900 0
3901 0
3902 0
3903 2
3904 3
3905 5
3906 3
3907 0
3908 0
3909 1
3910 4
3911 2
3912 3
3913 0
3914 3
3915 1
3916 0
3917 1
3918 0
3919 1
3920 1
3921 0
3922 1
3923 3
3924 1
3925 1
3926 1
3927 0
3928 2
3929 1
3930 0
3931 3
3932 1
3933 2
3934 1
3935 0
3936 2
3937 0
3938 0
3939 1
3940 3
3941 1
3942 0
3943 1
3944 1
3945 3
3946 1
3947 1
3948 1
3949 1
3950 0
3951 3
3952 4
3953 4
3954 2
3955 1
3956 4
3957 3
3958 2
3959 0
3960 2
3961 2
3962 3
3963 0
3964 0
3965 3
3966 1
3967 3
3968 1
3969 2
3970 1
3971 1
3972 1
3973 0
3974 1
3975 0
3976 2
3977 1
3978 2
3979 1
3980 1
3981 3
3982 1
3983 3
3984 0
3985 0
3986 2
3987 2
3988 2
3989 1
3990 2
3991 1
3992 1
3993 3
3994 2
3995 1
3996 2
3997 3
3998 2
3999 2
4000 4
4001 1
4002 1
4003 0
4004 0
4005 2
4006 2
4007 1
4008 0
4009 0
4010 0
4011 2
4012 2
4013 1
4014 1
4015 1
4016 1
4017 3
4018 1
4019 1
4020 4
4021 2
4022 1
4023 3
4024 2
4025 0
4026 2
4027 2
4028 2
4029 1
4030 2
4031 1
4032 3
4033 1
4034 2
4035 3
4036 3
4037 1
4038 0
4039 1
4040 0
4041 3
4042 0
4043 0
4044 2
4045 2
4046 1
4047 1
4048 1
4049 0
4050 1
4051 1
4052 0
4053 1
4054 1
4055 1
4056 3
4057 2
4058 2
4059 2
4060 1
4061 1
4062 1
4063 3
4064 2
4065 0
4066 2
4067 0
4068 2
4069 0
4070 0
4071 3
4072 3
4073 0
4074 1
4075 2
4076 2
4077 2
4078 2
4079 0
4080 1
4081 1
4082 2
4083 2
4084 1
4085 1
4086 3
4087 1
4088 1
4089 0
4090 2
4091 2
4092 2
4093 2
4094 1
4095 1
4096 1
4097 1
4098 0
4099 0
4100 2
4101 0
4102 1
4103 2
4104 3
4105 3
4106 1
4107 2
4108 0
4109 1
4110 1
4111 1
4112 3
4113 0
4114 1
4115 2
4116 1
4117 3
4118 0
4119 0
4120 2
4121 2
4122 1
4123 0
4124 2
4125 2
4126 2
4127 1
4128 1
4129 1
4130 3
4131 0
4132 3
4133 0
4134 2
4135 1
4136 1
4137 1
4138 1
4139 2
4140 1
4141 3
4142 1
4143 1
4144 2
4145 1
4146 0
4147 3
4148 1
4149 0
4150 1
4151 2
4152 0
4153 1
4154 0
4155 2
4156 1
4157 1
4158 2
4159 1
4160 2
4161 1
4162 1
4163 3
4164 1
4165 2
4166 0
4167 2
4168 2
4169 1
4170 1
4171 1
4172 3
4173 2
4174 0
4175 1
4176 3
4177 1
4178 0
4179 2
4180 3
4181 3
4182 0
4183 3
4184 1
4185 1
4186 0
4187 2
4188 1
4189 1
4190 1
4191 1
4192 1
4193 2
4194 0
4195 1
4196 1
4197 1
4198 1
4199 4
4200 4
4201 4
4202 3
4203 0
4204 2
4205 1
4206 1
4207 1
4208 2
4209 0
4210 1
4211 1
4212 1
4213 3
4214 2
4215 1
4216 1
4217 1
4218 0
4219 1
4220 1
4221 0
4222 1
4223 1
4224 2
4225 2
4226 1
4227 1
4228 1
4229 0
4230 2
4231 1
4232 1
4233 2
4234 1
4235 3
4236 2
4237 2
4238 2
4239 3
4240 2
4241 1
4242 5
4243 4
4244 1
4245 2
4246 1
4247 1
4248 3
4249 2
4250 2
4251 2
4252 2
4253 1
4254 0
4255 0
4256 1
4257 0
4258 2
4259 0
4260 1
4261 3
4262 4
4263 1
4264 3
4265 2
4266 2
4267 1
4268 1
4269 3
4270 0
4271 1
4272 3
4273 1
4274 2
4275 1
4276 2
4277 1
4278 2
4279 1
4280 2
4281 2
4282 2
4283 1
4284 0
4285 4
4286 3
4287 2
4288 1
4289 1
4290 1
4291 3
4292 1
4293 3
4294 2
4295 2
4296 0
4297 0
4298 1
4299 3
4300 2
4301 0
4302 0
4303 1
4304 1
4305 2
4306 0
4307 1
4308 1
4309 2
4310 2
4311 3
4312 0
4313 2
4314 1
4315 3
4316 1
4317 1
4318 3
4319 1
4320 3
4321 0
4322 2
4323 3
4324 1
4325 4
4326 3
4327 3
4328 5
4329 2
4330 2
4331 1
4332 2
4333 0
4334 2
4335 2
4336 3
4337 1
4338 3
4339 2
4340 2
4341 1
4342 0
4343 2
4344 2
4345 2
4346 1
4347 0
4348 1
4349 2
4350 3
4351 2
4352 1
4353 2
4354 2
4355 1
4356 4
4357 2
4358 0
4359 2
4360 2
4361 6
4362 4
4363 2
4364 1
4365 1
4366 3
4367 3
4368 0
4369 0
4370 2
4371 1
4372 2
4373 0
4374 2
4375 0
4376 2
4377 3
4378 3
4379 1
4380 2
4381 1
4382 2
4383 2
4384 2
4385 2
4386 2
4387 3
4388 0
4389 1
4390 2
4391 3
4392 1
4393 2
4394 0
4395 0
4396 0
4397 4
4398 3
4399 0
4400 0
4401 3
4402 0
4403 1
4404 1
4405 1
4406 0
4407 3
4408 1
4409 1
4410 3
4411 1
4412 1
4413 2
4414 2
4415 1
4416 2
4417 0
4418 1
4419 0
4420 1
4421 0
4422 0
4423 1
4424 1
4425 0
4426 2
4427 1
4428 0
4429 3
4430 1
4431 2
4432 3
4433 0
4434 2
4435 2
4436 3
4437 2
4438 2
4439 1
4440 1
4441 3
4442 0
4443 1
4444 2
4445 2
4446 1
4447 2
4448 0
4449 0
4450 2
4451 1
4452 1
4453 2
4454 2
4455 3
4456 3
4457 4
4458 2
4459 4
4460 5
4461 3
4462 2
4463 2
4464 2
4465 1
4466 5
4467 5
4468 4
4469 1
4470 2
4471 1
4472 1
4473 1
4474 2
4475 1
4476 3
4477 2
4478 0
4479 1
4480 0
4481 1
4482 0
4483 2
4484 4
4485 2
4486 3
4487 4
4488 3
4489 1
4490 2
4491 2
4492 2
4493 2
4494 0
4495 2
4496 3
4497 2
4498 1
4499 1
4500 2
4501 2
4502 1
4503 2
4504 0
4505 2
4506 0
4507 0
4508 0
4509 1
4510 2
4511 0
4512 3
4513 1
4514 3
4515 1
4516 0
4517 3
4518 3
4519 1
4520 2
4521 1
4522 3
4523 2
4524 1
4525 2
4526 1
4527 2
4528 1
4529 0
4530 0
4531 2
4532 1
4533 1
4534 2
4535 0
4536 1
4537 0
4538 3
4539 0
4540 1
4541 1
4542 3
4543 1
4544 1
4545 2
4546 1
4547 6
4548 4
4549 3
4550 2
4551 2
4552 1
4553 0
4554 1
4555 1
4556 2
4557 0
4558 1
4559 3
4560 1
4561 1
4562 2
4563 1
4564 2
4565 0
4566 2
4567 1
4568 1
4569 1
4570 3
4571 1
4572 1
4573 2
4574 2
4575 3
4576 2
4577 2
4578 2
4579 1
4580 0
4581 0
4582 1
4583 2
4584 0
4585 1
4586 1
4587 2
4588 1
4589 2
4590 4
4591 2
4592 3
4593 1
4594 1
4595 0
4596 1
4597 2
4598 4
4599 3
4600 1
4601 3
4602 1
4603 4
4604 3
4605 2
4606 0
4607 0
4608 1
4609 1
4610 3
4611 2
4612 1
4613 1
4614 0
4615 2
4616 2
4617 0
4618 0
4619 1
4620 2
4621 1
4622 0
4623 2
4624 3
4625 2
4626 4
4627 3
4628 2
4629 1
4630 0
4631 0
4632 2
4633 1
4634 1
4635 2
4636 2
4637 2
4638 2
4639 1
4640 1
4641 0
4642 1
4643 1
4644 1
4645 0
4646 2
4647 3
4648 3
4649 2
4650 1
4651 1
4652 1
4653 3
4654 1
4655 4
4656 2
4657 2
4658 2
4659 0
4660 1
4661 2
4662 3
4663 3
4664 1
4665 1
4666 2
4667 1
4668 2
4669 0
4670 1
4671 1
4672 2
4673 3
4674 1
4675 0
4676 1
4677 1
4678 2
4679 0
4680 2
4681 0
4682 2
4683 0
4684 1
4685 2
4686 0
4687 0
4688 1
4689 0
4690 4
4691 3
4692 2
4693 4
4694 5
4695 2
4696 1
4697 2
4698 2
4699 1
4700 1
4701 0
4702 1
4703 1
4704 1
4705 2
4706 2
4707 2
4708 2
4709 1
4710 3
4711 1
4712 0
4713 1
4714 2
4715 2
4716 1
4717 1
4718 4
4719 4
4720 3
4721 2
4722 1
4723 1
4724 5
4725 5
4726 3
4727 0
4728 1
4729 0
4730 0
4731 0
4732 1
4733 1
4734 2
4735 0
4736 0
4737 2
4738 1
4739 1
4740 1
4741 3
4742 2
4743 3
4744 1
4745 1
4746 1
4747 1
4748 0
4749 1
4750 0
4751 1
4752 1
4753 2
4754 2
4755 0
4756 1
4757 1
4758 3
4759 1
4760 0
4761 1
4762 1
4763 2
4764 2
4765 0
4766 0
4767 3
4768 2
4769 2
4770 1
4771 1
4772 3
4773 3
4774 2
4775 3
4776 1
4777 2
4778 1
4779 0
4780 0
4781 2
4782 0
4783 2
4784 3
4785 1
4786 1
4787 1
4788 1
4789 1
4790 1
4791 2
4792 1
4793 2
4794 1
4795 2
4796 5
4797 4
4798 4
4799 4
4800 2
4801 2
4802 3
4803 0
4804 2
4805 3
4806 2
4807 1
4808 1
4809 0
4810 2
4811 2
4812 1
4813 2
4814 1
4815 3
4816 1
4817 2
4818 2
4819 0
4820 0
4821 1
4822 0
4823 3
4824 1
4825 0
4826 2
4827 1
4828 1
4829 0
4830 3
4831 2
4832 1
4833 1
4834 0
4835 1
4836 1
4837 2
4838 0
4839 2
4840 2
4841 0
4842 1
4843 2
4844 0
4845 0
4846 2
4847 2
4848 2
4849 1
4850 3
4851 3
4852 2
4853 4
4854 3
4855 0
4856 2
4857 2
4858 1
4859 1
4860 3
4861 1
4862 0
4863 0
4864 0
4865 1
4866 2
4867 1
4868 1
4869 1
4870 1
4871 3
4872 3
4873 1
4874 1
4875 1
4876 3
4877 1
4878 2
4879 3
4880 0
4881 2
4882 1
4883 2
4884 0
4885 1
4886 2
4887 1
4888 2
4889 1
4890 1
4891 1
4892 0
4893 1
4894 3
4895 1
4896 1
4897 2
4898 1
4899 1
4900 2
4901 1
4902 2
4903 1
4904 2
4905 1
4906 0
4907 1
4908 1
4909 0
4910 3
4911 3
4912 2
4913 1
4914 1
4915 3
4916 0
4917 1
4918 1
4919 3
4920 0
4921 2
4922 1
4923 1
4924 0
4925 1
4926 1
4927 3
4928 0
4929 2
4930 2
4931 2
4932 4
4933 2
4934 3
4935 1
4936 2
4937 3
4938 2
4939 0
4940 1
4941 3
4942 2
4943 4
4944 5
4945 2
4946 1
4947 1
4948 2
4949 2
4950 2
4951 0
4952 2
4953 2
4954 2
4955 1
4956 3
4957 1
4958 3
4959 0
4960 2
4961 0
4962 1
4963 1
4964 2
4965 1
4966 3
4967 3
4968 0
4969 2
4970 1
4971 2
4972 0
4973 2
4974 3
4975 3
4976 1
4977 1
4978 3
4979 2
4980 0
4981 2
4982 1
4983 0
4984 0
4985 1
4986 3
4987 1
4988 0
4989 0
4990 0
4991 1
4992 1
4993 1
4994 1
4995 4
4996 1
4997 1
4998 2
4999 1
5000 0
5001 0
5002 1
5003 2
5004 0
5005 0
5006 0
5007 1
5008 3
5009 0
5010 1
5011 0
5012 2
5013 1
5014 1
5015 0
5016 2
5017 2
5018 1
5019 3
5020 0
5021 0
5022 0
5023 1
5024 0
5025 1
5026 0
5027 0
5028 1
5029 2
5030 2
5031 3
5032 2
5033 2
5034 1
5035 0
5036 1
5037 1
5038 0
5039 1
5040 2
5041 2
5042 1
5043 2
5044 1
5045 1
5046 1
5047 2
5048 0
5049 0
5050 1
5051 0
5052 3
5053 0
5054 0
5055 2
5056 1
5057 2
5058 2
5059 3
5060 0
5061 2
5062 4
5063 3
5064 0
5065 1
5066 3
5067 3
5068 2
5069 1
5070 2
5071 1
5072 2
5073 0
5074 1
5075 3
5076 1
5077 1
5078 0
5079 2
5080 0
5081 1
5082 1
5083 4
5084 2
5085 2
5086 1
5087 0
5088 2
5089 2
5090 2
5091 1
5092 2
5093 1
5094 2
5095 1
5096 4
5097 1
5098 1
5099 1
5100 2
5101 0
5102 2
5103 2
5104 1
5105 0
5106 3
5107 2
5108 0
5109 2
5110 1
5111 0
5112 1
5113 1
5114 2
5115 3
5116 0
5117 2
5118 3
5119 2
5120 0
5121 0
5122 2
5123 0
5124 1
5125 4
5126 1
5127 4
5128 3
5129 0
5130 1
5131 1
5132 1
5133 1
5134 1
5135 1
5136 3
5137 2
5138 0
5139 2
5140 1
5141 3
5142 1
5143 2
5144 1
5145 1
5146 0
5147 2
5148 1
5149 2
5150 1
5151 2
5152 1
5153 4
5154 2
5155 1
5156 0
5157 0
5158 2
5159 0
5160 2
5161 3
5162 2
5163 1
5164 3
5165 1
5166 2
5167 2
5168 2
5169 1
5170 2
5171 2
5172 1
5173 1
5174 1
5175 1
5176 0
5177 1
5178 0
5179 4
5180 1
5181 1
5182 3
5183 2
5184 0
5185 2
5186 2
5187 2
5188 3
5189 3
5190 1
5191 3
5192 0
5193 1
5194 0
5195 1
5196 1
5197 2
5198 2
5199 3
5200 2
5201 0
5202 2
5203 0
5204 1
5205 0
5206 3
5207 2
5208 0
5209 2
5210 1
5211 2
5212 0
5213 2
5214 1
5215 3
5216 2
5217 1
5218 1
5219 2
5220 1
5221 1
5222 2
5223 1
5224 0
5225 1
5226 3
5227 1
5228 2
5229 2
5230 2
5231 1
5232 0
5233 1
5234 2
5235 2
5236 0
5237 2
5238 1
5239 1
5240 4
5241 3
5242 3
5243 1
5244 1
5245 1
5246 0
5247 3
5248 0
5249 1
5250 3
5251 0
5252 3
5253 2
5254 4
5255 3
5256 0
5257 2
5258 3
5259 4
5260 2
5261 2
5262 1
5263 2
5264 3
5265 3
5266 3
5267 1
5268 0
5269 2
5270 1
5271 3
5272 0
5273 2
5274 1
5275 1
5276 2
5277 2
5278 2
5279 2
5280 0
5281 1
5282 1
5283 5
5284 5
5285 5
5286 4
5287 1
5288 1
5289 3
5290 1
5291 2
5292 2
5293 0
5294 2
5295 1
5296 3
5297 3
5298 1
5299 2
5300 2
5301 2
5302 0
5303 0
5304 1
5305 0
5306 0
5307 1
5308 2
5309 1
5310 0
5311 1
5312 0
5313 2
5314 0
5315 3
5316 1
5317 2
5318 2
5319 0
5320 2
5321 2
5322 1
5323 3
5324 0
5325 1
5326 1
5327 0
5328 1
5329 1
5330 2
5331 2
5332 2
5333 3
5334 0
5335 1
5336 2
5337 1
5338 4
5339 3
5340 2
5341 2
5342 3
5343 2
5344 3
5345 2
5346 2
5347 2
5348 1
5349 1
5350 0
5351 4
5352 2
5353 1
5354 1
5355 0
5356 1
5357 1
5358 3
5359 1
5360 2
5361 1
5362 2
5363 1
5364 0
5365 2
5366 1
5367 3
5368 3
5369 0
5370 2
5371 2
5372 2
5373 1
5374 2
5375 1
5376 2
5377 0
5378 2
5379 3
5380 1
5381 1
5382 1
5383 1
5384 1
5385 3
5386 1
5387 2
5388 2
5389 3
5390 2
5391 1
5392 1
5393 3
5394 2
5395 0
5396 2
5397 2
5398 2
5399 0
5400 2
5401 2
5402 0
5403 0
5404 4
5405 3
5406 2
5407 3
5408 1
5409 0
5410 0
5411 4
5412 2
5413 0
5414 1
5415 2
5416 1
5417 1
5418 0
5419 3
5420 1
5421 0
5422 1
5423 0
5424 1
5425 3
5426 2
5427 0
5428 1
5429 2
5430 0
5431 1
5432 0
5433 1
5434 1
5435 1
5436 1
5437 0
5438 0
5439 2
5440 2
5441 1
5442 3
5443 0
5444 1
5445 2
5446 1
5447 2
5448 1
5449 0
5450 2
5451 1
5452 1
5453 1
5454 1
5455 1
5456 1
5457 0
5458 2
5459 1
5460 2
5461 0
5462 1
5463 2
5464 2
5465 2
5466 2
5467 4
5468 4
5469 2
5470 3
5471 0
5472 3
5473 1
5474 1
5475 0
5476 1
5477 0
5478 2
5479 2
5480 1
5481 1
5482 2
5483 0
5484 1
5485 0
5486 0
5487 1
5488 3
5489 2
5490 1
5491 0
5492 4
5493 5
5494 4
5495 1
5496 2
5497 2
5498 3
5499 3
5500 1
5501 2
5502 2
5503 2
5504 3
5505 2
5506 0
5507 1
5508 1
5509 2
5510 5
5511 3
5512 2
5513 2
5514 1
5515 1
5516 1
5517 0
5518 1
5519 0
5520 3
5521 4
5522 2
5523 0
5524 0
5525 3
5526 1
5527 1
5528 3
5529 1
5530 2
5531 2
5532 3
5533 0
5534 1
5535 0
5536 1
5537 2
5538 1
5539 1
5540 0
5541 1
5542 2
5543 1
5544 1
5545 3
5546 3
5547 3
5548 2
5549 2
5550 0
5551 1
5552 1
5553 1
5554 1
5555 2
5556 0
5557 0
5558 1
5559 1
5560 2
5561 1
5562 1
5563 5
5564 3
5565 1
5566 0
5567 0
5568 3
5569 1
5570 1
5571 2
5572 3
5573 2
5574 2
5575 1
5576 3
5577 1
5578 2
5579 2
5580 1
5581 2
5582 2
5583 2
5584 2
5585 0
5586 3
5587 0
5588 1
5589 1
5590 4
5591 3
5592 1
5593 0
5594 1
5595 1
5596 1
5597 1
5598 1
5599 1
5600 3
5601 3
5602 2
5603 1
5604 0
5605 1
5606 1
5607 2
5608 0
5609 3
5610 1
5611 3
5612 1
5613 2
5614 1
5615 1
5616 2
5617 1
5618 1
5619 3
5620 2
5621 3
5622 2
5623 1
5624 1
5625 2
5626 1
5627 1
5628 1
5629 2
5630 3
5631 2
5632 1
5633 3
5634 2
5635 1
5636 1
5637 1
5638 1
5639 1
5640 3
5641 3
5642 2
5643 1
5644 0
5645 0
5646 2
5647 0
5648 1
5649 2
5650 1
5651 0
5652 3
5653 1
5654 0
5655 2
5656 1
5657 1
5658 1
5659 3
5660 2
5661 0
5662 0
5663 3
5664 2
5665 0
5666 3
5667 2
5668 2
5669 1
5670 1
5671 0
5672 2
5673 1
5674 3
5675 0
5676 0
5677 1
5678 1
5679 2
5680 2
5681 0
5682 0
5683 2
5684 1
5685 0
5686 1
5687 1
5688 1
5689 1
5690 2
5691 2
5692 1
5693 1
5694 0
5695 1
5696 1
5697 1
5698 2
5699 0
5700 0
5701 1
5702 0
5703 2
5704 1
5705 2
5706 2
5707 2
5708 1
5709 2
5710 2
5711 4
5712 2
5713 2
5714 0
5715 0
5716 1
5717 3
5718 2
5719 1
5720 2
5721 1
5722 2
5723 0
5724 3
5725 0
5726 2
5727 3
5728 1
5729 1
5730 1
5731 2
5732 2
5733 0
5734 0
5735 2
5736 3
5737 1
5738 2
5739 1
5740 1
5741 3
5742 2
5743 3
5744 0
5745 2
5746 2
5747 1
5748 3
5749 1
5750 1
5751 1
5752 1
5753 1
5754 1
5755 3
5756 3
5757 1
5758 3
5759 1
5760 2
5761 2
5762 1
5763 3
5764 0
5765 2
5766 3
5767 2
5768 2
5769 2
5770 2
5771 2
5772 1
5773 2
5774 4
5775 3
5776 2
5777 1
5778 0
5779 2
5780 0
5781 2
5782 2
5783 0
5784 1
5785 3
5786 0
5787 0
5788 2
5789 1
5790 1
5791 2
5792 2
5793 2
5794 1
5795 1
5796 1
5797 2
5798 1
5799 2
5800 2
5801 1
5802 1
5803 3
5804 2
5805 3
5806 2
5807 1
5808 2
5809 0
5810 1
5811 1
5812 1
5813 0
5814 1
5815 0
5816 3
5817 1
5818 0
5819 0
5820 1
5821 2
5822 0
5823 2
5824 3
5825 2
5826 2
5827 3
5828 3
5829 0
5830 2
5831 2
5832 2
5833 2
5834 0
5835 2
5836 2
5837 1
5838 3
5839 2
5840 1
5841 2
5842 2
5843 4
5844 4
5845 3
5846 1
5847 3
5848 0
5849 1
5850 1
5851 2
5852 0
5853 2
5854 0
5855 2
5856 1
5857 2
5858 2
5859 2
5860 0
5861 0
5862 2
5863 3
5864 0
5865 2
5866 1
5867 5
5868 3
5869 3
5870 1
5871 2
5872 2
5873 3
5874 2
5875 4
5876 1
5877 2
5878 2
5879 1
5880 3
5881 2
5882 2
5883 2
5884 0
5885 1
5886 1
5887 1
5888 1
5889 2
5890 3
5891 2
5892 3
5893 1
5894 1
5895 1
5896 0
5897 1
5898 0
5899 1
5900 0
5901 3
5902 1
5903 1
5904 1
5905 2
5906 2
5907 2
5908 4
5909 4
5910 2
5911 0
5912 2
5913 1
5914 1
5915 1
5916 3
5917 3
5918 1
5919 1
5920 1
5921 4
5922 2
5923 3
5924 1
5925 1
5926 2
5927 2
5928 1
5929 4
5930 2
5931 2
5932 2
5933 2
5934 3
5935 2
5936 0
5937 1
5938 0
5939 0
5940 2
5941 2
5942 2
5943 0
5944 1
5945 3
5946 1
5947 2
5948 0
5949 2
5950 0
5951 1
5952 1
5953 2
5954 2
5955 2
5956 2
5957 0
5958 0
5959 1
5960 0
5961 4
5962 5
5963 4
5964 1
5965 0
5966 2
5967 1
5968 0
5969 0
5970 2
5971 1
5972 2
5973 2
5974 0
5975 2
5976 3
5977 2
5978 2
5979 2
5980 1
5981 2
5982 3
5983 1
5984 1
5985 2
5986 0
5987 1
5988 2
5989 0
5990 2
5991 1
5992 1
5993 3
5994 1
5995 1
5996 0
5997 1
5998 2
5999 1
6000 2
6001 2
6002 4
6003 3
6004 2
6005 3
6006 2
6007 1
6008 1
6009 0
6010 0
6011 1
6012 1
6013 0
6014 0
6015 3
6016 1
6017 2
6018 3
6019 0
6020 1
6021 2
6022 2
6023 2
6024 2
6025 2
6026 0
6027 2
6028 1
6029 0
6030 2
6031 1
6032 0
6033 2
6034 1
6035 3
6036 0
6037 0
6038 0
6039 2
6040 0
6041 3
6042 0
6043 1
6044 1
6045 0
6046 1
6047 3
6048 1
6049 1
6050 0
6051 0
6052 3
6053 1
6054 3
6055 1
6056 2
6057 0
6058 1
6059 2
6060 2
6061 2
6062 0
6063 0
6064 2
6065 2
6066 1
6067 2
6068 1
6069 1
6070 4
6071 3
6072 1
6073 0
6074 2
6075 0
6076 1
6077 4
6078 2
6079 1
6080 0
6081 3
6082 1
6083 2
6084 1
6085 2
6086 3
6087 3
6088 0
6089 0
6090 1
6091 1
6092 1
6093 1
6094 1
6095 1
6096 0
6097 0
6098 1
6099 2
6100 0
6101 1
6102 2
6103 2
6104 1
6105 0
6106 2
6107 0
6108 1
6109 0
6110 3
6111 1
6112 2
6113 3
6114 0
6115 1
6116 2
6117 1
6118 3
6119 3
6120 1
6121 2
6122 1
6123 1
6124 2
6125 2
6126 4
6127 1
6128 0
6129 1
6130 1
6131 3
6132 2
6133 1
6134 2
6135 1
6136 0
6137 4
6138 1
6139 1
6140 1
6141 2
6142 0
6143 1
6144 1
6145 2
6146 4
6147 4
6148 3
6149 1
6150 3
6151 0
6152 1
6153 2
6154 0
6155 2
6156 3
6157 2
6158 3
6159 1
6160 2
6161 2
6162 1
6163 3
6164 1
6165 0
6166 3
6167 5
6168 6
6169 4
6170 3
6171 1
6172 1
6173 3
6174 1
6175 2
6176 1
6177 0
6178 1
6179 0
6180 2
6181 0
6182 1
6183 2
6184 1
6185 2
6186 1
6187 4
6188 2
6189 0
6190 1
6191 3
6192 2
6193 1
6194 0
6195 3
6196 0
6197 4
6198 5
6199 3
6200 1
6201 1
6202 1
6203 3
6204 3
6205 0
6206 2
6207 2
6208 1
6209 1
6210 0
6211 3
6212 2
6213 0
6214 0
6215 2
6216 2
6217 2
6218 1
6219 1
6220 0
6221 0
6222 2
6223 1
6224 2
6225 1
6226 3
6227 2
6228 2
6229 1
6230 1
6231 2
6232 3
6233 1
6234 0
6235 1
6236 1
6237 2
6238 2
6239 1
6240 0
6241 0
6242 1
6243 0
6244 1
6245 1
6246 1
6247 1
6248 2
6249 1
6250 0
6251 1
6252 2
6253 1
6254 2
6255 2
6256 0
6257 2
6258 1
6259 2
6260 3
6261 2
6262 3
6263 3
6264 2
6265 2
6266 0
6267 0
6268 1
6269 3
6270 3
6271 0
6272 3
6273 2
6274 2
6275 0
6276 2
6277 2
6278 1
6279 2
6280 0
6281 4
6282 2
6283 1
6284 2
6285 0
6286 0
6287 1
6288 0
6289 2
6290 2
6291 0
6292 2
6293 2
6294 2
6295 0
6296 0
6297 0
6298 0
6299 1
6300 0
6301 3
6302 3
6303 2
6304 3
6305 0
6306 1
6307 0
6308 0
6309 2
6310 3
6311 1
6312 1
6313 2
6314 4
6315 3
6316 2
6317 1
6318 3
6319 3
6320 1
6321 1
6322 3
6323 3
6324 3
6325 1
6326 2
6327 4
6328 2
6329 1
6330 0
6331 2
6332 3
6333 3
6334 3
6335 1
6336 1
6337 1
6338 5
6339 2
6340 2
6341 1
6342 1
6343 2
6344 2
6345 2
6346 1
6347 1
6348 2
6349 1
6350 5
6351 4
6352 3
6353 2
6354 3
6355 2
6356 1
6357 4
6358 2
6359 2
6360 2
6361 1
6362 0
6363 1
6364 1
6365 0
6366 2
6367 1
6368 1
6369 1
6370 1
6371 1
6372 0
6373 0
6374 1
6375 3
6376 1
6377 0
6378 3
6379 0
6380 1
6381 2
6382 2
6383 3
6384 2
6385 2
6386 1
6387 0
6388 2
6389 0
6390 2
6391 1
6392 2
6393 0
6394 1
6395 2
6396 1
6397 1
6398 1
6399 2
6400 0
6401 2
6402 2
6403 1
6404 1
6405 2
6406 2
6407 1
6408 1
6409 1
6410 1
6411 2
6412 0
6413 1
6414 3
6415 2
6416 1
6417 2
6418 2
6419 2
6420 0
6421 2
6422 2
6423 1
6424 1
6425 1
6426 1
6427 4
6428 3
6429 0
6430 0
6431 2
6432 2
6433 1
6434 1
6435 2
6436 2
6437 1
6438 2
6439 1
6440 1
6441 4
6442 4
6443 2
6444 2
6445 3
6446 0
6447 0
6448 0
6449 3
6450 1
6451 1
6452 1
6453 2
6454 2
6455 2
6456 1
6457 1
6458 0
6459 1
6460 2
6461 1
6462 1
6463 0
6464 1
6465 4
6466 4
6467 4
6468 3
6469 1
6470 2
6471 1
6472 5
6473 3
6474 2
6475 2
6476 0
6477 2
6478 1
6479 2
6480 2
6481 2
6482 1
6483 2
6484 1
6485 1
6486 2
6487 3
6488 0
6489 3
6490 0
6491 0
6492 0
6493 0
6494 1
6495 1
6496 0
6497 1
6498 2
6499 1
6500 2
6501 2
6502 3
6503 0
6504 0
6505 1
6506 0
6507 2
6508 2
6509 0
6510 2
6511 2
6512 1
6513 1
6514 2
6515 2
6516 1
6517 3
6518 2
6519 0
6520 2
6521 4
6522 1
6523 3
6524 0
6525 1
6526 0
6527 0
6528 2
6529 4
6530 4
6531 3
6532 1
6533 2
6534 1
6535 3
6536 1
6537 0
6538 2
6539 2
6540 1
6541 1
6542 5
6543 4
6544 5
6545 6
6546 3
6547 4
6548 3
6549 2
6550 2
6551 3
6552 1
6553 1
6554 2
6555 1
6556 2
6557 5
6558 3
6559 2
6560 1
6561 4
6562 1
6563 2
6564 3
6565 2
6566 1
6567 1
6568 1
6569 3
6570 1
6571 1
6572 0
6573 2
6574 1
6575 2
6576 3
6577 3
6578 2
6579 2
6580 2
6581 2
6582 1
6583 2
6584 2
6585 2
6586 1
6587 0
6588 3
6589 2
6590 4
6591 4
6592 4
6593 1
6594 2
6595 2
6596 1
6597 2
6598 2
6599 1
6600 2
6601 1
6602 3
6603 0
6604 0
6605 2
6606 2
6607 3
6608 1
6609 1
6610 2
6611 0
6612 1
6613 3
6614 3
6615 0
6616 0
6617 0
6618 3
6619 1
6620 2
6621 1
6622 0
6623 0
6624 2
6625 1
6626 2
6627 1
6628 0
6629 0
6630 1
6631 2
6632 2
6633 0
6634 2
6635 3
6636 0
6637 2
6638 1
6639 1
6640 1
6641 1
6642 2
6643 1
6644 1
6645 2
6646 1
6647 1
6648 2
6649 1
6650 2
6651 1
6652 1
6653 3
6654 1
6655 1
6656 2
6657 2
6658 2
6659 0
6660 3
6661 2
6662 1
6663 1
6664 2
6665 0
6666 3
6667 1
6668 0
6669 0
6670 3
6671 1
6672 1
6673 0
6674 2
6675 2
6676 0
6677 0
6678 2
6679 1
6680 3
6681 2
6682 2
6683 2
6684 1
6685 1
6686 1
6687 3
6688 5
6689 5
6690 2
6691 2
6692 2
6693 1
6694 1
6695 1
6696 1
6697 2
6698 2
6699 1
6700 0
6701 0
6702 1
6703 2
6704 2
6705 2
6706 1
6707 2
6708 0
6709 0
6710 1
6711 2
6712 1
6713 0
6714 0
6715 2
6716 2
6717 1
6718 0
6719 2
6720 1
6721 2
6722 2
6723 1
6724 2
6725 0
6726 3
6727 2
6728 0
6729 2
6730 1
6731 1
6732 3
6733 3
6734 1
6735 3
6736 1
6737 2
6738 3
6739 3
6740 1
6741 2
6742 0
6743 2
6744 0
6745 1
6746 2
6747 2
6748 1
6749 1
6750 1
6751 1
6752 1
6753 2
6754 2
6755 2
6756 0
6757 2
6758 3
6759 0
6760 3
6761 2
6762 2
6763 1
6764 0
6765 1
6766 3
6767 1
6768 2
6769 0
6770 0
6771 1
6772 1
6773 3
6774 2
6775 0
6776 3
6777 2
6778 1
6779 1
6780 0
6781 2
6782 3
6783 1
6784 2
6785 1
6786 0
6787 0
6788 1
6789 1
6790 2
6791 3
6792 2
6793 0
6794 2
6795 1
6796 0
6797 3
6798 2
6799 3
6800 0
6801 2
6802 2
6803 2
6804 1
6805 2
6806 3
6807 2
6808 1
6809 0
6810 3
6811 5
6812 2
6813 3
6814 3
6815 0
6816 2
6817 1
6818 1
6819 1
6820 2
6821 0
6822 2
6823 1
6824 4
6825 3
6826 0
6827 1
6828 4
6829 1
6830 0
6831 3
6832 2
6833 2
6834 1
6835 0
6836 3
6837 2
6838 4
6839 5
6840 3
6841 0
6842 0
6843 3
6844 1
6845 1
6846 2
6847 1
6848 0
6849 1
6850 1
6851 1
6852 1
6853 1
6854 2
6855 1
6856 2
6857 1
6858 0
6859 2
6860 1
6861 1
6862 0
6863 0
6864 2
6865 1
6866 4
6867 2
6868 0
6869 2
6870 4
6871 2
6872 0
6873 3
6874 2
6875 0
6876 1
6877 3
6878 3
6879 1
6880 1
6881 3
6882 3
6883 1
6884 3
6885 2
6886 1
6887 1
6888 0
6889 1
6890 2
6891 1
6892 2
6893 1
6894 2
6895 1
6896 0
6897 0
6898 2
6899 1
6900 0
6901 2
6902 1
6903 0
6904 2
6905 1
6906 0
6907 2
6908 1
6909 2
6910 1
6911 2
6912 1
6913 2
6914 2
6915 1
6916 2
6917 0
6918 3
6919 2
6920 3
6921 1
6922 4
6923 3
6924 2
6925 2
6926 3
6927 0
6928 1
6929 3
6930 3
6931 0
6932 3
6933 2
6934 1
6935 1
6936 1
6937 1
6938 2
6939 2
6940 2
6941 1
6942 1
6943 0
6944 1
6945 2
6946 0
6947 2
6948 2
6949 2
6950 1
6951 0
6952 0
6953 1
6954 3
6955 1
6956 0
6957 2
6958 1
6959 0
6960 3
6961 0
6962 2
6963 2
6964 3
6965 3
6966 2
6967 4
6968 1
6969 1
6970 0
6971 1
6972 3
6973 4
6974 2
6975 2
6976 0
6977 2
6978 2
6979 1
6980 1
6981 1
6982 0
6983 2
6984 1
6985 1
6986 2
6987 2
6988 5
6989 6
6990 6
6991 4
6992 2
6993 3
6994 1
6995 3
6996 4
6997 2
6998 2
6999 2
7000 1
7001 2
7002 2
7003 2
7004 1
7005 2
7006 1
7007 3
7008 1
7009 0
7010 0
7011 0
7012 3
7013 2
7014 1
7015 0
7016 4
7017 3
7018 0
7019 3
7020 3
7021 3
7022 2
7023 1
7024 2
7025 2
7026 2
7027 2
7028 2
7029 2
7030 1
7031 0
7032 1
7033 1
7034 1
7035 1
7036 1
7037 2
7038 1
7039 2
7040 3
7041 0
7042 0
7043 1
7044 2
7045 1
7046 1
7047 1
7048 3
7049 0
7050 1
7051 1
7052 3
7053 1
7054 2
7055 0
7056 3
7057 1
7058 2
7059 1
7060 0
7061 2
7062 2
7063 1
7064 4
7065 3
7066 1
7067 2
7068 2
7069 0
7070 1
7071 0
7072 1
7073 2
7074 3
7075 2
7076 1
7077 1
7078 1
7079 2
7080 0
7081 0
7082 0
7083 2
7084 0
7085 1
7086 0
7087 2
7088 3
7089 1
7090 1
7091 0
7092 4
7093 3
7094 1
7095 1
7096 2
7097 1
7098 2
7099 2
7100 1
7101 0
7102 0
7103 2
7104 1
7105 1
7106 1
7107 2
7108 1
7109 1
7110 1
7111 3
7112 1
7113 2
7114 1
7115 3
7116 1
7117 3
7118 2
7119 2
7120 1
7121 2
7122 1
7123 0
7124 2
7125 4
7126 1
7127 0
7128 3
7129 2
7130 3
7131 2
7132 3
7133 3
7134 1
7135 2
7136 1
7137 3
7138 4
7139 2
7140 1
7141 3
7142 0
7143 3
7144 4
7145 2
7146 0
7147 2
7148 2
7149 2
7150 5
7151 4
7152 3
7153 1
7154 2
7155 1
7156 0
7157 0
7158 3
7159 1
7160 2
7161 2
7162 0
7163 1
7164 1
7165 3
7166 1
7167 4
7168 4
7169 3
7170 1
7171 4
7172 3
7173 1
7174 0
7175 1
7176 2
7177 3
7178 1
7179 0
7180 2
7181 0
7182 0
7183 1
7184 0
7185 1
7186 0
7187 3
7188 4
7189 4
7190 2
7191 0
7192 4
7193 3
7194 2
7195 2
7196 1
7197 3
7198 0
7199 2
7200 3
7201 2
7202 3
7203 1
7204 2
7205 2
7206 2
7207 3
7208 3
7209 1
7210 1
7211 2
7212 3
7213 1
7214 2
7215 3
7216 0
7217 1
7218 0
7219 4
7220 4
7221 3
7222 1
7223 2
7224 0
7225 1
7226 1
7227 3
7228 1
7229 1
7230 2
7231 3
7232 2
7233 1
7234 0
7235 1
7236 1
7237 1
7238 1
7239 1
7240 1
7241 0
7242 0
7243 2
7244 2
7245 3
7246 3
7247 1
7248 2
7249 1
7250 1
7251 4
7252 3
7253 1
7254 0
7255 0
7256 0
7257 0
7258 1
7259 0
7260 2
7261 2
7262 3
7263 1
7264 1
7265 4
7266 2
7267 4
7268 1
7269 1
7270 2
7271 0
7272 2
7273 6
7274 7
7275 5
7276 2
7277 1
7278 2
7279 2
7280 0
7281 1
7282 1
7283 3
7284 0
7285 4
7286 3
7287 5
7288 5
7289 3
7290 1
7291 0
7292 4
7293 5
7294 4
7295 1
7296 1
7297 2
7298 2
7299 1
7300 2
7301 3
7302 2
7303 2
7304 1
7305 3
7306 2
7307 2
7308 0
7309 1
7310 1
7311 3
7312 1
7313 3
7314 0
7315 1
7316 0
7317 2
7318 2
7319 2
7320 1
7321 2
7322 1
7323 2
7324 0
7325 1
7326 1
7327 1
7328 0
7329 3
7330 1
7331 2
7332 4
7333 3
7334 0
7335 1
7336 0
7337 0
7338 3
7339 0
7340 2
7341 4
7342 3
7343 2
7344 0
7345 1
7346 1
7347 0
7348 1
7349 1
7350 1
7351 1
7352 0
7353 2
7354 1
7355 2
7356 1
7357 0
7358 0
7359 4
7360 3
7361 1
7362 2
7363 0
7364 2
7365 1
7366 0
7367 2
7368 1
7369 1
7370 1
7371 1
7372 3
7373 1
7374 1
7375 1
7376 1
7377 3
7378 0
7379 1
7380 0
7381 3
7382 2
7383 2
7384 2
7385 1
7386 0
7387 4
7388 3
7389 1
7390 2
7391 3
7392 0
7393 1
7394 2
7395 3
7396 0
7397 2
7398 2
7399 2
7400 2
7401 1
7402 2
7403 2
7404 1
7405 0
7406 1
7407 1
7408 3
7409 4
7410 2
7411 1
7412 2
7413 2
7414 2
7415 1
7416 1
7417 1
7418 2
7419 1
7420 2
7421 1
7422 0
7423 2
7424 1
7425 2
7426 2
7427 2
7428 4
7429 3
7430 0
7431 2
7432 2
7433 2
7434 2
7435 1
7436 1
7437 2
7438 3
7439 4
7440 3
7441 4
7442 2
7443 2
7444 1
7445 2
7446 1
7447 1
7448 1
7449 0
7450 2
7451 1
7452 1
7453 2
7454 0
7455 0
7456 2
7457 3
7458 1
7459 1
7460 2
7461 1
7462 1
7463 1
7464 2
7465 1
7466 2
7467 2
7468 4
7469 2
7470 1
7471 3
7472 2
7473 3
7474 2
7475 2
7476 1
7477 0
7478 4
7479 2
7480 4
7481 2
7482 0
7483 0
7484 2
7485 3
7486 1
7487 3
7488 2
7489 1
7490 1
7491 4
7492 4
7493 2
7494 1
7495 2
7496 3
7497 1
7498 2
7499 1
7500 2
7501 0
7502 1
7503 2
7504 2
7505 0
7506 0
7507 3
7508 1
7509 2
7510 2
7511 4
7512 2
7513 0
7514 2
7515 2
7516 3
7517 1
7518 1
7519 1
7520 2
7521 1
7522 4
7523 2
7524 1
7525 2
7526 0
7527 3
7528 1
7529 3
7530 1
7531 0
7532 2
7533 0
7534 0
7535 1
7536 1
7537 1
7538 3
7539 2
7540 0
7541 1
7542 1
7543 1
7544 3
7545 0
7546 2
7547 2
7548 3
7549 2
7550 2
7551 2
7552 2
7553 1
7554 2
7555 1
7556 1
7557 0
7558 1
7559 2
7560 1
7561 1
7562 1
7563 0
7564 1
7565 0
7566 1
7567 0
7568 2
7569 3
7570 2
7571 2
7572 1
7573 3
7574 1
7575 1
7576 1
7577 1
7578 1
7579 0
7580 1
7581 1
7582 2
7583 2
7584 3
7585 3
7586 1
7587 2
7588 1
7589 1
7590 0
7591 2
7592 1
7593 1
7594 0
7595 2
7596 2
7597 2
7598 1
7599 0
7600 0
7601 1
7602 1
7603 2
7604 0
7605 1
7606 1
7607 0
7608 0
7609 2
7610 2
7611 0
7612 2
7613 2
7614 1
7615 0
7616 0
7617 0
7618 1
7619 3
7620 2
7621 2
7622 2
7623 0
7624 1
7625 4
7626 2
7627 1
7628 0
7629 1
7630 2
7631 1
7632 1
7633 3
7634 2
7635 0
7636 1
7637 1
7638 3
7639 1
7640 0
7641 0
7642 0
7643 1
7644 0
7645 2
7646 0
7647 1
7648 3
7649 1
7650 2
7651 2
7652 1
7653 3
7654 2
7655 2
7656 1
7657 1
7658 2
7659 2
7660 1
7661 1
7662 1
7663 1
7664 3
7665 1
7666 1
7667 0
7668 1
7669 2
7670 3
7671 1
7672 1
7673 2
7674 3
7675 1
7676 1
7677 2
7678 2
7679 2
7680 1
7681 3
7682 0
7683 2
7684 2
7685 1
7686 0
7687 0
7688 1
7689 2
7690 1
7691 2
7692 1
7693 3
7694 3
7695 1
7696 1
7697 0
7698 2
7699 1
7700 2
7701 1
7702 0
7703 0
7704 3
7705 1
7706 4
7707 3
7708 0
7709 0
7710 0
7711 1
7712 1
7713 2
7714 2
7715 1
7716 4
7717 2
7718 1
7719 1
7720 3
7721 0
7722 0
7723 0
7724 2
7725 1
7726 3
7727 2
7728 1
7729 4
7730 3
7731 0
7732 1
7733 0
7734 0
7735 3
7736 3
7737 2
7738 1
7739 3
7740 2
7741 1
7742 1
7743 4
7744 4
7745 2
7746 2
7747 0
7748 1
7749 2
7750 2
7751 4
7752 1
7753 2
7754 1
7755 2
7756 1
7757 1
7758 1
7759 3
7760 0
7761 0
7762 3
7763 1
7764 1
7765 2
7766 1
7767 0
7768 2
7769 3
7770 1
7771 1
7772 2
7773 1
7774 1
7775 1
7776 2
7777 2
7778 0
7779 2
7780 0
7781 0
7782 3
7783 3
7784 1
7785 1
7786 3
7787 0
7788 1
7789 0
7790 1
7791 1
7792 0
7793 4
7794 3
7795 1
7796 2
7797 3
7798 0
7799 1
7800 2
7801 1
7802 3
7803 0
7804 2
7805 1
7806 1
7807 3
7808 1
7809 2
7810 1
7811 1
7812 2
7813 2
7814 1
7815 1
7816 0
7817 1
7818 0
7819 2
7820 0
7821 2
7822 4
7823 2
7824 1
7825 1
7826 2
7827 1
7828 2
7829 1
7830 2
7831 2
7832 1
7833 1
7834 4
7835 3
7836 0
7837 3
7838 3
7839 2
7840 3
7841 2
7842 1
7843 2
7844 0
7845 1
7846 0
7847 0
7848 3
7849 2
7850 1
7851 0
7852 1
7853 1
7854 2
7855 0
7856 3
7857 3
7858 1
7859 2
7860 1
7861 2
7862 0
7863 2
7864 0
7865 2
7866 3
7867 1
7868 1
7869 2
7870 3
7871 0
7872 1
7873 1
7874 1
7875 1
7876 1
7877 0
7878 1
7879 2
7880 0
7881 1
7882 1
7883 3
7884 1
7885 3
7886 0
7887 1
7888 1
7889 1
7890 0
7891 3
7892 1
7893 0
7894 1
7895 2
7896 2
7897 1
7898 0
7899 0
7900 2
7901 1
7902 1
7903 1
7904 1
7905 3
7906 1
7907 1
7908 2
7909 1
7910 4
7911 1
7912 2
7913 1
7914 0
7915 2
7916 2
7917 0
7918 3
7919 2
7920 0
7921 3
7922 2
7923 1
7924 0
7925 1
7926 1
7927 1
7928 0
7929 1
7930 2
7931 4
7932 3
7933 2
7934 1
7935 1
7936 1
7937 0
7938 4
7939 2
7940 1
7941 1
7942 1
7943 1
7944 0
7945 1
7946 2
7947 2
7948 2
7949 1
7950 2
7951 2
7952 3
7953 2
7954 2
7955 2
7956 0
7957 4
7958 4
7959 1
7960 2
7961 2
7962 3
7963 2
7964 3
7965 3
7966 2
7967 3
7968 2
7969 1
7970 3
7971 0
7972 1
7973 1
7974 1
7975 0
7976 0
7977 1
7978 0
7979 0
7980 2
7981 2
7982 3
7983 2
7984 2
7985 1
7986 1
7987 3
7988 3
7989 0
7990 1
7991 2
7992 2
7993 1
7994 2
7995 2
7996 2
7997 2
7998 3
7999 1
8000 1
8001 2
8002 1
8003 3
8004 2
8005 1
8006 1
8007 3
8008 3
8009 1
8010 2
8011 4
8012 4
8013 2
8014 1
8015 3
8016 3
8017 1
8018 1
8019 3
8020 1
8021 2
8022 2
8023 0
8024 0
8025 1
8026 2
8027 2
8028 2
8029 0
8030 3
8031 3
8032 0
8033 0
8034 1
8035 0
8036 4
8037 3
8038 0
8039 2
8040 2
8041 0
8042 2
8043 1
8044 2
8045 1
8046 2
8047 2
8048 2
8049 0
8050 2
8051 0
8052 1
8053 2
8054 1
8055 1
8056 2
8057 2
8058 3
8059 2
8060 1
8061 1
8062 2
8063 2
8064 2
8065 1
8066 4
8067 1
8068 1
8069 1
8070 1
8071 1
8072 0
8073 1
8074 3
8075 2
8076 2
8077 2
8078 2
8079 1
8080 3
8081 3
8082 1
8083 2
8084 2
8085 3
8086 1
8087 3
8088 1
8089 0
8090 1
8091 1
8092 2
8093 2
8094 0
8095 1
8096 0
8097 2
8098 3
8099 4
8100 3
8101 2
8102 4
8103 3
8104 1
8105 0
8106 1
8107 2
8108 0
8109 0
8110 3
8111 2
8112 0
8113 1
8114 1
8115 0
8116 1
8117 2
8118 2
8119 1
8120 2
8121 0
8122 1
8123 1
8124 1
8125 1
8126 4
8127 2
8128 2
8129 4
8130 2
8131 2
8132 2
8133 1
8134 0
8135 0
8136 1
8137 1
8138 1
8139 0
8140 1
8141 1
8142 1
8143 1
8144 3
8145 1
8146 0
8147 1
8148 0
8149 2
8150 2
8151 2
8152 2
8153 2
8154 2
8155 0
8156 1
8157 2
8158 1
8159 0
8160 1
8161 3
8162 2
8163 3
8164 1
8165 3
8166 2
8167 1
8168 1
8169 2
8170 2
8171 2
8172 1
8173 3
8174 1
8175 0
8176 3
8177 1
8178 1
8179 3
8180 1
8181 2
8182 2
8183 2
8184 2
8185 2
8186 1
8187 0
8188 1
8189 2
8190 1
8191 2
8192 3
8193 2
8194 3
8195 0
8196 2
8197 2
8198 4
8199 3
8200 0
8201 0
8202 0
8203 3
8204 1
8205 0
8206 0
8207 0
8208 0
8209 3
8210 4
8211 3
8212 3
8213 1
8214 4
8215 3
8216 3
8217 1
8218 1
8219 1
8220 4
8221 5
8222 2
8223 1
8224 2
8225 2
8226 2
8227 0
8228 1
8229 2
8230 1
8231 0
8232 1
8233 4
8234 1
8235 1
8236 1
8237 0
8238 1
8239 2
8240 1
8241 0
8242 5
8243 4
8244 1
8245 1
8246 4
8247 1
8248 3
8249 2
8250 2
8251 0
8252 1
8253 0
8254 0
8255 0
8256 1
8257 2
8258 3
8259 2
8260 2
8261 2
8262 2
8263 3
8264 2
8265 3
8266 1
8267 1
8268 4
8269 1
8270 0
8271 2
8272 0
8273 0
8274 1
8275 1
8276 0
8277 1
8278 2
8279 1
8280 2
8281 1
8282 0
8283 0
8284 0
8285 0
8286 0
8287 3
8288 2
8289 2
8290 0
8291 2
8292 2
8293 2
8294 1
8295 1
8296 2
8297 1
8298 3
8299 2
8300 2
8301 1
8302 4
8303 2
8304 0
8305 3
8306 3
8307 0
8308 3
8309 1
8310 1
8311 2
8312 0
8313 1
8314 2
8315 0
8316 1
8317 1
8318 2
8319 3
8320 0
8321 2
8322 3
8323 1
8324 0
8325 1
8326 1
8327 0
8328 1
8329 2
8330 3
8331 1
8332 2
8333 3
8334 3
8335 3
8336 1
8337 1
8338 1
8339 2
8340 2
8341 0
8342 2
8343 1
8344 1
8345 2
8346 0
8347 0
8348 2
8349 2
8350 2
8351 2
8352 1
8353 1
8354 0
8355 2
8356 1
8357 1
8358 2
8359 1
8360 0
8361 2
8362 0
8363 0
8364 1
8365 2
8366 2
8367 4
8368 2
8369 1
8370 1
8371 1
8372 1
8373 3
8374 0
8375 3
8376 0
8377 2
8378 1
8379 2
8380 2
8381 3
8382 3
8383 4
8384 2
8385 2
8386 2
8387 1
8388 2
8389 2
8390 0
8391 3
8392 0
8393 1
8394 3
8395 2
8396 1
8397 2
8398 2
8399 2
8400 0
8401 1
8402 1
8403 0
8404 3
8405 0
8406 4
8407 2
8408 3
8409 2
8410 2
8411 1
8412 1
8413 3
8414 0
8415 0
8416 0
8417 0
8418 1
8419 1
8420 2
8421 1
8422 0
8423 2
8424 1
8425 1
8426 1
8427 4
8428 1
8429 1
8430 1
8431 1
8432 1
8433 2
8434 1
8435 1
8436 0
8437 3
8438 0
8439 2
8440 0
8441 0
8442 2
8443 3
8444 2
8445 1
8446 1
8447 2
8448 0
8449 3
8450 3
8451 2
8452 2
8453 0
8454 3
8455 2
8456 1
8457 4
8458 2
8459 0
8460 3
8461 1
8462 3
8463 1
8464 2
8465 1
8466 1
8467 4
8468 2
8469 2
8470 1
8471 6
8472 7
8473 5
8474 3
8475 1
8476 0
8477 0
8478 2
8479 1
8480 0
8481 1
8482 3
8483 2
8484 2
8485 0
8486 2
8487 1
8488 2
8489 1
8490 2
8491 1
8492 4
8493 4
8494 2
8495 1
8496 2
8497 1
8498 1
8499 2
8500 3
8501 2
8502 2
8503 2
8504 1
8505 2
8506 0
8507 1
8508 1
8509 2
8510 0
8511 1
8512 1
8513 0
8514 0
8515 2
8516 0
8517 3
8518 3
8519 2
8520 1
8521 1
8522 0
8523 2
8524 1
8525 0
8526 2
8527 2
8528 2
8529 2
8530 0
8531 2
8532 0
8533 2
8534 0
8535 0
8536 2
8537 3
8538 3
8539 4
8540 1
8541 2
8542 2
8543 2
8544 3
8545 4
8546 3
8547 2
8548 1
8549 2
8550 1
8551 3
8552 0
8553 2
8554 1
8555 1
8556 1
8557 2
8558 4
8559 2
8560 1
8561 1
8562 1
8563 2
8564 0
8565 3
8566 3
8567 0
8568 0
8569 0
8570 1
8571 1
8572 3
8573 2
8574 2
8575 2
8576 4
8577 4
8578 1
8579 0
8580 2
8581 3
8582 3
8583 2
8584 1
8585 1
8586 2
8587 3
8588 3
8589 1
8590 2
8591 1
8592 2
8593 1
8594 3
8595 2
8596 0
8597 1
8598 2
8599 2
8600 1
8601 2
8602 1
8603 3
8604 0
8605 0
8606 1
8607 0
8608 2
8609 1
8610 2
8611 0
8612 1
8613 1
8614 0
8615 3
8616 3
8617 2
8618 4
8619 1
8620 3
8621 1
8622 2
8623 4
8624 2
8625 1
8626 2
8627 2
8628 1
8629 0
8630 1
8631 2
8632 4
8633 3
8634 1
8635 2
8636 1
8637 1
8638 3
8639 2
8640 0
8641 1
8642 2
8643 1
8644 3
8645 1
8646 2
8647 1
8648 1
8649 0
8650 1
8651 1
8652 1
8653 1
8654 2
8655 1
8656 0
8657 2
8658 2
8659 3
8660 0
8661 0
8662 3
8663 2
8664 3
8665 2
8666 0
8667 1
8668 2
8669 0
8670 3
8671 1
8672 3
8673 2
8674 1
8675 0
8676 0
8677 1
8678 2
8679 0
8680 0
8681 0
8682 2
8683 2
8684 0
8685 2
8686 2
8687 3
8688 3
8689 2
8690 1
8691 1
8692 2
8693 3
8694 1
8695 2
8696 1
8697 1
8698 0
8699 3
8700 3
8701 1
8702 2
8703 2
8704 3
8705 0
8706 0
8707 1
8708 0
8709 1
8710 0
8711 1
8712 1
8713 0
8714 1
8715 2
8716 1
8717 3
8718 2
8719 2
8720 2
8721 1
8722 1
8723 1
8724 3
8725 2
8726 2
8727 0
8728 3
8729 1
8730 1
8731 2
8732 1
8733 0
8734 1
8735 0
8736 0
8737 1
8738 2
8739 0
8740 1
8741 1
8742 1
8743 2
8744 2
8745 0
8746 2
8747 0
8748 0
8749 1
8750 4
8751 3
8752 2
8753 5
8754 2
8755 0
8756 1
8757 0
8758 3
8759 1
8760 2
8761 3
8762 1
8763 2
8764 0
8765 1
8766 1
8767 2
8768 2
8769 1
8770 0
8771 1
8772 1
8773 0
8774 2
8775 3
8776 0
8777 3
8778 1
8779 0
8780 1
8781 1
8782 0
8783 2
8784 4
8785 4
8786 4
8787 3
8788 1
8789 2
8790 2
8791 3
8792 2
8793 4
8794 4
8795 1
8796 2
8797 0
8798 1
8799 2
8800 1
8801 3
8802 1
8803 0
8804 2
8805 2
8806 0
8807 2
8808 1
8809 0
8810 1
8811 2
8812 0
8813 2
8814 0
8815 2
8816 1
8817 2
8818 3
8819 4
8820 3
8821 3
8822 2
8823 4
8824 1
8825 1
8826 1
8827 0
8828 2
8829 2
8830 1
8831 0
8832 1
8833 2
8834 1
8835 1
8836 1
8837 2
8838 2
8839 1
8840 0
8841 3
8842 0
8843 2
8844 2
8845 0
8846 1
8847 1
8848 1
8849 3
8850 1
8851 0
8852 3
8853 1
8854 1
8855 2
8856 3
8857 4
8858 3
8859 2
8860 2
8861 2
8862 5
8863 3
8864 2
8865 0
8866 0
8867 0
8868 1
8869 4
8870 4
8871 3
8872 4
8873 2
8874 1
8875 2
8876 3
8877 1
8878 0
8879 1
8880 1
8881 2
8882 4
8883 2
8884 1
8885 3
8886 1
8887 1
8888 4
8889 1
8890 0
8891 1
8892 1
8893 0
8894 2
8895 4
8896 4
8897 2
8898 3
8899 2
8900 1
8901 3
8902 0
8903 0
8904 1
8905 1
8906 1
8907 1
8908 3
8909 2
8910 0
8911 2
8912 0
8913 2
8914 1
8915 2
8916 1
8917 5
8918 5
8919 5
8920 3
8921 3
8922 3
8923 2
8924 0
8925 1
8926 1
8927 4
8928 1
8929 0
8930 5
8931 3
8932 1
8933 2
8934 2
8935 0
8936 3
8937 2
8938 3
8939 3
8940 1
8941 0
8942 2
8943 0
8944 2
8945 2
8946 2
8947 2
8948 2
8949 2
8950 1
8951 1
8952 3
8953 1
8954 0
8955 0
8956 1
8957 1
8958 2
8959 0
8960 1
8961 0
8962 1
8963 1
8964 1
8965 1
8966 0
8967 3
8968 4
8969 1
8970 1
8971 0
8972 2
8973 1
8974 1
8975 1
8976 3
8977 1
8978 1
8979 1
8980 1
8981 2
8982 2
8983 1
8984 0
8985 0
8986 1
8987 4
8988 2
8989 3
8990 1
8991 1
8992 3
8993 2
8994 1
8995 2
8996 0
8997 3
8998 0
8999 1
9000 1
9001 1
9002 2
9003 1
9004 1
9005 2
9006 1
9007 1
9008 1
9009 0
9010 0
9011 0
9012 1
9013 3
9014 1
9015 1
9016 2
9017 1
9018 0
9019 1
9020 1
9021 3
9022 1
9023 2
9024 0
9025 0
9026 2
9027 3
9028 3
9029 1
9030 1
9031 2
9032 1
9033 0
9034 3
9035 4
9036 3
9037 0
9038 3
9039 3
9040 2
9041 1
9042 2
9043 0
9044 0
9045 0
9046 1
9047 0
9048 4
9049 1
9050 0
9051 0
9052 1
9053 1
9054 3
9055 0
9056 2
9057 2
9058 2
9059 0
9060 2
9061 1
9062 2
9063 3
9064 2
9065 4
9066 4
9067 3
9068 3
9069 2
9070 1
9071 0
9072 2
9073 3
9074 4
9075 3
9076 1
9077 1
9078 1
9079 3
9080 1
9081 3
9082 2
9083 5
9084 5
9085 4
9086 4
9087 1
9088 0
9089 2
9090 1
9091 0
9092 1
9093 1
9094 2
9095 0
9096 2
9097 1
9098 0
9099 4
9100 2
9101 1
9102 0
9103 2
9104 0
9105 2
9106 1
9107 1
9108 1
9109 2
9110 0
9111 3
9112 2
9113 1
9114 2
9115 2
9116 3
9117 1
9118 4
9119 1
9120 4
9121 1
9122 0
9123 2
9124 0
9125 1
9126 1
9127 2
9128 1
9129 2
9130 1
9131 2
9132 1
9133 3
9134 3
9135 1
9136 2
9137 2
9138 0
9139 1
9140 3
9141 0
9142 0
9143 3
9144 1
9145 1
9146 1
9147 2
9148 3
9149 3
9150 3
9151 3
9152 2
9153 0
9154 1
9155 2
9156 1
9157 0
9158 1
9159 3
9160 0
9161 3
9162 3
9163 3
9164 0
9165 1
9166 0
9167 5
9168 3
9169 1
9170 0
9171 2
9172 2
9173 3
9174 2
9175 3
9176 1
9177 2
9178 3
9179 2
9180 1
9181 1
9182 1
9183 0
9184 0
9185 4
9186 3
9187 2
9188 1
9189 0
9190 0
9191 1
9192 1
9193 1
9194 2
9195 5
9196 5
9197 2
9198 0
9199 1
9200 1
9201 2
9202 4
9203 4
9204 1
9205 2
9206 3
9207 3
9208 1
9209 1
9210 3
9211 1
9212 1
9213 1
9214 4
9215 4
9216 3
9217 2
9218 2
9219 0
9220 1
9221 2
9222 2
9223 2
9224 2
9225 2
9226 1
9227 1
9228 2
9229 0
9230 2
9231 3
9232 2
9233 4
9234 2
9235 3
9236 1
9237 2
9238 2
9239 2
9240 3
9241 0
9242 2
9243 2
9244 1
9245 3
9246 2
9247 1
9248 1
9249 2
9250 2
9251 1
9252 2
9253 1
9254 1
9255 1
9256 3
9257 1
9258 0
9259 4
9260 5
9261 2
9262 2
9263 2
9264 3
9265 1
9266 1
9267 3
9268 1
9269 3
9270 0
9271 1
9272 2
9273 1
9274 2
9275 1
9276 0
9277 2
9278 2
9279 1
9280 2
9281 1
9282 3
9283 0
9284 1
9285 2
9286 4
9287 3
9288 1
9289 1
9290 0
9291 3
9292 2
9293 0
9294 4
9295 1
9296 2
9297 1
9298 2
9299 3
9300 1
9301 1
9302 1
9303 2
9304 2
9305 0
9306 0
9307 1
9308 2
9309 0
9310 2
9311 1
9312 1
9313 2
9314 0
9315 1
9316 4
9317 3
9318 2
9319 1
9320 2
9321 2
9322 0
9323 0
9324 1
9325 3
9326 1
9327 1
9328 3
9329 1
9330 2
9331 1
9332 3
9333 2
9334 1
9335 2
9336 1
9337 1
9338 3
9339 1
9340 0
9341 1
9342 2
9343 1
9344 3
9345 0
9346 2
9347 1
9348 1
9349 1
9350 2
9351 0
9352 1
9353 2
9354 2
9355 1
9356 3
9357 0
9358 2
9359 3
9360 2
9361 1
9362 2
9363 0
9364 1
9365 1
9366 0
9367 0
9368 2
9369 0
9370 0
9371 2
9372 0
9373 3
9374 0
9375 0
9376 0
9377 3
9378 2
9379 2
9380 2
9381 0
9382 1
9383 2
9384 0
9385 0
9386 1
9387 1
9388 0
9389 1
9390 1
9391 3
9392 0
9393 2
9394 2
9395 3
9396 2
9397 3
9398 3
9399 1
9400 1
9401 3
9402 2
9403 3
9404 1
9405 0
9406 2
9407 4
9408 3
9409 0
9410 1
9411 0
9412 0
9413 2
9414 2
9415 0
9416 2
9417 0
9418 2
9419 0
9420 3
9421 0
9422 3
9423 2
9424 2
9425 2
9426 2
9427 2
9428 2
9429 1
9430 2
9431 2
9432 2
9433 2
9434 2
9435 3
9436 2
9437 0
9438 4
9439 2
9440 1
9441 1
9442 0
9443 1
9444 0
9445 1
9446 0
9447 2
9448 2
9449 1
9450 2
9451 2
9452 2
9453 2
9454 2
9455 0
9456 2
9457 1
9458 2
9459 1
9460 3
9461 1
9462 1
9463 1
9464 1
9465 2
9466 2
9467 0
9468 1
9469 2
9470 0
9471 2
9472 2
9473 4
9474 4
9475 4
9476 2
9477 2
9478 4
9479 1
9480 1
9481 2
9482 0
9483 3
9484 3
9485 3
9486 0
9487 1
9488 2
9489 0
9490 2
9491 2
9492 0
9493 1
9494 2
9495 2
9496 3
9497 0
9498 1
9499 0
9500 0
9501 1
9502 1
9503 0
9504 2
9505 2
9506 1
9507 3
9508 2
9509 1
9510 2
9511 2
9512 3
9513 2
9514 1
9515 3
9516 2
9517 1
9518 1
9519 2
9520 2
9521 2
9522 2
9523 1
9524 0
9525 1
9526 1
9527 1
9528 0
9529 1
9530 1
9531 0
9532 1
9533 2
9534 0
9535 1
9536 4
9537 3
9538 0
9539 1
9540 2
9541 2
9542 1
9543 3
9544 0
9545 3
9546 0
9547 1
9548 0
9549 0
9550 1
9551 2
9552 2
9553 1
9554 1
9555 1
9556 2
9557 3
9558 2
9559 2
9560 1
9561 4
9562 2
9563 4
9564 4
9565 3
9566 2
9567 1
9568 2
9569 2
9570 0
9571 5
9572 4
9573 4
9574 2
9575 1
9576 1
9577 3
9578 2
9579 2
9580 2
9581 2
9582 1
9583 1
9584 2
9585 2
9586 1
9587 0
9588 1
9589 2
9590 1
9591 0
9592 1
9593 2
9594 1
9595 1
9596 0
9597 1
9598 1
9599 1
9600 3
9601 2
9602 0
9603 1
9604 3
9605 2
9606 2
9607 1
9608 0
9609 0
9610 2
9611 0
9612 0
9613 2
9614 0
9615 2
9616 0
9617 2
9618 0
9619 2
9620 2
9621 2
9622 1
9623 0
9624 1
9625 1
9626 1
9627 3
9628 2
9629 3
9630 2
9631 2
9632 0
9633 0
9634 2
9635 3
9636 2
9637 1
9638 1
9639 1
9640 0
9641 2
9642 2
9643 2
9644 0
9645 0
9646 0
9647 2
9648 1
9649 2
9650 2
9651 1
9652 1
9653 0
9654 2
9655 0
9656 0
9657 1
9658 2
9659 2
9660 0
9661 1
9662 3
9663 3
9664 3
9665 1
9666 2
9667 1
9668 3
9669 1
9670 1
9671 1
9672 0
9673 1
9674 0
9675 1
9676 0
9677 2
9678 1
9679 1
9680 0
9681 1
9682 0
9683 0
9684 2
9685 2
9686 0
9687 2
9688 0
9689 1
9690 1
9691 2
9692 1
9693 1
9694 1
9695 0
9696 3
9697 2
9698 0
9699 1
9700 2
9701 3
9702 4
9703 3
9704 0
9705 1
9706 4
9707 1
9708 2
9709 2
9710 1
9711 3
9712 2
9713 4
9714 3
9715 3
9716 1
9717 2
9718 1
9719 1
9720 1
9721 2
9722 0
9723 1
9724 3
9725 3
9726 0
9727 2
9728 2
9729 3
9730 4
9731 2
9732 1
9733 3
9734 2
9735 1
9736 3
9737 3
9738 2
9739 1
9740 1
9741 4
9742 1
9743 1
9744 2
9745 2
9746 0
9747 3
9748 0
9749 2
9750 1
9751 0
9752 1
9753 0
9754 4
9755 3
9756 2
9757 2
9758 2
9759 2
9760 1
9761 3
9762 1
9763 1
9764 3
9765 1
9766 1
9767 1
9768 2
9769 1
9770 1
9771 0
9772 1
9773 1
9774 1
9775 2
9776 2
9777 1
9778 2
9779 1
9780 0
9781 3
9782 0
9783 1
9784 3
9785 3
9786 2
9787 1
9788 1
9789 0
9790 1
9791 1
9792 0
9793 0
9794 2
9795 1
9796 3
9797 1
9798 4
9799 2
9800 1
9801 1
9802 1
9803 3
9804 1
9805 2
9806 2
9807 0
9808 3
9809 1
9810 0
9811 1
9812 1
9813 2
9814 1
9815 2
9816 3
9817 2
9818 2
9819 1
9820 2
9821 0
9822 1
9823 1
9824 1
9825 3
9826 2
9827 2
9828 2
9829 1
9830 3
9831 2
9832 4
9833 3
9834 2
9835 2
9836 2
9837 3
9838 0
9839 0
9840 2
9841 1
9842 2
9843 3
9844 1
9845 1
9846 1
9847 6
9848 5
9849 4
9850 1
9851 1
9852 0
9853 4
9854 1
9855 2
9856 3
9857 2
9858 1
9859 2
9860 2
9861 0
9862 1
9863 2
9864 3
9865 2
9866 2
9867 0
9868 1
9869 1
9870 0
9871 1
9872 1
9873 2
9874 4
9875 4
9876 2
9877 3
9878 2
9879 0
9880 2
9881 1
9882 1
9883 2
9884 2
9885 1
9886 3
9887 0
9888 1
9889 2
9890 1
9891 2
9892 3
9893 1
9894 2
9895 2
9896 1
9897 0
9898 1
9899 2
9900 1
9901 0
9902 1
9903 3
9904 1
9905 0
9906 0
9907 2
9908 1
9909 0
9910 3
9911 0
9912 2
9913 0
9914 2
9915 1
9916 3
9917 0
9918 1
9919 5
9920 3
9921 3
9922 2
9923 2
9924 0
9925 1
9926 2
9927 2
9928 0
9929 1
9930 0
9931 4
9932 2
9933 2
9934 1
9935 1
9936 2
9937 0
9938 1
9939 3
9940 0
9941 2
9942 0
9943 0
9944 3
9945 2
9946 1
9947 1
9948 2
9949 2
9950 1
9951 1
9952 0
9953 2
9954 2
9955 0
9956 2
9957 0
9958 3
9959 3
9960 2
9961 2
9962 0
9963 1
9964 0
9965 3
9966 2
9967 3
9968 2
9969 2
9970 3
9971 1
9972 2
9973 2
9974 1
9975 2
9976 3
9977 2
9978 0
9979 1
9980 1
9981 0
9982 2
9983 2
9984 1
9985 2
9986 1
9987 0
9988 1
9989 1
9990 1
9991 2
9992 3
9993 1
9994 1
9995 4
9996 3
9997 1
9998 1
9999 1
