0 7
1 8
2 11
3 12
4 12
5 11
6 9
7 10
8 8
9 8
10 8
11 8
12 5
13 4
14 6
15 5
16 5
17 2
18 2
19 4
20 4
21 3
22 4
23 2
24 3
25 3
26 1
27 2
28 0
29 0
30 3
31 1
32 2
33 3
34 3
35 1
36 2
37 4
38 5
39 7
40 7
41 8
42 5
43 5
44 2
45 5
46 4
47 2
48 4
49 4
50 4
51 4
52 4
53 2
54 1
55 3
56 3
57 1
58 2
59 1
60 4
61 6
62 5
63 4
64 4
65 3
66 2
67 4
68 3
69 3
70 6
71 6
72 7
73 9
74 6
75 3
76 2
77 1
78 0
79 3
80 2
81 0
82 3
83 3
84 1
85 3
86 2
87 2
88 1
89 4
90 2
91 3
92 3
93 1
94 4
95 3
96 4
97 4
98 4
99 4
100 2
101 3
102 3
103 3
104 2
105 2
106 5
107 6
108 5
109 6
110 8
111 6
112 4
113 3
114 5
115 2
116 3
117 2
118 2
119 5
120 4
121 3
122 4
123 3
124 4
125 3
126 1
127 2
128 5
129 3
130 2
131 3
132 1
133 1
134 1
135 6
136 7
137 6
138 4
139 3
140 2
141 1
142 1
143 4
144 3
145 3
146 2
147 1
148 6
149 6
150 6
151 5
152 3
153 2
154 4
155 4
156 7
157 7
158 7
159 4
160 4
161 5
162 8
163 9
164 8
165 8
166 7
167 9
168 10
169 8
170 8
171 8
172 8
173 9
174 11
175 11
176 9
177 8
178 7
179 7
180 5
181 4
182 6
183 6
184 6
185 5
186 4
187 2
188 2
189 1
190 2
191 3
192 1
193 3
194 1
195 3
196 3
197 4
198 4
199 2
200 1
201 2
202 5
203 3
204 2
205 2
206 3
207 1
208 4
209 4
210 4
211 6
212 6
213 5
214 4
215 6
216 5
217 6
218 6
219 6
220 6
221 4
222 2
223 4
224 4
225 3
226 3
227 4
228 2
229 3
230 3
231 0
232 3
233 4
234 6
235 4
236 3
237 1
238 0
239 4
240 4
241 2
242 0
243 3
244 4
245 6
246 6
247 6
248 6
249 7
250 9
251 9
252 9
253 7
254 7
255 5
256 3
257 1
258 3
259 2
260 5
261 6
262 6
263 5
264 4
265 2
266 4
267 4
268 4
269 4
270 4
271 5
272 2
273 4
274 3
275 4
276 4
277 2
278 3
279 0
280 1
281 4
282 3
283 1
284 3
285 2
286 1
287 2
288 4
289 4
290 5
291 5
292 2
293 1
294 2
295 5
296 6
297 8
298 6
299 7
300 7
301 8
302 7
303 9
304 11
305 11
306 11
307 10
308 9
309 9
310 10
311 12
312 12
313 12
314 10
315 9
316 9
317 10
318 12
319 11
320 13
321 12
322 11
323 8
324 5
325 8
326 7
327 8
328 8
329 7
330 6
331 6
332 4
333 4
334 3
335 5
336 4
337 4
338 2
339 3
340 3
341 2
342 0
343 0
344 2
345 3
346 0
347 3
348 1
349 2
350 4
351 5
352 2
353 1
354 1
355 4
356 5
357 8
358 8
359 8
360 7
361 8
362 7
363 5
364 5
365 4
366 3
367 2
368 3
369 4
370 4
371 7
372 6
373 5
374 2
375 3
376 2
377 2
378 5
379 6
380 5
381 5
382 5
383 4
384 2
385 3
386 3
387 4
388 3
389 4
390 3
391 2
392 5
393 3
394 4
395 5
396 2
397 2
398 1
399 2
400 3
401 3
402 3
403 2
404 3
405 4
406 7
407 6
408 7
409 6
410 4
411 3
412 5
413 3
414 1
415 2
416 1
417 1
418 2
419 2
420 5
421 4
422 4
423 3
424 5
425 3
426 3
427 1
428 4
429 2
430 1
431 2
432 3
433 3
434 1
435 2
436 5
437 3
438 2
439 3
440 3
441 4
442 5
443 4
444 6
445 4
446 3
447 1
448 2
449 0
450 3
451 3
452 2
453 1
454 3
455 5
456 4
457 4
458 2
459 2
460 6
461 5
462 6
463 6
464 6
465 8
466 7
467 6
468 6
469 6
470 8
471 7
472 8
473 8
474 8
475 7
476 7
477 7
478 9
479 10
480 8
481 10
482 9
483 12
484 14
485 14
486 14
487 16
488 13
489 14
490 15
491 12
492 13
493 14
494 15
495 12
496 12
497 9
498 8
499 8
500 6
501 5
502 6
503 5
504 6
505 6
506 3
507 2
508 2
509 4
510 4
511 4
512 5
513 4
514 3
515 2
516 2
517 3
518 2
519 1
520 2
521 2
522 4
523 2
524 2
525 3
526 3
527 1
528 5
529 4
530 1
531 3
532 3
533 2
534 2
535 3
536 3
537 2
538 4
539 1
540 4
541 5
542 2
543 5
544 3
545 1
546 4
547 3
548 5
549 5
550 3
551 6
552 6
553 6
554 5
555 5
556 5
557 5
558 4
559 5
560 6
561 4
562 5
563 4
564 2
565 4
566 2
567 5
568 7
569 6
570 4
571 3
572 3
573 3
574 1
575 3
576 3
577 6
578 6
579 4
580 4
581 4
582 5
583 6
584 6
585 6
586 9
587 7
588 7
589 7
590 5
591 2
592 2
593 2
594 4
595 3
596 3
597 4
598 6
599 7
600 7
601 7
602 9
603 11
604 12
605 11
606 12
607 11
608 10
609 11
610 10
611 10
612 10
613 10
614 8
615 7
616 5
617 5
618 4
619 4
620 3
621 1
622 4
623 1
624 6
625 5
626 7
627 4
628 4
629 5
630 4
631 3
632 3
633 0
634 0
635 3
636 3
637 2
638 2
639 3
640 3
641 8
642 6
643 8
644 9
645 9
646 11
647 10
648 10
649 10
650 8
651 8
652 8
653 8
654 6
655 4
656 2
657 5
658 7
659 6
660 5
661 4
662 3
663 3
664 4
665 3
666 2
667 1
668 1
669 3
670 2
671 3
672 1
673 6
674 7
675 6
676 7
677 8
678 10
679 8
680 8
681 8
682 7
683 7
684 5
685 3
686 5
687 5
688 6
689 4
690 4
691 4
692 4
693 2
694 4
695 5
696 5
697 5
698 2
699 1
700 2
701 1
702 0
703 2
704 3
705 4
706 5
707 3
708 3
709 4
710 3
711 1
712 3
713 1
714 3
715 2
716 6
717 3
718 5
719 5
720 2
721 3
722 2
723 4
724 5
725 2
726 3
727 3
728 1
729 3
730 2
731 3
732 2
733 1
734 1
735 4
736 4
737 5
738 4
739 4
740 1
741 3
742 5
743 7
744 9
745 10
746 13
747 13
748 16
749 13
750 12
751 13
752 11
753 9
754 9
755 11
756 11
757 11
758 10
759 9
760 8
761 7
762 6
763 5
764 3
765 2
766 0
767 5
768 5
769 6
770 7
771 6
772 4
773 3
774 2
775 4
776 4
777 2
778 1
779 3
780 0
781 3
782 3
783 3
784 4
785 2
786 2
787 1
788 2
789 1
790 1
791 2
792 3
793 6
794 7
795 7
796 5
797 4
798 5
799 3
800 4
801 5
802 5
803 3
804 3
805 1
806 4
807 7
808 6
809 5
810 3
811 1
812 2
813 4
814 5
815 4
816 5
817 4
818 5
819 4
820 6
821 8
822 7
823 7
824 7
825 6
826 5
827 3
828 4
829 3
830 2
831 3
832 3
833 2
834 5
835 4
836 3
837 1
838 1
839 4
840 4
841 3
842 4
843 4
844 3
845 4
846 4
847 4
848 3
849 3
850 3
851 4
852 3
853 5
854 6
855 7
856 7
857 7
858 5
859 4
860 2
861 4
862 4
863 4
864 6
865 8
866 7
867 6
868 4
869 1
870 3
871 1
872 2
873 1
874 2
875 5
876 4
877 2
878 7
879 5
880 8
881 7
882 7
883 7
884 6
885 5
886 6
887 6
888 6
889 5
890 4
891 3
892 3
893 3
894 3
895 3
896 3
897 4
898 5
899 3
900 0
901 1
902 2
903 3
904 1
905 2
906 5
907 6
908 5
909 4
910 4
911 5
912 5
913 4
914 4
915 2
916 3
917 0
918 2
919 3
920 2
921 3
922 2
923 3
924 2
925 2
926 3
927 3
928 2
929 1
930 3
931 0
932 3
933 0
934 2
935 1
936 3
937 3
938 2
939 2
940 4
941 5
942 7
943 6
944 4
945 3
946 2
947 4
948 2
949 2
950 1
951 2
952 3
953 3
954 3
955 2
956 4
957 1
958 1
959 4
960 2
961 3
962 3
963 2
964 2
965 2
966 3
967 0
968 3
969 2
970 1
971 4
972 4
973 5
974 6
975 6
976 5
977 5
978 4
979 1
980 3
981 4
982 3
983 3
984 4
985 3
986 2
987 2
988 2
989 3
990 3
991 2
992 3
993 4
994 4
995 4
996 4
997 1
998 2
999 3
1000 3
1001 2
1002 4
1003 4
1004 3
1005 1
1006 2
1007 4
1008 3
1009 5
1010 6
1011 5
1012 3
1013 2
1014 1
1015 2
1016 1
1017 2
1018 1
1019 2
1020 1
1021 2
1022 6
1023 5
1024 4
1025 3
1026 3
1027 4
1028 6
1029 5
1030 3
1031 1
1032 5
1033 3
1034 3
1035 2
1036 2
1037 1
1038 2
1039 0
1040 3
1041 2
1042 2
1043 3
1044 2
1045 3
1046 4
1047 5
1048 4
1049 4
1050 4
1051 4
1052 4
1053 2
1054 2
1055 1
1056 4
1057 4
1058 3
1059 5
1060 5
1061 4
1062 6
1063 4
1064 5
1065 3
1066 2
1067 3
1068 2
1069 2
1070 1
1071 2
1072 2
1073 5
1074 4
1075 1
1076 2
1077 2
1078 2
1079 5
1080 5
1081 3
1082 7
1083 7
1084 8
1085 8
1086 7
1087 7
1088 8
1089 8
1090 6
1091 4
1092 7
1093 7
1094 7
1095 9
1096 6
1097 4
1098 4
1099 5
1100 5
1101 2
1102 3
1103 1
1104 3
1105 0
1106 2
1107 2
1108 3
1109 3
1110 3
1111 3
1112 5
1113 4
1114 4
1115 6
1116 7
1117 6
1118 5
1119 4
1120 6
1121 8
1122 6
1123 7
1124 5
1125 5
1126 4
1127 3
1128 6
1129 8
1130 8
1131 6
1132 7
1133 6
1134 4
1135 4
1136 3
1137 4
1138 3
1139 5
1140 3
1141 2
1142 2
1143 3
1144 2
1145 1
1146 1
1147 5
1148 5
1149 5
1150 4
1151 5
1152 3
1153 1
1154 4
1155 4
1156 3
1157 3
1158 2
1159 3
1160 1
1161 4
1162 3
1163 2
1164 1
1165 1
1166 3
1167 2
1168 2
1169 0
1170 4
1171 4
1172 4
1173 3
1174 4
1175 3
1176 2
1177 2
1178 3
1179 2
1180 1
1181 4
1182 5
1183 4
1184 3
1185 4
1186 2
1187 1
1188 2
1189 2
1190 3
1191 2
1192 1
1193 3
1194 1
1195 2
1196 1
1197 2
1198 3
1199 5
1200 5
1201 6
1202 5
1203 4
1204 3
1205 2
1206 0
1207 2
1208 3
1209 2
1210 2
1211 4
1212 4
1213 3
1214 2
1215 1
1216 2
1217 2
1218 3
1219 3
1220 2
1221 2
1222 2
1223 4
1224 2
1225 4
1226 3
1227 6
1228 7
1229 7
1230 4
1231 6
1232 7
1233 7
1234 6
1235 7
1236 7
1237 7
1238 6
1239 6
1240 5
1241 4
1242 4
1243 6
1244 6
1245 4
1246 5
1247 5
1248 2
1249 5
1250 4
1251 4
1252 3
1253 2
1254 2
1255 4
1256 4
1257 3
1258 3
1259 2
1260 3
1261 1
1262 1
1263 2
1264 2
1265 5
1266 4
1267 3
1268 1
1269 3
1270 2
1271 2
1272 3
1273 1
1274 3
1275 4
1276 4
1277 5
1278 3
1279 4
1280 6
1281 5
1282 6
1283 5
1284 3
1285 2
1286 3
1287 5
1288 4
1289 4
1290 4
1291 3
1292 3
1293 4
1294 5
1295 3
1296 1
1297 2
1298 2
1299 3
1300 3
1301 3
1302 3
1303 3
1304 1
1305 1
1306 2
1307 1
1308 0
1309 2
1310 1
1311 0
1312 3
1313 4
1314 3
1315 2
1316 5
1317 4
1318 3
1319 2
1320 0
1321 1
1322 1
1323 2
1324 3
1325 2
1326 5
1327 5
1328 4
1329 4
1330 3
1331 1
1332 1
1333 2
1334 5
1335 5
1336 3
1337 0
1338 5
1339 2
1340 4
1341 3
1342 3
1343 2
1344 2
1345 2
1346 3
1347 2
1348 1
1349 1
1350 2
1351 3
1352 1
1353 4
1354 3
1355 2
1356 5
1357 6
1358 6
1359 6
1360 5
1361 5
1362 4
1363 6
1364 5
1365 6
1366 4
1367 2
1368 3
1369 3
1370 2
1371 4
1372 3
1373 6
1374 6
1375 6
1376 4
1377 4
1378 7
1379 5
1380 3
1381 4
1382 3
1383 2
1384 2
1385 4
1386 4
1387 4
1388 4
1389 3
1390 2
1391 5
1392 3
1393 2
1394 2
1395 6
1396 8
1397 8
1398 7
1399 6
1400 5
1401 6
1402 3
1403 3
1404 3
1405 2
1406 2
1407 3
1408 5
1409 4
1410 4
1411 8
1412 8
1413 7
1414 7
1415 5
1416 5
1417 3
1418 1
1419 5
1420 6
1421 7
1422 6
1423 6
1424 6
1425 6
1426 6
1427 5
1428 5
1429 3
1430 5
1431 4
1432 6
1433 9
1434 12
1435 14
1436 11
1437 10
1438 9
1439 9
1440 9
1441 7
1442 7
1443 5
1444 4
1445 5
1446 6
1447 5
1448 3
1449 3
1450 4
1451 2
1452 3
1453 4
1454 4
1455 3
1456 3
1457 4
1458 3
1459 2
1460 4
1461 4
1462 5
1463 6
1464 5
1465 3
1466 0
1467 2
1468 1
1469 2
1470 2
1471 2
1472 3
1473 3
1474 3
1475 1
1476 2
1477 2
1478 2
1479 3
1480 4
1481 2
1482 1
1483 2
1484 3
1485 4
1486 4
1487 3
1488 2
1489 2
1490 1
1491 2
1492 4
1493 1
1494 2
1495 2
1496 3
1497 3
1498 4
1499 6
1500 7
1501 9
1502 10
1503 8
1504 8
1505 10
1506 11
1507 12
1508 12
1509 12
1510 11
1511 11
1512 10
1513 10
1514 10
1515 9
1516 10
1517 9
1518 10
1519 7
1520 5
1521 4
1522 4
1523 4
1524 3
1525 3
1526 3
1527 1
1528 1
1529 6
1530 7
1531 9
1532 11
1533 11
1534 11
1535 12
1536 13
1537 14
1538 14
1539 16
1540 13
1541 11
1542 11
1543 10
1544 10
1545 13
1546 12
1547 12
1548 10
1549 9
1550 8
1551 8
1552 7
1553 6
1554 6
1555 6
1556 7
1557 7
1558 7
1559 8
1560 10
1561 11
1562 12
1563 11
1564 11
1565 11
1566 13
1567 13
1568 12
1569 10
1570 10
1571 10
1572 10
1573 10
1574 9
1575 8
1576 6
1577 3
1578 2
1579 2
1580 2
1581 1
1582 3
1583 1
1584 3
1585 1
1586 4
1587 4
1588 1
1589 3
1590 0
1591 3
1592 3
1593 2
1594 2
1595 2
1596 2
1597 3
1598 3
1599 3
1600 2
1601 1
1602 3
1603 3
1604 2
1605 1
1606 0
1607 4
1608 3
1609 3
1610 4
1611 4
1612 4
1613 2
1614 2
1615 6
1616 6
1617 6
1618 8
1619 5
1620 3
1621 2
1622 1
1623 3
1624 5
1625 4
1626 3
1627 1
1628 2
1629 2
1630 1
1631 3
1632 3
1633 6
1634 4
1635 2
1636 1
1637 2
1638 2
1639 0
1640 0
1641 4
1642 6
1643 5
1644 5
1645 3
1646 2
1647 3
1648 1
1649 3
1650 4
1651 4
1652 3
1653 0
1654 5
1655 5
1656 3
1657 3
1658 2
1659 3
1660 0
1661 3
1662 2
1663 2
1664 5
1665 7
1666 7
1667 5
1668 7
1669 8
1670 9
1671 10
1672 8
1673 7
1674 8
1675 6
1676 5
1677 4
1678 3
1679 3
1680 2
1681 1
1682 3
1683 3
1684 2
1685 3
1686 4
1687 2
1688 4
1689 3
1690 3
1691 2
1692 4
1693 5
1694 3
1695 2
1696 1
1697 4
1698 2
1699 2
1700 3
1701 2
1702 4
1703 3
1704 2
1705 1
1706 3
1707 3
1708 2
1709 3
1710 2
1711 4
1712 4
1713 3
1714 2
1715 1
1716 5
1717 6
1718 5
1719 6
1720 7
1721 7
1722 8
1723 9
1724 9
1725 9
1726 9
1727 10
1728 9
1729 11
1730 11
1731 12
1732 11
1733 11
1734 12
1735 12
1736 12
1737 10
1738 9
1739 8
1740 8
1741 7
1742 7
1743 8
1744 10
1745 11
1746 11
1747 12
1748 10
1749 9
1750 10
1751 9
1752 9
1753 7
1754 8
1755 8
1756 8
1757 7
1758 5
1759 8
1760 6
1761 7
1762 7
1763 5
1764 2
1765 3
1766 3
1767 2
1768 4
1769 7
1770 7
1771 7
1772 6
1773 4
1774 5
1775 3
1776 3
1777 3
1778 2
1779 4
1780 4
1781 1
1782 2
1783 1
1784 4
1785 4
1786 3
1787 2
1788 1
1789 3
1790 1
1791 2
1792 3
1793 2
1794 1
1795 1
1796 3
1797 3
1798 1
1799 3
1800 4
1801 2
1802 2
1803 5
1804 3
1805 2
1806 3
1807 2
1808 3
1809 3
1810 4
1811 3
1812 1
1813 2
1814 4
1815 4
1816 3
1817 5
1818 3
1819 4
1820 5
1821 7
1822 10
1823 10
1824 11
1825 10
1826 9
1827 8
1828 6
1829 5
1830 6
1831 5
1832 4
1833 3
1834 4
1835 3
1836 4
1837 2
1838 3
1839 1
1840 1
1841 3
1842 3
1843 3
1844 4
1845 6
1846 6
1847 6
1848 4
1849 4
1850 4
1851 6
1852 7
1853 6
1854 8
1855 7
1856 7
1857 6
1858 8
1859 9
1860 8
1861 8
1862 7
1863 5
1864 6
1865 8
1866 8
1867 9
1868 8
1869 6
1870 5
1871 3
1872 1
1873 3
1874 5
1875 7
1876 5
1877 3
1878 2
1879 5
1880 4
1881 4
1882 5
1883 5
1884 5
1885 3
1886 5
1887 4
1888 3
1889 1
1890 1
1891 2
1892 2
1893 1
1894 2
1895 4
1896 3
1897 3
1898 2
1899 3
1900 2
1901 2
1902 2
1903 4
1904 4
1905 3
1906 4
1907 4
1908 6
1909 4
1910 2
1911 1
1912 5
1913 7
1914 7
1915 6
1916 7
1917 6
1918 6
1919 7
1920 8
1921 8
1922 8
1923 9
1924 10
1925 9
1926 7
1927 7
1928 9
1929 7
1930 8
1931 7
1932 9
1933 11
1934 10
1935 12
1936 13
1937 15
1938 12
1939 12
1940 13
1941 11
1942 12
1943 10
1944 10
1945 8
1946 8
1947 8
1948 7
1949 10
1950 9
1951 8
1952 7
1953 5
1954 5
1955 7
1956 7
1957 8
1958 6
1959 6
1960 5
1961 4
1962 3
1963 6
1964 7
1965 6
1966 6
1967 3
1968 0
1969 2
1970 3
1971 4
1972 5
1973 5
1974 5
1975 3
1976 3
1977 2
1978 1
1979 1
1980 1
1981 4
1982 5
1983 5
1984 2
1985 2
1986 3
1987 3
1988 4
1989 3
1990 4
1991 4
1992 3
1993 0
1994 1
1995 5
1996 7
1997 8
1998 6
1999 6
2000 4
2001 5
2002 4
2003 3
2004 6
2005 5
2006 6
2007 4
2008 3
2009 5
2010 5
2011 4
2012 4
2013 6
2014 6
2015 6
2016 6
2017 4
2018 6
2019 6
2020 8
2021 7
2022 6
2023 6
2024 3
2025 3
2026 3
2027 5
2028 3
2029 2
2030 4
2031 3
2032 1
2033 3
2034 2
2035 1
2036 6
2037 5
2038 4
2039 3
2040 1
2041 3
2042 1
2043 3
2044 4
2045 4
2046 3
2047 3
2048 0
2049 3
2050 4
2051 3
2052 1
2053 2
2054 3
2055 4
2056 5
2057 5
2058 3
2059 4
2060 2
2061 3
2062 3
2063 3
2064 2
2065 2
2066 1
2067 3
2068 4
2069 3
2070 6
2071 6
2072 7
2073 5
2074 5
2075 4
2076 4
2077 4
2078 3
2079 5
2080 4
2081 3
2082 3
2083 3
2084 3
2085 5
2086 9
2087 11
2088 11
2089 12
2090 12
2091 11
2092 13
2093 15
2094 12
2095 11
2096 11
2097 10
2098 10
2099 12
2100 10
2101 9
2102 7
2103 9
2104 9
2105 10
2106 11
2107 10
2108 9
2109 7
2110 8
2111 7
2112 7
2113 7
2114 4
2115 3
2116 3
2117 0
2118 1
2119 2
2120 1
2121 2
2122 3
2123 1
2124 5
2125 4
2126 4
2127 3
2128 1
2129 1
2130 4
2131 4
2132 5
2133 5
2134 2
2135 5
2136 4
2137 6
2138 6
2139 7
2140 6
2141 3
2142 3
2143 5
2144 4
2145 1
2146 2
2147 4
2148 6
2149 3
2150 3
2151 3
2152 3
2153 2
2154 3
2155 2
2156 5
2157 5
2158 5
2159 4
2160 4
2161 4
2162 6
2163 7
2164 6
2165 7
2166 7
2167 8
2168 7
2169 5
2170 4
2171 4
2172 4
2173 3
2174 3
2175 3
2176 4
2177 5
2178 4
2179 2
2180 2
2181 1
2182 6
2183 5
2184 4
2185 4
2186 3
2187 3
2188 2
2189 6
2190 7
2191 7
2192 8
2193 8
2194 8
2195 7
2196 5
2197 5
2198 6
2199 4
2200 4
2201 1
2202 4
2203 5
2204 5
2205 3
2206 1
2207 2
2208 3
2209 1
2210 5
2211 3
2212 5
2213 4
2214 3
2215 1
2216 2
2217 4
2218 5
2219 5
2220 3
2221 2
2222 2
2223 2
2224 2
2225 2
2226 2
2227 4
2228 5
2229 6
2230 6
2231 7
2232 7
2233 6
2234 3
2235 4
2236 2
2237 3
2238 2
2239 5
2240 6
2241 8
2242 11
2243 10
2244 10
2245 11
2246 12
2247 12
2248 12
2249 11
2250 11
2251 12
2252 12
2253 11
2254 8
2255 8
2256 8
2257 8
2258 6
2259 7
2260 8
2261 7
2262 7
2263 6
2264 3
2265 2
2266 4
2267 3
2268 3
2269 2
2270 4
2271 1
2272 2
2273 3
2274 3
2275 2
2276 3
2277 2
2278 3
2279 3
2280 0
2281 3
2282 3
2283 1
2284 3
2285 1
2286 2
2287 1
2288 2
2289 3
2290 5
2291 5
2292 5
2293 4
2294 2
2295 3
2296 1
2297 1
2298 1
2299 2
2300 0
2301 4
2302 4
2303 3
2304 2
2305 4
2306 5
2307 4
2308 4
2309 5
2310 3
2311 1
2312 3
2313 5
2314 6
2315 5
2316 4
2317 4
2318 2
2319 2
2320 2
2321 2
2322 1
2323 3
2324 3
2325 3
2326 1
2327 1
2328 3
2329 0
2330 4
2331 6
2332 5
2333 3
2334 3
2335 1
2336 0
2337 2
2338 3
2339 2
2340 3
2341 2
2342 3
2343 4
2344 3
2345 2
2346 7
2347 6
2348 3
2349 2
2350 3
2351 3
2352 1
2353 3
2354 7
2355 6
2356 8
2357 6
2358 8
2359 8
2360 7
2361 8
2362 7
2363 5
2364 2
2365 2
2366 2
2367 2
2368 2
2369 4
2370 4
2371 2
2372 3
2373 0
2374 3
2375 1
2376 1
2377 4
2378 1
2379 3
2380 2
2381 1
2382 2
2383 4
2384 2
2385 3
2386 2
2387 5
2388 5
2389 3
2390 4
2391 5
2392 4
2393 3
2394 1
2395 3
2396 3
2397 3
2398 4
2399 3
2400 2
2401 4
2402 4
2403 5
2404 6
2405 7
2406 5
2407 2
2408 1
2409 6
2410 4
2411 2
2412 3
2413 3
2414 1
2415 2
2416 3
2417 2
2418 3
2419 2
2420 3
2421 2
2422 1
2423 3
2424 2
2425 2
2426 2
2427 2
2428 3
2429 0
2430 2
2431 2
2432 3
2433 2
2434 3
2435 4
2436 4
2437 4
2438 5
2439 4
2440 5
2441 4
2442 4
2443 4
2444 3
2445 3
2446 2
2447 5
2448 5
2449 3
2450 1
2451 2
2452 4
2453 4
2454 1
2455 2
2456 2
2457 3
2458 0
2459 4
2460 1
2461 4
2462 4
2463 2
2464 3
2465 2
2466 3
2467 3
2468 3
2469 6
2470 5
2471 5
2472 5
2473 4
2474 3
2475 2
2476 3
2477 2
2478 1
2479 1
2480 2
2481 2
2482 4
2483 3
2484 3
2485 4
2486 1
2487 2
2488 2
2489 2
2490 3
2491 3
2492 1
2493 5
2494 7
2495 7
2496 4
2497 4
2498 4
2499 4
2500 2
2501 4
2502 3
2503 2
2504 3
2505 3
2506 2
2507 1
2508 3
2509 4
2510 2
2511 3
2512 3
2513 3
2514 3
2515 1
2516 1
2517 5
2518 5
2519 3
2520 1
2521 3
2522 2
2523 4
2524 3
2525 2
2526 1
2527 4
2528 3
2529 1
2530 1
2531 3
2532 2
2533 2
2534 0
2535 4
2536 4
2537 2
2538 0
2539 2
2540 4
2541 6
2542 5
2543 4
2544 3
2545 3
2546 1
2547 4
2548 4
2549 3
2550 0
2551 3
2552 2
2553 2
2554 2
2555 2
2556 4
2557 5
2558 3
2559 0
2560 2
2561 0
2562 3
2563 4
2564 4
2565 2
2566 1
2567 2
2568 1
2569 3
2570 4
2571 4
2572 4
2573 4
2574 3
2575 2
2576 2
2577 3
2578 2
2579 3
2580 5
2581 2
2582 0
2583 2
2584 4
2585 3
2586 3
2587 3
2588 2
2589 1
2590 4
2591 7
2592 7
2593 8
2594 9
2595 7
2596 8
2597 7
2598 6
2599 3
2600 3
2601 1
2602 3
2603 3
2604 3
2605 4
2606 5
2607 7
2608 7
2609 7
2610 7
2611 7
2612 5
2613 5
2614 7
2615 6
2616 5
2617 4
2618 4
2619 3
2620 3
2621 6
2622 5
2623 3
2624 1
2625 5
2626 5
2627 4
2628 2
2629 3
2630 0
2631 0
2632 2
2633 4
2634 4
2635 3
2636 5
2637 3
2638 1
2639 4
2640 6
2641 8
2642 11
2643 9
2644 8
2645 8
2646 8
2647 9
2648 9
2649 10
2650 9
2651 8
2652 10
2653 11
2654 11
2655 11
2656 13
2657 12
2658 11
2659 9
2660 9
2661 10
2662 12
2663 12
2664 15
2665 12
2666 12
2667 11
2668 10
2669 11
2670 9
2671 7
2672 8
2673 7
2674 7
2675 7
2676 6
2677 6
2678 7
2679 6
2680 5
2681 4
2682 3
2683 3
2684 2
2685 2
2686 3
2687 3
2688 3
2689 2
2690 4
2691 2
2692 5
2693 7
2694 6
2695 3
2696 2
2697 2
2698 4
2699 4
2700 4
2701 4
2702 6
2703 4
2704 4
2705 1
2706 3
2707 5
2708 3
2709 1
2710 4
2711 4
2712 3
2713 4
2714 3
2715 3
2716 3
2717 2
2718 1
2719 3
2720 4
2721 2
2722 2
2723 4
2724 2
2725 3
2726 6
2727 6
2728 7
2729 8
2730 9
2731 11
2732 12
2733 11
2734 11
2735 10
2736 9
2737 10
2738 10
2739 9
2740 9
2741 11
2742 11
2743 9
2744 10
2745 10
2746 11
2747 12
2748 13
2749 15
2750 12
2751 12
2752 10
2753 10
2754 12
2755 13
2756 12
2757 13
2758 14
2759 14
2760 16
2761 13
2762 13
2763 13
2764 12
2765 11
2766 12
2767 11
2768 11
2769 10
2770 10
2771 9
2772 7
2773 8
2774 6
2775 6
2776 5
2777 6
2778 4
2779 5
2780 5
2781 4
2782 5
2783 5
2784 6
2785 6
2786 5
2787 4
2788 3
2789 2
2790 5
2791 3
2792 1
2793 1
2794 1
2795 4
2796 4
2797 7
2798 7
2799 6
2800 8
2801 8
2802 8
2803 9
2804 9
2805 7
2806 4
2807 3
2808 1
2809 2
2810 6
2811 6
2812 5
2813 4
2814 3
2815 5
2816 6
2817 5
2818 3
2819 6
2820 6
2821 5
2822 2
2823 4
2824 5
2825 5
2826 4
2827 4
2828 2
2829 1
2830 2
2831 2
2832 4
2833 3
2834 2
2835 0
2836 1
2837 2
2838 4
2839 5
2840 7
2841 5
2842 4
2843 4
2844 6
2845 7
2846 8
2847 8
2848 8
2849 8
2850 6
2851 7
2852 7
2853 5
2854 6
2855 4
2856 3
2857 4
2858 3
2859 1
2860 5
2861 6
2862 5
2863 4
2864 1
2865 4
2866 3
2867 1
2868 3
2869 3
2870 5
2871 6
2872 3
2873 4
2874 2
2875 6
2876 4
2877 4
2878 3
2879 3
2880 2
2881 4
2882 4
2883 3
2884 3
2885 2
2886 3
2887 2
2888 3
2889 3
2890 4
2891 2
2892 2
2893 2
2894 5
2895 3
2896 2
2897 4
2898 6
2899 5
2900 3
2901 3
2902 1
2903 0
2904 1
2905 3
2906 1
2907 4
2908 5
2909 6
2910 6
2911 9
2912 10
2913 8
2914 6
2915 5
2916 5
2917 5
2918 4
2919 4
2920 5
2921 5
2922 7
2923 6
2924 4
2925 3
2926 3
2927 2
2928 3
2929 5
2930 5
2931 5
2932 3
2933 0
2934 2
2935 5
2936 5
2937 5
2938 3
2939 2
2940 2
2941 3
2942 2
2943 3
2944 0
2945 6
2946 7
2947 6
2948 5
2949 6
2950 6
2951 7
2952 5
2953 5
2954 5
2955 5
2956 4
2957 4
2958 3
2959 1
2960 1
2961 4
2962 2
2963 3
2964 2
2965 3
2966 5
2967 2
2968 3
2969 3
2970 1
2971 3
2972 1
2973 3
2974 2
2975 0
2976 4
2977 2
2978 3
2979 4
2980 3
2981 4
2982 5
2983 6
2984 8
2985 8
2986 9
2987 9
2988 10
2989 8
2990 6
2991 8
2992 6
2993 6
2994 6
2995 5
2996 6
2997 6
2998 4
2999 6
3000 6
3001 5
3002 7
3003 5
3004 4
3005 3
3006 5
3007 6
3008 7
3009 6
3010 4
3011 1
3012 2
3013 3
3014 2
3015 3
3016 0
3017 2
3018 1
3019 2
3020 4
3021 5
3022 3
3023 0
3024 3
3025 3
3026 3
3027 4
3028 2
3029 3
3030 2
3031 4
3032 1
3033 0
3034 3
3035 1
3036 2
3037 4
3038 4
3039 5
3040 6
3041 8
3042 8
3043 6
3044 6
3045 7
3046 8
3047 9
3048 9
3049 8
3050 7
3051 8
3052 7
3053 6
3054 5
3055 6
3056 6
3057 4
3058 2
3059 0
3060 1
3061 3
3062 0
3063 4
3064 5
3065 5
3066 5
3067 4
3068 2
3069 3
3070 5
3071 4
3072 3
3073 4
3074 5
3075 5
3076 5
3077 4
3078 4
3079 3
3080 4
3081 2
3082 4
3083 4
3084 3
3085 5
3086 3
3087 2
3088 2
3089 4
3090 2
3091 3
3092 2
3093 2
3094 2
3095 3
3096 6
3097 8
3098 10
3099 8
3100 7
3101 4
3102 4
3103 4
3104 2
3105 2
3106 2
3107 4
3108 7
3109 4
3110 3
3111 0
3112 2
3113 5
3114 3
3115 2
3116 1
3117 5
3118 4
3119 3
3120 3
3121 3
3122 3
3123 2
3124 4
3125 4
3126 5
3127 6
3128 6
3129 9
3130 10
3131 11
3132 11
3133 11
3134 12
3135 13
3136 14
3137 15
3138 12
3139 11
3140 11
3141 9
3142 8
3143 8
3144 6
3145 7
3146 8
3147 9
3148 9
3149 7
3150 4
3151 6
3152 6
3153 7
3154 8
3155 10
3156 11
3157 10
3158 9
3159 11
3160 13
3161 12
3162 12
3163 10
3164 10
3165 10
3166 8
3167 8
3168 9
3169 9
3170 8
3171 7
3172 6
3173 9
3174 8
3175 6
3176 5
3177 4
3178 3
3179 2
3180 6
3181 5
3182 3
3183 2
3184 3
3185 3
3186 1
3187 3
3188 3
3189 2
3190 3
3191 3
3192 3
3193 4
3194 3
3195 3
3196 3
3197 0
3198 3
3199 2
3200 4
3201 2
3202 3
3203 4
3204 6
3205 6
3206 8
3207 8
3208 8
3209 7
3210 5
3211 4
3212 5
3213 6
3214 6
3215 7
3216 6
3217 3
3218 2
3219 1
3220 4
3221 4
3222 5
3223 5
3224 5
3225 6
3226 4
3227 2
3228 3
3229 3
3230 1
3231 2
3232 3
3233 2
3234 5
3235 6
3236 7
3237 6
3238 7
3239 6
3240 7
3241 8
3242 7
3243 9
3244 9
3245 11
3246 11
3247 9
3248 6
3249 7
3250 4
3251 3
3252 2
3253 3
3254 5
3255 5
3256 5
3257 3
3258 3
3259 1
3260 2
3261 2
3262 2
3263 2
3264 2
3265 5
3266 5
3267 5
3268 6
3269 6
3270 4
3271 3
3272 3
3273 2
3274 2
3275 0
3276 4
3277 3
3278 2
3279 3
3280 2
3281 1
3282 1
3283 3
3284 2
3285 4
3286 5
3287 4
3288 6
3289 5
3290 5
3291 6
3292 4
3293 7
3294 7
3295 6
3296 6
3297 7
3298 6
3299 6
3300 6
3301 6
3302 4
3303 3
3304 5
3305 7
3306 5
3307 4
3308 3
3309 4
3310 4
3311 7
3312 6
3313 7
3314 6
3315 6
3316 5
3317 5
3318 7
3319 5
3320 6
3321 6
3322 7
3323 6
3324 5
3325 6
3326 5
3327 3
3328 1
3329 4
3330 5
3331 6
3332 6
3333 7
3334 9
3335 8
3336 10
3337 10
3338 12
3339 12
3340 11
3341 11
3342 12
3343 12
3344 15
3345 12
3346 10
3347 9
3348 9
3349 7
3350 5
3351 5
3352 5
3353 5
3354 5
3355 6
3356 6
3357 3
3358 2
3359 2
3360 2
3361 3
3362 3
3363 2
3364 1
3365 3
3366 1
3367 2
3368 6
3369 4
3370 4
3371 2
3372 4
3373 5
3374 5
3375 8
3376 7
3377 6
3378 6
3379 7
3380 10
3381 11
3382 13
3383 14
3384 12
3385 12
3386 10
3387 10
3388 9
3389 7
3390 5
3391 4
3392 4
3393 7
3394 7
3395 4
3396 3
3397 0
3398 2
3399 4
3400 3
3401 1
3402 3
3403 4
3404 2
3405 3
3406 3
3407 2
3408 3
3409 4
3410 2
3411 4
3412 3
3413 2
3414 1
3415 4
3416 3
3417 4
3418 4
3419 1
3420 2
3421 3
3422 3
3423 2
3424 1
3425 2
3426 2
3427 1
3428 5
3429 3
3430 2
3431 1
3432 0
3433 3
3434 2
3435 1
3436 0
3437 3
3438 1
3439 2
3440 3
3441 2
3442 1
3443 2
3444 2
3445 1
3446 1
3447 3
3448 4
3449 5
3450 7
3451 7
3452 6
3453 8
3454 7
3455 7
3456 7
3457 7
3458 6
3459 4
3460 5
3461 5
3462 4
3463 2
3464 4
3465 4
3466 3
3467 2
3468 4
3469 2
3470 1
3471 4
3472 4
3473 4
3474 3
3475 3
3476 1
3477 3
3478 1
3479 2
3480 4
3481 5
3482 4
3483 5
3484 3
3485 2
3486 3
3487 2
3488 4
3489 5
3490 6
3491 5
3492 4
3493 2
3494 1
3495 2
3496 1
3497 4
3498 3
3499 3
3500 3
3501 3
3502 5
3503 5
3504 4
3505 2
3506 2
3507 2
3508 1
3509 5
3510 6
3511 5
3512 3
3513 3
3514 4
3515 3
3516 1
3517 1
3518 4
3519 3
3520 1
3521 2
3522 3
3523 4
3524 3
3525 4
3526 6
3527 4
3528 4
3529 2
3530 2
3531 1
3532 2
3533 3
3534 2
3535 5
3536 2
3537 2
3538 2
3539 2
3540 1
3541 2
3542 2
3543 4
3544 4
3545 3
3546 2
3547 2
3548 4
3549 2
3550 3
3551 1
3552 3
3553 1
3554 1
3555 5
3556 4
3557 4
3558 6
3559 5
3560 4
3561 4
3562 5
3563 4
3564 2
3565 4
3566 2
3567 2
3568 2
3569 5
3570 7
3571 9
3572 9
3573 7
3574 6
3575 8
3576 9
3577 7
3578 7
3579 8
3580 7
3581 6
3582 6
3583 6
3584 7
3585 7
3586 6
3587 5
3588 6
3589 6
3590 6
3591 3
3592 3
3593 4
3594 4
3595 3
3596 3
3597 3
3598 3
3599 3
3600 3
3601 3
3602 6
3603 4
3604 4
3605 4
3606 3
3607 1
3608 0
3609 1
3610 3
3611 3
3612 6
3613 6
3614 6
3615 4
3616 5
3617 5
3618 4
3619 3
3620 5
3621 4
3622 4
3623 4
3624 4
3625 5
3626 5
3627 4
3628 2
3629 4
3630 2
3631 0
3632 2
3633 5
3634 4
3635 5
3636 3
3637 2
3638 3
3639 1
3640 3
3641 3
3642 3
3643 5
3644 3
3645 4
3646 4
3647 1
3648 2
3649 2
3650 1
3651 4
3652 5
3653 4
3654 3
3655 1
3656 3
3657 4
3658 5
3659 7
3660 7
3661 7
3662 7
3663 7
3664 7
3665 8
3666 10
3667 9
3668 6
3669 5
3670 4
3671 3
3672 2
3673 2
3674 3
3675 2
3676 3
3677 5
3678 5
3679 5
3680 6
3681 7
3682 10
3683 10
3684 9
3685 12
3686 11
3687 12
3688 11
3689 10
3690 11
3691 13
3692 13
3693 13
3694 13
3695 11
3696 14
3697 11
3698 11
3699 12
3700 13
3701 11
3702 9
3703 10
3704 10
3705 10
3706 9
3707 10
3708 9
3709 8
3710 11
3711 10
3712 9
3713 7
3714 5
3715 7
3716 6
3717 4
3718 6
3719 5
3720 4
3721 1
3722 2
3723 2
3724 3
3725 2
3726 1
3727 4
3728 6
3729 4
3730 3
3731 3
3732 3
3733 0
3734 3
3735 2
3736 3
3737 3
3738 5
3739 3
3740 4
3741 5
3742 5
3743 4
3744 3
3745 2
3746 1
3747 2
3748 3
3749 3
3750 3
3751 5
3752 8
3753 7
3754 8
3755 8
3756 7
3757 7
3758 7
3759 5
3760 4
3761 5
3762 7
3763 6
3764 7
3765 7
3766 7
3767 6
3768 6
3769 3
3770 2
3771 2
3772 3
3773 2
3774 2
3775 2
3776 2
3777 4
3778 5
3779 6
3780 9
3781 7
3782 6
3783 8
3784 6
3785 5
3786 6
3787 7
3788 8
3789 7
3790 8
3791 8
3792 7
3793 8
3794 8
3795 6
3796 5
3797 4
3798 6
3799 6
3800 5
3801 3
3802 2
3803 3
3804 1
3805 0
3806 1
3807 2
3808 4
3809 3
3810 3
3811 6
3812 6
3813 3
3814 1
3815 2
3816 3
3817 3
3818 1
3819 1
3820 2
3821 4
3822 2
3823 2
3824 3
3825 3
3826 2
3827 4
3828 3
3829 0
3830 2
3831 3
3832 3
3833 1
3834 3
3835 2
3836 4
3837 4
3838 2
3839 3
3840 3
3841 2
3842 3
3843 2
3844 5
3845 2
3846 2
3847 2
3848 2
3849 2
3850 1
3851 3
3852 4
3853 3
3854 3
3855 4
3856 3
3857 2
3858 0
3859 2
3860 1
3861 4
3862 4
3863 5
3864 4
3865 4
3866 4
3867 2
3868 2
3869 1
3870 3
3871 1
3872 1
3873 2
3874 0
3875 3
3876 2
3877 1
3878 0
3879 1
3880 1
3881 2
3882 2
3883 6
3884 5
3885 3
3886 3
3887 4
3888 3
3889 4
3890 2
3891 3
3892 6
3893 6
3894 4
3895 3
3896 4
3897 3
3898 2
3899 2
3900 3
3901 0
3902 3
3903 3
3904 3
3905 4
3906 2
3907 1
3908 1
3909 2
3910 0
3911 4
3912 3
3913 2
3914 2
3915 2
3916 4
3917 3
3918 2
3919 2
3920 3
3921 4
3922 3
3923 0
3924 3
3925 2
3926 3
3927 4
3928 4
3929 3
3930 2
3931 5
3932 5
3933 4
3934 3
3935 1
3936 3
3937 3
3938 4
3939 3
3940 2
3941 3
3942 4
3943 3
3944 2
3945 1
3946 4
3947 3
3948 4
3949 4
3950 4
3951 4
3952 4
3953 5
3954 4
3955 5
3956 5
3957 6
3958 4
3959 5
3960 6
3961 8
3962 7
3963 9
3964 10
3965 10
3966 8
3967 8
3968 6
3969 7
3970 6
3971 7
3972 5
3973 4
3974 5
3975 5
3976 3
3977 4
3978 4
3979 2
3980 4
3981 4
3982 3
3983 2
3984 4
3985 3
3986 1
3987 4
3988 2
3989 2
3990 3
3991 3
3992 2
3993 4
3994 6
3995 5
3996 5
3997 5
3998 8
3999 10
4000 10
4001 10
4002 8
4003 8
4004 9
4005 7
4006 8
4007 9
4008 11
4009 11
4010 14
4011 15
4012 12
4013 13
4014 15
4015 12
4016 12
4017 10
4018 10
4019 9
4020 8
4021 9
4022 10
4023 9
4024 9
4025 9
4026 9
4027 10
4028 7
4029 7
4030 7
4031 7
4032 7
4033 6
4034 6
4035 8
4036 8
4037 6
4038 4
4039 2
4040 2
4041 1
4042 2
4043 3
4044 3
4045 2
4046 4
4047 2
4048 2
4049 2
4050 0
4051 3
4052 3
4053 4
4054 3
4055 3
4056 3
4057 3
4058 3
4059 2
4060 2
4061 3
4062 1
4063 2
4064 2
4065 2
4066 4
4067 1
4068 1
4069 1
4070 3
4071 1
4072 4
4073 4
4074 4
4075 6
4076 7
4077 5
4078 4
4079 3
4080 4
4081 3
4082 3
4083 2
4084 2
4085 3
4086 3
4087 2
4088 3
4089 3
4090 4
4091 5
4092 2
4093 3
4094 1
4095 1
4096 3
4097 2
4098 1
4099 4
4100 5
4101 6
4102 5
4103 7
4104 7
4105 6
4106 4
4107 4
4108 6
4109 5
4110 4
4111 3
4112 3
4113 4
4114 3
4115 4
4116 4
4117 5
4118 5
4119 4
4120 2
4121 4
4122 3
4123 1
4124 2
4125 4
4126 5
4127 2
4128 3
4129 3
4130 2
4131 2
4132 2
4133 3
4134 2
4135 5
4136 4
4137 2
4138 3
4139 2
4140 2
4141 1
4142 6
4143 6
4144 7
4145 7
4146 6
4147 4
4148 3
4149 4
4150 7
4151 7
4152 5
4153 3
4154 4
4155 5
4156 2
4157 3
4158 2
4159 3
4160 1
4161 2
4162 4
4163 4
4164 2
4165 2
4166 2
4167 3
4168 0
4169 1
4170 1
4171 1
4172 2
4173 2
4174 2
4175 2
4176 4
4177 4
4178 5
4179 3
4180 2
4181 3
4182 3
4183 2
4184 4
4185 3
4186 3
4187 2
4188 5
4189 6
4190 6
4191 5
4192 5
4193 3
4194 4
4195 4
4196 5
4197 5
4198 5
4199 3
4200 0
4201 2
4202 2
4203 3
4204 4
4205 6
4206 7
4207 5
4208 3
4209 1
4210 0
4211 2
4212 3
4213 3
4214 2
4215 1
4216 2
4217 2
4218 3
4219 3
4220 4
4221 4
4222 2
4223 3
4224 1
4225 2
4226 2
4227 1
4228 3
4229 1
4230 1
4231 0
4232 3
4233 3
4234 4
4235 4
4236 4
4237 3
4238 1
4239 2
4240 1
4241 3
4242 2
4243 3
4244 4
4245 3
4246 4
4247 2
4248 3
4249 6
4250 5
4251 4
4252 3
4253 4
4254 4
4255 4
4256 3
4257 3
4258 6
4259 6
4260 3
4261 1
4262 2
4263 2
4264 2
4265 3
4266 4
4267 4
4268 6
4269 6
4270 7
4271 7
4272 7
4273 4
4274 3
4275 2
4276 1
4277 0
4278 4
4279 3
4280 4
4281 3
4282 0
4283 0
4284 1
4285 3
4286 4
4287 3
4288 2
4289 2
4290 4
4291 4
4292 5
4293 4
4294 3
4295 3
4296 5
4297 7
4298 6
4299 6
4300 5
4301 6
4302 5
4303 6
4304 7
4305 5
4306 5
4307 6
4308 7
4309 7
4310 7
4311 6
4312 4
4313 4
4314 3
4315 4
4316 3
4317 5
4318 5
4319 8
4320 8
4321 11
4322 11
4323 9
4324 7
4325 8
4326 6
4327 5
4328 5
4329 6
4330 7
4331 6
4332 4
4333 4
4334 4
4335 4
4336 5
4337 5
4338 3
4339 3
4340 0
4341 0
4342 1
4343 3
4344 5
4345 3
4346 1
4347 3
4348 1
4349 3
4350 2
4351 2
4352 3
4353 3
4354 4
4355 2
4356 4
4357 4
4358 3
4359 3
4360 6
4361 6
4362 6
4363 5
4364 4
4365 4
4366 3
4367 2
4368 2
4369 4
4370 2
4371 1
4372 1
4373 1
4374 2
4375 1
4376 3
4377 1
4378 3
4379 2
4380 1
4381 1
4382 3
4383 0
4384 6
4385 5
4386 4
4387 3
4388 3
4389 5
4390 5
4391 7
4392 6
4393 5
4394 4
4395 1
4396 1
4397 2
4398 4
4399 1
4400 0
4401 3
4402 3
4403 1
4404 3
4405 3
4406 2
4407 1
4408 3
4409 0
4410 1
4411 3
4412 4
4413 4
4414 5
4415 6
4416 5
4417 2
4418 2
4419 4
4420 4
4421 3
4422 2
4423 3
4424 4
4425 2
4426 4
4427 4
4428 5
4429 4
4430 3
4431 3
4432 2
4433 3
4434 4
4435 4
4436 4
4437 5
4438 2
4439 3
4440 1
4441 4
4442 1
4443 0
4444 4
4445 5
4446 5
4447 4
4448 6
4449 6
4450 4
4451 3
4452 2
4453 1
4454 5
4455 3
4456 2
4457 0
4458 4
4459 2
4460 2
4461 3
4462 4
4463 4
4464 6
4465 5
4466 6
4467 5
4468 4
4469 3
4470 2
4471 1
4472 1
4473 0
4474 5
4475 5
4476 4
4477 5
4478 3
4479 1
4480 1
4481 0
4482 3
4483 4
4484 3
4485 4
4486 2
4487 3
4488 3
4489 4
4490 5
4491 7
4492 7
4493 7
4494 8
4495 6
4496 6
4497 5
4498 5
4499 4
4500 3
4501 5
4502 2
4503 4
4504 4
4505 5
4506 3
4507 3
4508 1
4509 3
4510 2
4511 5
4512 7
4513 6
4514 5
4515 3
4516 4
4517 4
4518 4
4519 3
4520 3
4521 1
4522 5
4523 4
4524 3
4525 1
4526 3
4527 2
4528 2
4529 2
4530 4
4531 4
4532 3
4533 2
4534 1
4535 4
4536 5
4537 4
4538 5
4539 5
4540 3
4541 2
4542 4
4543 2
4544 2
4545 4
4546 5
4547 3
4548 3
4549 5
4550 6
4551 7
4552 7
4553 6
4554 4
4555 8
4556 8
4557 9
4558 9
4559 8
4560 9
4561 8
4562 8
4563 8
4564 8
4565 7
4566 8
4567 7
4568 7
4569 5
4570 3
4571 2
4572 2
4573 2
4574 1
4575 2
4576 3
4577 2
4578 3
4579 3
4580 1
4581 2
4582 5
4583 4
4584 3
4585 3
4586 3
4587 5
4588 3
4589 4
4590 6
4591 6
4592 6
4593 6
4594 4
4595 4
4596 4
4597 4
4598 3
4599 2
4600 3
4601 0
4602 0
4603 2
4604 4
4605 4
4606 4
4607 6
4608 4
4609 3
4610 4
4611 6
4612 4
4613 3
4614 7
4615 9
4616 10
4617 9
4618 9
4619 9
4620 8
4621 7
4622 5
4623 7
4624 5
4625 6
4626 5
4627 8
4628 7
4629 7
4630 8
4631 7
4632 7
4633 7
4634 6
4635 4
4636 4
4637 4
4638 2
4639 0
4640 5
4641 4
4642 5
4643 4
4644 3
4645 3
4646 2
4647 1
4648 5
4649 4
4650 4
4651 4
4652 4
4653 3
4654 1
4655 2
4656 3
4657 1
4658 2
4659 2
4660 2
4661 2
4662 4
4663 6
4664 7
4665 5
4666 3
4667 2
4668 5
4669 5
4670 5
4671 5
4672 4
4673 5
4674 5
4675 3
4676 1
4677 2
4678 3
4679 3
4680 3
4681 2
4682 2
4683 1
4684 1
4685 1
4686 1
4687 2
4688 3
4689 2
4690 3
4691 2
4692 1
4693 1
4694 1
4695 3
4696 4
4697 4
4698 3
4699 0
4700 2
4701 3
4702 2
4703 4
4704 5
4705 7
4706 10
4707 9
4708 10
4709 10
4710 10
4711 10
4712 10
4713 10
4714 12
4715 13
4716 12
4717 12
4718 11
4719 10
4720 11
4721 10
4722 8
4723 7
4724 8
4725 10
4726 10
4727 11
4728 11
4729 12
4730 11
4731 11
4732 10
4733 8
4734 8
4735 7
4736 8
4737 7
4738 7
4739 8
4740 9
4741 7
4742 6
4743 5
4744 4
4745 3
4746 3
4747 2
4748 2
4749 2
4750 3
4751 4
4752 6
4753 8
4754 10
4755 9
4756 9
4757 8
4758 11
4759 11
4760 9
4761 8
4762 8
4763 8
4764 8
4765 9
4766 8
4767 6
4768 7
4769 7
4770 12
4771 11
4772 11
4773 10
4774 10
4775 11
4776 11
4777 11
4778 8
4779 6
4780 6
4781 7
4782 8
4783 9
4784 9
4785 8
4786 7
4787 5
4788 4
4789 6
4790 8
4791 6
4792 7
4793 7
4794 8
4795 7
4796 6
4797 5
4798 7
4799 7
4800 8
4801 8
4802 8
4803 9
4804 10
4805 8
4806 12
4807 12
4808 11
4809 11
4810 11
4811 11
4812 11
4813 12
4814 12
4815 12
4816 12
4817 13
4818 12
4819 12
4820 13
4821 13
4822 13
4823 14
4824 12
4825 14
4826 15
4827 12
4828 12
4829 12
4830 13
4831 12
4832 11
4833 11
4834 13
4835 14
4836 13
4837 12
4838 10
4839 10
4840 9
4841 10
4842 11
4843 13
4844 17
4845 14
4846 16
4847 13
4848 12
4849 13
4850 13
4851 14
4852 14
4853 15
4854 12
4855 12
4856 16
4857 13
4858 13
4859 10
4860 10
4861 12
4862 15
4863 12
4864 12
4865 13
4866 13
4867 13
4868 14
4869 15
4870 12
4871 12
4872 13
4873 14
4874 15
4875 12
4876 15
4877 12
4878 12
4879 11
4880 10
4881 11
4882 13
4883 13
4884 15
4885 12
4886 12
4887 11
4888 9
4889 8
4890 8
4891 7
4892 6
4893 8
4894 8
4895 6
4896 6
4897 6
4898 4
4899 4
4900 5
4901 5
4902 7
4903 6
4904 4
4905 4
4906 7
4907 5
4908 2
4909 5
4910 5
4911 5
4912 5
4913 5
4914 5
4915 5
4916 4
4917 2
4918 3
4919 3
4920 4
4921 3
4922 4
4923 5
4924 6
4925 7
4926 5
4927 2
4928 3
4929 5
4930 4
4931 3
4932 5
4933 3
4934 3
4935 1
4936 4
4937 3
4938 2
4939 2
4940 1
4941 1
4942 4
4943 4
4944 3
4945 3
4946 2
4947 5
4948 2
4949 4
4950 4
4951 2
4952 4
4953 6
4954 4
4955 4
4956 6
4957 5
4958 6
4959 6
4960 4
4961 2
4962 2
4963 3
4964 5
4965 3
4966 3
4967 4
4968 4
4969 4
4970 6
4971 6
4972 9
4973 7
4974 9
4975 7
4976 5
4977 6
4978 4
4979 5
4980 4
4981 2
4982 5
4983 5
4984 3
4985 4
4986 4
4987 5
4988 4
4989 4
4990 3
4991 0
4992 3
4993 1
4994 6
4995 5
4996 6
4997 9
4998 9
4999 11
5000 14
5001 14
5002 12
5003 10
5004 10
5005 10
5006 10
5007 7
5008 6
5009 4
5010 5
5011 5
5012 5
5013 5
5014 4
5015 4
5016 6
5017 5
5018 7
5019 6
5020 6
5021 5
5022 4
5023 2
5024 5
5025 4
5026 5
5027 4
5028 4
5029 4
5030 5
5031 6
5032 4
5033 2
5034 3
5035 3
5036 0
5037 3
5038 4
5039 5
5040 4
5041 2
5042 1
5043 3
5044 1
5045 3
5046 3
5047 0
5048 2
5049 3
5050 4
5051 4
5052 6
5053 6
5054 5
5055 6
5056 4
5057 3
5058 2
5059 2
5060 3
5061 1
5062 3
5063 3
5064 5
5065 4
5066 5
5067 5
5068 4
5069 2
5070 2
5071 3
5072 0
5073 5
5074 4
5075 5
5076 7
5077 6
5078 9
5079 10
5080 11
5081 11
5082 12
5083 14
5084 13
5085 14
5086 12
5087 13
5088 13
5089 12
5090 11
5091 8
5092 8
5093 7
5094 5
5095 4
5096 4
5097 3
5098 3
5099 0
5100 4
5101 3
5102 5
5103 7
5104 6
5105 6
5106 5
5107 4
5108 3
5109 3
5110 3
5111 3
5112 4
5113 3
5114 1
5115 3
5116 3
5117 1
5118 3
5119 5
5120 4
5121 3
5122 3
5123 5
5124 4
5125 6
5126 7
5127 7
5128 6
5129 6
5130 6
5131 5
5132 5
5133 4
5134 3
5135 3
5136 5
5137 4
5138 4
5139 3
5140 4
5141 3
5142 4
5143 2
5144 4
5145 4
5146 4
5147 6
5148 5
5149 7
5150 6
5151 6
5152 5
5153 7
5154 8
5155 8
5156 7
5157 7
5158 8
5159 8
5160 8
5161 8
5162 7
5163 5
5164 4
5165 1
5166 4
5167 4
5168 4
5169 1
5170 1
5171 1
5172 2
5173 3
5174 5
5175 4
5176 3
5177 3
5178 2
5179 1
5180 2
5181 2
5182 2
5183 3
5184 0
5185 3
5186 0
5187 2
5188 2
5189 4
5190 5
5191 7
5192 6
5193 6
5194 6
5195 7
5196 6
5197 5
5198 6
5199 6
5200 4
5201 4
5202 7
5203 7
5204 6
5205 7
5206 6
5207 6
5208 4
5209 3
5210 3
5211 2
5212 3
5213 3
5214 3
5215 3
5216 4
5217 6
5218 5
5219 4
5220 4
5221 4
5222 2
5223 5
5224 7
5225 7
5226 5
5227 5
5228 3
5229 3
5230 2
5231 3
5232 3
5233 0
5234 3
5235 4
5236 5
5237 4
5238 2
5239 5
5240 3
5241 3
5242 3
5243 3
5244 3
5245 3
5246 2
5247 3
5248 1
5249 4
5250 2
5251 1
5252 1
5253 2
5254 2
5255 4
5256 4
5257 2
5258 3
5259 5
5260 7
5261 6
5262 4
5263 4
5264 4
5265 1
5266 3
5267 5
5268 3
5269 2
5270 3
5271 3
5272 4
5273 4
5274 4
5275 3
5276 2
5277 3
5278 4
5279 1
5280 2
5281 3
5282 1
5283 1
5284 2
5285 3
5286 2
5287 2
5288 1
5289 1
5290 5
5291 3
5292 4
5293 2
5294 4
5295 4
5296 4
5297 5
5298 4
5299 3
5300 3
5301 3
5302 1
5303 2
5304 3
5305 2
5306 2
5307 3
5308 4
5309 5
5310 5
5311 3
5312 4
5313 1
5314 0
5315 5
5316 4
5317 2
5318 3
5319 3
5320 4
5321 2
5322 1
5323 4
5324 7
5325 7
5326 7
5327 6
5328 5
5329 6
5330 4
5331 4
5332 2
5333 2
5334 2
5335 3
5336 2
5337 2
5338 2
5339 4
5340 2
5341 6
5342 5
5343 4
5344 4
5345 4
5346 3
5347 5
5348 7
5349 6
5350 5
5351 5
5352 3
5353 2
5354 5
5355 3
5356 4
5357 4
5358 7
5359 8
5360 8
5361 5
5362 6
5363 6
5364 6
5365 5
5366 3
5367 3
5368 3
5369 1
5370 1
5371 2
5372 0
5373 3
5374 4
5375 2
5376 1
5377 3
5378 2
5379 2
5380 6
5381 6
5382 4
5383 1
5384 3
5385 1
5386 3
5387 3
5388 3
5389 3
5390 2
5391 1
5392 1
5393 3
5394 4
5395 4
5396 7
5397 6
5398 7
5399 6
5400 7
5401 6
5402 4
5403 3
5404 2
5405 3
5406 3
5407 0
5408 3
5409 4
5410 4
5411 2
5412 3
5413 4
5414 5
5415 6
5416 5
5417 7
5418 7
5419 6
5420 4
5421 1
5422 0
5423 3
5424 2
5425 1
5426 5
5427 4
5428 4
5429 4
5430 4
5431 5
5432 5
5433 4
5434 3
5435 2
5436 1
5437 2
5438 2
5439 4
5440 2
5441 2
5442 1
5443 4
5444 3
5445 2
5446 2
5447 2
5448 3
5449 1
5450 2
5451 3
5452 1
5453 2
5454 2
5455 0
5456 2
5457 0
5458 2
5459 2
5460 4
5461 6
5462 4
5463 3
5464 4
5465 5
5466 4
5467 5
5468 6
5469 3
5470 3
5471 4
5472 2
5473 4
5474 3
5475 2
5476 2
5477 2
5478 3
5479 3
5480 2
5481 3
5482 1
5483 2
5484 2
5485 4
5486 3
5487 4
5488 3
5489 1
5490 3
5491 5
5492 6
5493 6
5494 8
5495 9
5496 8
5497 8
5498 8
5499 8
5500 6
5501 7
5502 5
5503 4
5504 5
5505 3
5506 2
5507 2
5508 3
5509 2
5510 2
5511 1
5512 2
5513 2
5514 2
5515 1
5516 5
5517 5
5518 2
5519 4
5520 4
5521 3
5522 4
5523 5
5524 6
5525 8
5526 8
5527 7
5528 6
5529 3
5530 4
5531 6
5532 5
5533 4
5534 5
5535 6
5536 6
5537 3
5538 2
5539 3
5540 2
5541 2
5542 1
5543 2
5544 1
5545 4
5546 4
5547 3
5548 2
5549 3
5550 1
5551 3
5552 2
5553 1
5554 1
5555 4
5556 3
5557 3
5558 3
5559 3
5560 1
5561 2
5562 1
5563 2
5564 4
5565 2
5566 3
5567 5
5568 5
5569 4
5570 4
5571 3
5572 1
5573 4
5574 3
5575 4
5576 1
5577 2
5578 6
5579 6
5580 6
5581 4
5582 4
5583 4
5584 4
5585 4
5586 6
5587 6
5588 5
5589 5
5590 6
5591 5
5592 5
5593 5
5594 7
5595 7
5596 7
5597 7
5598 7
5599 8
5600 9
5601 8
5602 6
5603 5
5604 4
5605 2
5606 3
5607 4
5608 6
5609 6
5610 4
5611 3
5612 2
5613 3
5614 6
5615 5
5616 5
5617 5
5618 8
5619 6
5620 5
5621 6
5622 5
5623 6
5624 5
5625 5
5626 4
5627 3
5628 3
5629 3
5630 5
5631 6
5632 3
5633 3
5634 3
5635 3
5636 2
5637 5
5638 2
5639 3
5640 3
5641 3
5642 2
5643 0
5644 0
5645 2
5646 0
5647 2
5648 4
5649 3
5650 1
5651 4
5652 6
5653 6
5654 3
5655 3
5656 3
5657 2
5658 2
5659 2
5660 3
5661 7
5662 6
5663 8
5664 6
5665 4
5666 3
5667 1
5668 2
5669 1
5670 2
5671 2
5672 3
5673 5
5674 4
5675 3
5676 1
5677 2
5678 4
5679 6
5680 8
5681 6
5682 4
5683 2
5684 3
5685 4
5686 3
5687 2
5688 2
5689 3
5690 3
5691 5
5692 3
5693 5
5694 4
5695 2
5696 3
5697 3
5698 3
5699 3
5700 1
5701 3
5702 3
5703 5
5704 4
5705 4
5706 2
5707 2
5708 3
5709 2
5710 4
5711 2
5712 2
5713 0
5714 2
5715 2
5716 3
5717 3
5718 4
5719 4
5720 3
5721 3
5722 4
5723 3
5724 2
5725 1
5726 3
5727 0
5728 4
5729 3
5730 3
5731 3
5732 2
5733 1
5734 4
5735 3
5736 4
5737 5
5738 4
5739 5
5740 2
5741 3
5742 4
5743 2
5744 2
5745 3
5746 3
5747 2
5748 2
5749 2
5750 2
5751 2
5752 0
5753 2
5754 2
5755 2
5756 4
5757 5
5758 3
5759 5
5760 5
5761 4
5762 4
5763 5
5764 7
5765 7
5766 8
5767 10
5768 9
5769 8
5770 10
5771 8
5772 9
5773 8
5774 8
5775 5
5776 5
5777 4
5778 1
5779 3
5780 0
5781 3
5782 0
5783 1
5784 1
5785 3
5786 2
5787 2
5788 5
5789 4
5790 5
5791 4
5792 2
5793 4
5794 2
5795 2
5796 5
5797 4
5798 4
5799 3
5800 3
5801 2
5802 3
5803 4
5804 5
5805 3
5806 2
5807 1
5808 4
5809 6
5810 7
5811 7
5812 7
5813 7
5814 5
5815 7
5816 9
5817 6
5818 5
5819 5
5820 4
5821 3
5822 3
5823 2
5824 3
5825 1
5826 2
5827 2
5828 5
5829 5
5830 4
5831 5
5832 3
5833 2
5834 4
5835 4
5836 2
5837 3
5838 3
5839 4
5840 5
5841 3
5842 3
5843 3
5844 4
5845 6
5846 5
5847 5
5848 6
5849 5
5850 6
5851 5
5852 7
5853 6
5854 6
5855 7
5856 5
5857 6
5858 6
5859 7
5860 7
5861 6
5862 5
5863 3
5864 3
5865 2
5866 1
5867 2
5868 0
5869 3
5870 2
5871 2
5872 6
5873 5
5874 6
5875 5
5876 3
5877 2
5878 0
5879 2
5880 3
5881 0
5882 2
5883 2
5884 2
5885 2
5886 3
5887 3
5888 1
5889 4
5890 3
5891 8
5892 6
5893 5
5894 6
5895 5
5896 4
5897 4
5898 6
5899 6
5900 4
5901 2
5902 0
5903 3
5904 2
5905 3
5906 2
5907 2
5908 4
5909 4
5910 6
5911 5
5912 5
5913 4
5914 4
5915 3
5916 3
5917 3
5918 3
5919 3
5920 3
5921 3
5922 2
5923 3
5924 2
5925 3
5926 2
5927 2
5928 1
5929 2
5930 1
5931 3
5932 3
5933 1
5934 2
5935 3
5936 1
5937 2
5938 4
5939 3
5940 4
5941 4
5942 5
5943 4
5944 3
5945 2
5946 2
5947 3
5948 2
5949 2
5950 4
5951 4
5952 3
5953 4
5954 3
5955 2
5956 0
5957 3
5958 3
5959 0
5960 1
5961 3
5962 3
5963 4
5964 2
5965 3
5966 3
5967 3
5968 3
5969 4
5970 5
5971 4
5972 5
5973 4
5974 2
5975 2
5976 1
5977 3
5978 4
5979 6
5980 7
5981 8
5982 7
5983 6
5984 5
5985 6
5986 5
5987 4
5988 6
5989 6
5990 7
5991 8
5992 5
5993 6
5994 4
5995 2
5996 3
5997 6
5998 5
5999 6
6000 4
6001 5
6002 3
6003 3
6004 3
6005 2
6006 4
6007 4
6008 1
6009 3
6010 5
6011 4
6012 5
6013 4
6014 4
6015 4
6016 6
6017 5
6018 3
6019 4
6020 3
6021 1
6022 3
6023 3
6024 4
6025 2
6026 2
6027 1
6028 0
6029 0
6030 1
6031 4
6032 7
6033 6
6034 4
6035 5
6036 3
6037 2
6038 3
6039 3
6040 1
6041 4
6042 4
6043 4
6044 6
6045 4
6046 6
6047 4
6048 3
6049 3
6050 3
6051 2
6052 4
6053 3
6054 4
6055 4
6056 4
6057 4
6058 1
6059 3
6060 3
6061 2
6062 3
6063 3
6064 2
6065 1
6066 2
6067 3
6068 1
6069 2
6070 0
6071 1
6072 2
6073 0
6074 3
6075 2
6076 1
6077 3
6078 3
6079 2
6080 1
6081 3
6082 2
6083 0
6084 3
6085 0
6086 1
6087 3
6088 5
6089 4
6090 5
6091 3
6092 4
6093 3
6094 3
6095 3
6096 2
6097 3
6098 2
6099 1
6100 5
6101 4
6102 3
6103 3
6104 1
6105 2
6106 3
6107 0
6108 2
6109 2
6110 5
6111 3
6112 4
6113 1
6114 1
6115 2
6116 4
6117 1
6118 1
6119 4
6120 6
6121 7
6122 8
6123 5
6124 5
6125 3
6126 2
6127 1
6128 4
6129 4
6130 3
6131 2
6132 2
6133 3
6134 1
6135 3
6136 3
6137 2
6138 4
6139 4
6140 5
6141 3
6142 4
6143 3
6144 0
6145 0
6146 4
6147 4
6148 3
6149 1
6150 3
6151 4
6152 4
6153 4
6154 2
6155 2
6156 3
6157 2
6158 2
6159 3
6160 3
6161 3
6162 5
6163 7
6164 9
6165 8
6166 7
6167 7
6168 6
6169 4
6170 4
6171 3
6172 4
6173 5
6174 6
6175 3
6176 3
6177 2
6178 5
6179 4
6180 5
6181 3
6182 4
6183 4
6184 3
6185 2
6186 4
6187 5
6188 4
6189 3
6190 2
6191 3
6192 1
6193 4
6194 3
6195 1
6196 3
6197 1
6198 1
6199 1
6200 3
6201 1
6202 0
6203 2
6204 4
6205 2
6206 6
6207 5
6208 4
6209 2
6210 4
6211 2
6212 3
6213 4
6214 3
6215 2
6216 5
6217 5
6218 5
6219 6
6220 7
6221 7
6222 6
6223 6
6224 5
6225 4
6226 4
6227 6
6228 6
6229 4
6230 3
6231 4
6232 4
6233 3
6234 3
6235 7
6236 5
6237 5
6238 5
6239 5
6240 4
6241 4
6242 4
6243 3
6244 1
6245 4
6246 3
6247 5
6248 5
6249 6
6250 5
6251 6
6252 5
6253 8
6254 8
6255 8
6256 7
6257 8
6258 10
6259 10
6260 11
6261 10
6262 12
6263 11
6264 11
6265 12
6266 13
6267 11
6268 14
6269 12
6270 12
6271 12
6272 11
6273 11
6274 11
6275 10
6276 11
6277 8
6278 10
6279 10
6280 9
6281 11
6282 10
6283 9
6284 7
6285 4
6286 3
6287 4
6288 2
6289 5
6290 6
6291 5
6292 2
6293 5
6294 4
6295 5
6296 5
6297 5
6298 7
6299 9
6300 7
6301 7
6302 6
6303 8
6304 11
6305 11
6306 11
6307 11
6308 11
6309 10
6310 9
6311 8
6312 7
6313 7
6314 6
6315 6
6316 8
6317 9
6318 9
6319 7
6320 8
6321 7
6322 6
6323 5
6324 4
6325 3
6326 2
6327 6
6328 5
6329 4
6330 2
6331 2
6332 2
6333 6
6334 5
6335 4
6336 4
6337 3
6338 1
6339 4
6340 3
6341 3
6342 2
6343 4
6344 5
6345 5
6346 4
6347 4
6348 4
6349 2
6350 1
6351 3
6352 5
6353 5
6354 6
6355 6
6356 3
6357 4
6358 3
6359 7
6360 9
6361 10
6362 8
6363 7
6364 6
6365 6
6366 6
6367 4
6368 3
6369 3
6370 3
6371 3
6372 4
6373 2
6374 4
6375 4
6376 3
6377 2
6378 4
6379 3
6380 4
6381 4
6382 4
6383 5
6384 7
6385 7
6386 8
6387 9
6388 10
6389 11
6390 12
6391 11
6392 13
6393 13
6394 12
6395 12
6396 11
6397 10
6398 9
6399 10
6400 10
6401 11
6402 10
6403 11
6404 10
6405 10
6406 10
6407 9
6408 9
6409 9
6410 9
6411 8
6412 7
6413 7
6414 6
6415 4
6416 3
6417 6
6418 8
6419 10
6420 11
6421 11
6422 11
6423 12
6424 12
6425 9
6426 9
6427 7
6428 8
6429 7
6430 7
6431 7
6432 8
6433 9
6434 9
6435 8
6436 10
6437 8
6438 7
6439 7
6440 8
6441 9
6442 8
6443 9
6444 8
6445 8
6446 7
6447 7
6448 5
6449 5
6450 5
6451 5
6452 5
6453 5
6454 8
6455 6
6456 5
6457 5
6458 3
6459 3
6460 3
6461 0
6462 3
6463 4
6464 3
6465 5
6466 6
6467 5
6468 4
6469 2
6470 4
6471 4
6472 5
6473 7
6474 7
6475 6
6476 6
6477 7
6478 5
6479 4
6480 3
6481 2
6482 2
6483 1
6484 2
6485 4
6486 4
6487 2
6488 3
6489 5
6490 3
6491 2
6492 1
6493 2
6494 3
6495 4
6496 4
6497 5
6498 6
6499 7
6500 5
6501 5
6502 4
6503 6
6504 8
6505 7
6506 8
6507 8
6508 9
6509 9
6510 10
6511 11
6512 11
6513 8
6514 9
6515 7
6516 6
6517 6
6518 4
6519 2
6520 2
6521 2
6522 2
6523 3
6524 3
6525 3
6526 1
6527 4
6528 5
6529 4
6530 3
6531 3
6532 2
6533 0
6534 4
6535 3
6536 2
6537 3
6538 1
6539 3
6540 1
6541 1
6542 2
6543 3
6544 0
6545 0
6546 3
6547 2
6548 2
6549 2
6550 1
6551 2
6552 4
6553 1
6554 2
6555 4
6556 2
6557 2
6558 4
6559 4
6560 3
6561 3
6562 2
6563 1
6564 2
6565 2
6566 6
6567 5
6568 7
6569 6
6570 7
6571 5
6572 4
6573 4
6574 5
6575 4
6576 4
6577 5
6578 4
6579 4
6580 1
6581 3
6582 5
6583 4
6584 2
6585 2
6586 1
6587 3
6588 3
6589 1
6590 4
6591 6
6592 3
6593 4
6594 4
6595 4
6596 4
6597 6
6598 8
6599 7
6600 5
6601 3
6602 3
6603 2
6604 3
6605 1
6606 3
6607 2
6608 6
6609 7
6610 6
6611 4
6612 2
6613 3
6614 2
6615 3
6616 3
6617 4
6618 6
6619 5
6620 4
6621 3
6622 5
6623 4
6624 4
6625 3
6626 5
6627 3
6628 4
6629 3
6630 0
6631 3
6632 1
6633 2
6634 1
6635 1
6636 3
6637 2
6638 3
6639 2
6640 4
6641 3
6642 3
6643 2
6644 4
6645 1
6646 3
6647 1
6648 0
6649 1
6650 1
6651 3
6652 2
6653 2
6654 4
6655 3
6656 3
6657 3
6658 2
6659 2
6660 7
6661 6
6662 6
6663 5
6664 6
6665 5
6666 2
6667 5
6668 6
6669 7
6670 6
6671 4
6672 5
6673 4
6674 6
6675 6
6676 7
6677 5
6678 7
6679 6
6680 4
6681 1
6682 2
6683 0
6684 4
6685 2
6686 3
6687 2
6688 2
6689 1
6690 2
6691 4
6692 3
6693 2
6694 2
6695 3
6696 5
6697 4
6698 5
6699 5
6700 6
6701 7
6702 5
6703 6
6704 5
6705 6
6706 7
6707 5
6708 5
6709 5
6710 4
6711 5
6712 3
6713 1
6714 2
6715 4
6716 4
6717 4
6718 5
6719 5
6720 5
6721 4
6722 5
6723 4
6724 2
6725 1
6726 3
6727 3
6728 4
6729 4
6730 4
6731 7
6732 6
6733 6
6734 6
6735 6
6736 7
6737 6
6738 7
6739 8
6740 7
6741 7
6742 6
6743 5
6744 4
6745 3
6746 3
6747 4
6748 6
6749 9
6750 11
6751 9
6752 7
6753 7
6754 7
6755 7
6756 8
6757 7
6758 7
6759 10
6760 11
6761 8
6762 8
6763 9
6764 6
6765 7
6766 7
6767 9
6768 7
6769 5
6770 5
6771 4
6772 5
6773 4
6774 4
6775 6
6776 5
6777 5
6778 2
6779 3
6780 3
6781 2
6782 3
6783 3
6784 1
6785 6
6786 4
6787 3
6788 4
6789 2
6790 4
6791 5
6792 4
6793 3
6794 2
6795 3
6796 5
6797 8
6798 8
6799 8
6800 9
6801 11
6802 13
6803 13
6804 15
6805 12
6806 15
6807 12
6808 12
6809 13
6810 13
6811 11
6812 8
6813 9
6814 8
6815 8
6816 8
6817 6
6818 6
6819 5
6820 4
6821 5
6822 3
6823 1
6824 3
6825 3
6826 3
6827 3
6828 2
6829 1
6830 3
6831 2
6832 1
6833 3
6834 5
6835 4
6836 2
6837 2
6838 0
6839 2
6840 3
6841 3
6842 0
6843 5
6844 6
6845 8
6846 7
6847 10
6848 7
6849 5
6850 3
6851 3
6852 3
6853 1
6854 2
6855 1
6856 3
6857 1
6858 0
6859 2
6860 0
6861 2
6862 6
6863 4
6864 3
6865 0
6866 1
6867 0
6868 4
6869 2
6870 3
6871 3
6872 4
6873 3
6874 2
6875 2
6876 1
6877 6
6878 6
6879 4
6880 4
6881 4
6882 2
6883 3
6884 3
6885 3
6886 4
6887 3
6888 3
6889 4
6890 6
6891 6
6892 5
6893 4
6894 5
6895 5
6896 5
6897 4
6898 2
6899 2
6900 4
6901 4
6902 2
6903 1
6904 3
6905 4
6906 2
6907 4
6908 2
6909 4
6910 3
6911 1
6912 5
6913 3
6914 2
6915 5
6916 5
6917 5
6918 6
6919 5
6920 3
6921 2
6922 3
6923 3
6924 0
6925 1
6926 3
6927 2
6928 3
6929 0
6930 3
6931 4
6932 4
6933 2
6934 3
6935 2
6936 5
6937 4
6938 3
6939 2
6940 3
6941 2
6942 3
6943 1
6944 2
6945 3
6946 3
6947 1
6948 4
6949 5
6950 4
6951 2
6952 2
6953 2
6954 2
6955 2
6956 5
6957 5
6958 3
6959 3
6960 3
6961 4
6962 2
6963 3
6964 1
6965 2
6966 2
6967 2
6968 3
6969 3
6970 3
6971 3
6972 4
6973 3
6974 4
6975 3
6976 4
6977 2
6978 2
6979 1
6980 4
6981 2
6982 1
6983 1
6984 5
6985 7
6986 4
6987 6
6988 5
6989 5
6990 6
6991 3
6992 3
6993 3
6994 1
6995 3
6996 0
6997 2
6998 4
6999 4
7000 6
7001 6
7002 6
7003 7
7004 7
7005 6
7006 7
7007 6
7008 6
7009 4
7010 1
7011 2
7012 1
7013 1
7014 2
7015 1
7016 1
7017 3
7018 2
7019 3
7020 3
7021 2
7022 2
7023 3
7024 4
7025 4
7026 4
7027 3
7028 3
7029 2
7030 2
7031 2
7032 2
7033 3
7034 1
7035 3
7036 3
7037 3
7038 3
7039 3
7040 2
7041 4
7042 5
7043 5
7044 4
7045 4
7046 5
7047 5
7048 5
7049 7
7050 6
7051 7
7052 5
7053 5
7054 3
7055 1
7056 4
7057 4
7058 3
7059 5
7060 5
7061 4
7062 5
7063 6
7064 8
7065 7
7066 7
7067 6
7068 5
7069 6
7070 3
7071 2
7072 3
7073 4
7074 6
7075 5
7076 4
7077 4
7078 3
7079 3
7080 1
7081 1
7082 2
7083 3
7084 1
7085 3
7086 2
7087 1
7088 2
7089 0
7090 5
7091 2
7092 5
7093 3
7094 4
7095 4
7096 4
7097 3
7098 1
7099 5
7100 6
7101 5
7102 5
7103 4
7104 2
7105 3
7106 1
7107 3
7108 2
7109 4
7110 4
7111 3
7112 4
7113 4
7114 4
7115 6
7116 3
7117 3
7118 1
7119 1
7120 4
7121 4
7122 3
7123 4
7124 2
7125 5
7126 4
7127 7
7128 7
7129 6
7130 6
7131 6
7132 7
7133 6
7134 5
7135 3
7136 3
7137 5
7138 6
7139 7
7140 7
7141 9
7142 9
7143 8
7144 7
7145 8
7146 7
7147 7
7148 7
7149 6
7150 6
7151 6
7152 9
7153 10
7154 8
7155 9
7156 7
7157 6
7158 3
7159 1
7160 5
7161 3
7162 2
7163 2
7164 4
7165 3
7166 1
7167 4
7168 2
7169 2
7170 2
7171 2
7172 2
7173 1
7174 5
7175 3
7176 5
7177 7
7178 6
7179 3
7180 2
7181 3
7182 1
7183 4
7184 3
7185 3
7186 2
7187 3
7188 3
7189 3
7190 3
7191 0
7192 1
7193 1
7194 5
7195 4
7196 2
7197 2
7198 1
7199 3
7200 4
7201 5
7202 6
7203 5
7204 5
7205 4
7206 5
7207 4
7208 2
7209 6
7210 4
7211 5
7212 6
7213 6
7214 5
7215 7
7216 7
7217 5
7218 7
7219 6
7220 7
7221 5
7222 7
7223 6
7224 7
7225 6
7226 6
7227 6
7228 6
7229 5
7230 5
7231 4
7232 5
7233 5
7234 4
7235 4
7236 2
7237 3
7238 2
7239 2
7240 3
7241 2
7242 3
7243 0
7244 2
7245 3
7246 4
7247 3
7248 3
7249 4
7250 2
7251 3
7252 1
7253 3
7254 5
7255 5
7256 4
7257 1
7258 4
7259 5
7260 5
7261 6
7262 7
7263 6
7264 7
7265 7
7266 8
7267 7
7268 6
7269 4
7270 3
7271 3
7272 3
7273 1
7274 1
7275 3
7276 2
7277 2
7278 3
7279 3
7280 4
7281 3
7282 2
7283 3
7284 2
7285 3
7286 3
7287 4
7288 6
7289 5
7290 4
7291 5
7292 6
7293 7
7294 6
7295 5
7296 3
7297 4
7298 5
7299 4
7300 3
7301 1
7302 2
7303 2
7304 1
7305 2
7306 1
7307 2
7308 4
7309 3
7310 4
7311 4
7312 2
7313 2
7314 4
7315 4
7316 3
7317 3
7318 3
7319 2
7320 3
7321 3
7322 1
7323 1
7324 5
7325 3
7326 2
7327 4
7328 2
7329 3
7330 4
7331 5
7332 6
7333 7
7334 6
7335 5
7336 6
7337 8
7338 7
7339 5
7340 7
7341 7
7342 8
7343 10
7344 13
7345 13
7346 11
7347 10
7348 8
7349 8
7350 8
7351 7
7352 8
7353 7
7354 6
7355 5
7356 2
7357 4
7358 3
7359 2
7360 4
7361 4
7362 2
7363 3
7364 3
7365 1
7366 2
7367 5
7368 5
7369 6
7370 4
7371 7
7372 7
7373 7
7374 7
7375 5
7376 5
7377 5
7378 6
7379 3
7380 4
7381 2
7382 4
7383 4
7384 6
7385 7
7386 7
7387 7
7388 7
7389 7
7390 5
7391 4
7392 3
7393 2
7394 2
7395 4
7396 6
7397 3
7398 3
7399 3
7400 3
7401 3
7402 3
7403 1
7404 2
7405 2
7406 1
7407 2
7408 2
7409 4
7410 3
7411 6
7412 7
7413 6
7414 6
7415 9
7416 9
7417 9
7418 10
7419 7
7420 8
7421 7
7422 7
7423 7
7424 8
7425 10
7426 10
7427 8
7428 7
7429 4
7430 4
7431 4
7432 6
7433 6
7434 4
7435 4
7436 4
7437 4
7438 5
7439 3
7440 3
7441 3
7442 1
7443 1
7444 4
7445 6
7446 6
7447 7
7448 8
7449 10
7450 8
7451 8
7452 8
7453 7
7454 7
7455 9
7456 8
7457 8
7458 9
7459 9
7460 9
7461 9
7462 8
7463 8
7464 8
7465 7
7466 8
7467 6
7468 5
7469 5
7470 8
7471 7
7472 5
7473 5
7474 5
7475 3
7476 4
7477 3
7478 2
7479 2
7480 2
7481 2
7482 2
7483 2
7484 3
7485 4
7486 4
7487 2
7488 3
7489 3
7490 3
7491 2
7492 4
7493 5
7494 3
7495 4
7496 2
7497 2
7498 4
7499 2
7500 4
7501 2
7502 2
7503 3
7504 6
7505 7
7506 7
7507 5
7508 5
7509 4
7510 2
7511 5
7512 5
7513 8
7514 9
7515 10
7516 11
7517 10
7518 9
7519 9
7520 8
7521 11
7522 11
7523 10
7524 9
7525 7
7526 7
7527 7
7528 6
7529 5
7530 4
7531 3
7532 3
7533 5
7534 5
7535 3
7536 3
7537 6
7538 5
7539 5
7540 5
7541 4
7542 4
7543 2
7544 4
7545 4
7546 3
7547 3
7548 3
7549 3
7550 1
7551 2
7552 4
7553 3
7554 2
7555 3
7556 1
7557 1
7558 5
7559 5
7560 7
7561 6
7562 3
7563 3
7564 3
7565 2
7566 2
7567 2
7568 4
7569 4
7570 2
7571 1
7572 1
7573 2
7574 4
7575 5
7576 6
7577 5
7578 6
7579 3
7580 1
7581 5
7582 5
7583 5
7584 6
7585 4
7586 5
7587 3
7588 1
7589 0
7590 2
7591 3
7592 4
7593 3
7594 3
7595 3
7596 4
7597 3
7598 4
7599 1
7600 5
7601 5
7602 5
7603 6
7604 6
7605 4
7606 7
7607 6
7608 6
7609 5
7610 3
7611 2
7612 3
7613 1
7614 2
7615 0
7616 1
7617 4
7618 5
7619 2
7620 3
7621 6
7622 6
7623 4
7624 4
7625 3
7626 5
7627 4
7628 5
7629 3
7630 4
7631 3
7632 4
7633 3
7634 4
7635 3
7636 2
7637 1
7638 3
7639 4
7640 3
7641 1
7642 5
7643 5
7644 5
7645 6
7646 5
7647 4
7648 4
7649 3
7650 3
7651 2
7652 3
7653 2
7654 5
7655 5
7656 3
7657 4
7658 5
7659 7
7660 6
7661 5
7662 5
7663 8
7664 8
7665 9
7666 8
7667 6
7668 5
7669 4
7670 4
7671 4
7672 9
7673 7
7674 5
7675 6
7676 4
7677 3
7678 3
7679 1
7680 2
7681 5
7682 3
7683 3
7684 2
7685 1
7686 2
7687 1
7688 2
7689 1
7690 3
7691 0
7692 4
7693 5
7694 4
7695 3
7696 4
7697 2
7698 1
7699 2
7700 4
7701 1
7702 3
7703 4
7704 2
7705 4
7706 2
7707 2
7708 2
7709 5
7710 5
7711 5
7712 5
7713 5
7714 3
7715 6
7716 6
7717 7
7718 7
7719 8
7720 8
7721 8
7722 8
7723 7
7724 4
7725 2
7726 1
7727 3
7728 2
7729 1
7730 5
7731 5
7732 4
7733 4
7734 4
7735 3
7736 4
7737 4
7738 3
7739 1
7740 2
7741 6
7742 4
7743 1
7744 1
7745 3
7746 1
7747 3
7748 4
7749 3
7750 4
7751 2
7752 1
7753 1
7754 4
7755 3
7756 2
7757 5
7758 5
7759 6
7760 6
7761 6
7762 6
7763 7
7764 4
7765 2
7766 3
7767 5
7768 6
7769 4
7770 3
7771 4
7772 3
7773 1
7774 3
7775 0
7776 6
7777 8
7778 9
7779 9
7780 9
7781 10
7782 11
7783 9
7784 8
7785 11
7786 11
7787 10
7788 13
7789 13
7790 13
7791 14
7792 11
7793 12
7794 13
7795 14
7796 15
7797 12
7798 12
7799 10
7800 7
7801 7
7802 7
7803 10
7804 10
7805 12
7806 11
7807 13
7808 12
7809 13
7810 12
7811 11
7812 14
7813 15
7814 12
7815 14
7816 15
7817 12
7818 11
7819 11
7820 10
7821 8
7822 9
7823 8
7824 6
7825 5
7826 7
7827 10
7828 10
7829 10
7830 10
7831 10
7832 10
7833 11
7834 10
7835 12
7836 11
7837 9
7838 8
7839 8
7840 8
7841 6
7842 6
7843 8
7844 7
7845 7
7846 5
7847 3
7848 4
7849 3
7850 3
7851 2
7852 4
7853 3
7854 2
7855 2
7856 1
7857 5
7858 4
7859 2
7860 2
7861 0
7862 1
7863 2
7864 2
7865 1
7866 3
7867 3
7868 5
7869 6
7870 3
7871 4
7872 2
7873 2
7874 6
7875 5
7876 4
7877 3
7878 2
7879 3
7880 2
7881 2
7882 6
7883 7
7884 8
7885 7
7886 5
7887 3
7888 1
7889 0
7890 2
7891 5
7892 3
7893 3
7894 4
7895 4
7896 4
7897 4
7898 3
7899 3
7900 5
7901 3
7902 3
7903 2
7904 2
7905 4
7906 4
7907 2
7908 4
7909 5
7910 6
7911 5
7912 6
7913 6
7914 6
7915 5
7916 8
7917 10
7918 9
7919 9
7920 9
7921 9
7922 9
7923 7
7924 8
7925 9
7926 9
7927 12
7928 13
7929 11
7930 11
7931 10
7932 9
7933 7
7934 7
7935 8
7936 8
7937 7
7938 7
7939 8
7940 6
7941 6
7942 5
7943 6
7944 6
7945 4
7946 2
7947 5
7948 6
7949 5
7950 5
7951 5
7952 7
7953 7
7954 8
7955 10
7956 7
7957 6
7958 5
7959 6
7960 5
7961 5
7962 6
7963 6
7964 6
7965 5
7966 5
7967 7
7968 7
7969 6
7970 3
7971 2
7972 3
7973 2
7974 5
7975 4
7976 5
7977 4
7978 3
7979 3
7980 2
7981 3
7982 3
7983 3
7984 4
7985 2
7986 4
7987 3
7988 2
7989 3
7990 2
7991 5
7992 4
7993 3
7994 3
7995 3
7996 1
7997 1
7998 4
7999 2
8000 5
8001 4
8002 2
8003 2
8004 5
8005 4
8006 6
8007 3
8008 1
8009 3
8010 4
8011 6
8012 5
8013 5
8014 5
8015 4
8016 2
8017 2
8018 3
8019 0
8020 4
8021 4
8022 5
8023 3
8024 3
8025 4
8026 1
8027 2
8028 2
8029 1
8030 2
8031 3
8032 4
8033 5
8034 4
8035 5
8036 5
8037 7
8038 4
8039 4
8040 5
8041 5
8042 5
8043 4
8044 5
8045 8
8046 9
8047 6
8048 3
8049 3
8050 4
8051 6
8052 5
8053 3
8054 2
8055 5
8056 6
8057 4
8058 6
8059 6
8060 8
8061 10
8062 12
8063 11
8064 10
8065 9
8066 7
8067 7
8068 9
8069 10
8070 8
8071 8
8072 8
8073 10
8074 9
8075 8
8076 8
8077 8
8078 8
8079 9
8080 7
8081 6
8082 5
8083 5
8084 5
8085 6
8086 5
8087 3
8088 4
8089 4
8090 5
8091 4
8092 3
8093 2
8094 1
8095 1
8096 2
8097 4
8098 6
8099 4
8100 5
8101 6
8102 6
8103 4
8104 5
8105 7
8106 7
8107 6
8108 7
8109 7
8110 5
8111 7
8112 7
8113 7
8114 7
8115 6
8116 3
8117 1
8118 4
8119 4
8120 4
8121 5
8122 6
8123 7
8124 6
8125 4
8126 5
8127 4
8128 7
8129 6
8130 7
8131 8
8132 6
8133 7
8134 7
8135 6
8136 5
8137 3
8138 2
8139 4
8140 2
8141 1
8142 4
8143 6
8144 6
8145 8
8146 6
8147 4
8148 4
8149 4
8150 4
8151 4
8152 5
8153 5
8154 6
8155 6
8156 5
8157 6
8158 5
8159 5
8160 4
8161 3
8162 5
8163 3
8164 2
8165 3
8166 4
8167 2
8168 0
8169 0
8170 2
8171 2
8172 2
8173 4
8174 3
8175 4
8176 4
8177 1
8178 1
8179 3
8180 1
8181 2
8182 4
8183 3
8184 4
8185 3
8186 5
8187 4
8188 4
8189 2
8190 2
8191 2
8192 1
8193 3
8194 3
8195 0
8196 3
8197 1
8198 4
8199 4
8200 2
8201 2
8202 5
8203 5
8204 4
8205 3
8206 3
8207 4
8208 4
8209 2
8210 1
8211 0
8212 2
8213 1
8214 2
8215 3
8216 4
8217 5
8218 3
8219 4
8220 4
8221 5
8222 5
8223 6
8224 6
8225 5
8226 5
8227 5
8228 6
8229 7
8230 6
8231 4
8232 4
8233 3
8234 1
8235 1
8236 3
8237 1
8238 3
8239 4
8240 3
8241 2
8242 3
8243 5
8244 4
8245 6
8246 4
8247 3
8248 2
8249 3
8250 2
8251 5
8252 4
8253 5
8254 5
8255 6
8256 6
8257 5
8258 4
8259 5
8260 3
8261 3
8262 3
8263 1
8264 2
8265 5
8266 3
8267 3
8268 2
8269 2
8270 2
8271 6
8272 6
8273 8
8274 7
8275 5
8276 6
8277 6
8278 3
8279 4
8280 2
8281 0
8282 2
8283 4
8284 4
8285 5
8286 6
8287 5
8288 3
8289 4
8290 4
8291 1
8292 1
8293 2
8294 2
8295 4
8296 4
8297 1
8298 3
8299 3
8300 1
8301 3
8302 1
8303 4
8304 4
8305 2
8306 3
8307 5
8308 4
8309 5
8310 5
8311 4
8312 4
8313 5
8314 5
8315 5
8316 7
8317 7
8318 9
8319 10
8320 12
8321 13
8322 13
8323 12
8324 13
8325 13
8326 16
8327 13
8328 13
8329 12
8330 10
8331 11
8332 10
8333 7
8334 9
8335 10
8336 9
8337 7
8338 6
8339 4
8340 1
8341 0
8342 1
8343 4
8344 2
8345 1
8346 2
8347 2
8348 2
8349 1
8350 4
8351 3
8352 2
8353 4
8354 6
8355 7
8356 6
8357 8
8358 9
8359 7
8360 5
8361 3
8362 4
8363 2
8364 4
8365 5
8366 4
8367 4
8368 2
8369 1
8370 1
8371 2
8372 2
8373 4
8374 3
8375 4
8376 4
8377 5
8378 7
8379 8
8380 7
8381 6
8382 6
8383 5
8384 5
8385 5
8386 6
8387 8
8388 9
8389 10
8390 12
8391 13
8392 14
8393 15
8394 12
8395 12
8396 11
8397 12
8398 11
8399 9
8400 9
8401 10
8402 9
8403 8
8404 7
8405 8
8406 10
8407 10
8408 11
8409 10
8410 10
8411 9
8412 9
8413 9
8414 7
8415 7
8416 6
8417 8
8418 6
8419 5
8420 4
8421 2
8422 0
8423 4
8424 3
8425 3
8426 2
8427 3
8428 3
8429 3
8430 3
8431 3
8432 1
8433 4
8434 6
8435 8
8436 7
8437 5
8438 4
8439 6
8440 5
8441 4
8442 3
8443 3
8444 3
8445 4
8446 3
8447 6
8448 7
8449 7
8450 6
8451 5
8452 5
8453 5
8454 4
8455 6
8456 7
8457 7
8458 7
8459 9
8460 9
8461 8
8462 11
8463 12
8464 11
8465 13
8466 11
8467 12
8468 11
8469 10
8470 11
8471 9
8472 10
8473 9
8474 9
8475 8
8476 5
8477 3
8478 2
8479 4
8480 3
8481 3
8482 3
8483 2
8484 6
8485 5
8486 6
8487 9
8488 8
8489 9
8490 9
8491 7
8492 6
8493 5
8494 5
8495 2
8496 3
8497 4
8498 2
8499 2
8500 5
8501 4
8502 4
8503 6
8504 6
8505 4
8506 2
8507 3
8508 2
8509 1
8510 1
8511 5
8512 4
8513 3
8514 3
8515 1
8516 4
8517 2
8518 3
8519 3
8520 3
8521 3
8522 1
8523 2
8524 2
8525 2
8526 4
8527 1
8528 5
8529 6
8530 6
8531 4
8532 7
8533 7
8534 6
8535 5
8536 6
8537 5
8538 5
8539 4
8540 4
8541 3
8542 3
8543 4
8544 4
8545 3
8546 4
8547 4
8548 6
8549 8
8550 6
8551 8
8552 6
8553 7
8554 8
8555 8
8556 8
8557 7
8558 5
8559 3
8560 2
8561 4
8562 1
8563 4
8564 3
8565 2
8566 3
8567 2
8568 3
8569 4
8570 5
8571 4
8572 3
8573 4
8574 5
8575 6
8576 6
8577 6
8578 7
8579 6
8580 5
8581 5
8582 4
8583 5
8584 6
8585 5
8586 6
8587 6
8588 5
8589 4
8590 1
8591 4
8592 4
8593 6
8594 6
8595 5
8596 7
8597 6
8598 10
8599 10
8600 10
8601 10
8602 10
8603 11
8604 14
8605 14
8606 12
8607 13
8608 11
8609 11
8610 10
8611 9
8612 8
8613 6
8614 4
8615 4
8616 3
8617 4
8618 3
8619 2
8620 2
8621 3
8622 2
8623 4
8624 3
8625 1
8626 3
8627 1
8628 2
8629 3
8630 2
8631 2
8632 2
8633 0
8634 1
8635 2
8636 1
8637 2
8638 0
8639 2
8640 3
8641 2
8642 2
8643 2
8644 6
8645 6
8646 4
8647 5
8648 5
8649 6
8650 6
8651 6
8652 6
8653 3
8654 2
8655 2
8656 0
8657 1
8658 2
8659 1
8660 1
8661 2
8662 3
8663 4
8664 2
8665 2
8666 3
8667 2
8668 5
8669 4
8670 2
8671 2
8672 2
8673 3
8674 4
8675 4
8676 7
8677 7
8678 5
8679 5
8680 5
8681 4
8682 3
8683 3
8684 1
8685 3
8686 2
8687 4
8688 4
8689 2
8690 3
8691 3
8692 3
8693 4
8694 3
8695 1
8696 2
8697 3
8698 4
8699 6
8700 5
8701 2
8702 3
8703 3
8704 2
8705 4
8706 4
8707 5
8708 3
8709 1
8710 1
8711 3
8712 4
8713 4
8714 4
8715 4
8716 6
8717 4
8718 4
8719 6
8720 6
8721 6
8722 9
8723 11
8724 11
8725 12
8726 11
8727 10
8728 11
8729 11
8730 10
8731 8
8732 8
8733 6
8734 6
8735 9
8736 10
8737 8
8738 8
8739 6
8740 6
8741 5
8742 5
8743 4
8744 3
8745 1
8746 5
8747 5
8748 7
8749 8
8750 8
8751 8
8752 9
8753 10
8754 7
8755 6
8756 5
8757 5
8758 3
8759 4
8760 4
8761 3
8762 2
8763 2
8764 1
8765 4
8766 3
8767 3
8768 3
8769 5
8770 3
8771 5
8772 5
8773 5
8774 5
8775 5
8776 5
8777 5
8778 6
8779 6
8780 5
8781 7
8782 6
8783 5
8784 2
8785 4
8786 4
8787 4
8788 4
8789 2
8790 4
8791 4
8792 4
8793 3
8794 0
8795 4
8796 2
8797 2
8798 1
8799 4
8800 4
8801 3
8802 3
8803 3
8804 2
8805 0
8806 2
8807 4
8808 3
8809 3
8810 2
8811 2
8812 2
8813 3
8814 1
8815 1
8816 2
8817 0
8818 2
8819 1
8820 2
8821 7
8822 8
8823 8
8824 7
8825 6
8826 5
8827 7
8828 7
8829 6
8830 4
8831 4
8832 4
8833 2
8834 2
8835 3
8836 4
8837 4
8838 3
8839 2
8840 3
8841 2
8842 3
8843 3
8844 4
8845 3
8846 5
8847 7
8848 5
8849 6
8850 6
8851 7
8852 5
8853 6
8854 6
8855 6
8856 5
8857 5
8858 6
8859 6
8860 4
8861 3
8862 0
8863 4
8864 3
8865 2
8866 4
8867 4
8868 2
8869 3
8870 3
8871 2
8872 3
8873 4
8874 4
8875 4
8876 5
8877 3
8878 2
8879 0
8880 3
8881 1
8882 2
8883 5
8884 2
8885 1
8886 3
8887 4
8888 3
8889 3
8890 2
8891 3
8892 3
8893 2
8894 6
8895 6
8896 6
8897 7
8898 8
8899 5
8900 7
8901 8
8902 8
8903 8
8904 6
8905 7
8906 9
8907 6
8908 6
8909 5
8910 7
8911 8
8912 6
8913 7
8914 6
8915 7
8916 6
8917 5
8918 7
8919 7
8920 6
8921 4
8922 5
8923 4
8924 1
8925 7
8926 7
8927 7
8928 7
8929 7
8930 7
8931 9
8932 10
8933 8
8934 10
8935 8
8936 8
8937 6
8938 8
8939 6
8940 6
8941 6
8942 6
8943 6
8944 6
8945 4
8946 3
8947 0
8948 2
8949 0
8950 2
8951 2
8952 4
8953 5
8954 2
8955 1
8956 4
8957 6
8958 7
8959 8
8960 7
8961 5
8962 5
8963 5
8964 7
8965 6
8966 6
8967 4
8968 3
8969 3
8970 1
8971 2
8972 2
8973 2
8974 1
8975 2
8976 2
8977 2
8978 2
8979 3
8980 3
8981 5
8982 6
8983 7
8984 7
8985 8
8986 8
8987 8
8988 9
8989 8
8990 7
8991 7
8992 7
8993 6
8994 3
8995 1
8996 2
8997 2
8998 2
8999 3
9000 4
9001 7
9002 6
9003 7
9004 7
9005 8
9006 6
9007 7
9008 7
9009 7
9010 6
9011 4
9012 7
9013 4
9014 4
9015 5
9016 7
9017 8
9018 9
9019 8
9020 8
9021 8
9022 11
9023 11
9024 12
9025 12
9026 11
9027 10
9028 9
9029 9
9030 7
9031 6
9032 6
9033 6
9034 7
9035 7
9036 8
9037 8
9038 7
9039 7
9040 6
9041 7
9042 7
9043 9
9044 10
9045 10
9046 12
9047 12
9048 12
9049 12
9050 14
9051 13
9052 13
9053 14
9054 13
9055 10
9056 10
9057 8
9058 8
9059 8
9060 8
9061 7
9062 5
9063 2
9064 2
9065 1
9066 1
9067 2
9068 4
9069 3
9070 1
9071 3
9072 6
9073 5
9074 5
9075 9
9076 6
9077 4
9078 5
9079 5
9080 5
9081 4
9082 5
9083 6
9084 6
9085 6
9086 7
9087 6
9088 10
9089 9
9090 9
9091 11
9092 11
9093 11
9094 14
9095 13
9096 13
9097 10
9098 9
9099 8
9100 9
9101 10
9102 9
9103 7
9104 7
9105 5
9106 4
9107 2
9108 3
9109 2
9110 3
9111 4
9112 3
9113 4
9114 4
9115 4
9116 5
9117 5
9118 4
9119 3
9120 6
9121 5
9122 7
9123 7
9124 8
9125 7
9126 9
9127 7
9128 8
9129 9
9130 8
9131 8
9132 8
9133 9
9134 9
9135 9
9136 10
9137 12
9138 11
9139 10
9140 12
9141 10
9142 9
9143 9
9144 8
9145 8
9146 8
9147 7
9148 8
9149 7
9150 7
9151 4
9152 3
9153 3
9154 2
9155 3
9156 2
9157 2
9158 2
9159 1
9160 3
9161 3
9162 2
9163 3
9164 0
9165 1
9166 3
9167 3
9168 5
9169 6
9170 5
9171 6
9172 8
9173 8
9174 8
9175 7
9176 7
9177 5
9178 4
9179 5
9180 6
9181 6
9182 6
9183 5
9184 5
9185 4
9186 4
9187 4
9188 1
9189 1
9190 1
9191 2
9192 3
9193 1
9194 2
9195 4
9196 4
9197 2
9198 3
9199 1
9200 2
9201 3
9202 1
9203 5
9204 4
9205 3
9206 2
9207 0
9208 6
9209 4
9210 3
9211 4
9212 2
9213 2
9214 5
9215 5
9216 4
9217 2
9218 3
9219 2
9220 1
9221 1
9222 2
9223 3
9224 4
9225 2
9226 1
9227 3
9228 1
9229 2
9230 1
9231 4
9232 3
9233 2
9234 4
9235 5
9236 5
9237 6
9238 5
9239 6
9240 3
9241 3
9242 2
9243 3
9244 2
9245 2
9246 4
9247 1
9248 1
9249 5
9250 3
9251 2
9252 2
9253 1
9254 0
9255 2
9256 3
9257 3
9258 2
9259 5
9260 6
9261 8
9262 5
9263 4
9264 3
9265 1
9266 2
9267 3
9268 2
9269 2
9270 5
9271 4
9272 7
9273 7
9274 8
9275 7
9276 5
9277 5
9278 5
9279 5
9280 4
9281 2
9282 4
9283 5
9284 5
9285 3
9286 1
9287 3
9288 1
9289 2
9290 4
9291 4
9292 4
9293 5
9294 4
9295 4
9296 3
9297 2
9298 1
9299 1
9300 0
9301 3
9302 3
9303 2
9304 1
9305 2
9306 1
9307 2
9308 3
9309 2
9310 2
9311 4
9312 2
9313 3
9314 3
9315 3
9316 2
9317 4
9318 2
9319 2
9320 3
9321 1
9322 1
9323 1
9324 3
9325 3
9326 1
9327 2
9328 1
9329 3
9330 2
9331 3
9332 2
9333 5
9334 5
9335 5
9336 4
9337 4
9338 3
9339 5
9340 2
9341 3
9342 5
9343 4
9344 1
9345 0
9346 2
9347 2
9348 2
9349 3
9350 4
9351 5
9352 2
9353 2
9354 2
9355 4
9356 6
9357 6
9358 4
9359 5
9360 6
9361 5
9362 5
9363 7
9364 6
9365 4
9366 4
9367 2
9368 4
9369 2
9370 3
9371 3
9372 3
9373 4
9374 4
9375 2
9376 2
9377 2
9378 6
9379 4
9380 4
9381 1
9382 2
9383 2
9384 4
9385 4
9386 6
9387 5
9388 5
9389 6
9390 6
9391 5
9392 6
9393 5
9394 4
9395 3
9396 1
9397 5
9398 6
9399 6
9400 6
9401 4
9402 5
9403 3
9404 2
9405 5
9406 2
9407 5
9408 2
9409 4
9410 6
9411 8
9412 6
9413 6
9414 4
9415 5
9416 5
9417 3
9418 1
9419 5
9420 3
9421 2
9422 2
9423 3
9424 5
9425 4
9426 6
9427 5
9428 4
9429 6
9430 7
9431 5
9432 5
9433 6
9434 3
9435 2
9436 2
9437 3
9438 2
9439 3
9440 2
9441 3
9442 4
9443 4
9444 3
9445 2
9446 2
9447 3
9448 1
9449 1
9450 0
9451 2
9452 5
9453 3
9454 4
9455 2
9456 4
9457 3
9458 4
9459 4
9460 4
9461 3
9462 3
9463 2
9464 3
9465 0
9466 2
9467 3
9468 1
9469 3
9470 2
9471 1
9472 2
9473 2
9474 2
9475 1
9476 2
9477 1
9478 4
9479 4
9480 4
9481 4
9482 4
9483 3
9484 3
9485 4
9486 4
9487 2
9488 4
9489 3
9490 3
9491 3
9492 4
9493 1
9494 2
9495 2
9496 3
9497 2
9498 2
9499 5
9500 3
9501 2
9502 1
9503 2
9504 3
9505 0
9506 1
9507 3
9508 2
9509 2
9510 2
9511 0
9512 4
9513 6
9514 7
9515 7
9516 6
9517 6
9518 4
9519 2
9520 2
9521 1
9522 4
9523 5
9524 4
9525 4
9526 4
9527 2
9528 2
9529 0
9530 4
9531 4
9532 2
9533 2
9534 1
9535 5
9536 5
9537 6
9538 5
9539 4
9540 2
9541 3
9542 4
9543 5
9544 6
9545 4
9546 4
9547 5
9548 4
9549 3
9550 5
9551 4
9552 2
9553 5
9554 6
9555 5
9556 7
9557 8
9558 8
9559 9
9560 10
9561 13
9562 15
9563 12
9564 12
9565 12
9566 12
9567 15
9568 12
9569 11
9570 10
9571 13
9572 12
9573 10
9574 12
9575 11
9576 9
9577 7
9578 5
9579 4
9580 4
9581 4
9582 2
9583 1
9584 2
9585 2
9586 4
9587 3
9588 4
9589 4
9590 2
9591 4
9592 5
9593 6
9594 6
9595 5
9596 5
9597 6
9598 5
9599 5
9600 4
9601 5
9602 2
9603 2
9604 7
9605 5
9606 7
9607 8
9608 8
9609 6
9610 8
9611 7
9612 5
9613 4
9614 5
9615 4
9616 3
9617 2
9618 0
9619 1
9620 3
9621 6
9622 7
9623 7
9624 7
9625 7
9626 7
9627 6
9628 7
9629 6
9630 8
9631 7
9632 6
9633 5
9634 5
9635 5
9636 4
9637 2
9638 3
9639 3
9640 5
9641 3
9642 2
9643 4
9644 4
9645 3
9646 1
9647 2
9648 0
9649 3
9650 2
9651 3
9652 1
9653 1
9654 3
9655 5
9656 6
9657 6
9658 5
9659 5
9660 4
9661 2
9662 6
9663 5
9664 3
9665 2
9666 3
9667 3
9668 5
9669 6
9670 5
9671 4
9672 5
9673 6
9674 6
9675 5
9676 5
9677 6
9678 6
9679 6
9680 6
9681 8
9682 6
9683 6
9684 10
9685 10
9686 11
9687 12
9688 11
9689 10
9690 11
9691 9
9692 7
9693 7
9694 8
9695 9
9696 11
9697 10
9698 11
9699 12
9700 11
9701 11
9702 9
9703 9
9704 10
9705 8
9706 5
9707 6
9708 6
9709 6
9710 5
9711 5
9712 5
9713 5
9714 5
9715 3
9716 4
9717 5
9718 4
9719 1
9720 4
9721 3
9722 2
9723 1
9724 3
9725 5
9726 3
9727 1
9728 3
9729 2
9730 4
9731 4
9732 4
9733 6
9734 6
9735 6
9736 5
9737 5
9738 3
9739 4
9740 5
9741 5
9742 7
9743 6
9744 4
9745 5
9746 4
9747 5
9748 7
9749 5
9750 5
9751 2
9752 1
9753 3
9754 1
9755 2
9756 1
9757 4
9758 4
9759 7
9760 7
9761 7
9762 7
9763 7
9764 7
9765 5
9766 5
9767 2
9768 4
9769 3
9770 5
9771 7
9772 9
9773 8
9774 8
9775 8
9776 7
9777 6
9778 4
9779 2
9780 6
9781 5
9782 3
9783 6
9784 7
9785 6
9786 6
9787 8
9788 8
9789 7
9790 9
9791 9
9792 8
9793 10
9794 10
9795 10
9796 10
9797 9
9798 6
9799 5
9800 5
9801 5
9802 4
9803 3
9804 3
9805 1
9806 4
9807 5
9808 6
9809 5
9810 4
9811 3
9812 3
9813 5
9814 4
9815 3
9816 5
9817 3
9818 5
9819 2
9820 1
9821 4
9822 3
9823 2
9824 1
9825 4
9826 3
9827 2
9828 2
9829 2
9830 3
9831 1
9832 2
9833 2
9834 5
9835 4
9836 3
9837 3
9838 4
9839 3
9840 5
9841 4
9842 4
9843 5
9844 6
9845 7
9846 8
9847 9
9848 10
9849 9
9850 8
9851 8
9852 9
9853 9
9854 10
9855 8
9856 7
9857 7
9858 7
9859 8
9860 9
9861 9
9862 9
9863 10
9864 11
9865 11
9866 11
9867 12
9868 12
9869 12
9870 13
9871 14
9872 14
9873 13
9874 13
9875 12
9876 12
9877 10
9878 10
9879 12
9880 13
9881 14
9882 16
9883 13
9884 12
9885 11
9886 12
9887 12
9888 12
9889 9
9890 12
9891 11
9892 10
9893 9
9894 7
9895 5
9896 3
9897 2
9898 3
9899 1
9900 3
9901 2
9902 3
9903 3
9904 4
9905 1
9906 5
9907 3
9908 3
9909 6
9910 3
9911 4
9912 4
9913 3
9914 4
9915 4
9916 5
9917 3
9918 6
9919 5
9920 8
9921 9
9922 8
9923 7
9924 4
9925 8
9926 8
9927 6
9928 4
9929 1
9930 2
9931 3
9932 1
9933 0
9934 3
9935 0
9936 1
9937 3
9938 3
9939 4
9940 3
9941 6
9942 5
9943 5
9944 7
9945 8
9946 5
9947 3
9948 1
9949 4
9950 7
9951 6
9952 6
9953 9
9954 7
9955 7
9956 7
9957 7
9958 5
9959 7
9960 8
9961 7
9962 6
9963 3
9964 2
9965 5
9966 4
9967 2
9968 3
9969 1
9970 4
9971 3
9972 4
9973 2
9974 1
9975 4
9976 3
9977 3
9978 5
9979 5
9980 4
9981 2
9982 3
9983 3
9984 4
9985 4
9986 2
9987 1
9988 2
9989 3
9990 2
9991 4
9992 2
9993 2
9994 1
9995 5
9996 4
9997 3
9998 2
9999 2
