0 6
1 3
2 2
3 3
4 1
5 3
6 2
7 1
8 2
9 1
10 3
11 5
12 6
13 5
14 2
15 2
16 4
17 3
18 5
19 4
20 1
21 5
22 3
23 5
24 6
25 5
26 5
27 4
28 2
29 1
30 2
31 3
32 2
33 0
34 1
35 2
36 3
37 3
38 1
39 3
40 1
41 5
42 8
43 8
44 8
45 5
46 4
47 4
48 2
49 3
50 4
51 2
52 2
53 2
54 2
55 2
56 1
57 1
58 1
59 0
60 0
61 3
62 1
63 4
64 4
65 4
66 4
67 5
68 4
69 4
70 3
71 3
72 6
73 5
74 2
75 2
76 5
77 3
78 5
79 3
80 2
81 5
82 7
83 4
84 7
85 7
86 6
87 5
88 5
89 5
90 4
91 3
92 4
93 4
94 4
95 2
96 1
97 0
98 3
99 4
100 5
101 5
102 4
103 4
104 9
105 7
106 5
107 4
108 2
109 4
110 3
111 4
112 1
113 2
114 6
115 4
116 3
117 2
118 3
119 5
120 4
121 3
122 2
123 2
124 2
125 3
126 2
127 3
128 2
129 3
130 5
131 4
132 4
133 5
134 6
135 4
136 6
137 5
138 3
139 4
140 2
141 3
142 1
143 3
144 2
145 3
146 5
147 4
148 1
149 4
150 4
151 5
152 6
153 6
154 7
155 6
156 5
157 4
158 5
159 3
160 3
161 3
162 2
163 4
164 1
165 2
166 1
167 2
168 3
169 1
170 1
171 5
172 5
173 6
174 8
175 9
176 8
177 8
178 6
179 6
180 7
181 6
182 6
183 7
184 8
185 7
186 10
187 7
188 8
189 6
190 5
191 4
192 8
193 7
194 8
195 10
196 10
197 10
198 9
199 8
200 7
201 7
202 7
203 6
204 7
205 7
206 6
207 4
208 4
209 3
210 6
211 4
212 4
213 4
214 4
215 4
216 3
217 3
218 1
219 2
220 3
221 1
222 1
223 3
224 1
225 1
226 1
227 2
228 1
229 2
230 2
231 3
232 3
233 2
234 1
235 5
236 4
237 3
238 3
239 1
240 2
241 1
242 3
243 1
244 3
245 2
246 1
247 2
248 2
249 1
250 3
251 4
252 5
253 5
254 5
255 8
256 11
257 10
258 12
259 11
260 11
261 10
262 12
263 11
264 9
265 9
266 8
267 9
268 11
269 9
270 10
271 11
272 11
273 12
274 11
275 9
276 7
277 8
278 8
279 9
280 10
281 13
282 12
283 9
284 8
285 5
286 5
287 3
288 6
289 5
290 5
291 4
292 4
293 4
294 3
295 1
296 4
297 5
298 2
299 6
300 4
301 6
302 6
303 5
304 4
305 6
306 6
307 6
308 7
309 7
310 7
311 6
312 6
313 6
314 6
315 8
316 7
317 5
318 6
319 4
320 5
321 2
322 4
323 4
324 2
325 1
326 3
327 5
328 6
329 6
330 7
331 7
332 7
333 7
334 6
335 8
336 7
337 8
338 10
339 9
340 8
341 7
342 5
343 5
344 3
345 3
346 0
347 2
348 1
349 1
350 1
351 2
352 5
353 6
354 11
355 12
356 12
357 11
358 11
359 12
360 13
361 13
362 12
363 11
364 8
365 7
366 7
367 8
368 7
369 6
370 7
371 8
372 7
373 8
374 6
375 5
376 5
377 3
378 1
379 1
380 4
381 3
382 4
383 4
384 3
385 1
386 1
387 0
388 4
389 2
390 2
391 3
392 2
393 1
394 3
395 1
396 4
397 3
398 5
399 4
400 1
401 3
402 2
403 3
404 4
405 3
406 4
407 6
408 6
409 5
410 4
411 2
412 1
413 1
414 1
415 4
416 5
417 5
418 4
419 3
420 4
421 4
422 6
423 4
424 2
425 2
426 1
427 3
428 6
429 4
430 5
431 4
432 4
433 5
434 4
435 3
436 4
437 2
438 3
439 4
440 2
441 2
442 4
443 7
444 5
445 4
446 3
447 4
448 6
449 3
450 2
451 1
452 1
453 1
454 1
455 4
456 3
457 2
458 3
459 3
460 2
461 2
462 4
463 3
464 3
465 0
466 3
467 2
468 2
469 2
470 3
471 2
472 4
473 2
474 1
475 1
476 2
477 1
478 3
479 5
480 4
481 3
482 4
483 5
484 6
485 7
486 8
487 9
488 9
489 8
490 8
491 7
492 7
493 6
494 8
495 7
496 7
497 7
498 5
499 4
500 2
501 3
502 4
503 5
504 6
505 5
506 4
507 5
508 3
509 1
510 3
511 0
512 1
513 4
514 3
515 2
516 0
517 1
518 4
519 5
520 5
521 4
522 2
523 3
524 1
525 5
526 4
527 1
528 1
529 6
530 7
531 8
532 7
533 5
534 5
535 5
536 2
537 4
538 3
539 2
540 4
541 3
542 3
543 4
544 4
545 1
546 1
547 5
548 7
549 6
550 6
551 8
552 7
553 7
554 7
555 5
556 5
557 5
558 3
559 4
560 4
561 1
562 4
563 3
564 2
565 3
566 3
567 4
568 5
569 5
570 3
571 4
572 5
573 5
574 4
575 4
576 6
577 6
578 6
579 5
580 4
581 4
582 5
583 4
584 2
585 4
586 2
587 2
588 0
589 3
590 1
591 1
592 0
593 1
594 1
595 3
596 0
597 3
598 2
599 0
600 4
601 5
602 6
603 5
604 6
605 4
606 3
607 0
608 3
609 4
610 3
611 3
612 3
613 4
614 6
615 7
616 6
617 5
618 6
619 5
620 6
621 6
622 7
623 4
624 3
625 2
626 6
627 7
628 6
629 6
630 8
631 9
632 8
633 6
634 3
635 5
636 3
637 1
638 2
639 2
640 1
641 1
642 2
643 0
644 2
645 4
646 3
647 5
648 3
649 3
650 2
651 4
652 3
653 5
654 8
655 7
656 8
657 9
658 10
659 9
660 10
661 12
662 12
663 12
664 11
665 12
666 13
667 13
668 11
669 12
670 11
671 9
672 10
673 12
674 13
675 11
676 12
677 12
678 12
679 11
680 11
681 10
682 9
683 8
684 7
685 9
686 10
687 9
688 7
689 4
690 2
691 3
692 1
693 2
694 4
695 3
696 0
697 3
698 2
699 2
700 2
701 4
702 2
703 3
704 4
705 6
706 7
707 11
708 10
709 9
710 9
711 11
712 11
713 10
714 12
715 11
716 12
717 10
718 11
719 11
720 11
721 11
722 10
723 10
724 14
725 12
726 9
727 10
728 12
729 14
730 13
731 12
732 12
733 14
734 14
735 16
736 13
737 13
738 14
739 14
740 15
741 12
742 10
743 9
744 8
745 7
746 8
747 7
748 9
749 9
750 10
751 7
752 7
753 7
754 9
755 10
756 10
757 11
758 9
759 9
760 12
761 12
762 11
763 11
764 8
765 7
766 4
767 3
768 4
769 3
770 3
771 4
772 2
773 4
774 7
775 6
776 5
777 4
778 3
779 1
780 3
781 2
782 2
783 4
784 1
785 0
786 2
787 5
788 6
789 6
790 10
791 9
792 7
793 6
794 7
795 11
796 12
797 11
798 11
799 11
800 11
801 11
802 11
803 10
804 9
805 10
806 9
807 10
808 8
809 8
810 8
811 7
812 6
813 7
814 7
815 6
816 7
817 6
818 3
819 0
820 2
821 1
822 2
823 2
824 1
825 5
826 5
827 5
828 4
829 4
830 3
831 2
832 3
833 2
834 1
835 5
836 5
837 3
838 3
839 2
840 1
841 3
842 4
843 2
844 3
845 4
846 6
847 5
848 4
849 3
850 4
851 2
852 1
853 5
854 8
855 6
856 5
857 6
858 6
859 7
860 5
861 5
862 4
863 4
864 3
865 3
866 3
867 5
868 5
869 6
870 5
871 5
872 8
873 7
874 5
875 8
876 8
877 7
878 4
879 3
880 3
881 2
882 1
883 5
884 7
885 7
886 6
887 7
888 6
889 4
890 3
891 2
892 1
893 5
894 6
895 5
896 4
897 1
898 3
899 2
900 3
901 1
902 4
903 2
904 2
905 2
906 3
907 4
908 5
909 7
910 8
911 7
912 6
913 7
914 8
915 8
916 8
917 7
918 5
919 4
920 5
921 3
922 2
923 0
924 2
925 4
926 4
927 2
928 3
929 2
930 1
931 0
932 3
933 5
934 4
935 5
936 5
937 4
938 3
939 1
940 4
941 4
942 7
943 7
944 7
945 8
946 9
947 9
948 9
949 9
950 8
951 7
952 7
953 8
954 6
955 6
956 6
957 5
958 7
959 8
960 11
961 11
962 14
963 14
964 13
965 13
966 10
967 12
968 12
969 13
970 15
971 12
972 10
973 10
974 10
975 12
976 12
977 13
978 14
979 12
980 11
981 9
982 8
983 8
984 8
985 7
986 7
987 7
988 7
989 7
990 6
991 6
992 7
993 8
994 7
995 5
996 3
997 3
998 2
999 3
1000 4
1001 2
1002 0
1003 2
1004 3
1005 3
1006 1
1007 1
1008 3
1009 3
1010 2
1011 4
1012 2
1013 5
1014 4
1015 6
1016 7
1017 6
1018 7
1019 9
1020 6
1021 5
1022 7
1023 7
1024 5
1025 6
1026 6
1027 6
1028 6
1029 6
1030 6
1031 4
1032 3
1033 4
1034 4
1035 5
1036 3
1037 5
1038 6
1039 7
1040 6
1041 8
1042 9
1043 9
1044 11
1045 12
1046 12
1047 12
1048 12
1049 14
1050 14
1051 15
1052 12
1053 11
1054 11
1055 11
1056 12
1057 10
1058 7
1059 5
1060 5
1061 5
1062 6
1063 6
1064 7
1065 5
1066 3
1067 2
1068 4
1069 5
1070 3
1071 5
1072 3
1073 4
1074 2
1075 5
1076 4
1077 1
1078 4
1079 4
1080 3
1081 2
1082 4
1083 4
1084 4
1085 3
1086 3
1087 4
1088 3
1089 2
1090 1
1091 5
1092 5
1093 6
1094 9
1095 9
1096 8
1097 8
1098 7
1099 6
1100 6
1101 6
1102 7
1103 7
1104 8
1105 5
1106 5
1107 7
1108 5
1109 7
1110 9
1111 9
1112 8
1113 7
1114 8
1115 8
1116 6
1117 5
1118 5
1119 6
1120 7
1121 5
1122 6
1123 4
1124 4
1125 3
1126 4
1127 5
1128 7
1129 7
1130 8
1131 5
1132 5
1133 4
1134 3
1135 4
1136 3
1137 1
1138 2
1139 2
1140 2
1141 3
1142 2
1143 1
1144 3
1145 2
1146 1
1147 3
1148 4
1149 4
1150 4
1151 1
1152 3
1153 0
1154 2
1155 3
1156 2
1157 3
1158 1
1159 2
1160 4
1161 5
1162 3
1163 3
1164 1
1165 6
1166 4
1167 3
1168 4
1169 2
1170 4
1171 6
1172 7
1173 6
1174 7
1175 6
1176 6
1177 5
1178 5
1179 5
1180 3
1181 1
1182 2
1183 3
1184 1
1185 1
1186 1
1187 0
1188 1
1189 0
1190 4
1191 5
1192 6
1193 5
1194 7
1195 7
1196 7
1197 6
1198 3
1199 1
1200 2
1201 3
1202 4
1203 5
1204 5
1205 6
1206 6
1207 6
1208 6
1209 6
1210 5
1211 5
1212 6
1213 3
1214 4
1215 5
1216 6
1217 5
1218 3
1219 3
1220 3
1221 4
1222 3
1223 3
1224 0
1225 2
1226 3
1227 5
1228 3
1229 0
1230 1
1231 5
1232 4
1233 4
1234 3
1235 2
1236 3
1237 4
1238 4
1239 6
1240 4
1241 5
1242 7
1243 5
1244 6
1245 6
1246 6
1247 6
1248 7
1249 6
1250 7
1251 8
1252 7
1253 8
1254 8
1255 8
1256 5
1257 3
1258 2
1259 2
1260 1
1261 4
1262 4
1263 5
1264 2
1265 5
1266 4
1267 3
1268 4
1269 4
1270 4
1271 1
1272 3
1273 3
1274 3
1275 3
1276 2
1277 3
1278 3
1279 1
1280 2
1281 7
1282 6
1283 6
1284 6
1285 4
1286 5
1287 5
1288 5
1289 3
1290 3
1291 1
1292 4
1293 4
1294 2
1295 3
1296 2
1297 3
1298 5
1299 5
1300 4
1301 5
1302 4
1303 2
1304 4
1305 3
1306 5
1307 4
1308 5
1309 4
1310 4
1311 3
1312 8
1313 6
1314 6
1315 5
1316 4
1317 7
1318 7
1319 6
1320 5
1321 5
1322 4
1323 4
1324 3
1325 2
1326 5
1327 3
1328 1
1329 1
1330 4
1331 4
1332 6
1333 5
1334 6
1335 5
1336 4
1337 3
1338 3
1339 4
1340 4
1341 5
1342 5
1343 5
1344 5
1345 5
1346 8
1347 8
1348 7
1349 5
1350 7
1351 8
1352 7
1353 8
1354 7
1355 9
1356 11
1357 8
1358 10
1359 10
1360 7
1361 9
1362 10
1363 10
1364 11
1365 13
1366 15
1367 12
1368 11
1369 11
1370 10
1371 10
1372 8
1373 11
1374 11
1375 11
1376 11
1377 8
1378 8
1379 11
1380 11
1381 12
1382 12
1383 11
1384 11
1385 11
1386 10
1387 9
1388 9
1389 10
1390 9
1391 8
1392 8
1393 9
1394 11
1395 13
1396 14
1397 14
1398 13
1399 13
1400 14
1401 13
1402 13
1403 13
1404 11
1405 8
1406 9
1407 7
1408 9
1409 8
1410 9
1411 7
1412 7
1413 9
1414 11
1415 12
1416 10
1417 10
1418 11
1419 9
1420 6
1421 5
1422 9
1423 10
1424 7
1425 8
1426 9
1427 9
1428 8
1429 7
1430 8
1431 6
1432 4
1433 3
1434 3
1435 2
1436 4
1437 6
1438 4
1439 6
1440 7
1441 8
1442 7
1443 5
1444 6
1445 7
1446 8
1447 5
1448 4
1449 5
1450 4
1451 4
1452 2
1453 2
1454 3
1455 2
1456 3
1457 2
1458 2
1459 1
1460 2
1461 6
1462 4
1463 1
1464 3
1465 4
1466 7
1467 5
1468 5
1469 6
1470 7
1471 6
1472 5
1473 7
1474 6
1475 5
1476 3
1477 5
1478 4
1479 3
1480 3
1481 4
1482 4
1483 4
1484 3
1485 2
1486 4
1487 3
1488 3
1489 0
1490 2
1491 3
1492 2
1493 5
1494 7
1495 7
1496 6
1497 6
1498 7
1499 6
1500 5
1501 6
1502 6
1503 6
1504 4
1505 4
1506 3
1507 1
1508 3
1509 3
1510 3
1511 2
1512 4
1513 4
1514 4
1515 5
1516 3
1517 2
1518 2
1519 5
1520 7
1521 6
1522 7
1523 5
1524 3
1525 2
1526 3
1527 3
1528 2
1529 1
1530 3
1531 1
1532 1
1533 2
1534 1
1535 3
1536 2
1537 2
1538 5
1539 5
1540 4
1541 2
1542 4
1543 3
1544 4
1545 4
1546 3
1547 4
1548 4
1549 5
1550 2
1551 4
1552 7
1553 5
1554 5
1555 4
1556 4
1557 3
1558 2
1559 2
1560 2
1561 3
1562 2
1563 2
1564 3
1565 2
1566 1
1567 4
1568 1
1569 1
1570 1
1571 2
1572 1
1573 3
1574 5
1575 6
1576 6
1577 5
1578 3
1579 2
1580 4
1581 4
1582 4
1583 5
1584 5
1585 5
1586 6
1587 6
1588 5
1589 5
1590 4
1591 3
1592 3
1593 1
1594 6
1595 7
1596 8
1597 8
1598 8
1599 7
1600 8
1601 10
1602 10
1603 10
1604 10
1605 10
1606 9
1607 7
1608 5
1609 5
1610 6
1611 7
1612 7
1613 5
1614 6
1615 5
1616 5
1617 5
1618 2
1619 5
1620 5
1621 5
1622 5
1623 4
1624 2
1625 3
1626 5
1627 3
1628 2
1629 5
1630 5
1631 5
1632 5
1633 5
1634 6
1635 5
1636 6
1637 6
1638 5
1639 7
1640 5
1641 4
1642 3
1643 4
1644 8
1645 8
1646 6
1647 9
1648 9
1649 7
1650 5
1651 3
1652 5
1653 9
1654 8
1655 7
1656 5
1657 7
1658 6
1659 5
1660 6
1661 7
1662 5
1663 8
1664 8
1665 6
1666 5
1667 4
1668 6
1669 5
1670 4
1671 4
1672 3
1673 3
1674 4
1675 4
1676 4
1677 7
1678 6
1679 4
1680 4
1681 4
1682 4
1683 2
1684 3
1685 4
1686 4
1687 1
1688 3
1689 4
1690 3
1691 4
1692 3
1693 2
1694 4
1695 4
1696 4
1697 1
1698 4
1699 4
1700 6
1701 7
1702 8
1703 5
1704 6
1705 9
1706 8
1707 6
1708 7
1709 7
1710 5
1711 5
1712 3
1713 2
1714 0
1715 3
1716 2
1717 3
1718 1
1719 2
1720 0
1721 3
1722 2
1723 2
1724 3
1725 2
1726 2
1727 3
1728 3
1729 3
1730 4
1731 4
1732 4
1733 5
1734 3
1735 4
1736 3
1737 3
1738 3
1739 4
1740 4
1741 6
1742 4
1743 5
1744 4
1745 4
1746 3
1747 4
1748 6
1749 6
1750 6
1751 6
1752 6
1753 8
1754 6
1755 5
1756 5
1757 3
1758 2
1759 2
1760 1
1761 2
1762 2
1763 0
1764 3
1765 4
1766 6
1767 4
1768 3
1769 2
1770 2
1771 4
1772 4
1773 4
1774 2
1775 3
1776 6
1777 7
1778 6
1779 8
1780 10
1781 10
1782 8
1783 7
1784 5
1785 6
1786 4
1787 3
1788 1
1789 4
1790 2
1791 3
1792 3
1793 3
1794 5
1795 4
1796 2
1797 3
1798 1
1799 4
1800 4
1801 6
1802 7
1803 6
1804 6
1805 6
1806 5
1807 6
1808 7
1809 7
1810 7
1811 7
1812 5
1813 4
1814 4
1815 5
1816 5
1817 7
1818 7
1819 11
1820 12
1821 10
1822 8
1823 7
1824 8
1825 7
1826 8
1827 10
1828 8
1829 9
1830 9
1831 8
1832 6
1833 5
1834 5
1835 5
1836 3
1837 1
1838 2
1839 2
1840 2
1841 2
1842 4
1843 4
1844 2
1845 3
1846 3
1847 1
1848 2
1849 4
1850 3
1851 3
1852 3
1853 5
1854 4
1855 3
1856 3
1857 1
1858 5
1859 3
1860 4
1861 4
1862 3
1863 2
1864 4
1865 1
1866 2
1867 3
1868 3
1869 2
1870 2
1871 1
1872 3
1873 2
1874 4
1875 5
1876 3
1877 4
1878 3
1879 4
1880 2
1881 4
1882 2
1883 3
1884 4
1885 5
1886 5
1887 4
1888 3
1889 2
1890 1
1891 2
1892 3
1893 4
1894 2
1895 5
1896 4
1897 3
1898 4
1899 3
1900 1
1901 4
1902 3
1903 4
1904 3
1905 2
1906 4
1907 4
1908 8
1909 6
1910 5
1911 5
1912 4
1913 5
1914 7
1915 6
1916 6
1917 6
1918 4
1919 4
1920 3
1921 1
1922 3
1923 5
1924 4
1925 3
1926 2
1927 3
1928 3
1929 4
1930 3
1931 3
1932 5
1933 3
1934 5
1935 7
1936 9
1937 7
1938 6
1939 8
1940 8
1941 7
1942 6
1943 6
1944 7
1945 6
1946 10
1947 10
1948 8
1949 11
1950 12
1951 10
1952 11
1953 10
1954 10
1955 11
1956 10
1957 12
1958 13
1959 14
1960 13
1961 14
1962 13
1963 11
1964 11
1965 14
1966 12
1967 14
1968 15
1969 12
1970 11
1971 13
1972 10
1973 9
1974 9
1975 8
1976 11
1977 13
1978 12
1979 11
1980 12
1981 12
1982 10
1983 11
1984 11
1985 9
1986 9
1987 8
1988 6
1989 6
1990 5
1991 7
1992 8
1993 5
1994 4
1995 2
1996 5
1997 5
1998 4
1999 4
2000 1
2001 5
2002 3
2003 2
2004 4
2005 3
2006 3
2007 2
2008 4
2009 3
2010 3
2011 2
2012 3
2013 1
2014 0
2015 2
2016 3
2017 1
2018 4
2019 3
2020 3
2021 1
2022 4
2023 3
2024 1
2025 3
2026 3
2027 2
2028 3
2029 3
2030 0
2031 4
2032 3
2033 3
2034 4
2035 1
2036 2
2037 2
2038 1
2039 5
2040 5
2041 6
2042 5
2043 2
2044 2
2045 1
2046 5
2047 4
2048 5
2049 4
2050 4
2051 2
2052 5
2053 3
2054 3
2055 1
2056 3
2057 2
2058 1
2059 3
2060 1
2061 3
2062 2
2063 4
2064 2
2065 2
2066 3
2067 5
2068 4
2069 5
2070 5
2071 5
2072 6
2073 8
2074 9
2075 10
2076 10
2077 10
2078 10
2079 12
2080 11
2081 10
2082 12
2083 13
2084 11
2085 12
2086 12
2087 11
2088 11
2089 11
2090 12
2091 15
2092 12
2093 15
2094 12
2095 14
2096 15
2097 12
2098 12
2099 13
2100 12
2101 13
2102 11
2103 11
2104 12
2105 13
2106 12
2107 13
2108 12
2109 11
2110 10
2111 14
2112 16
2113 13
2114 14
2115 13
2116 11
2117 13
2118 13
2119 12
2120 13
2121 13
2122 12
2123 12
2124 12
2125 13
2126 11
2127 11
2128 11
2129 12
2130 12
2131 11
2132 11
2133 12
2134 12
2135 10
2136 12
2137 11
2138 12
2139 12
2140 13
2141 13
2142 12
2143 12
2144 12
2145 10
2146 9
2147 8
2148 8
2149 11
2150 10
2151 12
2152 15
2153 12
2154 11
2155 10
2156 9
2157 8
2158 6
2159 5
2160 4
2161 3
2162 1
2163 2
2164 3
2165 1
2166 4
2167 3
2168 3
2169 4
2170 4
2171 4
2172 3
2173 4
2174 4
2175 3
2176 2
2177 4
2178 5
2179 7
2180 5
2181 6
2182 3
2183 2
2184 2
2185 2
2186 3
2187 3
2188 3
2189 1
2190 4
2191 5
2192 3
2193 4
2194 4
2195 3
2196 0
2197 2
2198 4
2199 2
2200 3
2201 2
2202 3
2203 3
2204 5
2205 4
2206 3
2207 5
2208 5
2209 4
2210 5
2211 4
2212 4
2213 5
2214 6
2215 6
2216 5
2217 8
2218 8
2219 8
2220 5
2221 5
2222 8
2223 10
2224 10
2225 10
2226 8
2227 7
2228 5
2229 6
2230 4
2231 3
2232 4
2233 3
2234 4
2235 5
2236 5
2237 6
2238 6
2239 4
2240 3
2241 1
2242 3
2243 3
2244 2
2245 5
2246 8
2247 7
2248 6
2249 6
2250 7
2251 4
2252 7
2253 9
2254 9
2255 10
2256 10
2257 11
2258 11
2259 11
2260 11
2261 12
2262 12
2263 13
2264 14
2265 15
2266 12
2267 10
2268 9
2269 8
2270 6
2271 7
2272 6
2273 6
2274 7
2275 7
2276 6
2277 5
2278 6
2279 5
2280 4
2281 4
2282 7
2283 8
2284 7
2285 7
2286 9
2287 7
2288 6
2289 6
2290 8
2291 9
2292 8
2293 9
2294 7
2295 6
2296 7
2297 8
2298 8
2299 6
2300 6
2301 8
2302 9
2303 7
2304 6
2305 4
2306 3
2307 0
2308 3
2309 4
2310 1
2311 3
2312 3
2313 5
2314 4
2315 3
2316 2
2317 4
2318 4
2319 4
2320 1
2321 4
2322 2
2323 0
2324 3
2325 2
2326 3
2327 2
2328 3
2329 2
2330 2
2331 1
2332 3
2333 3
2334 0
2335 3
2336 3
2337 6
2338 5
2339 6
2340 5
2341 4
2342 4
2343 3
2344 1
2345 3
2346 4
2347 3
2348 2
2349 4
2350 4
2351 3
2352 3
2353 2
2354 3
2355 3
2356 2
2357 4
2358 6
2359 6
2360 7
2361 6
2362 7
2363 8
2364 12
2365 12
2366 13
2367 14
2368 14
2369 12
2370 13
2371 16
2372 13
2373 16
2374 13
2375 12
2376 12
2377 12
2378 12
2379 14
2380 13
2381 14
2382 14
2383 13
2384 11
2385 9
2386 8
2387 6
2388 4
2389 2
2390 4
2391 3
2392 3
2393 4
2394 5
2395 6
2396 5
2397 7
2398 5
2399 2
2400 2
2401 0
2402 3
2403 1
2404 2
2405 1
2406 3
2407 2
2408 4
2409 2
2410 4
2411 4
2412 5
2413 3
2414 1
2415 2
2416 3
2417 4
2418 6
2419 8
2420 9
2421 10
2422 7
2423 6
2424 6
2425 4
2426 6
2427 8
2428 9
2429 10
2430 10
2431 9
2432 10
2433 11
2434 9
2435 8
2436 6
2437 8
2438 8
2439 8
2440 7
2441 7
2442 5
2443 4
2444 6
2445 7
2446 7
2447 6
2448 5
2449 4
2450 4
2451 5
2452 7
2453 7
2454 8
2455 8
2456 8
2457 10
2458 12
2459 15
2460 12
2461 12
2462 13
2463 15
2464 12
2465 11
2466 13
2467 12
2468 11
2469 10
2470 12
2471 14
2472 11
2473 11
2474 12
2475 10
2476 9
2477 11
2478 8
2479 7
2480 7
2481 5
2482 5
2483 6
2484 4
2485 4
2486 4
2487 3
2488 1
2489 2
2490 0
2491 3
2492 2
2493 4
2494 6
2495 6
2496 6
2497 6
2498 5
2499 6
2500 5
2501 4
2502 4
2503 4
2504 5
2505 3
2506 4
2507 6
2508 5
2509 5
2510 8
2511 9
2512 8
2513 8
2514 6
2515 6
2516 5
2517 6
2518 6
2519 5
2520 5
2521 4
2522 3
2523 1
2524 2
2525 2
2526 3
2527 1
2528 4
2529 3
2530 4
2531 4
2532 3
2533 5
2534 5
2535 2
2536 3
2537 2
2538 1
2539 6
2540 5
2541 4
2542 3
2543 4
2544 5
2545 5
2546 5
2547 3
2548 2
2549 3
2550 5
2551 4
2552 1
2553 3
2554 2
2555 1
2556 1
2557 2
2558 1
2559 4
2560 2
2561 1
2562 3
2563 5
2564 3
2565 5
2566 5
2567 2
2568 4
2569 5
2570 3
2571 5
2572 5
2573 2
2574 3
2575 2
2576 5
2577 3
2578 3
2579 2
2580 3
2581 4
2582 6
2583 8
2584 7
2585 5
2586 5
2587 5
2588 4
2589 3
2590 0
2591 1
2592 2
2593 4
2594 5
2595 7
2596 7
2597 6
2598 5
2599 5
2600 4
2601 6
2602 6
2603 7
2604 7
2605 5
2606 6
2607 6
2608 6
2609 4
2610 4
2611 6
2612 9
2613 6
2614 5
2615 4
2616 3
2617 2
2618 2
2619 2
2620 4
2621 3
2622 5
2623 6
2624 6
2625 8
2626 7
2627 8
2628 9
2629 11
2630 12
2631 9
2632 8
2633 8
2634 8
2635 9
2636 8
2637 7
2638 7
2639 5
2640 3
2641 1
2642 4
2643 4
2644 3
2645 2
2646 1
2647 3
2648 2
2649 4
2650 5
2651 7
2652 8
2653 8
2654 5
2655 5
2656 5
2657 6
2658 5
2659 4
2660 3
2661 1
2662 6
2663 5
2664 3
2665 2
2666 2
2667 2
2668 3
2669 3
2670 2
2671 4
2672 3
2673 3
2674 1
2675 1
2676 2
2677 3
2678 3
2679 2
2680 3
2681 1
2682 3
2683 3
2684 4
2685 6
2686 6
2687 6
2688 6
2689 5
2690 6
2691 7
2692 6
2693 5
2694 9
2695 10
2696 10
2697 11
2698 14
2699 15
2700 12
2701 13
2702 13
2703 11
2704 10
2705 8
2706 8
2707 6
2708 8
2709 8
2710 6
2711 6
2712 6
2713 8
2714 8
2715 7
2716 5
2717 7
2718 7
2719 6
2720 6
2721 4
2722 5
2723 4
2724 6
2725 6
2726 7
2727 5
2728 4
2729 5
2730 5
2731 4
2732 5
2733 6
2734 8
2735 9
2736 10
2737 9
2738 9
2739 10
2740 8
2741 11
2742 11
2743 11
2744 11
2745 12
2746 12
2747 11
2748 11
2749 13
2750 15
2751 12
2752 12
2753 10
2754 9
2755 11
2756 10
2757 9
2758 8
2759 6
2760 5
2761 5
2762 3
2763 2
2764 0
2765 3
2766 6
2767 5
2768 5
2769 4
2770 3
2771 4
2772 6
2773 9
2774 8
2775 6
2776 6
2777 5
2778 4
2779 2
2780 1
2781 0
2782 5
2783 5
2784 3
2785 3
2786 2
2787 1
2788 1
2789 1
2790 4
2791 4
2792 3
2793 5
2794 5
2795 2
2796 4
2797 7
2798 7
2799 8
2800 9
2801 12
2802 12
2803 10
2804 8
2805 8
2806 8
2807 6
2808 8
2809 10
2810 9
2811 8
2812 8
2813 7
2814 7
2815 8
2816 7
2817 6
2818 4
2819 4
2820 4
2821 4
2822 2
2823 3
2824 2
2825 1
2826 3
2827 5
2828 3
2829 2
2830 4
2831 4
2832 5
2833 4
2834 3
2835 3
2836 1
2837 4
2838 2
2839 1
2840 1
2841 2
2842 3
2843 1
2844 3
2845 3
2846 3
2847 1
2848 3
2849 3
2850 1
2851 3
2852 2
2853 2
2854 4
2855 4
2856 2
2857 4
2858 5
2859 8
2860 6
2861 6
2862 4
2863 2
2864 3
2865 0
2866 2
2867 6
2868 3
2869 0
2870 0
2871 2
2872 2
2873 1
2874 3
2875 1
2876 2
2877 2
2878 4
2879 3
2880 1
2881 1
2882 2
2883 3
2884 3
2885 4
2886 4
2887 3
2888 3
2889 3
2890 5
2891 5
2892 4
2893 4
2894 3
2895 2
2896 6
2897 4
2898 6
2899 5
2900 4
2901 4
2902 6
2903 7
2904 8
2905 8
2906 5
2907 5
2908 2
2909 4
2910 2
2911 0
2912 4
2913 2
2914 3
2915 3
2916 3
2917 4
2918 3
2919 2
2920 3
2921 4
2922 6
2923 7
2924 6
2925 5
2926 5
2927 5
2928 7
2929 6
2930 6
2931 6
2932 4
2933 2
2934 1
2935 4
2936 2
2937 2
2938 3
2939 3
2940 4
2941 6
2942 6
2943 4
2944 4
2945 5
2946 6
2947 5
2948 4
2949 3
2950 5
2951 8
2952 8
2953 8
2954 8
2955 5
2956 4
2957 5
2958 7
2959 8
2960 6
2961 5
2962 5
2963 7
2964 6
2965 5
2966 4
2967 4
2968 4
2969 3
2970 3
2971 3
2972 1
2973 6
2974 4
2975 3
2976 3
2977 3
2978 1
2979 4
2980 4
2981 2
2982 1
2983 4
2984 4
2985 3
2986 3
2987 1
2988 2
2989 5
2990 2
2991 7
2992 5
2993 8
2994 6
2995 8
2996 11
2997 8
2998 10
2999 11
3000 12
3001 11
3002 13
3003 14
3004 12
3005 12
3006 13
3007 13
3008 11
3009 9
3010 9
3011 8
3012 8
3013 9
3014 9
3015 8
3016 11
3017 10
3018 7
3019 5
3020 4
3021 3
3022 2
3023 3
3024 2
3025 1
3026 3
3027 6
3028 3
3029 2
3030 2
3031 3
3032 5
3033 4
3034 4
3035 3
3036 3
3037 1
3038 4
3039 4
3040 5
3041 6
3042 6
3043 7
3044 8
3045 10
3046 9
3047 7
3048 6
3049 5
3050 4
3051 5
3052 4
3053 2
3054 2
3055 2
3056 3
3057 1
3058 3
3059 3
3060 0
3061 2
3062 2
3063 3
3064 0
3065 2
3066 1
3067 1
3068 4
3069 2
3070 2
3071 3
3072 4
3073 3
3074 3
3075 3
3076 4
3077 4
3078 2
3079 3
3080 3
3081 3
3082 2
3083 2
3084 1
3085 4
3086 3
3087 1
3088 4
3089 3
3090 3
3091 2
3092 1
3093 2
3094 3
3095 2
3096 2
3097 3
3098 5
3099 4
3100 5
3101 3
3102 2
3103 4
3104 2
3105 3
3106 1
3107 1
3108 5
3109 7
3110 9
3111 10
3112 10
3113 9
3114 10
3115 8
3116 8
3117 9
3118 10
3119 10
3120 10
3121 9
3122 9
3123 10
3124 8
3125 7
3126 6
3127 4
3128 3
3129 2
3130 1
3131 3
3132 2
3133 1
3134 4
3135 5
3136 2
3137 3
3138 3
3139 4
3140 2
3141 1
3142 3
3143 2
3144 2
3145 1
3146 3
3147 0
3148 3
3149 1
3150 3
3151 4
3152 6
3153 6
3154 9
3155 7
3156 4
3157 5
3158 4
3159 5
3160 3
3161 1
3162 3
3163 1
3164 4
3165 5
3166 4
3167 4
3168 3
3169 6
3170 7
3171 7
3172 8
3173 9
3174 7
3175 7
3176 7
3177 8
3178 7
3179 5
3180 6
3181 5
3182 4
3183 4
3184 5
3185 3
3186 3
3187 2
3188 3
3189 1
3190 1
3191 3
3192 3
3193 5
3194 4
3195 6
3196 5
3197 6
3198 5
3199 5
3200 4
3201 3
3202 1
3203 3
3204 3
3205 3
3206 3
3207 5
3208 5
3209 3
3210 3
3211 1
3212 0
3213 2
3214 4
3215 3
3216 3
3217 3
3218 4
3219 1
3220 5
3221 3
3222 4
3223 2
3224 4
3225 5
3226 3
3227 3
3228 3
3229 4
3230 3
3231 1
3232 3
3233 2
3234 3
3235 3
3236 2
3237 2
3238 3
3239 4
3240 1
3241 3
3242 4
3243 5
3244 7
3245 6
3246 3
3247 2
3248 3
3249 3
3250 3
3251 1
3252 5
3253 4
3254 5
3255 6
3256 8
3257 10
3258 9
3259 8
3260 9
3261 10
3262 9
3263 11
3264 10
3265 12
3266 13
3267 14
3268 12
3269 12
3270 12
3271 10
3272 9
3273 9
3274 9
3275 8
3276 8
3277 8
3278 6
3279 7
3280 7
3281 8
3282 7
3283 8
3284 10
3285 10
3286 9
3287 9
3288 8
3289 9
3290 7
3291 9
3292 7
3293 7
3294 5
3295 4
3296 2
3297 3
3298 2
3299 2
3300 5
3301 4
3302 5
3303 4
3304 4
3305 2
3306 3
3307 4
3308 4
3309 2
3310 1
3311 2
3312 5
3313 2
3314 4
3315 4
3316 3
3317 4
3318 3
3319 2
3320 4
3321 2
3322 6
3323 7
3324 6
3325 7
3326 8
3327 7
3328 7
3329 8
3330 7
3331 7
3332 7
3333 6
3334 7
3335 7
3336 6
3337 5
3338 5
3339 5
3340 4
3341 3
3342 4
3343 5
3344 4
3345 6
3346 3
3347 6
3348 3
3349 6
3350 6
3351 5
3352 4
3353 3
3354 3
3355 4
3356 4
3357 5
3358 3
3359 3
3360 3
3361 3
3362 4
3363 3
3364 3
3365 2
3366 2
3367 1
3368 2
3369 4
3370 2
3371 3
3372 7
3373 5
3374 5
3375 4
3376 4
3377 4
3378 2
3379 2
3380 6
3381 5
3382 8
3383 11
3384 11
3385 10
3386 9
3387 9
3388 10
3389 8
3390 10
3391 8
3392 9
3393 9
3394 10
3395 9
3396 8
3397 9
3398 9
3399 10
3400 8
3401 6
3402 6
3403 5
3404 6
3405 7
3406 10
3407 10
3408 9
3409 8
3410 8
3411 5
3412 5
3413 6
3414 9
3415 8
3416 10
3417 9
3418 10
3419 9
3420 10
3421 11
3422 10
3423 10
3424 11
3425 11
3426 11
3427 11
3428 11
3429 11
3430 12
3431 15
3432 12
3433 12
3434 14
3435 14
3436 14
3437 14
3438 14
3439 16
3440 13
3441 15
3442 12
3443 12
3444 13
3445 11
3446 15
3447 12
3448 13
3449 13
3450 13
3451 11
3452 12
3453 10
3454 9
3455 7
3456 7
3457 8
3458 7
3459 6
3460 7
3461 7
3462 7
3463 4
3464 5
3465 6
3466 5
3467 3
3468 4
3469 3
3470 3
3471 0
3472 2
3473 2
3474 3
3475 3
3476 2
3477 2
3478 2
3479 2
3480 2
3481 1
3482 2
3483 1
3484 3
3485 2
3486 2
3487 5
3488 4
3489 5
3490 5
3491 4
3492 4
3493 5
3494 3
3495 3
3496 3
3497 3
3498 3
3499 4
3500 3
3501 3
3502 3
3503 2
3504 2
3505 2
3506 1
3507 4
3508 4
3509 4
3510 3
3511 3
3512 1
3513 4
3514 2
3515 7
3516 5
3517 4
3518 4
3519 4
3520 4
3521 3
3522 3
3523 2
3524 1
3525 4
3526 3
3527 3
3528 4
3529 4
3530 3
3531 3
3532 1
3533 4
3534 4
3535 4
3536 5
3537 2
3538 3
3539 7
3540 6
3541 7
3542 7
3543 5
3544 6
3545 4
3546 2
3547 4
3548 4
3549 3
3550 4
3551 4
3552 3
3553 4
3554 5
3555 4
3556 3
3557 4
3558 4
3559 4
3560 3
3561 2
3562 2
3563 3
3564 1
3565 2
3566 2
3567 2
3568 3
3569 3
3570 2
3571 1
3572 4
3573 4
3574 3
3575 5
3576 5
3577 7
3578 8
3579 9
3580 10
3581 9
3582 10
3583 11
3584 9
3585 8
3586 8
3587 8
3588 8
3589 9
3590 9
3591 6
3592 7
3593 7
3594 7
3595 4
3596 3
3597 2
3598 4
3599 2
3600 0
3601 3
3602 3
3603 3
3604 4
3605 3
3606 5
3607 5
3608 4
3609 3
3610 1
3611 3
3612 4
3613 6
3614 5
3615 4
3616 4
3617 3
3618 6
3619 7
3620 6
3621 8
3622 7
3623 8
3624 9
3625 7
3626 7
3627 7
3628 4
3629 4
3630 4
3631 3
3632 5
3633 7
3634 6
3635 5
3636 6
3637 3
3638 3
3639 2
3640 5
3641 4
3642 2
3643 2
3644 2
3645 5
3646 6
3647 7
3648 7
3649 10
3650 10
3651 11
3652 8
3653 8
3654 6
3655 6
3656 7
3657 7
3658 8
3659 7
3660 6
3661 7
3662 6
3663 5
3664 7
3665 7
3666 9
3667 8
3668 8
3669 9
3670 11
3671 11
3672 9
3673 9
3674 11
3675 9
3676 6
3677 6
3678 6
3679 4
3680 3
3681 6
3682 4
3683 1
3684 1
3685 6
3686 5
3687 5
3688 3
3689 1
3690 3
3691 0
3692 3
3693 3
3694 1
3695 3
3696 3
3697 2
3698 3
3699 3
3700 3
3701 4
3702 5
3703 4
3704 3
3705 2
3706 3
3707 2
3708 2
3709 1
3710 4
3711 4
3712 2
3713 2
3714 3
3715 3
3716 2
3717 4
3718 5
3719 5
3720 4
3721 3
3722 3
3723 0
3724 6
3725 4
3726 5
3727 6
3728 3
3729 5
3730 4
3731 4
3732 2
3733 2
3734 2
3735 6
3736 4
3737 3
3738 5
3739 3
3740 5
3741 5
3742 6
3743 5
3744 7
3745 4
3746 4
3747 5
3748 7
3749 8
3750 6
3751 5
3752 5
3753 3
3754 3
3755 3
3756 4
3757 3
3758 5
3759 4
3760 2
3761 5
3762 6
3763 9
3764 9
3765 10
3766 11
3767 11
3768 10
3769 12
3770 15
3771 12
3772 12
3773 10
3774 10
3775 9
3776 9
3777 8
3778 8
3779 7
3780 6
3781 5
3782 4
3783 3
3784 3
3785 3
3786 2
3787 3
3788 3
3789 3
3790 4
3791 7
3792 6
3793 4
3794 5
3795 4
3796 5
3797 6
3798 8
3799 5
3800 8
3801 9
3802 8
3803 11
3804 13
3805 15
3806 12
3807 10
3808 10
3809 9
3810 12
3811 13
3812 14
3813 15
3814 12
3815 11
3816 10
3817 10
3818 10
3819 9
3820 12
3821 12
3822 10
3823 11
3824 11
3825 12
3826 12
3827 12
3828 12
3829 12
3830 11
3831 12
3832 12
3833 10
3834 12
3835 13
3836 13
3837 12
3838 12
3839 13
3840 13
3841 11
3842 14
3843 12
3844 11
3845 11
3846 10
3847 9
3848 11
3849 12
3850 12
3851 12
3852 10
3853 8
3854 7
3855 6
3856 8
3857 7
3858 7
3859 4
3860 4
3861 3
3862 2
3863 2
3864 0
3865 3
3866 0
3867 1
3868 5
3869 6
3870 4
3871 6
3872 5
3873 5
3874 6
3875 5
3876 4
3877 6
3878 3
3879 2
3880 3
3881 4
3882 3
3883 2
3884 3
3885 1
3886 2
3887 3
3888 4
3889 5
3890 4
3891 4
3892 4
3893 1
3894 2
3895 2
3896 1
3897 3
3898 2
3899 3
3900 4
3901 5
3902 4
3903 3
3904 1
3905 3
3906 4
3907 3
3908 3
3909 4
3910 4
3911 3
3912 4
3913 2
3914 3
3915 3
3916 4
3917 3
3918 0
3919 4
3920 5
3921 4
3922 3
3923 3
3924 3
3925 3
3926 2
3927 2
3928 2
3929 2
3930 1
3931 0
3932 1
3933 3
3934 1
3935 5
3936 5
3937 4
3938 4
3939 3
3940 1
3941 3
3942 2
3943 1
3944 2
3945 3
3946 2
3947 3
3948 4
3949 5
3950 5
3951 4
3952 1
3953 6
3954 5
3955 7
3956 7
3957 6
3958 4
3959 2
3960 3
3961 4
3962 3
3963 2
3964 3
3965 5
3966 4
3967 2
3968 7
3969 8
3970 7
3971 8
3972 5
3973 5
3974 2
3975 4
3976 6
3977 5
3978 6
3979 5
3980 6
3981 4
3982 5
3983 5
3984 3
3985 0
3986 3
3987 2
3988 3
3989 1
3990 1
3991 0
3992 5
3993 5
3994 5
3995 4
3996 4
3997 5
3998 6
3999 5
4000 4
4001 2
4002 3
4003 2
4004 0
4005 5
4006 5
4007 5
4008 4
4009 3
4010 1
4011 3
4012 3
4013 2
4014 4
4015 3
4016 3
4017 3
4018 2
4019 4
4020 6
4021 5
4022 3
4023 3
4024 5
4025 8
4026 7
4027 5
4028 4
4029 5
4030 4
4031 3
4032 3
4033 2
4034 6
4035 4
4036 2
4037 3
4038 3
4039 1
4040 0
4041 4
4042 2
4043 4
4044 5
4045 5
4046 5
4047 5
4048 4
4049 2
4050 3
4051 3
4052 3
4053 4
4054 3
4055 3
4056 5
4057 6
4058 6
4059 6
4060 8
4061 8
4062 8
4063 9
4064 10
4065 9
4066 9
4067 7
4068 8
4069 7
4070 11
4071 12
4072 11
4073 9
4074 8
4075 7
4076 11
4077 11
4078 12
4079 11
4080 13
4081 15
4082 12
4083 13
4084 14
4085 14
4086 14
4087 14
4088 17
4089 14
4090 14
4091 16
4092 13
4093 12
4094 11
4095 12
4096 12
4097 10
4098 8
4099 7
4100 5
4101 6
4102 4
4103 2
4104 2
4105 3
4106 7
4107 8
4108 7
4109 7
4110 9
4111 9
4112 10
4113 10
4114 9
4115 8
4116 6
4117 4
4118 3
4119 2
4120 1
4121 7
4122 7
4123 4
4124 5
4125 5
4126 8
4127 7
4128 9
4129 8
4130 9
4131 7
4132 6
4133 7
4134 8
4135 8
4136 7
4137 7
4138 5
4139 7
4140 10
4141 9
4142 9
4143 9
4144 9
4145 11
4146 11
4147 11
4148 11
4149 10
4150 10
4151 7
4152 5
4153 6
4154 6
4155 5
4156 3
4157 1
4158 1
4159 1
4160 3
4161 7
4162 7
4163 4
4164 3
4165 2
4166 5
4167 3
4168 2
4169 3
4170 3
4171 2
4172 4
4173 3
4174 3
4175 3
4176 2
4177 3
4178 3
4179 1
4180 3
4181 3
4182 7
4183 7
4184 7
4185 8
4186 8
4187 6
4188 7
4189 7
4190 5
4191 9
4192 9
4193 11
4194 9
4195 7
4196 5
4197 4
4198 3
4199 1
4200 3
4201 2
4202 0
4203 1
4204 1
4205 2
4206 3
4207 1
4208 0
4209 4
4210 3
4211 0
4212 5
4213 5
4214 5
4215 5
4216 6
4217 6
4218 4
4219 4
4220 5
4221 8
4222 10
4223 10
4224 11
4225 9
4226 10
4227 9
4228 8
4229 8
4230 10
4231 10
4232 10
4233 8
4234 8
4235 8
4236 8
4237 8
4238 7
4239 5
4240 4
4241 4
4242 5
4243 5
4244 3
4245 5
4246 3
4247 0
4248 4
4249 3
4250 1
4251 1
4252 4
4253 4
4254 5
4255 3
4256 2
4257 1
4258 2
4259 3
4260 3
4261 3
4262 3
4263 2
4264 3
4265 5
4266 3
4267 2
4268 5
4269 7
4270 5
4271 8
4272 7
4273 5
4274 5
4275 8
4276 8
4277 9
4278 8
4279 11
4280 10
4281 9
4282 6
4283 6
4284 10
4285 9
4286 9
4287 8
4288 7
4289 7
4290 4
4291 5
4292 6
4293 4
4294 6
4295 5
4296 6
4297 5
4298 3
4299 3
4300 5
4301 3
4302 2
4303 4
4304 3
4305 2
4306 3
4307 4
4308 4
4309 3
4310 1
4311 1
4312 3
4313 3
4314 5
4315 6
4316 6
4317 6
4318 6
4319 7
4320 7
4321 6
4322 7
4323 7
4324 9
4325 8
4326 9
4327 8
4328 6
4329 6
4330 10
4331 11
4332 11
4333 10
4334 11
4335 12
4336 13
4337 13
4338 13
4339 13
4340 14
4341 16
4342 13
4343 14
4344 11
4345 11
4346 10
4347 12
4348 13
4349 16
4350 13
4351 14
4352 14
4353 15
4354 12
4355 11
4356 14
4357 13
4358 13
4359 15
4360 12
4361 12
4362 10
4363 12
4364 14
4365 12
4366 13
4367 12
4368 10
4369 10
4370 9
4371 10
4372 10
4373 11
4374 10
4375 10
4376 8
4377 7
4378 7
4379 6
4380 8
4381 6
4382 6
4383 8
4384 8
4385 7
4386 5
4387 7
4388 7
4389 7
4390 9
4391 7
4392 7
4393 6
4394 4
4395 5
4396 3
4397 2
4398 5
4399 3
4400 0
4401 3
4402 4
4403 5
4404 6
4405 7
4406 6
4407 3
4408 3
4409 2
4410 2
4411 3
4412 1
4413 3
4414 3
4415 4
4416 4
4417 2
4418 4
4419 2
4420 2
4421 3
4422 4
4423 4
4424 5
4425 5
4426 3
4427 4
4428 3
4429 0
4430 3
4431 4
4432 3
4433 0
4434 1
4435 0
4436 3
4437 5
4438 5
4439 4
4440 3
4441 3
4442 3
4443 2
4444 1
4445 3
4446 4
4447 1
4448 0
4449 5
4450 3
4451 0
4452 0
4453 3
4454 3
4455 5
4456 6
4457 4
4458 5
4459 7
4460 5
4461 4
4462 2
4463 3
4464 4
4465 5
4466 5
4467 4
4468 4
4469 5
4470 4
4471 2
4472 3
4473 2
4474 1
4475 3
4476 4
4477 5
4478 3
4479 3
4480 5
4481 4
4482 2
4483 1
4484 2
4485 0
4486 3
4487 3
4488 3
4489 3
4490 5
4491 6
4492 4
4493 2
4494 2
4495 3
4496 6
4497 6
4498 5
4499 3
4500 1
4501 5
4502 4
4503 4
4504 5
4505 6
4506 7
4507 4
4508 5
4509 3
4510 5
4511 6
4512 6
4513 8
4514 6
4515 5
4516 6
4517 6
4518 4
4519 4
4520 4
4521 4
4522 5
4523 4
4524 5
4525 4
4526 2
4527 4
4528 4
4529 3
4530 2
4531 2
4532 1
4533 6
4534 6
4535 8
4536 8
4537 9
4538 8
4539 9
4540 12
4541 11
4542 11
4543 10
4544 9
4545 10
4546 9
4547 8
4548 8
4549 7
4550 8
4551 8
4552 9
4553 8
4554 7
4555 7
4556 7
4557 10
4558 10
4559 8
4560 9
4561 10
4562 10
4563 10
4564 9
4565 8
4566 9
4567 10
4568 7
4569 7
4570 7
4571 6
4572 5
4573 7
4574 6
4575 6
4576 6
4577 7
4578 9
4579 9
4580 11
4581 10
4582 12
4583 11
4584 11
4585 9
4586 10
4587 9
4588 9
4589 7
4590 4
4591 2
4592 3
4593 0
4594 4
4595 3
4596 2
4597 0
4598 2
4599 2
4600 2
4601 0
4602 1
4603 4
4604 5
4605 4
4606 5
4607 7
4608 5
4609 6
4610 6
4611 5
4612 5
4613 5
4614 4
4615 2
4616 4
4617 4
4618 5
4619 3
4620 5
4621 4
4622 3
4623 2
4624 1
4625 3
4626 0
4627 2
4628 3
4629 2
4630 2
4631 3
4632 3
4633 2
4634 7
4635 8
4636 6
4637 7
4638 6
4639 5
4640 7
4641 6
4642 5
4643 4
4644 3
4645 2
4646 2
4647 2
4648 4
4649 1
4650 4
4651 3
4652 3
4653 3
4654 2
4655 2
4656 4
4657 4
4658 3
4659 2
4660 4
4661 3
4662 3
4663 1
4664 3
4665 4
4666 6
4667 4
4668 4
4669 4
4670 4
4671 4
4672 5
4673 7
4674 7
4675 6
4676 8
4677 9
4678 7
4679 5
4680 7
4681 8
4682 10
4683 10
4684 9
4685 11
4686 12
4687 11
4688 10
4689 10
4690 10
4691 8
4692 7
4693 5
4694 5
4695 4
4696 2
4697 3
4698 5
4699 6
4700 7
4701 6
4702 4
4703 5
4704 5
4705 5
4706 4
4707 1
4708 2
4709 2
4710 1
4711 3
4712 3
4713 2
4714 5
4715 2
4716 3
4717 3
4718 2
4719 4
4720 3
4721 2
4722 2
4723 2
4724 3
4725 3
4726 0
4727 4
4728 3
4729 5
4730 7
4731 5
4732 7
4733 6
4734 6
4735 7
4736 7
4737 8
4738 7
4739 6
4740 5
4741 5
4742 7
4743 7
4744 11
4745 11
4746 10
4747 10
4748 8
4749 8
4750 9
4751 8
4752 8
4753 7
4754 7
4755 5
4756 5
4757 2
4758 2
4759 1
4760 2
4761 3
4762 3
4763 1
4764 1
4765 4
4766 2
4767 1
4768 1
4769 3
4770 5
4771 5
4772 6
4773 7
4774 7
4775 7
4776 8
4777 7
4778 6
4779 6
4780 8
4781 9
4782 8
4783 7
4784 6
4785 7
4786 6
4787 6
4788 6
4789 5
4790 3
4791 3
4792 3
4793 2
4794 2
4795 1
4796 2
4797 5
4798 4
4799 3
4800 2
4801 2
4802 4
4803 3
4804 3
4805 4
4806 3
4807 2
4808 4
4809 5
4810 4
4811 4
4812 3
4813 3
4814 0
4815 1
4816 4
4817 5
4818 6
4819 6
4820 4
4821 5
4822 7
4823 8
4824 6
4825 7
4826 6
4827 5
4828 5
4829 4
4830 3
4831 2
4832 5
4833 4
4834 3
4835 3
4836 2
4837 4
4838 3
4839 3
4840 4
4841 4
4842 5
4843 4
4844 2
4845 0
4846 2
4847 2
4848 2
4849 5
4850 2
4851 2
4852 2
4853 2
4854 5
4855 5
4856 4
4857 4
4858 1
4859 4
4860 1
4861 1
4862 2
4863 6
4864 9
4865 11
4866 11
4867 13
4868 12
4869 11
4870 10
4871 8
4872 8
4873 7
4874 9
4875 10
4876 10
4877 10
4878 10
4879 9
4880 9
4881 9
4882 8
4883 8
4884 11
4885 10
4886 12
4887 13
4888 14
4889 14
4890 16
4891 13
4892 13
4893 13
4894 12
4895 13
4896 14
4897 13
4898 15
4899 12
4900 10
4901 12
4902 11
4903 11
4904 10
4905 11
4906 10
4907 8
4908 5
4909 5
4910 6
4911 3
4912 4
4913 2
4914 5
4915 6
4916 4
4917 7
4918 8
4919 7
4920 7
4921 6
4922 8
4923 7
4924 5
4925 4
4926 3
4927 2
4928 3
4929 1
4930 3
4931 4
4932 4
4933 2
4934 3
4935 3
4936 2
4937 4
4938 3
4939 4
4940 4
4941 3
4942 3
4943 1
4944 4
4945 2
4946 4
4947 1
4948 2
4949 3
4950 3
4951 3
4952 3
4953 3
4954 1
4955 6
4956 5
4957 8
4958 8
4959 9
4960 8
4961 7
4962 9
4963 7
4964 7
4965 8
4966 7
4967 6
4968 5
4969 3
4970 2
4971 4
4972 4
4973 5
4974 6
4975 5
4976 4
4977 5
4978 5
4979 4
4980 4
4981 1
4982 0
4983 1
4984 1
4985 1
4986 4
4987 3
4988 3
4989 6
4990 4
4991 4
4992 3
4993 4
4994 5
4995 5
4996 4
4997 5
4998 6
4999 8
5000 8
5001 10
5002 12
5003 12
5004 13
5005 15
5006 12
5007 14
5008 15
5009 12
5010 11
5011 11
5012 10
5013 9
5014 10
5015 11
5016 11
5017 10
5018 10
5019 10
5020 10
5021 11
5022 12
5023 9
5024 7
5025 6
5026 8
5027 9
5028 10
5029 10
5030 8
5031 7
5032 6
5033 7
5034 6
5035 5
5036 4
5037 4
5038 5
5039 6
5040 5
5041 3
5042 6
5043 7
5044 9
5045 10
5046 11
5047 13
5048 11
5049 13
5050 12
5051 11
5052 12
5053 11
5054 10
5055 10
5056 13
5057 14
5058 15
5059 12
5060 13
5061 12
5062 11
5063 10
5064 10
5065 11
5066 11
5067 10
5068 10
5069 12
5070 16
5071 13
5072 11
5073 10
5074 8
5075 7
5076 8
5077 8
5078 7
5079 7
5080 7
5081 5
5082 4
5083 4
5084 3
5085 3
5086 5
5087 4
5088 3
5089 1
5090 1
5091 0
5092 3
5093 4
5094 6
5095 6
5096 4
5097 2
5098 3
5099 3
5100 2
5101 3
5102 3
5103 1
5104 4
5105 2
5106 0
5107 2
5108 3
5109 1
5110 0
5111 2
5112 2
5113 1
5114 2
5115 2
5116 2
5117 4
5118 2
5119 1
5120 1
5121 2
5122 2
5123 2
5124 0
5125 1
5126 3
5127 3
5128 3
5129 4
5130 2
5131 4
5132 2
5133 0
5134 3
5135 2
5136 6
5137 5
5138 2
5139 3
5140 5
5141 8
5142 10
5143 8
5144 8
5145 8
5146 8
5147 10
5148 10
5149 11
5150 11
5151 13
5152 11
5153 10
5154 10
5155 10
5156 10
5157 11
5158 12
5159 12
5160 12
5161 11
5162 9
5163 7
5164 7
5165 6
5166 7
5167 8
5168 9
5169 8
5170 7
5171 6
5172 7
5173 6
5174 7
5175 6
5176 7
5177 9
5178 7
5179 8
5180 8
5181 6
5182 5
5183 5
5184 8
5185 7
5186 7
5187 7
5188 10
5189 9
5190 8
5191 7
5192 7
5193 7
5194 8
5195 7
5196 7
5197 9
5198 9
5199 8
5200 6
5201 7
5202 6
5203 4
5204 7
5205 9
5206 10
5207 10
5208 10
5209 8
5210 8
5211 12
5212 12
5213 10
5214 11
5215 10
5216 9
5217 7
5218 10
5219 11
5220 13
5221 12
5222 12
5223 10
5224 8
5225 5
5226 7
5227 8
5228 7
5229 7
5230 4
5231 4
5232 6
5233 6
5234 9
5235 8
5236 7
5237 7
5238 6
5239 5
5240 6
5241 8
5242 9
5243 6
5244 5
5245 7
5246 10
5247 9
5248 10
5249 11
5250 13
5251 11
5252 10
5253 12
5254 11
5255 12
5256 11
5257 8
5258 6
5259 8
5260 7
5261 7
5262 6
5263 7
5264 7
5265 9
5266 11
5267 11
5268 10
5269 10
5270 11
5271 12
5272 12
5273 10
5274 9
5275 8
5276 9
5277 9
5278 9
5279 6
5280 3
5281 4
5282 3
5283 1
5284 3
5285 6
5286 5
5287 5
5288 4
5289 5
5290 5
5291 5
5292 2
5293 2
5294 3
5295 4
5296 4
5297 8
5298 8
5299 7
5300 9
5301 11
5302 10
5303 9
5304 10
5305 10
5306 9
5307 9
5308 9
5309 8
5310 6
5311 7
5312 4
5313 4
5314 1
5315 3
5316 3
5317 4
5318 3
5319 2
5320 5
5321 7
5322 6
5323 7
5324 8
5325 5
5326 5
5327 4
5328 4
5329 5
5330 5
5331 6
5332 4
5333 8
5334 10
5335 10
5336 8
5337 9
5338 10
5339 10
5340 10
5341 10
5342 7
5343 6
5344 6
5345 3
5346 2
5347 5
5348 4
5349 2
5350 6
5351 4
5352 4
5353 4
5354 5
5355 6
5356 6
5357 8
5358 9
5359 10
5360 9
5361 7
5362 6
5363 7
5364 8
5365 7
5366 7
5367 9
5368 6
5369 6
5370 7
5371 7
5372 5
5373 3
5374 4
5375 2
5376 2
5377 5
5378 5
5379 6
5380 9
5381 9
5382 7
5383 10
5384 10
5385 11
5386 10
5387 10
5388 10
5389 10
5390 9
5391 8
5392 9
5393 7
5394 9
5395 8
5396 11
5397 10
5398 9
5399 8
5400 6
5401 5
5402 5
5403 4
5404 3
5405 2
5406 4
5407 3
5408 3
5409 2
5410 4
5411 3
5412 4
5413 5
5414 8
5415 9
5416 8
5417 9
5418 9
5419 7
5420 5
5421 7
5422 5
5423 3
5424 2
5425 5
5426 4
5427 4
5428 5
5429 2
5430 3
5431 4
5432 2
5433 5
5434 4
5435 6
5436 7
5437 5
5438 2
5439 3
5440 2
5441 2
5442 3
5443 3
5444 5
5445 4
5446 3
5447 3
5448 1
5449 3
5450 5
5451 4
5452 4
5453 3
5454 3
5455 1
5456 6
5457 6
5458 5
5459 6
5460 6
5461 5
5462 2
5463 5
5464 5
5465 4
5466 3
5467 2
5468 3
5469 2
5470 1
5471 2
5472 2
5473 1
5474 3
5475 3
5476 2
5477 2
5478 2
5479 3
5480 2
5481 5
5482 2
5483 2
5484 2
5485 1
5486 1
5487 5
5488 6
5489 6
5490 7
5491 6
5492 6
5493 6
5494 7
5495 5
5496 4
5497 4
5498 2
5499 3
5500 3
5501 4
5502 4
5503 3
5504 2
5505 3
5506 2
5507 2
5508 2
5509 4
5510 4
5511 6
5512 4
5513 3
5514 1
5515 3
5516 2
5517 2
5518 4
5519 2
5520 2
5521 5
5522 5
5523 6
5524 7
5525 7
5526 9
5527 9
5528 9
5529 10
5530 12
5531 11
5532 11
5533 9
5534 9
5535 10
5536 7
5537 7
5538 9
5539 9
5540 7
5541 8
5542 8
5543 10
5544 9
5545 11
5546 11
5547 9
5548 8
5549 7
5550 4
5551 3
5552 2
5553 3
5554 1
5555 2
5556 4
5557 4
5558 1
5559 5
5560 6
5561 5
5562 5
5563 5
5564 3
5565 3
5566 2
5567 1
5568 2
5569 2
5570 7
5571 10
5572 11
5573 10
5574 10
5575 8
5576 8
5577 10
5578 9
5579 9
5580 9
5581 8
5582 8
5583 6
5584 6
5585 5
5586 4
5587 5
5588 2
5589 3
5590 4
5591 3
5592 4
5593 6
5594 4
5595 3
5596 0
5597 3
5598 2
5599 6
5600 6
5601 4
5602 1
5603 3
5604 3
5605 2
5606 4
5607 4
5608 6
5609 6
5610 5
5611 4
5612 5
5613 3
5614 1
5615 2
5616 2
5617 1
5618 4
5619 6
5620 4
5621 5
5622 4
5623 4
5624 4
5625 3
5626 3
5627 2
5628 2
5629 4
5630 4
5631 6
5632 5
5633 4
5634 2
5635 3
5636 3
5637 3
5638 2
5639 5
5640 6
5641 4
5642 6
5643 9
5644 8
5645 7
5646 7
5647 6
5648 6
5649 6
5650 4
5651 3
5652 2
5653 2
5654 5
5655 5
5656 5
5657 5
5658 3
5659 3
5660 4
5661 4
5662 3
5663 2
5664 3
5665 3
5666 1
5667 4
5668 4
5669 7
5670 6
5671 3
5672 2
5673 2
5674 2
5675 2
5676 4
5677 3
5678 2
5679 4
5680 4
5681 5
5682 5
5683 5
5684 3
5685 3
5686 2
5687 0
5688 5
5689 5
5690 2
5691 2
5692 3
5693 3
5694 7
5695 6
5696 4
5697 4
5698 4
5699 6
5700 6
5701 5
5702 4
5703 5
5704 8
5705 10
5706 7
5707 4
5708 5
5709 5
5710 5
5711 3
5712 4
5713 7
5714 8
5715 7
5716 8
5717 9
5718 9
5719 9
5720 7
5721 9
5722 7
5723 6
5724 4
5725 4
5726 4
5727 4
5728 4
5729 3
5730 4
5731 3
5732 2
5733 2
5734 5
5735 4
5736 5
5737 3
5738 1
5739 2
5740 3
5741 4
5742 4
5743 4
5744 6
5745 6
5746 3
5747 3
5748 4
5749 3
5750 4
5751 2
5752 2
5753 2
5754 2
5755 0
5756 4
5757 5
5758 4
5759 3
5760 1
5761 2
5762 3
5763 3
5764 4
5765 3
5766 1
5767 2
5768 4
5769 4
5770 6
5771 4
5772 4
5773 4
5774 3
5775 4
5776 1
5777 5
5778 5
5779 6
5780 6
5781 5
5782 4
5783 4
5784 5
5785 7
5786 8
5787 10
5788 10
5789 12
5790 14
5791 14
5792 13
5793 11
5794 12
5795 13
5796 12
5797 11
5798 11
5799 13
5800 11
5801 10
5802 11
5803 11
5804 12
5805 11
5806 10
5807 11
5808 10
5809 8
5810 8
5811 7
5812 7
5813 8
5814 8
5815 8
5816 9
5817 9
5818 8
5819 9
5820 8
5821 11
5822 11
5823 10
5824 9
5825 11
5826 10
5827 11
5828 13
5829 15
5830 12
5831 11
5832 11
5833 10
5834 9
5835 7
5836 7
5837 6
5838 5
5839 7
5840 5
5841 7
5842 8
5843 9
5844 12
5845 13
5846 11
5847 11
5848 12
5849 10
5850 9
5851 8
5852 8
5853 8
5854 6
5855 6
5856 6
5857 4
5858 6
5859 8
5860 7
5861 5
5862 3
5863 3
5864 3
5865 2
5866 2
5867 3
5868 2
5869 4
5870 3
5871 2
5872 2
5873 5
5874 5
5875 4
5876 5
5877 2
5878 1
5879 3
5880 3
5881 2
5882 5
5883 3
5884 5
5885 4
5886 5
5887 7
5888 7
5889 6
5890 5
5891 8
5892 9
5893 7
5894 5
5895 4
5896 2
5897 0
5898 2
5899 4
5900 2
5901 0
5902 1
5903 2
5904 5
5905 7
5906 11
5907 11
5908 12
5909 13
5910 11
5911 11
5912 11
5913 11
5914 11
5915 13
5916 13
5917 13
5918 12
5919 12
5920 13
5921 13
5922 14
5923 14
5924 16
5925 13
5926 13
5927 11
5928 11
5929 9
5930 8
5931 9
5932 11
5933 10
5934 7
5935 5
5936 4
5937 4
5938 2
5939 4
5940 4
5941 5
5942 4
5943 2
5944 2
5945 4
5946 3
5947 3
5948 4
5949 6
5950 6
5951 5
5952 6
5953 5
5954 4
5955 4
5956 3
5957 1
5958 4
5959 2
5960 3
5961 2
5962 2
5963 1
5964 1
5965 3
5966 4
5967 4
5968 5
5969 5
5970 4
5971 4
5972 4
5973 1
5974 1
5975 3
5976 2
5977 4
5978 4
5979 3
5980 1
5981 2
5982 3
5983 3
5984 2
5985 2
5986 4
5987 8
5988 10
5989 10
5990 10
5991 9
5992 9
5993 8
5994 7
5995 5
5996 2
5997 2
5998 2
5999 5
6000 5
6001 4
6002 1
6003 2
6004 4
6005 4
6006 4
6007 6
6008 5
6009 5
6010 4
6011 6
6012 7
6013 7
6014 5
6015 3
6016 2
6017 1
6018 2
6019 2
6020 2
6021 1
6022 7
6023 7
6024 5
6025 4
6026 4
6027 3
6028 2
6029 2
6030 2
6031 3
6032 2
6033 4
6034 4
6035 4
6036 4
6037 5
6038 5
6039 4
6040 4
6041 3
6042 2
6043 5
6044 5
6045 5
6046 6
6047 4
6048 5
6049 8
6050 9
6051 10
6052 11
6053 13
6054 14
6055 15
6056 12
6057 10
6058 8
6059 8
6060 7
6061 7
6062 6
6063 8
6064 6
6065 4
6066 5
6067 6
6068 6
6069 7
6070 6
6071 4
6072 3
6073 1
6074 3
6075 2
6076 5
6077 5
6078 6
6079 6
6080 6
6081 5
6082 5
6083 5
6084 3
6085 2
6086 4
6087 5
6088 3
6089 6
6090 6
6091 6
6092 4
6093 3
6094 5
6095 4
6096 1
6097 2
6098 3
6099 2
6100 1
6101 2
6102 4
6103 3
6104 6
6105 5
6106 5
6107 4
6108 3
6109 0
6110 5
6111 5
6112 4
6113 4
6114 4
6115 4
6116 6
6117 5
6118 8
6119 8
6120 9
6121 9
6122 9
6123 9
6124 9
6125 11
6126 10
6127 8
6128 8
6129 9
6130 11
6131 9
6132 8
6133 10
6134 11
6135 10
6136 11
6137 11
6138 10
6139 10
6140 10
6141 9
6142 8
6143 10
6144 10
6145 8
6146 5
6147 4
6148 4
6149 5
6150 6
6151 6
6152 4
6153 4
6154 4
6155 3
6156 1
6157 2
6158 5
6159 3
6160 5
6161 4
6162 6
6163 5
6164 6
6165 5
6166 5
6167 4
6168 1
6169 2
6170 3
6171 6
6172 6
6173 5
6174 4
6175 3
6176 2
6177 3
6178 4
6179 2
6180 4
6181 4
6182 2
6183 4
6184 6
6185 8
6186 6
6187 7
6188 7
6189 7
6190 5
6191 4
6192 4
6193 3
6194 4
6195 4
6196 5
6197 6
6198 5
6199 5
6200 5
6201 3
6202 2
6203 0
6204 4
6205 4
6206 7
6207 6
6208 7
6209 5
6210 5
6211 5
6212 5
6213 3
6214 2
6215 0
6216 4
6217 5
6218 5
6219 6
6220 6
6221 4
6222 6
6223 9
6224 8
6225 9
6226 11
6227 10
6228 9
6229 9
6230 8
6231 8
6232 8
6233 7
6234 7
6235 6
6236 6
6237 4
6238 5
6239 4
6240 4
6241 3
6242 2
6243 4
6244 2
6245 5
6246 5
6247 4
6248 1
6249 2
6250 3
6251 1
6252 4
6253 1
6254 1
6255 1
6256 3
6257 3
6258 4
6259 4
6260 4
6261 5
6262 4
6263 5
6264 4
6265 2
6266 3
6267 1
6268 5
6269 2
6270 4
6271 3
6272 2
6273 1
6274 2
6275 1
6276 5
6277 7
6278 9
6279 11
6280 11
6281 12
6282 12
6283 10
6284 9
6285 8
6286 8
6287 8
6288 6
6289 6
6290 6
6291 7
6292 5
6293 5
6294 5
6295 2
6296 3
6297 1
6298 4
6299 3
6300 2
6301 3
6302 3
6303 3
6304 3
6305 1
6306 2
6307 2
6308 4
6309 3
6310 2
6311 6
6312 5
6313 4
6314 5
6315 7
6316 8
6317 8
6318 8
6319 7
6320 5
6321 5
6322 3
6323 4
6324 2
6325 3
6326 3
6327 5
6328 2
6329 4
6330 2
6331 2
6332 2
6333 1
6334 3
6335 3
6336 4
6337 3
6338 4
6339 4
6340 3
6341 0
6342 2
6343 1
6344 4
6345 4
6346 4
6347 3
6348 4
6349 5
6350 6
6351 8
6352 9
6353 11
6354 13
6355 13
6356 11
6357 12
6358 12
6359 14
6360 15
6361 12
6362 12
6363 10
6364 9
6365 8
6366 9
6367 9
6368 7
6369 8
6370 7
6371 7
6372 7
6373 8
6374 10
6375 12
6376 11
6377 11
6378 13
6379 13
6380 13
6381 13
6382 14
6383 14
6384 13
6385 12
6386 9
6387 8
6388 8
6389 9
6390 9
6391 10
6392 10
6393 8
6394 7
6395 6
6396 5
6397 4
6398 2
6399 6
6400 4
6401 5
6402 4
6403 4
6404 4
6405 3
6406 3
6407 3
6408 3
6409 4
6410 3
6411 3
6412 2
6413 5
6414 4
6415 3
6416 3
6417 4
6418 4
6419 2
6420 4
6421 3
6422 2
6423 2
6424 3
6425 5
6426 6
6427 6
6428 8
6429 5
6430 3
6431 0
6432 3
6433 1
6434 1
6435 5
6436 5
6437 2
6438 2
6439 1
6440 3
6441 4
6442 4
6443 1
6444 1
6445 4
6446 5
6447 3
6448 4
6449 6
6450 4
6451 4
6452 7
6453 8
6454 5
6455 3
6456 5
6457 7
6458 7
6459 6
6460 7
6461 8
6462 7
6463 6
6464 6
6465 7
6466 8
6467 7
6468 7
6469 5
6470 2
6471 2
6472 3
6473 2
6474 4
6475 3
6476 1
6477 4
6478 5
6479 5
6480 5
6481 6
6482 6
6483 3
6484 7
6485 7
6486 6
6487 4
6488 5
6489 5
6490 6
6491 7
6492 8
6493 7
6494 8
6495 6
6496 5
6497 5
6498 3
6499 2
6500 2
6501 2
6502 1
6503 4
6504 3
6505 2
6506 1
6507 3
6508 2
6509 2
6510 5
6511 6
6512 7
6513 10
6514 9
6515 7
6516 7
6517 5
6518 3
6519 2
6520 5
6521 5
6522 7
6523 6
6524 6
6525 5
6526 6
6527 5
6528 6
6529 8
6530 8
6531 9
6532 11
6533 11
6534 10
6535 9
6536 10
6537 8
6538 8
6539 9
6540 8
6541 8
6542 8
6543 9
6544 9
6545 9
6546 11
6547 10
6548 10
6549 10
6550 10
6551 9
6552 9
6553 8
6554 7
6555 4
6556 2
6557 2
6558 3
6559 2
6560 3
6561 3
6562 3
6563 2
6564 2
6565 5
6566 5
6567 6
6568 4
6569 2
6570 2
6571 0
6572 5
6573 7
6574 6
6575 4
6576 2
6577 2
6578 2
6579 3
6580 1
6581 0
6582 3
6583 1
6584 2
6585 5
6586 4
6587 3
6588 4
6589 7
6590 8
6591 7
6592 5
6593 3
6594 4
6595 6
6596 7
6597 6
6598 6
6599 6
6600 8
6601 8
6602 8
6603 8
6604 7
6605 7
6606 7
6607 8
6608 6
6609 5
6610 6
6611 6
6612 6
6613 8
6614 10
6615 9
6616 10
6617 9
6618 10
6619 8
6620 7
6621 7
6622 5
6623 5
6624 6
6625 5
6626 5
6627 6
6628 8
6629 7
6630 6
6631 5
6632 7
6633 7
6634 7
6635 6
6636 5
6637 4
6638 5
6639 7
6640 5
6641 4
6642 5
6643 3
6644 3
6645 4
6646 3
6647 3
6648 2
6649 3
6650 3
6651 3
6652 1
6653 3
6654 2
6655 3
6656 3
6657 0
6658 1
6659 2
6660 4
6661 4
6662 2
6663 1
6664 3
6665 4
6666 5
6667 5
6668 4
6669 4
6670 2
6671 3
6672 1
6673 3
6674 6
6675 6
6676 7
6677 6
6678 6
6679 6
6680 5
6681 4
6682 5
6683 4
6684 4
6685 2
6686 2
6687 2
6688 3
6689 2
6690 2
6691 4
6692 2
6693 3
6694 3
6695 1
6696 3
6697 4
6698 5
6699 7
6700 6
6701 5
6702 5
6703 5
6704 4
6705 3
6706 2
6707 1
6708 4
6709 6
6710 8
6711 8
6712 6
6713 7
6714 5
6715 3
6716 3
6717 3
6718 2
6719 4
6720 4
6721 5
6722 5
6723 3
6724 4
6725 5
6726 3
6727 2
6728 3
6729 4
6730 2
6731 3
6732 4
6733 2
6734 4
6735 3
6736 3
6737 1
6738 2
6739 2
6740 3
6741 3
6742 3
6743 2
6744 3
6745 0
6746 4
6747 3
6748 3
6749 2
6750 5
6751 7
6752 8
6753 7
6754 6
6755 4
6756 4
6757 3
6758 1
6759 1
6760 3
6761 2
6762 7
6763 7
6764 6
6765 6
6766 5
6767 3
6768 3
6769 2
6770 5
6771 3
6772 2
6773 5
6774 6
6775 7
6776 7
6777 9
6778 8
6779 8
6780 9
6781 8
6782 6
6783 5
6784 5
6785 2
6786 4
6787 5
6788 5
6789 6
6790 7
6791 6
6792 6
6793 6
6794 4
6795 3
6796 3
6797 1
6798 1
6799 2
6800 2
6801 1
6802 1
6803 3
6804 2
6805 4
6806 2
6807 2
6808 3
6809 4
6810 2
6811 4
6812 4
6813 6
6814 5
6815 5
6816 4
6817 3
6818 2
6819 4
6820 5
6821 6
6822 7
6823 6
6824 5
6825 6
6826 6
6827 7
6828 6
6829 5
6830 3
6831 2
6832 2
6833 2
6834 5
6835 6
6836 5
6837 5
6838 6
6839 5
6840 6
6841 4
6842 3
6843 2
6844 3
6845 3
6846 3
6847 1
6848 4
6849 1
6850 2
6851 4
6852 3
6853 2
6854 1
6855 3
6856 2
6857 2
6858 2
6859 6
6860 9
6861 9
6862 10
6863 11
6864 11
6865 10
6866 7
6867 6
6868 5
6869 7
6870 8
6871 7
6872 7
6873 8
6874 7
6875 6
6876 4
6877 2
6878 3
6879 3
6880 3
6881 0
6882 2
6883 4
6884 2
6885 2
6886 4
6887 8
6888 8
6889 9
6890 7
6891 9
6892 9
6893 6
6894 5
6895 4
6896 3
6897 3
6898 0
6899 5
6900 5
6901 5
6902 7
6903 9
6904 7
6905 5
6906 4
6907 4
6908 3
6909 1
6910 2
6911 2
6912 5
6913 2
6914 2
6915 1
6916 2
6917 2
6918 3
6919 3
6920 1
6921 5
6922 5
6923 5
6924 5
6925 6
6926 5
6927 3
6928 2
6929 1
6930 0
6931 3
6932 5
6933 3
6934 2
6935 1
6936 2
6937 4
6938 3
6939 3
6940 2
6941 3
6942 5
6943 7
6944 7
6945 8
6946 7
6947 5
6948 4
6949 5
6950 3
6951 2
6952 5
6953 8
6954 7
6955 10
6956 12
6957 9
6958 9
6959 7
6960 8
6961 7
6962 10
6963 7
6964 7
6965 5
6966 5
6967 5
6968 6
6969 5
6970 6
6971 5
6972 6
6973 6
6974 6
6975 6
6976 8
6977 7
6978 7
6979 5
6980 3
6981 4
6982 3
6983 2
6984 4
6985 7
6986 5
6987 4
6988 3
6989 3
6990 5
6991 7
6992 6
6993 4
6994 4
6995 5
6996 6
6997 7
6998 9
6999 10
7000 10
7001 11
7002 10
7003 10
7004 10
7005 10
7006 8
7007 10
7008 10
7009 9
7010 10
7011 13
7012 13
7013 13
7014 13
7015 11
7016 10
7017 11
7018 11
7019 11
7020 10
7021 11
7022 12
7023 13
7024 13
7025 13
7026 14
7027 13
7028 11
7029 11
7030 10
7031 9
7032 10
7033 11
7034 12
7035 12
7036 11
7037 13
7038 15
7039 12
7040 13
7041 14
7042 13
7043 14
7044 14
7045 14
7046 12
7047 13
7048 13
7049 12
7050 11
7051 12
7052 10
7053 8
7054 7
7055 5
7056 4
7057 5
7058 4
7059 5
7060 3
7061 2
7062 4
7063 3
7064 2
7065 2
7066 4
7067 4
7068 4
7069 2
7070 3
7071 3
7072 2
7073 2
7074 1
7075 1
7076 2
7077 1
7078 1
7079 3
7080 1
7081 4
7082 5
7083 7
7084 6
7085 5
7086 4
7087 5
7088 5
7089 4
7090 7
7091 8
7092 8
7093 7
7094 8
7095 8
7096 9
7097 10
7098 10
7099 7
7100 8
7101 8
7102 6
7103 10
7104 12
7105 13
7106 12
7107 14
7108 14
7109 13
7110 11
7111 11
7112 15
7113 12
7114 13
7115 13
7116 12
7117 10
7118 7
7119 6
7120 7
7121 5
7122 4
7123 5
7124 4
7125 4
7126 4
7127 5
7128 5
7129 3
7130 2
7131 0
7132 4
7133 4
7134 3
7135 3
7136 2
7137 6
7138 6
7139 5
7140 4
7141 3
7142 5
7143 7
7144 6
7145 5
7146 4
7147 3
7148 1
7149 1
7150 4
7151 3
7152 3
7153 1
7154 2
7155 6
7156 5
7157 4
7158 3
7159 1
7160 1
7161 1
7162 4
7163 3
7164 1
7165 3
7166 0
7167 6
7168 6
7169 5
7170 4
7171 4
7172 4
7173 4
7174 3
7175 3
7176 2
7177 3
7178 3
7179 2
7180 2
7181 6
7182 6
7183 7
7184 7
7185 9
7186 10
7187 10
7188 10
7189 10
7190 7
7191 5
7192 3
7193 1
7194 4
7195 5
7196 6
7197 7
7198 7
7199 6
7200 5
7201 7
7202 6
7203 5
7204 4
7205 3
7206 2
7207 3
7208 4
7209 4
7210 5
7211 7
7212 5
7213 5
7214 4
7215 4
7216 4
7217 4
7218 3
7219 4
7220 3
7221 3
7222 3
7223 2
7224 5
7225 5
7226 5
7227 2
7228 4
7229 6
7230 7
7231 8
7232 9
7233 7
7234 9
7235 8
7236 9
7237 7
7238 6
7239 4
7240 3
7241 2
7242 3
7243 3
7244 2
7245 3
7246 3
7247 2
7248 2
7249 3
7250 1
7251 3
7252 4
7253 8
7254 7
7255 4
7256 2
7257 3
7258 3
7259 1
7260 3
7261 4
7262 4
7263 4
7264 4
7265 4
7266 4
7267 4
7268 3
7269 3
7270 4
7271 2
7272 4
7273 5
7274 4
7275 5
7276 4
7277 5
7278 5
7279 6
7280 6
7281 3
7282 7
7283 6
7284 7
7285 8
7286 8
7287 9
7288 7
7289 6
7290 6
7291 4
7292 4
7293 4
7294 1
7295 4
7296 2
7297 3
7298 3
7299 4
7300 4
7301 4
7302 4
7303 4
7304 4
7305 5
7306 3
7307 6
7308 5
7309 4
7310 2
7311 4
7312 3
7313 3
7314 3
7315 6
7316 6
7317 6
7318 7
7319 6
7320 5
7321 5
7322 6
7323 6
7324 5
7325 5
7326 3
7327 1
7328 4
7329 3
7330 6
7331 5
7332 6
7333 5
7334 5
7335 5
7336 4
7337 3
7338 3
7339 3
7340 1
7341 4
7342 2
7343 2
7344 1
7345 6
7346 6
7347 5
7348 2
7349 2
7350 3
7351 4
7352 3
7353 2
7354 2
7355 2
7356 5
7357 4
7358 4
7359 4
7360 4
7361 3
7362 4
7363 5
7364 4
7365 3
7366 2
7367 1
7368 3
7369 3
7370 1
7371 6
7372 11
7373 12
7374 13
7375 10
7376 10
7377 10
7378 9
7379 6
7380 9
7381 9
7382 6
7383 9
7384 9
7385 8
7386 7
7387 9
7388 8
7389 12
7390 12
7391 12
7392 10
7393 8
7394 7
7395 8
7396 6
7397 6
7398 9
7399 10
7400 11
7401 13
7402 12
7403 11
7404 8
7405 8
7406 9
7407 6
7408 5
7409 5
7410 8
7411 8
7412 6
7413 4
7414 7
7415 5
7416 6
7417 7
7418 7
7419 7
7420 7
7421 7
7422 8
7423 8
7424 7
7425 6
7426 3
7427 4
7428 3
7429 4
7430 5
7431 5
7432 4
7433 4
7434 3
7435 3
7436 5
7437 8
7438 7
7439 6
7440 3
7441 0
7442 2
7443 3
7444 4
7445 6
7446 3
7447 3
7448 5
7449 3
7450 3
7451 2
7452 4
7453 2
7454 1
7455 2
7456 2
7457 3
7458 3
7459 3
7460 6
7461 8
7462 11
7463 10
7464 10
7465 8
7466 11
7467 10
7468 9
7469 8
7470 7
7471 8
7472 11
7473 10
7474 9
7475 10
7476 10
7477 10
7478 8
7479 9
7480 7
7481 5
7482 5
7483 6
7484 4
7485 3
7486 4
7487 2
7488 2
7489 2
7490 3
7491 3
7492 4
7493 2
7494 3
7495 0
7496 2
7497 2
7498 3
7499 2
7500 3
7501 4
7502 8
7503 6
7504 6
7505 6
7506 6
7507 6
7508 6
7509 3
7510 3
7511 6
7512 5
7513 4
7514 4
7515 3
7516 1
7517 4
7518 4
7519 3
7520 5
7521 4
7522 2
7523 5
7524 3
7525 4
7526 3
7527 1
7528 5
7529 2
7530 0
7531 4
7532 4
7533 3
7534 3
7535 4
7536 5
7537 4
7538 4
7539 5
7540 5
7541 6
7542 6
7543 8
7544 6
7545 5
7546 5
7547 5
7548 5
7549 5
7550 9
7551 7
7552 7
7553 8
7554 8
7555 7
7556 6
7557 3
7558 4
7559 5
7560 7
7561 5
7562 5
7563 7
7564 6
7565 6
7566 5
7567 8
7568 9
7569 10
7570 10
7571 9
7572 11
7573 9
7574 8
7575 7
7576 4
7577 3
7578 7
7579 8
7580 7
7581 6
7582 9
7583 9
7584 8
7585 7
7586 8
7587 6
7588 8
7589 7
7590 6
7591 7
7592 6
7593 6
7594 8
7595 7
7596 6
7597 9
7598 8
7599 9
7600 9
7601 10
7602 9
7603 10
7604 10
7605 9
7606 9
7607 8
7608 9
7609 8
7610 5
7611 7
7612 6
7613 7
7614 8
7615 9
7616 8
7617 7
7618 6
7619 6
7620 5
7621 3
7622 1
7623 2
7624 3
7625 2
7626 2
7627 4
7628 4
7629 4
7630 8
7631 7
7632 7
7633 7
7634 5
7635 5
7636 6
7637 5
7638 3
7639 4
7640 3
7641 2
7642 2
7643 5
7644 5
7645 6
7646 8
7647 7
7648 6
7649 3
7650 6
7651 5
7652 6
7653 6
7654 6
7655 8
7656 10
7657 10
7658 11
7659 9
7660 8
7661 10
7662 9
7663 8
7664 7
7665 5
7666 7
7667 5
7668 3
7669 3
7670 1
7671 3
7672 5
7673 4
7674 5
7675 4
7676 3
7677 2
7678 4
7679 3
7680 5
7681 5
7682 4
7683 5
7684 5
7685 2
7686 0
7687 2
7688 4
7689 4
7690 4
7691 6
7692 5
7693 5
7694 3
7695 2
7696 2
7697 6
7698 6
7699 5
7700 6
7701 3
7702 2
7703 5
7704 4
7705 6
7706 5
7707 5
7708 5
7709 6
7710 3
7711 1
7712 3
7713 4
7714 4
7715 3
7716 1
7717 2
7718 2
7719 3
7720 6
7721 5
7722 6
7723 5
7724 6
7725 5
7726 4
7727 6
7728 3
7729 2
7730 2
7731 4
7732 7
7733 8
7734 10
7735 12
7736 11
7737 9
7738 7
7739 7
7740 7
7741 5
7742 4
7743 4
7744 3
7745 2
7746 2
7747 4
7748 4
7749 4
7750 6
7751 5
7752 5
7753 3
7754 2
7755 5
7756 2
7757 3
7758 2
7759 5
7760 5
7761 7
7762 7
7763 7
7764 6
7765 3
7766 3
7767 3
7768 0
7769 1
7770 4
7771 2
7772 3
7773 3
7774 3
7775 5
7776 3
7777 1
7778 2
7779 0
7780 1
7781 2
7782 3
7783 3
7784 1
7785 1
7786 2
7787 0
7788 5
7789 5
7790 3
7791 1
7792 4
7793 2
7794 4
7795 5
7796 8
7797 7
7798 6
7799 6
7800 7
7801 8
7802 7
7803 6
7804 8
7805 9
7806 10
7807 9
7808 7
7809 5
7810 6
7811 5
7812 4
7813 3
7814 3
7815 2
7816 1
7817 2
7818 4
7819 5
7820 10
7821 11
7822 12
7823 11
7824 8
7825 6
7826 8
7827 6
7828 5
7829 3
7830 3
7831 4
7832 5
7833 5
7834 5
7835 6
7836 5
7837 5
7838 4
7839 6
7840 4
7841 4
7842 4
7843 3
7844 2
7845 3
7846 2
7847 0
7848 4
7849 3
7850 3
7851 4
7852 4
7853 5
7854 4
7855 4
7856 7
7857 8
7858 8
7859 7
7860 5
7861 4
7862 4
7863 3
7864 5
7865 6
7866 5
7867 6
7868 5
7869 6
7870 4
7871 4
7872 2
7873 4
7874 3
7875 5
7876 4
7877 4
7878 2
7879 1
7880 1
7881 1
7882 2
7883 0
7884 2
7885 6
7886 5
7887 5
7888 4
7889 5
7890 4
7891 4
7892 2
7893 1
7894 6
7895 5
7896 7
7897 8
7898 8
7899 9
7900 7
7901 7
7902 8
7903 8
7904 9
7905 8
7906 5
7907 3
7908 3
7909 2
7910 3
7911 1
7912 5
7913 5
7914 5
7915 3
7916 2
7917 5
7918 5
7919 2
7920 2
7921 3
7922 4
7923 4
7924 7
7925 5
7926 5
7927 2
7928 3
7929 6
7930 5
7931 7
7932 7
7933 5
7934 5
7935 5
7936 5
7937 5
7938 4
7939 3
7940 1
7941 4
7942 7
7943 6
7944 5
7945 5
7946 4
7947 3
7948 2
7949 7
7950 6
7951 5
7952 3
7953 7
7954 6
7955 5
7956 4
7957 5
7958 6
7959 4
7960 4
7961 3
7962 3
7963 1
7964 2
7965 2
7966 1
7967 3
7968 3
7969 5
7970 3
7971 1
7972 3
7973 3
7974 2
7975 1
7976 5
7977 6
7978 6
7979 4
7980 5
7981 4
7982 4
7983 3
7984 2
7985 2
7986 3
7987 1
7988 3
7989 3
7990 3
7991 4
7992 3
7993 3
7994 4
7995 6
7996 5
7997 3
7998 1
7999 3
8000 2
8001 1
8002 6
8003 5
8004 4
8005 4
8006 4
8007 3
8008 0
8009 3
8010 2
8011 3
8012 1
8013 5
8014 6
8015 4
8016 2
8017 2
8018 2
8019 4
8020 4
8021 4
8022 4
8023 3
8024 3
8025 2
8026 2
8027 4
8028 2
8029 3
8030 2
8031 2
8032 4
8033 5
8034 6
8035 6
8036 5
8037 4
8038 4
8039 3
8040 1
8041 1
8042 2
8043 1
8044 1
8045 5
8046 5
8047 4
8048 3
8049 3
8050 4
8051 6
8052 6
8053 5
8054 4
8055 3
8056 3
8057 1
8058 2
8059 2
8060 2
8061 2
8062 2
8063 2
8064 3
8065 2
8066 4
8067 4
8068 2
8069 4
8070 2
8071 5
8072 5
8073 4
8074 3
8075 3
8076 0
8077 3
8078 1
8079 2
8080 3
8081 3
8082 3
8083 2
8084 4
8085 3
8086 3
8087 3
8088 2
8089 2
8090 4
8091 5
8092 5
8093 5
8094 4
8095 4
8096 6
8097 4
8098 3
8099 2
8100 1
8101 2
8102 4
8103 3
8104 1
8105 4
8106 1
8107 1
8108 4
8109 4
8110 6
8111 5
8112 7
8113 5
8114 4
8115 2
8116 2
8117 1
8118 5
8119 5
8120 4
8121 4
8122 4
8123 4
8124 2
8125 3
8126 4
8127 2
8128 4
8129 3
8130 0
8131 2
8132 0
8133 2
8134 4
8135 4
8136 3
8137 1
8138 4
8139 4
8140 3
8141 3
8142 3
8143 3
8144 2
8145 3
8146 3
8147 2
8148 2
8149 3
8150 4
8151 5
8152 3
8153 1
8154 2
8155 4
8156 4
8157 4
8158 2
8159 2
8160 4
8161 6
8162 6
8163 6
8164 5
8165 4
8166 6
8167 5
8168 4
8169 3
8170 2
8171 3
8172 3
8173 2
8174 2
8175 3
8176 2
8177 1
8178 3
8179 2
8180 6
8181 7
8182 7
8183 8
8184 8
8185 6
8186 6
8187 5
8188 5
8189 6
8190 6
8191 4
8192 3
8193 2
8194 3
8195 4
8196 5
8197 4
8198 3
8199 5
8200 5
8201 6
8202 5
8203 4
8204 4
8205 4
8206 3
8207 3
8208 2
8209 2
8210 3
8211 1
8212 3
8213 2
8214 1
8215 4
8216 4
8217 3
8218 3
8219 5
8220 5
8221 4
8222 4
8223 6
8224 4
8225 1
8226 2
8227 1
8228 2
8229 6
8230 8
8231 7
8232 10
8233 8
8234 9
8235 6
8236 4
8237 5
8238 3
8239 2
8240 2
8241 2
8242 0
8243 3
8244 4
8245 6
8246 5
8247 7
8248 6
8249 6
8250 6
8251 5
8252 4
8253 1
8254 2
8255 1
8256 3
8257 4
8258 3
8259 4
8260 6
8261 6
8262 5
8263 4
8264 3
8265 0
8266 2
8267 4
8268 2
8269 1
8270 1
8271 3
8272 5
8273 4
8274 4
8275 4
8276 4
8277 4
8278 2
8279 4
8280 3
8281 1
8282 5
8283 4
8284 5
8285 5
8286 7
8287 6
8288 7
8289 7
8290 6
8291 5
8292 4
8293 4
8294 4
8295 3
8296 3
8297 3
8298 2
8299 3
8300 3
8301 3
8302 6
8303 6
8304 7
8305 4
8306 4
8307 3
8308 5
8309 2
8310 2
8311 3
8312 1
8313 2
8314 2
8315 3
8316 3
8317 2
8318 2
8319 6
8320 4
8321 3
8322 3
8323 4
8324 4
8325 4
8326 5
8327 6
8328 7
8329 7
8330 6
8331 3
8332 1
8333 1
8334 2
8335 0
8336 3
8337 3
8338 3
8339 2
8340 4
8341 5
8342 6
8343 6
8344 7
8345 5
8346 7
8347 6
8348 5
8349 5
8350 4
8351 6
8352 5
8353 4
8354 4
8355 5
8356 4
8357 2
8358 2
8359 3
8360 3
8361 4
8362 2
8363 5
8364 4
8365 5
8366 4
8367 3
8368 2
8369 2
8370 2
8371 2
8372 2
8373 2
8374 5
8375 3
8376 2
8377 1
8378 2
8379 3
8380 5
8381 3
8382 6
8383 5
8384 6
8385 8
8386 6
8387 9
8388 10
8389 9
8390 7
8391 7
8392 6
8393 6
8394 6
8395 8
8396 6
8397 5
8398 6
8399 5
8400 5
8401 6
8402 6
8403 7
8404 5
8405 6
8406 6
8407 7
8408 9
8409 8
8410 8
8411 9
8412 9
8413 9
8414 9
8415 9
8416 11
8417 10
8418 11
8419 12
8420 15
8421 12
8422 12
8423 13
8424 11
8425 11
8426 10
8427 11
8428 11
8429 8
8430 7
8431 7
8432 7
8433 5
8434 4
8435 5
8436 5
8437 5
8438 3
8439 3
8440 3
8441 2
8442 3
8443 3
8444 4
8445 5
8446 6
8447 7
8448 4
8449 4
8450 5
8451 6
8452 7
8453 6
8454 6
8455 4
8456 4
8457 5
8458 4
8459 3
8460 1
8461 3
8462 3
8463 3
8464 4
8465 5
8466 5
8467 5
8468 5
8469 6
8470 5
8471 2
8472 3
8473 2
8474 4
8475 5
8476 4
8477 3
8478 4
8479 6
8480 5
8481 7
8482 5
8483 5
8484 5
8485 3
8486 3
8487 5
8488 4
8489 6
8490 4
8491 5
8492 7
8493 7
8494 8
8495 6
8496 4
8497 3
8498 2
8499 5
8500 5
8501 5
8502 3
8503 3
8504 3
8505 1
8506 3
8507 2
8508 4
8509 4
8510 6
8511 5
8512 6
8513 7
8514 7
8515 4
8516 2
8517 3
8518 3
8519 0
8520 4
8521 2
8522 2
8523 1
8524 3
8525 2
8526 2
8527 2
8528 1
8529 1
8530 3
8531 4
8532 1
8533 2
8534 2
8535 1
8536 3
8537 3
8538 3
8539 0
8540 2
8541 1
8542 1
8543 5
8544 2
8545 3
8546 6
8547 4
8548 8
8549 7
8550 5
8551 4
8552 6
8553 7
8554 9
8555 7
8556 8
8557 7
8558 5
8559 6
8560 5
8561 7
8562 7
8563 5
8564 6
8565 3
8566 2
8567 2
8568 3
8569 3
8570 4
8571 7
8572 10
8573 10
8574 10
8575 10
8576 10
8577 10
8578 10
8579 9
8580 9
8581 7
8582 6
8583 4
8584 2
8585 3
8586 2
8587 3
8588 3
8589 1
8590 1
8591 2
8592 3
8593 3
8594 3
8595 0
8596 2
8597 4
8598 3
8599 2
8600 1
8601 2
8602 2
8603 3
8604 3
8605 5
8606 4
8607 2
8608 2
8609 4
8610 2
8611 3
8612 3
8613 5
8614 2
8615 2
8616 4
8617 3
8618 1
8619 2
8620 2
8621 1
8622 3
8623 0
8624 1
8625 1
8626 1
8627 1
8628 4
8629 4
8630 2
8631 4
8632 4
8633 2
8634 3
8635 0
8636 1
8637 2
8638 2
8639 3
8640 4
8641 4
8642 3
8643 3
8644 3
8645 2
8646 0
8647 3
8648 4
8649 3
8650 4
8651 6
8652 6
8653 6
8654 6
8655 8
8656 6
8657 7
8658 8
8659 7
8660 7
8661 5
8662 7
8663 9
8664 9
8665 10
8666 10
8667 9
8668 10
8669 9
8670 7
8671 7
8672 7
8673 10
8674 9
8675 10
8676 9
8677 12
8678 15
8679 12
8680 11
8681 10
8682 10
8683 8
8684 8
8685 10
8686 12
8687 13
8688 13
8689 12
8690 11
8691 9
8692 8
8693 9
8694 10
8695 13
8696 14
8697 14
8698 17
8699 14
8700 12
8701 10
8702 10
8703 7
8704 7
8705 11
8706 9
8707 11
8708 10
8709 10
8710 10
8711 10
8712 10
8713 9
8714 8
8715 7
8716 8
8717 5
8718 4
8719 4
8720 2
8721 4
8722 4
8723 4
8724 2
8725 2
8726 4
8727 4
8728 2
8729 2
8730 1
8731 6
8732 6
8733 4
8734 2
8735 3
8736 3
8737 2
8738 3
8739 1
8740 3
8741 6
8742 5
8743 5
8744 5
8745 2
8746 3
8747 3
8748 5
8749 7
8750 7
8751 8
8752 8
8753 10
8754 7
8755 8
8756 6
8757 4
8758 2
8759 3
8760 4
8761 2
8762 3
8763 4
8764 7
8765 7
8766 6
8767 3
8768 2
8769 4
8770 6
8771 8
8772 8
8773 6
8774 5
8775 6
8776 5
8777 6
8778 6
8779 6
8780 4
8781 2
8782 3
8783 4
8784 4
8785 5
8786 6
8787 5
8788 4
8789 3
8790 3
8791 1
8792 2
8793 2
8794 3
8795 2
8796 1
8797 2
8798 1
8799 1
8800 2
8801 1
8802 2
8803 3
8804 4
8805 1
8806 5
8807 8
8808 8
8809 8
8810 8
8811 9
8812 9
8813 7
8814 6
8815 6
8816 5
8817 4
8818 3
8819 2
8820 3
8821 2
8822 2
8823 1
8824 1
8825 2
8826 6
8827 5
8828 6
8829 4
8830 3
8831 1
8832 1
8833 0
8834 6
8835 6
8836 4
8837 3
8838 2
8839 2
8840 1
8841 3
8842 3
8843 3
8844 2
8845 0
8846 5
8847 6
8848 4
8849 3
8850 2
8851 5
8852 4
8853 4
8854 5
8855 6
8856 5
8857 5
8858 5
8859 5
8860 5
8861 4
8862 5
8863 7
8864 4
8865 6
8866 6
8867 6
8868 8
8869 8
8870 7
8871 7
8872 7
8873 7
8874 8
8875 10
8876 8
8877 5
8878 6
8879 7
8880 8
8881 8
8882 6
8883 7
8884 6
8885 6
8886 7
8887 6
8888 7
8889 10
8890 10
8891 11
8892 10
8893 10
8894 11
8895 11
8896 9
8897 8
8898 9
8899 9
8900 8
8901 8
8902 9
8903 8
8904 7
8905 8
8906 10
8907 7
8908 6
8909 5
8910 3
8911 3
8912 1
8913 5
8914 3
8915 2
8916 3
8917 3
8918 3
8919 1
8920 4
8921 2
8922 5
8923 4
8924 1
8925 4
8926 3
8927 5
8928 5
8929 2
8930 4
8931 8
8932 6
8933 6
8934 7
8935 6
8936 7
8937 7
8938 8
8939 8
8940 8
8941 6
8942 7
8943 6
8944 6
8945 6
8946 5
8947 3
8948 5
8949 5
8950 5
8951 7
8952 9
8953 8
8954 7
8955 5
8956 7
8957 7
8958 9
8959 7
8960 7
8961 5
8962 5
8963 5
8964 6
8965 5
8966 3
8967 3
8968 3
8969 3
8970 4
8971 1
8972 3
8973 2
8974 1
8975 0
8976 1
8977 2
8978 0
8979 2
8980 4
8981 5
8982 5
8983 4
8984 2
8985 3
8986 2
8987 3
8988 4
8989 3
8990 3
8991 2
8992 3
8993 3
8994 2
8995 3
8996 5
8997 5
8998 5
8999 4
9000 3
9001 4
9002 5
9003 3
9004 2
9005 1
9006 4
9007 6
9008 7
9009 5
9010 5
9011 5
9012 3
9013 4
9014 4
9015 3
9016 2
9017 4
9018 3
9019 1
9020 2
9021 2
9022 2
9023 5
9024 8
9025 8
9026 9
9027 8
9028 7
9029 5
9030 4
9031 5
9032 3
9033 2
9034 4
9035 3
9036 4
9037 3
9038 3
9039 3
9040 3
9041 1
9042 4
9043 4
9044 3
9045 3
9046 2
9047 6
9048 6
9049 7
9050 7
9051 6
9052 5
9053 3
9054 1
9055 6
9056 10
9057 10
9058 12
9059 11
9060 12
9061 13
9062 15
9063 12
9064 10
9065 10
9066 9
9067 9
9068 9
9069 11
9070 9
9071 8
9072 6
9073 5
9074 6
9075 3
9076 2
9077 2
9078 2
9079 2
9080 1
9081 5
9082 6
9083 4
9084 4
9085 3
9086 2
9087 3
9088 4
9089 5
9090 6
9091 6
9092 5
9093 5
9094 6
9095 7
9096 8
9097 9
9098 9
9099 11
9100 13
9101 13
9102 13
9103 12
9104 10
9105 11
9106 10
9107 12
9108 12
9109 13
9110 12
9111 12
9112 10
9113 9
9114 9
9115 9
9116 8
9117 9
9118 9
9119 11
9120 10
9121 9
9122 10
9123 9
9124 8
9125 9
9126 10
9127 11
9128 10
9129 8
9130 8
9131 6
9132 4
9133 7
9134 8
9135 9
9136 10
9137 11
9138 11
9139 12
9140 12
9141 10
9142 8
9143 8
9144 9
9145 9
9146 7
9147 6
9148 8
9149 8
9150 6
9151 3
9152 1
9153 6
9154 6
9155 7
9156 4
9157 4
9158 7
9159 7
9160 7
9161 6
9162 6
9163 4
9164 5
9165 6
9166 6
9167 5
9168 3
9169 2
9170 4
9171 2
9172 4
9173 6
9174 5
9175 3
9176 2
9177 3
9178 2
9179 2
9180 3
9181 3
9182 4
9183 4
9184 1
9185 3
9186 1
9187 3
9188 1
9189 4
9190 2
9191 2
9192 3
9193 2
9194 1
9195 4
9196 2
9197 5
9198 5
9199 5
9200 5
9201 4
9202 4
9203 5
9204 4
9205 3
9206 4
9207 1
9208 4
9209 4
9210 4
9211 6
9212 6
9213 3
9214 3
9215 2
9216 3
9217 3
9218 4
9219 4
9220 5
9221 4
9222 4
9223 4
9224 3
9225 6
9226 9
9227 10
9228 11
9229 13
9230 12
9231 12
9232 11
9233 11
9234 10
9235 9
9236 10
9237 10
9238 11
9239 11
9240 10
9241 10
9242 12
9243 13
9244 12
9245 13
9246 14
9247 13
9248 13
9249 13
9250 15
9251 12
9252 12
9253 13
9254 12
9255 11
9256 10
9257 9
9258 12
9259 14
9260 13
9261 14
9262 14
9263 12
9264 11
9265 8
9266 8
9267 6
9268 5
9269 5
9270 2
9271 2
9272 1
9273 1
9274 3
9275 5
9276 5
9277 5
9278 6
9279 9
9280 9
9281 7
9282 7
9283 7
9284 5
9285 6
9286 6
9287 4
9288 5
9289 5
9290 4
9291 4
9292 4
9293 7
9294 6
9295 6
9296 4
9297 4
9298 6
9299 4
9300 4
9301 5
9302 6
9303 6
9304 6
9305 6
9306 6
9307 6
9308 8
9309 7
9310 5
9311 3
9312 2
9313 7
9314 8
9315 9
9316 10
9317 10
9318 8
9319 8
9320 7
9321 5
9322 4
9323 3
9324 2
9325 2
9326 2
9327 1
9328 4
9329 5
9330 5
9331 2
9332 1
9333 5
9334 2
9335 1
9336 2
9337 3
9338 2
9339 2
9340 4
9341 4
9342 2
9343 2
9344 1
9345 4
9346 2
9347 3
9348 1
9349 1
9350 2
9351 4
9352 3
9353 4
9354 2
9355 3
9356 4
9357 4
9358 7
9359 6
9360 6
9361 6
9362 4
9363 6
9364 5
9365 5
9366 5
9367 5
9368 4
9369 2
9370 2
9371 2
9372 3
9373 3
9374 1
9375 2
9376 7
9377 4
9378 3
9379 6
9380 6
9381 10
9382 9
9383 10
9384 11
9385 12
9386 12
9387 14
9388 14
9389 15
9390 12
9391 11
9392 11
9393 11
9394 11
9395 11
9396 10
9397 11
9398 10
9399 9
9400 7
9401 4
9402 2
9403 5
9404 4
9405 3
9406 1
9407 3
9408 0
9409 5
9410 6
9411 7
9412 7
9413 7
9414 5
9415 8
9416 9
9417 10
9418 8
9419 7
9420 6
9421 5
9422 7
9423 7
9424 5
9425 7
9426 8
9427 9
9428 8
9429 8
9430 6
9431 6
9432 5
9433 4
9434 5
9435 5
9436 5
9437 6
9438 5
9439 6
9440 5
9441 3
9442 1
9443 2
9444 2
9445 3
9446 5
9447 6
9448 5
9449 4
9450 5
9451 5
9452 4
9453 1
9454 3
9455 5
9456 6
9457 6
9458 5
9459 6
9460 4
9461 7
9462 8
9463 7
9464 7
9465 8
9466 7
9467 7
9468 7
9469 7
9470 7
9471 6
9472 4
9473 4
9474 5
9475 8
9476 9
9477 9
9478 11
9479 12
9480 12
9481 11
9482 10
9483 11
9484 10
9485 9
9486 9
9487 9
9488 9
9489 10
9490 11
9491 14
9492 12
9493 12
9494 9
9495 8
9496 8
9497 6
9498 6
9499 5
9500 7
9501 6
9502 7
9503 7
9504 6
9505 7
9506 8
9507 6
9508 6
9509 7
9510 7
9511 7
9512 8
9513 8
9514 7
9515 7
9516 5
9517 5
9518 6
9519 4
9520 5
9521 6
9522 4
9523 3
9524 2
9525 1
9526 5
9527 3
9528 2
9529 2
9530 1
9531 1
9532 3
9533 3
9534 4
9535 2
9536 1
9537 3
9538 1
9539 2
9540 6
9541 6
9542 7
9543 6
9544 7
9545 9
9546 10
9547 11
9548 9
9549 13
9550 15
9551 12
9552 12
9553 10
9554 9
9555 8
9556 8
9557 9
9558 9
9559 12
9560 11
9561 11
9562 9
9563 7
9564 8
9565 6
9566 5
9567 4
9568 3
9569 2
9570 4
9571 3
9572 4
9573 5
9574 11
9575 9
9576 8
9577 7
9578 6
9579 3
9580 3
9581 4
9582 2
9583 1
9584 3
9585 2
9586 3
9587 2
9588 2
9589 3
9590 4
9591 5
9592 5
9593 4
9594 2
9595 3
9596 3
9597 2
9598 2
9599 4
9600 4
9601 4
9602 4
9603 6
9604 5
9605 4
9606 5
9607 4
9608 4
9609 2
9610 2
9611 4
9612 3
9613 1
9614 3
9615 4
9616 6
9617 7
9618 7
9619 8
9620 7
9621 6
9622 4
9623 3
9624 1
9625 2
9626 2
9627 4
9628 5
9629 3
9630 2
9631 3
9632 1
9633 1
9634 1
9635 6
9636 8
9637 9
9638 8
9639 7
9640 5
9641 4
9642 3
9643 3
9644 1
9645 4
9646 6
9647 7
9648 4
9649 1
9650 5
9651 5
9652 3
9653 1
9654 4
9655 3
9656 1
9657 4
9658 7
9659 6
9660 9
9661 8
9662 6
9663 5
9664 4
9665 3
9666 1
9667 2
9668 2
9669 0
9670 3
9671 2
9672 1
9673 1
9674 2
9675 4
9676 4
9677 2
9678 1
9679 3
9680 3
9681 4
9682 4
9683 2
9684 2
9685 2
9686 4
9687 2
9688 5
9689 5
9690 6
9691 8
9692 8
9693 9
9694 11
9695 11
9696 10
9697 8
9698 7
9699 6
9700 6
9701 5
9702 5
9703 5
9704 4
9705 5
9706 4
9707 2
9708 4
9709 3
9710 4
9711 3
9712 3
9713 2
9714 2
9715 1
9716 4
9717 2
9718 1
9719 2
9720 5
9721 4
9722 7
9723 8
9724 8
9725 6
9726 5
9727 5
9728 7
9729 10
9730 7
9731 6
9732 6
9733 8
9734 8
9735 8
9736 6
9737 5
9738 7
9739 5
9740 6
9741 4
9742 2
9743 3
9744 6
9745 7
9746 4
9747 3
9748 2
9749 1
9750 0
9751 0
9752 5
9753 5
9754 4
9755 2
9756 2
9757 4
9758 4
9759 4
9760 4
9761 3
9762 3
9763 4
9764 4
9765 2
9766 2
9767 2
9768 2
9769 1
9770 2
9771 0
9772 3
9773 5
9774 4
9775 3
9776 1
9777 3
9778 3
9779 3
9780 4
9781 3
9782 3
9783 5
9784 4
9785 5
9786 6
9787 7
9788 7
9789 5
9790 6
9791 6
9792 7
9793 8
9794 7
9795 4
9796 3
9797 2
9798 5
9799 4
9800 3
9801 2
9802 1
9803 5
9804 6
9805 8
9806 7
9807 6
9808 6
9809 7
9810 6
9811 8
9812 6
9813 5
9814 5
9815 4
9816 5
9817 2
9818 4
9819 1
9820 2
9821 2
9822 3
9823 2
9824 2
9825 3
9826 2
9827 2
9828 2
9829 4
9830 3
9831 5
9832 5
9833 6
9834 7
9835 7
9836 8
9837 6
9838 7
9839 8
9840 7
9841 7
9842 8
9843 6
9844 4
9845 4
9846 4
9847 2
9848 2
9849 4
9850 3
9851 1
9852 3
9853 2
9854 2
9855 4
9856 5
9857 4
9858 6
9859 4
9860 3
9861 2
9862 4
9863 2
9864 1
9865 3
9866 5
9867 3
9868 2
9869 4
9870 3
9871 3
9872 4
9873 2
9874 5
9875 7
9876 9
9877 7
9878 6
9879 5
9880 6
9881 7
9882 8
9883 8
9884 9
9885 8
9886 9
9887 9
9888 8
9889 5
9890 4
9891 4
9892 4
9893 3
9894 4
9895 3
9896 2
9897 0
9898 1
9899 2
9900 3
9901 4
9902 2
9903 1
9904 2
9905 4
9906 3
9907 2
9908 3
9909 5
9910 6
9911 7
9912 6
9913 6
9914 4
9915 5
9916 5
9917 6
9918 6
9919 4
9920 5
9921 4
9922 4
9923 2
9924 1
9925 3
9926 2
9927 1
9928 3
9929 2
9930 2
9931 3
9932 1
9933 2
9934 2
9935 4
9936 4
9937 3
9938 2
9939 3
9940 1
9941 2
9942 2
9943 3
9944 2
9945 3
9946 0
9947 4
9948 2
9949 4
9950 5
9951 5
9952 4
9953 4
9954 7
9955 7
9956 7
9957 8
9958 6
9959 5
9960 7
9961 8
9962 7
9963 7
9964 8
9965 8
9966 6
9967 6
9968 8
9969 9
9970 6
9971 6
9972 6
9973 3
9974 1
9975 4
9976 2
9977 2
9978 3
9979 3
9980 3
9981 6
9982 5
9983 2
9984 3
9985 2
9986 1
9987 3
9988 2
9989 1
9990 2
9991 6
9992 5
9993 6
9994 4
9995 7
9996 9
9997 8
9998 12
9999 12
