0 8
1 10
2 10
3 8
4 7
5 7
6 8
7 9
8 10
9 8
10 8
11 8
12 6
13 6
14 5
15 5
16 4
17 5
18 4
19 3
20 2
21 5
22 5
23 2
24 5
25 5
26 5
27 5
28 3
29 3
30 3
31 1
32 3
33 2
34 1
35 4
36 2
37 2
38 3
39 4
40 5
41 6
42 8
43 8
44 6
45 6
46 5
47 6
48 8
49 9
50 12
51 12
52 10
53 10
54 9
55 11
56 12
57 16
58 13
59 12
60 11
61 12
62 11
63 10
64 13
65 15
66 12
67 12
68 12
69 13
70 13
71 13
72 13
73 11
74 9
75 9
76 8
77 7
78 7
79 5
80 5
81 5
82 4
83 4
84 5
85 6
86 4
87 3
88 3
89 2
90 2
91 4
92 2
93 1
94 2
95 1
96 5
97 4
98 4
99 2
100 2
101 2
102 5
103 3
104 3
105 0
106 3
107 4
108 3
109 4
110 5
111 5
112 7
113 7
114 9
115 10
116 9
117 11
118 10
119 9
120 8
121 8
122 9
123 8
124 10
125 11
126 10
127 12
128 12
129 9
130 12
131 12
132 13
133 13
134 11
135 13
136 13
137 11
138 12
139 13
140 14
141 14
142 14
143 14
144 14
145 12
146 13
147 10
148 9
149 9
150 11
151 11
152 11
153 10
154 8
155 8
156 8
157 8
158 10
159 9
160 7
161 6
162 7
163 8
164 8
165 6
166 7
167 5
168 3
169 3
170 3
171 2
172 2
173 3
174 1
175 5
176 6
177 7
178 5
179 4
180 4
181 3
182 3
183 4
184 6
185 4
186 3
187 2
188 2
189 1
190 6
191 6
192 5
193 2
194 3
195 1
196 4
197 2
198 4
199 2
200 2
201 5
202 2
203 2
204 2
205 4
206 2
207 5
208 4
209 3
210 3
211 4
212 4
213 5
214 7
215 7
216 6
217 6
218 5
219 2
220 4
221 5
222 5
223 4
224 4
225 3
226 4
227 5
228 9
229 11
230 11
231 10
232 11
233 10
234 10
235 12
236 13
237 13
238 15
239 12
240 15
241 12
242 12
243 12
244 16
245 13
246 14
247 17
248 14
249 15
250 12
251 12
252 12
253 13
254 13
255 12
256 11
257 13
258 13
259 14
260 14
261 15
262 12
263 14
264 14
265 15
266 12
267 14
268 14
269 12
270 12
271 9
272 9
273 12
274 10
275 11
276 12
277 11
278 10
279 10
280 10
281 11
282 13
283 11
284 9
285 6
286 5
287 4
288 7
289 7
290 9
291 7
292 8
293 6
294 4
295 3
296 2
297 4
298 2
299 4
300 5
301 5
302 6
303 5
304 6
305 7
306 9
307 9
308 8
309 6
310 6
311 4
312 4
313 6
314 10
315 9
316 11
317 9
318 8
319 7
320 7
321 8
322 9
323 10
324 10
325 11
326 11
327 9
328 8
329 5
330 5
331 3
332 6
333 8
334 12
335 14
336 13
337 13
338 13
339 12
340 11
341 12
342 12
343 15
344 12
345 10
346 8
347 8
348 8
349 8
350 9
351 10
352 11
353 11
354 14
355 14
356 13
357 15
358 12
359 13
360 13
361 12
362 10
363 9
364 6
365 8
366 10
367 11
368 11
369 9
370 9
371 8
372 6
373 7
374 9
375 9
376 9
377 8
378 10
379 9
380 8
381 9
382 9
383 10
384 10
385 9
386 12
387 14
388 13
389 12
390 11
391 11
392 10
393 9
394 10
395 11
396 13
397 11
398 11
399 11
400 10
401 12
402 11
403 9
404 9
405 7
406 4
407 7
408 8
409 9
410 8
411 10
412 12
413 12
414 11
415 12
416 10
417 11
418 11
419 11
420 11
421 12
422 11
423 11
424 9
425 9
426 10
427 9
428 9
429 9
430 8
431 8
432 6
433 5
434 6
435 6
436 7
437 9
438 8
439 8
440 6
441 5
442 3
443 2
444 4
445 2
446 4
447 5
448 4
449 3
450 2
451 5
452 7
453 5
454 4
455 2
456 4
457 6
458 6
459 7
460 8
461 8
462 7
463 9
464 8
465 8
466 7
467 6
468 5
469 4
470 5
471 5
472 3
473 2
474 1
475 3
476 5
477 5
478 7
479 5
480 5
481 6
482 7
483 6
484 4
485 4
486 3
487 2
488 2
489 1
490 3
491 4
492 7
493 8
494 6
495 7
496 5
497 9
498 9
499 11
500 9
501 7
502 7
503 5
504 3
505 2
506 3
507 0
508 3
509 3
510 4
511 3
512 1
513 4
514 3
515 4
516 6
517 5
518 2
519 2
520 1
521 5
522 3
523 6
524 6
525 6
526 6
527 4
528 3
529 2
530 3
531 6
532 7
533 8
534 6
535 7
536 6
537 5
538 6
539 5
540 3
541 2
542 4
543 5
544 5
545 5
546 5
547 7
548 6
549 5
550 5
551 4
552 2
553 3
554 4
555 3
556 6
557 6
558 6
559 6
560 5
561 5
562 7
563 5
564 6
565 6
566 5
567 6
568 6
569 6
570 7
571 8
572 9
573 9
574 7
575 5
576 2
577 0
578 5
579 3
580 3
581 3
582 3
583 3
584 4
585 3
586 1
587 4
588 4
589 4
590 3
591 1
592 1
593 2
594 2
595 5
596 3
597 3
598 2
599 3
600 1
601 4
602 6
603 6
604 5
605 6
606 8
607 8
608 7
609 4
610 3
611 3
612 6
613 5
614 4
615 3
616 2
617 3
618 2
619 3
620 0
621 2
622 2
623 3
624 1
625 6
626 7
627 8
628 6
629 4
630 5
631 8
632 9
633 10
634 14
635 14
636 15
637 12
638 12
639 12
640 12
641 12
642 10
643 9
644 7
645 5
646 5
647 4
648 5
649 3
650 3
651 2
652 2
653 2
654 2
655 1
656 4
657 4
658 4
659 3
660 3
661 3
662 3
663 4
664 6
665 7
666 6
667 5
668 5
669 5
670 5
671 5
672 6
673 8
674 7
675 6
676 5
677 6
678 5
679 7
680 5
681 3
682 3
683 3
684 8
685 8
686 5
687 6
688 4
689 2
690 4
691 5
692 6
693 8
694 6
695 6
696 6
697 6
698 5
699 4
700 4
701 4
702 4
703 3
704 7
705 7
706 6
707 5
708 4
709 5
710 7
711 6
712 5
713 4
714 4
715 4
716 4
717 3
718 2
719 3
720 2
721 2
722 4
723 6
724 6
725 6
726 5
727 3
728 0
729 3
730 3
731 4
732 3
733 3
734 6
735 7
736 7
737 7
738 9
739 9
740 10
741 11
742 12
743 12
744 9
745 6
746 5
747 8
748 7
749 4
750 5
751 6
752 6
753 5
754 4
755 7
756 9
757 8
758 10
759 12
760 12
761 12
762 13
763 14
764 16
765 13
766 14
767 14
768 14
769 14
770 17
771 14
772 14
773 16
774 13
775 14
776 12
777 11
778 11
779 11
780 9
781 13
782 13
783 14
784 12
785 12
786 12
787 13
788 14
789 15
790 12
791 11
792 12
793 11
794 10
795 9
796 9
797 8
798 9
799 9
800 10
801 9
802 9
803 6
804 5
805 4
806 6
807 8
808 11
809 11
810 12
811 10
812 8
813 9
814 8
815 6
816 8
817 6
818 7
819 6
820 5
821 5
822 5
823 7
824 9
825 9
826 8
827 8
828 8
829 9
830 8
831 7
832 7
833 8
834 7
835 8
836 7
837 6
838 5
839 3
840 3
841 4
842 5
843 5
844 3
845 1
846 5
847 3
848 5
849 3
850 2
851 2
852 2
853 3
854 4
855 3
856 5
857 5
858 7
859 7
860 5
861 3
862 3
863 5
864 4
865 6
866 6
867 5
868 3
869 3
870 3
871 4
872 5
873 7
874 9
875 9
876 8
877 7
878 4
879 6
880 6
881 7
882 6
883 6
884 5
885 6
886 4
887 2
888 4
889 7
890 8
891 7
892 6
893 6
894 5
895 6
896 5
897 5
898 5
899 4
900 3
901 1
902 2
903 2
904 2
905 1
906 4
907 2
908 2
909 4
910 4
911 3
912 4
913 3
914 6
915 7
916 6
917 6
918 6
919 8
920 7
921 6
922 6
923 5
924 5
925 6
926 6
927 5
928 6
929 6
930 4
931 4
932 4
933 4
934 3
935 4
936 3
937 4
938 3
939 2
940 3
941 2
942 4
943 5
944 6
945 6
946 7
947 7
948 4
949 4
950 3
951 0
952 4
953 1
954 2
955 3
956 1
957 5
958 4
959 5
960 3
961 2
962 4
963 4
964 4
965 5
966 5
967 5
968 3
969 2
970 4
971 4
972 7
973 8
974 6
975 7
976 7
977 7
978 4
979 2
980 3
981 4
982 4
983 5
984 5
985 4
986 4
987 2
988 2
989 2
990 1
991 3
992 4
993 4
994 4
995 2
996 5
997 6
998 7
999 7
1000 5
1001 2
1002 2
1003 3
1004 1
1005 3
1006 4
1007 2
1008 4
1009 2
1010 2
1011 4
1012 3
1013 2
1014 1
1015 3
1016 3
1017 4
1018 3
1019 5
1020 5
1021 6
1022 6
1023 5
1024 5
1025 6
1026 4
1027 5
1028 7
1029 8
1030 8
1031 8
1032 8
1033 10
1034 11
1035 10
1036 11
1037 9
1038 7
1039 4
1040 4
1041 5
1042 4
1043 5
1044 5
1045 5
1046 6
1047 5
1048 4
1049 3
1050 1
1051 1
1052 2
1053 4
1054 9
1055 10
1056 8
1057 7
1058 6
1059 7
1060 9
1061 10
1062 11
1063 13
1064 13
1065 13
1066 12
1067 11
1068 9
1069 7
1070 7
1071 6
1072 8
1073 6
1074 5
1075 6
1076 5
1077 2
1078 1
1079 2
1080 1
1081 4
1082 5
1083 7
1084 6
1085 8
1086 7
1087 6
1088 5
1089 6
1090 3
1091 3
1092 3
1093 4
1094 4
1095 3
1096 1
1097 4
1098 4
1099 2
1100 1
1101 4
1102 5
1103 5
1104 4
1105 1
1106 4
1107 3
1108 3
1109 3
1110 2
1111 3
1112 5
1113 5
1114 5
1115 6
1116 4
1117 3
1118 3
1119 1
1120 1
1121 1
1122 2
1123 4
1124 7
1125 7
1126 9
1127 9
1128 10
1129 9
1130 9
1131 8
1132 10
1133 9
1134 10
1135 11
1136 10
1137 14
1138 14
1139 16
1140 13
1141 13
1142 14
1143 14
1144 14
1145 15
1146 12
1147 12
1148 12
1149 11
1150 11
1151 12
1152 10
1153 9
1154 8
1155 10
1156 11
1157 13
1158 14
1159 15
1160 12
1161 12
1162 12
1163 11
1164 11
1165 10
1166 10
1167 9
1168 9
1169 7
1170 12
1171 14
1172 13
1173 14
1174 13
1175 11
1176 9
1177 8
1178 8
1179 6
1180 5
1181 3
1182 3
1183 3
1184 4
1185 3
1186 4
1187 3
1188 4
1189 3
1190 5
1191 4
1192 2
1193 0
1194 2
1195 1
1196 2
1197 4
1198 5
1199 6
1200 8
1201 8
1202 10
1203 11
1204 8
1205 7
1206 7
1207 4
1208 3
1209 0
1210 3
1211 3
1212 4
1213 5
1214 7
1215 7
1216 7
1217 6
1218 4
1219 6
1220 5
1221 3
1222 4
1223 6
1224 7
1225 7
1226 5
1227 7
1228 10
1229 9
1230 8
1231 9
1232 9
1233 9
1234 10
1235 8
1236 7
1237 6
1238 6
1239 8
1240 7
1241 5
1242 6
1243 6
1244 7
1245 7
1246 6
1247 6
1248 7
1249 8
1250 7
1251 6
1252 7
1253 8
1254 6
1255 4
1256 5
1257 5
1258 3
1259 0
1260 5
1261 4
1262 2
1263 4
1264 7
1265 5
1266 3
1267 5
1268 5
1269 6
1270 6
1271 4
1272 4
1273 6
1274 5
1275 3
1276 3
1277 5
1278 3
1279 6
1280 7
1281 5
1282 6
1283 5
1284 7
1285 5
1286 8
1287 11
1288 13
1289 16
1290 13
1291 12
1292 10
1293 11
1294 11
1295 10
1296 13
1297 15
1298 12
1299 10
1300 8
1301 7
1302 8
1303 6
1304 5
1305 6
1306 6
1307 6
1308 6
1309 6
1310 6
1311 3
1312 2
1313 6
1314 7
1315 8
1316 13
1317 15
1318 12
1319 12
1320 10
1321 8
1322 7
1323 6
1324 5
1325 5
1326 3
1327 2
1328 3
1329 4
1330 5
1331 4
1332 5
1333 6
1334 9
1335 11
1336 12
1337 12
1338 14
1339 15
1340 12
1341 10
1342 7
1343 8
1344 8
1345 8
1346 6
1347 8
1348 6
1349 6
1350 6
1351 4
1352 5
1353 4
1354 2
1355 4
1356 4
1357 4
1358 4
1359 3
1360 4
1361 5
1362 4
1363 2
1364 3
1365 3
1366 7
1367 10
1368 10
1369 11
1370 10
1371 10
1372 10
1373 10
1374 10
1375 9
1376 9
1377 9
1378 11
1379 10
1380 10
1381 12
1382 12
1383 12
1384 10
1385 12
1386 11
1387 11
1388 13
1389 14
1390 15
1391 12
1392 13
1393 12
1394 11
1395 12
1396 11
1397 11
1398 10
1399 7
1400 7
1401 6
1402 4
1403 5
1404 8
1405 8
1406 8
1407 7
1408 6
1409 7
1410 7
1411 4
1412 4
1413 1
1414 3
1415 3
1416 4
1417 3
1418 2
1419 2
1420 5
1421 7
1422 5
1423 3
1424 1
1425 3
1426 1
1427 2
1428 3
1429 3
1430 3
1431 2
1432 5
1433 7
1434 6
1435 5
1436 6
1437 4
1438 5
1439 5
1440 6
1441 5
1442 5
1443 4
1444 4
1445 7
1446 5
1447 5
1448 4
1449 2
1450 2
1451 4
1452 3
1453 2
1454 5
1455 5
1456 6
1457 4
1458 5
1459 8
1460 10
1461 10
1462 9
1463 8
1464 7
1465 5
1466 6
1467 7
1468 9
1469 8
1470 9
1471 9
1472 10
1473 11
1474 12
1475 15
1476 12
1477 12
1478 11
1479 9
1480 8
1481 8
1482 9
1483 10
1484 8
1485 6
1486 7
1487 8
1488 7
1489 10
1490 7
1491 5
1492 4
1493 5
1494 2
1495 7
1496 7
1497 7
1498 6
1499 6
1500 5
1501 3
1502 0
1503 3
1504 1
1505 3
1506 1
1507 5
1508 4
1509 4
1510 4
1511 4
1512 3
1513 2
1514 3
1515 1
1516 5
1517 4
1518 7
1519 7
1520 6
1521 7
1522 9
1523 9
1524 8
1525 7
1526 8
1527 7
1528 8
1529 8
1530 9
1531 7
1532 4
1533 4
1534 8
1535 8
1536 9
1537 9
1538 9
1539 7
1540 5
1541 5
1542 8
1543 10
1544 11
1545 10
1546 11
1547 11
1548 8
1549 8
1550 8
1551 11
1552 9
1553 9
1554 7
1555 5
1556 6
1557 6
1558 5
1559 6
1560 8
1561 10
1562 10
1563 11
1564 13
1565 13
1566 13
1567 16
1568 13
1569 10
1570 11
1571 10
1572 10
1573 9
1574 10
1575 11
1576 9
1577 10
1578 9
1579 7
1580 7
1581 9
1582 8
1583 7
1584 6
1585 4
1586 4
1587 6
1588 5
1589 4
1590 3
1591 4
1592 3
1593 5
1594 6
1595 8
1596 8
1597 7
1598 5
1599 6
1600 3
1601 0
1602 5
1603 3
1604 4
1605 4
1606 7
1607 6
1608 7
1609 7
1610 5
1611 4
1612 2
1613 2
1614 2
1615 3
1616 3
1617 2
1618 3
1619 1
1620 4
1621 6
1622 5
1623 6
1624 5
1625 5
1626 4
1627 4
1628 3
1629 1
1630 4
1631 4
1632 5
1633 3
1634 1
1635 1
1636 2
1637 5
1638 4
1639 3
1640 3
1641 1
1642 4
1643 3
1644 3
1645 1
1646 3
1647 5
1648 6
1649 6
1650 5
1651 3
1652 4
1653 2
1654 2
1655 0
1656 1
1657 1
1658 3
1659 3
1660 3
1661 2
1662 2
1663 1
1664 2
1665 3
1666 3
1667 2
1668 5
1669 3
1670 5
1671 5
1672 5
1673 3
1674 1
1675 3
1676 2
1677 3
1678 3
1679 3
1680 0
1681 3
1682 2
1683 1
1684 4
1685 6
1686 6
1687 6
1688 6
1689 6
1690 5
1691 4
1692 5
1693 4
1694 5
1695 5
1696 6
1697 5
1698 7
1699 5
1700 4
1701 4
1702 3
1703 2
1704 2
1705 3
1706 4
1707 5
1708 6
1709 5
1710 8
1711 7
1712 7
1713 7
1714 9
1715 10
1716 11
1717 11
1718 10
1719 11
1720 13
1721 13
1722 15
1723 12
1724 11
1725 11
1726 9
1727 11
1728 10
1729 9
1730 9
1731 9
1732 9
1733 10
1734 9
1735 10
1736 10
1737 9
1738 12
1739 12
1740 11
1741 10
1742 12
1743 14
1744 12
1745 13
1746 12
1747 11
1748 11
1749 9
1750 8
1751 13
1752 12
1753 12
1754 11
1755 11
1756 11
1757 10
1758 9
1759 9
1760 9
1761 10
1762 11
1763 11
1764 13
1765 14
1766 13
1767 13
1768 14
1769 13
1770 12
1771 10
1772 10
1773 9
1774 10
1775 9
1776 9
1777 10
1778 13
1779 13
1780 15
1781 12
1782 10
1783 8
1784 8
1785 7
1786 6
1787 6
1788 6
1789 7
1790 5
1791 3
1792 1
1793 4
1794 5
1795 7
1796 7
1797 10
1798 11
1799 8
1800 7
1801 6
1802 6
1803 4
1804 6
1805 6
1806 4
1807 1
1808 5
1809 5
1810 7
1811 4
1812 5
1813 3
1814 5
1815 6
1816 6
1817 7
1818 5
1819 7
1820 9
1821 8
1822 8
1823 7
1824 9
1825 9
1826 13
1827 10
1828 8
1829 9
1830 10
1831 10
1832 9
1833 9
1834 9
1835 10
1836 9
1837 7
1838 8
1839 8
1840 7
1841 10
1842 13
1843 10
1844 8
1845 9
1846 7
1847 8
1848 7
1849 5
1850 4
1851 4
1852 6
1853 6
1854 6
1855 5
1856 5
1857 9
1858 9
1859 8
1860 7
1861 7
1862 8
1863 7
1864 4
1865 3
1866 2
1867 4
1868 4
1869 2
1870 3
1871 2
1872 2
1873 2
1874 1
1875 5
1876 5
1877 4
1878 5
1879 3
1880 4
1881 3
1882 6
1883 6
1884 5
1885 3
1886 4
1887 2
1888 2
1889 2
1890 3
1891 2
1892 1
1893 1
1894 6
1895 7
1896 7
1897 6
1898 6
1899 6
1900 4
1901 6
1902 5
1903 6
1904 7
1905 8
1906 7
1907 9
1908 10
1909 9
1910 7
1911 7
1912 8
1913 7
1914 6
1915 7
1916 7
1917 5
1918 4
1919 3
1920 2
1921 2
1922 1
1923 2
1924 5
1925 7
1926 7
1927 7
1928 9
1929 10
1930 10
1931 11
1932 9
1933 10
1934 10
1935 11
1936 12
1937 11
1938 12
1939 11
1940 11
1941 11
1942 10
1943 8
1944 9
1945 6
1946 6
1947 7
1948 5
1949 4
1950 7
1951 5
1952 7
1953 7
1954 6
1955 5
1956 6
1957 5
1958 6
1959 4
1960 4
1961 4
1962 4
1963 3
1964 4
1965 5
1966 6
1967 5
1968 4
1969 2
1970 4
1971 2
1972 4
1973 4
1974 4
1975 4
1976 4
1977 4
1978 4
1979 4
1980 6
1981 6
1982 6
1983 5
1984 9
1985 10
1986 12
1987 10
1988 8
1989 6
1990 6
1991 6
1992 5
1993 4
1994 3
1995 2
1996 4
1997 2
1998 2
1999 4
2000 3
2001 4
2002 3
2003 3
2004 1
2005 1
2006 4
2007 3
2008 4
2009 3
2010 3
2011 3
2012 4
2013 3
2014 2
2015 3
2016 2
2017 1
2018 4
2019 4
2020 4
2021 7
2022 8
2023 9
2024 11
2025 12
2026 11
2027 10
2028 8
2029 11
2030 11
2031 9
2032 10
2033 11
2034 13
2035 13
2036 11
2037 13
2038 12
2039 11
2040 14
2041 13
2042 14
2043 13
2044 15
2045 12
2046 14
2047 16
2048 13
2049 15
2050 12
2051 14
2052 13
2053 15
2054 12
2055 13
2056 14
2057 14
2058 14
2059 15
2060 12
2061 13
2062 13
2063 13
2064 14
2065 16
2066 13
2067 16
2068 13
2069 11
2070 12
2071 14
2072 14
2073 12
2074 11
2075 12
2076 12
2077 11
2078 15
2079 12
2080 11
2081 13
2082 10
2083 10
2084 13
2085 14
2086 17
2087 14
2088 12
2089 10
2090 7
2091 10
2092 10
2093 10
2094 11
2095 10
2096 11
2097 11
2098 12
2099 14
2100 13
2101 15
2102 12
2103 10
2104 11
2105 11
2106 13
2107 13
2108 13
2109 12
2110 12
2111 10
2112 11
2113 14
2114 14
2115 15
2116 12
2117 13
2118 12
2119 13
2120 12
2121 12
2122 13
2123 14
2124 16
2125 13
2126 14
2127 13
2128 12
2129 11
2130 10
2131 9
2132 9
2133 10
2134 13
2135 10
2136 9
2137 6
2138 5
2139 3
2140 2
2141 3
2142 6
2143 7
2144 10
2145 10
2146 9
2147 8
2148 9
2149 8
2150 7
2151 8
2152 8
2153 8
2154 7
2155 9
2156 11
2157 9
2158 9
2159 9
2160 7
2161 5
2162 5
2163 3
2164 1
2165 2
2166 5
2167 4
2168 2
2169 2
2170 2
2171 3
2172 1
2173 5
2174 7
2175 7
2176 7
2177 5
2178 7
2179 6
2180 7
2181 5
2182 2
2183 3
2184 1
2185 2
2186 5
2187 5
2188 4
2189 2
2190 3
2191 2
2192 1
2193 4
2194 2
2195 2
2196 2
2197 5
2198 4
2199 4
2200 3
2201 2
2202 3
2203 2
2204 7
2205 6
2206 7
2207 6
2208 3
2209 1
2210 4
2211 5
2212 3
2213 0
2214 4
2215 4
2216 4
2217 2
2218 5
2219 3
2220 3
2221 2
2222 2
2223 2
2224 5
2225 6
2226 5
2227 5
2228 6
2229 5
2230 7
2231 9
2232 8
2233 6
2234 4
2235 3
2236 2
2237 4
2238 4
2239 2
2240 4
2241 3
2242 4
2243 2
2244 0
2245 3
2246 3
2247 4
2248 3
2249 2
2250 3
2251 1
2252 3
2253 0
2254 3
2255 2
2256 0
2257 2
2258 3
2259 4
2260 1
2261 1
2262 1
2263 4
2264 2
2265 3
2266 1
2267 2
2268 1
2269 3
2270 2
2271 3
2272 4
2273 3
2274 2
2275 3
2276 2
2277 2
2278 2
2279 3
2280 3
2281 3
2282 2
2283 1
2284 0
2285 1
2286 2
2287 2
2288 3
2289 3
2290 2
2291 0
2292 2
2293 4
2294 3
2295 2
2296 4
2297 5
2298 5
2299 7
2300 8
2301 8
2302 8
2303 7
2304 7
2305 5
2306 4
2307 4
2308 3
2309 4
2310 4
2311 2
2312 5
2313 7
2314 4
2315 6
2316 6
2317 6
2318 6
2319 6
2320 8
2321 8
2322 8
2323 9
2324 11
2325 11
2326 11
2327 8
2328 8
2329 9
2330 8
2331 7
2332 9
2333 7
2334 7
2335 9
2336 6
2337 5
2338 3
2339 3
2340 2
2341 2
2342 3
2343 6
2344 5
2345 4
2346 2
2347 3
2348 4
2349 4
2350 3
2351 1
2352 5
2353 5
2354 7
2355 5
2356 4
2357 2
2358 4
2359 4
2360 6
2361 3
2362 4
2363 4
2364 5
2365 5
2366 4
2367 5
2368 3
2369 4
2370 5
2371 5
2372 8
2373 8
2374 9
2375 9
2376 7
2377 10
2378 12
2379 14
2380 16
2381 13
2382 14
2383 11
2384 10
2385 9
2386 8
2387 8
2388 7
2389 8
2390 7
2391 6
2392 3
2393 4
2394 3
2395 1
2396 6
2397 5
2398 5
2399 7
2400 11
2401 11
2402 9
2403 12
2404 10
2405 9
2406 12
2407 12
2408 12
2409 11
2410 12
2411 13
2412 12
2413 10
2414 10
2415 10
2416 8
2417 8
2418 7
2419 6
2420 8
2421 6
2422 5
2423 8
2424 5
2425 5
2426 7
2427 5
2428 3
2429 5
2430 5
2431 2
2432 4
2433 4
2434 9
2435 9
2436 11
2437 12
2438 12
2439 11
2440 12
2441 12
2442 12
2443 12
2444 11
2445 12
2446 9
2447 12
2448 12
2449 12
2450 13
2451 16
2452 13
2453 14
2454 15
2455 12
2456 13
2457 13
2458 17
2459 14
2460 14
2461 13
2462 14
2463 13
2464 11
2465 13
2466 13
2467 11
2468 12
2469 12
2470 11
2471 9
2472 7
2473 5
2474 6
2475 5
2476 4
2477 4
2478 5
2479 4
2480 2
2481 2
2482 3
2483 1
2484 2
2485 3
2486 2
2487 3
2488 3
2489 3
2490 2
2491 2
2492 5
2493 4
2494 2
2495 3
2496 1
2497 2
2498 2
2499 0
2500 3
2501 2
2502 3
2503 2
2504 7
2505 6
2506 8
2507 10
2508 7
2509 5
2510 4
2511 4
2512 6
2513 4
2514 3
2515 3
2516 2
2517 5
2518 4
2519 4
2520 6
2521 5
2522 6
2523 6
2524 6
2525 7
2526 6
2527 7
2528 6
2529 7
2530 5
2531 4
2532 7
2533 5
2534 4
2535 2
2536 3
2537 1
2538 2
2539 2
2540 4
2541 5
2542 7
2543 10
2544 10
2545 8
2546 9
2547 9
2548 7
2549 6
2550 5
2551 9
2552 10
2553 10
2554 11
2555 11
2556 10
2557 9
2558 11
2559 11
2560 12
2561 12
2562 13
2563 13
2564 10
2565 10
2566 9
2567 9
2568 6
2569 7
2570 6
2571 6
2572 8
2573 9
2574 9
2575 7
2576 6
2577 4
2578 4
2579 7
2580 7
2581 5
2582 4
2583 5
2584 5
2585 6
2586 6
2587 3
2588 4
2589 3
2590 3
2591 1
2592 4
2593 6
2594 4
2595 5
2596 3
2597 2
2598 3
2599 4
2600 5
2601 2
2602 4
2603 3
2604 2
2605 3
2606 1
2607 6
2608 4
2609 4
2610 7
2611 7
2612 10
2613 11
2614 12
2615 14
2616 15
2617 12
2618 11
2619 11
2620 10
2621 10
2622 12
2623 12
2624 13
2625 15
2626 12
2627 13
2628 13
2629 16
2630 13
2631 10
2632 10
2633 12
2634 10
2635 9
2636 8
2637 8
2638 9
2639 9
2640 8
2641 8
2642 6
2643 8
2644 9
2645 8
2646 8
2647 9
2648 10
2649 9
2650 10
2651 8
2652 11
2653 9
2654 10
2655 10
2656 9
2657 11
2658 10
2659 7
2660 7
2661 7
2662 5
2663 6
2664 8
2665 6
2666 5
2667 4
2668 3
2669 3
2670 1
2671 4
2672 4
2673 2
2674 2
2675 4
2676 4
2677 3
2678 3
2679 4
2680 6
2681 6
2682 4
2683 4
2684 6
2685 5
2686 5
2687 6
2688 6
2689 6
2690 7
2691 9
2692 7
2693 5
2694 5
2695 5
2696 5
2697 5
2698 6
2699 4
2700 2
2701 4
2702 4
2703 5
2704 4
2705 5
2706 5
2707 4
2708 3
2709 4
2710 2
2711 4
2712 4
2713 4
2714 2
2715 3
2716 4
2717 2
2718 2
2719 4
2720 5
2721 5
2722 4
2723 2
2724 2
2725 2
2726 5
2727 3
2728 4
2729 4
2730 3
2731 1
2732 3
2733 2
2734 2
2735 2
2736 2
2737 2
2738 4
2739 5
2740 6
2741 6
2742 8
2743 8
2744 8
2745 8
2746 7
2747 8
2748 9
2749 9
2750 6
2751 9
2752 10
2753 9
2754 6
2755 5
2756 6
2757 6
2758 5
2759 6
2760 4
2761 2
2762 2
2763 2
2764 0
2765 3
2766 2
2767 3
2768 2
2769 1
2770 3
2771 5
2772 6
2773 7
2774 6
2775 5
2776 6
2777 7
2778 9
2779 8
2780 6
2781 4
2782 2
2783 5
2784 4
2785 4
2786 4
2787 4
2788 2
2789 5
2790 4
2791 6
2792 7
2793 6
2794 7
2795 4
2796 4
2797 1
2798 4
2799 3
2800 5
2801 3
2802 5
2803 5
2804 6
2805 7
2806 7
2807 5
2808 2
2809 2
2810 3
2811 5
2812 4
2813 1
2814 3
2815 2
2816 4
2817 3
2818 3
2819 1
2820 4
2821 5
2822 5
2823 4
2824 4
2825 2
2826 1
2827 3
2828 3
2829 4
2830 4
2831 3
2832 3
2833 1
2834 2
2835 5
2836 4
2837 4
2838 2
2839 5
2840 3
2841 3
2842 3
2843 3
2844 3
2845 1
2846 3
2847 3
2848 5
2849 4
2850 6
2851 7
2852 7
2853 6
2854 6
2855 7
2856 8
2857 7
2858 11
2859 10
2860 12
2861 13
2862 14
2863 13
2864 13
2865 12
2866 11
2867 10
2868 11
2869 10
2870 11
2871 13
2872 14
2873 12
2874 15
2875 12
2876 9
2877 11
2878 11
2879 11
2880 13
2881 15
2882 12
2883 14
2884 14
2885 15
2886 12
2887 11
2888 11
2889 12
2890 13
2891 15
2892 12
2893 11
2894 12
2895 12
2896 13
2897 12
2898 12
2899 12
2900 12
2901 12
2902 11
2903 10
2904 10
2905 8
2906 7
2907 8
2908 10
2909 8
2910 10
2911 11
2912 10
2913 11
2914 11
2915 12
2916 15
2917 12
2918 11
2919 12
2920 11
2921 12
2922 11
2923 13
2924 11
2925 11
2926 11
2927 13
2928 11
2929 11
2930 11
2931 8
2932 10
2933 11
2934 14
2935 14
2936 15
2937 12
2938 10
2939 9
2940 8
2941 8
2942 7
2943 6
2944 5
2945 5
2946 4
2947 2
2948 3
2949 2
2950 3
2951 3
2952 5
2953 5
2954 2
2955 2
2956 1
2957 4
2958 3
2959 4
2960 2
2961 3
2962 4
2963 3
2964 3
2965 3
2966 1
2967 6
2968 6
2969 7
2970 6
2971 4
2972 4
2973 5
2974 5
2975 6
2976 7
2977 10
2978 10
2979 10
2980 11
2981 12
2982 12
2983 11
2984 10
2985 9
2986 6
2987 5
2988 3
2989 2
2990 3
2991 4
2992 4
2993 7
2994 10
2995 9
2996 8
2997 8
2998 10
2999 10
3000 9
3001 10
3002 10
3003 9
3004 8
3005 8
3006 8
3007 6
3008 5
3009 5
3010 3
3011 6
3012 4
3013 2
3014 5
3015 3
3016 2
3017 4
3018 4
3019 2
3020 3
3021 3
3022 0
3023 6
3024 9
3025 10
3026 9
3027 11
3028 12
3029 12
3030 12
3031 11
3032 13
3033 16
3034 13
3035 11
3036 11
3037 9
3038 7
3039 7
3040 7
3041 6
3042 6
3043 6
3044 6
3045 6
3046 5
3047 4
3048 5
3049 6
3050 4
3051 7
3052 8
3053 7
3054 7
3055 8
3056 10
3057 9
3058 8
3059 8
3060 10
3061 9
3062 9
3063 7
3064 5
3065 7
3066 6
3067 6
3068 9
3069 8
3070 8
3071 8
3072 8
3073 5
3074 7
3075 9
3076 9
3077 7
3078 7
3079 8
3080 8
3081 9
3082 9
3083 9
3084 8
3085 8
3086 8
3087 9
3088 9
3089 10
3090 9
3091 7
3092 6
3093 5
3094 6
3095 8
3096 9
3097 9
3098 7
3099 5
3100 7
3101 6
3102 7
3103 7
3104 6
3105 7
3106 8
3107 8
3108 6
3109 6
3110 5
3111 6
3112 5
3113 7
3114 9
3115 10
3116 8
3117 8
3118 8
3119 9
3120 10
3121 10
3122 11
3123 11
3124 13
3125 12
3126 11
3127 10
3128 9
3129 8
3130 9
3131 7
3132 5
3133 5
3134 4
3135 3
3136 6
3137 7
3138 8
3139 8
3140 8
3141 8
3142 6
3143 9
3144 8
3145 6
3146 4
3147 6
3148 6
3149 5
3150 2
3151 3
3152 2
3153 3
3154 2
3155 2
3156 3
3157 2
3158 6
3159 4
3160 4
3161 2
3162 1
3163 1
3164 3
3165 2
3166 5
3167 7
3168 5
3169 5
3170 3
3171 2
3172 2
3173 3
3174 3
3175 6
3176 6
3177 9
3178 11
3179 8
3180 7
3181 6
3182 6
3183 8
3184 7
3185 7
3186 7
3187 7
3188 6
3189 7
3190 9
3191 8
3192 7
3193 6
3194 6
3195 4
3196 5
3197 2
3198 4
3199 4
3200 8
3201 8
3202 9
3203 8
3204 7
3205 7
3206 7
3207 8
3208 7
3209 7
3210 4
3211 3
3212 2
3213 2
3214 4
3215 4
3216 3
3217 3
3218 4
3219 6
3220 5
3221 6
3222 5
3223 5
3224 7
3225 7
3226 8
3227 7
3228 6
3229 6
3230 5
3231 6
3232 4
3233 2
3234 7
3235 7
3236 8
3237 7
3238 8
3239 8
3240 7
3241 7
3242 6
3243 6
3244 7
3245 7
3246 5
3247 3
3248 4
3249 5
3250 3
3251 4
3252 7
3253 7
3254 6
3255 3
3256 3
3257 4
3258 5
3259 5
3260 5
3261 4
3262 4
3263 4
3264 2
3265 3
3266 3
3267 1
3268 5
3269 4
3270 4
3271 3
3272 2
3273 1
3274 3
3275 3
3276 3
3277 2
3278 3
3279 1
3280 4
3281 2
3282 3
3283 2
3284 3
3285 3
3286 6
3287 5
3288 3
3289 1
3290 0
3291 4
3292 6
3293 5
3294 6
3295 6
3296 5
3297 5
3298 6
3299 6
3300 7
3301 9
3302 8
3303 7
3304 6
3305 4
3306 2
3307 3
3308 1
3309 2
3310 7
3311 8
3312 10
3313 9
3314 11
3315 11
3316 10
3317 11
3318 11
3319 12
3320 11
3321 9
3322 10
3323 9
3324 7
3325 9
3326 10
3327 13
3328 11
3329 12
3330 13
3331 17
3332 14
3333 14
3334 14
3335 15
3336 12
3337 12
3338 11
3339 11
3340 12
3341 11
3342 12
3343 13
3344 14
3345 16
3346 13
3347 13
3348 13
3349 14
3350 14
3351 15
3352 12
3353 16
3354 13
3355 12
3356 11
3357 13
3358 11
3359 10
3360 13
3361 11
3362 10
3363 12
3364 15
3365 12
3366 9
3367 13
3368 13
3369 12
3370 12
3371 13
3372 13
3373 16
3374 13
3375 13
3376 11
3377 11
3378 10
3379 11
3380 10
3381 8
3382 9
3383 10
3384 8
3385 7
3386 8
3387 7
3388 5
3389 5
3390 7
3391 8
3392 8
3393 9
3394 12
3395 12
3396 11
3397 12
3398 13
3399 11
3400 11
3401 13
3402 11
3403 10
3404 13
3405 13
3406 14
3407 15
3408 12
3409 15
3410 12
3411 11
3412 9
3413 9
3414 8
3415 8
3416 9
3417 8
3418 8
3419 7
3420 9
3421 9
3422 11
3423 11
3424 9
3425 8
3426 8
3427 7
3428 6
3429 6
3430 7
3431 8
3432 9
3433 9
3434 10
3435 10
3436 10
3437 9
3438 7
3439 8
3440 8
3441 5
3442 7
3443 7
3444 10
3445 8
3446 7
3447 4
3448 3
3449 2
3450 3
3451 2
3452 5
3453 4
3454 4
3455 3
3456 1
3457 1
3458 1
3459 4
3460 5
3461 4
3462 2
3463 2
3464 4
3465 4
3466 5
3467 4
3468 1
3469 2
3470 4
3471 2
3472 4
3473 2
3474 3
3475 3
3476 5
3477 4
3478 1
3479 5
3480 5
3481 6
3482 10
3483 9
3484 10
3485 11
3486 12
3487 13
3488 16
3489 13
3490 15
3491 12
3492 12
3493 10
3494 8
3495 6
3496 7
3497 7
3498 10
3499 11
3500 12
3501 11
3502 12
3503 11
3504 11
3505 9
3506 8
3507 8
3508 9
3509 9
3510 8
3511 6
3512 5
3513 5
3514 5
3515 3
3516 2
3517 2
3518 0
3519 1
3520 3
3521 5
3522 5
3523 3
3524 4
3525 2
3526 6
3527 8
3528 7
3529 8
3530 6
3531 6
3532 6
3533 6
3534 6
3535 7
3536 6
3537 7
3538 7
3539 8
3540 7
3541 5
3542 2
3543 0
3544 1
3545 5
3546 6
3547 7
3548 8
3549 9
3550 9
3551 8
3552 6
3553 5
3554 5
3555 4
3556 3
3557 5
3558 4
3559 3
3560 4
3561 1
3562 2
3563 3
3564 4
3565 4
3566 4
3567 3
3568 2
3569 4
3570 5
3571 6
3572 5
3573 5
3574 3
3575 3
3576 2
3577 6
3578 4
3579 3
3580 4
3581 1
3582 2
3583 4
3584 4
3585 3
3586 2
3587 4
3588 3
3589 2
3590 3
3591 2
3592 0
3593 4
3594 3
3595 2
3596 2
3597 7
3598 5
3599 3
3600 4
3601 5
3602 5
3603 6
3604 7
3605 5
3606 4
3607 6
3608 7
3609 7
3610 6
3611 5
3612 4
3613 6
3614 4
3615 2
3616 5
3617 2
3618 3
3619 2
3620 3
3621 5
3622 5
3623 5
3624 7
3625 7
3626 5
3627 4
3628 6
3629 5
3630 5
3631 9
3632 10
3633 12
3634 12
3635 12
3636 11
3637 10
3638 9
3639 10
3640 9
3641 7
3642 8
3643 5
3644 6
3645 5
3646 8
3647 8
3648 8
3649 6
3650 5
3651 6
3652 5
3653 4
3654 2
3655 3
3656 4
3657 4
3658 2
3659 4
3660 4
3661 4
3662 5
3663 4
3664 8
3665 6
3666 5
3667 6
3668 5
3669 4
3670 6
3671 6
3672 6
3673 8
3674 7
3675 6
3676 5
3677 4
3678 4
3679 1
3680 5
3681 5
3682 6
3683 6
3684 5
3685 7
3686 6
3687 5
3688 3
3689 2
3690 4
3691 4
3692 3
3693 3
3694 1
3695 2
3696 2
3697 3
3698 3
3699 4
3700 6
3701 3
3702 3
3703 2
3704 2
3705 2
3706 1
3707 2
3708 4
3709 4
3710 4
3711 3
3712 4
3713 4
3714 5
3715 7
3716 7
3717 6
3718 6
3719 7
3720 7
3721 8
3722 7
3723 7
3724 7
3725 7
3726 7
3727 7
3728 6
3729 8
3730 7
3731 9
3732 9
3733 9
3734 9
3735 10
3736 9
3737 12
3738 11
3739 13
3740 12
3741 15
3742 12
3743 10
3744 13
3745 13
3746 15
3747 12
3748 14
3749 15
3750 12
3751 12
3752 13
3753 14
3754 14
3755 13
3756 11
3757 9
3758 11
3759 11
3760 8
3761 9
3762 8
3763 7
3764 7
3765 9
3766 10
3767 11
3768 8
3769 8
3770 7
3771 7
3772 7
3773 5
3774 4
3775 4
3776 4
3777 4
3778 5
3779 3
3780 3
3781 2
3782 0
3783 3
3784 4
3785 2
3786 1
3787 3
3788 5
3789 3
3790 2
3791 5
3792 3
3793 4
3794 1
3795 2
3796 5
3797 3
3798 1
3799 8
3800 8
3801 8
3802 9
3803 8
3804 7
3805 7
3806 9
3807 9
3808 9
3809 9
3810 9
3811 7
3812 8
3813 9
3814 9
3815 8
3816 11
3817 12
3818 12
3819 10
3820 13
3821 14
3822 16
3823 13
3824 13
3825 15
3826 12
3827 11
3828 9
3829 7
3830 6
3831 5
3832 4
3833 5
3834 6
3835 6
3836 6
3837 8
3838 8
3839 9
3840 7
3841 8
3842 7
3843 8
3844 8
3845 7
3846 6
3847 5
3848 3
3849 1
3850 5
3851 6
3852 4
3853 5
3854 2
3855 5
3856 4
3857 1
3858 3
3859 6
3860 8
3861 10
3862 10
3863 10
3864 9
3865 9
3866 10
3867 10
3868 14
3869 15
3870 12
3871 12
3872 11
3873 8
3874 8
3875 10
3876 11
3877 14
3878 14
3879 14
3880 16
3881 13
3882 14
3883 14
3884 13
3885 12
3886 11
3887 13
3888 12
3889 13
3890 13
3891 13
3892 11
3893 11
3894 12
3895 13
3896 13
3897 15
3898 12
3899 14
3900 12
3901 12
3902 12
3903 12
3904 13
3905 15
3906 12
3907 14
3908 13
3909 11
3910 10
3911 9
3912 9
3913 8
3914 9
3915 11
3916 10
3917 8
3918 7
3919 8
3920 9
3921 10
3922 11
3923 11
3924 10
3925 9
3926 10
3927 11
3928 10
3929 9
3930 10
3931 9
3932 7
3933 8
3934 10
3935 12
3936 11
3937 10
3938 11
3939 12
3940 13
3941 13
3942 13
3943 12
3944 11
3945 11
3946 11
3947 11
3948 9
3949 9
3950 10
3951 12
3952 13
3953 12
3954 11
3955 13
3956 12
3957 15
3958 12
3959 11
3960 9
3961 9
3962 8
3963 8
3964 7
3965 8
3966 9
3967 10
3968 11
3969 13
3970 14
3971 15
3972 12
3973 13
3974 14
3975 13
3976 13
3977 13
3978 12
3979 11
3980 12
3981 11
3982 10
3983 10
3984 11
3985 12
3986 11
3987 11
3988 10
3989 8
3990 5
3991 5
3992 5
3993 4
3994 6
3995 5
3996 3
3997 4
3998 6
3999 6
4000 7
4001 9
4002 10
4003 9
4004 12
4005 10
4006 9
4007 10
4008 10
4009 13
4010 13
4011 10
4012 10
4013 12
4014 12
4015 14
4016 16
4017 13
4018 12
4019 11
4020 10
4021 11
4022 9
4023 10
4024 7
4025 8
4026 7
4027 8
4028 7
4029 8
4030 8
4031 6
4032 5
4033 2
4034 4
4035 4
4036 5
4037 5
4038 4
4039 4
4040 4
4041 5
4042 6
4043 6
4044 5
4045 7
4046 6
4047 7
4048 7
4049 8
4050 8
4051 7
4052 10
4053 11
4054 9
4055 8
4056 7
4057 8
4058 8
4059 9
4060 9
4061 8
4062 9
4063 8
4064 10
4065 9
4066 9
4067 11
4068 9
4069 9
4070 8
4071 7
4072 7
4073 8
4074 9
4075 6
4076 4
4077 5
4078 6
4079 6
4080 7
4081 8
4082 10
4083 12
4084 11
4085 9
4086 8
4087 10
4088 9
4089 10
4090 10
4091 13
4092 14
4093 17
4094 14
4095 14
4096 13
4097 13
4098 12
4099 13
4100 13
4101 12
4102 13
4103 13
4104 13
4105 17
4106 14
4107 14
4108 14
4109 13
4110 14
4111 12
4112 10
4113 11
4114 10
4115 10
4116 9
4117 8
4118 13
4119 14
4120 12
4121 11
4122 12
4123 13
4124 15
4125 12
4126 13
4127 14
4128 12
4129 12
4130 13
4131 13
4132 11
4133 11
4134 11
4135 10
4136 10
4137 8
4138 6
4139 8
4140 10
4141 11
4142 10
4143 14
4144 14
4145 11
4146 10
4147 9
4148 7
4149 5
4150 2
4151 4
4152 3
4153 3
4154 3
4155 3
4156 1
4157 6
4158 4
4159 6
4160 10
4161 12
4162 13
4163 16
4164 13
4165 14
4166 11
4167 10
4168 11
4169 10
4170 8
4171 9
4172 9
4173 10
4174 9
4175 8
4176 7
4177 8
4178 7
4179 6
4180 5
4181 5
4182 4
4183 3
4184 1
4185 3
4186 4
4187 3
4188 4
4189 4
4190 4
4191 4
4192 4
4193 3
4194 1
4195 5
4196 5
4197 4
4198 3
4199 1
4200 3
4201 2
4202 1
4203 4
4204 4
4205 4
4206 5
4207 4
4208 5
4209 5
4210 3
4211 5
4212 5
4213 5
4214 6
4215 7
4216 9
4217 9
4218 9
4219 10
4220 12
4221 13
4222 12
4223 10
4224 9
4225 8
4226 9
4227 8
4228 6
4229 5
4230 5
4231 7
4232 6
4233 5
4234 7
4235 9
4236 7
4237 8
4238 7
4239 8
4240 9
4241 10
4242 11
4243 13
4244 14
4245 15
4246 12
4247 13
4248 12
4249 13
4250 12
4251 12
4252 13
4253 12
4254 12
4255 11
4256 11
4257 12
4258 10
4259 11
4260 9
4261 7
4262 7
4263 9
4264 10
4265 13
4266 12
4267 14
4268 13
4269 10
4270 9
4271 10
4272 11
4273 12
4274 12
4275 13
4276 12
4277 12
4278 15
4279 12
4280 13
4281 12
4282 10
4283 11
4284 11
4285 13
4286 13
4287 12
4288 13
4289 12
4290 10
4291 7
4292 5
4293 5
4294 5
4295 6
4296 6
4297 4
4298 5
4299 7
4300 7
4301 6
4302 4
4303 7
4304 5
4305 3
4306 3
4307 5
4308 5
4309 4
4310 5
4311 3
4312 6
4313 6
4314 6
4315 9
4316 10
4317 8
4318 6
4319 6
4320 4
4321 3
4322 3
4323 4
4324 3
4325 4
4326 4
4327 5
4328 2
4329 1
4330 2
4331 4
4332 3
4333 5
4334 6
4335 7
4336 5
4337 4
4338 7
4339 6
4340 7
4341 8
4342 9
4343 9
4344 8
4345 5
4346 9
4347 9
4348 10
4349 12
4350 12
4351 12
4352 12
4353 10
4354 8
4355 6
4356 7
4357 6
4358 6
4359 7
4360 7
4361 7
4362 7
4363 6
4364 7
4365 5
4366 8
4367 10
4368 10
4369 7
4370 8
4371 8
4372 6
4373 5
4374 7
4375 7
4376 6
4377 6
4378 9
4379 8
4380 8
4381 8
4382 11
4383 9
4384 9
4385 8
4386 8
4387 8
4388 11
4389 15
4390 12
4391 11
4392 9
4393 9
4394 10
4395 11
4396 12
4397 11
4398 11
4399 9
4400 9
4401 9
4402 8
4403 7
4404 6
4405 4
4406 3
4407 5
4408 3
4409 3
4410 3
4411 3
4412 0
4413 3
4414 2
4415 3
4416 4
4417 5
4418 5
4419 6
4420 3
4421 3
4422 4
4423 3
4424 1
4425 1
4426 3
4427 5
4428 6
4429 7
4430 7
4431 6
4432 6
4433 8
4434 7
4435 6
4436 6
4437 5
4438 8
4439 7
4440 9
4441 8
4442 7
4443 7
4444 7
4445 10
4446 8
4447 9
4448 9
4449 10
4450 10
4451 11
4452 12
4453 13
4454 13
4455 11
4456 11
4457 11
4458 9
4459 8
4460 8
4461 10
4462 11
4463 12
4464 12
4465 13
4466 12
4467 11
4468 11
4469 10
4470 9
4471 8
4472 10
4473 9
4474 7
4475 4
4476 5
4477 5
4478 2
4479 1
4480 2
4481 2
4482 4
4483 4
4484 2
4485 4
4486 4
4487 1
4488 6
4489 6
4490 5
4491 3
4492 4
4493 3
4494 4
4495 3
4496 3
4497 5
4498 6
4499 8
4500 9
4501 12
4502 12
4503 10
4504 10
4505 10
4506 7
4507 9
4508 10
4509 10
4510 9
4511 10
4512 11
4513 11
4514 13
4515 12
4516 15
4517 12
4518 13
4519 13
4520 13
4521 15
4522 12
4523 12
4524 13
4525 12
4526 13
4527 12
4528 11
4529 13
4530 13
4531 11
4532 10
4533 9
4534 7
4535 8
4536 8
4537 9
4538 7
4539 6
4540 8
4541 7
4542 5
4543 4
4544 4
4545 5
4546 8
4547 7
4548 6
4549 6
4550 5
4551 4
4552 5
4553 5
4554 3
4555 4
4556 2
4557 6
4558 3
4559 3
4560 4
4561 3
4562 3
4563 2
4564 3
4565 3
4566 4
4567 4
4568 3
4569 0
4570 3
4571 3
4572 3
4573 6
4574 6
4575 7
4576 6
4577 5
4578 6
4579 5
4580 6
4581 4
4582 3
4583 4
4584 3
4585 1
4586 2
4587 2
4588 3
4589 4
4590 4
4591 3
4592 0
4593 4
4594 4
4595 2
4596 1
4597 2
4598 4
4599 1
4600 3
4601 4
4602 3
4603 3
4604 2
4605 0
4606 2
4607 4
4608 8
4609 8
4610 7
4611 7
4612 8
4613 7
4614 8
4615 7
4616 7
4617 6
4618 6
4619 6
4620 6
4621 6
4622 6
4623 5
4624 4
4625 4
4626 6
4627 8
4628 8
4629 6
4630 4
4631 5
4632 8
4633 6
4634 3
4635 0
4636 2
4637 2
4638 1
4639 1
4640 3
4641 4
4642 6
4643 4
4644 3
4645 3
4646 2
4647 2
4648 0
4649 2
4650 1
4651 5
4652 6
4653 6
4654 8
4655 9
4656 9
4657 7
4658 8
4659 7
4660 9
4661 9
4662 9
4663 7
4664 8
4665 7
4666 8
4667 8
4668 5
4669 6
4670 6
4671 4
4672 2
4673 3
4674 4
4675 4
4676 3
4677 2
4678 1
4679 4
4680 5
4681 9
4682 7
4683 7
4684 8
4685 7
4686 9
4687 10
4688 14
4689 13
4690 13
4691 15
4692 12
4693 12
4694 10
4695 10
4696 7
4697 6
4698 7
4699 6
4700 5
4701 5
4702 5
4703 4
4704 3
4705 5
4706 6
4707 4
4708 5
4709 4
4710 3
4711 4
4712 5
4713 3
4714 3
4715 2
4716 1
4717 0
4718 1
4719 3
4720 4
4721 5
4722 2
4723 4
4724 4
4725 1
4726 3
4727 3
4728 2
4729 2
4730 1
4731 4
4732 8
4733 6
4734 4
4735 4
4736 6
4737 6
4738 6
4739 6
4740 6
4741 8
4742 10
4743 11
4744 11
4745 13
4746 13
4747 12
4748 14
4749 14
4750 15
4751 12
4752 13
4753 15
4754 12
4755 14
4756 15
4757 12
4758 13
4759 12
4760 10
4761 7
4762 9
4763 9
4764 9
4765 10
4766 11
4767 10
4768 12
4769 12
4770 10
4771 10
4772 9
4773 8
4774 7
4775 8
4776 6
4777 7
4778 4
4779 3
4780 3
4781 2
4782 1
4783 1
4784 5
4785 5
4786 5
4787 8
4788 7
4789 5
4790 7
4791 5
4792 3
4793 0
4794 0
4795 2
4796 2
4797 3
4798 0
4799 3
4800 2
4801 0
4802 5
4803 3
4804 2
4805 1
4806 1
4807 2
4808 3
4809 2
4810 2
4811 5
4812 3
4813 7
4814 10
4815 11
4816 13
4817 13
4818 15
4819 12
4820 13
4821 13
4822 12
4823 12
4824 11
4825 9
4826 9
4827 9
4828 8
4829 7
4830 9
4831 9
4832 7
4833 6
4834 6
4835 5
4836 5
4837 5
4838 6
4839 7
4840 6
4841 4
4842 5
4843 6
4844 6
4845 5
4846 7
4847 8
4848 5
4849 6
4850 5
4851 2
4852 1
4853 2
4854 3
4855 0
4856 1
4857 3
4858 2
4859 3
4860 2
4861 1
4862 3
4863 4
4864 4
4865 4
4866 4
4867 2
4868 4
4869 2
4870 3
4871 1
4872 5
4873 4
4874 6
4875 5
4876 7
4877 6
4878 7
4879 9
4880 10
4881 10
4882 12
4883 13
4884 12
4885 10
4886 10
4887 8
4888 10
4889 10
4890 9
4891 11
4892 10
4893 10
4894 10
4895 9
4896 11
4897 13
4898 13
4899 12
4900 11
4901 12
4902 10
4903 10
4904 11
4905 13
4906 12
4907 11
4908 12
4909 14
4910 12
4911 11
4912 11
4913 11
4914 9
4915 9
4916 6
4917 5
4918 4
4919 2
4920 3
4921 1
4922 2
4923 3
4924 3
4925 3
4926 3
4927 3
4928 1
4929 2
4930 1
4931 2
4932 6
4933 7
4934 5
4935 4
4936 9
4937 7
4938 6
4939 5
4940 7
4941 6
4942 7
4943 9
4944 7
4945 4
4946 7
4947 7
4948 8
4949 8
4950 7
4951 7
4952 5
4953 5
4954 6
4955 6
4956 6
4957 5
4958 5
4959 4
4960 2
4961 4
4962 4
4963 5
4964 6
4965 5
4966 4
4967 4
4968 6
4969 6
4970 4
4971 3
4972 3
4973 3
4974 2
4975 4
4976 3
4977 3
4978 1
4979 3
4980 2
4981 4
4982 4
4983 3
4984 2
4985 3
4986 3
4987 1
4988 3
4989 2
4990 1
4991 2
4992 1
4993 3
4994 1
4995 1
4996 3
4997 4
4998 3
4999 5
5000 4
5001 7
5002 8
5003 5
5004 6
5005 7
5006 7
5007 9
5008 8
5009 9
5010 10
5011 12
5012 11
5013 11
5014 14
5015 15
5016 12
5017 10
5018 10
5019 12
5020 13
5021 16
5022 13
5023 11
5024 10
5025 11
5026 10
5027 10
5028 9
5029 12
5030 12
5031 16
5032 13
5033 14
5034 14
5035 12
5036 10
5037 9
5038 7
5039 6
5040 7
5041 8
5042 8
5043 7
5044 7
5045 8
5046 5
5047 7
5048 6
5049 7
5050 7
5051 7
5052 7
5053 6
5054 4
5055 4
5056 8
5057 9
5058 11
5059 11
5060 9
5061 9
5062 12
5063 11
5064 12
5065 12
5066 10
5067 9
5068 8
5069 7
5070 6
5071 9
5072 11
5073 12
5074 12
5075 13
5076 13
5077 13
5078 12
5079 10
5080 12
5081 10
5082 10
5083 9
5084 8
5085 9
5086 10
5087 8
5088 12
5089 12
5090 12
5091 10
5092 11
5093 12
5094 14
5095 14
5096 13
5097 14
5098 18
5099 15
5100 12
5101 10
5102 10
5103 12
5104 13
5105 12
5106 15
5107 12
5108 11
5109 10
5110 9
5111 10
5112 12
5113 13
5114 15
5115 12
5116 13
5117 13
5118 11
5119 10
5120 10
5121 12
5122 10
5123 7
5124 9
5125 10
5126 9
5127 9
5128 7
5129 7
5130 6
5131 9
5132 10
5133 9
5134 10
5135 11
5136 9
5137 10
5138 9
5139 12
5140 13
5141 11
5142 11
5143 12
5144 15
5145 12
5146 15
5147 12
5148 12
5149 11
5150 11
5151 10
5152 8
5153 5
5154 2
5155 3
5156 3
5157 1
5158 5
5159 5
5160 7
5161 6
5162 7
5163 6
5164 7
5165 9
5166 11
5167 9
5168 9
5169 9
5170 9
5171 7
5172 8
5173 7
5174 7
5175 7
5176 4
5177 7
5178 7
5179 8
5180 7
5181 4
5182 2
5183 5
5184 4
5185 8
5186 8
5187 8
5188 7
5189 5
5190 4
5191 5
5192 3
5193 3
5194 2
5195 3
5196 2
5197 2
5198 3
5199 2
5200 3
5201 1
5202 1
5203 2
5204 2
5205 6
5206 8
5207 6
5208 7
5209 8
5210 6
5211 5
5212 5
5213 3
5214 5
5215 3
5216 2
5217 6
5218 6
5219 6
5220 4
5221 2
5222 2
5223 2
5224 2
5225 5
5226 4
5227 2
5228 0
5229 1
5230 3
5231 2
5232 3
5233 3
5234 3
5235 6
5236 7
5237 4
5238 2
5239 3
5240 3
5241 2
5242 5
5243 5
5244 5
5245 8
5246 9
5247 10
5248 11
5249 9
5250 6
5251 5
5252 5
5253 4
5254 4
5255 3
5256 4
5257 3
5258 4
5259 3
5260 2
5261 4
5262 2
5263 5
5264 5
5265 3
5266 2
5267 3
5268 4
5269 5
5270 7
5271 7
5272 5
5273 4
5274 6
5275 8
5276 9
5277 9
5278 10
5279 10
5280 9
5281 10
5282 9
5283 9
5284 8
5285 8
5286 9
5287 7
5288 10
5289 9
5290 9
5291 10
5292 9
5293 10
5294 9
5295 8
5296 9
5297 10
5298 8
5299 7
5300 6
5301 7
5302 6
5303 6
5304 6
5305 4
5306 3
5307 2
5308 2
5309 4
5310 3
5311 4
5312 3
5313 0
5314 4
5315 3
5316 3
5317 6
5318 6
5319 8
5320 7
5321 6
5322 5
5323 6
5324 6
5325 5
5326 5
5327 4
5328 4
5329 2
5330 4
5331 4
5332 2
5333 3
5334 3
5335 4
5336 3
5337 4
5338 4
5339 3
5340 3
5341 2
5342 2
5343 0
5344 4
5345 5
5346 6
5347 5
5348 6
5349 5
5350 6
5351 5
5352 5
5353 6
5354 4
5355 3
5356 5
5357 4
5358 5
5359 6
5360 4
5361 4
5362 4
5363 3
5364 4
5365 3
5366 3
5367 3
5368 3
5369 3
5370 4
5371 4
5372 3
5373 5
5374 5
5375 5
5376 5
5377 4
5378 3
5379 4
5380 2
5381 3
5382 5
5383 5
5384 5
5385 5
5386 3
5387 5
5388 7
5389 8
5390 7
5391 5
5392 4
5393 7
5394 6
5395 6
5396 6
5397 6
5398 5
5399 8
5400 8
5401 8
5402 10
5403 9
5404 11
5405 12
5406 10
5407 10
5408 8
5409 9
5410 10
5411 10
5412 13
5413 14
5414 16
5415 13
5416 14
5417 14
5418 15
5419 12
5420 12
5421 12
5422 11
5423 11
5424 10
5425 9
5426 9
5427 9
5428 11
5429 15
5430 12
5431 11
5432 13
5433 15
5434 12
5435 11
5436 12
5437 12
5438 11
5439 10
5440 11
5441 11
5442 10
5443 11
5444 10
5445 9
5446 7
5447 9
5448 7
5449 8
5450 9
5451 9
5452 7
5453 5
5454 4
5455 4
5456 4
5457 3
5458 4
5459 5
5460 5
5461 5
5462 5
5463 5
5464 4
5465 3
5466 3
5467 4
5468 5
5469 5
5470 4
5471 9
5472 8
5473 8
5474 8
5475 8
5476 7
5477 6
5478 3
5479 4
5480 4
5481 1
5482 4
5483 4
5484 2
5485 5
5486 5
5487 4
5488 3
5489 4
5490 2
5491 4
5492 5
5493 4
5494 4
5495 4
5496 3
5497 2
5498 5
5499 5
5500 5
5501 4
5502 6
5503 6
5504 7
5505 5
5506 3
5507 3
5508 5
5509 7
5510 6
5511 5
5512 7
5513 8
5514 5
5515 5
5516 7
5517 9
5518 9
5519 8
5520 7
5521 6
5522 6
5523 7
5524 7
5525 7
5526 11
5527 9
5528 9
5529 9
5530 10
5531 9
5532 9
5533 10
5534 10
5535 7
5536 9
5537 10
5538 9
5539 11
5540 13
5541 13
5542 12
5543 14
5544 15
5545 12
5546 12
5547 14
5548 14
5549 13
5550 11
5551 11
5552 11
5553 10
5554 9
5555 10
5556 10
5557 10
5558 9
5559 9
5560 10
5561 10
5562 9
5563 7
5564 5
5565 5
5566 3
5567 4
5568 4
5569 3
5570 3
5571 1
5572 2
5573 4
5574 4
5575 7
5576 7
5577 9
5578 7
5579 5
5580 3
5581 4
5582 3
5583 1
5584 2
5585 2
5586 3
5587 3
5588 3
5589 3
5590 5
5591 2
5592 2
5593 5
5594 6
5595 6
5596 5
5597 5
5598 7
5599 8
5600 10
5601 10
5602 10
5603 9
5604 10
5605 11
5606 10
5607 9
5608 10
5609 10
5610 9
5611 7
5612 4
5613 4
5614 7
5615 7
5616 6
5617 6
5618 4
5619 2
5620 4
5621 5
5622 5
5623 7
5624 10
5625 10
5626 13
5627 11
5628 11
5629 11
5630 11
5631 10
5632 9
5633 12
5634 12
5635 12
5636 9
5637 9
5638 6
5639 8
5640 7
5641 9
5642 10
5643 8
5644 9
5645 8
5646 5
5647 5
5648 7
5649 8
5650 8
5651 9
5652 10
5653 10
5654 10
5655 13
5656 13
5657 10
5658 9
5659 9
5660 6
5661 5
5662 6
5663 6
5664 4
5665 4
5666 3
5667 4
5668 5
5669 5
5670 6
5671 7
5672 6
5673 7
5674 6
5675 6
5676 8
5677 7
5678 5
5679 4
5680 4
5681 5
5682 7
5683 4
5684 4
5685 5
5686 4
5687 3
5688 5
5689 6
5690 7
5691 5
5692 7
5693 7
5694 8
5695 13
5696 12
5697 11
5698 12
5699 13
5700 15
5701 12
5702 13
5703 13
5704 15
5705 12
5706 13
5707 12
5708 11
5709 11
5710 12
5711 11
5712 8
5713 7
5714 8
5715 10
5716 13
5717 11
5718 12
5719 14
5720 12
5721 11
5722 9
5723 7
5724 5
5725 3
5726 3
5727 1
5728 4
5729 3
5730 1
5731 3
5732 2
5733 4
5734 5
5735 7
5736 9
5737 10
5738 7
5739 8
5740 10
5741 10
5742 9
5743 9
5744 10
5745 11
5746 13
5747 13
5748 13
5749 13
5750 11
5751 10
5752 10
5753 7
5754 6
5755 4
5756 7
5757 7
5758 7
5759 7
5760 5
5761 5
5762 5
5763 4
5764 3
5765 5
5766 7
5767 8
5768 8
5769 8
5770 8
5771 8
5772 7
5773 8
5774 6
5775 5
5776 6
5777 6
5778 5
5779 4
5780 3
5781 3
5782 4
5783 3
5784 5
5785 5
5786 6
5787 5
5788 6
5789 3
5790 3
5791 4
5792 4
5793 4
5794 5
5795 4
5796 3
5797 2
5798 2
5799 0
5800 4
5801 2
5802 5
5803 5
5804 4
5805 5
5806 5
5807 5
5808 4
5809 5
5810 4
5811 6
5812 6
5813 6
5814 6
5815 4
5816 5
5817 4
5818 5
5819 4
5820 3
5821 3
5822 5
5823 7
5824 6
5825 9
5826 10
5827 10
5828 9
5829 10
5830 9
5831 9
5832 12
5833 11
5834 12
5835 13
5836 13
5837 11
5838 10
5839 11
5840 10
5841 12
5842 12
5843 12
5844 11
5845 11
5846 10
5847 9
5848 9
5849 9
5850 10
5851 10
5852 10
5853 10
5854 9
5855 10
5856 8
5857 8
5858 7
5859 7
5860 7
5861 7
5862 6
5863 8
5864 7
5865 10
5866 9
5867 11
5868 10
5869 12
5870 14
5871 13
5872 12
5873 9
5874 9
5875 6
5876 7
5877 7
5878 7
5879 8
5880 8
5881 10
5882 9
5883 8
5884 10
5885 11
5886 10
5887 11
5888 10
5889 9
5890 9
5891 8
5892 10
5893 13
5894 13
5895 13
5896 14
5897 15
5898 12
5899 12
5900 11
5901 10
5902 12
5903 10
5904 7
5905 10
5906 12
5907 13
5908 12
5909 11
5910 8
5911 9
5912 9
5913 10
5914 10
5915 10
5916 10
5917 8
5918 11
5919 11
5920 11
5921 14
5922 15
5923 12
5924 11
5925 12
5926 13
5927 13
5928 11
5929 11
5930 9
5931 10
5932 9
5933 9
5934 9
5935 10
5936 11
5937 12
5938 15
5939 12
5940 11
5941 10
5942 11
5943 12
5944 13
5945 10
5946 11
5947 8
5948 10
5949 11
5950 10
5951 7
5952 6
5953 6
5954 6
5955 8
5956 8
5957 6
5958 5
5959 6
5960 7
5961 7
5962 6
5963 8
5964 7
5965 6
5966 5
5967 3
5968 4
5969 4
5970 6
5971 7
5972 9
5973 10
5974 12
5975 12
5976 12
5977 14
5978 14
5979 12
5980 11
5981 11
5982 10
5983 12
5984 12
5985 13
5986 13
5987 12
5988 14
5989 13
5990 12
5991 12
5992 14
5993 16
5994 13
5995 15
5996 12
5997 15
5998 12
5999 9
6000 8
6001 11
6002 10
6003 11
6004 9
6005 11
6006 9
6007 12
6008 14
6009 13
6010 12
6011 11
6012 10
6013 9
6014 11
6015 12
6016 12
6017 12
6018 13
6019 13
6020 14
6021 13
6022 13
6023 13
6024 13
6025 11
6026 13
6027 13
6028 14
6029 12
6030 13
6031 12
6032 12
6033 13
6034 13
6035 12
6036 11
6037 10
6038 9
6039 11
6040 13
6041 12
6042 9
6043 9
6044 9
6045 9
6046 10
6047 8
6048 6
6049 7
6050 7
6051 8
6052 7
6053 7
6054 7
6055 9
6056 10
6057 9
6058 8
6059 7
6060 6
6061 6
6062 6
6063 7
6064 6
6065 8
6066 7
6067 5
6068 8
6069 9
6070 9
6071 9
6072 10
6073 11
6074 9
6075 8
6076 7
6077 6
6078 7
6079 7
6080 7
6081 8
6082 6
6083 8
6084 8
6085 6
6086 4
6087 3
6088 3
6089 4
6090 5
6091 4
6092 5
6093 4
6094 5
6095 5
6096 5
6097 7
6098 8
6099 7
6100 10
6101 9
6102 8
6103 7
6104 7
6105 8
6106 6
6107 6
6108 7
6109 6
6110 4
6111 2
6112 5
6113 4
6114 5
6115 5
6116 3
6117 2
6118 4
6119 4
6120 3
6121 4
6122 1
6123 3
6124 3
6125 3
6126 1
6127 3
6128 2
6129 2
6130 2
6131 5
6132 6
6133 6
6134 7
6135 7
6136 9
6137 9
6138 11
6139 12
6140 14
6141 12
6142 10
6143 8
6144 9
6145 7
6146 6
6147 8
6148 7
6149 8
6150 10
6151 11
6152 10
6153 10
6154 12
6155 11
6156 11
6157 11
6158 12
6159 13
6160 11
6161 10
6162 9
6163 8
6164 5
6165 4
6166 4
6167 6
6168 7
6169 9
6170 7
6171 6
6172 7
6173 7
6174 9
6175 9
6176 8
6177 9
6178 12
6179 12
6180 11
6181 10
6182 9
6183 10
6184 11
6185 9
6186 8
6187 6
6188 6
6189 6
6190 6
6191 6
6192 8
6193 6
6194 5
6195 4
6196 4
6197 4
6198 5
6199 4
6200 4
6201 2
6202 5
6203 7
6204 4
6205 5
6206 5
6207 4
6208 5
6209 4
6210 7
6211 6
6212 6
6213 9
6214 10
6215 12
6216 9
6217 9
6218 9
6219 8
6220 7
6221 5
6222 5
6223 6
6224 4
6225 2
6226 3
6227 3
6228 2
6229 3
6230 5
6231 4
6232 4
6233 5
6234 5
6235 5
6236 4
6237 4
6238 4
6239 2
6240 1
6241 3
6242 1
6243 4
6244 3
6245 5
6246 4
6247 4
6248 6
6249 5
6250 3
6251 3
6252 3
6253 5
6254 6
6255 7
6256 7
6257 7
6258 5
6259 5
6260 5
6261 5
6262 5
6263 5
6264 4
6265 5
6266 5
6267 2
6268 4
6269 3
6270 3
6271 5
6272 4
6273 3
6274 3
6275 3
6276 3
6277 2
6278 6
6279 4
6280 3
6281 5
6282 3
6283 1
6284 3
6285 0
6286 3
6287 3
6288 1
6289 3
6290 2
6291 3
6292 2
6293 3
6294 1
6295 2
6296 4
6297 4
6298 5
6299 4
6300 5
6301 5
6302 3
6303 4
6304 5
6305 5
6306 6
6307 6
6308 7
6309 6
6310 4
6311 3
6312 5
6313 4
6314 3
6315 5
6316 2
6317 2
6318 0
6319 3
6320 4
6321 3
6322 4
6323 5
6324 7
6325 6
6326 5
6327 5
6328 6
6329 3
6330 4
6331 3
6332 0
6333 1
6334 1
6335 4
6336 2
6337 4
6338 3
6339 2
6340 1
6341 1
6342 2
6343 4
6344 6
6345 6
6346 6
6347 6
6348 4
6349 5
6350 5
6351 8
6352 7
6353 9
6354 9
6355 8
6356 10
6357 8
6358 7
6359 7
6360 6
6361 6
6362 6
6363 5
6364 6
6365 5
6366 6
6367 5
6368 6
6369 7
6370 5
6371 4
6372 4
6373 1
6374 1
6375 3
6376 2
6377 1
6378 2
6379 2
6380 4
6381 3
6382 5
6383 3
6384 5
6385 7
6386 6
6387 4
6388 5
6389 5
6390 8
6391 8
6392 10
6393 11
6394 12
6395 11
6396 13
6397 15
6398 12
6399 13
6400 14
6401 14
6402 14
6403 14
6404 15
6405 12
6406 13
6407 12
6408 13
6409 16
6410 13
6411 13
6412 12
6413 12
6414 11
6415 12
6416 13
6417 13
6418 11
6419 13
6420 12
6421 12
6422 13
6423 13
6424 13
6425 14
6426 14
6427 15
6428 12
6429 13
6430 11
6431 10
6432 10
6433 10
6434 11
6435 10
6436 12
6437 13
6438 11
6439 13
6440 11
6441 11
6442 11
6443 11
6444 10
6445 10
6446 11
6447 11
6448 11
6449 12
6450 11
6451 11
6452 11
6453 12
6454 13
6455 11
6456 9
6457 7
6458 7
6459 10
6460 9
6461 9
6462 11
6463 11
6464 13
6465 14
6466 12
6467 12
6468 12
6469 12
6470 11
6471 11
6472 12
6473 13
6474 14
6475 14
6476 13
6477 13
6478 13
6479 15
6480 12
6481 12
6482 10
6483 9
6484 9
6485 8
6486 9
6487 10
6488 9
6489 9
6490 7
6491 8
6492 8
6493 8
6494 9
6495 9
6496 8
6497 7
6498 8
6499 8
6500 5
6501 5
6502 6
6503 5
6504 5
6505 5
6506 7
6507 6
6508 4
6509 4
6510 4
6511 7
6512 7
6513 8
6514 10
6515 9
6516 9
6517 10
6518 10
6519 10
6520 11
6521 12
6522 11
6523 11
6524 8
6525 8
6526 9
6527 6
6528 7
6529 8
6530 6
6531 5
6532 3
6533 2
6534 3
6535 4
6536 6
6537 6
6538 8
6539 7
6540 7
6541 8
6542 9
6543 12
6544 12
6545 13
6546 19
6547 16
6548 13
6549 16
6550 13
6551 15
6552 12
6553 12
6554 12
6555 11
6556 10
6557 10
6558 12
6559 12
6560 12
6561 10
6562 10
6563 8
6564 7
6565 5
6566 3
6567 4
6568 6
6569 5
6570 6
6571 5
6572 5
6573 6
6574 7
6575 8
6576 7
6577 6
6578 6
6579 6
6580 6
6581 7
6582 8
6583 7
6584 5
6585 5
6586 4
6587 4
6588 2
6589 3
6590 3
6591 4
6592 4
6593 4
6594 3
6595 1
6596 6
6597 4
6598 3
6599 4
6600 5
6601 5
6602 4
6603 4
6604 5
6605 4
6606 6
6607 5
6608 5
6609 5
6610 5
6611 4
6612 4
6613 3
6614 2
6615 2
6616 2
6617 2
6618 3
6619 4
6620 5
6621 4
6622 6
6623 9
6624 9
6625 11
6626 10
6627 11
6628 11
6629 10
6630 9
6631 7
6632 6
6633 5
6634 5
6635 4
6636 2
6637 3
6638 2
6639 1
6640 3
6641 1
6642 2
6643 0
6644 3
6645 5
6646 8
6647 9
6648 9
6649 7
6650 7
6651 6
6652 7
6653 8
6654 7
6655 7
6656 6
6657 6
6658 6
6659 9
6660 8
6661 7
6662 7
6663 10
6664 8
6665 7
6666 9
6667 9
6668 9
6669 8
6670 7
6671 6
6672 8
6673 9
6674 10
6675 9
6676 8
6677 9
6678 12
6679 9
6680 11
6681 13
6682 13
6683 16
6684 13
6685 12
6686 11
6687 10
6688 9
6689 8
6690 8
6691 7
6692 7
6693 10
6694 10
6695 9
6696 8
6697 8
6698 5
6699 6
6700 6
6701 4
6702 5
6703 5
6704 2
6705 4
6706 5
6707 6
6708 4
6709 3
6710 4
6711 5
6712 5
6713 7
6714 11
6715 9
6716 8
6717 8
6718 7
6719 7
6720 10
6721 9
6722 9
6723 8
6724 7
6725 8
6726 7
6727 9
6728 7
6729 7
6730 7
6731 7
6732 8
6733 10
6734 8
6735 10
6736 9
6737 8
6738 8
6739 8
6740 8
6741 8
6742 7
6743 8
6744 8
6745 8
6746 7
6747 8
6748 5
6749 5
6750 4
6751 4
6752 5
6753 5
6754 5
6755 3
6756 3
6757 1
6758 4
6759 4
6760 4
6761 5
6762 8
6763 8
6764 8
6765 6
6766 9
6767 9
6768 8
6769 6
6770 5
6771 6
6772 7
6773 7
6774 8
6775 9
6776 8
6777 9
6778 8
6779 9
6780 12
6781 13
6782 18
6783 15
6784 12
6785 12
6786 11
6787 10
6788 9
6789 11
6790 9
6791 8
6792 7
6793 5
6794 6
6795 5
6796 6
6797 8
6798 8
6799 10
6800 9
6801 12
6802 12
6803 13
6804 10
6805 10
6806 9
6807 9
6808 9
6809 9
6810 11
6811 12
6812 14
6813 14
6814 12
6815 11
6816 10
6817 11
6818 14
6819 13
6820 10
6821 9
6822 7
6823 7
6824 4
6825 4
6826 1
6827 3
6828 1
6829 3
6830 2
6831 5
6832 7
6833 5
6834 5
6835 3
6836 2
6837 3
6838 5
6839 2
6840 3
6841 3
6842 5
6843 8
6844 9
6845 9
6846 9
6847 9
6848 7
6849 7
6850 7
6851 5
6852 5
6853 5
6854 3
6855 3
6856 2
6857 5
6858 3
6859 2
6860 4
6861 5
6862 4
6863 4
6864 4
6865 3
6866 3
6867 2
6868 2
6869 1
6870 4
6871 6
6872 5
6873 4
6874 2
6875 5
6876 4
6877 3
6878 3
6879 3
6880 1
6881 4
6882 3
6883 3
6884 3
6885 3
6886 7
6887 5
6888 3
6889 5
6890 5
6891 6
6892 5
6893 5
6894 5
6895 5
6896 6
6897 6
6898 5
6899 7
6900 6
6901 6
6902 4
6903 3
6904 4
6905 3
6906 5
6907 6
6908 7
6909 9
6910 8
6911 7
6912 6
6913 5
6914 5
6915 4
6916 3
6917 1
6918 2
6919 4
6920 2
6921 3
6922 4
6923 6
6924 6
6925 5
6926 6
6927 4
6928 4
6929 5
6930 6
6931 7
6932 4
6933 4
6934 5
6935 5
6936 3
6937 4
6938 5
6939 4
6940 2
6941 2
6942 1
6943 0
6944 4
6945 6
6946 9
6947 10
6948 10
6949 8
6950 9
6951 8
6952 7
6953 6
6954 7
6955 8
6956 10
6957 11
6958 12
6959 14
6960 13
6961 11
6962 11
6963 10
6964 7
6965 5
6966 3
6967 1
6968 4
6969 4
6970 3
6971 1
6972 4
6973 5
6974 8
6975 7
6976 7
6977 8
6978 8
6979 7
6980 7
6981 8
6982 9
6983 10
6984 11
6985 11
6986 12
6987 12
6988 13
6989 13
6990 14
6991 17
6992 14
6993 15
6994 12
6995 13
6996 11
6997 10
6998 10
6999 12
7000 12
7001 13
7002 13
7003 12
7004 14
7005 14
7006 11
7007 12
7008 12
7009 12
7010 12
7011 12
7012 12
7013 14
7014 14
7015 11
7016 13
7017 14
7018 14
7019 14
7020 14
7021 15
7022 12
7023 9
7024 8
7025 7
7026 5
7027 2
7028 2
7029 3
7030 3
7031 2
7032 1
7033 5
7034 3
7035 2
7036 6
7037 5
7038 4
7039 5
7040 3
7041 3
7042 3
7043 4
7044 5
7045 3
7046 4
7047 5
7048 5
7049 4
7050 4
7051 2
7052 5
7053 5
7054 8
7055 9
7056 8
7057 8
7058 7
7059 5
7060 6
7061 10
7062 11
7063 12
7064 11
7065 12
7066 12
7067 13
7068 11
7069 10
7070 8
7071 7
7072 5
7073 4
7074 3
7075 4
7076 4
7077 3
7078 5
7079 4
7080 4
7081 5
7082 4
7083 1
7084 5
7085 3
7086 4
7087 1
7088 2
7089 3
7090 3
7091 1
7092 1
7093 7
7094 6
7095 7
7096 6
7097 8
7098 7
7099 7
7100 9
7101 8
7102 7
7103 9
7104 9
7105 8
7106 7
7107 9
7108 9
7109 11
7110 11
7111 13
7112 13
7113 13
7114 13
7115 14
7116 13
7117 12
7118 13
7119 13
7120 13
7121 11
7122 12
7123 13
7124 16
7125 13
7126 12
7127 10
7128 9
7129 9
7130 7
7131 8
7132 9
7133 9
7134 7
7135 9
7136 10
7137 7
7138 5
7139 3
7140 3
7141 3
7142 3
7143 2
7144 4
7145 2
7146 5
7147 4
7148 2
7149 0
7150 4
7151 2
7152 1
7153 4
7154 6
7155 6
7156 6
7157 5
7158 5
7159 5
7160 2
7161 0
7162 3
7163 3
7164 4
7165 4
7166 5
7167 5
7168 4
7169 4
7170 4
7171 3
7172 3
7173 3
7174 3
7175 2
7176 1
7177 3
7178 2
7179 1
7180 1
7181 4
7182 4
7183 3
7184 3
7185 5
7186 4
7187 7
7188 8
7189 9
7190 7
7191 4
7192 7
7193 7
7194 8
7195 7
7196 6
7197 8
7198 8
7199 9
7200 8
7201 8
7202 7
7203 8
7204 5
7205 3
7206 5
7207 3
7208 6
7209 6
7210 5
7211 3
7212 4
7213 6
7214 6
7215 4
7216 9
7217 8
7218 9
7219 10
7220 13
7221 12
7222 13
7223 14
7224 12
7225 12
7226 14
7227 15
7228 12
7229 11
7230 12
7231 10
7232 10
7233 10
7234 9
7235 7
7236 8
7237 7
7238 6
7239 7
7240 5
7241 4
7242 6
7243 3
7244 4
7245 5
7246 7
7247 6
7248 6
7249 6
7250 5
7251 6
7252 7
7253 5
7254 6
7255 5
7256 3
7257 3
7258 2
7259 1
7260 3
7261 3
7262 3
7263 3
7264 4
7265 3
7266 4
7267 5
7268 5
7269 4
7270 4
7271 7
7272 6
7273 5
7274 8
7275 8
7276 7
7277 7
7278 9
7279 9
7280 9
7281 10
7282 10
7283 8
7284 11
7285 11
7286 11
7287 12
7288 9
7289 8
7290 8
7291 5
7292 4
7293 6
7294 5
7295 5
7296 4
7297 4
7298 5
7299 3
7300 2
7301 3
7302 5
7303 5
7304 6
7305 6
7306 5
7307 8
7308 10
7309 12
7310 11
7311 12
7312 14
7313 15
7314 12
7315 12
7316 12
7317 12
7318 15
7319 12
7320 11
7321 10
7322 8
7323 11
7324 14
7325 13
7326 13
7327 11
7328 13
7329 11
7330 12
7331 11
7332 13
7333 13
7334 12
7335 13
7336 14
7337 12
7338 10
7339 12
7340 15
7341 12
7342 12
7343 14
7344 16
7345 13
7346 14
7347 13
7348 12
7349 12
7350 13
7351 11
7352 10
7353 10
7354 10
7355 11
7356 11
7357 9
7358 10
7359 10
7360 10
7361 7
7362 6
7363 6
7364 6
7365 4
7366 2
7367 5
7368 3
7369 6
7370 3
7371 2
7372 6
7373 7
7374 7
7375 9
7376 10
7377 8
7378 11
7379 11
7380 13
7381 13
7382 13
7383 10
7384 11
7385 10
7386 10
7387 9
7388 10
7389 12
7390 14
7391 15
7392 12
7393 12
7394 12
7395 15
7396 12
7397 12
7398 12
7399 13
7400 12
7401 11
7402 15
7403 12
7404 12
7405 11
7406 15
7407 12
7408 11
7409 14
7410 14
7411 17
7412 14
7413 14
7414 14
7415 17
7416 14
7417 13
7418 12
7419 13
7420 13
7421 13
7422 14
7423 14
7424 14
7425 14
7426 12
7427 12
7428 10
7429 10
7430 10
7431 9
7432 8
7433 10
7434 11
7435 10
7436 11
7437 10
7438 8
7439 7
7440 10
7441 10
7442 10
7443 10
7444 8
7445 9
7446 9
7447 8
7448 8
7449 8
7450 8
7451 6
7452 4
7453 2
7454 1
7455 2
7456 3
7457 3
7458 2
7459 4
7460 5
7461 3
7462 6
7463 6
7464 5
7465 3
7466 3
7467 6
7468 6
7469 6
7470 4
7471 4
7472 5
7473 4
7474 5
7475 5
7476 5
7477 6
7478 6
7479 6
7480 5
7481 5
7482 5
7483 5
7484 5
7485 5
7486 3
7487 3
7488 4
7489 2
7490 1
7491 3
7492 3
7493 1
7494 2
7495 7
7496 5
7497 5
7498 6
7499 4
7500 2
7501 2
7502 2
7503 3
7504 2
7505 2
7506 3
7507 5
7508 5
7509 6
7510 7
7511 4
7512 3
7513 4
7514 4
7515 3
7516 1
7517 4
7518 5
7519 4
7520 7
7521 7
7522 6
7523 8
7524 8
7525 7
7526 7
7527 4
7528 7
7529 8
7530 7
7531 6
7532 7
7533 6
7534 7
7535 6
7536 5
7537 4
7538 2
7539 4
7540 6
7541 6
7542 4
7543 5
7544 7
7545 8
7546 5
7547 6
7548 5
7549 6
7550 5
7551 7
7552 8
7553 8
7554 7
7555 8
7556 6
7557 9
7558 11
7559 13
7560 14
7561 13
7562 14
7563 14
7564 12
7565 10
7566 10
7567 11
7568 10
7569 9
7570 11
7571 10
7572 10
7573 11
7574 9
7575 8
7576 6
7577 6
7578 7
7579 5
7580 5
7581 4
7582 4
7583 7
7584 9
7585 9
7586 9
7587 12
7588 12
7589 13
7590 15
7591 12
7592 12
7593 11
7594 12
7595 12
7596 13
7597 12
7598 10
7599 10
7600 9
7601 10
7602 9
7603 6
7604 5
7605 5
7606 4
7607 5
7608 5
7609 4
7610 5
7611 5
7612 5
7613 4
7614 4
7615 3
7616 2
7617 3
7618 1
7619 5
7620 4
7621 7
7622 7
7623 9
7624 7
7625 6
7626 5
7627 8
7628 7
7629 6
7630 3
7631 4
7632 3
7633 3
7634 3
7635 4
7636 4
7637 2
7638 4
7639 4
7640 6
7641 5
7642 6
7643 6
7644 6
7645 6
7646 8
7647 8
7648 6
7649 7
7650 8
7651 7
7652 4
7653 3
7654 3
7655 3
7656 1
7657 4
7658 3
7659 4
7660 1
7661 3
7662 3
7663 3
7664 1
7665 2
7666 4
7667 6
7668 5
7669 3
7670 1
7671 2
7672 3
7673 2
7674 6
7675 7
7676 8
7677 7
7678 7
7679 6
7680 7
7681 7
7682 7
7683 7
7684 7
7685 4
7686 5
7687 6
7688 8
7689 6
7690 9
7691 8
7692 9
7693 7
7694 5
7695 8
7696 10
7697 11
7698 10
7699 12
7700 12
7701 13
7702 12
7703 12
7704 13
7705 12
7706 15
7707 12
7708 11
7709 13
7710 12
7711 11
7712 12
7713 11
7714 12
7715 11
7716 13
7717 14
7718 15
7719 12
7720 10
7721 10
7722 9
7723 8
7724 8
7725 9
7726 9
7727 7
7728 7
7729 8
7730 6
7731 5
7732 5
7733 7
7734 7
7735 9
7736 8
7737 9
7738 9
7739 8
7740 6
7741 6
7742 4
7743 3
7744 3
7745 2
7746 3
7747 3
7748 4
7749 4
7750 3
7751 1
7752 4
7753 2
7754 1
7755 3
7756 2
7757 2
7758 2
7759 3
7760 4
7761 2
7762 5
7763 7
7764 5
7765 5
7766 8
7767 7
7768 8
7769 9
7770 7
7771 8
7772 5
7773 5
7774 5
7775 3
7776 2
7777 5
7778 2
7779 2
7780 1
7781 4
7782 4
7783 2
7784 1
7785 3
7786 3
7787 4
7788 5
7789 6
7790 6
7791 8
7792 6
7793 5
7794 6
7795 4
7796 6
7797 4
7798 5
7799 4
7800 3
7801 3
7802 4
7803 1
7804 4
7805 4
7806 5
7807 6
7808 4
7809 4
7810 6
7811 6
7812 8
7813 7
7814 5
7815 5
7816 4
7817 6
7818 5
7819 5
7820 7
7821 6
7822 4
7823 7
7824 7
7825 9
7826 9
7827 8
7828 7
7829 10
7830 12
7831 10
7832 13
7833 12
7834 11
7835 10
7836 8
7837 11
7838 12
7839 12
7840 13
7841 12
7842 13
7843 11
7844 11
7845 11
7846 13
7847 14
7848 13
7849 13
7850 15
7851 12
7852 12
7853 13
7854 12
7855 14
7856 15
7857 12
7858 11
7859 8
7860 7
7861 9
7862 9
7863 9
7864 9
7865 6
7866 6
7867 7
7868 6
7869 5
7870 5
7871 7
7872 7
7873 6
7874 6
7875 4
7876 5
7877 5
7878 4
7879 4
7880 3
7881 4
7882 7
7883 8
7884 7
7885 5
7886 5
7887 4
7888 2
7889 3
7890 4
7891 7
7892 5
7893 4
7894 3
7895 1
7896 2
7897 2
7898 4
7899 2
7900 2
7901 1
7902 1
7903 3
7904 5
7905 4
7906 2
7907 4
7908 4
7909 3
7910 6
7911 5
7912 4
7913 4
7914 7
7915 6
7916 5
7917 5
7918 6
7919 5
7920 7
7921 9
7922 9
7923 8
7924 5
7925 8
7926 7
7927 10
7928 10
7929 11
7930 11
7931 13
7932 12
7933 12
7934 13
7935 14
7936 14
7937 15
7938 12
7939 12
7940 10
7941 8
7942 8
7943 9
7944 9
7945 10
7946 10
7947 9
7948 12
7949 12
7950 13
7951 13
7952 13
7953 10
7954 9
7955 9
7956 11
7957 13
7958 13
7959 16
7960 13
7961 14
7962 13
7963 11
7964 12
7965 11
7966 11
7967 10
7968 11
7969 10
7970 12
7971 13
7972 14
7973 13
7974 11
7975 11
7976 11
7977 9
7978 10
7979 9
7980 6
7981 6
7982 4
7983 5
7984 5
7985 7
7986 7
7987 8
7988 9
7989 10
7990 12
7991 11
7992 12
7993 11
7994 9
7995 10
7996 8
7997 7
7998 6
7999 7
8000 7
8001 6
8002 8
8003 7
8004 5
8005 4
8006 4
8007 5
8008 8
8009 10
8010 11
8011 10
8012 8
8013 7
8014 8
8015 8
8016 6
8017 5
8018 5
8019 6
8020 5
8021 5
8022 4
8023 5
8024 5
8025 5
8026 7
8027 5
8028 4
8029 5
8030 4
8031 5
8032 5
8033 4
8034 5
8035 6
8036 5
8037 6
8038 7
8039 10
8040 10
8041 9
8042 11
8043 9
8044 9
8045 8
8046 7
8047 8
8048 10
8049 13
8050 13
8051 17
8052 14
8053 15
8054 12
8055 12
8056 12
8057 10
8058 11
8059 11
8060 12
8061 11
8062 10
8063 8
8064 10
8065 9
8066 10
8067 11
8068 10
8069 10
8070 12
8071 10
8072 11
8073 10
8074 9
8075 11
8076 11
8077 14
8078 13
8079 10
8080 10
8081 11
8082 13
8083 13
8084 13
8085 13
8086 12
8087 11
8088 13
8089 15
8090 12
8091 12
8092 11
8093 10
8094 9
8095 9
8096 11
8097 12
8098 10
8099 10
8100 11
8101 11
8102 12
8103 13
8104 14
8105 14
8106 14
8107 12
8108 12
8109 12
8110 13
8111 11
8112 11
8113 12
8114 12
8115 13
8116 13
8117 11
8118 10
8119 10
8120 9
8121 8
8122 6
8123 6
8124 7
8125 5
8126 5
8127 3
8128 3
8129 3
8130 2
8131 3
8132 2
8133 5
8134 3
8135 2
8136 4
8137 6
8138 4
8139 3
8140 3
8141 2
8142 3
8143 2
8144 2
8145 3
8146 2
8147 0
8148 1
8149 3
8150 3
8151 1
8152 2
8153 3
8154 3
8155 3
8156 1
8157 1
8158 4
8159 7
8160 5
8161 5
8162 4
8163 3
8164 4
8165 3
8166 4
8167 5
8168 5
8169 5
8170 6
8171 6
8172 4
8173 4
8174 4
8175 3
8176 1
8177 5
8178 5
8179 5
8180 4
8181 4
8182 4
8183 4
8184 1
8185 5
8186 8
8187 8
8188 11
8189 12
8190 12
8191 14
8192 12
8193 13
8194 12
8195 12
8196 15
8197 12
8198 10
8199 12
8200 12
8201 12
8202 13
8203 16
8204 13
8205 12
8206 12
8207 12
8208 10
8209 12
8210 14
8211 13
8212 11
8213 11
8214 11
8215 9
8216 10
8217 13
8218 12
8219 13
8220 14
8221 15
8222 12
8223 12
8224 12
8225 10
8226 7
8227 8
8228 8
8229 6
8230 7
8231 11
8232 14
8233 16
8234 13
8235 13
8236 13
8237 12
8238 13
8239 13
8240 12
8241 11
8242 8
8243 7
8244 6
8245 4
8246 3
8247 3
8248 2
8249 2
8250 4
8251 5
8252 4
8253 3
8254 1
8255 5
8256 5
8257 3
8258 2
8259 3
8260 4
8261 3
8262 4
8263 5
8264 6
8265 6
8266 10
8267 8
8268 6
8269 7
8270 6
8271 8
8272 8
8273 7
8274 8
8275 7
8276 8
8277 6
8278 9
8279 7
8280 6
8281 7
8282 8
8283 7
8284 8
8285 11
8286 11
8287 8
8288 10
8289 10
8290 11
8291 16
8292 13
8293 12
8294 14
8295 14
8296 15
8297 12
8298 13
8299 14
8300 12
8301 9
8302 10
8303 11
8304 11
8305 9
8306 9
8307 10
8308 10
8309 8
8310 7
8311 7
8312 5
8313 2
8314 4
8315 3
8316 5
8317 6
8318 5
8319 2
8320 5
8321 4
8322 5
8323 4
8324 5
8325 5
8326 3
8327 3
8328 2
8329 5
8330 2
8331 5
8332 4
8333 4
8334 4
8335 5
8336 5
8337 5
8338 7
8339 5
8340 6
8341 5
8342 7
8343 4
8344 4
8345 2
8346 2
8347 3
8348 5
8349 5
8350 2
8351 5
8352 6
8353 8
8354 8
8355 6
8356 5
8357 5
8358 4
8359 7
8360 7
8361 7
8362 6
8363 5
8364 5
8365 4
8366 3
8367 2
8368 3
8369 2
8370 3
8371 4
8372 2
8373 1
8374 2
8375 1
8376 3
8377 2
8378 3
8379 1
8380 5
8381 6
8382 6
8383 4
8384 4
8385 4
8386 4
8387 6
8388 5
8389 5
8390 4
8391 2
8392 3
8393 4
8394 5
8395 6
8396 7
8397 6
8398 5
8399 5
8400 7
8401 9
8402 7
8403 6
8404 7
8405 6
8406 6
8407 7
8408 6
8409 5
8410 3
8411 4
8412 3
8413 4
8414 2
8415 0
8416 5
8417 5
8418 3
8419 2
8420 4
8421 3
8422 2
8423 1
8424 3
8425 4
8426 3
8427 3
8428 8
8429 7
8430 6
8431 7
8432 8
8433 8
8434 6
8435 6
8436 7
8437 8
8438 6
8439 5
8440 7
8441 6
8442 6
8443 10
8444 10
8445 10
8446 10
8447 7
8448 9
8449 7
8450 8
8451 8
8452 6
8453 6
8454 4
8455 2
8456 1
8457 5
8458 7
8459 7
8460 7
8461 4
8462 4
8463 5
8464 4
8465 4
8466 4
8467 2
8468 5
8469 8
8470 8
8471 7
8472 7
8473 7
8474 6
8475 8
8476 9
8477 6
8478 6
8479 5
8480 3
8481 3
8482 3
8483 5
8484 6
8485 7
8486 11
8487 14
8488 13
8489 14
8490 11
8491 10
8492 10
8493 13
8494 14
8495 14
8496 14
8497 14
8498 14
8499 14
8500 14
8501 13
8502 13
8503 13
8504 16
8505 13
8506 13
8507 13
8508 11
8509 10
8510 11
8511 10
8512 9
8513 10
8514 11
8515 10
8516 9
8517 10
8518 12
8519 10
8520 12
8521 12
8522 11
8523 9
8524 7
8525 5
8526 7
8527 7
8528 6
8529 5
8530 5
8531 6
8532 6
8533 5
8534 4
8535 3
8536 2
8537 2
8538 4
8539 7
8540 6
8541 7
8542 7
8543 7
8544 8
8545 9
8546 7
8547 8
8548 8
8549 7
8550 4
8551 3
8552 0
8553 4
8554 4
8555 3
8556 3
8557 2
8558 3
8559 6
8560 5
8561 8
8562 7
8563 8
8564 8
8565 8
8566 9
8567 8
8568 9
8569 7
8570 5
8571 5
8572 5
8573 6
8574 5
8575 7
8576 7
8577 6
8578 7
8579 7
8580 10
8581 11
8582 11
8583 12
8584 14
8585 14
8586 12
8587 11
8588 11
8589 11
8590 9
8591 12
8592 14
8593 14
8594 12
8595 12
8596 10
8597 9
8598 9
8599 11
8600 13
8601 16
8602 13
8603 12
8604 13
8605 13
8606 14
8607 14
8608 15
8609 12
8610 11
8611 10
8612 9
8613 8
8614 8
8615 7
8616 7
8617 6
8618 7
8619 7
8620 9
8621 10
8622 14
8623 15
8624 12
8625 13
8626 13
8627 16
8628 13
8629 14
8630 13
8631 12
8632 11
8633 11
8634 10
8635 12
8636 14
8637 13
8638 13
8639 12
8640 12
8641 12
8642 13
8643 11
8644 10
8645 8
8646 8
8647 8
8648 10
8649 10
8650 10
8651 10
8652 11
8653 11
8654 11
8655 14
8656 15
8657 12
8658 14
8659 16
8660 13
8661 11
8662 10
8663 9
8664 9
8665 9
8666 8
8667 7
8668 5
8669 4
8670 3
8671 1
8672 3
8673 2
8674 3
8675 1
8676 3
8677 6
8678 5
8679 6
8680 9
8681 8
8682 7
8683 5
8684 3
8685 4
8686 4
8687 4
8688 9
8689 11
8690 11
8691 14
8692 11
8693 12
8694 11
8695 8
8696 7
8697 8
8698 8
8699 9
8700 7
8701 8
8702 8
8703 11
8704 12
8705 13
8706 14
8707 15
8708 12
8709 11
8710 10
8711 12
8712 14
8713 15
8714 12
8715 14
8716 16
8717 13
8718 12
8719 12
8720 12
8721 10
8722 9
8723 8
8724 9
8725 11
8726 12
8727 14
8728 16
8729 13
8730 14
8731 15
8732 12
8733 10
8734 10
8735 10
8736 9
8737 11
8738 10
8739 10
8740 11
8741 10
8742 10
8743 11
8744 11
8745 12
8746 12
8747 12
8748 13
8749 11
8750 10
8751 10
8752 11
8753 10
8754 11
8755 11
8756 9
8757 11
8758 9
8759 9
8760 10
8761 10
8762 11
8763 13
8764 15
8765 12
8766 12
8767 9
8768 8
8769 7
8770 8
8771 7
8772 5
8773 3
8774 3
8775 4
8776 2
8777 4
8778 4
8779 6
8780 6
8781 7
8782 7
8783 11
8784 13
8785 11
8786 12
8787 12
8788 11
8789 11
8790 11
8791 9
8792 10
8793 9
8794 7
8795 7
8796 8
8797 6
8798 7
8799 6
8800 5
8801 6
8802 4
8803 3
8804 2
8805 1
8806 3
8807 5
8808 4
8809 5
8810 4
8811 4
8812 5
8813 5
8814 3
8815 5
8816 7
8817 8
8818 6
8819 5
8820 3
8821 5
8822 5
8823 3
8824 1
8825 1
8826 5
8827 8
8828 9
8829 8
8830 11
8831 10
8832 9
8833 10
8834 9
8835 6
8836 7
8837 6
8838 6
8839 7
8840 8
8841 8
8842 7
8843 6
8844 5
8845 6
8846 6
8847 5
8848 6
8849 5
8850 5
8851 4
8852 6
8853 6
8854 5
8855 3
8856 4
8857 1
8858 1
8859 3
8860 3
8861 5
8862 4
8863 3
8864 5
8865 4
8866 3
8867 0
8868 3
8869 0
8870 1
8871 3
8872 3
8873 4
8874 4
8875 4
8876 6
8877 8
8878 8
8879 8
8880 7
8881 7
8882 7
8883 8
8884 5
8885 5
8886 5
8887 4
8888 4
8889 7
8890 8
8891 8
8892 11
8893 14
8894 15
8895 12
8896 12
8897 12
8898 12
8899 10
8900 7
8901 8
8902 7
8903 6
8904 5
8905 4
8906 5
8907 5
8908 3
8909 3
8910 1
8911 1
8912 3
8913 3
8914 4
8915 2
8916 4
8917 5
8918 7
8919 5
8920 6
8921 5
8922 6
8923 5
8924 3
8925 2
8926 3
8927 2
8928 2
8929 6
8930 5
8931 4
8932 2
8933 4
8934 6
8935 3
8936 3
8937 4
8938 3
8939 3
8940 2
8941 2
8942 3
8943 2
8944 2
8945 4
8946 7
8947 7
8948 7
8949 8
8950 9
8951 7
8952 6
8953 7
8954 8
8955 8
8956 6
8957 5
8958 8
8959 8
8960 8
8961 8
8962 8
8963 9
8964 11
8965 12
8966 10
8967 8
8968 7
8969 8
8970 7
8971 8
8972 6
8973 7
8974 6
8975 4
8976 2
8977 4
8978 4
8979 3
8980 0
8981 2
8982 3
8983 3
8984 1
8985 3
8986 4
8987 4
8988 7
8989 7
8990 4
8991 5
8992 5
8993 4
8994 6
8995 5
8996 5
8997 2
8998 1
8999 1
9000 3
9001 1
9002 1
9003 2
9004 0
9005 3
9006 1
9007 5
9008 5
9009 3
9010 4
9011 3
9012 2
9013 3
9014 2
9015 4
9016 5
9017 5
9018 6
9019 7
9020 7
9021 5
9022 8
9023 6
9024 7
9025 6
9026 4
9027 7
9028 6
9029 6
9030 5
9031 3
9032 1
9033 3
9034 3
9035 2
9036 1
9037 1
9038 3
9039 2
9040 4
9041 6
9042 7
9043 9
9044 8
9045 8
9046 9
9047 9
9048 12
9049 10
9050 9
9051 8
9052 9
9053 12
9054 12
9055 13
9056 14
9057 17
9058 14
9059 13
9060 16
9061 13
9062 15
9063 12
9064 13
9065 11
9066 12
9067 13
9068 11
9069 10
9070 8
9071 8
9072 9
9073 9
9074 8
9075 7
9076 8
9077 11
9078 11
9079 9
9080 7
9081 6
9082 5
9083 9
9084 10
9085 8
9086 7
9087 6
9088 7
9089 10
9090 11
9091 11
9092 12
9093 12
9094 11
9095 10
9096 12
9097 13
9098 11
9099 16
9100 13
9101 13
9102 11
9103 12
9104 14
9105 15
9106 12
9107 14
9108 11
9109 9
9110 7
9111 8
9112 12
9113 13
9114 15
9115 12
9116 12
9117 11
9118 11
9119 10
9120 8
9121 11
9122 12
9123 10
9124 9
9125 11
9126 12
9127 10
9128 8
9129 7
9130 5
9131 2
9132 4
9133 5
9134 6
9135 7
9136 5
9137 4
9138 5
9139 6
9140 6
9141 4
9142 3
9143 5
9144 5
9145 5
9146 6
9147 4
9148 4
9149 4
9150 3
9151 2
9152 0
9153 2
9154 4
9155 5
9156 6
9157 5
9158 6
9159 4
9160 6
9161 6
9162 6
9163 6
9164 7
9165 6
9166 4
9167 4
9168 4
9169 4
9170 4
9171 3
9172 1
9173 2
9174 4
9175 2
9176 5
9177 6
9178 7
9179 5
9180 8
9181 6
9182 11
9183 11
9184 11
9185 10
9186 10
9187 10
9188 12
9189 13
9190 13
9191 16
9192 13
9193 12
9194 10
9195 9
9196 9
9197 8
9198 8
9199 9
9200 7
9201 8
9202 8
9203 8
9204 8
9205 6
9206 5
9207 4
9208 3
9209 3
9210 2
9211 2
9212 3
9213 5
9214 4
9215 3
9216 1
9217 0
9218 1
9219 2
9220 2
9221 3
9222 3
9223 1
9224 3
9225 4
9226 6
9227 6
9228 7
9229 7
9230 7
9231 7
9232 9
9233 9
9234 8
9235 8
9236 6
9237 6
9238 6
9239 7
9240 8
9241 8
9242 7
9243 4
9244 4
9245 4
9246 2
9247 1
9248 1
9249 3
9250 6
9251 7
9252 7
9253 6
9254 6
9255 6
9256 8
9257 7
9258 5
9259 8
9260 6
9261 5
9262 4
9263 7
9264 9
9265 9
9266 9
9267 9
9268 9
9269 10
9270 11
9271 12
9272 11
9273 11
9274 14
9275 15
9276 12
9277 13
9278 13
9279 14
9280 14
9281 14
9282 12
9283 12
9284 10
9285 9
9286 6
9287 6
9288 4
9289 6
9290 4
9291 6
9292 5
9293 5
9294 5
9295 5
9296 3
9297 4
9298 3
9299 1
9300 2
9301 7
9302 7
9303 6
9304 8
9305 7
9306 5
9307 5
9308 6
9309 6
9310 7
9311 8
9312 9
9313 7
9314 7
9315 7
9316 5
9317 6
9318 6
9319 6
9320 5
9321 4
9322 4
9323 4
9324 2
9325 1
9326 0
9327 2
9328 3
9329 2
9330 3
9331 3
9332 2
9333 4
9334 3
9335 4
9336 3
9337 4
9338 2
9339 4
9340 4
9341 4
9342 2
9343 1
9344 4
9345 3
9346 7
9347 6
9348 4
9349 5
9350 4
9351 3
9352 5
9353 3
9354 3
9355 1
9356 2
9357 2
9358 2
9359 4
9360 3
9361 5
9362 5
9363 5
9364 7
9365 5
9366 4
9367 5
9368 5
9369 2
9370 5
9371 4
9372 2
9373 4
9374 4
9375 6
9376 6
9377 5
9378 5
9379 5
9380 2
9381 3
9382 3
9383 1
9384 1
9385 5
9386 3
9387 4
9388 5
9389 4
9390 2
9391 3
9392 6
9393 7
9394 9
9395 8
9396 9
9397 11
9398 12
9399 12
9400 12
9401 13
9402 16
9403 13
9404 15
9405 12
9406 11
9407 11
9408 9
9409 11
9410 13
9411 12
9412 14
9413 14
9414 11
9415 11
9416 11
9417 10
9418 14
9419 13
9420 12
9421 12
9422 11
9423 10
9424 9
9425 8
9426 10
9427 9
9428 11
9429 13
9430 13
9431 16
9432 13
9433 13
9434 13
9435 12
9436 12
9437 14
9438 12
9439 9
9440 7
9441 6
9442 5
9443 5
9444 7
9445 6
9446 6
9447 5
9448 5
9449 5
9450 6
9451 6
9452 6
9453 9
9454 7
9455 7
9456 7
9457 7
9458 7
9459 6
9460 7
9461 5
9462 6
9463 6
9464 7
9465 7
9466 6
9467 5
9468 2
9469 1
9470 2
9471 1
9472 4
9473 2
9474 2
9475 3
9476 2
9477 6
9478 6
9479 5
9480 5
9481 7
9482 8
9483 5
9484 6
9485 5
9486 9
9487 8
9488 9
9489 11
9490 10
9491 9
9492 8
9493 7
9494 8
9495 7
9496 7
9497 6
9498 6
9499 4
9500 5
9501 6
9502 6
9503 5
9504 3
9505 3
9506 0
9507 3
9508 5
9509 6
9510 7
9511 7
9512 7
9513 5
9514 5
9515 5
9516 4
9517 5
9518 4
9519 4
9520 2
9521 4
9522 7
9523 7
9524 4
9525 4
9526 4
9527 5
9528 5
9529 3
9530 7
9531 7
9532 6
9533 6
9534 6
9535 5
9536 5
9537 6
9538 6
9539 5
9540 5
9541 4
9542 2
9543 4
9544 4
9545 2
9546 6
9547 8
9548 8
9549 7
9550 9
9551 9
9552 8
9553 8
9554 8
9555 8
9556 7
9557 7
9558 4
9559 4
9560 2
9561 4
9562 3
9563 2
9564 3
9565 4
9566 5
9567 4
9568 4
9569 5
9570 6
9571 8
9572 7
9573 6
9574 4
9575 4
9576 4
9577 5
9578 5
9579 4
9580 5
9581 4
9582 3
9583 1
9584 2
9585 1
9586 1
9587 5
9588 5
9589 4
9590 3
9591 3
9592 5
9593 6
9594 5
9595 3
9596 3
9597 2
9598 5
9599 6
9600 4
9601 6
9602 6
9603 5
9604 4
9605 6
9606 6
9607 6
9608 8
9609 7
9610 4
9611 4
9612 4
9613 2
9614 6
9615 6
9616 6
9617 6
9618 5
9619 4
9620 2
9621 1
9622 3
9623 2
9624 3
9625 4
9626 3
9627 7
9628 9
9629 11
9630 13
9631 14
9632 12
9633 13
9634 14
9635 15
9636 12
9637 10
9638 11
9639 13
9640 12
9641 12
9642 11
9643 11
9644 12
9645 12
9646 12
9647 12
9648 11
9649 12
9650 11
9651 12
9652 11
9653 9
9654 9
9655 9
9656 8
9657 5
9658 6
9659 4
9660 3
9661 3
9662 1
9663 1
9664 3
9665 4
9666 3
9667 3
9668 3
9669 2
9670 1
9671 1
9672 3
9673 1
9674 2
9675 3
9676 3
9677 5
9678 6
9679 4
9680 3
9681 3
9682 2
9683 2
9684 4
9685 2
9686 0
9687 2
9688 2
9689 2
9690 3
9691 1
9692 5
9693 3
9694 2
9695 4
9696 2
9697 3
9698 4
9699 3
9700 1
9701 2
9702 3
9703 1
9704 3
9705 2
9706 2
9707 6
9708 7
9709 7
9710 7
9711 6
9712 7
9713 5
9714 4
9715 3
9716 3
9717 4
9718 7
9719 6
9720 8
9721 6
9722 6
9723 5
9724 6
9725 6
9726 6
9727 6
9728 6
9729 5
9730 5
9731 4
9732 5
9733 7
9734 8
9735 8
9736 6
9737 4
9738 3
9739 3
9740 2
9741 2
9742 0
9743 3
9744 1
9745 4
9746 3
9747 4
9748 5
9749 3
9750 2
9751 3
9752 6
9753 6
9754 6
9755 7
9756 6
9757 4
9758 5
9759 4
9760 5
9761 4
9762 5
9763 5
9764 6
9765 6
9766 7
9767 5
9768 5
9769 7
9770 9
9771 8
9772 6
9773 6
9774 6
9775 6
9776 7
9777 10
9778 11
9779 11
9780 8
9781 10
9782 13
9783 13
9784 13
9785 13
9786 13
9787 12
9788 9
9789 10
9790 9
9791 10
9792 11
9793 11
9794 12
9795 13
9796 13
9797 11
9798 12
9799 11
9800 10
9801 11
9802 10
9803 10
9804 11
9805 11
9806 11
9807 10
9808 10
9809 9
9810 9
9811 6
9812 5
9813 6
9814 7
9815 5
9816 3
9817 1
9818 1
9819 6
9820 3
9821 3
9822 2
9823 3
9824 1
9825 6
9826 5
9827 8
9828 8
9829 9
9830 8
9831 8
9832 9
9833 10
9834 9
9835 8
9836 7
9837 7
9838 8
9839 9
9840 8
9841 7
9842 8
9843 9
9844 10
9845 11
9846 11
9847 10
9848 10
9849 8
9850 7
9851 8
9852 7
9853 6
9854 6
9855 4
9856 5
9857 6
9858 5
9859 3
9860 3
9861 1
9862 5
9863 5
9864 3
9865 1
9866 5
9867 5
9868 8
9869 7
9870 5
9871 6
9872 5
9873 3
9874 5
9875 6
9876 7
9877 6
9878 9
9879 12
9880 13
9881 14
9882 14
9883 16
9884 13
9885 12
9886 12
9887 13
9888 13
9889 11
9890 11
9891 14
9892 17
9893 14
9894 17
9895 14
9896 17
9897 14
9898 13
9899 11
9900 11
9901 11
9902 11
9903 12
9904 12
9905 10
9906 8
9907 10
9908 11
9909 10
9910 8
9911 7
9912 9
9913 9
9914 7
9915 7
9916 9
9917 10
9918 12
9919 12
9920 12
9921 12
9922 12
9923 13
9924 12
9925 12
9926 12
9927 12
9928 13
9929 13
9930 13
9931 12
9932 13
9933 15
9934 12
9935 11
9936 10
9937 9
9938 10
9939 12
9940 10
9941 9
9942 8
9943 9
9944 7
9945 7
9946 5
9947 3
9948 5
9949 6
9950 6
9951 6
9952 6
9953 4
9954 4
9955 4
9956 4
9957 2
9958 3
9959 3
9960 5
9961 7
9962 5
9963 5
9964 2
9965 4
9966 5
9967 5
9968 4
9969 2
9970 4
9971 5
9972 4
9973 4
9974 2
9975 3
9976 6
9977 6
9978 8
9979 8
9980 8
9981 6
9982 6
9983 6
9984 7
9985 6
9986 5
9987 6
9988 6
9989 6
9990 6
9991 8
9992 12
9993 13
9994 12
9995 10
9996 9
9997 9
9998 11
9999 9
