0 2
1 6
2 4
3 1
4 1
5 3
6 1
7 4
8 4
9 3
10 2
11 2
12 1
13 0
14 3
15 0
16 4
17 3
18 3
19 1
20 0
21 2
22 1
23 2
24 3
25 2
26 0
27 3
28 2
29 1
30 2
31 0
32 2
33 0
34 2
35 1
36 1
37 2
38 1
39 2
40 2
41 2
42 1
43 1
44 1
45 2
46 1
47 1
48 0
49 1
50 0
51 2
52 3
53 2
54 2
55 2
56 1
57 0
58 2
59 1
60 4
61 1
62 2
63 1
64 2
65 1
66 2
67 2
68 2
69 2
70 4
71 3
72 1
73 2
74 0
75 3
76 2
77 1
78 2
79 2
80 0
81 3
82 1
83 1
84 2
85 4
86 4
87 2
88 2
89 1
90 0
91 1
92 0
93 2
94 2
95 0
96 0
97 2
98 0
99 2
100 3
101 1
102 3
103 3
104 3
105 0
106 2
107 0
108 0
109 2
110 2
111 2
112 1
113 2
114 1
115 1
116 1
117 0
118 1
119 1
120 2
121 2
122 2
123 3
124 1
125 1
126 2
127 2
128 1
129 2
130 2
131 2
132 3
133 3
134 0
135 1
136 2
137 2
138 3
139 1
140 0
141 1
142 1
143 1
144 1
145 2
146 2
147 3
148 1
149 1
150 2
151 1
152 2
153 1
154 1
155 2
156 1
157 0
158 2
159 2
160 2
161 1
162 1
163 1
164 3
165 0
166 1
167 2
168 1
169 3
170 3
171 3
172 2
173 1
174 3
175 1
176 2
177 2
178 2
179 1
180 3
181 2
182 1
183 2
184 1
185 2
186 1
187 2
188 1
189 0
190 0
191 1
192 0
193 0
194 1
195 0
196 3
197 3
198 0
199 0
200 1
201 2
202 1
203 3
204 3
205 3
206 0
207 1
208 3
209 2
210 2
211 5
212 2
213 1
214 4
215 5
216 5
217 4
218 1
219 1
220 3
221 1
222 2
223 1
224 2
225 3
226 0
227 2
228 2
229 0
230 1
231 1
232 2
233 0
234 2
235 2
236 2
237 1
238 3
239 1
240 1
241 3
242 0
243 0
244 1
245 0
246 0
247 1
248 3
249 2
250 2
251 2
252 0
253 1
254 2
255 0
256 2
257 1
258 3
259 2
260 2
261 1
262 1
263 0
264 2
265 0
266 0
267 2
268 2
269 3
270 3
271 3
272 4
273 3
274 2
275 0
276 3
277 3
278 2
279 2
280 0
281 4
282 2
283 2
284 0
285 1
286 3
287 1
288 2
289 1
290 2
291 2
292 2
293 2
294 5
295 4
296 4
297 3
298 1
299 1
300 3
301 2
302 2
303 4
304 4
305 2
306 1
307 1
308 2
309 2
310 2
311 3
312 3
313 0
314 1
315 0
316 4
317 4
318 3
319 0
320 2
321 2
322 1
323 3
324 3
325 2
326 2
327 2
328 1
329 4
330 3
331 2
332 2
333 3
334 1
335 2
336 1
337 1
338 0
339 1
340 1
341 1
342 2
343 2
344 2
345 2
346 2
347 3
348 3
349 2
350 1
351 0
352 1
353 1
354 0
355 2
356 0
357 2
358 4
359 3
360 1
361 1
362 1
363 1
364 1
365 3
366 2
367 2
368 0
369 0
370 2
371 2
372 3
373 1
374 1
375 2
376 1
377 4
378 2
379 1
380 2
381 1
382 1
383 0
384 2
385 1
386 2
387 2
388 2
389 1
390 0
391 1
392 2
393 2
394 2
395 1
396 1
397 1
398 2
399 2
400 2
401 2
402 4
403 4
404 3
405 1
406 0
407 4
408 2
409 0
410 2
411 3
412 2
413 0
414 3
415 2
416 1
417 1
418 3
419 1
420 1
421 2
422 1
423 1
424 1
425 1
426 0
427 2
428 3
429 0
430 1
431 1
432 3
433 1
434 2
435 1
436 3
437 2
438 2
439 1
440 3
441 2
442 4
443 3
444 1
445 0
446 2
447 1
448 0
449 0
450 2
451 2
452 0
453 2
454 1
455 1
456 1
457 3
458 0
459 0
460 2
461 1
462 0
463 3
464 2
465 0
466 0
467 2
468 2
469 0
470 2
471 3
472 2
473 2
474 0
475 2
476 2
477 1
478 1
479 2
480 1
481 4
482 1
483 3
484 3
485 2
486 0
487 2
488 1
489 2
490 1
491 1
492 0
493 2
494 0
495 2
496 0
497 1
498 1
499 1
500 2
501 3
502 2
503 2
504 1
505 4
506 1
507 1
508 1
509 3
510 1
511 3
512 1
513 2
514 0
515 0
516 1
517 2
518 1
519 1
520 1
521 0
522 1
523 0
524 2
525 1
526 1
527 4
528 1
529 2
530 0
531 1
532 2
533 0
534 0
535 2
536 0
537 2
538 2
539 1
540 0
541 2
542 1
543 3
544 3
545 1
546 3
547 3
548 1
549 0
550 3
551 2
552 1
553 2
554 2
555 3
556 0
557 1
558 1
559 3
560 2
561 0
562 1
563 0
564 1
565 0
566 1
567 3
568 1
569 2
570 4
571 6
572 5
573 4
574 1
575 5
576 3
577 1
578 2
579 1
580 1
581 1
582 2
583 1
584 3
585 1
586 2
587 2
588 0
589 1
590 2
591 1
592 2
593 3
594 3
595 0
596 1
597 4
598 2
599 3
600 2
601 1
602 1
603 2
604 1
605 1
606 0
607 1
608 1
609 2
610 3
611 1
612 0
613 2
614 3
615 1
616 1
617 1
618 3
619 4
620 2
621 1
622 1
623 3
624 1
625 3
626 2
627 2
628 0
629 1
630 0
631 1
632 2
633 1
634 1
635 1
636 0
637 1
638 4
639 5
640 3
641 1
642 2
643 2
644 1
645 1
646 4
647 4
648 3
649 2
650 1
651 4
652 2
653 4
654 3
655 2
656 3
657 1
658 3
659 0
660 2
661 1
662 1
663 2
664 3
665 0
666 0
667 2
668 1
669 5
670 5
671 2
672 2
673 1
674 1
675 1
676 4
677 3
678 0
679 1
680 1
681 1
682 1
683 1
684 3
685 1
686 3
687 2
688 0
689 4
690 2
691 3
692 0
693 1
694 2
695 1
696 2
697 2
698 1
699 3
700 1
701 3
702 2
703 1
704 1
705 1
706 3
707 2
708 2
709 1
710 1
711 0
712 1
713 1
714 1
715 2
716 1
717 4
718 3
719 0
720 2
721 1
722 1
723 2
724 2
725 3
726 2
727 0
728 1
729 2
730 3
731 2
732 2
733 1
734 4
735 3
736 1
737 3
738 1
739 1
740 5
741 7
742 7
743 7
744 8
745 8
746 7
747 4
748 3
749 0
750 0
751 1
752 3
753 0
754 0
755 1
756 5
757 3
758 1
759 1
760 2
761 2
762 1
763 1
764 1
765 1
766 4
767 3
768 2
769 0
770 2
771 0
772 1
773 1
774 2
775 3
776 0
777 1
778 1
779 2
780 5
781 5
782 2
783 1
784 2
785 3
786 3
787 1
788 1
789 1
790 1
791 1
792 3
793 3
794 0
795 2
796 2
797 1
798 3
799 1
800 2
801 3
802 4
803 3
804 0
805 2
806 2
807 3
808 1
809 4
810 4
811 4
812 3
813 2
814 1
815 1
816 2
817 1
818 1
819 4
820 6
821 5
822 2
823 2
824 2
825 1
826 2
827 2
828 1
829 1
830 2
831 1
832 0
833 1
834 2
835 1
836 2
837 1
838 2
839 0
840 2
841 2
842 2
843 3
844 3
845 3
846 2
847 2
848 2
849 2
850 1
851 3
852 3
853 0
854 2
855 2
856 3
857 3
858 2
859 0
860 1
861 2
862 2
863 1
864 3
865 1
866 4
867 2
868 0
869 1
870 3
871 2
872 1
873 3
874 4
875 5
876 3
877 3
878 0
879 3
880 1
881 1
882 1
883 0
884 2
885 3
886 2
887 1
888 2
889 0
890 1
891 1
892 3
893 2
894 1
895 2
896 2
897 3
898 3
899 2
900 2
901 4
902 1
903 1
904 1
905 1
906 5
907 2
908 2
909 2
910 0
911 3
912 3
913 0
914 0
915 1
916 2
917 1
918 2
919 2
920 0
921 1
922 1
923 4
924 2
925 3
926 1
927 2
928 0
929 0
930 5
931 4
932 2
933 1
934 2
935 1
936 1
937 0
938 1
939 1
940 2
941 1
942 0
943 2
944 0
945 0
946 3
947 2
948 1
949 1
950 2
951 4
952 2
953 2
954 2
955 0
956 1
957 2
958 2
959 0
960 2
961 1
962 2
963 1
964 1
965 0
966 2
967 1
968 2
969 3
970 2
971 2
972 2
973 1
974 3
975 1
976 1
977 1
978 2
979 3
980 4
981 4
982 5
983 3
984 0
985 0
986 0
987 3
988 3
989 0
990 1
991 1
992 1
993 5
994 2
995 1
996 0
997 0
998 2
999 1
1000 0
1001 2
1002 2
1003 3
1004 1
1005 2
1006 2
1007 1
1008 2
1009 2
1010 1
1011 4
1012 5
1013 4
1014 6
1015 3
1016 0
1017 3
1018 4
1019 1
1020 0
1021 1
1022 0
1023 2
1024 3
1025 1
1026 1
1027 2
1028 4
1029 3
1030 1
1031 0
1032 0
1033 4
1034 1
1035 1
1036 1
1037 1
1038 1
1039 1
1040 2
1041 1
1042 3
1043 2
1044 1
1045 0
1046 1
1047 2
1048 1
1049 2
1050 0
1051 1
1052 2
1053 0
1054 3
1055 4
1056 2
1057 0
1058 3
1059 4
1060 2
1061 2
1062 5
1063 3
1064 1
1065 1
1066 1
1067 3
1068 0
1069 3
1070 1
1071 4
1072 2
1073 0
1074 1
1075 3
1076 1
1077 1
1078 2
1079 1
1080 1
1081 1
1082 3
1083 2
1084 2
1085 1
1086 0
1087 1
1088 0
1089 5
1090 4
1091 2
1092 2
1093 0
1094 1
1095 2
1096 2
1097 5
1098 2
1099 3
1100 2
1101 2
1102 2
1103 3
1104 2
1105 3
1106 0
1107 1
1108 0
1109 0
1110 2
1111 2
1112 4
1113 4
1114 2
1115 0
1116 3
1117 1
1118 3
1119 2
1120 3
1121 4
1122 3
1123 2
1124 1
1125 1
1126 0
1127 2
1128 1
1129 2
1130 2
1131 3
1132 1
1133 2
1134 2
1135 1
1136 0
1137 3
1138 1
1139 2
1140 0
1141 0
1142 1
1143 1
1144 3
1145 0
1146 3
1147 2
1148 1
1149 1
1150 2
1151 2
1152 1
1153 3
1154 1
1155 1
1156 1
1157 1
1158 5
1159 2
1160 3
1161 3
1162 1
1163 2
1164 1
1165 0
1166 4
1167 1
1168 2
1169 2
1170 0
1171 1
1172 0
1173 2
1174 0
1175 2
1176 3
1177 1
1178 2
1179 3
1180 0
1181 2
1182 1
1183 3
1184 3
1185 1
1186 2
1187 0
1188 1
1189 0
1190 1
1191 1
1192 1
1193 0
1194 1
1195 3
1196 1
1197 2
1198 1
1199 1
1200 2
1201 2
1202 4
1203 5
1204 3
1205 0
1206 3
1207 3
1208 2
1209 2
1210 3
1211 3
1212 1
1213 0
1214 0
1215 1
1216 1
1217 2
1218 1
1219 0
1220 2
1221 3
1222 0
1223 2
1224 2
1225 3
1226 1
1227 1
1228 2
1229 2
1230 1
1231 2
1232 3
1233 3
1234 1
1235 3
1236 2
1237 3
1238 2
1239 1
1240 4
1241 3
1242 1
1243 1
1244 2
1245 2
1246 2
1247 0
1248 2
1249 3
1250 0
1251 2
1252 1
1253 2
1254 4
1255 4
1256 3
1257 1
1258 2
1259 2
1260 1
1261 1
1262 0
1263 3
1264 1
1265 3
1266 1
1267 2
1268 4
1269 2
1270 1
1271 3
1272 2
1273 2
1274 3
1275 1
1276 0
1277 2
1278 1
1279 1
1280 1
1281 1
1282 1
1283 2
1284 1
1285 0
1286 1
1287 1
1288 2
1289 0
1290 3
1291 0
1292 2
1293 1
1294 1
1295 2
1296 2
1297 4
1298 1
1299 0
1300 3
1301 2
1302 3
1303 2
1304 0
1305 1
1306 0
1307 1
1308 2
1309 3
1310 1
1311 1
1312 3
1313 3
1314 2
1315 2
1316 0
1317 2
1318 2
1319 0
1320 3
1321 1
1322 0
1323 3
1324 3
1325 2
1326 3
1327 0
1328 1
1329 2
1330 1
1331 4
1332 3
1333 1
1334 1
1335 0
1336 1
1337 2
1338 1
1339 1
1340 1
1341 4
1342 3
1343 2
1344 2
1345 1
1346 1
1347 2
1348 3
1349 0
1350 0
1351 2
1352 3
1353 0
1354 2
1355 0
1356 2
1357 1
1358 3
1359 2
1360 0
1361 2
1362 2
1363 1
1364 3
1365 1
1366 5
1367 4
1368 5
1369 3
1370 2
1371 1
1372 0
1373 2
1374 1
1375 1
1376 2
1377 3
1378 1
1379 4
1380 2
1381 1
1382 2
1383 1
1384 0
1385 1
1386 1
1387 3
1388 0
1389 1
1390 3
1391 1
1392 0
1393 3
1394 3
1395 3
1396 2
1397 1
1398 2
1399 3
1400 3
1401 1
1402 1
1403 2
1404 6
1405 6
1406 6
1407 8
1408 6
1409 4
1410 4
1411 5
1412 3
1413 1
1414 0
1415 0
1416 1
1417 3
1418 1
1419 1
1420 0
1421 1
1422 2
1423 2
1424 1
1425 1
1426 2
1427 0
1428 1
1429 1
1430 1
1431 2
1432 3
1433 1
1434 0
1435 3
1436 1
1437 1
1438 0
1439 2
1440 3
1441 1
1442 0
1443 1
1444 2
1445 1
1446 2
1447 2
1448 1
1449 1
1450 3
1451 4
1452 3
1453 1
1454 0
1455 2
1456 4
1457 1
1458 1
1459 2
1460 2
1461 3
1462 4
1463 2
1464 2
1465 0
1466 2
1467 2
1468 0
1469 1
1470 2
1471 2
1472 0
1473 0
1474 1
1475 0
1476 2
1477 1
1478 0
1479 2
1480 2
1481 2
1482 0
1483 2
1484 0
1485 3
1486 2
1487 2
1488 2
1489 3
1490 3
1491 0
1492 1
1493 2
1494 0
1495 3
1496 4
1497 5
1498 5
1499 2
1500 0
1501 0
1502 2
1503 1
1504 2
1505 1
1506 1
1507 1
1508 2
1509 1
1510 1
1511 0
1512 2
1513 4
1514 4
1515 2
1516 0
1517 3
1518 3
1519 0
1520 0
1521 1
1522 0
1523 2
1524 2
1525 0
1526 0
1527 4
1528 3
1529 0
1530 1
1531 1
1532 3
1533 1
1534 3
1535 2
1536 1
1537 1
1538 1
1539 0
1540 1
1541 1
1542 3
1543 0
1544 2
1545 0
1546 3
1547 1
1548 2
1549 2
1550 2
1551 1
1552 2
1553 4
1554 1
1555 0
1556 4
1557 4
1558 1
1559 2
1560 4
1561 4
1562 3
1563 1
1564 0
1565 1
1566 0
1567 1
1568 2
1569 2
1570 2
1571 2
1572 3
1573 3
1574 2
1575 2
1576 1
1577 1
1578 1
1579 3
1580 3
1581 1
1582 2
1583 2
1584 3
1585 2
1586 0
1587 2
1588 1
1589 1
1590 2
1591 2
1592 1
1593 1
1594 2
1595 0
1596 0
1597 1
1598 2
1599 1
1600 3
1601 1
1602 1
1603 0
1604 1
1605 1
1606 1
1607 0
1608 0
1609 1
1610 6
1611 6
1612 4
1613 3
1614 3
1615 2
1616 1
1617 0
1618 0
1619 1
1620 3
1621 1
1622 2
1623 1
1624 1
1625 2
1626 2
1627 3
1628 1
1629 4
1630 2
1631 0
1632 2
1633 1
1634 2
1635 2
1636 0
1637 4
1638 2
1639 1
1640 0
1641 3
1642 1
1643 0
1644 0
1645 1
1646 2
1647 0
1648 0
1649 1
1650 1
1651 0
1652 2
1653 2
1654 2
1655 2
1656 2
1657 1
1658 3
1659 0
1660 5
1661 2
1662 0
1663 2
1664 1
1665 0
1666 1
1667 1
1668 2
1669 1
1670 2
1671 1
1672 2
1673 2
1674 2
1675 3
1676 1
1677 1
1678 3
1679 1
1680 3
1681 1
1682 2
1683 1
1684 1
1685 3
1686 2
1687 3
1688 0
1689 1
1690 0
1691 1
1692 0
1693 3
1694 2
1695 4
1696 3
1697 0
1698 3
1699 1
1700 4
1701 3
1702 1
1703 2
1704 4
1705 2
1706 6
1707 6
1708 5
1709 2
1710 0
1711 4
1712 3
1713 2
1714 1
1715 3
1716 2
1717 1
1718 2
1719 1
1720 1
1721 2
1722 1
1723 4
1724 2
1725 2
1726 2
1727 2
1728 2
1729 2
1730 1
1731 1
1732 1
1733 1
1734 4
1735 4
1736 4
1737 2
1738 2
1739 3
1740 1
1741 4
1742 5
1743 4
1744 3
1745 2
1746 2
1747 1
1748 2
1749 1
1750 3
1751 2
1752 3
1753 1
1754 5
1755 2
1756 3
1757 0
1758 0
1759 1
1760 1
1761 1
1762 2
1763 4
1764 4
1765 4
1766 4
1767 2
1768 1
1769 2
1770 0
1771 1
1772 2
1773 1
1774 1
1775 3
1776 1
1777 0
1778 1
1779 2
1780 0
1781 1
1782 2
1783 1
1784 1
1785 1
1786 0
1787 1
1788 2
1789 2
1790 2
1791 0
1792 2
1793 2
1794 0
1795 1
1796 0
1797 1
1798 1
1799 2
1800 2
1801 2
1802 2
1803 2
1804 2
1805 2
1806 2
1807 0
1808 1
1809 0
1810 2
1811 3
1812 0
1813 0
1814 1
1815 2
1816 1
1817 1
1818 2
1819 3
1820 4
1821 1
1822 1
1823 1
1824 1
1825 1
1826 2
1827 1
1828 2
1829 1
1830 3
1831 3
1832 2
1833 3
1834 2
1835 3
1836 3
1837 1
1838 2
1839 2
1840 0
1841 1
1842 1
1843 3
1844 0
1845 0
1846 3
1847 1
1848 1
1849 2
1850 1
1851 1
1852 4
1853 2
1854 2
1855 1
1856 1
1857 1
1858 1
1859 0
1860 1
1861 4
1862 2
1863 2
1864 1
1865 0
1866 2
1867 2
1868 2
1869 2
1870 3
1871 0
1872 1
1873 2
1874 1
1875 2
1876 1
1877 1
1878 0
1879 1
1880 0
1881 0
1882 2
1883 2
1884 1
1885 0
1886 1
1887 1
1888 3
1889 0
1890 4
1891 4
1892 2
1893 2
1894 2
1895 1
1896 0
1897 2
1898 1
1899 3
1900 4
1901 1
1902 3
1903 2
1904 1
1905 0
1906 2
1907 1
1908 0
1909 1
1910 1
1911 0
1912 2
1913 2
1914 1
1915 2
1916 2
1917 1
1918 0
1919 3
1920 0
1921 2
1922 1
1923 1
1924 0
1925 1
1926 3
1927 0
1928 3
1929 1
1930 2
1931 1
1932 2
1933 1
1934 2
1935 3
1936 2
1937 1
1938 3
1939 1
1940 1
1941 0
1942 1
1943 2
1944 3
1945 4
1946 2
1947 2
1948 0
1949 3
1950 3
1951 0
1952 1
1953 1
1954 3
1955 3
1956 1
1957 3
1958 3
1959 1
1960 2
1961 1
1962 2
1963 2
1964 1
1965 1
1966 2
1967 5
1968 4
1969 2
1970 0
1971 0
1972 2
1973 4
1974 2
1975 1
1976 4
1977 3
1978 1
1979 0
1980 1
1981 1
1982 2
1983 0
1984 1
1985 3
1986 2
1987 1
1988 2
1989 0
1990 3
1991 2
1992 3
1993 3
1994 2
1995 1
1996 2
1997 3
1998 2
1999 1
2000 0
2001 1
2002 0
2003 4
2004 4
2005 2
2006 1
2007 2
2008 1
2009 0
2010 1
2011 1
2012 3
2013 2
2014 3
2015 2
2016 2
2017 3
2018 1
2019 1
2020 3
2021 3
2022 4
2023 2
2024 1
2025 1
2026 2
2027 2
2028 2
2029 1
2030 2
2031 3
2032 0
2033 0
2034 3
2035 3
2036 1
2037 2
2038 2
2039 2
2040 2
2041 1
2042 0
2043 3
2044 2
2045 0
2046 0
2047 1
2048 2
2049 2
2050 0
2051 2
2052 2
2053 0
2054 3
2055 2
2056 1
2057 2
2058 1
2059 2
2060 0
2061 1
2062 2
2063 1
2064 1
2065 4
2066 3
2067 1
2068 3
2069 1
2070 2
2071 1
2072 3
2073 2
2074 1
2075 3
2076 3
2077 1
2078 1
2079 0
2080 2
2081 0
2082 0
2083 1
2084 3
2085 0
2086 1
2087 4
2088 3
2089 4
2090 2
2091 3
2092 3
2093 0
2094 0
2095 3
2096 2
2097 2
2098 1
2099 0
2100 1
2101 2
2102 1
2103 2
2104 0
2105 2
2106 0
2107 5
2108 5
2109 5
2110 3
2111 1
2112 3
2113 3
2114 1
2115 0
2116 3
2117 0
2118 0
2119 2
2120 0
2121 1
2122 1
2123 0
2124 3
2125 1
2126 3
2127 2
2128 1
2129 2
2130 3
2131 2
2132 4
2133 4
2134 2
2135 0
2136 3
2137 4
2138 2
2139 1
2140 1
2141 4
2142 5
2143 3
2144 1
2145 0
2146 2
2147 1
2148 2
2149 2
2150 0
2151 2
2152 2
2153 1
2154 1
2155 2
2156 3
2157 3
2158 1
2159 1
2160 0
2161 0
2162 1
2163 1
2164 3
2165 2
2166 1
2167 1
2168 2
2169 1
2170 0
2171 2
2172 2
2173 4
2174 4
2175 2
2176 0
2177 3
2178 0
2179 2
2180 6
2181 5
2182 4
2183 1
2184 2
2185 2
2186 1
2187 1
2188 1
2189 2
2190 2
2191 2
2192 0
2193 2
2194 3
2195 1
2196 1
2197 0
2198 0
2199 1
2200 2
2201 2
2202 1
2203 1
2204 2
2205 2
2206 0
2207 0
2208 1
2209 2
2210 3
2211 2
2212 0
2213 1
2214 4
2215 3
2216 3
2217 1
2218 2
2219 1
2220 4
2221 3
2222 1
2223 4
2224 3
2225 3
2226 2
2227 2
2228 2
2229 3
2230 3
2231 1
2232 1
2233 2
2234 1
2235 3
2236 0
2237 2
2238 0
2239 1
2240 1
2241 1
2242 2
2243 3
2244 3
2245 2
2246 2
2247 0
2248 1
2249 0
2250 3
2251 2
2252 0
2253 3
2254 3
2255 3
2256 0
2257 1
2258 0
2259 3
2260 4
2261 5
2262 4
2263 1
2264 5
2265 5
2266 4
2267 1
2268 1
2269 2
2270 4
2271 5
2272 7
2273 7
2274 4
2275 3
2276 1
2277 4
2278 3
2279 1
2280 1
2281 1
2282 1
2283 3
2284 2
2285 0
2286 1
2287 1
2288 2
2289 2
2290 0
2291 2
2292 3
2293 4
2294 3
2295 3
2296 3
2297 1
2298 1
2299 1
2300 5
2301 2
2302 0
2303 1
2304 1
2305 2
2306 1
2307 2
2308 1
2309 1
2310 1
2311 1
2312 2
2313 1
2314 1
2315 2
2316 1
2317 0
2318 2
2319 2
2320 3
2321 1
2322 2
2323 3
2324 1
2325 0
2326 0
2327 1
2328 1
2329 3
2330 2
2331 2
2332 1
2333 2
2334 1
2335 1
2336 0
2337 0
2338 0
2339 1
2340 3
2341 0
2342 0
2343 1
2344 2
2345 2
2346 2
2347 0
2348 4
2349 4
2350 4
2351 1
2352 0
2353 1
2354 0
2355 3
2356 4
2357 3
2358 0
2359 1
2360 1
2361 0
2362 4
2363 3
2364 4
2365 3
2366 4
2367 2
2368 2
2369 2
2370 4
2371 4
2372 1
2373 3
2374 1
2375 2
2376 1
2377 3
2378 0
2379 2
2380 2
2381 0
2382 3
2383 1
2384 0
2385 2
2386 1
2387 1
2388 0
2389 2
2390 3
2391 1
2392 3
2393 1
2394 1
2395 2
2396 1
2397 0
2398 1
2399 1
2400 3
2401 2
2402 0
2403 2
2404 0
2405 1
2406 1
2407 2
2408 2
2409 1
2410 2
2411 2
2412 4
2413 2
2414 2
2415 1
2416 2
2417 1
2418 2
2419 1
2420 3
2421 3
2422 1
2423 2
2424 2
2425 1
2426 2
2427 3
2428 0
2429 0
2430 3
2431 1
2432 0
2433 1
2434 3
2435 2
2436 1
2437 2
2438 1
2439 1
2440 1
2441 4
2442 3
2443 1
2444 3
2445 2
2446 2
2447 2
2448 1
2449 3
2450 0
2451 2
2452 0
2453 2
2454 3
2455 3
2456 2
2457 1
2458 1
2459 0
2460 1
2461 0
2462 1
2463 1
2464 3
2465 1
2466 0
2467 3
2468 3
2469 1
2470 2
2471 3
2472 4
2473 2
2474 1
2475 2
2476 3
2477 2
2478 2
2479 0
2480 0
2481 0
2482 3
2483 2
2484 3
2485 0
2486 2
2487 2
2488 4
2489 5
2490 5
2491 3
2492 2
2493 2
2494 1
2495 4
2496 3
2497 0
2498 1
2499 1
2500 0
2501 1
2502 1
2503 3
2504 2
2505 2
2506 1
2507 0
2508 1
2509 1
2510 4
2511 1
2512 0
2513 1
2514 0
2515 3
2516 3
2517 2
2518 2
2519 2
2520 1
2521 4
2522 1
2523 3
2524 0
2525 0
2526 2
2527 1
2528 3
2529 0
2530 1
2531 1
2532 1
2533 1
2534 3
2535 3
2536 1
2537 0
2538 2
2539 2
2540 1
2541 2
2542 1
2543 3
2544 0
2545 3
2546 2
2547 4
2548 2
2549 2
2550 3
2551 0
2552 3
2553 6
2554 4
2555 5
2556 3
2557 1
2558 3
2559 3
2560 2
2561 1
2562 5
2563 4
2564 5
2565 3
2566 1
2567 0
2568 3
2569 2
2570 3
2571 3
2572 0
2573 1
2574 2
2575 1
2576 2
2577 0
2578 1
2579 1
2580 2
2581 2
2582 2
2583 2
2584 0
2585 2
2586 2
2587 1
2588 0
2589 3
2590 2
2591 0
2592 0
2593 2
2594 0
2595 0
2596 1
2597 1
2598 1
2599 1
2600 2
2601 1
2602 2
2603 3
2604 1
2605 1
2606 2
2607 0
2608 3
2609 1
2610 0
2611 3
2612 1
2613 4
2614 3
2615 3
2616 2
2617 0
2618 5
2619 4
2620 1
2621 3
2622 1
2623 4
2624 5
2625 3
2626 1
2627 3
2628 1
2629 1
2630 3
2631 2
2632 4
2633 4
2634 4
2635 1
2636 2
2637 3
2638 4
2639 2
2640 0
2641 1
2642 4
2643 3
2644 1
2645 2
2646 2
2647 1
2648 2
2649 4
2650 2
2651 2
2652 4
2653 2
2654 2
2655 0
2656 1
2657 2
2658 2
2659 3
2660 1
2661 2
2662 0
2663 2
2664 3
2665 2
2666 3
2667 2
2668 3
2669 0
2670 1
2671 0
2672 4
2673 2
2674 1
2675 1
2676 2
2677 1
2678 1
2679 1
2680 1
2681 3
2682 4
2683 4
2684 2
2685 2
2686 1
2687 2
2688 1
2689 0
2690 2
2691 1
2692 0
2693 2
2694 3
2695 2
2696 3
2697 2
2698 1
2699 3
2700 1
2701 1
2702 2
2703 1
2704 0
2705 0
2706 0
2707 1
2708 2
2709 0
2710 2
2711 4
2712 3
2713 2
2714 1
2715 2
2716 1
2717 3
2718 2
2719 0
2720 1
2721 3
2722 0
2723 1
2724 2
2725 4
2726 5
2727 4
2728 4
2729 2
2730 2
2731 1
2732 2
2733 1
2734 1
2735 2
2736 0
2737 1
2738 2
2739 2
2740 3
2741 3
2742 1
2743 4
2744 3
2745 3
2746 2
2747 0
2748 1
2749 0
2750 2
2751 3
2752 2
2753 1
2754 2
2755 0
2756 4
2757 5
2758 3
2759 2
2760 1
2761 0
2762 1
2763 1
2764 1
2765 1
2766 3
2767 3
2768 1
2769 0
2770 3
2771 1
2772 1
2773 3
2774 3
2775 1
2776 2
2777 1
2778 2
2779 1
2780 1
2781 1
2782 2
2783 0
2784 1
2785 3
2786 1
2787 3
2788 3
2789 1
2790 2
2791 2
2792 3
2793 0
2794 3
2795 2
2796 4
2797 3
2798 2
2799 5
2800 2
2801 2
2802 2
2803 2
2804 1
2805 2
2806 0
2807 0
2808 2
2809 1
2810 4
2811 2
2812 2
2813 2
2814 2
2815 0
2816 2
2817 1
2818 2
2819 0
2820 3
2821 1
2822 3
2823 2
2824 2
2825 1
2826 1
2827 2
2828 1
2829 2
2830 1
2831 0
2832 3
2833 1
2834 2
2835 1
2836 0
2837 0
2838 2
2839 1
2840 2
2841 3
2842 1
2843 3
2844 1
2845 2
2846 2
2847 2
2848 3
2849 2
2850 2
2851 2
2852 2
2853 1
2854 1
2855 2
2856 2
2857 3
2858 2
2859 1
2860 1
2861 5
2862 7
2863 5
2864 2
2865 1
2866 0
2867 1
2868 0
2869 0
2870 1
2871 0
2872 3
2873 2
2874 2
2875 2
2876 1
2877 1
2878 3
2879 4
2880 2
2881 3
2882 2
2883 2
2884 2
2885 1
2886 3
2887 4
2888 3
2889 2
2890 2
2891 1
2892 1
2893 1
2894 1
2895 2
2896 3
2897 1
2898 3
2899 2
2900 1
2901 2
2902 3
2903 1
2904 1
2905 1
2906 4
2907 4
2908 4
2909 5
2910 3
2911 1
2912 0
2913 1
2914 1
2915 1
2916 2
2917 0
2918 1
2919 1
2920 2
2921 3
2922 2
2923 2
2924 3
2925 3
2926 2
2927 1
2928 2
2929 0
2930 1
2931 1
2932 2
2933 2
2934 2
2935 2
2936 2
2937 1
2938 1
2939 2
2940 1
2941 1
2942 1
2943 1
2944 1
2945 1
2946 1
2947 0
2948 2
2949 1
2950 1
2951 1
2952 3
2953 2
2954 1
2955 1
2956 2
2957 1
2958 1
2959 1
2960 0
2961 0
2962 1
2963 0
2964 1
2965 0
2966 2
2967 3
2968 1
2969 2
2970 3
2971 3
2972 1
2973 0
2974 2
2975 4
2976 3
2977 2
2978 2
2979 0
2980 2
2981 2
2982 1
2983 3
2984 1
2985 2
2986 0
2987 1
2988 2
2989 2
2990 0
2991 4
2992 1
2993 4
2994 5
2995 3
2996 0
2997 2
2998 1
2999 2
3000 2
3001 3
3002 2
3003 2
3004 0
3005 3
3006 2
3007 2
3008 2
3009 2
3010 2
3011 0
3012 2
3013 4
3014 2
3015 1
3016 4
3017 1
3018 1
3019 0
3020 3
3021 2
3022 2
3023 2
3024 1
3025 0
3026 2
3027 2
3028 0
3029 1
3030 2
3031 1
3032 4
3033 4
3034 3
3035 1
3036 2
3037 3
3038 1
3039 1
3040 2
3041 2
3042 1
3043 1
3044 3
3045 1
3046 2
3047 1
3048 5
3049 7
3050 8
3051 5
3052 5
3053 2
3054 1
3055 0
3056 2
3057 2
3058 3
3059 1
3060 4
3061 1
3062 2
3063 1
3064 3
3065 2
3066 4
3067 2
3068 2
3069 3
3070 0
3071 1
3072 0
3073 1
3074 2
3075 6
3076 3
3077 0
3078 5
3079 2
3080 2
3081 1
3082 0
3083 0
3084 2
3085 1
3086 0
3087 4
3088 2
3089 2
3090 1
3091 2
3092 3
3093 1
3094 3
3095 1
3096 1
3097 3
3098 3
3099 2
3100 1
3101 3
3102 2
3103 2
3104 0
3105 2
3106 2
3107 1
3108 2
3109 3
3110 1
3111 1
3112 1
3113 2
3114 0
3115 2
3116 2
3117 2
3118 3
3119 2
3120 4
3121 3
3122 3
3123 2
3124 2
3125 3
3126 2
3127 2
3128 4
3129 4
3130 2
3131 2
3132 1
3133 0
3134 3
3135 2
3136 3
3137 1
3138 1
3139 1
3140 1
3141 2
3142 1
3143 3
3144 2
3145 2
3146 0
3147 5
3148 3
3149 6
3150 6
3151 4
3152 3
3153 4
3154 1
3155 2
3156 4
3157 2
3158 2
3159 3
3160 1
3161 0
3162 1
3163 2
3164 4
3165 3
3166 3
3167 2
3168 3
3169 1
3170 1
3171 4
3172 3
3173 4
3174 2
3175 2
3176 1
3177 2
3178 3
3179 2
3180 1
3181 0
3182 0
3183 2
3184 1
3185 0
3186 1
3187 1
3188 0
3189 0
3190 2
3191 4
3192 2
3193 1
3194 3
3195 2
3196 0
3197 2
3198 1
3199 1
3200 3
3201 1
3202 2
3203 2
3204 2
3205 2
3206 2
3207 4
3208 3
3209 1
3210 0
3211 1
3212 2
3213 1
3214 3
3215 2
3216 3
3217 2
3218 3
3219 3
3220 2
3221 0
3222 0
3223 1
3224 3
3225 4
3226 3
3227 1
3228 2
3229 1
3230 1
3231 0
3232 0
3233 2
3234 1
3235 0
3236 2
3237 3
3238 4
3239 7
3240 4
3241 1
3242 0
3243 2
3244 1
3245 2
3246 1
3247 1
3248 2
3249 1
3250 4
3251 2
3252 0
3253 2
3254 1
3255 1
3256 1
3257 3
3258 1
3259 1
3260 0
3261 3
3262 2
3263 2
3264 0
3265 2
3266 0
3267 1
3268 0
3269 4
3270 2
3271 2
3272 2
3273 1
3274 3
3275 2
3276 1
3277 0
3278 2
3279 2
3280 2
3281 0
3282 0
3283 3
3284 1
3285 0
3286 4
3287 4
3288 3
3289 4
3290 4
3291 1
3292 2
3293 1
3294 1
3295 3
3296 3
3297 2
3298 3
3299 1
3300 3
3301 3
3302 1
3303 2
3304 0
3305 3
3306 2
3307 3
3308 0
3309 2
3310 1
3311 1
3312 1
3313 0
3314 1
3315 1
3316 1
3317 3
3318 1
3319 0
3320 1
3321 7
3322 4
3323 3
3324 1
3325 2
3326 3
3327 1
3328 3
3329 3
3330 0
3331 2
3332 1
3333 1
3334 2
3335 4
3336 4
3337 1
3338 1
3339 1
3340 2
3341 3
3342 0
3343 1
3344 3
3345 2
3346 2
3347 3
3348 2
3349 1
3350 1
3351 3
3352 3
3353 2
3354 1
3355 2
3356 3
3357 0
3358 1
3359 0
3360 1
3361 2
3362 1
3363 1
3364 2
3365 2
3366 1
3367 2
3368 3
3369 3
3370 2
3371 1
3372 3
3373 1
3374 4
3375 1
3376 2
3377 1
3378 2
3379 2
3380 1
3381 1
3382 2
3383 3
3384 0
3385 1
3386 0
3387 1
3388 1
3389 1
3390 1
3391 1
3392 4
3393 3
3394 3
3395 2
3396 3
3397 1
3398 2
3399 2
3400 1
3401 1
3402 1
3403 1
3404 4
3405 2
3406 1
3407 4
3408 3
3409 1
3410 1
3411 0
3412 2
3413 2
3414 3
3415 5
3416 4
3417 5
3418 3
3419 1
3420 3
3421 4
3422 2
3423 0
3424 1
3425 4
3426 2
3427 1
3428 2
3429 4
3430 2
3431 1
3432 2
3433 4
3434 2
3435 1
3436 0
3437 1
3438 1
3439 3
3440 1
3441 1
3442 2
3443 1
3444 0
3445 2
3446 2
3447 3
3448 1
3449 2
3450 4
3451 4
3452 3
3453 1
3454 1
3455 2
3456 1
3457 5
3458 4
3459 1
3460 1
3461 1
3462 1
3463 0
3464 3
3465 3
3466 2
3467 4
3468 1
3469 3
3470 2
3471 2
3472 4
3473 3
3474 2
3475 1
3476 1
3477 4
3478 2
3479 1
3480 4
3481 2
3482 2
3483 3
3484 0
3485 2
3486 3
3487 1
3488 2
3489 2
3490 1
3491 2
3492 2
3493 4
3494 5
3495 6
3496 5
3497 4
3498 2
3499 1
3500 0
3501 2
3502 2
3503 1
3504 1
3505 0
3506 1
3507 0
3508 3
3509 4
3510 3
3511 0
3512 5
3513 2
3514 2
3515 0
3516 3
3517 2
3518 1
3519 2
3520 1
3521 0
3522 0
3523 3
3524 1
3525 2
3526 4
3527 1
3528 1
3529 2
3530 1
3531 0
3532 2
3533 1
3534 4
3535 2
3536 1
3537 5
3538 4
3539 3
3540 0
3541 2
3542 2
3543 2
3544 2
3545 1
3546 3
3547 3
3548 2
3549 2
3550 3
3551 2
3552 0
3553 2
3554 2
3555 2
3556 0
3557 2
3558 2
3559 1
3560 2
3561 2
3562 3
3563 2
3564 2
3565 0
3566 0
3567 0
3568 2
3569 3
3570 3
3571 1
3572 0
3573 3
3574 1
3575 0
3576 4
3577 4
3578 2
3579 2
3580 1
3581 2
3582 3
3583 2
3584 2
3585 1
3586 2
3587 1
3588 1
3589 0
3590 1
3591 1
3592 0
3593 2
3594 1
3595 2
3596 0
3597 1
3598 2
3599 2
3600 2
3601 2
3602 0
3603 1
3604 2
3605 1
3606 0
3607 3
3608 2
3609 1
3610 1
3611 1
3612 1
3613 1
3614 2
3615 0
3616 2
3617 2
3618 0
3619 2
3620 3
3621 3
3622 3
3623 2
3624 3
3625 1
3626 2
3627 2
3628 1
3629 3
3630 0
3631 2
3632 2
3633 0
3634 2
3635 2
3636 2
3637 1
3638 2
3639 3
3640 0
3641 0
3642 1
3643 2
3644 0
3645 4
3646 3
3647 1
3648 1
3649 3
3650 2
3651 2
3652 0
3653 2
3654 1
3655 2
3656 2
3657 2
3658 3
3659 3
3660 2
3661 0
3662 2
3663 2
3664 3
3665 1
3666 0
3667 1
3668 3
3669 0
3670 3
3671 1
3672 0
3673 3
3674 2
3675 1
3676 0
3677 3
3678 3
3679 2
3680 1
3681 2
3682 3
3683 3
3684 2
3685 2
3686 0
3687 2
3688 0
3689 3
3690 2
3691 2
3692 1
3693 2
3694 1
3695 0
3696 0
3697 1
3698 0
3699 1
3700 0
3701 1
3702 2
3703 2
3704 1
3705 0
3706 3
3707 1
3708 0
3709 3
3710 2
3711 0
3712 2
3713 1
3714 2
3715 2
3716 2
3717 1
3718 1
3719 1
3720 2
3721 2
3722 1
3723 1
3724 2
3725 1
3726 0
3727 2
3728 1
3729 2
3730 2
3731 2
3732 1
3733 4
3734 2
3735 0
3736 1
3737 2
3738 2
3739 2
3740 2
3741 2
3742 1
3743 4
3744 3
3745 1
3746 2
3747 2
3748 0
3749 4
3750 3
3751 0
3752 1
3753 3
3754 2
3755 0
3756 1
3757 3
3758 4
3759 1
3760 4
3761 4
3762 1
3763 3
3764 1
3765 2
3766 1
3767 2
3768 2
3769 2
3770 2
3771 4
3772 4
3773 2
3774 1
3775 1
3776 0
3777 0
3778 1
3779 1
3780 2
3781 2
3782 2
3783 2
3784 3
3785 2
3786 0
3787 1
3788 0
3789 2
3790 2
3791 2
3792 1
3793 2
3794 2
3795 1
3796 1
3797 2
3798 1
3799 3
3800 0
3801 3
3802 1
3803 4
3804 2
3805 2
3806 1
3807 3
3808 4
3809 2
3810 3
3811 1
3812 2
3813 4
3814 4
3815 2
3816 0
3817 1
3818 3
3819 0
3820 0
3821 1
3822 2
3823 2
3824 1
3825 0
3826 2
3827 2
3828 1
3829 1
3830 0
3831 0
3832 2
3833 0
3834 3
3835 2
3836 3
3837 1
3838 1
3839 1
3840 0
3841 2
3842 3
3843 1
3844 1
3845 4
3846 4
3847 2
3848 1
3849 1
3850 1
3851 2
3852 2
3853 2
3854 1
3855 1
3856 0
3857 0
3858 2
3859 0
3860 3
3861 2
3862 0
3863 1
3864 2
3865 1
3866 3
3867 2
3868 3
3869 3
3870 3
3871 1
3872 3
3873 2
3874 0
3875 3
3876 1
3877 2
3878 2
3879 3
3880 2
3881 2
3882 1
3883 1
3884 0
3885 1
3886 1
3887 2
3888 2
3889 1
3890 1
3891 1
3892 3
3893 4
3894 5
3895 3
3896 2
3897 3
3898 2
3899 3
3900 2
3901 2
3902 1
3903 2
3904 1
3905 2
3906 1
3907 1
3908 2
3909 1
3910 2
3911 1
3912 1
3913 2
3914 2
3915 2
3916 2
3917 3
3918 0
3919 3
3920 2
3921 1
3922 3
3923 0
3924 1
3925 1
3926 1
3927 3
3928 2
3929 2
3930 1
3931 2
3932 3
3933 2
3934 3
3935 1
3936 3
3937 0
3938 1
3939 2
3940 3
3941 4
3942 5
3943 4
3944 1
3945 1
3946 1
3947 3
3948 2
3949 0
3950 0
3951 0
3952 2
3953 2
3954 1
3955 1
3956 0
3957 2
3958 1
3959 4
3960 2
3961 0
3962 3
3963 2
3964 1
3965 1
3966 3
3967 1
3968 1
3969 2
3970 0
3971 3
3972 2
3973 0
3974 2
3975 2
3976 1
3977 2
3978 0
3979 1
3980 1
3981 1
3982 0
3983 2
3984 2
3985 1
3986 2
3987 4
3988 1
3989 2
3990 1
3991 1
3992 1
3993 2
3994 3
3995 1
3996 2
3997 1
3998 3
3999 4
4000 4
4001 2
4002 2
4003 1
4004 2
4005 2
4006 3
4007 1
4008 1
4009 2
4010 2
4011 2
4012 1
4013 1
4014 0
4015 0
4016 3
4017 1
4018 3
4019 1
4020 2
4021 2
4022 2
4023 2
4024 3
4025 0
4026 1
4027 2
4028 2
4029 1
4030 0
4031 0
4032 1
4033 1
4034 1
4035 0
4036 1
4037 1
4038 1
4039 4
4040 2
4041 0
4042 3
4043 2
4044 1
4045 1
4046 1
4047 1
4048 4
4049 5
4050 6
4051 8
4052 7
4053 6
4054 5
4055 4
4056 3
4057 0
4058 2
4059 2
4060 3
4061 3
4062 2
4063 2
4064 2
4065 0
4066 2
4067 3
4068 1
4069 3
4070 2
4071 2
4072 1
4073 1
4074 2
4075 2
4076 3
4077 5
4078 4
4079 1
4080 4
4081 1
4082 1
4083 1
4084 1
4085 1
4086 3
4087 0
4088 2
4089 1
4090 1
4091 3
4092 1
4093 1
4094 0
4095 1
4096 1
4097 2
4098 2
4099 1
4100 2
4101 3
4102 1
4103 1
4104 2
4105 1
4106 4
4107 3
4108 0
4109 1
4110 1
4111 2
4112 2
4113 0
4114 1
4115 1
4116 1
4117 0
4118 1
4119 1
4120 0
4121 2
4122 1
4123 1
4124 2
4125 2
4126 2
4127 0
4128 0
4129 2
4130 1
4131 3
4132 2
4133 2
4134 2
4135 2
4136 2
4137 3
4138 0
4139 1
4140 2
4141 0
4142 2
4143 6
4144 4
4145 2
4146 1
4147 1
4148 3
4149 2
4150 3
4151 2
4152 2
4153 2
4154 2
4155 2
4156 2
4157 0
4158 1
4159 1
4160 1
4161 3
4162 3
4163 0
4164 1
4165 1
4166 2
4167 3
4168 1
4169 1
4170 2
4171 2
4172 2
4173 3
4174 3
4175 1
4176 1
4177 2
4178 3
4179 3
4180 1
4181 1
4182 3
4183 1
4184 0
4185 2
4186 1
4187 6
4188 5
4189 5
4190 3
4191 2
4192 1
4193 1
4194 1
4195 2
4196 2
4197 0
4198 3
4199 1
4200 1
4201 1
4202 1
4203 3
4204 1
4205 2
4206 1
4207 0
4208 1
4209 3
4210 1
4211 1
4212 3
4213 0
4214 0
4215 0
4216 3
4217 1
4218 1
4219 1
4220 1
4221 4
4222 2
4223 1
4224 0
4225 1
4226 0
4227 3
4228 0
4229 1
4230 1
4231 0
4232 0
4233 0
4234 1
4235 1
4236 2
4237 1
4238 2
4239 2
4240 2
4241 2
4242 1
4243 2
4244 1
4245 3
4246 0
4247 0
4248 1
4249 1
4250 2
4251 1
4252 1
4253 0
4254 1
4255 0
4256 2
4257 4
4258 1
4259 2
4260 1
4261 1
4262 3
4263 1
4264 3
4265 0
4266 2
4267 1
4268 1
4269 0
4270 0
4271 0
4272 2
4273 1
4274 1
4275 0
4276 2
4277 4
4278 1
4279 2
4280 2
4281 2
4282 1
4283 3
4284 1
4285 2
4286 2
4287 1
4288 1
4289 3
4290 1
4291 1
4292 1
4293 1
4294 0
4295 1
4296 1
4297 0
4298 1
4299 3
4300 2
4301 3
4302 2
4303 3
4304 5
4305 3
4306 1
4307 3
4308 3
4309 3
4310 0
4311 0
4312 0
4313 4
4314 3
4315 2
4316 1
4317 1
4318 1
4319 3
4320 3
4321 0
4322 1
4323 3
4324 2
4325 1
4326 2
4327 2
4328 1
4329 2
4330 1
4331 3
4332 3
4333 2
4334 1
4335 2
4336 4
4337 1
4338 0
4339 1
4340 0
4341 0
4342 0
4343 2
4344 2
4345 2
4346 2
4347 1
4348 1
4349 1
4350 1
4351 1
4352 3
4353 2
4354 3
4355 1
4356 1
4357 1
4358 2
4359 0
4360 1
4361 1
4362 2
4363 2
4364 0
4365 2
4366 1
4367 0
4368 2
4369 2
4370 1
4371 3
4372 2
4373 3
4374 1
4375 2
4376 1
4377 1
4378 1
4379 3
4380 0
4381 2
4382 0
4383 2
4384 1
4385 0
4386 1
4387 1
4388 4
4389 5
4390 3
4391 1
4392 0
4393 3
4394 1
4395 1
4396 0
4397 4
4398 2
4399 1
4400 1
4401 1
4402 2
4403 1
4404 1
4405 2
4406 1
4407 3
4408 1
4409 1
4410 2
4411 2
4412 2
4413 1
4414 1
4415 2
4416 1
4417 4
4418 5
4419 3
4420 3
4421 2
4422 4
4423 4
4424 3
4425 2
4426 2
4427 2
4428 1
4429 1
4430 4
4431 2
4432 0
4433 0
4434 1
4435 1
4436 3
4437 1
4438 0
4439 3
4440 2
4441 3
4442 2
4443 2
4444 2
4445 1
4446 2
4447 1
4448 1
4449 2
4450 1
4451 3
4452 1
4453 3
4454 0
4455 1
4456 1
4457 2
4458 3
4459 1
4460 4
4461 1
4462 1
4463 3
4464 0
4465 3
4466 1
4467 1
4468 3
4469 2
4470 2
4471 2
4472 2
4473 1
4474 2
4475 2
4476 2
4477 2
4478 1
4479 2
4480 1
4481 0
4482 0
4483 1
4484 0
4485 3
4486 3
4487 0
4488 0
4489 0
4490 2
4491 2
4492 0
4493 3
4494 4
4495 1
4496 0
4497 0
4498 0
4499 1
4500 1
4501 2
4502 5
4503 3
4504 2
4505 1
4506 0
4507 0
4508 1
4509 3
4510 2
4511 0
4512 2
4513 1
4514 2
4515 0
4516 2
4517 2
4518 1
4519 1
4520 2
4521 3
4522 2
4523 2
4524 3
4525 2
4526 1
4527 2
4528 3
4529 1
4530 3
4531 0
4532 2
4533 4
4534 1
4535 2
4536 1
4537 1
4538 2
4539 3
4540 2
4541 1
4542 0
4543 1
4544 0
4545 2
4546 2
4547 2
4548 2
4549 1
4550 5
4551 2
4552 1
4553 2
4554 0
4555 1
4556 1
4557 0
4558 5
4559 4
4560 2
4561 2
4562 3
4563 1
4564 3
4565 0
4566 3
4567 1
4568 4
4569 3
4570 2
4571 0
4572 0
4573 2
4574 1
4575 0
4576 3
4577 2
4578 3
4579 2
4580 3
4581 1
4582 2
4583 5
4584 5
4585 5
4586 4
4587 3
4588 3
4589 1
4590 3
4591 2
4592 2
4593 4
4594 5
4595 3
4596 1
4597 2
4598 2
4599 1
4600 2
4601 0
4602 3
4603 1
4604 2
4605 3
4606 0
4607 2
4608 2
4609 1
4610 2
4611 2
4612 2
4613 2
4614 4
4615 4
4616 3
4617 0
4618 1
4619 2
4620 1
4621 1
4622 0
4623 1
4624 0
4625 2
4626 1
4627 0
4628 2
4629 3
4630 1
4631 3
4632 0
4633 1
4634 4
4635 2
4636 1
4637 2
4638 1
4639 1
4640 0
4641 0
4642 3
4643 0
4644 3
4645 0
4646 0
4647 3
4648 1
4649 3
4650 1
4651 1
4652 2
4653 2
4654 2
4655 1
4656 0
4657 1
4658 2
4659 2
4660 0
4661 3
4662 1
4663 1
4664 1
4665 1
4666 1
4667 2
4668 1
4669 1
4670 1
4671 2
4672 2
4673 2
4674 3
4675 3
4676 1
4677 1
4678 0
4679 2
4680 1
4681 1
4682 4
4683 3
4684 0
4685 3
4686 2
4687 0
4688 1
4689 0
4690 4
4691 2
4692 0
4693 2
4694 1
4695 0
4696 2
4697 4
4698 2
4699 3
4700 1
4701 2
4702 3
4703 4
4704 3
4705 1
4706 0
4707 4
4708 4
4709 3
4710 0
4711 1
4712 2
4713 0
4714 0
4715 3
4716 0
4717 1
4718 2
4719 3
4720 3
4721 1
4722 3
4723 0
4724 1
4725 2
4726 1
4727 3
4728 4
4729 3
4730 2
4731 4
4732 3
4733 0
4734 0
4735 1
4736 2
4737 0
4738 2
4739 0
4740 3
4741 2
4742 3
4743 2
4744 1
4745 3
4746 1
4747 2
4748 2
4749 1
4750 5
4751 3
4752 0
4753 1
4754 3
4755 1
4756 1
4757 1
4758 0
4759 3
4760 5
4761 3
4762 2
4763 2
4764 3
4765 2
4766 0
4767 1
4768 2
4769 3
4770 5
4771 3
4772 2
4773 2
4774 2
4775 1
4776 3
4777 2
4778 2
4779 3
4780 1
4781 1
4782 2
4783 2
4784 0
4785 1
4786 2
4787 2
4788 2
4789 0
4790 1
4791 1
4792 0
4793 0
4794 1
4795 2
4796 2
4797 1
4798 1
4799 2
4800 1
4801 3
4802 3
4803 1
4804 3
4805 2
4806 1
4807 0
4808 1
4809 6
4810 4
4811 2
4812 4
4813 3
4814 2
4815 2
4816 0
4817 0
4818 2
4819 3
4820 3
4821 1
4822 1
4823 1
4824 2
4825 1
4826 1
4827 2
4828 3
4829 1
4830 2
4831 2
4832 3
4833 1
4834 0
4835 1
4836 0
4837 2
4838 1
4839 3
4840 1
4841 2
4842 1
4843 1
4844 2
4845 1
4846 0
4847 5
4848 3
4849 1
4850 1
4851 1
4852 3
4853 1
4854 1
4855 0
4856 1
4857 2
4858 0
4859 0
4860 0
4861 1
4862 2
4863 0
4864 4
4865 5
4866 3
4867 2
4868 1
4869 2
4870 0
4871 2
4872 3
4873 1
4874 2
4875 1
4876 4
4877 1
4878 5
4879 8
4880 5
4881 4
4882 4
4883 2
4884 1
4885 2
4886 1
4887 0
4888 1
4889 1
4890 1
4891 1
4892 0
4893 2
4894 0
4895 3
4896 1
4897 0
4898 0
4899 2
4900 2
4901 3
4902 1
4903 1
4904 2
4905 1
4906 1
4907 4
4908 1
4909 2
4910 4
4911 2
4912 3
4913 1
4914 2
4915 3
4916 2
4917 1
4918 0
4919 1
4920 0
4921 1
4922 2
4923 2
4924 0
4925 2
4926 2
4927 2
4928 0
4929 2
4930 3
4931 3
4932 1
4933 0
4934 4
4935 3
4936 0
4937 2
4938 4
4939 2
4940 1
4941 2
4942 0
4943 1
4944 0
4945 2
4946 0
4947 1
4948 0
4949 2
4950 2
4951 2
4952 2
4953 2
4954 0
4955 1
4956 2
4957 4
4958 1
4959 2
4960 2
4961 2
4962 0
4963 3
4964 4
4965 2
4966 1
4967 4
4968 2
4969 0
4970 0
4971 2
4972 1
4973 3
4974 1
4975 3
4976 1
4977 1
4978 1
4979 3
4980 1
4981 2
4982 1
4983 2
4984 2
4985 2
4986 2
4987 4
4988 1
4989 1
4990 0
4991 2
4992 0
4993 0
4994 3
4995 2
4996 0
4997 1
4998 0
4999 2
5000 0
5001 0
5002 1
5003 2
5004 0
5005 2
5006 0
5007 1
5008 4
5009 1
5010 2
5011 0
5012 2
5013 3
5014 1
5015 2
5016 4
5017 2
5018 2
5019 2
5020 2
5021 1
5022 4
5023 4
5024 3
5025 2
5026 2
5027 2
5028 3
5029 1
5030 0
5031 1
5032 2
5033 2
5034 2
5035 0
5036 1
5037 0
5038 4
5039 3
5040 2
5041 2
5042 1
5043 3
5044 2
5045 1
5046 2
5047 1
5048 2
5049 1
5050 0
5051 0
5052 1
5053 1
5054 1
5055 3
5056 1
5057 0
5058 1
5059 3
5060 3
5061 1
5062 0
5063 1
5064 1
5065 0
5066 1
5067 1
5068 2
5069 2
5070 0
5071 1
5072 3
5073 0
5074 2
5075 4
5076 2
5077 0
5078 1
5079 0
5080 2
5081 0
5082 1
5083 1
5084 1
5085 1
5086 3
5087 2
5088 1
5089 1
5090 1
5091 0
5092 3
5093 1
5094 3
5095 0
5096 1
5097 2
5098 3
5099 2
5100 0
5101 1
5102 2
5103 1
5104 3
5105 0
5106 1
5107 2
5108 2
5109 0
5110 4
5111 2
5112 2
5113 3
5114 4
5115 2
5116 1
5117 3
5118 2
5119 3
5120 0
5121 1
5122 4
5123 2
5124 3
5125 0
5126 3
5127 2
5128 2
5129 1
5130 0
5131 4
5132 3
5133 1
5134 2
5135 2
5136 3
5137 2
5138 1
5139 1
5140 1
5141 3
5142 2
5143 3
5144 3
5145 0
5146 1
5147 2
5148 2
5149 1
5150 1
5151 1
5152 1
5153 1
5154 1
5155 2
5156 1
5157 4
5158 2
5159 2
5160 3
5161 2
5162 1
5163 2
5164 2
5165 1
5166 2
5167 1
5168 1
5169 2
5170 2
5171 2
5172 2
5173 1
5174 1
5175 3
5176 2
5177 1
5178 4
5179 2
5180 2
5181 1
5182 2
5183 3
5184 2
5185 1
5186 3
5187 1
5188 1
5189 1
5190 1
5191 2
5192 0
5193 1
5194 2
5195 2
5196 1
5197 1
5198 0
5199 2
5200 4
5201 3
5202 1
5203 1
5204 2
5205 3
5206 0
5207 5
5208 3
5209 1
5210 3
5211 2
5212 0
5213 4
5214 1
5215 0
5216 3
5217 1
5218 1
5219 1
5220 2
5221 1
5222 1
5223 2
5224 2
5225 0
5226 2
5227 3
5228 2
5229 1
5230 0
5231 1
5232 5
5233 3
5234 0
5235 3
5236 1
5237 1
5238 2
5239 1
5240 2
5241 4
5242 3
5243 1
5244 3
5245 1
5246 2
5247 3
5248 4
5249 2
5250 1
5251 1
5252 1
5253 2
5254 2
5255 1
5256 3
5257 3
5258 2
5259 3
5260 1
5261 1
5262 0
5263 1
5264 0
5265 4
5266 4
5267 2
5268 2
5269 2
5270 0
5271 1
5272 4
5273 3
5274 1
5275 1
5276 1
5277 2
5278 3
5279 0
5280 3
5281 0
5282 1
5283 2
5284 2
5285 0
5286 2
5287 1
5288 3
5289 3
5290 6
5291 6
5292 5
5293 3
5294 0
5295 3
5296 1
5297 0
5298 1
5299 2
5300 1
5301 1
5302 3
5303 1
5304 0
5305 3
5306 1
5307 3
5308 4
5309 3
5310 1
5311 0
5312 3
5313 3
5314 2
5315 4
5316 2
5317 5
5318 4
5319 3
5320 1
5321 2
5322 2
5323 1
5324 1
5325 2
5326 0
5327 2
5328 2
5329 0
5330 3
5331 2
5332 0
5333 2
5334 4
5335 4
5336 3
5337 1
5338 2
5339 1
5340 1
5341 2
5342 2
5343 2
5344 2
5345 2
5346 1
5347 1
5348 1
5349 1
5350 0
5351 4
5352 2
5353 1
5354 0
5355 0
5356 1
5357 1
5358 2
5359 2
5360 1
5361 2
5362 1
5363 1
5364 2
5365 1
5366 1
5367 0
5368 4
5369 2
5370 3
5371 1
5372 3
5373 0
5374 1
5375 3
5376 2
5377 1
5378 2
5379 3
5380 4
5381 3
5382 1
5383 3
5384 1
5385 2
5386 1
5387 2
5388 2
5389 2
5390 4
5391 4
5392 2
5393 3
5394 1
5395 3
5396 2
5397 3
5398 2
5399 1
5400 1
5401 0
5402 3
5403 4
5404 6
5405 4
5406 3
5407 1
5408 3
5409 2
5410 4
5411 2
5412 2
5413 1
5414 0
5415 1
5416 2
5417 3
5418 2
5419 2
5420 3
5421 0
5422 4
5423 4
5424 2
5425 3
5426 2
5427 1
5428 1
5429 2
5430 2
5431 2
5432 0
5433 5
5434 3
5435 2
5436 2
5437 2
5438 1
5439 1
5440 3
5441 3
5442 1
5443 1
5444 1
5445 3
5446 1
5447 1
5448 1
5449 2
5450 1
5451 1
5452 3
5453 0
5454 1
5455 4
5456 2
5457 4
5458 1
5459 0
5460 0
5461 1
5462 2
5463 2
5464 1
5465 1
5466 1
5467 3
5468 1
5469 0
5470 2
5471 1
5472 2
5473 2
5474 0
5475 1
5476 1
5477 3
5478 3
5479 0
5480 2
5481 1
5482 1
5483 1
5484 2
5485 0
5486 2
5487 1
5488 1
5489 1
5490 3
5491 1
5492 0
5493 0
5494 1
5495 1
5496 0
5497 1
5498 0
5499 1
5500 1
5501 0
5502 2
5503 1
5504 1
5505 1
5506 0
5507 0
5508 0
5509 3
5510 1
5511 2
5512 1
5513 0
5514 2
5515 1
5516 4
5517 2
5518 1
5519 3
5520 1
5521 0
5522 0
5523 4
5524 4
5525 3
5526 0
5527 0
5528 2
5529 0
5530 2
5531 2
5532 1
5533 5
5534 2
5535 1
5536 2
5537 1
5538 3
5539 2
5540 2
5541 1
5542 2
5543 2
5544 1
5545 2
5546 3
5547 3
5548 0
5549 4
5550 3
5551 0
5552 1
5553 0
5554 2
5555 2
5556 3
5557 1
5558 0
5559 2
5560 0
5561 1
5562 1
5563 3
5564 2
5565 4
5566 2
5567 0
5568 3
5569 0
5570 1
5571 1
5572 4
5573 2
5574 0
5575 5
5576 5
5577 2
5578 2
5579 0
5580 1
5581 1
5582 3
5583 2
5584 3
5585 1
5586 2
5587 2
5588 2
5589 0
5590 0
5591 3
5592 2
5593 1
5594 1
5595 1
5596 0
5597 1
5598 1
5599 3
5600 3
5601 0
5602 1
5603 2
5604 1
5605 1
5606 1
5607 0
5608 0
5609 2
5610 3
5611 3
5612 1
5613 1
5614 1
5615 3
5616 1
5617 5
5618 2
5619 2
5620 2
5621 2
5622 1
5623 2
5624 2
5625 4
5626 3
5627 1
5628 3
5629 2
5630 1
5631 2
5632 0
5633 1
5634 0
5635 4
5636 2
5637 1
5638 1
5639 1
5640 0
5641 3
5642 2
5643 2
5644 1
5645 3
5646 1
5647 0
5648 3
5649 2
5650 2
5651 2
5652 2
5653 0
5654 2
5655 1
5656 2
5657 1
5658 1
5659 1
5660 1
5661 2
5662 2
5663 0
5664 0
5665 0
5666 2
5667 2
5668 1
5669 0
5670 4
5671 4
5672 2
5673 3
5674 2
5675 0
5676 2
5677 2
5678 1
5679 3
5680 1
5681 4
5682 3
5683 1
5684 5
5685 4
5686 4
5687 4
5688 4
5689 3
5690 1
5691 0
5692 5
5693 3
5694 2
5695 3
5696 1
5697 1
5698 3
5699 2
5700 1
5701 2
5702 1
5703 1
5704 3
5705 3
5706 0
5707 2
5708 1
5709 3
5710 1
5711 1
5712 2
5713 0
5714 0
5715 1
5716 3
5717 4
5718 2
5719 2
5720 2
5721 2
5722 0
5723 0
5724 2
5725 1
5726 1
5727 1
5728 2
5729 0
5730 3
5731 1
5732 2
5733 1
5734 1
5735 2
5736 0
5737 2
5738 0
5739 0
5740 4
5741 2
5742 5
5743 2
5744 1
5745 1
5746 2
5747 0
5748 1
5749 0
5750 0
5751 2
5752 1
5753 1
5754 1
5755 1
5756 4
5757 3
5758 1
5759 2
5760 1
5761 2
5762 2
5763 0
5764 1
5765 1
5766 1
5767 1
5768 2
5769 3
5770 2
5771 0
5772 1
5773 0
5774 4
5775 1
5776 1
5777 1
5778 1
5779 1
5780 3
5781 4
5782 2
5783 1
5784 1
5785 0
5786 4
5787 1
5788 1
5789 2
5790 0
5791 1
5792 3
5793 2
5794 1
5795 3
5796 4
5797 2
5798 2
5799 0
5800 1
5801 0
5802 2
5803 2
5804 2
5805 0
5806 0
5807 2
5808 2
5809 0
5810 1
5811 4
5812 1
5813 4
5814 4
5815 3
5816 0
5817 2
5818 1
5819 0
5820 1
5821 0
5822 1
5823 1
5824 1
5825 2
5826 1
5827 2
5828 4
5829 3
5830 5
5831 6
5832 3
5833 2
5834 2
5835 2
5836 2
5837 2
5838 2
5839 2
5840 1
5841 1
5842 1
5843 2
5844 1
5845 1
5846 1
5847 1
5848 3
5849 4
5850 4
5851 2
5852 1
5853 0
5854 1
5855 1
5856 0
5857 1
5858 4
5859 2
5860 0
5861 0
5862 2
5863 1
5864 1
5865 1
5866 2
5867 2
5868 1
5869 1
5870 2
5871 2
5872 1
5873 2
5874 1
5875 1
5876 3
5877 2
5878 3
5879 4
5880 4
5881 5
5882 3
5883 0
5884 0
5885 1
5886 0
5887 0
5888 3
5889 0
5890 4
5891 5
5892 4
5893 3
5894 1
5895 3
5896 4
5897 3
5898 1
5899 2
5900 2
5901 0
5902 0
5903 1
5904 0
5905 0
5906 2
5907 2
5908 1
5909 0
5910 2
5911 2
5912 1
5913 1
5914 2
5915 3
5916 3
5917 2
5918 1
5919 3
5920 2
5921 2
5922 1
5923 2
5924 0
5925 1
5926 2
5927 0
5928 1
5929 2
5930 2
5931 0
5932 1
5933 1
5934 1
5935 0
5936 2
5937 0
5938 2
5939 1
5940 0
5941 1
5942 0
5943 2
5944 2
5945 2
5946 2
5947 3
5948 0
5949 2
5950 0
5951 1
5952 2
5953 1
5954 1
5955 3
5956 2
5957 2
5958 1
5959 0
5960 1
5961 3
5962 1
5963 2
5964 1
5965 3
5966 3
5967 3
5968 0
5969 1
5970 2
5971 1
5972 0
5973 3
5974 1
5975 4
5976 2
5977 1
5978 2
5979 3
5980 3
5981 1
5982 0
5983 4
5984 3
5985 5
5986 3
5987 1
5988 1
5989 1
5990 3
5991 4
5992 2
5993 1
5994 2
5995 1
5996 2
5997 0
5998 4
5999 4
6000 3
6001 2
6002 0
6003 0
6004 2
6005 1
6006 2
6007 2
6008 2
6009 3
6010 2
6011 4
6012 2
6013 2
6014 1
6015 0
6016 0
6017 3
6018 2
6019 4
6020 2
6021 1
6022 1
6023 1
6024 0
6025 1
6026 2
6027 2
6028 3
6029 3
6030 2
6031 2
6032 0
6033 2
6034 1
6035 2
6036 1
6037 2
6038 0
6039 1
6040 2
6041 1
6042 2
6043 2
6044 1
6045 2
6046 4
6047 4
6048 3
6049 2
6050 3
6051 3
6052 0
6053 1
6054 4
6055 2
6056 1
6057 2
6058 0
6059 2
6060 3
6061 2
6062 1
6063 1
6064 1
6065 2
6066 1
6067 2
6068 0
6069 1
6070 1
6071 0
6072 1
6073 0
6074 3
6075 0
6076 1
6077 2
6078 2
6079 2
6080 1
6081 2
6082 3
6083 4
6084 2
6085 2
6086 2
6087 2
6088 0
6089 0
6090 0
6091 4
6092 2
6093 0
6094 3
6095 3
6096 2
6097 2
6098 2
6099 2
6100 4
6101 3
6102 1
6103 3
6104 0
6105 0
6106 0
6107 0
6108 1
6109 5
6110 3
6111 1
6112 2
6113 3
6114 1
6115 3
6116 2
6117 3
6118 1
6119 2
6120 2
6121 2
6122 1
6123 3
6124 1
6125 0
6126 1
6127 1
6128 0
6129 1
6130 0
6131 0
6132 2
6133 1
6134 2
6135 2
6136 1
6137 1
6138 0
6139 1
6140 1
6141 2
6142 1
6143 0
6144 3
6145 2
6146 0
6147 0
6148 0
6149 2
6150 3
6151 1
6152 1
6153 2
6154 0
6155 3
6156 1
6157 0
6158 0
6159 2
6160 1
6161 1
6162 3
6163 1
6164 2
6165 1
6166 1
6167 3
6168 2
6169 4
6170 3
6171 1
6172 2
6173 2
6174 0
6175 3
6176 2
6177 1
6178 0
6179 2
6180 4
6181 2
6182 0
6183 2
6184 1
6185 1
6186 2
6187 2
6188 3
6189 2
6190 2
6191 0
6192 1
6193 1
6194 1
6195 0
6196 0
6197 1
6198 1
6199 1
6200 1
6201 1
6202 2
6203 2
6204 2
6205 2
6206 1
6207 0
6208 1
6209 2
6210 1
6211 2
6212 2
6213 0
6214 1
6215 3
6216 2
6217 0
6218 0
6219 2
6220 1
6221 1
6222 1
6223 4
6224 5
6225 4
6226 3
6227 3
6228 5
6229 4
6230 4
6231 3
6232 2
6233 2
6234 3
6235 1
6236 2
6237 3
6238 0
6239 2
6240 2
6241 1
6242 1
6243 0
6244 2
6245 1
6246 2
6247 1
6248 2
6249 1
6250 1
6251 1
6252 2
6253 1
6254 1
6255 0
6256 2
6257 1
6258 0
6259 4
6260 2
6261 0
6262 1
6263 2
6264 2
6265 1
6266 3
6267 3
6268 3
6269 1
6270 3
6271 0
6272 0
6273 4
6274 3
6275 0
6276 3
6277 0
6278 0
6279 3
6280 1
6281 0
6282 0
6283 2
6284 3
6285 0
6286 5
6287 3
6288 3
6289 1
6290 1
6291 1
6292 1
6293 1
6294 0
6295 0
6296 3
6297 3
6298 1
6299 0
6300 2
6301 2
6302 1
6303 2
6304 1
6305 3
6306 0
6307 0
6308 0
6309 2
6310 1
6311 2
6312 1
6313 1
6314 3
6315 1
6316 1
6317 3
6318 2
6319 3
6320 2
6321 2
6322 1
6323 1
6324 2
6325 2
6326 3
6327 0
6328 1
6329 2
6330 0
6331 1
6332 1
6333 3
6334 2
6335 1
6336 2
6337 2
6338 0
6339 5
6340 5
6341 6
6342 3
6343 1
6344 3
6345 0
6346 1
6347 2
6348 2
6349 1
6350 0
6351 2
6352 0
6353 2
6354 2
6355 1
6356 2
6357 2
6358 4
6359 3
6360 1
6361 2
6362 0
6363 2
6364 1
6365 2
6366 1
6367 0
6368 1
6369 0
6370 2
6371 0
6372 1
6373 2
6374 1
6375 1
6376 2
6377 1
6378 1
6379 0
6380 2
6381 3
6382 3
6383 0
6384 1
6385 6
6386 4
6387 3
6388 1
6389 1
6390 3
6391 1
6392 1
6393 1
6394 0
6395 3
6396 3
6397 1
6398 1
6399 3
6400 1
6401 2
6402 3
6403 1
6404 4
6405 2
6406 1
6407 0
6408 2
6409 0
6410 1
6411 2
6412 1
6413 2
6414 1
6415 0
6416 1
6417 1
6418 3
6419 1
6420 1
6421 1
6422 4
6423 3
6424 3
6425 2
6426 1
6427 2
6428 2
6429 2
6430 3
6431 1
6432 1
6433 4
6434 4
6435 5
6436 2
6437 1
6438 1
6439 0
6440 3
6441 0
6442 3
6443 0
6444 6
6445 7
6446 4
6447 3
6448 0
6449 1
6450 1
6451 2
6452 0
6453 2
6454 3
6455 2
6456 4
6457 3
6458 3
6459 1
6460 1
6461 3
6462 1
6463 3
6464 3
6465 2
6466 0
6467 1
6468 3
6469 1
6470 2
6471 1
6472 1
6473 3
6474 3
6475 0
6476 1
6477 1
6478 0
6479 2
6480 2
6481 3
6482 3
6483 1
6484 0
6485 3
6486 0
6487 1
6488 2
6489 0
6490 5
6491 2
6492 0
6493 3
6494 2
6495 1
6496 2
6497 2
6498 1
6499 0
6500 3
6501 1
6502 4
6503 2
6504 2
6505 0
6506 1
6507 2
6508 2
6509 0
6510 3
6511 1
6512 2
6513 1
6514 1
6515 1
6516 1
6517 3
6518 4
6519 1
6520 1
6521 0
6522 2
6523 1
6524 1
6525 1
6526 2
6527 1
6528 1
6529 3
6530 2
6531 2
6532 1
6533 0
6534 1
6535 3
6536 1
6537 1
6538 0
6539 2
6540 1
6541 0
6542 3
6543 1
6544 1
6545 3
6546 1
6547 1
6548 1
6549 0
6550 0
6551 1
6552 0
6553 1
6554 2
6555 0
6556 3
6557 2
6558 3
6559 1
6560 1
6561 1
6562 0
6563 0
6564 2
6565 1
6566 1
6567 0
6568 2
6569 2
6570 2
6571 1
6572 0
6573 2
6574 1
6575 2
6576 3
6577 3
6578 1
6579 0
6580 3
6581 4
6582 2
6583 1
6584 1
6585 2
6586 1
6587 3
6588 2
6589 2
6590 1
6591 2
6592 1
6593 0
6594 2
6595 3
6596 2
6597 3
6598 2
6599 3
6600 3
6601 0
6602 4
6603 4
6604 2
6605 0
6606 0
6607 2
6608 2
6609 1
6610 1
6611 2
6612 3
6613 1
6614 0
6615 0
6616 2
6617 2
6618 0
6619 4
6620 2
6621 2
6622 1
6623 2
6624 1
6625 2
6626 2
6627 1
6628 2
6629 0
6630 2
6631 4
6632 7
6633 5
6634 6
6635 5
6636 5
6637 3
6638 0
6639 2
6640 1
6641 2
6642 2
6643 2
6644 2
6645 3
6646 0
6647 0
6648 3
6649 0
6650 1
6651 2
6652 2
6653 1
6654 0
6655 2
6656 3
6657 1
6658 1
6659 1
6660 1
6661 3
6662 2
6663 4
6664 2
6665 2
6666 2
6667 3
6668 3
6669 5
6670 3
6671 1
6672 3
6673 0
6674 2
6675 1
6676 1
6677 1
6678 2
6679 0
6680 4
6681 2
6682 1
6683 4
6684 1
6685 3
6686 3
6687 2
6688 2
6689 2
6690 0
6691 1
6692 1
6693 2
6694 1
6695 2
6696 2
6697 0
6698 3
6699 2
6700 0
6701 0
6702 0
6703 2
6704 2
6705 3
6706 0
6707 2
6708 2
6709 0
6710 2
6711 1
6712 7
6713 5
6714 4
6715 1
6716 4
6717 2
6718 3
6719 2
6720 2
6721 1
6722 3
6723 2
6724 0
6725 1
6726 1
6727 2
6728 1
6729 1
6730 1
6731 3
6732 2
6733 1
6734 1
6735 2
6736 1
6737 2
6738 2
6739 0
6740 1
6741 2
6742 5
6743 3
6744 1
6745 0
6746 0
6747 1
6748 2
6749 1
6750 2
6751 0
6752 1
6753 0
6754 0
6755 3
6756 2
6757 4
6758 4
6759 2
6760 1
6761 3
6762 0
6763 1
6764 5
6765 3
6766 3
6767 0
6768 1
6769 1
6770 1
6771 2
6772 1
6773 3
6774 1
6775 2
6776 3
6777 2
6778 2
6779 1
6780 2
6781 1
6782 0
6783 1
6784 2
6785 3
6786 0
6787 3
6788 2
6789 2
6790 1
6791 0
6792 3
6793 2
6794 4
6795 1
6796 3
6797 0
6798 3
6799 0
6800 3
6801 3
6802 1
6803 1
6804 2
6805 0
6806 2
6807 1
6808 1
6809 0
6810 2
6811 3
6812 1
6813 0
6814 4
6815 6
6816 6
6817 6
6818 5
6819 5
6820 4
6821 2
6822 2
6823 1
6824 2
6825 3
6826 0
6827 3
6828 2
6829 1
6830 2
6831 0
6832 2
6833 1
6834 3
6835 1
6836 1
6837 1
6838 5
6839 6
6840 8
6841 5
6842 3
6843 2
6844 2
6845 0
6846 3
6847 0
6848 2
6849 2
6850 2
6851 1
6852 3
6853 2
6854 3
6855 1
6856 1
6857 2
6858 3
6859 0
6860 3
6861 1
6862 1
6863 0
6864 4
6865 2
6866 1
6867 0
6868 1
6869 2
6870 1
6871 3
6872 2
6873 0
6874 2
6875 2
6876 3
6877 1
6878 1
6879 1
6880 2
6881 2
6882 1
6883 1
6884 2
6885 1
6886 2
6887 0
6888 2
6889 2
6890 1
6891 1
6892 1
6893 1
6894 1
6895 0
6896 2
6897 1
6898 1
6899 2
6900 0
6901 3
6902 2
6903 2
6904 3
6905 0
6906 0
6907 2
6908 1
6909 0
6910 4
6911 1
6912 0
6913 5
6914 5
6915 7
6916 5
6917 5
6918 2
6919 0
6920 2
6921 1
6922 1
6923 1
6924 0
6925 4
6926 1
6927 2
6928 2
6929 2
6930 1
6931 1
6932 2
6933 1
6934 3
6935 1
6936 2
6937 1
6938 1
6939 0
6940 2
6941 1
6942 0
6943 0
6944 0
6945 1
6946 3
6947 2
6948 0
6949 2
6950 4
6951 2
6952 2
6953 0
6954 1
6955 1
6956 2
6957 1
6958 2
6959 2
6960 3
6961 0
6962 1
6963 1
6964 1
6965 1
6966 1
6967 1
6968 2
6969 1
6970 1
6971 1
6972 0
6973 1
6974 2
6975 4
6976 2
6977 1
6978 1
6979 3
6980 1
6981 4
6982 4
6983 4
6984 3
6985 2
6986 3
6987 0
6988 1
6989 2
6990 4
6991 2
6992 1
6993 1
6994 2
6995 1
6996 3
6997 4
6998 2
6999 1
7000 1
7001 3
7002 2
7003 1
7004 3
7005 2
7006 3
7007 1
7008 3
7009 2
7010 1
7011 1
7012 2
7013 0
7014 0
7015 2
7016 3
7017 2
7018 1
7019 2
7020 1
7021 1
7022 2
7023 2
7024 0
7025 2
7026 0
7027 0
7028 1
7029 0
7030 3
7031 3
7032 3
7033 3
7034 2
7035 1
7036 2
7037 2
7038 1
7039 3
7040 1
7041 0
7042 2
7043 1
7044 3
7045 2
7046 2
7047 2
7048 3
7049 2
7050 3
7051 2
7052 0
7053 2
7054 2
7055 0
7056 2
7057 0
7058 1
7059 1
7060 0
7061 1
7062 2
7063 2
7064 0
7065 2
7066 1
7067 4
7068 3
7069 1
7070 0
7071 2
7072 5
7073 4
7074 1
7075 2
7076 2
7077 4
7078 1
7079 4
7080 3
7081 3
7082 3
7083 2
7084 2
7085 2
7086 0
7087 1
7088 0
7089 4
7090 3
7091 2
7092 0
7093 4
7094 4
7095 2
7096 1
7097 0
7098 3
7099 1
7100 4
7101 1
7102 3
7103 0
7104 4
7105 2
7106 2
7107 1
7108 1
7109 2
7110 2
7111 1
7112 1
7113 1
7114 1
7115 2
7116 1
7117 1
7118 2
7119 2
7120 1
7121 1
7122 1
7123 3
7124 3
7125 2
7126 1
7127 1
7128 1
7129 1
7130 3
7131 1
7132 2
7133 1
7134 0
7135 2
7136 3
7137 1
7138 1
7139 3
7140 2
7141 0
7142 0
7143 3
7144 3
7145 2
7146 2
7147 3
7148 4
7149 4
7150 1
7151 0
7152 2
7153 2
7154 2
7155 1
7156 2
7157 1
7158 0
7159 3
7160 1
7161 3
7162 0
7163 1
7164 1
7165 2
7166 3
7167 4
7168 3
7169 1
7170 4
7171 1
7172 1
7173 1
7174 2
7175 0
7176 4
7177 4
7178 3
7179 4
7180 4
7181 3
7182 1
7183 3
7184 1
7185 1
7186 1
7187 2
7188 2
7189 2
7190 2
7191 1
7192 2
7193 3
7194 4
7195 3
7196 1
7197 4
7198 2
7199 1
7200 0
7201 1
7202 1
7203 1
7204 1
7205 1
7206 0
7207 1
7208 1
7209 1
7210 0
7211 0
7212 0
7213 1
7214 2
7215 2
7216 3
7217 3
7218 3
7219 0
7220 3
7221 2
7222 2
7223 2
7224 0
7225 1
7226 0
7227 0
7228 2
7229 2
7230 2
7231 1
7232 4
7233 1
7234 2
7235 1
7236 0
7237 0
7238 3
7239 3
7240 2
7241 2
7242 1
7243 1
7244 2
7245 3
7246 5
7247 5
7248 2
7249 4
7250 3
7251 2
7252 4
7253 3
7254 1
7255 1
7256 1
7257 0
7258 2
7259 2
7260 0
7261 0
7262 2
7263 1
7264 3
7265 0
7266 1
7267 0
7268 0
7269 1
7270 2
7271 1
7272 1
7273 1
7274 4
7275 2
7276 0
7277 3
7278 1
7279 3
7280 1
7281 2
7282 2
7283 2
7284 2
7285 3
7286 2
7287 1
7288 0
7289 3
7290 2
7291 1
7292 0
7293 3
7294 1
7295 0
7296 2
7297 5
7298 3
7299 2
7300 1
7301 0
7302 3
7303 2
7304 3
7305 1
7306 1
7307 3
7308 3
7309 2
7310 1
7311 0
7312 1
7313 0
7314 2
7315 2
7316 2
7317 4
7318 2
7319 0
7320 2
7321 1
7322 1
7323 2
7324 1
7325 1
7326 0
7327 5
7328 4
7329 2
7330 1
7331 1
7332 3
7333 3
7334 2
7335 0
7336 0
7337 3
7338 2
7339 1
7340 0
7341 2
7342 0
7343 2
7344 1
7345 3
7346 3
7347 2
7348 3
7349 4
7350 2
7351 1
7352 0
7353 1
7354 1
7355 3
7356 1
7357 1
7358 4
7359 3
7360 1
7361 2
7362 3
7363 3
7364 1
7365 2
7366 4
7367 1
7368 1
7369 2
7370 3
7371 2
7372 3
7373 1
7374 1
7375 2
7376 4
7377 2
7378 1
7379 0
7380 0
7381 1
7382 1
7383 5
7384 4
7385 3
7386 3
7387 1
7388 4
7389 3
7390 2
7391 2
7392 5
7393 3
7394 2
7395 4
7396 1
7397 1
7398 3
7399 1
7400 2
7401 1
7402 2
7403 2
7404 4
7405 2
7406 1
7407 4
7408 2
7409 2
7410 3
7411 0
7412 3
7413 6
7414 4
7415 4
7416 1
7417 2
7418 1
7419 1
7420 2
7421 2
7422 1
7423 2
7424 1
7425 0
7426 3
7427 1
7428 1
7429 2
7430 1
7431 0
7432 3
7433 2
7434 1
7435 0
7436 2
7437 2
7438 0
7439 0
7440 0
7441 4
7442 2
7443 1
7444 3
7445 2
7446 2
7447 3
7448 4
7449 3
7450 3
7451 1
7452 3
7453 3
7454 2
7455 0
7456 3
7457 1
7458 2
7459 1
7460 1
7461 1
7462 1
7463 2
7464 3
7465 2
7466 3
7467 1
7468 2
7469 3
7470 0
7471 1
7472 0
7473 0
7474 5
7475 4
7476 3
7477 1
7478 1
7479 1
7480 0
7481 1
7482 1
7483 3
7484 2
7485 2
7486 1
7487 0
7488 3
7489 4
7490 2
7491 2
7492 1
7493 1
7494 0
7495 1
7496 1
7497 3
7498 0
7499 0
7500 1
7501 3
7502 1
7503 1
7504 1
7505 1
7506 3
7507 2
7508 1
7509 2
7510 0
7511 2
7512 1
7513 1
7514 2
7515 0
7516 2
7517 0
7518 3
7519 3
7520 4
7521 3
7522 2
7523 3
7524 1
7525 2
7526 2
7527 1
7528 0
7529 0
7530 3
7531 1
7532 3
7533 1
7534 1
7535 1
7536 0
7537 1
7538 1
7539 1
7540 3
7541 1
7542 4
7543 4
7544 3
7545 1
7546 2
7547 0
7548 0
7549 3
7550 2
7551 1
7552 3
7553 3
7554 0
7555 1
7556 3
7557 1
7558 0
7559 2
7560 4
7561 3
7562 3
7563 5
7564 7
7565 5
7566 2
7567 2
7568 3
7569 1
7570 0
7571 2
7572 0
7573 0
7574 1
7575 1
7576 2
7577 2
7578 1
7579 3
7580 1
7581 2
7582 0
7583 1
7584 1
7585 1
7586 1
7587 2
7588 1
7589 1
7590 0
7591 1
7592 2
7593 4
7594 3
7595 3
7596 1
7597 2
7598 4
7599 2
7600 1
7601 4
7602 4
7603 3
7604 0
7605 2
7606 1
7607 1
7608 0
7609 1
7610 1
7611 1
7612 0
7613 3
7614 1
7615 3
7616 1
7617 2
7618 3
7619 1
7620 1
7621 1
7622 1
7623 2
7624 1
7625 3
7626 2
7627 0
7628 1
7629 1
7630 1
7631 3
7632 1
7633 1
7634 5
7635 4
7636 2
7637 2
7638 2
7639 0
7640 1
7641 1
7642 2
7643 2
7644 1
7645 3
7646 3
7647 0
7648 2
7649 3
7650 1
7651 1
7652 2
7653 3
7654 4
7655 6
7656 6
7657 4
7658 3
7659 2
7660 2
7661 0
7662 2
7663 0
7664 2
7665 0
7666 0
7667 2
7668 1
7669 3
7670 3
7671 2
7672 2
7673 4
7674 1
7675 1
7676 1
7677 2
7678 3
7679 0
7680 1
7681 1
7682 1
7683 0
7684 2
7685 1
7686 1
7687 3
7688 2
7689 3
7690 0
7691 2
7692 2
7693 1
7694 4
7695 2
7696 1
7697 0
7698 0
7699 2
7700 1
7701 2
7702 0
7703 2
7704 2
7705 2
7706 3
7707 0
7708 3
7709 2
7710 1
7711 3
7712 1
7713 1
7714 1
7715 2
7716 2
7717 1
7718 2
7719 1
7720 1
7721 1
7722 0
7723 2
7724 1
7725 1
7726 2
7727 0
7728 2
7729 3
7730 3
7731 1
7732 1
7733 1
7734 0
7735 0
7736 1
7737 0
7738 3
7739 1
7740 3
7741 1
7742 2
7743 2
7744 1
7745 2
7746 2
7747 3
7748 2
7749 3
7750 1
7751 2
7752 0
7753 4
7754 2
7755 0
7756 3
7757 2
7758 0
7759 4
7760 2
7761 2
7762 2
7763 0
7764 2
7765 2
7766 1
7767 0
7768 1
7769 0
7770 0
7771 2
7772 3
7773 2
7774 1
7775 1
7776 2
7777 1
7778 1
7779 3
7780 2
7781 1
7782 1
7783 4
7784 1
7785 1
7786 4
7787 3
7788 1
7789 1
7790 1
7791 3
7792 0
7793 1
7794 2
7795 1
7796 2
7797 3
7798 2
7799 2
7800 1
7801 0
7802 1
7803 0
7804 0
7805 3
7806 2
7807 2
7808 2
7809 1
7810 0
7811 2
7812 0
7813 0
7814 1
7815 0
7816 2
7817 0
7818 2
7819 2
7820 1
7821 0
7822 1
7823 1
7824 0
7825 3
7826 3
7827 1
7828 0
7829 0
7830 1
7831 0
7832 2
7833 3
7834 1
7835 2
7836 3
7837 4
7838 2
7839 3
7840 2
7841 1
7842 1
7843 0
7844 1
7845 2
7846 3
7847 3
7848 4
7849 3
7850 0
7851 2
7852 2
7853 2
7854 4
7855 2
7856 1
7857 3
7858 2
7859 3
7860 0
7861 1
7862 1
7863 2
7864 1
7865 2
7866 2
7867 1
7868 1
7869 1
7870 4
7871 2
7872 1
7873 2
7874 1
7875 2
7876 2
7877 2
7878 2
7879 2
7880 0
7881 3
7882 1
7883 0
7884 2
7885 2
7886 3
7887 0
7888 1
7889 2
7890 4
7891 3
7892 2
7893 4
7894 2
7895 0
7896 3
7897 3
7898 1
7899 1
7900 0
7901 5
7902 3
7903 2
7904 1
7905 3
7906 1
7907 0
7908 1
7909 0
7910 4
7911 4
7912 4
7913 2
7914 2
7915 3
7916 0
7917 1
7918 3
7919 1
7920 1
7921 3
7922 2
7923 1
7924 1
7925 1
7926 3
7927 2
7928 3
7929 1
7930 2
7931 1
7932 2
7933 2
7934 1
7935 0
7936 1
7937 2
7938 0
7939 0
7940 2
7941 2
7942 1
7943 2
7944 1
7945 2
7946 2
7947 1
7948 1
7949 2
7950 2
7951 0
7952 3
7953 1
7954 0
7955 2
7956 2
7957 1
7958 2
7959 1
7960 0
7961 2
7962 1
7963 4
7964 1
7965 0
7966 0
7967 3
7968 2
7969 3
7970 0
7971 0
7972 2
7973 1
7974 0
7975 4
7976 4
7977 3
7978 0
7979 2
7980 1
7981 3
7982 0
7983 3
7984 1
7985 3
7986 3
7987 2
7988 1
7989 0
7990 3
7991 0
7992 2
7993 2
7994 1
7995 2
7996 2
7997 3
7998 1
7999 5
8000 5
8001 4
8002 4
8003 3
8004 1
8005 3
8006 1
8007 3
8008 3
8009 2
8010 0
8011 2
8012 1
8013 1
8014 2
8015 2
8016 2
8017 2
8018 2
8019 3
8020 2
8021 2
8022 1
8023 1
8024 4
8025 5
8026 3
8027 0
8028 1
8029 1
8030 2
8031 4
8032 3
8033 2
8034 3
8035 0
8036 1
8037 1
8038 3
8039 1
8040 2
8041 1
8042 0
8043 3
8044 1
8045 2
8046 1
8047 2
8048 2
8049 2
8050 0
8051 1
8052 2
8053 0
8054 4
8055 5
8056 3
8057 1
8058 2
8059 2
8060 5
8061 5
8062 2
8063 2
8064 0
8065 1
8066 2
8067 4
8068 2
8069 2
8070 1
8071 1
8072 2
8073 4
8074 4
8075 4
8076 1
8077 1
8078 3
8079 1
8080 2
8081 1
8082 1
8083 1
8084 3
8085 2
8086 1
8087 1
8088 1
8089 2
8090 0
8091 1
8092 3
8093 2
8094 1
8095 1
8096 3
8097 1
8098 1
8099 1
8100 1
8101 1
8102 3
8103 2
8104 2
8105 0
8106 3
8107 2
8108 1
8109 3
8110 4
8111 2
8112 1
8113 2
8114 2
8115 0
8116 3
8117 3
8118 0
8119 1
8120 2
8121 1
8122 0
8123 2
8124 0
8125 1
8126 5
8127 2
8128 3
8129 3
8130 0
8131 0
8132 0
8133 0
8134 2
8135 1
8136 2
8137 1
8138 2
8139 1
8140 3
8141 3
8142 2
8143 2
8144 1
8145 0
8146 2
8147 2
8148 0
8149 2
8150 1
8151 1
8152 1
8153 1
8154 0
8155 0
8156 2
8157 2
8158 0
8159 2
8160 0
8161 0
8162 1
8163 0
8164 1
8165 1
8166 2
8167 1
8168 3
8169 1
8170 1
8171 2
8172 0
8173 1
8174 1
8175 3
8176 1
8177 0
8178 0
8179 1
8180 1
8181 2
8182 5
8183 4
8184 4
8185 2
8186 1
8187 2
8188 1
8189 3
8190 1
8191 1
8192 1
8193 1
8194 1
8195 2
8196 0
8197 0
8198 2
8199 1
8200 2
8201 1
8202 0
8203 1
8204 3
8205 1
8206 4
8207 2
8208 4
8209 2
8210 2
8211 2
8212 4
8213 1
8214 0
8215 3
8216 0
8217 1
8218 1
8219 1
8220 3
8221 1
8222 2
8223 1
8224 2
8225 2
8226 2
8227 3
8228 1
8229 3
8230 2
8231 0
8232 1
8233 2
8234 2
8235 3
8236 1
8237 2
8238 3
8239 2
8240 2
8241 2
8242 3
8243 2
8244 2
8245 2
8246 0
8247 2
8248 1
8249 2
8250 2
8251 1
8252 2
8253 1
8254 1
8255 1
8256 2
8257 2
8258 1
8259 3
8260 1
8261 0
8262 0
8263 4
8264 2
8265 4
8266 3
8267 1
8268 0
8269 2
8270 1
8271 3
8272 2
8273 2
8274 1
8275 0
8276 2
8277 4
8278 3
8279 0
8280 2
8281 2
8282 2
8283 0
8284 1
8285 2
8286 2
8287 3
8288 2
8289 3
8290 2
8291 4
8292 3
8293 1
8294 2
8295 2
8296 1
8297 1
8298 1
8299 2
8300 0
8301 0
8302 2
8303 2
8304 2
8305 3
8306 3
8307 2
8308 0
8309 1
8310 0
8311 1
8312 3
8313 2
8314 0
8315 0
8316 1
8317 3
8318 3
8319 2
8320 2
8321 0
8322 2
8323 2
8324 3
8325 2
8326 2
8327 2
8328 0
8329 1
8330 2
8331 2
8332 1
8333 2
8334 1
8335 3
8336 3
8337 1
8338 4
8339 2
8340 2
8341 3
8342 2
8343 1
8344 0
8345 1
8346 1
8347 2
8348 3
8349 1
8350 6
8351 5
8352 4
8353 4
8354 5
8355 4
8356 3
8357 1
8358 1
8359 2
8360 3
8361 0
8362 1
8363 1
8364 0
8365 0
8366 2
8367 3
8368 3
8369 4
8370 5
8371 4
8372 3
8373 0
8374 2
8375 0
8376 2
8377 2
8378 1
8379 0
8380 4
8381 2
8382 2
8383 1
8384 2
8385 2
8386 1
8387 2
8388 0
8389 2
8390 2
8391 2
8392 2
8393 2
8394 2
8395 3
8396 2
8397 2
8398 1
8399 1
8400 2
8401 2
8402 5
8403 4
8404 2
8405 0
8406 1
8407 0
8408 3
8409 2
8410 2
8411 1
8412 0
8413 0
8414 2
8415 2
8416 1
8417 2
8418 3
8419 4
8420 3
8421 0
8422 2
8423 4
8424 4
8425 3
8426 4
8427 4
8428 3
8429 3
8430 2
8431 0
8432 2
8433 2
8434 1
8435 2
8436 2
8437 0
8438 4
8439 2
8440 3
8441 2
8442 3
8443 0
8444 3
8445 3
8446 3
8447 3
8448 0
8449 2
8450 0
8451 2
8452 1
8453 0
8454 1
8455 1
8456 3
8457 2
8458 1
8459 2
8460 0
8461 1
8462 3
8463 1
8464 3
8465 2
8466 0
8467 1
8468 1
8469 0
8470 1
8471 1
8472 1
8473 3
8474 1
8475 0
8476 2
8477 0
8478 2
8479 1
8480 3
8481 0
8482 2
8483 2
8484 0
8485 2
8486 3
8487 2
8488 1
8489 2
8490 0
8491 6
8492 4
8493 1
8494 2
8495 2
8496 1
8497 1
8498 4
8499 1
8500 3
8501 3
8502 1
8503 1
8504 0
8505 3
8506 0
8507 4
8508 5
8509 2
8510 1
8511 0
8512 0
8513 1
8514 3
8515 1
8516 3
8517 2
8518 1
8519 3
8520 0
8521 1
8522 1
8523 0
8524 1
8525 2
8526 1
8527 0
8528 0
8529 2
8530 2
8531 3
8532 1
8533 4
8534 2
8535 0
8536 3
8537 5
8538 2
8539 0
8540 3
8541 1
8542 3
8543 1
8544 1
8545 0
8546 1
8547 1
8548 2
8549 1
8550 1
8551 0
8552 2
8553 1
8554 0
8555 2
8556 3
8557 2
8558 4
8559 3
8560 1
8561 2
8562 3
8563 3
8564 1
8565 1
8566 1
8567 1
8568 5
8569 4
8570 4
8571 6
8572 4
8573 3
8574 1
8575 3
8576 0
8577 2
8578 5
8579 2
8580 1
8581 2
8582 2
8583 3
8584 0
8585 2
8586 0
8587 2
8588 2
8589 1
8590 1
8591 0
8592 1
8593 1
8594 2
8595 3
8596 0
8597 2
8598 2
8599 4
8600 2
8601 1
8602 4
8603 2
8604 2
8605 1
8606 3
8607 1
8608 2
8609 2
8610 2
8611 3
8612 0
8613 2
8614 2
8615 1
8616 1
8617 3
8618 3
8619 4
8620 5
8621 5
8622 4
8623 3
8624 0
8625 1
8626 2
8627 2
8628 3
8629 1
8630 2
8631 2
8632 2
8633 3
8634 2
8635 1
8636 2
8637 2
8638 2
8639 0
8640 1
8641 2
8642 1
8643 1
8644 2
8645 3
8646 0
8647 2
8648 2
8649 2
8650 2
8651 0
8652 2
8653 2
8654 2
8655 1
8656 2
8657 2
8658 1
8659 3
8660 1
8661 2
8662 2
8663 2
8664 1
8665 0
8666 0
8667 2
8668 3
8669 3
8670 1
8671 1
8672 4
8673 5
8674 4
8675 3
8676 2
8677 1
8678 2
8679 1
8680 0
8681 1
8682 2
8683 3
8684 3
8685 2
8686 2
8687 1
8688 2
8689 2
8690 1
8691 3
8692 2
8693 2
8694 4
8695 4
8696 2
8697 4
8698 4
8699 4
8700 3
8701 2
8702 1
8703 1
8704 2
8705 2
8706 1
8707 1
8708 3
8709 4
8710 2
8711 0
8712 0
8713 3
8714 3
8715 1
8716 3
8717 0
8718 2
8719 2
8720 1
8721 2
8722 0
8723 3
8724 1
8725 3
8726 2
8727 1
8728 1
8729 1
8730 2
8731 1
8732 3
8733 0
8734 2
8735 3
8736 2
8737 2
8738 1
8739 1
8740 4
8741 4
8742 1
8743 3
8744 1
8745 1
8746 2
8747 2
8748 1
8749 1
8750 2
8751 3
8752 3
8753 0
8754 3
8755 2
8756 1
8757 1
8758 2
8759 2
8760 1
8761 3
8762 4
8763 5
8764 2
8765 0
8766 2
8767 4
8768 3
8769 2
8770 2
8771 0
8772 0
8773 2
8774 1
8775 0
8776 2
8777 0
8778 1
8779 3
8780 1
8781 1
8782 0
8783 1
8784 2
8785 4
8786 1
8787 3
8788 2
8789 0
8790 1
8791 0
8792 4
8793 2
8794 1
8795 2
8796 0
8797 5
8798 4
8799 3
8800 1
8801 1
8802 0
8803 2
8804 4
8805 4
8806 2
8807 3
8808 2
8809 2
8810 1
8811 1
8812 1
8813 4
8814 3
8815 4
8816 1
8817 4
8818 3
8819 0
8820 0
8821 4
8822 3
8823 0
8824 3
8825 3
8826 2
8827 2
8828 3
8829 1
8830 3
8831 2
8832 5
8833 4
8834 1
8835 3
8836 2
8837 2
8838 2
8839 4
8840 1
8841 0
8842 2
8843 3
8844 0
8845 2
8846 4
8847 2
8848 3
8849 0
8850 0
8851 0
8852 2
8853 2
8854 2
8855 2
8856 2
8857 4
8858 2
8859 2
8860 0
8861 4
8862 3
8863 2
8864 2
8865 3
8866 1
8867 1
8868 2
8869 2
8870 3
8871 3
8872 0
8873 0
8874 3
8875 2
8876 0
8877 1
8878 1
8879 3
8880 1
8881 4
8882 1
8883 2
8884 2
8885 2
8886 3
8887 1
8888 1
8889 2
8890 3
8891 1
8892 3
8893 1
8894 0
8895 3
8896 2
8897 2
8898 3
8899 1
8900 2
8901 1
8902 4
8903 1
8904 3
8905 2
8906 2
8907 1
8908 5
8909 4
8910 2
8911 0
8912 1
8913 1
8914 1
8915 0
8916 4
8917 4
8918 2
8919 2
8920 2
8921 3
8922 3
8923 2
8924 1
8925 0
8926 2
8927 3
8928 4
8929 3
8930 1
8931 3
8932 0
8933 0
8934 2
8935 2
8936 0
8937 1
8938 1
8939 0
8940 1
8941 1
8942 2
8943 2
8944 0
8945 0
8946 2
8947 1
8948 0
8949 2
8950 5
8951 3
8952 4
8953 3
8954 1
8955 2
8956 4
8957 2
8958 1
8959 1
8960 2
8961 2
8962 3
8963 1
8964 0
8965 3
8966 0
8967 1
8968 2
8969 1
8970 1
8971 0
8972 3
8973 4
8974 3
8975 2
8976 3
8977 4
8978 3
8979 3
8980 3
8981 0
8982 1
8983 1
8984 2
8985 1
8986 1
8987 1
8988 2
8989 2
8990 2
8991 3
8992 4
8993 3
8994 1
8995 2
8996 0
8997 3
8998 1
8999 1
9000 1
9001 1
9002 1
9003 3
9004 2
9005 1
9006 5
9007 2
9008 1
9009 1
9010 1
9011 1
9012 0
9013 3
9014 1
9015 2
9016 0
9017 0
9018 3
9019 5
9020 4
9021 3
9022 2
9023 3
9024 0
9025 3
9026 2
9027 1
9028 3
9029 3
9030 2
9031 3
9032 0
9033 1
9034 1
9035 2
9036 1
9037 3
9038 2
9039 0
9040 1
9041 2
9042 0
9043 0
9044 4
9045 2
9046 2
9047 1
9048 1
9049 2
9050 3
9051 5
9052 4
9053 2
9054 0
9055 1
9056 1
9057 1
9058 1
9059 2
9060 3
9061 2
9062 2
9063 1
9064 2
9065 1
9066 1
9067 1
9068 1
9069 2
9070 2
9071 2
9072 2
9073 1
9074 4
9075 3
9076 2
9077 2
9078 1
9079 1
9080 1
9081 2
9082 0
9083 0
9084 3
9085 1
9086 3
9087 0
9088 0
9089 0
9090 2
9091 2
9092 1
9093 2
9094 4
9095 1
9096 1
9097 3
9098 2
9099 3
9100 2
9101 3
9102 4
9103 4
9104 4
9105 2
9106 0
9107 3
9108 2
9109 1
9110 1
9111 2
9112 1
9113 3
9114 1
9115 1
9116 1
9117 2
9118 4
9119 2
9120 1
9121 3
9122 1
9123 2
9124 0
9125 1
9126 2
9127 1
9128 2
9129 1
9130 1
9131 0
9132 1
9133 0
9134 1
9135 3
9136 3
9137 1
9138 1
9139 2
9140 0
9141 2
9142 2
9143 1
9144 1
9145 1
9146 4
9147 3
9148 0
9149 4
9150 4
9151 3
9152 0
9153 0
9154 1
9155 2
9156 1
9157 0
9158 0
9159 1
9160 2
9161 0
9162 3
9163 2
9164 1
9165 0
9166 1
9167 0
9168 3
9169 1
9170 0
9171 0
9172 1
9173 4
9174 3
9175 1
9176 1
9177 1
9178 3
9179 3
9180 0
9181 4
9182 1
9183 2
9184 1
9185 0
9186 2
9187 5
9188 2
9189 0
9190 0
9191 0
9192 0
9193 0
9194 1
9195 3
9196 3
9197 2
9198 1
9199 2
9200 1
9201 1
9202 1
9203 3
9204 1
9205 0
9206 1
9207 1
9208 1
9209 2
9210 3
9211 1
9212 1
9213 2
9214 2
9215 1
9216 1
9217 0
9218 0
9219 1
9220 2
9221 0
9222 2
9223 2
9224 0
9225 3
9226 0
9227 2
9228 1
9229 2
9230 0
9231 2
9232 1
9233 2
9234 1
9235 1
9236 5
9237 3
9238 2
9239 1
9240 1
9241 3
9242 1
9243 1
9244 1
9245 2
9246 2
9247 1
9248 1
9249 1
9250 2
9251 3
9252 0
9253 2
9254 1
9255 1
9256 1
9257 2
9258 3
9259 3
9260 4
9261 2
9262 4
9263 2
9264 3
9265 2
9266 1
9267 1
9268 0
9269 2
9270 2
9271 2
9272 0
9273 1
9274 0
9275 2
9276 2
9277 1
9278 0
9279 1
9280 2
9281 2
9282 1
9283 2
9284 2
9285 2
9286 1
9287 1
9288 4
9289 1
9290 2
9291 1
9292 0
9293 2
9294 4
9295 2
9296 2
9297 0
9298 3
9299 1
9300 2
9301 1
9302 0
9303 0
9304 2
9305 4
9306 2
9307 0
9308 4
9309 3
9310 3
9311 2
9312 4
9313 2
9314 0
9315 2
9316 0
9317 2
9318 2
9319 1
9320 2
9321 1
9322 2
9323 1
9324 0
9325 3
9326 0
9327 1
9328 2
9329 2
9330 2
9331 2
9332 4
9333 4
9334 5
9335 4
9336 2
9337 3
9338 3
9339 2
9340 2
9341 3
9342 0
9343 1
9344 1
9345 3
9346 1
9347 1
9348 2
9349 2
9350 0
9351 1
9352 1
9353 1
9354 2
9355 1
9356 1
9357 4
9358 4
9359 2
9360 3
9361 1
9362 0
9363 2
9364 0
9365 2
9366 1
9367 3
9368 0
9369 2
9370 2
9371 2
9372 3
9373 0
9374 1
9375 2
9376 2
9377 4
9378 4
9379 2
9380 0
9381 2
9382 1
9383 3
9384 1
9385 0
9386 2
9387 0
9388 1
9389 0
9390 3
9391 1
9392 2
9393 1
9394 2
9395 1
9396 0
9397 2
9398 2
9399 2
9400 0
9401 3
9402 1
9403 0
9404 1
9405 1
9406 4
9407 4
9408 2
9409 2
9410 2
9411 1
9412 2
9413 1
9414 3
9415 2
9416 3
9417 3
9418 2
9419 1
9420 1
9421 1
9422 2
9423 1
9424 3
9425 5
9426 4
9427 3
9428 1
9429 0
9430 2
9431 1
9432 1
9433 2
9434 2
9435 3
9436 2
9437 2
9438 0
9439 0
9440 3
9441 2
9442 1
9443 2
9444 1
9445 1
9446 0
9447 2
9448 4
9449 2
9450 4
9451 1
9452 2
9453 3
9454 1
9455 2
9456 2
9457 1
9458 2
9459 2
9460 2
9461 1
9462 2
9463 1
9464 0
9465 1
9466 1
9467 2
9468 0
9469 2
9470 1
9471 1
9472 3
9473 1
9474 2
9475 0
9476 4
9477 2
9478 2
9479 2
9480 2
9481 4
9482 5
9483 4
9484 2
9485 3
9486 0
9487 3
9488 2
9489 0
9490 0
9491 0
9492 1
9493 1
9494 0
9495 2
9496 4
9497 5
9498 5
9499 4
9500 3
9501 3
9502 2
9503 2
9504 2
9505 4
9506 4
9507 3
9508 2
9509 3
9510 0
9511 2
9512 1
9513 2
9514 4
9515 2
9516 0
9517 1
9518 0
9519 3
9520 2
9521 1
9522 1
9523 0
9524 1
9525 1
9526 0
9527 0
9528 2
9529 2
9530 1
9531 2
9532 0
9533 0
9534 1
9535 3
9536 0
9537 2
9538 3
9539 2
9540 1
9541 3
9542 1
9543 4
9544 2
9545 2
9546 2
9547 0
9548 0
9549 1
9550 1
9551 1
9552 4
9553 4
9554 3
9555 1
9556 2
9557 1
9558 0
9559 1
9560 1
9561 1
9562 1
9563 1
9564 2
9565 1
9566 3
9567 0
9568 1
9569 1
9570 0
9571 2
9572 3
9573 0
9574 1
9575 1
9576 0
9577 0
9578 2
9579 0
9580 1
9581 3
9582 1
9583 2
9584 3
9585 1
9586 1
9587 1
9588 0
9589 2
9590 1
9591 2
9592 1
9593 2
9594 1
9595 3
9596 1
9597 5
9598 2
9599 2
9600 3
9601 2
9602 2
9603 1
9604 1
9605 3
9606 0
9607 1
9608 1
9609 2
9610 2
9611 1
9612 1
9613 1
9614 2
9615 3
9616 1
9617 1
9618 1
9619 2
9620 1
9621 1
9622 2
9623 2
9624 1
9625 3
9626 0
9627 2
9628 2
9629 1
9630 1
9631 1
9632 2
9633 1
9634 1
9635 2
9636 1
9637 1
9638 4
9639 3
9640 2
9641 2
9642 1
9643 2
9644 2
9645 3
9646 1
9647 1
9648 0
9649 0
9650 3
9651 1
9652 0
9653 1
9654 3
9655 4
9656 1
9657 5
9658 3
9659 1
9660 1
9661 3
9662 2
9663 3
9664 0
9665 2
9666 3
9667 0
9668 3
9669 1
9670 2
9671 2
9672 2
9673 2
9674 4
9675 1
9676 2
9677 0
9678 0
9679 0
9680 1
9681 3
9682 3
9683 2
9684 1
9685 0
9686 2
9687 1
9688 1
9689 0
9690 1
9691 3
9692 1
9693 0
9694 2
9695 6
9696 5
9697 4
9698 2
9699 0
9700 0
9701 0
9702 2
9703 0
9704 2
9705 1
9706 1
9707 3
9708 1
9709 2
9710 3
9711 3
9712 3
9713 1
9714 0
9715 1
9716 3
9717 2
9718 2
9719 1
9720 0
9721 5
9722 3
9723 1
9724 1
9725 1
9726 4
9727 3
9728 2
9729 3
9730 3
9731 1
9732 0
9733 0
9734 2
9735 2
9736 1
9737 0
9738 2
9739 1
9740 2
9741 0
9742 2
9743 0
9744 2
9745 0
9746 2
9747 0
9748 1
9749 1
9750 3
9751 4
9752 3
9753 0
9754 1
9755 1
9756 1
9757 4
9758 2
9759 1
9760 3
9761 0
9762 1
9763 2
9764 2
9765 3
9766 1
9767 2
9768 1
9769 3
9770 2
9771 1
9772 1
9773 1
9774 3
9775 5
9776 4
9777 2
9778 1
9779 2
9780 0
9781 1
9782 0
9783 1
9784 2
9785 0
9786 1
9787 1
9788 1
9789 1
9790 2
9791 2
9792 0
9793 1
9794 3
9795 2
9796 0
9797 0
9798 3
9799 0
9800 1
9801 1
9802 2
9803 3
9804 2
9805 2
9806 4
9807 2
9808 3
9809 3
9810 1
9811 0
9812 2
9813 2
9814 0
9815 1
9816 1
9817 2
9818 3
9819 1
9820 3
9821 1
9822 1
9823 1
9824 0
9825 1
9826 2
9827 1
9828 0
9829 1
9830 0
9831 2
9832 1
9833 1
9834 1
9835 3
9836 2
9837 1
9838 1
9839 2
9840 3
9841 0
9842 1
9843 1
9844 1
9845 1
9846 1
9847 1
9848 1
9849 1
9850 2
9851 0
9852 2
9853 0
9854 1
9855 1
9856 0
9857 1
9858 5
9859 3
9860 0
9861 2
9862 2
9863 2
9864 4
9865 3
9866 0
9867 4
9868 3
9869 0
9870 1
9871 0
9872 2
9873 2
9874 1
9875 2
9876 1
9877 1
9878 1
9879 0
9880 1
9881 2
9882 3
9883 2
9884 3
9885 1
9886 2
9887 1
9888 1
9889 2
9890 1
9891 1
9892 3
9893 0
9894 2
9895 1
9896 1
9897 1
9898 1
9899 5
9900 5
9901 7
9902 7
9903 7
9904 7
9905 4
9906 4
9907 4
9908 1
9909 3
9910 1
9911 1
9912 1
9913 2
9914 0
9915 1
9916 4
9917 4
9918 3
9919 2
9920 1
9921 0
9922 1
9923 1
9924 2
9925 2
9926 2
9927 1
9928 1
9929 2
9930 1
9931 2
9932 1
9933 0
9934 0
9935 1
9936 2
9937 4
9938 4
9939 4
9940 4
9941 3
9942 1
9943 1
9944 1
9945 0
9946 1
9947 1
9948 4
9949 2
9950 2
9951 1
9952 1
9953 2
9954 1
9955 2
9956 2
9957 2
9958 5
9959 5
9960 5
9961 5
9962 5
9963 3
9964 2
9965 3
9966 2
9967 3
9968 1
9969 2
9970 4
9971 3
9972 2
9973 2
9974 2
9975 2
9976 3
9977 0
9978 1
9979 0
9980 2
9981 0
9982 3
9983 3
9984 5
9985 5
9986 3
9987 3
9988 1
9989 2
9990 4
9991 2
9992 1
9993 2
9994 3
9995 0
9996 2
9997 0
9998 3
9999 2
