0 6
1 6
2 5
3 2
4 1
5 4
6 4
7 5
8 5
9 3
10 2
11 5
12 5
13 3
14 1
15 1
16 3
17 2
18 1
19 2
20 1
21 1
22 4
23 6
24 6
25 6
26 7
27 6
28 8
29 7
30 5
31 6
32 7
33 6
34 4
35 5
36 2
37 4
38 3
39 2
40 4
41 4
42 5
43 6
44 6
45 6
46 3
47 3
48 1
49 4
50 2
51 1
52 1
53 5
54 3
55 2
56 2
57 0
58 1
59 3
60 5
61 4
62 2
63 3
64 1
65 3
66 3
67 5
68 3
69 2
70 2
71 4
72 2
73 2
74 4
75 3
76 6
77 5
78 6
79 8
80 8
81 8
82 9
83 8
84 7
85 6
86 5
87 6
88 6
89 4
90 2
91 3
92 5
93 5
94 3
95 2
96 4
97 4
98 4
99 1
100 3
101 5
102 4
103 4
104 3
105 5
106 3
107 3
108 3
109 3
110 2
111 3
112 2
113 3
114 2
115 2
116 3
117 0
118 2
119 2
120 3
121 4
122 2
123 2
124 1
125 4
126 5
127 4
128 1
129 3
130 2
131 3
132 0
133 2
134 4
135 6
136 4
137 6
138 9
139 9
140 10
141 10
142 9
143 6
144 7
145 8
146 7
147 6
148 6
149 7
150 6
151 3
152 4
153 5
154 3
155 3
156 4
157 5
158 4
159 6
160 6
161 5
162 3
163 2
164 4
165 3
166 3
167 0
168 3
169 2
170 4
171 4
172 4
173 5
174 4
175 2
176 3
177 2
178 1
179 1
180 0
181 2
182 4
183 1
184 3
185 4
186 3
187 1
188 2
189 5
190 3
191 5
192 4
193 4
194 3
195 1
196 3
197 2
198 3
199 1
200 3
201 3
202 1
203 5
204 6
205 6
206 6
207 4
208 3
209 3
210 5
211 5
212 5
213 4
214 5
215 7
216 6
217 8
218 8
219 9
220 9
221 9
222 7
223 8
224 8
225 10
226 10
227 8
228 9
229 10
230 10
231 10
232 11
233 9
234 8
235 8
236 9
237 9
238 7
239 9
240 9
241 9
242 9
243 10
244 11
245 10
246 8
247 7
248 8
249 9
250 8
251 7
252 6
253 5
254 5
255 5
256 4
257 6
258 5
259 7
260 6
261 6
262 4
263 2
264 1
265 3
266 2
267 3
268 4
269 3
270 3
271 3
272 3
273 3
274 2
275 1
276 1
277 3
278 2
279 1
280 1
281 2
282 1
283 4
284 5
285 4
286 6
287 6
288 4
289 5
290 4
291 5
292 6
293 6
294 3
295 3
296 4
297 4
298 4
299 5
300 5
301 2
302 5
303 5
304 3
305 1
306 0
307 0
308 3
309 3
310 4
311 5
312 3
313 3
314 3
315 1
316 4
317 6
318 6
319 6
320 3
321 2
322 2
323 6
324 7
325 6
326 7
327 5
328 5
329 5
330 6
331 5
332 6
333 4
334 2
335 5
336 5
337 6
338 7
339 6
340 6
341 5
342 5
343 4
344 5
345 4
346 5
347 6
348 7
349 6
350 6
351 5
352 5
353 6
354 6
355 8
356 7
357 7
358 8
359 6
360 5
361 5
362 5
363 3
364 1
365 1
366 1
367 3
368 1
369 3
370 5
371 6
372 6
373 5
374 3
375 4
376 3
377 4
378 3
379 0
380 6
381 7
382 6
383 10
384 9
385 10
386 9
387 6
388 8
389 7
390 8
391 9
392 9
393 9
394 10
395 9
396 8
397 8
398 9
399 10
400 8
401 12
402 14
403 14
404 15
405 12
406 10
407 9
408 8
409 10
410 10
411 12
412 11
413 9
414 9
415 8
416 7
417 9
418 9
419 8
420 8
421 7
422 7
423 8
424 6
425 6
426 7
427 7
428 9
429 10
430 10
431 9
432 8
433 9
434 8
435 7
436 6
437 3
438 1
439 3
440 0
441 5
442 4
443 6
444 5
445 3
446 2
447 2
448 1
449 4
450 5
451 7
452 9
453 9
454 9
455 12
456 12
457 13
458 14
459 15
460 12
461 10
462 10
463 10
464 11
465 13
466 11
467 13
468 13
469 12
470 14
471 17
472 14
473 13
474 13
475 14
476 14
477 14
478 13
479 11
480 8
481 10
482 12
483 10
484 8
485 6
486 8
487 6
488 4
489 7
490 9
491 10
492 10
493 11
494 9
495 9
496 12
497 11
498 16
499 13
500 15
501 12
502 14
503 11
504 8
505 8
506 7
507 8
508 10
509 10
510 11
511 12
512 11
513 11
514 8
515 6
516 7
517 4
518 8
519 6
520 5
521 5
522 4
523 4
524 6
525 6
526 5
527 8
528 6
529 4
530 3
531 2
532 1
533 3
534 3
535 5
536 7
537 5
538 4
539 4
540 1
541 2
542 1
543 3
544 1
545 1
546 3
547 3
548 3
549 2
550 4
551 2
552 5
553 5
554 7
555 5
556 3
557 1
558 5
559 4
560 4
561 3
562 2
563 4
564 3
565 3
566 4
567 3
568 4
569 6
570 4
571 3
572 4
573 1
574 3
575 3
576 5
577 4
578 4
579 5
580 7
581 6
582 10
583 12
584 14
585 13
586 11
587 10
588 9
589 13
590 13
591 15
592 12
593 10
594 11
595 11
596 15
597 12
598 12
599 10
600 8
601 9
602 8
603 7
604 7
605 8
606 9
607 10
608 10
609 12
610 12
611 12
612 15
613 12
614 11
615 12
616 15
617 12
618 12
619 13
620 11
621 14
622 16
623 13
624 12
625 12
626 11
627 11
628 10
629 14
630 17
631 14
632 13
633 16
634 13
635 12
636 10
637 10
638 9
639 10
640 11
641 10
642 12
643 13
644 15
645 12
646 14
647 14
648 15
649 12
650 12
651 12
652 14
653 13
654 12
655 12
656 13
657 14
658 12
659 13
660 13
661 13
662 13
663 17
664 14
665 12
666 13
667 13
668 13
669 11
670 13
671 12
672 15
673 12
674 13
675 14
676 16
677 13
678 14
679 14
680 14
681 12
682 11
683 12
684 12
685 10
686 11
687 9
688 9
689 7
690 10
691 9
692 9
693 8
694 10
695 10
696 8
697 8
698 7
699 5
700 4
701 5
702 4
703 3
704 2
705 4
706 1
707 3
708 2
709 3
710 4
711 3
712 3
713 3
714 7
715 8
716 10
717 10
718 12
719 12
720 13
721 15
722 12
723 13
724 12
725 11
726 10
727 10
728 12
729 12
730 14
731 13
732 15
733 12
734 14
735 13
736 12
737 15
738 12
739 12
740 12
741 11
742 10
743 9
744 9
745 8
746 8
747 8
748 8
749 7
750 7
751 5
752 6
753 4
754 1
755 5
756 6
757 5
758 7
759 7
760 6
761 6
762 6
763 7
764 7
765 5
766 6
767 6
768 6
769 5
770 3
771 5
772 5
773 3
774 1
775 2
776 2
777 5
778 4
779 2
780 3
781 1
782 4
783 3
784 4
785 3
786 4
787 2
788 3
789 5
790 6
791 7
792 7
793 4
794 2
795 3
796 3
797 4
798 5
799 4
800 2
801 2
802 3
803 2
804 1
805 3
806 3
807 4
808 4
809 6
810 6
811 8
812 6
813 8
814 5
815 4
816 5
817 4
818 2
819 2
820 2
821 6
822 6
823 4
824 7
825 6
826 5
827 5
828 6
829 7
830 9
831 11
832 10
833 9
834 9
835 8
836 8
837 7
838 6
839 5
840 8
841 6
842 6
843 6
844 8
845 13
846 13
847 11
848 8
849 8
850 8
851 7
852 7
853 7
854 6
855 10
856 12
857 14
858 14
859 15
860 12
861 12
862 15
863 12
864 12
865 12
866 14
867 14
868 13
869 13
870 16
871 13
872 10
873 8
874 7
875 8
876 5
877 5
878 4
879 2
880 2
881 1
882 0
883 1
884 3
885 2
886 3
887 4
888 3
889 2
890 5
891 4
892 5
893 5
894 4
895 4
896 4
897 5
898 4
899 5
900 6
901 5
902 6
903 5
904 5
905 6
906 6
907 8
908 6
909 6
910 6
911 5
912 4
913 5
914 4
915 5
916 3
917 2
918 7
919 7
920 5
921 7
922 6
923 6
924 4
925 3
926 2
927 5
928 6
929 7
930 5
931 2
932 2
933 4
934 5
935 4
936 3
937 0
938 3
939 4
940 3
941 3
942 0
943 0
944 2
945 2
946 1
947 3
948 4
949 3
950 1
951 4
952 3
953 1
954 2
955 3
956 6
957 5
958 4
959 3
960 4
961 4
962 7
963 6
964 6
965 7
966 7
967 8
968 6
969 8
970 8
971 7
972 6
973 6
974 5
975 4
976 4
977 5
978 2
979 3
980 3
981 3
982 1
983 3
984 1
985 2
986 5
987 6
988 9
989 10
990 13
991 12
992 11
993 10
994 10
995 11
996 10
997 9
998 9
999 9
1000 11
1001 14
1002 14
1003 15
1004 12
1005 13
1006 14
1007 18
1008 15
1009 12
1010 13
1011 11
1012 10
1013 7
1014 4
1015 4
1016 3
1017 3
1018 2
1019 3
1020 4
1021 4
1022 4
1023 3
1024 4
1025 4
1026 3
1027 1
1028 3
1029 4
1030 3
1031 2
1032 4
1033 2
1034 4
1035 5
1036 2
1037 6
1038 8
1039 7
1040 7
1041 6
1042 3
1043 4
1044 4
1045 5
1046 5
1047 4
1048 4
1049 7
1050 6
1051 7
1052 6
1053 7
1054 7
1055 8
1056 9
1057 9
1058 10
1059 10
1060 9
1061 8
1062 7
1063 7
1064 5
1065 4
1066 2
1067 4
1068 2
1069 4
1070 3
1071 3
1072 1
1073 0
1074 3
1075 3
1076 3
1077 1
1078 4
1079 3
1080 4
1081 5
1082 4
1083 4
1084 5
1085 4
1086 5
1087 3
1088 2
1089 3
1090 4
1091 5
1092 3
1093 2
1094 1
1095 2
1096 3
1097 4
1098 2
1099 1
1100 3
1101 3
1102 2
1103 1
1104 2
1105 2
1106 5
1107 6
1108 5
1109 5
1110 4
1111 4
1112 6
1113 4
1114 1
1115 2
1116 3
1117 5
1118 3
1119 4
1120 3
1121 5
1122 2
1123 2
1124 4
1125 2
1126 3
1127 5
1128 2
1129 5
1130 3
1131 3
1132 5
1133 5
1134 2
1135 2
1136 2
1137 3
1138 2
1139 1
1140 5
1141 4
1142 3
1143 1
1144 3
1145 3
1146 4
1147 6
1148 5
1149 5
1150 4
1151 3
1152 3
1153 4
1154 3
1155 3
1156 0
1157 5
1158 2
1159 3
1160 2
1161 3
1162 4
1163 3
1164 3
1165 5
1166 4
1167 4
1168 2
1169 5
1170 2
1171 2
1172 2
1173 0
1174 5
1175 5
1176 5
1177 5
1178 5
1179 4
1180 5
1181 4
1182 7
1183 6
1184 5
1185 6
1186 4
1187 4
1188 3
1189 1
1190 3
1191 2
1192 4
1193 3
1194 3
1195 4
1196 2
1197 4
1198 4
1199 7
1200 7
1201 5
1202 5
1203 5
1204 5
1205 6
1206 8
1207 8
1208 8
1209 8
1210 8
1211 8
1212 8
1213 8
1214 10
1215 9
1216 9
1217 9
1218 12
1219 12
1220 13
1221 13
1222 14
1223 16
1224 13
1225 12
1226 12
1227 11
1228 10
1229 9
1230 9
1231 11
1232 10
1233 9
1234 9
1235 11
1236 9
1237 8
1238 7
1239 6
1240 5
1241 4
1242 5
1243 5
1244 4
1245 5
1246 5
1247 6
1248 4
1249 4
1250 3
1251 3
1252 3
1253 4
1254 3
1255 5
1256 4
1257 5
1258 6
1259 6
1260 5
1261 4
1262 3
1263 3
1264 2
1265 1
1266 4
1267 3
1268 3
1269 2
1270 3
1271 1
1272 4
1273 5
1274 2
1275 2
1276 2
1277 3
1278 2
1279 3
1280 1
1281 3
1282 2
1283 3
1284 4
1285 4
1286 4
1287 4
1288 3
1289 4
1290 4
1291 3
1292 2
1293 4
1294 6
1295 4
1296 5
1297 7
1298 5
1299 6
1300 6
1301 9
1302 8
1303 10
1304 10
1305 9
1306 9
1307 9
1308 8
1309 8
1310 7
1311 5
1312 5
1313 6
1314 5
1315 4
1316 3
1317 3
1318 1
1319 6
1320 6
1321 8
1322 8
1323 7
1324 8
1325 8
1326 8
1327 8
1328 7
1329 9
1330 10
1331 9
1332 10
1333 8
1334 10
1335 10
1336 10
1337 8
1338 10
1339 10
1340 10
1341 11
1342 11
1343 10
1344 8
1345 7
1346 8
1347 7
1348 5
1349 5
1350 5
1351 4
1352 5
1353 8
1354 9
1355 8
1356 10
1357 10
1358 10
1359 13
1360 16
1361 13
1362 14
1363 13
1364 12
1365 11
1366 13
1367 15
1368 12
1369 14
1370 16
1371 13
1372 13
1373 12
1374 10
1375 9
1376 9
1377 9
1378 9
1379 9
1380 8
1381 7
1382 8
1383 9
1384 8
1385 12
1386 13
1387 14
1388 13
1389 13
1390 12
1391 12
1392 11
1393 10
1394 9
1395 7
1396 6
1397 7
1398 7
1399 7
1400 7
1401 8
1402 6
1403 3
1404 4
1405 6
1406 8
1407 8
1408 8
1409 10
1410 7
1411 8
1412 8
1413 7
1414 7
1415 6
1416 7
1417 6
1418 9
1419 8
1420 9
1421 9
1422 10
1423 9
1424 12
1425 9
1426 11
1427 11
1428 11
1429 11
1430 11
1431 11
1432 12
1433 10
1434 10
1435 11
1436 9
1437 7
1438 8
1439 7
1440 7
1441 7
1442 5
1443 5
1444 5
1445 6
1446 6
1447 7
1448 8
1449 8
1450 10
1451 9
1452 9
1453 7
1454 9
1455 11
1456 9
1457 10
1458 10
1459 12
1460 12
1461 12
1462 11
1463 9
1464 10
1465 10
1466 9
1467 11
1468 12
1469 14
1470 13
1471 15
1472 12
1473 10
1474 10
1475 10
1476 9
1477 10
1478 10
1479 8
1480 9
1481 7
1482 8
1483 8
1484 8
1485 6
1486 5
1487 7
1488 5
1489 7
1490 9
1491 8
1492 7
1493 7
1494 6
1495 9
1496 9
1497 9
1498 8
1499 9
1500 10
1501 8
1502 8
1503 9
1504 10
1505 9
1506 8
1507 6
1508 4
1509 5
1510 4
1511 5
1512 5
1513 5
1514 5
1515 4
1516 3
1517 2
1518 0
1519 4
1520 6
1521 7
1522 7
1523 5
1524 7
1525 9
1526 6
1527 6
1528 5
1529 4
1530 4
1531 4
1532 8
1533 7
1534 6
1535 6
1536 7
1537 5
1538 4
1539 2
1540 1
1541 2
1542 3
1543 3
1544 3
1545 5
1546 4
1547 5
1548 4
1549 7
1550 7
1551 6
1552 7
1553 9
1554 9
1555 7
1556 8
1557 8
1558 8
1559 7
1560 7
1561 6
1562 7
1563 7
1564 8
1565 8
1566 6
1567 5
1568 4
1569 6
1570 4
1571 5
1572 5
1573 6
1574 6
1575 7
1576 7
1577 8
1578 7
1579 5
1580 3
1581 4
1582 3
1583 1
1584 3
1585 4
1586 3
1587 4
1588 4
1589 5
1590 5
1591 7
1592 5
1593 4
1594 4
1595 4
1596 4
1597 6
1598 4
1599 3
1600 1
1601 4
1602 4
1603 6
1604 5
1605 5
1606 5
1607 6
1608 6
1609 7
1610 8
1611 6
1612 6
1613 5
1614 6
1615 6
1616 6
1617 4
1618 3
1619 6
1620 6
1621 8
1622 8
1623 9
1624 7
1625 9
1626 8
1627 10
1628 8
1629 8
1630 9
1631 10
1632 11
1633 12
1634 14
1635 13
1636 11
1637 10
1638 12
1639 10
1640 12
1641 11
1642 9
1643 9
1644 8
1645 6
1646 8
1647 10
1648 8
1649 10
1650 11
1651 10
1652 9
1653 9
1654 9
1655 8
1656 9
1657 11
1658 11
1659 11
1660 10
1661 8
1662 10
1663 10
1664 9
1665 10
1666 9
1667 9
1668 9
1669 10
1670 12
1671 12
1672 13
1673 11
1674 11
1675 12
1676 11
1677 12
1678 12
1679 10
1680 8
1681 7
1682 7
1683 5
1684 4
1685 6
1686 4
1687 5
1688 4
1689 1
1690 1
1691 4
1692 2
1693 1
1694 2
1695 3
1696 3
1697 3
1698 3
1699 4
1700 5
1701 5
1702 5
1703 2
1704 2
1705 3
1706 4
1707 3
1708 4
1709 4
1710 3
1711 3
1712 4
1713 3
1714 4
1715 1
1716 2
1717 2
1718 4
1719 4
1720 3
1721 0
1722 4
1723 5
1724 6
1725 8
1726 9
1727 9
1728 8
1729 7
1730 8
1731 9
1732 12
1733 9
1734 8
1735 5
1736 4
1737 4
1738 6
1739 3
1740 3
1741 2
1742 3
1743 4
1744 4
1745 5
1746 5
1747 5
1748 4
1749 4
1750 6
1751 7
1752 7
1753 9
1754 10
1755 11
1756 11
1757 12
1758 12
1759 12
1760 12
1761 12
1762 11
1763 13
1764 12
1765 13
1766 16
1767 13
1768 16
1769 13
1770 13
1771 12
1772 12
1773 10
1774 8
1775 8
1776 5
1777 6
1778 7
1779 7
1780 7
1781 8
1782 8
1783 7
1784 8
1785 8
1786 8
1787 6
1788 6
1789 6
1790 3
1791 3
1792 4
1793 2
1794 5
1795 4
1796 1
1797 2
1798 2
1799 5
1800 6
1801 7
1802 9
1803 9
1804 11
1805 12
1806 11
1807 11
1808 12
1809 10
1810 9
1811 8
1812 7
1813 7
1814 8
1815 8
1816 7
1817 6
1818 6
1819 5
1820 2
1821 6
1822 5
1823 2
1824 1
1825 3
1826 1
1827 0
1828 2
1829 7
1830 6
1831 5
1832 4
1833 3
1834 3
1835 2
1836 2
1837 3
1838 4
1839 6
1840 8
1841 8
1842 7
1843 6
1844 5
1845 4
1846 4
1847 3
1848 4
1849 5
1850 3
1851 1
1852 2
1853 6
1854 4
1855 2
1856 4
1857 3
1858 2
1859 3
1860 5
1861 3
1862 3
1863 4
1864 3
1865 5
1866 4
1867 4
1868 5
1869 5
1870 5
1871 4
1872 3
1873 0
1874 3
1875 7
1876 4
1877 3
1878 1
1879 1
1880 3
1881 3
1882 2
1883 3
1884 2
1885 2
1886 3
1887 2
1888 2
1889 4
1890 3
1891 3
1892 2
1893 4
1894 5
1895 7
1896 9
1897 9
1898 7
1899 8
1900 6
1901 7
1902 6
1903 7
1904 9
1905 9
1906 10
1907 10
1908 10
1909 8
1910 7
1911 8
1912 7
1913 5
1914 5
1915 6
1916 3
1917 4
1918 3
1919 1
1920 1
1921 0
1922 3
1923 0
1924 4
1925 4
1926 6
1927 5
1928 4
1929 7
1930 7
1931 5
1932 7
1933 5
1934 5
1935 8
1936 7
1937 5
1938 4
1939 4
1940 6
1941 5
1942 3
1943 2
1944 3
1945 4
1946 4
1947 3
1948 3
1949 5
1950 5
1951 3
1952 3
1953 1
1954 1
1955 3
1956 1
1957 3
1958 1
1959 4
1960 3
1961 7
1962 7
1963 5
1964 2
1965 3
1966 3
1967 3
1968 1
1969 3
1970 3
1971 3
1972 0
1973 4
1974 5
1975 8
1976 8
1977 8
1978 6
1979 5
1980 6
1981 6
1982 5
1983 5
1984 5
1985 7
1986 6
1987 5
1988 2
1989 6
1990 8
1991 6
1992 4
1993 2
1994 3
1995 3
1996 3
1997 3
1998 2
1999 4
2000 4
2001 1
2002 2
2003 3
2004 4
2005 3
2006 3
2007 0
2008 2
2009 1
2010 3
2011 2
2012 4
2013 6
2014 6
2015 7
2016 5
2017 3
2018 4
2019 1
2020 3
2021 1
2022 3
2023 2
2024 3
2025 4
2026 6
2027 5
2028 6
2029 5
2030 6
2031 5
2032 4
2033 3
2034 2
2035 3
2036 4
2037 4
2038 4
2039 3
2040 4
2041 2
2042 3
2043 2
2044 4
2045 3
2046 2
2047 1
2048 0
2049 2
2050 3
2051 3
2052 3
2053 4
2054 6
2055 6
2056 6
2057 8
2058 8
2059 8
2060 5
2061 4
2062 6
2063 4
2064 3
2065 3
2066 2
2067 3
2068 2
2069 4
2070 2
2071 3
2072 2
2073 3
2074 2
2075 4
2076 3
2077 4
2078 3
2079 4
2080 3
2081 3
2082 2
2083 5
2084 8
2085 7
2086 7
2087 4
2088 4
2089 5
2090 6
2091 5
2092 3
2093 3
2094 5
2095 4
2096 2
2097 4
2098 5
2099 5
2100 4
2101 3
2102 1
2103 3
2104 2
2105 0
2106 2
2107 4
2108 4
2109 6
2110 3
2111 5
2112 4
2113 4
2114 3
2115 2
2116 4
2117 5
2118 5
2119 2
2120 3
2121 3
2122 4
2123 2
2124 1
2125 2
2126 1
2127 6
2128 5
2129 5
2130 7
2131 6
2132 5
2133 4
2134 1
2135 2
2136 3
2137 3
2138 3
2139 4
2140 4
2141 3
2142 4
2143 4
2144 3
2145 2
2146 4
2147 5
2148 4
2149 4
2150 2
2151 1
2152 3
2153 3
2154 1
2155 7
2156 7
2157 8
2158 7
2159 8
2160 8
2161 12
2162 12
2163 14
2164 14
2165 12
2166 9
2167 7
2168 4
2169 1
2170 4
2171 4
2172 2
2173 3
2174 3
2175 5
2176 7
2177 8
2178 8
2179 5
2180 4
2181 6
2182 5
2183 3
2184 2
2185 1
2186 4
2187 4
2188 4
2189 5
2190 4
2191 6
2192 6
2193 6
2194 6
2195 7
2196 6
2197 5
2198 6
2199 5
2200 7
2201 7
2202 5
2203 4
2204 3
2205 3
2206 3
2207 3
2208 3
2209 4
2210 5
2211 7
2212 6
2213 5
2214 4
2215 4
2216 5
2217 6
2218 6
2219 6
2220 5
2221 4
2222 7
2223 5
2224 5
2225 2
2226 2
2227 2
2228 1
2229 2
2230 5
2231 4
2232 2
2233 5
2234 5
2235 5
2236 6
2237 4
2238 2
2239 1
2240 4
2241 4
2242 4
2243 4
2244 5
2245 7
2246 8
2247 10
2248 10
2249 9
2250 8
2251 7
2252 7
2253 5
2254 5
2255 4
2256 5
2257 4
2258 2
2259 3
2260 3
2261 6
2262 5
2263 6
2264 5
2265 7
2266 7
2267 6
2268 6
2269 3
2270 5
2271 4
2272 3
2273 1
2274 3
2275 1
2276 4
2277 4
2278 6
2279 6
2280 5
2281 4
2282 4
2283 3
2284 4
2285 2
2286 6
2287 5
2288 5
2289 6
2290 3
2291 4
2292 5
2293 7
2294 5
2295 7
2296 7
2297 6
2298 4
2299 2
2300 3
2301 3
2302 2
2303 3
2304 3
2305 4
2306 3
2307 3
2308 1
2309 3
2310 1
2311 2
2312 1
2313 2
2314 5
2315 5
2316 5
2317 5
2318 4
2319 4
2320 4
2321 3
2322 6
2323 6
2324 4
2325 6
2326 6
2327 3
2328 3
2329 1
2330 3
2331 2
2332 5
2333 5
2334 6
2335 8
2336 8
2337 9
2338 9
2339 11
2340 10
2341 14
2342 12
2343 16
2344 13
2345 12
2346 11
2347 10
2348 9
2349 8
2350 6
2351 4
2352 5
2353 4
2354 3
2355 1
2356 2
2357 0
2358 2
2359 5
2360 4
2361 1
2362 4
2363 2
2364 4
2365 5
2366 4
2367 4
2368 5
2369 5
2370 3
2371 4
2372 5
2373 2
2374 5
2375 7
2376 7
2377 5
2378 4
2379 4
2380 4
2381 3
2382 2
2383 3
2384 3
2385 2
2386 4
2387 3
2388 0
2389 4
2390 5
2391 5
2392 4
2393 4
2394 4
2395 7
2396 5
2397 4
2398 7
2399 7
2400 7
2401 7
2402 5
2403 5
2404 6
2405 7
2406 7
2407 8
2408 7
2409 7
2410 5
2411 6
2412 5
2413 5
2414 3
2415 4
2416 4
2417 5
2418 7
2419 6
2420 4
2421 5
2422 4
2423 8
2424 8
2425 6
2426 7
2427 5
2428 4
2429 2
2430 3
2431 1
2432 1
2433 5
2434 5
2435 7
2436 7
2437 6
2438 8
2439 6
2440 6
2441 6
2442 6
2443 7
2444 6
2445 5
2446 4
2447 3
2448 2
2449 3
2450 2
2451 2
2452 3
2453 5
2454 6
2455 7
2456 6
2457 5
2458 4
2459 4
2460 2
2461 1
2462 1
2463 3
2464 2
2465 0
2466 1
2467 1
2468 2
2469 2
2470 5
2471 6
2472 6
2473 7
2474 7
2475 7
2476 8
2477 7
2478 10
2479 11
2480 10
2481 10
2482 11
2483 13
2484 11
2485 13
2486 11
2487 10
2488 7
2489 6
2490 5
2491 5
2492 4
2493 5
2494 5
2495 2
2496 0
2497 3
2498 2
2499 1
2500 2
2501 2
2502 3
2503 5
2504 5
2505 4
2506 3
2507 2
2508 3
2509 1
2510 0
2511 5
2512 4
2513 2
2514 3
2515 2
2516 2
2517 3
2518 3
2519 4
2520 4
2521 3
2522 3
2523 4
2524 3
2525 3
2526 1
2527 2
2528 3
2529 4
2530 6
2531 7
2532 9
2533 9
2534 7
2535 6
2536 6
2537 5
2538 4
2539 2
2540 4
2541 4
2542 2
2543 4
2544 5
2545 5
2546 4
2547 2
2548 3
2549 4
2550 4
2551 4
2552 5
2553 5
2554 3
2555 5
2556 6
2557 5
2558 5
2559 5
2560 5
2561 2
2562 3
2563 2
2564 1
2565 1
2566 4
2567 5
2568 5
2569 5
2570 4
2571 3
2572 2
2573 2
2574 1
2575 2
2576 2
2577 2
2578 3
2579 3
2580 1
2581 5
2582 4
2583 3
2584 1
2585 2
2586 2
2587 2
2588 2
2589 4
2590 2
2591 3
2592 3
2593 4
2594 3
2595 2
2596 5
2597 4
2598 3
2599 1
2600 2
2601 3
2602 2
2603 4
2604 4
2605 4
2606 2
2607 3
2608 5
2609 6
2610 5
2611 4
2612 5
2613 2
2614 2
2615 1
2616 4
2617 3
2618 5
2619 3
2620 4
2621 4
2622 2
2623 0
2624 3
2625 2
2626 3
2627 1
2628 2
2629 4
2630 4
2631 3
2632 1
2633 4
2634 5
2635 2
2636 2
2637 3
2638 3
2639 4
2640 3
2641 3
2642 1
2643 0
2644 3
2645 4
2646 4
2647 4
2648 6
2649 6
2650 5
2651 5
2652 5
2653 6
2654 5
2655 3
2656 4
2657 2
2658 0
2659 4
2660 8
2661 8
2662 9
2663 9
2664 9
2665 10
2666 8
2667 6
2668 5
2669 6
2670 6
2671 3
2672 3
2673 4
2674 2
2675 3
2676 1
2677 3
2678 2
2679 4
2680 3
2681 1
2682 1
2683 2
2684 3
2685 3
2686 3
2687 1
2688 5
2689 3
2690 3
2691 2
2692 2
2693 2
2694 2
2695 5
2696 5
2697 5
2698 5
2699 4
2700 3
2701 3
2702 4
2703 3
2704 4
2705 2
2706 1
2707 2
2708 3
2709 4
2710 2
2711 6
2712 6
2713 5
2714 2
2715 4
2716 5
2717 6
2718 6
2719 5
2720 5
2721 6
2722 5
2723 6
2724 7
2725 6
2726 6
2727 6
2728 4
2729 3
2730 4
2731 3
2732 1
2733 4
2734 3
2735 3
2736 3
2737 3
2738 2
2739 2
2740 2
2741 4
2742 4
2743 2
2744 3
2745 3
2746 2
2747 2
2748 0
2749 4
2750 1
2751 5
2752 3
2753 3
2754 4
2755 3
2756 1
2757 4
2758 4
2759 7
2760 5
2761 5
2762 5
2763 6
2764 4
2765 3
2766 2
2767 6
2768 6
2769 3
2770 3
2771 2
2772 2
2773 3
2774 4
2775 5
2776 3
2777 8
2778 6
2779 5
2780 4
2781 3
2782 2
2783 3
2784 3
2785 3
2786 2
2787 0
2788 5
2789 3
2790 3
2791 3
2792 3
2793 2
2794 2
2795 3
2796 1
2797 4
2798 6
2799 5
2800 6
2801 4
2802 3
2803 1
2804 5
2805 7
2806 6
2807 4
2808 6
2809 7
2810 4
2811 2
2812 3
2813 1
2814 1
2815 3
2816 0
2817 3
2818 3
2819 6
2820 6
2821 5
2822 2
2823 2
2824 3
2825 1
2826 1
2827 3
2828 4
2829 4
2830 6
2831 5
2832 6
2833 5
2834 4
2835 8
2836 7
2837 5
2838 4
2839 5
2840 5
2841 4
2842 3
2843 4
2844 5
2845 6
2846 6
2847 5
2848 6
2849 3
2850 4
2851 4
2852 4
2853 5
2854 3
2855 0
2856 3
2857 4
2858 4
2859 2
2860 3
2861 3
2862 4
2863 7
2864 5
2865 6
2866 4
2867 7
2868 8
2869 9
2870 7
2871 8
2872 9
2873 9
2874 9
2875 9
2876 9
2877 12
2878 12
2879 11
2880 9
2881 7
2882 7
2883 6
2884 5
2885 5
2886 4
2887 4
2888 5
2889 4
2890 2
2891 4
2892 1
2893 1
2894 4
2895 4
2896 2
2897 3
2898 4
2899 3
2900 3
2901 3
2902 2
2903 4
2904 5
2905 4
2906 3
2907 2
2908 4
2909 5
2910 3
2911 4
2912 4
2913 4
2914 4
2915 5
2916 3
2917 1
2918 2
2919 1
2920 2
2921 5
2922 9
2923 8
2924 8
2925 9
2926 8
2927 10
2928 10
2929 10
2930 10
2931 11
2932 10
2933 8
2934 6
2935 5
2936 5
2937 3
2938 4
2939 4
2940 7
2941 8
2942 10
2943 11
2944 9
2945 8
2946 7
2947 6
2948 4
2949 3
2950 3
2951 2
2952 4
2953 2
2954 3
2955 3
2956 5
2957 6
2958 8
2959 8
2960 9
2961 8
2962 9
2963 9
2964 8
2965 5
2966 4
2967 3
2968 2
2969 1
2970 4
2971 3
2972 2
2973 0
2974 2
2975 4
2976 5
2977 4
2978 4
2979 1
2980 1
2981 5
2982 5
2983 4
2984 4
2985 4
2986 3
2987 2
2988 3
2989 5
2990 3
2991 4
2992 2
2993 3
2994 2
2995 1
2996 3
2997 2
2998 3
2999 3
3000 3
3001 1
3002 2
3003 3
3004 5
3005 4
3006 4
3007 5
3008 4
3009 3
3010 2
3011 3
3012 3
3013 2
3014 2
3015 3
3016 3
3017 3
3018 5
3019 5
3020 4
3021 6
3022 6
3023 6
3024 5
3025 5
3026 5
3027 4
3028 4
3029 6
3030 5
3031 5
3032 8
3033 8
3034 8
3035 9
3036 6
3037 5
3038 5
3039 6
3040 7
3041 6
3042 6
3043 5
3044 8
3045 7
3046 8
3047 6
3048 7
3049 6
3050 4
3051 2
3052 0
3053 2
3054 5
3055 4
3056 2
3057 2
3058 1
3059 4
3060 3
3061 1
3062 2
3063 3
3064 1
3065 3
3066 3
3067 4
3068 7
3069 6
3070 4
3071 4
3072 3
3073 2
3074 2
3075 3
3076 1
3077 3
3078 4
3079 5
3080 5
3081 8
3082 10
3083 9
3084 8
3085 9
3086 9
3087 6
3088 6
3089 5
3090 7
3091 6
3092 6
3093 6
3094 3
3095 3
3096 3
3097 3
3098 3
3099 2
3100 3
3101 5
3102 6
3103 6
3104 5
3105 7
3106 7
3107 6
3108 7
3109 6
3110 5
3111 3
3112 3
3113 3
3114 4
3115 5
3116 3
3117 4
3118 5
3119 3
3120 3
3121 3
3122 4
3123 2
3124 3
3125 3
3126 5
3127 5
3128 3
3129 4
3130 4
3131 8
3132 9
3133 6
3134 7
3135 8
3136 9
3137 7
3138 6
3139 7
3140 5
3141 4
3142 3
3143 1
3144 4
3145 2
3146 2
3147 2
3148 4
3149 3
3150 6
3151 6
3152 6
3153 4
3154 3
3155 5
3156 6
3157 5
3158 6
3159 6
3160 6
3161 7
3162 7
3163 5
3164 8
3165 9
3166 9
3167 10
3168 11
3169 11
3170 11
3171 11
3172 9
3173 10
3174 8
3175 7
3176 7
3177 6
3178 6
3179 6
3180 6
3181 10
3182 8
3183 9
3184 8
3185 8
3186 7
3187 8
3188 8
3189 5
3190 3
3191 3
3192 6
3193 4
3194 2
3195 4
3196 5
3197 4
3198 6
3199 6
3200 6
3201 5
3202 6
3203 4
3204 7
3205 8
3206 7
3207 8
3208 7
3209 6
3210 4
3211 4
3212 3
3213 5
3214 4
3215 5
3216 5
3217 4
3218 4
3219 5
3220 4
3221 3
3222 5
3223 5
3224 5
3225 6
3226 3
3227 4
3228 3
3229 5
3230 5
3231 3
3232 3
3233 1
3234 2
3235 2
3236 5
3237 6
3238 9
3239 7
3240 6
3241 4
3242 3
3243 4
3244 3
3245 4
3246 6
3247 6
3248 4
3249 5
3250 3
3251 4
3252 3
3253 2
3254 5
3255 6
3256 5
3257 4
3258 5
3259 5
3260 4
3261 3
3262 2
3263 5
3264 4
3265 4
3266 5
3267 6
3268 6
3269 5
3270 5
3271 7
3272 6
3273 5
3274 3
3275 4
3276 7
3277 9
3278 9
3279 8
3280 6
3281 3
3282 4
3283 3
3284 4
3285 4
3286 2
3287 3
3288 2
3289 5
3290 4
3291 6
3292 3
3293 3
3294 3
3295 2
3296 4
3297 3
3298 1
3299 2
3300 2
3301 3
3302 1
3303 4
3304 5
3305 4
3306 3
3307 1
3308 0
3309 2
3310 1
3311 3
3312 4
3313 2
3314 2
3315 4
3316 4
3317 4
3318 4
3319 5
3320 6
3321 6
3322 4
3323 6
3324 7
3325 5
3326 5
3327 7
3328 5
3329 4
3330 2
3331 3
3332 3
3333 3
3334 3
3335 2
3336 3
3337 1
3338 2
3339 2
3340 2
3341 1
3342 5
3343 8
3344 7
3345 7
3346 5
3347 2
3348 2
3349 2
3350 4
3351 3
3352 1
3353 2
3354 3
3355 2
3356 2
3357 2
3358 4
3359 3
3360 2
3361 2
3362 1
3363 5
3364 4
3365 5
3366 4
3367 6
3368 5
3369 6
3370 5
3371 4
3372 6
3373 7
3374 6
3375 7
3376 7
3377 9
3378 9
3379 10
3380 10
3381 9
3382 9
3383 9
3384 9
3385 8
3386 8
3387 10
3388 10
3389 9
3390 11
3391 11
3392 14
3393 14
3394 14
3395 14
3396 12
3397 11
3398 13
3399 13
3400 14
3401 15
3402 12
3403 10
3404 8
3405 7
3406 8
3407 9
3408 8
3409 6
3410 6
3411 5
3412 7
3413 5
3414 6
3415 5
3416 6
3417 6
3418 6
3419 6
3420 6
3421 5
3422 7
3423 7
3424 10
3425 9
3426 9
3427 9
3428 9
3429 8
3430 6
3431 3
3432 3
3433 2
3434 4
3435 4
3436 2
3437 0
3438 2
3439 3
3440 4
3441 3
3442 2
3443 3
3444 3
3445 1
3446 2
3447 2
3448 3
3449 2
3450 4
3451 3
3452 3
3453 2
3454 5
3455 3
3456 3
3457 2
3458 2
3459 2
3460 4
3461 5
3462 6
3463 5
3464 6
3465 5
3466 3
3467 4
3468 4
3469 3
3470 4
3471 5
3472 6
3473 5
3474 4
3475 4
3476 3
3477 3
3478 3
3479 4
3480 3
3481 0
3482 0
3483 4
3484 4
3485 3
3486 2
3487 8
3488 6
3489 4
3490 5
3491 5
3492 5
3493 5
3494 3
3495 2
3496 3
3497 4
3498 3
3499 1
3500 7
3501 6
3502 5
3503 7
3504 5
3505 6
3506 5
3507 7
3508 6
3509 6
3510 4
3511 4
3512 5
3513 4
3514 6
3515 7
3516 7
3517 8
3518 7
3519 7
3520 8
3521 8
3522 8
3523 7
3524 10
3525 10
3526 10
3527 10
3528 9
3529 7
3530 5
3531 7
3532 9
3533 8
3534 6
3535 5
3536 6
3537 5
3538 4
3539 4
3540 4
3541 4
3542 4
3543 4
3544 3
3545 1
3546 5
3547 5
3548 9
3549 9
3550 8
3551 9
3552 9
3553 9
3554 7
3555 5
3556 4
3557 6
3558 5
3559 4
3560 3
3561 2
3562 4
3563 6
3564 5
3565 4
3566 5
3567 4
3568 1
3569 4
3570 4
3571 4
3572 3
3573 2
3574 2
3575 4
3576 4
3577 3
3578 1
3579 2
3580 1
3581 2
3582 0
3583 4
3584 6
3585 7
3586 6
3587 7
3588 4
3589 2
3590 4
3591 5
3592 3
3593 2
3594 3
3595 2
3596 3
3597 4
3598 7
3599 8
3600 8
3601 6
3602 6
3603 5
3604 5
3605 4
3606 3
3607 1
3608 4
3609 4
3610 3
3611 2
3612 3
3613 2
3614 2
3615 6
3616 5
3617 4
3618 3
3619 2
3620 3
3621 4
3622 3
3623 2
3624 4
3625 3
3626 2
3627 2
3628 1
3629 2
3630 3
3631 1
3632 4
3633 6
3634 5
3635 6
3636 7
3637 7
3638 6
3639 3
3640 4
3641 5
3642 6
3643 5
3644 4
3645 5
3646 3
3647 5
3648 6
3649 7
3650 8
3651 7
3652 7
3653 5
3654 7
3655 5
3656 3
3657 6
3658 8
3659 7
3660 7
3661 7
3662 7
3663 7
3664 8
3665 8
3666 9
3667 10
3668 9
3669 10
3670 8
3671 7
3672 8
3673 9
3674 10
3675 8
3676 7
3677 7
3678 7
3679 9
3680 9
3681 7
3682 10
3683 9
3684 8
3685 8
3686 6
3687 7
3688 6
3689 5
3690 4
3691 4
3692 3
3693 4
3694 3
3695 1
3696 0
3697 1
3698 2
3699 4
3700 3
3701 2
3702 3
3703 4
3704 4
3705 4
3706 4
3707 5
3708 5
3709 7
3710 9
3711 8
3712 8
3713 8
3714 10
3715 10
3716 12
3717 10
3718 11
3719 10
3720 11
3721 11
3722 10
3723 10
3724 9
3725 9
3726 13
3727 11
3728 12
3729 11
3730 11
3731 10
3732 8
3733 8
3734 8
3735 8
3736 6
3737 6
3738 3
3739 4
3740 3
3741 3
3742 2
3743 1
3744 1
3745 2
3746 3
3747 2
3748 3
3749 2
3750 4
3751 5
3752 6
3753 7
3754 7
3755 6
3756 6
3757 6
3758 10
3759 10
3760 11
3761 9
3762 10
3763 14
3764 13
3765 10
3766 9
3767 6
3768 8
3769 9
3770 10
3771 11
3772 10
3773 11
3774 10
3775 9
3776 9
3777 8
3778 7
3779 7
3780 6
3781 5
3782 5
3783 3
3784 1
3785 1
3786 4
3787 4
3788 5
3789 4
3790 2
3791 2
3792 4
3793 3
3794 2
3795 2
3796 2
3797 2
3798 5
3799 4
3800 4
3801 1
3802 3
3803 1
3804 4
3805 4
3806 4
3807 3
3808 4
3809 1
3810 2
3811 6
3812 7
3813 6
3814 7
3815 8
3816 8
3817 8
3818 7
3819 7
3820 7
3821 8
3822 10
3823 10
3824 9
3825 7
3826 5
3827 5
3828 3
3829 2
3830 3
3831 2
3832 2
3833 4
3834 6
3835 5
3836 5
3837 5
3838 7
3839 8
3840 7
3841 6
3842 6
3843 8
3844 7
3845 6
3846 5
3847 3
3848 4
3849 2
3850 1
3851 6
3852 8
3853 7
3854 5
3855 8
3856 8
3857 5
3858 6
3859 6
3860 7
3861 10
3862 8
3863 8
3864 8
3865 10
3866 8
3867 7
3868 7
3869 8
3870 7
3871 6
3872 5
3873 6
3874 5
3875 4
3876 6
3877 4
3878 4
3879 5
3880 3
3881 2
3882 1
3883 3
3884 4
3885 3
3886 6
3887 5
3888 3
3889 5
3890 5
3891 5
3892 4
3893 6
3894 5
3895 5
3896 4
3897 5
3898 5
3899 8
3900 9
3901 10
3902 10
3903 9
3904 9
3905 10
3906 10
3907 12
3908 15
3909 12
3910 13
3911 14
3912 15
3913 12
3914 10
3915 8
3916 6
3917 5
3918 3
3919 3
3920 3
3921 1
3922 2
3923 1
3924 0
3925 1
3926 2
3927 5
3928 3
3929 4
3930 3
3931 2
3932 3
3933 5
3934 4
3935 4
3936 8
3937 6
3938 5
3939 7
3940 7
3941 9
3942 9
3943 8
3944 9
3945 9
3946 9
3947 9
3948 7
3949 9
3950 9
3951 10
3952 10
3953 9
3954 9
3955 7
3956 4
3957 4
3958 3
3959 4
3960 3
3961 3
3962 3
3963 4
3964 4
3965 6
3966 8
3967 7
3968 9
3969 9
3970 10
3971 8
3972 12
3973 12
3974 10
3975 9
3976 8
3977 8
3978 6
3979 5
3980 5
3981 5
3982 4
3983 2
3984 3
3985 6
3986 9
3987 9
3988 9
3989 10
3990 7
3991 5
3992 3
3993 2
3994 1
3995 4
3996 4
3997 3
3998 2
3999 2
4000 3
4001 1
4002 1
4003 4
4004 5
4005 4
4006 2
4007 5
4008 5
4009 4
4010 4
4011 5
4012 3
4013 3
4014 1
4015 0
4016 2
4017 3
4018 3
4019 4
4020 2
4021 2
4022 4
4023 4
4024 7
4025 8
4026 7
4027 4
4028 6
4029 7
4030 6
4031 8
4032 7
4033 6
4034 5
4035 4
4036 5
4037 4
4038 6
4039 7
4040 4
4041 2
4042 3
4043 2
4044 3
4045 1
4046 2
4047 3
4048 2
4049 3
4050 4
4051 3
4052 3
4053 3
4054 5
4055 6
4056 4
4057 5
4058 4
4059 8
4060 9
4061 9
4062 11
4063 12
4064 11
4065 9
4066 9
4067 9
4068 10
4069 9
4070 10
4071 9
4072 10
4073 10
4074 8
4075 7
4076 8
4077 7
4078 6
4079 7
4080 6
4081 5
4082 4
4083 1
4084 2
4085 3
4086 3
4087 3
4088 1
4089 2
4090 1
4091 3
4092 1
4093 5
4094 6
4095 8
4096 6
4097 6
4098 5
4099 4
4100 2
4101 5
4102 3
4103 5
4104 5
4105 2
4106 3
4107 2
4108 1
4109 4
4110 3
4111 2
4112 0
4113 3
4114 2
4115 3
4116 5
4117 6
4118 5
4119 4
4120 5
4121 3
4122 2
4123 3
4124 3
4125 3
4126 2
4127 4
4128 3
4129 4
4130 5
4131 4
4132 5
4133 3
4134 2
4135 1
4136 5
4137 5
4138 6
4139 5
4140 4
4141 6
4142 4
4143 2
4144 2
4145 4
4146 3
4147 5
4148 6
4149 4
4150 3
4151 4
4152 6
4153 5
4154 6
4155 4
4156 3
4157 6
4158 6
4159 5
4160 5
4161 4
4162 4
4163 2
4164 0
4165 5
4166 5
4167 6
4168 7
4169 7
4170 5
4171 6
4172 7
4173 5
4174 7
4175 9
4176 10
4177 9
4178 10
4179 10
4180 10
4181 13
4182 13
4183 12
4184 9
4185 11
4186 13
4187 13
4188 11
4189 14
4190 13
4191 14
4192 13
4193 13
4194 11
4195 11
4196 12
4197 12
4198 9
4199 7
4200 7
4201 11
4202 12
4203 12
4204 12
4205 13
4206 11
4207 12
4208 12
4209 11
4210 9
4211 10
4212 10
4213 9
4214 9
4215 10
4216 9
4217 7
4218 7
4219 7
4220 8
4221 7
4222 9
4223 7
4224 8
4225 8
4226 9
4227 12
4228 12
4229 12
4230 12
4231 11
4232 11
4233 9
4234 8
4235 8
4236 10
4237 11
4238 12
4239 15
4240 12
4241 11
4242 11
4243 10
4244 11
4245 13
4246 14
4247 12
4248 11
4249 13
4250 14
4251 14
4252 14
4253 15
4254 12
4255 12
4256 12
4257 11
4258 8
4259 8
4260 10
4261 8
4262 7
4263 7
4264 6
4265 5
4266 4
4267 5
4268 4
4269 3
4270 3
4271 4
4272 3
4273 3
4274 3
4275 3
4276 3
4277 2
4278 2
4279 0
4280 4
4281 4
4282 3
4283 2
4284 3
4285 2
4286 3
4287 3
4288 2
4289 3
4290 4
4291 5
4292 5
4293 6
4294 6
4295 5
4296 4
4297 6
4298 3
4299 2
4300 3
4301 2
4302 5
4303 4
4304 3
4305 4
4306 4
4307 2
4308 3
4309 4
4310 4
4311 2
4312 2
4313 4
4314 3
4315 3
4316 3
4317 2
4318 2
4319 4
4320 4
4321 6
4322 7
4323 5
4324 5
4325 2
4326 2
4327 2
4328 4
4329 6
4330 6
4331 6
4332 6
4333 6
4334 5
4335 6
4336 7
4337 5
4338 4
4339 3
4340 3
4341 1
4342 5
4343 2
4344 4
4345 2
4346 5
4347 5
4348 4
4349 3
4350 2
4351 3
4352 5
4353 7
4354 5
4355 6
4356 7
4357 4
4358 5
4359 6
4360 7
4361 6
4362 7
4363 8
4364 8
4365 10
4366 13
4367 14
4368 13
4369 12
4370 13
4371 14
4372 14
4373 15
4374 12
4375 10
4376 9
4377 9
4378 8
4379 8
4380 7
4381 8
4382 10
4383 8
4384 9
4385 8
4386 7
4387 7
4388 8
4389 6
4390 4
4391 4
4392 7
4393 11
4394 12
4395 12
4396 12
4397 12
4398 13
4399 14
4400 18
4401 15
4402 12
4403 10
4404 12
4405 13
4406 12
4407 14
4408 16
4409 13
4410 14
4411 15
4412 12
4413 10
4414 10
4415 11
4416 9
4417 6
4418 5
4419 7
4420 8
4421 9
4422 10
4423 9
4424 8
4425 9
4426 8
4427 9
4428 10
4429 14
4430 12
4431 14
4432 14
4433 17
4434 14
4435 14
4436 14
4437 15
4438 12
4439 13
4440 11
4441 8
4442 7
4443 5
4444 5
4445 3
4446 3
4447 1
4448 3
4449 4
4450 4
4451 4
4452 2
4453 4
4454 4
4455 5
4456 4
4457 5
4458 7
4459 7
4460 9
4461 8
4462 8
4463 9
4464 7
4465 6
4466 9
4467 9
4468 9
4469 8
4470 8
4471 9
4472 9
4473 7
4474 5
4475 4
4476 6
4477 4
4478 6
4479 5
4480 9
4481 9
4482 8
4483 7
4484 7
4485 5
4486 4
4487 4
4488 7
4489 7
4490 7
4491 7
4492 7
4493 8
4494 7
4495 8
4496 9
4497 10
4498 10
4499 10
4500 10
4501 11
4502 9
4503 9
4504 9
4505 9
4506 12
4507 12
4508 9
4509 11
4510 9
4511 11
4512 10
4513 11
4514 11
4515 11
4516 9
4517 8
4518 8
4519 8
4520 8
4521 8
4522 7
4523 8
4524 6
4525 7
4526 8
4527 7
4528 7
4529 6
4530 4
4531 3
4532 2
4533 4
4534 7
4535 6
4536 6
4537 6
4538 8
4539 8
4540 8
4541 9
4542 8
4543 7
4544 7
4545 6
4546 4
4547 2
4548 4
4549 3
4550 2
4551 4
4552 6
4553 5
4554 5
4555 4
4556 5
4557 7
4558 9
4559 10
4560 11
4561 10
4562 7
4563 7
4564 6
4565 6
4566 6
4567 7
4568 7
4569 9
4570 10
4571 9
4572 9
4573 9
4574 11
4575 9
4576 9
4577 7
4578 7
4579 8
4580 6
4581 9
4582 11
4583 10
4584 12
4585 11
4586 11
4587 8
4588 6
4589 6
4590 6
4591 5
4592 5
4593 5
4594 5
4595 5
4596 5
4597 7
4598 7
4599 6
4600 5
4601 7
4602 9
4603 8
4604 9
4605 8
4606 6
4607 6
4608 4
4609 3
4610 4
4611 5
4612 4
4613 4
4614 3
4615 2
4616 2
4617 2
4618 3
4619 4
4620 6
4621 6
4622 5
4623 5
4624 4
4625 4
4626 6
4627 8
4628 6
4629 3
4630 3
4631 4
4632 4
4633 3
4634 3
4635 1
4636 4
4637 3
4638 3
4639 2
4640 5
4641 4
4642 3
4643 3
4644 3
4645 3
4646 2
4647 2
4648 2
4649 6
4650 4
4651 3
4652 2
4653 3
4654 4
4655 1
4656 2
4657 4
4658 4
4659 5
4660 3
4661 4
4662 2
4663 3
4664 3
4665 3
4666 5
4667 2
4668 2
4669 1
4670 2
4671 4
4672 5
4673 6
4674 4
4675 6
4676 5
4677 5
4678 11
4679 9
4680 12
4681 11
4682 10
4683 12
4684 11
4685 13
4686 14
4687 14
4688 14
4689 16
4690 13
4691 12
4692 12
4693 11
4694 10
4695 11
4696 12
4697 13
4698 12
4699 12
4700 11
4701 13
4702 16
4703 13
4704 13
4705 12
4706 10
4707 9
4708 10
4709 8
4710 9
4711 10
4712 11
4713 12
4714 14
4715 14
4716 14
4717 15
4718 12
4719 10
4720 13
4721 12
4722 13
4723 17
4724 14
4725 13
4726 14
4727 12
4728 11
4729 11
4730 11
4731 12
4732 13
4733 15
4734 12
4735 13
4736 13
4737 11
4738 8
4739 9
4740 9
4741 10
4742 8
4743 9
4744 9
4745 9
4746 12
4747 13
4748 13
4749 14
4750 11
4751 13
4752 13
4753 14
4754 11
4755 13
4756 14
4757 15
4758 12
4759 10
4760 11
4761 9
4762 10
4763 10
4764 10
4765 10
4766 10
4767 7
4768 8
4769 7
4770 6
4771 6
4772 6
4773 6
4774 6
4775 5
4776 4
4777 6
4778 6
4779 5
4780 3
4781 3
4782 1
4783 3
4784 3
4785 0
4786 3
4787 2
4788 2
4789 5
4790 6
4791 8
4792 8
4793 8
4794 9
4795 6
4796 6
4797 5
4798 5
4799 5
4800 6
4801 6
4802 5
4803 5
4804 4
4805 3
4806 4
4807 4
4808 2
4809 2
4810 2
4811 0
4812 3
4813 2
4814 4
4815 3
4816 5
4817 4
4818 6
4819 6
4820 6
4821 7
4822 8
4823 6
4824 6
4825 9
4826 10
4827 8
4828 9
4829 8
4830 7
4831 4
4832 7
4833 8
4834 7
4835 7
4836 8
4837 8
4838 7
4839 6
4840 4
4841 4
4842 4
4843 3
4844 3
4845 2
4846 4
4847 4
4848 4
4849 3
4850 2
4851 4
4852 4
4853 5
4854 6
4855 7
4856 6
4857 7
4858 9
4859 9
4860 8
4861 7
4862 7
4863 7
4864 6
4865 6
4866 7
4867 5
4868 5
4869 4
4870 3
4871 4
4872 5
4873 2
4874 2
4875 4
4876 5
4877 4
4878 3
4879 4
4880 4
4881 7
4882 8
4883 8
4884 9
4885 7
4886 9
4887 8
4888 9
4889 8
4890 6
4891 5
4892 4
4893 5
4894 4
4895 6
4896 6
4897 8
4898 9
4899 10
4900 11
4901 11
4902 12
4903 11
4904 13
4905 11
4906 14
4907 13
4908 14
4909 15
4910 12
4911 11
4912 12
4913 13
4914 15
4915 12
4916 10
4917 8
4918 6
4919 8
4920 8
4921 8
4922 9
4923 7
4924 7
4925 8
4926 7
4927 8
4928 10
4929 9
4930 10
4931 10
4932 10
4933 10
4934 8
4935 6
4936 5
4937 6
4938 5
4939 5
4940 4
4941 2
4942 3
4943 2
4944 2
4945 5
4946 3
4947 2
4948 3
4949 4
4950 4
4951 3
4952 2
4953 2
4954 1
4955 1
4956 4
4957 4
4958 4
4959 2
4960 3
4961 1
4962 2
4963 3
4964 3
4965 1
4966 4
4967 2
4968 4
4969 3
4970 3
4971 1
4972 2
4973 3
4974 4
4975 2
4976 3
4977 4
4978 6
4979 6
4980 6
4981 3
4982 2
4983 2
4984 3
4985 4
4986 5
4987 3
4988 2
4989 5
4990 4
4991 4
4992 4
4993 5
4994 4
4995 4
4996 4
4997 4
4998 4
4999 2
5000 3
5001 3
5002 3
5003 3
5004 1
5005 3
5006 2
5007 5
5008 6
5009 5
5010 7
5011 7
5012 8
5013 7
5014 7
5015 4
5016 3
5017 2
5018 3
5019 3
5020 2
5021 2
5022 3
5023 2
5024 4
5025 3
5026 0
5027 4
5028 4
5029 4
5030 1
5031 4
5032 2
5033 2
5034 2
5035 2
5036 0
5037 5
5038 4
5039 6
5040 5
5041 4
5042 2
5043 5
5044 6
5045 7
5046 5
5047 5
5048 5
5049 3
5050 3
5051 1
5052 2
5053 3
5054 0
5055 1
5056 1
5057 2
5058 0
5059 1
5060 2
5061 3
5062 3
5063 1
5064 3
5065 4
5066 3
5067 3
5068 5
5069 5
5070 6
5071 8
5072 7
5073 6
5074 6
5075 3
5076 2
5077 2
5078 4
5079 6
5080 8
5081 7
5082 4
5083 2
5084 4
5085 2
5086 1
5087 1
5088 5
5089 5
5090 3
5091 5
5092 2
5093 2
5094 3
5095 2
5096 2
5097 3
5098 3
5099 2
5100 1
5101 2
5102 2
5103 1
5104 1
5105 2
5106 4
5107 3
5108 2
5109 3
5110 4
5111 3
5112 4
5113 6
5114 5
5115 5
5116 4
5117 5
5118 5
5119 6
5120 7
5121 9
5122 7
5123 9
5124 8
5125 9
5126 10
5127 10
5128 9
5129 9
5130 12
5131 11
5132 10
5133 8
5134 8
5135 6
5136 4
5137 2
5138 5
5139 7
5140 6
5141 5
5142 5
5143 6
5144 5
5145 5
5146 3
5147 2
5148 1
5149 2
5150 1
5151 2
5152 4
5153 6
5154 9
5155 8
5156 6
5157 5
5158 4
5159 6
5160 7
5161 7
5162 8
5163 8
5164 9
5165 10
5166 10
5167 11
5168 11
5169 10
5170 9
5171 9
5172 8
5173 6
5174 7
5175 7
5176 4
5177 3
5178 4
5179 1
5180 1
5181 1
5182 2
5183 2
5184 3
5185 4
5186 3
5187 2
5188 4
5189 4
5190 4
5191 3
5192 4
5193 5
5194 5
5195 6
5196 6
5197 9
5198 8
5199 8
5200 7
5201 7
5202 6
5203 4
5204 4
5205 5
5206 3
5207 1
5208 2
5209 4
5210 4
5211 3
5212 1
5213 4
5214 5
5215 6
5216 6
5217 6
5218 6
5219 8
5220 7
5221 6
5222 5
5223 3
5224 3
5225 1
5226 3
5227 5
5228 5
5229 5
5230 3
5231 4
5232 2
5233 4
5234 6
5235 6
5236 7
5237 6
5238 7
5239 11
5240 14
5241 12
5242 15
5243 12
5244 12
5245 12
5246 11
5247 12
5248 10
5249 10
5250 10
5251 8
5252 6
5253 7
5254 6
5255 5
5256 4
5257 3
5258 5
5259 4
5260 4
5261 7
5262 6
5263 6
5264 8
5265 8
5266 7
5267 5
5268 4
5269 4
5270 1
5271 6
5272 10
5273 9
5274 10
5275 12
5276 10
5277 10
5278 9
5279 6
5280 6
5281 7
5282 9
5283 7
5284 8
5285 8
5286 8
5287 6
5288 8
5289 7
5290 7
5291 8
5292 8
5293 8
5294 9
5295 9
5296 10
5297 9
5298 8
5299 6
5300 6
5301 3
5302 3
5303 5
5304 3
5305 1
5306 2
5307 3
5308 5
5309 5
5310 6
5311 5
5312 5
5313 7
5314 7
5315 8
5316 8
5317 6
5318 6
5319 5
5320 4
5321 5
5322 4
5323 2
5324 4
5325 3
5326 3
5327 2
5328 3
5329 3
5330 1
5331 4
5332 4
5333 3
5334 3
5335 1
5336 3
5337 2
5338 2
5339 5
5340 5
5341 6
5342 4
5343 4
5344 2
5345 3
5346 3
5347 0
5348 5
5349 7
5350 5
5351 3
5352 3
5353 0
5354 3
5355 4
5356 3
5357 4
5358 4
5359 4
5360 3
5361 4
5362 4
5363 3
5364 2
5365 4
5366 6
5367 5
5368 4
5369 3
5370 3
5371 2
5372 4
5373 3
5374 3
5375 3
5376 2
5377 3
5378 4
5379 3
5380 1
5381 2
5382 2
5383 3
5384 2
5385 5
5386 8
5387 6
5388 5
5389 6
5390 6
5391 5
5392 5
5393 5
5394 3
5395 4
5396 3
5397 2
5398 0
5399 2
5400 4
5401 5
5402 6
5403 6
5404 4
5405 2
5406 2
5407 3
5408 2
5409 3
5410 3
5411 3
5412 3
5413 2
5414 3
5415 2
5416 1
5417 5
5418 6
5419 3
5420 4
5421 3
5422 2
5423 1
5424 4
5425 3
5426 1
5427 6
5428 10
5429 9
5430 10
5431 9
5432 8
5433 8
5434 6
5435 9
5436 10
5437 9
5438 10
5439 11
5440 12
5441 11
5442 10
5443 9
5444 10
5445 12
5446 11
5447 11
5448 10
5449 10
5450 12
5451 11
5452 9
5453 8
5454 5
5455 4
5456 4
5457 5
5458 6
5459 6
5460 5
5461 4
5462 3
5463 1
5464 2
5465 1
5466 1
5467 4
5468 4
5469 3
5470 1
5471 3
5472 3
5473 2
5474 2
5475 6
5476 6
5477 6
5478 7
5479 6
5480 5
5481 5
5482 6
5483 6
5484 8
5485 8
5486 8
5487 9
5488 8
5489 8
5490 7
5491 4
5492 4
5493 6
5494 4
5495 3
5496 2
5497 2
5498 1
5499 0
5500 3
5501 1
5502 1
5503 4
5504 6
5505 5
5506 4
5507 5
5508 3
5509 2
5510 3
5511 1
5512 3
5513 1
5514 4
5515 5
5516 5
5517 6
5518 6
5519 4
5520 3
5521 4
5522 3
5523 3
5524 2
5525 0
5526 2
5527 3
5528 3
5529 3
5530 1
5531 4
5532 4
5533 3
5534 1
5535 0
5536 1
5537 0
5538 1
5539 4
5540 7
5541 9
5542 7
5543 6
5544 4
5545 3
5546 1
5547 4
5548 4
5549 2
5550 2
5551 6
5552 4
5553 6
5554 6
5555 7
5556 9
5557 9
5558 9
5559 8
5560 9
5561 8
5562 9
5563 8
5564 9
5565 9
5566 10
5567 12
5568 12
5569 12
5570 9
5571 7
5572 8
5573 8
5574 7
5575 7
5576 5
5577 4
5578 6
5579 5
5580 5
5581 4
5582 7
5583 9
5584 9
5585 8
5586 10
5587 10
5588 8
5589 9
5590 11
5591 11
5592 13
5593 11
5594 9
5595 9
5596 8
5597 8
5598 8
5599 10
5600 12
5601 9
5602 10
5603 8
5604 9
5605 7
5606 8
5607 7
5608 5
5609 3
5610 1
5611 3
5612 5
5613 4
5614 7
5615 7
5616 6
5617 8
5618 6
5619 7
5620 6
5621 8
5622 10
5623 9
5624 9
5625 10
5626 7
5627 7
5628 7
5629 4
5630 3
5631 1
5632 3
5633 4
5634 2
5635 2
5636 4
5637 3
5638 3
5639 3
5640 1
5641 2
5642 5
5643 4
5644 4
5645 4
5646 6
5647 6
5648 7
5649 6
5650 6
5651 6
5652 5
5653 4
5654 5
5655 6
5656 8
5657 7
5658 5
5659 6
5660 3
5661 3
5662 4
5663 3
5664 2
5665 3
5666 3
5667 4
5668 2
5669 2
5670 5
5671 5
5672 3
5673 4
5674 5
5675 5
5676 5
5677 4
5678 6
5679 7
5680 7
5681 9
5682 15
5683 12
5684 12
5685 10
5686 10
5687 10
5688 9
5689 10
5690 11
5691 11
5692 9
5693 10
5694 12
5695 12
5696 13
5697 11
5698 10
5699 13
5700 13
5701 12
5702 11
5703 12
5704 12
5705 14
5706 14
5707 15
5708 12
5709 11
5710 10
5711 7
5712 7
5713 7
5714 10
5715 9
5716 10
5717 11
5718 10
5719 8
5720 8
5721 7
5722 8
5723 7
5724 7
5725 7
5726 5
5727 5
5728 6
5729 7
5730 5
5731 7
5732 8
5733 8
5734 10
5735 11
5736 10
5737 10
5738 11
5739 10
5740 12
5741 12
5742 12
5743 12
5744 11
5745 10
5746 9
5747 11
5748 11
5749 9
5750 6
5751 7
5752 6
5753 6
5754 6
5755 6
5756 6
5757 4
5758 5
5759 5
5760 6
5761 7
5762 5
5763 7
5764 5
5765 6
5766 4
5767 5
5768 5
5769 6
5770 4
5771 6
5772 5
5773 4
5774 3
5775 1
5776 3
5777 3
5778 1
5779 3
5780 3
5781 2
5782 2
5783 3
5784 4
5785 6
5786 4
5787 5
5788 7
5789 6
5790 5
5791 3
5792 4
5793 5
5794 3
5795 4
5796 3
5797 7
5798 6
5799 8
5800 6
5801 5
5802 5
5803 3
5804 3
5805 2
5806 2
5807 3
5808 3
5809 2
5810 3
5811 2
5812 1
5813 4
5814 4
5815 6
5816 6
5817 4
5818 6
5819 5
5820 5
5821 5
5822 5
5823 5
5824 4
5825 7
5826 8
5827 6
5828 6
5829 7
5830 6
5831 5
5832 3
5833 3
5834 2
5835 5
5836 5
5837 3
5838 2
5839 1
5840 0
5841 3
5842 6
5843 3
5844 2
5845 3
5846 1
5847 2
5848 3
5849 2
5850 5
5851 6
5852 6
5853 7
5854 5
5855 5
5856 7
5857 7
5858 8
5859 8
5860 9
5861 8
5862 7
5863 7
5864 7
5865 7
5866 6
5867 5
5868 7
5869 8
5870 9
5871 7
5872 7
5873 5
5874 4
5875 4
5876 5
5877 3
5878 2
5879 1
5880 3
5881 3
5882 2
5883 4
5884 3
5885 3
5886 5
5887 3
5888 2
5889 2
5890 4
5891 2
5892 6
5893 6
5894 4
5895 4
5896 5
5897 3
5898 4
5899 2
5900 4
5901 6
5902 6
5903 6
5904 4
5905 3
5906 2
5907 1
5908 3
5909 3
5910 1
5911 3
5912 3
5913 2
5914 3
5915 2
5916 5
5917 5
5918 4
5919 6
5920 5
5921 5
5922 3
5923 2
5924 2
5925 4
5926 2
5927 2
5928 5
5929 6
5930 8
5931 5
5932 5
5933 8
5934 11
5935 9
5936 12
5937 11
5938 11
5939 11
5940 13
5941 12
5942 10
5943 10
5944 8
5945 8
5946 8
5947 9
5948 8
5949 10
5950 8
5951 8
5952 7
5953 7
5954 7
5955 4
5956 3
5957 3
5958 2
5959 3
5960 2
5961 3
5962 5
5963 5
5964 6
5965 6
5966 6
5967 5
5968 3
5969 4
5970 3
5971 4
5972 6
5973 8
5974 6
5975 7
5976 6
5977 6
5978 4
5979 3
5980 2
5981 3
5982 3
5983 2
5984 7
5985 7
5986 6
5987 8
5988 8
5989 6
5990 5
5991 5
5992 7
5993 5
5994 4
5995 4
5996 1
5997 1
5998 2
5999 2
6000 4
6001 4
6002 7
6003 6
6004 7
6005 5
6006 6
6007 5
6008 6
6009 4
6010 3
6011 3
6012 3
6013 3
6014 2
6015 3
6016 5
6017 2
6018 3
6019 3
6020 2
6021 3
6022 7
6023 5
6024 6
6025 7
6026 6
6027 4
6028 3
6029 2
6030 5
6031 6
6032 6
6033 3
6034 3
6035 3
6036 5
6037 5
6038 7
6039 9
6040 8
6041 7
6042 4
6043 6
6044 6
6045 4
6046 4
6047 4
6048 4
6049 5
6050 3
6051 5
6052 3
6053 3
6054 3
6055 4
6056 5
6057 2
6058 3
6059 3
6060 3
6061 0
6062 1
6063 4
6064 2
6065 4
6066 6
6067 4
6068 2
6069 2
6070 4
6071 2
6072 2
6073 4
6074 4
6075 3
6076 3
6077 3
6078 5
6079 4
6080 1
6081 1
6082 4
6083 6
6084 4
6085 3
6086 4
6087 4
6088 2
6089 1
6090 3
6091 3
6092 4
6093 3
6094 4
6095 5
6096 4
6097 3
6098 2
6099 2
6100 5
6101 3
6102 3
6103 1
6104 5
6105 5
6106 4
6107 6
6108 6
6109 4
6110 2
6111 2
6112 3
6113 5
6114 4
6115 5
6116 3
6117 4
6118 5
6119 4
6120 3
6121 2
6122 2
6123 3
6124 1
6125 8
6126 6
6127 5
6128 8
6129 7
6130 5
6131 3
6132 2
6133 2
6134 2
6135 5
6136 6
6137 7
6138 5
6139 5
6140 6
6141 5
6142 6
6143 8
6144 10
6145 11
6146 9
6147 6
6148 5
6149 3
6150 2
6151 2
6152 2
6153 0
6154 3
6155 4
6156 3
6157 3
6158 1
6159 3
6160 3
6161 4
6162 3
6163 2
6164 1
6165 2
6166 2
6167 6
6168 5
6169 5
6170 5
6171 7
6172 6
6173 5
6174 7
6175 5
6176 3
6177 2
6178 3
6179 5
6180 2
6181 2
6182 1
6183 5
6184 5
6185 5
6186 6
6187 7
6188 7
6189 5
6190 7
6191 4
6192 4
6193 3
6194 3
6195 3
6196 1
6197 4
6198 4
6199 3
6200 1
6201 3
6202 5
6203 4
6204 3
6205 2
6206 2
6207 4
6208 4
6209 2
6210 3
6211 3
6212 2
6213 3
6214 2
6215 4
6216 4
6217 3
6218 4
6219 3
6220 2
6221 3
6222 1
6223 5
6224 5
6225 4
6226 1
6227 0
6228 5
6229 3
6230 0
6231 3
6232 5
6233 5
6234 3
6235 2
6236 2
6237 3
6238 4
6239 3
6240 2
6241 4
6242 4
6243 4
6244 2
6245 3
6246 3
6247 4
6248 5
6249 5
6250 3
6251 1
6252 5
6253 2
6254 4
6255 3
6256 2
6257 2
6258 0
6259 3
6260 3
6261 2
6262 2
6263 2
6264 4
6265 3
6266 6
6267 6
6268 8
6269 9
6270 8
6271 9
6272 10
6273 9
6274 9
6275 8
6276 6
6277 7
6278 6
6279 4
6280 1
6281 5
6282 6
6283 6
6284 6
6285 5
6286 3
6287 3
6288 6
6289 5
6290 5
6291 4
6292 2
6293 3
6294 3
6295 2
6296 1
6297 2
6298 4
6299 4
6300 4
6301 3
6302 1
6303 1
6304 4
6305 4
6306 3
6307 4
6308 2
6309 4
6310 3
6311 2
6312 2
6313 1
6314 3
6315 2
6316 2
6317 4
6318 3
6319 4
6320 2
6321 2
6322 0
6323 3
6324 4
6325 6
6326 6
6327 6
6328 4
6329 2
6330 5
6331 4
6332 2
6333 1
6334 4
6335 2
6336 3
6337 0
6338 3
6339 2
6340 1
6341 2
6342 3
6343 4
6344 8
6345 8
6346 7
6347 9
6348 9
6349 9
6350 8
6351 8
6352 10
6353 9
6354 9
6355 9
6356 9
6357 8
6358 8
6359 9
6360 8
6361 8
6362 6
6363 10
6364 9
6365 8
6366 6
6367 6
6368 8
6369 9
6370 9
6371 12
6372 14
6373 13
6374 14
6375 12
6376 14
6377 11
6378 10
6379 12
6380 10
6381 11
6382 10
6383 10
6384 9
6385 11
6386 9
6387 11
6388 12
6389 12
6390 12
6391 11
6392 10
6393 10
6394 9
6395 9
6396 9
6397 10
6398 9
6399 9
6400 12
6401 10
6402 9
6403 7
6404 7
6405 7
6406 7
6407 9
6408 10
6409 11
6410 11
6411 11
6412 10
6413 11
6414 8
6415 8
6416 7
6417 8
6418 7
6419 6
6420 4
6421 2
6422 4
6423 4
6424 4
6425 5
6426 5
6427 3
6428 2
6429 1
6430 3
6431 6
6432 5
6433 5
6434 4
6435 5
6436 6
6437 3
6438 2
6439 2
6440 3
6441 1
6442 0
6443 1
6444 4
6445 5
6446 6
6447 6
6448 6
6449 5
6450 6
6451 6
6452 5
6453 4
6454 2
6455 5
6456 4
6457 4
6458 4
6459 7
6460 6
6461 8
6462 8
6463 7
6464 7
6465 7
6466 7
6467 6
6468 4
6469 3
6470 4
6471 5
6472 3
6473 2
6474 4
6475 5
6476 4
6477 3
6478 5
6479 5
6480 4
6481 4
6482 2
6483 1
6484 4
6485 5
6486 3
6487 3
6488 4
6489 5
6490 6
6491 7
6492 7
6493 6
6494 7
6495 7
6496 7
6497 5
6498 6
6499 5
6500 6
6501 5
6502 4
6503 4
6504 4
6505 5
6506 7
6507 6
6508 5
6509 7
6510 6
6511 6
6512 5
6513 6
6514 6
6515 5
6516 6
6517 4
6518 6
6519 5
6520 4
6521 5
6522 6
6523 6
6524 6
6525 5
6526 6
6527 6
6528 6
6529 6
6530 8
6531 8
6532 10
6533 8
6534 9
6535 11
6536 10
6537 11
6538 10
6539 11
6540 10
6541 10
6542 10
6543 8
6544 9
6545 9
6546 8
6547 8
6548 7
6549 6
6550 4
6551 4
6552 3
6553 4
6554 5
6555 5
6556 4
6557 6
6558 5
6559 8
6560 8
6561 9
6562 9
6563 7
6564 8
6565 7
6566 9
6567 12
6568 10
6569 10
6570 9
6571 9
6572 11
6573 10
6574 11
6575 12
6576 12
6577 9
6578 9
6579 10
6580 8
6581 7
6582 10
6583 7
6584 6
6585 5
6586 6
6587 4
6588 2
6589 1
6590 4
6591 2
6592 2
6593 1
6594 3
6595 3
6596 3
6597 3
6598 6
6599 9
6600 9
6601 7
6602 8
6603 7
6604 7
6605 8
6606 6
6607 4
6608 5
6609 8
6610 9
6611 8
6612 8
6613 8
6614 8
6615 9
6616 9
6617 8
6618 9
6619 9
6620 6
6621 4
6622 5
6623 6
6624 6
6625 5
6626 5
6627 5
6628 3
6629 1
6630 2
6631 4
6632 1
6633 1
6634 4
6635 4
6636 5
6637 7
6638 6
6639 5
6640 8
6641 9
6642 12
6643 11
6644 11
6645 11
6646 10
6647 9
6648 9
6649 8
6650 7
6651 8
6652 9
6653 9
6654 8
6655 7
6656 7
6657 7
6658 9
6659 8
6660 9
6661 9
6662 9
6663 7
6664 6
6665 6
6666 4
6667 3
6668 2
6669 2
6670 0
6671 1
6672 4
6673 8
6674 10
6675 11
6676 12
6677 11
6678 13
6679 12
6680 11
6681 12
6682 12
6683 12
6684 10
6685 8
6686 7
6687 9
6688 11
6689 12
6690 12
6691 10
6692 9
6693 10
6694 11
6695 10
6696 9
6697 10
6698 9
6699 8
6700 9
6701 8
6702 7
6703 5
6704 5
6705 5
6706 6
6707 5
6708 7
6709 8
6710 7
6711 5
6712 5
6713 3
6714 3
6715 3
6716 4
6717 4
6718 3
6719 1
6720 5
6721 7
6722 7
6723 7
6724 5
6725 6
6726 4
6727 5
6728 5
6729 5
6730 5
6731 6
6732 5
6733 4
6734 6
6735 5
6736 6
6737 7
6738 7
6739 7
6740 10
6741 10
6742 9
6743 9
6744 10
6745 9
6746 7
6747 7
6748 8
6749 7
6750 6
6751 4
6752 3
6753 4
6754 2
6755 3
6756 3
6757 3
6758 5
6759 6
6760 7
6761 6
6762 7
6763 5
6764 4
6765 3
6766 3
6767 4
6768 2
6769 3
6770 4
6771 5
6772 6
6773 3
6774 3
6775 3
6776 4
6777 6
6778 5
6779 6
6780 8
6781 9
6782 12
6783 11
6784 10
6785 10
6786 9
6787 9
6788 11
6789 10
6790 11
6791 13
6792 11
6793 12
6794 12
6795 12
6796 9
6797 8
6798 6
6799 5
6800 5
6801 6
6802 5
6803 4
6804 3
6805 2
6806 3
6807 3
6808 2
6809 4
6810 3
6811 3
6812 2
6813 3
6814 3
6815 5
6816 5
6817 4
6818 1
6819 3
6820 0
6821 3
6822 1
6823 3
6824 3
6825 1
6826 5
6827 4
6828 5
6829 7
6830 6
6831 7
6832 6
6833 5
6834 6
6835 7
6836 6
6837 5
6838 2
6839 3
6840 1
6841 3
6842 4
6843 4
6844 2
6845 3
6846 2
6847 2
6848 3
6849 6
6850 7
6851 8
6852 7
6853 9
6854 9
6855 10
6856 8
6857 7
6858 4
6859 4
6860 3
6861 3
6862 3
6863 4
6864 5
6865 6
6866 8
6867 10
6868 12
6869 11
6870 10
6871 8
6872 7
6873 6
6874 6
6875 4
6876 4
6877 4
6878 2
6879 4
6880 6
6881 5
6882 4
6883 2
6884 1
6885 2
6886 3
6887 1
6888 2
6889 3
6890 2
6891 1
6892 3
6893 3
6894 7
6895 7
6896 7
6897 8
6898 8
6899 10
6900 9
6901 8
6902 7
6903 10
6904 8
6905 9
6906 8
6907 6
6908 6
6909 8
6910 7
6911 6
6912 8
6913 9
6914 11
6915 9
6916 8
6917 9
6918 9
6919 8
6920 6
6921 8
6922 6
6923 7
6924 8
6925 6
6926 6
6927 3
6928 1
6929 5
6930 3
6931 1
6932 3
6933 3
6934 3
6935 4
6936 2
6937 4
6938 4
6939 3
6940 0
6941 3
6942 6
6943 9
6944 9
6945 8
6946 6
6947 7
6948 5
6949 7
6950 5
6951 6
6952 9
6953 7
6954 6
6955 5
6956 9
6957 11
6958 10
6959 10
6960 11
6961 9
6962 6
6963 7
6964 7
6965 7
6966 8
6967 8
6968 9
6969 11
6970 10
6971 9
6972 11
6973 11
6974 10
6975 8
6976 9
6977 10
6978 8
6979 10
6980 8
6981 8
6982 8
6983 6
6984 5
6985 5
6986 5
6987 4
6988 6
6989 8
6990 11
6991 10
6992 10
6993 8
6994 7
6995 7
6996 5
6997 3
6998 4
6999 1
7000 2
7001 5
7002 5
7003 6
7004 4
7005 2
7006 3
7007 2
7008 1
7009 2
7010 3
7011 0
7012 1
7013 2
7014 4
7015 1
7016 6
7017 8
7018 6
7019 7
7020 7
7021 8
7022 10
7023 7
7024 5
7025 4
7026 4
7027 3
7028 4
7029 5
7030 4
7031 7
7032 5
7033 3
7034 4
7035 6
7036 3
7037 0
7038 4
7039 3
7040 1
7041 0
7042 3
7043 2
7044 7
7045 8
7046 9
7047 11
7048 11
7049 10
7050 10
7051 9
7052 10
7053 9
7054 10
7055 10
7056 10
7057 9
7058 8
7059 8
7060 7
7061 7
7062 7
7063 5
7064 6
7065 6
7066 4
7067 5
7068 6
7069 5
7070 4
7071 3
7072 2
7073 6
7074 6
7075 5
7076 3
7077 4
7078 6
7079 8
7080 7
7081 5
7082 5
7083 4
7084 4
7085 4
7086 6
7087 4
7088 4
7089 5
7090 4
7091 5
7092 5
7093 6
7094 5
7095 5
7096 7
7097 6
7098 4
7099 3
7100 3
7101 1
7102 4
7103 3
7104 2
7105 4
7106 5
7107 5
7108 4
7109 1
7110 3
7111 4
7112 3
7113 6
7114 6
7115 8
7116 9
7117 8
7118 8
7119 7
7120 7
7121 8
7122 7
7123 7
7124 6
7125 6
7126 6
7127 5
7128 6
7129 7
7130 7
7131 10
7132 9
7133 11
7134 11
7135 9
7136 7
7137 7
7138 5
7139 5
7140 5
7141 6
7142 7
7143 7
7144 9
7145 9
7146 11
7147 10
7148 9
7149 8
7150 9
7151 8
7152 8
7153 7
7154 7
7155 6
7156 7
7157 9
7158 9
7159 7
7160 5
7161 5
7162 5
7163 4
7164 3
7165 4
7166 5
7167 3
7168 3
7169 1
7170 1
7171 5
7172 4
7173 4
7174 2
7175 1
7176 3
7177 1
7178 2
7179 4
7180 3
7181 2
7182 4
7183 4
7184 2
7185 2
7186 0
7187 1
7188 3
7189 4
7190 6
7191 5
7192 4
7193 4
7194 3
7195 2
7196 4
7197 5
7198 4
7199 3
7200 5
7201 4
7202 4
7203 5
7204 3
7205 2
7206 2
7207 4
7208 4
7209 4
7210 3
7211 3
7212 1
7213 2
7214 4
7215 1
7216 1
7217 3
7218 2
7219 3
7220 5
7221 3
7222 4
7223 3
7224 4
7225 4
7226 4
7227 3
7228 4
7229 6
7230 8
7231 8
7232 10
7233 8
7234 10
7235 8
7236 6
7237 7
7238 7
7239 6
7240 5
7241 4
7242 3
7243 3
7244 3
7245 0
7246 1
7247 3
7248 2
7249 2
7250 6
7251 8
7252 8
7253 9
7254 9
7255 9
7256 7
7257 9
7258 11
7259 9
7260 9
7261 12
7262 12
7263 10
7264 10
7265 10
7266 8
7267 8
7268 6
7269 7
7270 7
7271 9
7272 8
7273 6
7274 5
7275 3
7276 2
7277 4
7278 5
7279 5
7280 6
7281 7
7282 7
7283 6
7284 6
7285 5
7286 7
7287 6
7288 6
7289 6
7290 8
7291 7
7292 7
7293 10
7294 7
7295 6
7296 5
7297 7
7298 9
7299 9
7300 9
7301 7
7302 5
7303 3
7304 4
7305 3
7306 4
7307 3
7308 2
7309 3
7310 2
7311 3
7312 1
7313 2
7314 1
7315 2
7316 2
7317 1
7318 2
7319 1
7320 2
7321 2
7322 3
7323 3
7324 3
7325 4
7326 1
7327 4
7328 6
7329 7
7330 10
7331 10
7332 11
7333 12
7334 12
7335 12
7336 12
7337 12
7338 11
7339 12
7340 12
7341 10
7342 9
7343 8
7344 7
7345 4
7346 4
7347 2
7348 7
7349 6
7350 4
7351 6
7352 6
7353 4
7354 3
7355 2
7356 2
7357 2
7358 3
7359 1
7360 4
7361 4
7362 5
7363 3
7364 1
7365 6
7366 6
7367 4
7368 2
7369 4
7370 5
7371 4
7372 4
7373 4
7374 4
7375 2
7376 5
7377 4
7378 3
7379 2
7380 6
7381 6
7382 4
7383 6
7384 7
7385 5
7386 4
7387 4
7388 4
7389 6
7390 5
7391 7
7392 7
7393 6
7394 7
7395 6
7396 6
7397 4
7398 3
7399 1
7400 3
7401 4
7402 5
7403 5
7404 3
7405 5
7406 5
7407 2
7408 0
7409 2
7410 1
7411 1
7412 2
7413 3
7414 5
7415 3
7416 3
7417 1
7418 2
7419 1
7420 4
7421 3
7422 3
7423 2
7424 2
7425 5
7426 3
7427 5
7428 5
7429 6
7430 6
7431 5
7432 3
7433 3
7434 4
7435 4
7436 3
7437 4
7438 4
7439 5
7440 5
7441 6
7442 4
7443 3
7444 2
7445 1
7446 4
7447 4
7448 6
7449 6
7450 5
7451 4
7452 5
7453 4
7454 6
7455 6
7456 4
7457 4
7458 5
7459 3
7460 1
7461 3
7462 4
7463 3
7464 1
7465 4
7466 4
7467 5
7468 6
7469 4
7470 2
7471 3
7472 0
7473 4
7474 9
7475 9
7476 9
7477 8
7478 8
7479 9
7480 7
7481 7
7482 8
7483 6
7484 4
7485 4
7486 5
7487 5
7488 3
7489 2
7490 3
7491 4
7492 2
7493 2
7494 2
7495 1
7496 1
7497 4
7498 4
7499 6
7500 4
7501 2
7502 2
7503 4
7504 6
7505 3
7506 3
7507 5
7508 3
7509 3
7510 1
7511 3
7512 5
7513 4
7514 4
7515 6
7516 6
7517 5
7518 5
7519 4
7520 1
7521 4
7522 4
7523 3
7524 2
7525 2
7526 2
7527 5
7528 5
7529 7
7530 7
7531 7
7532 9
7533 10
7534 11
7535 11
7536 9
7537 9
7538 8
7539 8
7540 8
7541 10
7542 9
7543 10
7544 9
7545 9
7546 8
7547 10
7548 10
7549 10
7550 11
7551 10
7552 11
7553 12
7554 12
7555 12
7556 11
7557 11
7558 12
7559 11
7560 12
7561 12
7562 13
7563 13
7564 16
7565 13
7566 12
7567 11
7568 11
7569 10
7570 10
7571 11
7572 13
7573 12
7574 13
7575 13
7576 11
7577 11
7578 9
7579 10
7580 9
7581 9
7582 8
7583 9
7584 8
7585 6
7586 7
7587 8
7588 7
7589 5
7590 4
7591 5
7592 2
7593 6
7594 3
7595 2
7596 4
7597 3
7598 4
7599 3
7600 3
7601 1
7602 2
7603 2
7604 5
7605 6
7606 4
7607 9
7608 8
7609 8
7610 7
7611 5
7612 3
7613 2
7614 5
7615 6
7616 8
7617 8
7618 9
7619 9
7620 12
7621 12
7622 14
7623 14
7624 13
7625 11
7626 12
7627 14
7628 14
7629 13
7630 15
7631 12
7632 11
7633 14
7634 13
7635 14
7636 14
7637 15
7638 12
7639 13
7640 14
7641 14
7642 16
7643 13
7644 12
7645 12
7646 13
7647 12
7648 12
7649 13
7650 12
7651 13
7652 14
7653 14
7654 15
7655 12
7656 12
7657 11
7658 13
7659 13
7660 14
7661 15
7662 12
7663 11
7664 11
7665 10
7666 10
7667 10
7668 11
7669 11
7670 11
7671 10
7672 11
7673 13
7674 10
7675 11
7676 13
7677 13
7678 13
7679 13
7680 13
7681 17
7682 14
7683 15
7684 12
7685 11
7686 10
7687 12
7688 15
7689 12
7690 12
7691 15
7692 12
7693 11
7694 11
7695 12
7696 11
7697 12
7698 10
7699 10
7700 14
7701 11
7702 9
7703 10
7704 11
7705 12
7706 13
7707 10
7708 9
7709 10
7710 9
7711 8
7712 7
7713 7
7714 9
7715 7
7716 4
7717 5
7718 5
7719 5
7720 5
7721 5
7722 6
7723 6
7724 8
7725 11
7726 9
7727 9
7728 10
7729 9
7730 7
7731 6
7732 5
7733 4
7734 6
7735 7
7736 6
7737 6
7738 7
7739 6
7740 4
7741 4
7742 5
7743 6
7744 7
7745 9
7746 9
7747 9
7748 7
7749 7
7750 7
7751 8
7752 8
7753 10
7754 10
7755 8
7756 7
7757 4
7758 4
7759 6
7760 5
7761 6
7762 6
7763 7
7764 7
7765 6
7766 3
7767 2
7768 2
7769 3
7770 1
7771 0
7772 3
7773 6
7774 6
7775 6
7776 4
7777 5
7778 6
7779 7
7780 8
7781 9
7782 11
7783 14
7784 14
7785 16
7786 13
7787 12
7788 13
7789 11
7790 12
7791 11
7792 11
7793 11
7794 10
7795 10
7796 10
7797 10
7798 9
7799 9
7800 11
7801 13
7802 13
7803 12
7804 11
7805 9
7806 8
7807 8
7808 7
7809 5
7810 5
7811 7
7812 6
7813 4
7814 5
7815 3
7816 6
7817 7
7818 4
7819 2
7820 3
7821 3
7822 1
7823 3
7824 2
7825 3
7826 2
7827 1
7828 2
7829 2
7830 4
7831 1
7832 4
7833 2
7834 2
7835 1
7836 2
7837 3
7838 2
7839 1
7840 3
7841 5
7842 5
7843 9
7844 8
7845 6
7846 8
7847 6
7848 9
7849 9
7850 8
7851 9
7852 8
7853 7
7854 6
7855 8
7856 6
7857 8
7858 7
7859 8
7860 6
7861 4
7862 4
7863 6
7864 7
7865 5
7866 7
7867 8
7868 6
7869 9
7870 10
7871 10
7872 9
7873 7
7874 10
7875 11
7876 10
7877 10
7878 9
7879 9
7880 8
7881 9
7882 7
7883 9
7884 9
7885 9
7886 10
7887 7
7888 6
7889 4
7890 4
7891 3
7892 5
7893 5
7894 4
7895 4
7896 2
7897 4
7898 3
7899 2
7900 2
7901 6
7902 4
7903 3
7904 3
7905 3
7906 4
7907 2
7908 3
7909 1
7910 1
7911 3
7912 4
7913 2
7914 3
7915 1
7916 4
7917 5
7918 4
7919 4
7920 3
7921 1
7922 3
7923 3
7924 2
7925 2
7926 0
7927 2
7928 2
7929 3
7930 2
7931 2
7932 3
7933 2
7934 1
7935 6
7936 7
7937 5
7938 6
7939 5
7940 7
7941 8
7942 8
7943 7
7944 8
7945 7
7946 6
7947 6
7948 4
7949 6
7950 8
7951 5
7952 5
7953 4
7954 6
7955 7
7956 8
7957 10
7958 12
7959 13
7960 14
7961 13
7962 12
7963 11
7964 10
7965 8
7966 9
7967 9
7968 7
7969 7
7970 5
7971 5
7972 6
7973 4
7974 2
7975 1
7976 1
7977 4
7978 5
7979 5
7980 5
7981 4
7982 5
7983 3
7984 1
7985 2
7986 5
7987 6
7988 5
7989 7
7990 7
7991 6
7992 6
7993 6
7994 4
7995 5
7996 4
7997 3
7998 4
7999 2
8000 2
8001 1
8002 4
8003 2
8004 1
8005 3
8006 3
8007 1
8008 4
8009 4
8010 4
8011 4
8012 7
8013 9
8014 8
8015 8
8016 6
8017 6
8018 6
8019 3
8020 2
8021 2
8022 3
8023 2
8024 2
8025 3
8026 3
8027 2
8028 3
8029 1
8030 3
8031 2
8032 3
8033 2
8034 1
8035 5
8036 5
8037 4
8038 2
8039 1
8040 4
8041 3
8042 2
8043 3
8044 2
8045 4
8046 4
8047 5
8048 3
8049 3
8050 3
8051 2
8052 4
8053 2
8054 2
8055 4
8056 3
8057 1
8058 1
8059 6
8060 7
8061 6
8062 5
8063 3
8064 3
8065 3
8066 2
8067 3
8068 2
8069 1
8070 4
8071 1
8072 5
8073 5
8074 4
8075 3
8076 3
8077 1
8078 5
8079 3
8080 3
8081 1
8082 1
8083 3
8084 4
8085 4
8086 5
8087 5
8088 5
8089 3
8090 4
8091 6
8092 5
8093 3
8094 4
8095 2
8096 4
8097 2
8098 1
8099 1
8100 6
8101 4
8102 3
8103 2
8104 3
8105 4
8106 3
8107 5
8108 4
8109 4
8110 4
8111 2
8112 2
8113 3
8114 1
8115 3
8116 0
8117 2
8118 1
8119 2
8120 1
8121 2
8122 1
8123 1
8124 2
8125 3
8126 3
8127 6
8128 6
8129 8
8130 8
8131 8
8132 6
8133 6
8134 4
8135 2
8136 1
8137 1
8138 2
8139 4
8140 5
8141 4
8142 3
8143 2
8144 5
8145 7
8146 6
8147 4
8148 4
8149 5
8150 3
8151 4
8152 4
8153 3
8154 3
8155 5
8156 6
8157 6
8158 6
8159 5
8160 7
8161 5
8162 3
8163 4
8164 3
8165 4
8166 4
8167 6
8168 7
8169 6
8170 5
8171 3
8172 1
8173 4
8174 3
8175 0
8176 0
8177 3
8178 2
8179 3
8180 3
8181 1
8182 5
8183 5
8184 7
8185 9
8186 8
8187 6
8188 6
8189 5
8190 6
8191 6
8192 9
8193 10
8194 11
8195 10
8196 10
8197 12
8198 12
8199 12
8200 12
8201 11
8202 9
8203 9
8204 8
8205 6
8206 5
8207 6
8208 5
8209 5
8210 2
8211 4
8212 5
8213 3
8214 3
8215 2
8216 1
8217 4
8218 3
8219 5
8220 3
8221 4
8222 3
8223 1
8224 1
8225 3
8226 3
8227 1
8228 4
8229 3
8230 6
8231 4
8232 4
8233 6
8234 5
8235 3
8236 3
8237 2
8238 4
8239 3
8240 2
8241 3
8242 3
8243 1
8244 3
8245 1
8246 2
8247 1
8248 1
8249 2
8250 8
8251 8
8252 11
8253 12
8254 13
8255 11
8256 12
8257 10
8258 9
8259 7
8260 7
8261 10
8262 9
8263 11
8264 13
8265 12
8266 10
8267 9
8268 7
8269 9
8270 11
8271 10
8272 9
8273 6
8274 7
8275 6
8276 7
8277 6
8278 4
8279 3
8280 2
8281 1
8282 5
8283 5
8284 5
8285 8
8286 9
8287 7
8288 7
8289 6
8290 5
8291 4
8292 1
8293 3
8294 4
8295 5
8296 2
8297 3
8298 3
8299 3
8300 2
8301 1
8302 2
8303 1
8304 0
8305 2
8306 1
8307 1
8308 3
8309 2
8310 4
8311 3
8312 5
8313 4
8314 1
8315 4
8316 4
8317 7
8318 6
8319 5
8320 6
8321 7
8322 8
8323 8
8324 7
8325 8
8326 10
8327 9
8328 8
8329 7
8330 7
8331 11
8332 10
8333 8
8334 7
8335 6
8336 4
8337 5
8338 6
8339 4
8340 4
8341 4
8342 4
8343 5
8344 3
8345 3
8346 3
8347 5
8348 4
8349 5
8350 5
8351 6
8352 6
8353 6
8354 8
8355 8
8356 9
8357 7
8358 7
8359 7
8360 9
8361 8
8362 7
8363 8
8364 8
8365 8
8366 7
8367 7
8368 10
8369 9
8370 8
8371 10
8372 9
8373 10
8374 13
8375 13
8376 12
8377 12
8378 12
8379 11
8380 11
8381 13
8382 12
8383 11
8384 8
8385 9
8386 9
8387 12
8388 12
8389 12
8390 11
8391 8
8392 7
8393 5
8394 6
8395 10
8396 12
8397 11
8398 10
8399 9
8400 10
8401 9
8402 9
8403 8
8404 7
8405 6
8406 7
8407 4
8408 5
8409 4
8410 4
8411 4
8412 2
8413 3
8414 4
8415 6
8416 5
8417 6
8418 6
8419 7
8420 6
8421 7
8422 7
8423 5
8424 5
8425 4
8426 6
8427 6
8428 4
8429 2
8430 4
8431 5
8432 4
8433 2
8434 0
8435 2
8436 3
8437 1
8438 2
8439 5
8440 6
8441 6
8442 5
8443 4
8444 3
8445 3
8446 1
8447 2
8448 3
8449 2
8450 5
8451 9
8452 10
8453 7
8454 5
8455 4
8456 4
8457 5
8458 4
8459 2
8460 1
8461 2
8462 1
8463 4
8464 4
8465 4
8466 2
8467 2
8468 2
8469 3
8470 3
8471 6
8472 5
8473 6
8474 7
8475 8
8476 7
8477 6
8478 6
8479 6
8480 3
8481 1
8482 3
8483 3
8484 5
8485 6
8486 7
8487 8
8488 8
8489 8
8490 9
8491 9
8492 9
8493 9
8494 8
8495 7
8496 6
8497 5
8498 5
8499 4
8500 3
8501 1
8502 2
8503 0
8504 4
8505 5
8506 6
8507 5
8508 6
8509 4
8510 4
8511 5
8512 3
8513 2
8514 3
8515 2
8516 3
8517 2
8518 4
8519 4
8520 6
8521 6
8522 6
8523 7
8524 8
8525 5
8526 6
8527 7
8528 4
8529 1
8530 2
8531 4
8532 5
8533 4
8534 3
8535 3
8536 1
8537 2
8538 6
8539 6
8540 8
8541 8
8542 6
8543 5
8544 5
8545 6
8546 5
8547 4
8548 3
8549 2
8550 3
8551 1
8552 3
8553 1
8554 3
8555 4
8556 2
8557 3
8558 4
8559 4
8560 4
8561 7
8562 6
8563 5
8564 5
8565 5
8566 2
8567 2
8568 2
8569 3
8570 2
8571 4
8572 4
8573 6
8574 6
8575 6
8576 4
8577 4
8578 1
8579 3
8580 2
8581 4
8582 3
8583 2
8584 3
8585 2
8586 2
8587 2
8588 2
8589 1
8590 5
8591 6
8592 5
8593 4
8594 8
8595 8
8596 8
8597 10
8598 10
8599 11
8600 10
8601 9
8602 8
8603 7
8604 7
8605 7
8606 9
8607 7
8608 5
8609 6
8610 4
8611 4
8612 2
8613 2
8614 2
8615 0
8616 2
8617 3
8618 3
8619 5
8620 4
8621 5
8622 6
8623 4
8624 4
8625 4
8626 3
8627 2
8628 2
8629 2
8630 3
8631 3
8632 4
8633 5
8634 3
8635 3
8636 3
8637 3
8638 1
8639 4
8640 3
8641 3
8642 3
8643 4
8644 5
8645 7
8646 6
8647 7
8648 5
8649 4
8650 4
8651 7
8652 7
8653 7
8654 7
8655 8
8656 8
8657 6
8658 7
8659 5
8660 4
8661 3
8662 0
8663 1
8664 4
8665 3
8666 5
8667 6
8668 7
8669 8
8670 7
8671 7
8672 9
8673 9
8674 8
8675 6
8676 5
8677 7
8678 7
8679 5
8680 5
8681 5
8682 6
8683 7
8684 6
8685 7
8686 6
8687 4
8688 2
8689 1
8690 3
8691 2
8692 4
8693 5
8694 6
8695 8
8696 6
8697 8
8698 7
8699 6
8700 6
8701 5
8702 7
8703 8
8704 10
8705 9
8706 10
8707 12
8708 10
8709 10
8710 11
8711 10
8712 10
8713 8
8714 7
8715 5
8716 3
8717 4
8718 3
8719 3
8720 2
8721 1
8722 4
8723 4
8724 6
8725 6
8726 6
8727 7
8728 6
8729 6
8730 6
8731 5
8732 6
8733 5
8734 4
8735 3
8736 3
8737 0
8738 2
8739 3
8740 2
8741 4
8742 4
8743 5
8744 7
8745 6
8746 5
8747 2
8748 3
8749 6
8750 6
8751 6
8752 6
8753 5
8754 3
8755 2
8756 2
8757 1
8758 4
8759 2
8760 4
8761 7
8762 8
8763 6
8764 5
8765 3
8766 2
8767 2
8768 1
8769 3
8770 4
8771 4
8772 7
8773 7
8774 8
8775 6
8776 7
8777 5
8778 9
8779 8
8780 7
8781 7
8782 6
8783 6
8784 9
8785 11
8786 9
8787 9
8788 10
8789 9
8790 7
8791 8
8792 9
8793 11
8794 12
8795 11
8796 11
8797 11
8798 12
8799 12
8800 12
8801 13
8802 14
8803 15
8804 12
8805 11
8806 11
8807 9
8808 8
8809 7
8810 8
8811 8
8812 7
8813 9
8814 11
8815 9
8816 7
8817 9
8818 10
8819 9
8820 10
8821 11
8822 12
8823 13
8824 12
8825 12
8826 12
8827 14
8828 14
8829 12
8830 13
8831 15
8832 12
8833 14
8834 15
8835 12
8836 14
8837 15
8838 12
8839 15
8840 12
8841 13
8842 13
8843 11
8844 13
8845 15
8846 12
8847 11
8848 10
8849 10
8850 7
8851 6
8852 7
8853 8
8854 10
8855 11
8856 13
8857 16
8858 13
8859 13
8860 12
8861 12
8862 9
8863 9
8864 10
8865 8
8866 7
8867 7
8868 8
8869 8
8870 7
8871 9
8872 11
8873 12
8874 14
8875 12
8876 11
8877 12
8878 13
8879 15
8880 12
8881 11
8882 13
8883 13
8884 15
8885 12
8886 12
8887 12
8888 15
8889 12
8890 10
8891 9
8892 11
8893 12
8894 11
8895 12
8896 13
8897 13
8898 10
8899 10
8900 8
8901 8
8902 10
8903 7
8904 6
8905 7
8906 7
8907 4
8908 3
8909 2
8910 1
8911 2
8912 4
8913 8
8914 8
8915 6
8916 5
8917 4
8918 2
8919 7
8920 6
8921 8
8922 8
8923 8
8924 6
8925 5
8926 4
8927 3
8928 5
8929 4
8930 3
8931 4
8932 3
8933 1
8934 2
8935 4
8936 6
8937 6
8938 6
8939 8
8940 6
8941 5
8942 3
8943 4
8944 6
8945 6
8946 8
8947 6
8948 3
8949 4
8950 2
8951 2
8952 2
8953 2
8954 4
8955 2
8956 1
8957 2
8958 2
8959 1
8960 0
8961 4
8962 5
8963 4
8964 5
8965 3
8966 1
8967 2
8968 2
8969 3
8970 3
8971 1
8972 3
8973 0
8974 1
8975 1
8976 2
8977 4
8978 3
8979 2
8980 6
8981 4
8982 2
8983 4
8984 5
8985 6
8986 6
8987 4
8988 4
8989 5
8990 6
8991 5
8992 4
8993 3
8994 3
8995 0
8996 4
8997 4
8998 3
8999 1
9000 2
9001 1
9002 4
9003 6
9004 7
9005 7
9006 8
9007 6
9008 5
9009 8
9010 7
9011 9
9012 11
9013 10
9014 8
9015 7
9016 7
9017 8
9018 9
9019 8
9020 8
9021 7
9022 7
9023 4
9024 3
9025 4
9026 3
9027 4
9028 2
9029 0
9030 4
9031 5
9032 4
9033 2
9034 3
9035 2
9036 4
9037 2
9038 4
9039 5
9040 5
9041 6
9042 8
9043 10
9044 9
9045 9
9046 8
9047 8
9048 5
9049 7
9050 7
9051 11
9052 9
9053 8
9054 9
9055 7
9056 6
9057 8
9058 10
9059 9
9060 12
9061 13
9062 12
9063 11
9064 13
9065 10
9066 10
9067 11
9068 11
9069 10
9070 9
9071 10
9072 13
9073 12
9074 11
9075 12
9076 10
9077 9
9078 10
9079 11
9080 9
9081 7
9082 6
9083 8
9084 6
9085 6
9086 6
9087 6
9088 5
9089 4
9090 3
9091 0
9092 3
9093 1
9094 2
9095 3
9096 5
9097 3
9098 3
9099 3
9100 2
9101 4
9102 2
9103 2
9104 3
9105 2
9106 2
9107 1
9108 4
9109 3
9110 7
9111 6
9112 6
9113 7
9114 5
9115 3
9116 1
9117 5
9118 6
9119 6
9120 6
9121 4
9122 5
9123 6
9124 6
9125 5
9126 4
9127 3
9128 2
9129 5
9130 6
9131 8
9132 10
9133 10
9134 8
9135 9
9136 6
9137 6
9138 4
9139 5
9140 3
9141 4
9142 3
9143 2
9144 2
9145 3
9146 3
9147 2
9148 2
9149 3
9150 1
9151 2
9152 4
9153 1
9154 5
9155 3
9156 2
9157 1
9158 4
9159 5
9160 5
9161 4
9162 4
9163 4
9164 5
9165 3
9166 2
9167 1
9168 4
9169 4
9170 6
9171 7
9172 5
9173 4
9174 5
9175 3
9176 1
9177 2
9178 0
9179 4
9180 2
9181 3
9182 1
9183 0
9184 2
9185 3
9186 4
9187 2
9188 1
9189 5
9190 6
9191 6
9192 4
9193 4
9194 5
9195 4
9196 3
9197 2
9198 4
9199 7
9200 7
9201 6
9202 3
9203 1
9204 2
9205 2
9206 4
9207 2
9208 2
9209 5
9210 3
9211 5
9212 4
9213 1
9214 5
9215 4
9216 2
9217 3
9218 3
9219 1
9220 3
9221 4
9222 3
9223 2
9224 2
9225 3
9226 3
9227 3
9228 3
9229 1
9230 5
9231 5
9232 5
9233 4
9234 4
9235 2
9236 1
9237 5
9238 4
9239 4
9240 3
9241 2
9242 3
9243 3
9244 4
9245 4
9246 1
9247 2
9248 3
9249 2
9250 4
9251 3
9252 4
9253 3
9254 5
9255 5
9256 8
9257 6
9258 6
9259 5
9260 8
9261 8
9262 7
9263 7
9264 7
9265 9
9266 6
9267 3
9268 3
9269 5
9270 4
9271 4
9272 5
9273 6
9274 5
9275 7
9276 6
9277 6
9278 6
9279 4
9280 4
9281 8
9282 8
9283 7
9284 5
9285 3
9286 3
9287 3
9288 3
9289 5
9290 5
9291 6
9292 4
9293 7
9294 8
9295 7
9296 7
9297 7
9298 5
9299 3
9300 2
9301 1
9302 1
9303 3
9304 2
9305 3
9306 4
9307 2
9308 5
9309 6
9310 6
9311 7
9312 8
9313 8
9314 6
9315 4
9316 3
9317 1
9318 4
9319 2
9320 5
9321 7
9322 6
9323 5
9324 5
9325 4
9326 5
9327 5
9328 4
9329 4
9330 5
9331 4
9332 3
9333 4
9334 5
9335 3
9336 3
9337 3
9338 6
9339 6
9340 8
9341 8
9342 8
9343 8
9344 7
9345 6
9346 5
9347 4
9348 3
9349 3
9350 2
9351 4
9352 5
9353 3
9354 3
9355 4
9356 2
9357 2
9358 3
9359 2
9360 1
9361 0
9362 2
9363 5
9364 8
9365 11
9366 11
9367 11
9368 10
9369 12
9370 10
9371 12
9372 10
9373 12
9374 9
9375 8
9376 7
9377 7
9378 7
9379 7
9380 10
9381 11
9382 9
9383 10
9384 9
9385 11
9386 12
9387 12
9388 10
9389 9
9390 9
9391 10
9392 10
9393 11
9394 10
9395 10
9396 10
9397 8
9398 6
9399 4
9400 2
9401 5
9402 3
9403 3
9404 6
9405 10
9406 10
9407 11
9408 11
9409 11
9410 12
9411 12
9412 12
9413 10
9414 9
9415 8
9416 9
9417 7
9418 6
9419 3
9420 1
9421 3
9422 3
9423 3
9424 2
9425 1
9426 3
9427 3
9428 4
9429 2
9430 2
9431 1
9432 3
9433 3
9434 3
9435 1
9436 2
9437 4
9438 4
9439 5
9440 6
9441 8
9442 7
9443 6
9444 5
9445 4
9446 3
9447 0
9448 2
9449 4
9450 4
9451 3
9452 2
9453 6
9454 6
9455 5
9456 8
9457 10
9458 10
9459 11
9460 9
9461 7
9462 8
9463 10
9464 11
9465 9
9466 9
9467 11
9468 11
9469 10
9470 9
9471 7
9472 6
9473 5
9474 5
9475 6
9476 6
9477 6
9478 6
9479 7
9480 7
9481 6
9482 7
9483 6
9484 4
9485 3
9486 3
9487 2
9488 5
9489 5
9490 4
9491 3
9492 4
9493 6
9494 4
9495 3
9496 1
9497 3
9498 4
9499 3
9500 1
9501 2
9502 6
9503 4
9504 4
9505 2
9506 2
9507 4
9508 5
9509 2
9510 5
9511 3
9512 3
9513 4
9514 4
9515 3
9516 3
9517 5
9518 5
9519 6
9520 6
9521 7
9522 5
9523 5
9524 5
9525 5
9526 2
9527 5
9528 5
9529 7
9530 7
9531 7
9532 6
9533 7
9534 6
9535 6
9536 5
9537 8
9538 7
9539 6
9540 5
9541 7
9542 5
9543 4
9544 6
9545 8
9546 8
9547 9
9548 9
9549 9
9550 8
9551 6
9552 7
9553 8
9554 10
9555 13
9556 14
9557 12
9558 11
9559 12
9560 11
9561 11
9562 13
9563 13
9564 15
9565 12
9566 10
9567 11
9568 12
9569 13
9570 13
9571 14
9572 14
9573 14
9574 14
9575 14
9576 16
9577 13
9578 11
9579 10
9580 10
9581 8
9582 9
9583 8
9584 8
9585 9
9586 8
9587 8
9588 8
9589 7
9590 7
9591 7
9592 7
9593 9
9594 12
9595 9
9596 8
9597 11
9598 12
9599 11
9600 10
9601 11
9602 11
9603 11
9604 9
9605 11
9606 10
9607 9
9608 9
9609 10
9610 13
9611 10
9612 7
9613 7
9614 7
9615 9
9616 9
9617 8
9618 9
9619 7
9620 8
9621 8
9622 8
9623 11
9624 9
9625 11
9626 10
9627 9
9628 10
9629 10
9630 11
9631 9
9632 8
9633 7
9634 8
9635 9
9636 8
9637 9
9638 9
9639 9
9640 9
9641 8
9642 6
9643 6
9644 6
9645 6
9646 4
9647 4
9648 6
9649 6
9650 5
9651 5
9652 4
9653 1
9654 4
9655 4
9656 2
9657 2
9658 2
9659 3
9660 4
9661 3
9662 2
9663 3
9664 6
9665 8
9666 9
9667 9
9668 11
9669 10
9670 9
9671 11
9672 12
9673 11
9674 10
9675 11
9676 11
9677 13
9678 14
9679 14
9680 14
9681 15
9682 12
9683 11
9684 11
9685 13
9686 12
9687 13
9688 13
9689 13
9690 11
9691 10
9692 10
9693 11
9694 12
9695 14
9696 12
9697 14
9698 17
9699 14
9700 14
9701 13
9702 14
9703 13
9704 13
9705 11
9706 12
9707 11
9708 10
9709 9
9710 9
9711 10
9712 8
9713 7
9714 8
9715 8
9716 7
9717 8
9718 10
9719 12
9720 10
9721 10
9722 10
9723 8
9724 5
9725 2
9726 4
9727 5
9728 5
9729 2
9730 1
9731 3
9732 4
9733 2
9734 4
9735 4
9736 4
9737 4
9738 4
9739 3
9740 1
9741 5
9742 7
9743 7
9744 6
9745 8
9746 7
9747 5
9748 6
9749 5
9750 9
9751 7
9752 8
9753 9
9754 9
9755 7
9756 7
9757 7
9758 4
9759 6
9760 4
9761 4
9762 4
9763 4
9764 3
9765 3
9766 1
9767 1
9768 3
9769 1
9770 2
9771 2
9772 1
9773 2
9774 2
9775 3
9776 5
9777 3
9778 4
9779 5
9780 3
9781 2
9782 1
9783 2
9784 3
9785 1
9786 4
9787 3
9788 3
9789 2
9790 7
9791 7
9792 5
9793 5
9794 3
9795 3
9796 1
9797 1
9798 4
9799 3
9800 4
9801 6
9802 5
9803 5
9804 2
9805 5
9806 6
9807 7
9808 5
9809 5
9810 5
9811 5
9812 6
9813 6
9814 5
9815 2
9816 4
9817 3
9818 5
9819 2
9820 2
9821 5
9822 6
9823 6
9824 7
9825 7
9826 5
9827 7
9828 5
9829 2
9830 0
9831 4
9832 3
9833 2
9834 3
9835 5
9836 2
9837 2
9838 5
9839 5
9840 3
9841 1
9842 2
9843 3
9844 2
9845 4
9846 6
9847 6
9848 4
9849 4
9850 4
9851 3
9852 4
9853 4
9854 2
9855 1
9856 5
9857 4
9858 3
9859 3
9860 3
9861 3
9862 5
9863 6
9864 7
9865 6
9866 4
9867 5
9868 3
9869 1
9870 4
9871 3
9872 2
9873 2
9874 2
9875 1
9876 4
9877 5
9878 7
9879 7
9880 5
9881 5
9882 3
9883 1
9884 3
9885 4
9886 4
9887 5
9888 5
9889 3
9890 4
9891 3
9892 3
9893 1
9894 4
9895 3
9896 6
9897 6
9898 5
9899 5
9900 4
9901 3
9902 3
9903 0
9904 4
9905 8
9906 8
9907 6
9908 6
9909 4
9910 4
9911 5
9912 3
9913 4
9914 5
9915 4
9916 5
9917 6
9918 6
9919 6
9920 9
9921 8
9922 7
9923 9
9924 11
9925 10
9926 9
9927 10
9928 10
9929 11
9930 10
9931 10
9932 8
9933 7
9934 6
9935 3
9936 2
9937 2
9938 3
9939 1
9940 1
9941 4
9942 1
9943 1
9944 2
9945 2
9946 3
9947 4
9948 3
9949 3
9950 2
9951 5
9952 7
9953 5
9954 9
9955 11
9956 15
9957 12
9958 9
9959 10
9960 11
9961 12
9962 12
9963 11
9964 9
9965 10
9966 11
9967 12
9968 10
9969 9
9970 6
9971 5
9972 4
9973 4
9974 4
9975 4
9976 6
9977 7
9978 8
9979 10
9980 12
9981 9
9982 8
9983 7
9984 9
9985 7
9986 7
9987 7
9988 6
9989 4
9990 2
9991 2
9992 2
9993 5
9994 7
9995 6
9996 5
9997 4
9998 3
9999 1
