0 3
1 4
2 4
3 3
4 1
5 6
6 5
7 5
8 3
9 5
10 3
11 2
12 3
13 2
14 3
15 3
16 3
17 3
18 1
19 2
20 1
21 2
22 2
23 2
24 1
25 0
26 1
27 2
28 2
29 1
30 1
31 0
32 1
33 1
34 0
35 1
36 2
37 2
38 3
39 4
40 3
41 2
42 1
43 2
44 0
45 1
46 4
47 3
48 1
49 0
50 4
51 1
52 1
53 2
54 3
55 2
56 0
57 2
58 2
59 1
60 1
61 1
62 2
63 3
64 0
65 4
66 2
67 5
68 3
69 0
70 4
71 2
72 2
73 1
74 2
75 4
76 4
77 2
78 5
79 4
80 3
81 2
82 1
83 1
84 1
85 2
86 2
87 1
88 4
89 4
90 4
91 4
92 3
93 1
94 2
95 3
96 2
97 3
98 4
99 2
100 1
101 1
102 0
103 2
104 1
105 4
106 1
107 1
108 1
109 1
110 0
111 3
112 1
113 0
114 2
115 2
116 1
117 5
118 2
119 4
120 2
121 4
122 1
123 2
124 1
125 1
126 5
127 5
128 4
129 3
130 0
131 4
132 3
133 1
134 1
135 3
136 2
137 2
138 3
139 2
140 2
141 3
142 3
143 1
144 1
145 2
146 3
147 0
148 3
149 1
150 1
151 0
152 3
153 2
154 1
155 2
156 2
157 2
158 1
159 0
160 0
161 1
162 0
163 3
164 3
165 3
166 3
167 0
168 1
169 1
170 3
171 2
172 3
173 0
174 1
175 2
176 1
177 2
178 0
179 3
180 2
181 2
182 2
183 3
184 2
185 0
186 2
187 3
188 1
189 1
190 3
191 2
192 0
193 3
194 0
195 2
196 0
197 1
198 2
199 1
200 0
201 2
202 0
203 1
204 0
205 3
206 1
207 3
208 3
209 2
210 2
211 1
212 5
213 5
214 2
215 1
216 2
217 1
218 1
219 1
220 2
221 1
222 4
223 2
224 0
225 3
226 5
227 2
228 3
229 3
230 1
231 3
232 4
233 4
234 4
235 3
236 4
237 3
238 3
239 1
240 1
241 4
242 2
243 2
244 3
245 1
246 3
247 1
248 2
249 1
250 1
251 4
252 2
253 2
254 3
255 1
256 3
257 1
258 2
259 4
260 3
261 4
262 1
263 3
264 2
265 3
266 1
267 1
268 2
269 1
270 3
271 3
272 3
273 5
274 3
275 3
276 2
277 2
278 4
279 3
280 2
281 3
282 2
283 2
284 2
285 2
286 0
287 1
288 3
289 2
290 1
291 0
292 2
293 0
294 2
295 3
296 4
297 1
298 2
299 1
300 3
301 2
302 0
303 1
304 4
305 4
306 1
307 1
308 1
309 3
310 4
311 3
312 6
313 5
314 3
315 2
316 3
317 3
318 4
319 3
320 0
321 1
322 3
323 0
324 1
325 5
326 2
327 2
328 2
329 1
330 3
331 1
332 0
333 2
334 2
335 3
336 1
337 1
338 2
339 2
340 1
341 0
342 1
343 2
344 0
345 3
346 2
347 1
348 1
349 0
350 2
351 2
352 0
353 1
354 1
355 0
356 5
357 2
358 3
359 1
360 4
361 3
362 1
363 2
364 3
365 2
366 4
367 3
368 2
369 3
370 2
371 3
372 2
373 3
374 2
375 3
376 2
377 3
378 6
379 4
380 1
381 2
382 1
383 0
384 3
385 1
386 3
387 4
388 3
389 0
390 3
391 2
392 2
393 1
394 1
395 2
396 1
397 4
398 3
399 1
400 4
401 3
402 2
403 1
404 1
405 2
406 2
407 1
408 2
409 2
410 1
411 1
412 2
413 2
414 2
415 2
416 2
417 2
418 2
419 1
420 4
421 3
422 6
423 4
424 5
425 3
426 2
427 0
428 3
429 5
430 2
431 0
432 5
433 4
434 4
435 4
436 2
437 1
438 2
439 2
440 3
441 0
442 0
443 0
444 2
445 4
446 4
447 2
448 4
449 3
450 1
451 0
452 1
453 1
454 2
455 1
456 1
457 3
458 1
459 4
460 1
461 1
462 1
463 2
464 2
465 2
466 3
467 1
468 4
469 3
470 3
471 1
472 5
473 4
474 3
475 1
476 4
477 6
478 4
479 5
480 4
481 2
482 4
483 2
484 5
485 3
486 0
487 2
488 2
489 2
490 1
491 3
492 2
493 1
494 1
495 1
496 1
497 3
498 0
499 2
500 1
501 0
502 2
503 3
504 0
505 2
506 0
507 1
508 0
509 3
510 1
511 0
512 0
513 2
514 2
515 3
516 3
517 3
518 2
519 3
520 1
521 1
522 2
523 2
524 2
525 2
526 3
527 2
528 0
529 1
530 1
531 2
532 2
533 0
534 0
535 1
536 1
537 3
538 3
539 1
540 0
541 2
542 0
543 1
544 2
545 3
546 2
547 1
548 0
549 2
550 2
551 1
552 0
553 2
554 1
555 2
556 0
557 4
558 2
559 1
560 0
561 4
562 3
563 2
564 0
565 4
566 3
567 0
568 2
569 0
570 4
571 2
572 3
573 2
574 2
575 3
576 2
577 3
578 2
579 1
580 0
581 0
582 1
583 1
584 1
585 0
586 2
587 1
588 2
589 3
590 0
591 3
592 2
593 1
594 2
595 2
596 3
597 0
598 1
599 1
600 2
601 2
602 2
603 2
604 1
605 0
606 2
607 2
608 1
609 0
610 2
611 1
612 1
613 2
614 0
615 1
616 1
617 3
618 3
619 1
620 2
621 5
622 3
623 1
624 3
625 0
626 2
627 1
628 2
629 3
630 2
631 0
632 3
633 2
634 4
635 2
636 3
637 1
638 2
639 3
640 2
641 1
642 0
643 1
644 2
645 2
646 2
647 2
648 3
649 2
650 4
651 5
652 3
653 2
654 2
655 3
656 0
657 1
658 2
659 2
660 3
661 2
662 1
663 3
664 4
665 2
666 2
667 2
668 0
669 3
670 0
671 2
672 0
673 3
674 1
675 2
676 3
677 2
678 0
679 4
680 3
681 1
682 4
683 3
684 2
685 3
686 1
687 2
688 1
689 2
690 3
691 0
692 2
693 3
694 3
695 0
696 1
697 5
698 4
699 3
700 2
701 0
702 2
703 2
704 2
705 1
706 1
707 0
708 3
709 2
710 0
711 5
712 4
713 1
714 1
715 1
716 1
717 2
718 0
719 0
720 2
721 1
722 0
723 1
724 3
725 0
726 2
727 1
728 3
729 1
730 2
731 0
732 1
733 1
734 2
735 2
736 1
737 3
738 1
739 0
740 2
741 1
742 1
743 3
744 0
745 0
746 2
747 1
748 2
749 2
750 1
751 3
752 3
753 3
754 1
755 1
756 1
757 4
758 3
759 2
760 2
761 1
762 4
763 2
764 0
765 4
766 2
767 3
768 0
769 1
770 3
771 1
772 3
773 2
774 1
775 0
776 2
777 2
778 0
779 4
780 3
781 3
782 2
783 1
784 1
785 1
786 1
787 3
788 2
789 3
790 0
791 2
792 4
793 4
794 4
795 3
796 3
797 4
798 2
799 1
800 2
801 1
802 1
803 3
804 2
805 2
806 5
807 7
808 5
809 4
810 1
811 2
812 2
813 3
814 0
815 2
816 1
817 2
818 0
819 1
820 1
821 4
822 3
823 3
824 3
825 3
826 2
827 1
828 1
829 0
830 2
831 1
832 1
833 2
834 3
835 1
836 3
837 1
838 1
839 1
840 3
841 1
842 3
843 1
844 1
845 1
846 1
847 2
848 4
849 2
850 1
851 0
852 3
853 1
854 1
855 1
856 2
857 1
858 0
859 2
860 4
861 3
862 2
863 0
864 0
865 2
866 1
867 1
868 5
869 3
870 1
871 2
872 1
873 0
874 4
875 2
876 2
877 1
878 1
879 3
880 1
881 2
882 4
883 2
884 2
885 1
886 1
887 0
888 3
889 4
890 3
891 0
892 3
893 4
894 4
895 1
896 0
897 0
898 3
899 3
900 3
901 1
902 1
903 1
904 2
905 4
906 4
907 3
908 3
909 2
910 2
911 1
912 1
913 2
914 2
915 1
916 0
917 2
918 0
919 2
920 0
921 2
922 2
923 2
924 4
925 4
926 2
927 0
928 1
929 0
930 3
931 1
932 2
933 2
934 2
935 1
936 1
937 1
938 2
939 1
940 3
941 1
942 1
943 2
944 2
945 3
946 2
947 1
948 2
949 1
950 6
951 5
952 3
953 3
954 3
955 2
956 3
957 4
958 4
959 2
960 0
961 3
962 4
963 5
964 4
965 1
966 1
967 4
968 3
969 4
970 3
971 0
972 0
973 2
974 2
975 3
976 3
977 0
978 3
979 1
980 1
981 3
982 4
983 1
984 2
985 3
986 0
987 3
988 0
989 2
990 2
991 2
992 1
993 1
994 0
995 1
996 1
997 1
998 2
999 0
1000 2
1001 2
1002 3
1003 3
1004 2
1005 3
1006 1
1007 0
1008 2
1009 0
1010 2
1011 4
1012 3
1013 2
1014 2
1015 1
1016 2
1017 3
1018 3
1019 3
1020 1
1021 1
1022 1
1023 0
1024 1
1025 0
1026 2
1027 2
1028 4
1029 3
1030 3
1031 1
1032 4
1033 2
1034 1
1035 0
1036 3
1037 3
1038 4
1039 2
1040 1
1041 4
1042 3
1043 1
1044 4
1045 2
1046 2
1047 1
1048 1
1049 2
1050 2
1051 2
1052 1
1053 4
1054 2
1055 1
1056 2
1057 2
1058 3
1059 0
1060 4
1061 2
1062 2
1063 1
1064 1
1065 1
1066 5
1067 5
1068 5
1069 4
1070 2
1071 4
1072 1
1073 1
1074 1
1075 4
1076 3
1077 1
1078 3
1079 4
1080 3
1081 1
1082 2
1083 3
1084 1
1085 3
1086 1
1087 2
1088 5
1089 7
1090 5
1091 2
1092 2
1093 3
1094 3
1095 1
1096 2
1097 1
1098 0
1099 1
1100 3
1101 2
1102 4
1103 4
1104 4
1105 2
1106 2
1107 2
1108 3
1109 4
1110 5
1111 5
1112 2
1113 1
1114 1
1115 0
1116 2
1117 2
1118 1
1119 0
1120 0
1121 3
1122 2
1123 1
1124 4
1125 2
1126 3
1127 1
1128 2
1129 2
1130 2
1131 5
1132 3
1133 2
1134 1
1135 1
1136 2
1137 3
1138 2
1139 4
1140 2
1141 5
1142 5
1143 2
1144 1
1145 1
1146 3
1147 2
1148 1
1149 2
1150 3
1151 3
1152 3
1153 3
1154 6
1155 4
1156 1
1157 3
1158 2
1159 4
1160 3
1161 5
1162 5
1163 5
1164 4
1165 4
1166 2
1167 0
1168 1
1169 0
1170 1
1171 1
1172 0
1173 5
1174 3
1175 3
1176 3
1177 4
1178 5
1179 4
1180 3
1181 5
1182 5
1183 2
1184 1
1185 2
1186 3
1187 2
1188 4
1189 4
1190 4
1191 5
1192 6
1193 7
1194 9
1195 8
1196 9
1197 9
1198 7
1199 6
1200 3
1201 2
1202 2
1203 2
1204 4
1205 2
1206 0
1207 4
1208 1
1209 3
1210 1
1211 4
1212 2
1213 4
1214 3
1215 0
1216 2
1217 1
1218 3
1219 2
1220 2
1221 2
1222 2
1223 0
1224 2
1225 2
1226 0
1227 1
1228 4
1229 1
1230 2
1231 4
1232 1
1233 1
1234 1
1235 1
1236 0
1237 2
1238 3
1239 1
1240 1
1241 2
1242 2
1243 0
1244 1
1245 3
1246 0
1247 3
1248 2
1249 4
1250 3
1251 0
1252 3
1253 3
1254 0
1255 4
1256 2
1257 2
1258 0
1259 3
1260 1
1261 4
1262 4
1263 3
1264 1
1265 2
1266 2
1267 0
1268 0
1269 5
1270 3
1271 3
1272 3
1273 3
1274 1
1275 1
1276 2
1277 2
1278 1
1279 2
1280 2
1281 1
1282 0
1283 3
1284 1
1285 2
1286 1
1287 5
1288 4
1289 3
1290 2
1291 1
1292 3
1293 1
1294 1
1295 2
1296 0
1297 1
1298 2
1299 1
1300 4
1301 1
1302 0
1303 2
1304 3
1305 1
1306 2
1307 2
1308 2
1309 1
1310 2
1311 4
1312 2
1313 0
1314 2
1315 0
1316 2
1317 4
1318 1
1319 0
1320 3
1321 0
1322 4
1323 4
1324 4
1325 2
1326 1
1327 3
1328 1
1329 1
1330 2
1331 4
1332 4
1333 2
1334 0
1335 0
1336 0
1337 1
1338 1
1339 1
1340 1
1341 2
1342 1
1343 0
1344 2
1345 5
1346 5
1347 6
1348 5
1349 2
1350 0
1351 0
1352 5
1353 3
1354 0
1355 4
1356 1
1357 2
1358 3
1359 2
1360 0
1361 4
1362 4
1363 1
1364 2
1365 1
1366 1
1367 4
1368 5
1369 6
1370 4
1371 3
1372 3
1373 1
1374 2
1375 2
1376 2
1377 3
1378 2
1379 1
1380 1
1381 0
1382 4
1383 2
1384 2
1385 2
1386 1
1387 3
1388 4
1389 4
1390 3
1391 3
1392 0
1393 2
1394 2
1395 3
1396 6
1397 3
1398 4
1399 3
1400 3
1401 2
1402 1
1403 2
1404 3
1405 1
1406 4
1407 3
1408 5
1409 6
1410 7
1411 6
1412 4
1413 1
1414 1
1415 1
1416 1
1417 3
1418 2
1419 2
1420 0
1421 1
1422 3
1423 1
1424 1
1425 0
1426 3
1427 2
1428 1
1429 3
1430 1
1431 2
1432 0
1433 3
1434 2
1435 2
1436 3
1437 3
1438 2
1439 1
1440 2
1441 1
1442 1
1443 1
1444 4
1445 1
1446 3
1447 1
1448 1
1449 2
1450 3
1451 4
1452 4
1453 4
1454 8
1455 6
1456 5
1457 2
1458 1
1459 2
1460 0
1461 0
1462 2
1463 0
1464 1
1465 3
1466 1
1467 0
1468 4
1469 2
1470 1
1471 2
1472 1
1473 2
1474 3
1475 2
1476 0
1477 1
1478 1
1479 1
1480 4
1481 3
1482 2
1483 1
1484 2
1485 2
1486 1
1487 3
1488 1
1489 0
1490 0
1491 1
1492 2
1493 2
1494 0
1495 1
1496 2
1497 0
1498 1
1499 4
1500 5
1501 2
1502 1
1503 2
1504 1
1505 1
1506 3
1507 5
1508 5
1509 3
1510 0
1511 2
1512 3
1513 0
1514 1
1515 3
1516 3
1517 1
1518 1
1519 2
1520 2
1521 3
1522 3
1523 1
1524 3
1525 1
1526 2
1527 1
1528 3
1529 1
1530 2
1531 1
1532 1
1533 3
1534 1
1535 4
1536 4
1537 2
1538 1
1539 2
1540 0
1541 1
1542 3
1543 3
1544 3
1545 2
1546 2
1547 2
1548 0
1549 0
1550 1
1551 1
1552 3
1553 1
1554 1
1555 1
1556 1
1557 3
1558 4
1559 3
1560 1
1561 3
1562 1
1563 2
1564 2
1565 2
1566 4
1567 3
1568 1
1569 1
1570 2
1571 1
1572 2
1573 4
1574 2
1575 1
1576 1
1577 1
1578 0
1579 2
1580 2
1581 3
1582 2
1583 2
1584 3
1585 1
1586 3
1587 1
1588 1
1589 2
1590 3
1591 4
1592 1
1593 1
1594 1
1595 2
1596 0
1597 3
1598 1
1599 2
1600 4
1601 2
1602 3
1603 3
1604 2
1605 2
1606 0
1607 1
1608 2
1609 3
1610 0
1611 0
1612 0
1613 5
1614 2
1615 1
1616 2
1617 5
1618 5
1619 4
1620 1
1621 0
1622 3
1623 3
1624 4
1625 3
1626 2
1627 3
1628 5
1629 6
1630 7
1631 5
1632 5
1633 4
1634 4
1635 6
1636 5
1637 5
1638 4
1639 2
1640 1
1641 2
1642 4
1643 5
1644 3
1645 2
1646 4
1647 2
1648 1
1649 3
1650 5
1651 6
1652 5
1653 7
1654 6
1655 6
1656 7
1657 6
1658 5
1659 5
1660 3
1661 3
1662 4
1663 6
1664 5
1665 2
1666 2
1667 1
1668 4
1669 3
1670 2
1671 1
1672 5
1673 3
1674 2
1675 1
1676 0
1677 5
1678 4
1679 2
1680 1
1681 3
1682 4
1683 2
1684 1
1685 0
1686 3
1687 2
1688 3
1689 4
1690 5
1691 3
1692 5
1693 3
1694 1
1695 2
1696 2
1697 3
1698 3
1699 1
1700 3
1701 3
1702 3
1703 1
1704 0
1705 2
1706 1
1707 1
1708 1
1709 3
1710 0
1711 2
1712 3
1713 2
1714 3
1715 0
1716 3
1717 2
1718 2
1719 1
1720 2
1721 3
1722 1
1723 3
1724 1
1725 3
1726 2
1727 1
1728 0
1729 0
1730 1
1731 0
1732 2
1733 3
1734 1
1735 2
1736 0
1737 2
1738 1
1739 5
1740 3
1741 4
1742 2
1743 0
1744 1
1745 1
1746 1
1747 1
1748 2
1749 4
1750 3
1751 2
1752 1
1753 3
1754 2
1755 2
1756 0
1757 3
1758 0
1759 1
1760 3
1761 3
1762 2
1763 4
1764 1
1765 2
1766 2
1767 2
1768 0
1769 2
1770 2
1771 3
1772 5
1773 2
1774 0
1775 3
1776 2
1777 4
1778 1
1779 4
1780 2
1781 2
1782 4
1783 2
1784 6
1785 4
1786 2
1787 0
1788 0
1789 0
1790 2
1791 2
1792 2
1793 3
1794 1
1795 1
1796 2
1797 2
1798 3
1799 3
1800 1
1801 0
1802 3
1803 3
1804 5
1805 3
1806 1
1807 1
1808 4
1809 1
1810 2
1811 1
1812 2
1813 5
1814 3
1815 3
1816 4
1817 2
1818 0
1819 1
1820 1
1821 2
1822 1
1823 2
1824 2
1825 0
1826 2
1827 3
1828 1
1829 1
1830 3
1831 1
1832 1
1833 1
1834 1
1835 3
1836 3
1837 4
1838 3
1839 3
1840 0
1841 0
1842 2
1843 2
1844 2
1845 1
1846 2
1847 2
1848 2
1849 2
1850 0
1851 1
1852 5
1853 2
1854 0
1855 2
1856 4
1857 4
1858 2
1859 2
1860 2
1861 5
1862 4
1863 4
1864 4
1865 4
1866 2
1867 3
1868 2
1869 0
1870 4
1871 1
1872 3
1873 2
1874 1
1875 0
1876 3
1877 2
1878 1
1879 4
1880 3
1881 2
1882 3
1883 4
1884 5
1885 5
1886 3
1887 2
1888 1
1889 0
1890 2
1891 2
1892 3
1893 3
1894 2
1895 1
1896 2
1897 0
1898 1
1899 1
1900 2
1901 2
1902 0
1903 2
1904 3
1905 1
1906 5
1907 3
1908 0
1909 1
1910 1
1911 1
1912 1
1913 3
1914 1
1915 1
1916 1
1917 1
1918 5
1919 2
1920 4
1921 4
1922 3
1923 1
1924 2
1925 2
1926 2
1927 1
1928 0
1929 5
1930 4
1931 2
1932 1
1933 1
1934 2
1935 3
1936 0
1937 1
1938 1
1939 4
1940 2
1941 1
1942 1
1943 1
1944 4
1945 3
1946 0
1947 2
1948 3
1949 1
1950 1
1951 2
1952 5
1953 4
1954 4
1955 4
1956 5
1957 3
1958 2
1959 3
1960 0
1961 1
1962 2
1963 2
1964 0
1965 4
1966 6
1967 6
1968 5
1969 4
1970 5
1971 3
1972 6
1973 6
1974 6
1975 4
1976 5
1977 2
1978 6
1979 6
1980 4
1981 6
1982 8
1983 5
1984 5
1985 5
1986 3
1987 2
1988 2
1989 3
1990 1
1991 6
1992 5
1993 6
1994 3
1995 2
1996 1
1997 4
1998 5
1999 3
2000 2
2001 2
2002 3
2003 2
2004 2
2005 4
2006 1
2007 3
2008 0
2009 3
2010 0
2011 5
2012 5
2013 3
2014 2
2015 1
2016 1
2017 2
2018 0
2019 1
2020 0
2021 1
2022 2
2023 1
2024 2
2025 2
2026 2
2027 2
2028 2
2029 2
2030 0
2031 1
2032 3
2033 1
2034 2
2035 2
2036 1
2037 3
2038 3
2039 3
2040 2
2041 3
2042 1
2043 4
2044 3
2045 4
2046 1
2047 1
2048 4
2049 2
2050 0
2051 2
2052 3
2053 4
2054 3
2055 2
2056 1
2057 3
2058 1
2059 2
2060 2
2061 1
2062 2
2063 2
2064 4
2065 4
2066 1
2067 3
2068 2
2069 3
2070 3
2071 1
2072 1
2073 2
2074 2
2075 0
2076 1
2077 2
2078 1
2079 1
2080 2
2081 1
2082 1
2083 3
2084 1
2085 1
2086 0
2087 1
2088 2
2089 4
2090 1
2091 3
2092 1
2093 1
2094 2
2095 3
2096 1
2097 2
2098 1
2099 1
2100 1
2101 4
2102 5
2103 3
2104 1
2105 1
2106 3
2107 2
2108 2
2109 1
2110 3
2111 2
2112 4
2113 1
2114 1
2115 1
2116 1
2117 2
2118 2
2119 2
2120 1
2121 1
2122 1
2123 3
2124 2
2125 2
2126 3
2127 4
2128 5
2129 5
2130 5
2131 4
2132 4
2133 2
2134 1
2135 1
2136 2
2137 3
2138 0
2139 4
2140 2
2141 1
2142 0
2143 2
2144 1
2145 1
2146 3
2147 0
2148 1
2149 2
2150 1
2151 3
2152 1
2153 2
2154 3
2155 1
2156 3
2157 0
2158 0
2159 3
2160 1
2161 1
2162 2
2163 2
2164 3
2165 2
2166 4
2167 1
2168 2
2169 2
2170 1
2171 4
2172 3
2173 1
2174 3
2175 2
2176 2
2177 2
2178 2
2179 2
2180 2
2181 4
2182 4
2183 4
2184 2
2185 2
2186 3
2187 3
2188 2
2189 3
2190 2
2191 3
2192 3
2193 7
2194 7
2195 5
2196 2
2197 2
2198 2
2199 1
2200 1
2201 1
2202 3
2203 1
2204 1
2205 1
2206 0
2207 4
2208 2
2209 2
2210 0
2211 1
2212 0
2213 3
2214 1
2215 0
2216 2
2217 1
2218 4
2219 3
2220 2
2221 2
2222 0
2223 2
2224 3
2225 1
2226 1
2227 2
2228 2
2229 3
2230 1
2231 2
2232 0
2233 6
2234 6
2235 3
2236 2
2237 1
2238 3
2239 1
2240 1
2241 1
2242 4
2243 3
2244 4
2245 6
2246 6
2247 7
2248 6
2249 7
2250 7
2251 6
2252 4
2253 1
2254 1
2255 4
2256 2
2257 0
2258 0
2259 1
2260 2
2261 3
2262 3
2263 3
2264 1
2265 0
2266 3
2267 2
2268 3
2269 1
2270 2
2271 6
2272 5
2273 6
2274 5
2275 3
2276 3
2277 1
2278 0
2279 3
2280 0
2281 4
2282 3
2283 1
2284 0
2285 0
2286 2
2287 5
2288 5
2289 5
2290 4
2291 4
2292 3
2293 3
2294 5
2295 2
2296 3
2297 0
2298 2
2299 4
2300 1
2301 3
2302 1
2303 2
2304 3
2305 4
2306 2
2307 3
2308 0
2309 1
2310 3
2311 3
2312 2
2313 3
2314 3
2315 2
2316 2
2317 2
2318 4
2319 2
2320 3
2321 2
2322 2
2323 5
2324 6
2325 7
2326 4
2327 5
2328 5
2329 6
2330 5
2331 8
2332 6
2333 5
2334 3
2335 3
2336 0
2337 2
2338 2
2339 1
2340 4
2341 4
2342 3
2343 5
2344 5
2345 3
2346 2
2347 1
2348 2
2349 4
2350 4
2351 2
2352 2
2353 2
2354 2
2355 1
2356 3
2357 2
2358 1
2359 0
2360 0
2361 4
2362 2
2363 0
2364 1
2365 0
2366 4
2367 4
2368 3
2369 3
2370 6
2371 6
2372 5
2373 4
2374 2
2375 1
2376 1
2377 1
2378 1
2379 1
2380 1
2381 2
2382 2
2383 2
2384 4
2385 2
2386 2
2387 2
2388 1
2389 1
2390 2
2391 3
2392 3
2393 0
2394 4
2395 1
2396 0
2397 1
2398 3
2399 1
2400 1
2401 2
2402 0
2403 2
2404 1
2405 3
2406 5
2407 3
2408 2
2409 4
2410 3
2411 2
2412 3
2413 1
2414 0
2415 4
2416 1
2417 2
2418 4
2419 3
2420 0
2421 2
2422 4
2423 4
2424 3
2425 6
2426 5
2427 5
2428 5
2429 2
2430 1
2431 2
2432 1
2433 1
2434 3
2435 3
2436 6
2437 7
2438 9
2439 9
2440 6
2441 4
2442 5
2443 6
2444 5
2445 4
2446 3
2447 1
2448 3
2449 4
2450 2
2451 2
2452 4
2453 2
2454 6
2455 4
2456 3
2457 2
2458 2
2459 1
2460 1
2461 2
2462 2
2463 4
2464 1
2465 3
2466 3
2467 5
2468 4
2469 3
2470 3
2471 0
2472 3
2473 3
2474 1
2475 3
2476 3
2477 2
2478 2
2479 2
2480 4
2481 2
2482 4
2483 1
2484 2
2485 1
2486 1
2487 1
2488 3
2489 2
2490 0
2491 2
2492 0
2493 1
2494 2
2495 2
2496 0
2497 1
2498 2
2499 6
2500 5
2501 5
2502 2
2503 1
2504 2
2505 4
2506 4
2507 2
2508 0
2509 3
2510 1
2511 2
2512 0
2513 1
2514 1
2515 2
2516 2
2517 2
2518 0
2519 3
2520 4
2521 2
2522 1
2523 0
2524 0
2525 1
2526 1
2527 1
2528 1
2529 2
2530 1
2531 2
2532 1
2533 1
2534 0
2535 0
2536 1
2537 1
2538 0
2539 2
2540 4
2541 1
2542 1
2543 1
2544 0
2545 0
2546 2
2547 2
2548 1
2549 1
2550 1
2551 2
2552 2
2553 3
2554 0
2555 0
2556 3
2557 3
2558 1
2559 3
2560 5
2561 6
2562 5
2563 5
2564 3
2565 4
2566 3
2567 2
2568 2
2569 1
2570 1
2571 0
2572 2
2573 1
2574 4
2575 2
2576 2
2577 1
2578 1
2579 2
2580 2
2581 2
2582 1
2583 1
2584 3
2585 3
2586 0
2587 1
2588 1
2589 1
2590 3
2591 2
2592 2
2593 5
2594 5
2595 4
2596 2
2597 2
2598 3
2599 1
2600 3
2601 0
2602 1
2603 2
2604 0
2605 3
2606 3
2607 3
2608 1
2609 1
2610 3
2611 3
2612 2
2613 2
2614 1
2615 2
2616 4
2617 3
2618 2
2619 3
2620 1
2621 2
2622 4
2623 4
2624 2
2625 2
2626 0
2627 3
2628 1
2629 2
2630 1
2631 0
2632 3
2633 2
2634 1
2635 1
2636 0
2637 0
2638 5
2639 4
2640 2
2641 1
2642 1
2643 2
2644 3
2645 3
2646 3
2647 2
2648 3
2649 1
2650 2
2651 1
2652 1
2653 1
2654 1
2655 0
2656 2
2657 1
2658 2
2659 0
2660 3
2661 2
2662 2
2663 2
2664 1
2665 2
2666 0
2667 3
2668 2
2669 0
2670 3
2671 1
2672 2
2673 0
2674 0
2675 2
2676 2
2677 1
2678 1
2679 3
2680 1
2681 4
2682 1
2683 2
2684 0
2685 2
2686 2
2687 3
2688 0
2689 2
2690 0
2691 3
2692 3
2693 4
2694 1
2695 1
2696 0
2697 2
2698 0
2699 2
2700 3
2701 2
2702 3
2703 2
2704 4
2705 2
2706 0
2707 0
2708 1
2709 3
2710 2
2711 3
2712 2
2713 1
2714 3
2715 4
2716 3
2717 1
2718 1
2719 1
2720 1
2721 1
2722 2
2723 1
2724 4
2725 4
2726 5
2727 5
2728 4
2729 3
2730 3
2731 2
2732 2
2733 2
2734 2
2735 3
2736 0
2737 1
2738 3
2739 1
2740 1
2741 1
2742 2
2743 2
2744 1
2745 1
2746 1
2747 0
2748 5
2749 3
2750 1
2751 3
2752 1
2753 3
2754 0
2755 0
2756 4
2757 2
2758 2
2759 3
2760 4
2761 2
2762 4
2763 3
2764 1
2765 0
2766 2
2767 2
2768 0
2769 2
2770 1
2771 1
2772 0
2773 3
2774 2
2775 3
2776 4
2777 1
2778 4
2779 2
2780 2
2781 3
2782 2
2783 3
2784 2
2785 6
2786 7
2787 6
2788 5
2789 2
2790 2
2791 3
2792 4
2793 4
2794 2
2795 2
2796 2
2797 1
2798 3
2799 2
2800 5
2801 2
2802 0
2803 0
2804 4
2805 4
2806 1
2807 4
2808 2
2809 4
2810 4
2811 4
2812 1
2813 3
2814 1
2815 2
2816 2
2817 2
2818 1
2819 1
2820 1
2821 2
2822 1
2823 4
2824 4
2825 3
2826 1
2827 0
2828 0
2829 2
2830 3
2831 3
2832 5
2833 4
2834 3
2835 2
2836 1
2837 0
2838 2
2839 1
2840 4
2841 2
2842 0
2843 4
2844 3
2845 1
2846 2
2847 2
2848 0
2849 1
2850 3
2851 1
2852 3
2853 3
2854 2
2855 2
2856 1
2857 3
2858 4
2859 4
2860 6
2861 6
2862 3
2863 1
2864 1
2865 1
2866 2
2867 0
2868 3
2869 0
2870 1
2871 1
2872 2
2873 3
2874 1
2875 2
2876 1
2877 0
2878 1
2879 3
2880 2
2881 2
2882 1
2883 2
2884 3
2885 1
2886 5
2887 2
2888 2
2889 1
2890 1
2891 2
2892 5
2893 3
2894 3
2895 0
2896 3
2897 1
2898 1
2899 0
2900 2
2901 3
2902 4
2903 2
2904 0
2905 2
2906 1
2907 6
2908 6
2909 7
2910 6
2911 5
2912 6
2913 4
2914 2
2915 2
2916 1
2917 1
2918 1
2919 6
2920 3
2921 1
2922 1
2923 1
2924 2
2925 0
2926 2
2927 1
2928 2
2929 5
2930 4
2931 3
2932 1
2933 2
2934 3
2935 2
2936 1
2937 1
2938 0
2939 3
2940 2
2941 1
2942 0
2943 1
2944 1
2945 2
2946 1
2947 5
2948 7
2949 4
2950 6
2951 4
2952 1
2953 2
2954 1
2955 2
2956 1
2957 2
2958 3
2959 3
2960 5
2961 3
2962 4
2963 1
2964 1
2965 0
2966 5
2967 2
2968 0
2969 4
2970 4
2971 2
2972 1
2973 3
2974 2
2975 3
2976 0
2977 1
2978 1
2979 3
2980 2
2981 1
2982 3
2983 0
2984 3
2985 3
2986 1
2987 0
2988 2
2989 2
2990 4
2991 1
2992 1
2993 2
2994 2
2995 1
2996 5
2997 3
2998 1
2999 2
3000 4
3001 3
3002 5
3003 3
3004 1
3005 2
3006 2
3007 3
3008 2
3009 2
3010 3
3011 5
3012 4
3013 5
3014 5
3015 3
3016 1
3017 2
3018 1
3019 2
3020 4
3021 2
3022 2
3023 2
3024 1
3025 1
3026 0
3027 2
3028 2
3029 2
3030 2
3031 2
3032 2
3033 4
3034 3
3035 2
3036 1
3037 1
3038 4
3039 3
3040 4
3041 2
3042 4
3043 2
3044 1
3045 0
3046 5
3047 4
3048 2
3049 2
3050 2
3051 2
3052 1
3053 2
3054 4
3055 5
3056 5
3057 5
3058 4
3059 4
3060 2
3061 0
3062 3
3063 3
3064 4
3065 2
3066 2
3067 0
3068 4
3069 5
3070 3
3071 1
3072 5
3073 5
3074 2
3075 3
3076 0
3077 3
3078 5
3079 7
3080 5
3081 2
3082 4
3083 2
3084 3
3085 0
3086 0
3087 2
3088 2
3089 2
3090 1
3091 4
3092 4
3093 2
3094 3
3095 1
3096 1
3097 3
3098 2
3099 1
3100 1
3101 2
3102 1
3103 0
3104 0
3105 0
3106 1
3107 3
3108 3
3109 2
3110 2
3111 1
3112 1
3113 4
3114 3
3115 1
3116 0
3117 3
3118 3
3119 1
3120 1
3121 1
3122 2
3123 3
3124 0
3125 2
3126 3
3127 4
3128 5
3129 4
3130 1
3131 1
3132 1
3133 0
3134 2
3135 2
3136 3
3137 2
3138 2
3139 1
3140 1
3141 0
3142 4
3143 5
3144 2
3145 3
3146 1
3147 1
3148 2
3149 2
3150 2
3151 4
3152 2
3153 5
3154 5
3155 4
3156 3
3157 1
3158 1
3159 2
3160 1
3161 2
3162 3
3163 1
3164 2
3165 2
3166 2
3167 1
3168 2
3169 1
3170 1
3171 1
3172 3
3173 1
3174 1
3175 1
3176 2
3177 2
3178 2
3179 2
3180 0
3181 1
3182 3
3183 2
3184 0
3185 2
3186 1
3187 4
3188 3
3189 1
3190 4
3191 3
3192 0
3193 1
3194 2
3195 2
3196 1
3197 1
3198 1
3199 2
3200 2
3201 1
3202 0
3203 2
3204 3
3205 0
3206 1
3207 1
3208 2
3209 1
3210 1
3211 0
3212 1
3213 1
3214 0
3215 2
3216 1
3217 1
3218 1
3219 0
3220 0
3221 1
3222 0
3223 1
3224 3
3225 3
3226 0
3227 0
3228 2
3229 2
3230 2
3231 2
3232 1
3233 2
3234 2
3235 4
3236 2
3237 1
3238 3
3239 2
3240 0
3241 1
3242 1
3243 2
3244 0
3245 4
3246 2
3247 2
3248 2
3249 2
3250 4
3251 4
3252 2
3253 2
3254 3
3255 1
3256 2
3257 0
3258 1
3259 5
3260 2
3261 0
3262 1
3263 3
3264 1
3265 3
3266 2
3267 1
3268 2
3269 1
3270 4
3271 4
3272 1
3273 1
3274 2
3275 5
3276 5
3277 3
3278 1
3279 4
3280 2
3281 3
3282 2
3283 0
3284 1
3285 0
3286 1
3287 1
3288 3
3289 1
3290 1
3291 3
3292 1
3293 1
3294 4
3295 3
3296 4
3297 4
3298 3
3299 1
3300 3
3301 3
3302 1
3303 1
3304 2
3305 2
3306 1
3307 1
3308 1
3309 2
3310 1
3311 2
3312 2
3313 2
3314 1
3315 1
3316 2
3317 3
3318 3
3319 1
3320 5
3321 3
3322 1
3323 2
3324 1
3325 1
3326 5
3327 4
3328 2
3329 2
3330 1
3331 1
3332 3
3333 3
3334 1
3335 2
3336 2
3337 3
3338 3
3339 0
3340 4
3341 2
3342 1
3343 5
3344 4
3345 3
3346 1
3347 5
3348 4
3349 4
3350 4
3351 3
3352 3
3353 2
3354 3
3355 1
3356 3
3357 1
3358 2
3359 3
3360 2
3361 3
3362 4
3363 1
3364 1
3365 2
3366 3
3367 1
3368 1
3369 4
3370 2
3371 1
3372 2
3373 1
3374 1
3375 0
3376 3
3377 3
3378 3
3379 4
3380 3
3381 5
3382 3
3383 2
3384 1
3385 1
3386 3
3387 2
3388 3
3389 2
3390 2
3391 5
3392 6
3393 4
3394 2
3395 0
3396 0
3397 1
3398 2
3399 0
3400 2
3401 1
3402 1
3403 2
3404 1
3405 1
3406 1
3407 2
3408 0
3409 4
3410 4
3411 1
3412 1
3413 1
3414 1
3415 1
3416 1
3417 4
3418 2
3419 3
3420 0
3421 5
3422 4
3423 3
3424 2
3425 3
3426 2
3427 1
3428 2
3429 5
3430 4
3431 4
3432 4
3433 1
3434 4
3435 3
3436 1
3437 3
3438 2
3439 2
3440 2
3441 4
3442 3
3443 3
3444 1
3445 3
3446 1
3447 1
3448 2
3449 2
3450 1
3451 0
3452 1
3453 4
3454 5
3455 4
3456 5
3457 4
3458 1
3459 0
3460 3
3461 0
3462 3
3463 1
3464 2
3465 3
3466 4
3467 5
3468 5
3469 4
3470 1
3471 2
3472 1
3473 2
3474 2
3475 2
3476 3
3477 3
3478 1
3479 2
3480 1
3481 1
3482 0
3483 1
3484 2
3485 2
3486 2
3487 3
3488 2
3489 3
3490 0
3491 2
3492 2
3493 1
3494 1
3495 5
3496 3
3497 0
3498 3
3499 2
3500 4
3501 3
3502 1
3503 1
3504 0
3505 0
3506 3
3507 2
3508 1
3509 1
3510 2
3511 1
3512 2
3513 1
3514 2
3515 1
3516 0
3517 2
3518 0
3519 2
3520 1
3521 0
3522 0
3523 3
3524 1
3525 1
3526 1
3527 0
3528 5
3529 5
3530 3
3531 2
3532 3
3533 2
3534 4
3535 4
3536 5
3537 4
3538 3
3539 3
3540 1
3541 1
3542 1
3543 0
3544 1
3545 0
3546 2
3547 1
3548 1
3549 1
3550 1
3551 1
3552 2
3553 3
3554 0
3555 2
3556 2
3557 1
3558 1
3559 2
3560 2
3561 1
3562 0
3563 2
3564 2
3565 2
3566 4
3567 3
3568 0
3569 1
3570 1
3571 1
3572 2
3573 4
3574 3
3575 1
3576 1
3577 1
3578 1
3579 2
3580 1
3581 4
3582 3
3583 1
3584 2
3585 2
3586 2
3587 1
3588 0
3589 4
3590 2
3591 2
3592 0
3593 2
3594 3
3595 2
3596 2
3597 2
3598 3
3599 2
3600 0
3601 3
3602 0
3603 0
3604 2
3605 1
3606 3
3607 3
3608 0
3609 1
3610 1
3611 1
3612 2
3613 0
3614 0
3615 2
3616 3
3617 3
3618 1
3619 1
3620 1
3621 2
3622 3
3623 1
3624 0
3625 3
3626 3
3627 2
3628 3
3629 2
3630 2
3631 2
3632 2
3633 3
3634 3
3635 4
3636 4
3637 3
3638 2
3639 1
3640 1
3641 1
3642 1
3643 3
3644 0
3645 4
3646 3
3647 1
3648 1
3649 1
3650 0
3651 3
3652 0
3653 1
3654 3
3655 3
3656 2
3657 3
3658 2
3659 1
3660 1
3661 2
3662 2
3663 6
3664 6
3665 5
3666 4
3667 5
3668 3
3669 1
3670 0
3671 2
3672 3
3673 1
3674 2
3675 4
3676 2
3677 1
3678 1
3679 3
3680 1
3681 2
3682 2
3683 3
3684 3
3685 1
3686 2
3687 2
3688 3
3689 5
3690 5
3691 5
3692 3
3693 2
3694 2
3695 3
3696 3
3697 2
3698 8
3699 6
3700 4
3701 2
3702 2
3703 2
3704 3
3705 4
3706 1
3707 2
3708 2
3709 3
3710 2
3711 3
3712 1
3713 3
3714 1
3715 2
3716 2
3717 1
3718 3
3719 2
3720 1
3721 0
3722 2
3723 4
3724 2
3725 2
3726 0
3727 0
3728 1
3729 3
3730 3
3731 0
3732 1
3733 1
3734 1
3735 0
3736 3
3737 0
3738 0
3739 1
3740 1
3741 1
3742 1
3743 2
3744 2
3745 2
3746 6
3747 4
3748 3
3749 1
3750 3
3751 5
3752 5
3753 3
3754 1
3755 0
3756 0
3757 3
3758 4
3759 3
3760 2
3761 3
3762 2
3763 5
3764 4
3765 2
3766 3
3767 2
3768 4
3769 5
3770 4
3771 4
3772 2
3773 2
3774 3
3775 3
3776 2
3777 1
3778 1
3779 1
3780 2
3781 3
3782 3
3783 2
3784 3
3785 2
3786 1
3787 3
3788 2
3789 0
3790 1
3791 2
3792 2
3793 4
3794 3
3795 0
3796 1
3797 3
3798 2
3799 5
3800 4
3801 3
3802 3
3803 1
3804 1
3805 3
3806 2
3807 3
3808 1
3809 3
3810 1
3811 5
3812 5
3813 3
3814 2
3815 1
3816 0
3817 1
3818 3
3819 2
3820 1
3821 3
3822 2
3823 6
3824 6
3825 5
3826 5
3827 6
3828 6
3829 5
3830 3
3831 1
3832 4
3833 3
3834 2
3835 2
3836 3
3837 2
3838 2
3839 3
3840 0
3841 0
3842 3
3843 1
3844 3
3845 3
3846 1
3847 3
3848 1
3849 0
3850 3
3851 2
3852 2
3853 0
3854 3
3855 2
3856 0
3857 1
3858 1
3859 3
3860 2
3861 3
3862 2
3863 2
3864 0
3865 5
3866 5
3867 4
3868 3
3869 2
3870 3
3871 1
3872 3
3873 0
3874 4
3875 3
3876 2
3877 3
3878 3
3879 3
3880 1
3881 4
3882 1
3883 3
3884 2
3885 2
3886 1
3887 0
3888 0
3889 1
3890 3
3891 3
3892 3
3893 1
3894 3
3895 4
3896 2
3897 1
3898 1
3899 4
3900 2
3901 3
3902 1
3903 1
3904 2
3905 1
3906 2
3907 3
3908 4
3909 3
3910 1
3911 3
3912 2
3913 2
3914 0
3915 1
3916 4
3917 4
3918 4
3919 3
3920 1
3921 0
3922 3
3923 1
3924 2
3925 2
3926 1
3927 1
3928 0
3929 2
3930 4
3931 2
3932 2
3933 0
3934 1
3935 4
3936 3
3937 1
3938 2
3939 3
3940 1
3941 2
3942 2
3943 1
3944 1
3945 2
3946 3
3947 0
3948 3
3949 2
3950 1
3951 6
3952 5
3953 6
3954 4
3955 2
3956 3
3957 3
3958 2
3959 2
3960 2
3961 3
3962 0
3963 1
3964 4
3965 3
3966 1
3967 5
3968 3
3969 3
3970 4
3971 1
3972 1
3973 0
3974 1
3975 4
3976 6
3977 5
3978 4
3979 1
3980 2
3981 2
3982 2
3983 0
3984 2
3985 1
3986 1
3987 1
3988 3
3989 0
3990 4
3991 3
3992 4
3993 4
3994 3
3995 4
3996 1
3997 0
3998 1
3999 2
4000 3
4001 4
4002 1
4003 1
4004 2
4005 1
4006 1
4007 2
4008 2
4009 1
4010 3
4011 3
4012 2
4013 1
4014 2
4015 2
4016 2
4017 5
4018 5
4019 4
4020 6
4021 7
4022 6
4023 4
4024 1
4025 2
4026 1
4027 1
4028 3
4029 1
4030 2
4031 3
4032 2
4033 3
4034 5
4035 4
4036 3
4037 1
4038 2
4039 2
4040 2
4041 1
4042 1
4043 3
4044 3
4045 0
4046 4
4047 2
4048 0
4049 2
4050 1
4051 3
4052 1
4053 3
4054 1
4055 3
4056 2
4057 2
4058 1
4059 1
4060 3
4061 0
4062 2
4063 5
4064 3
4065 1
4066 2
4067 2
4068 1
4069 3
4070 2
4071 1
4072 2
4073 2
4074 2
4075 1
4076 1
4077 2
4078 2
4079 1
4080 1
4081 1
4082 1
4083 1
4084 3
4085 3
4086 0
4087 1
4088 2
4089 0
4090 1
4091 2
4092 3
4093 4
4094 3
4095 2
4096 3
4097 3
4098 1
4099 2
4100 2
4101 1
4102 3
4103 1
4104 5
4105 4
4106 2
4107 1
4108 2
4109 3
4110 2
4111 2
4112 2
4113 3
4114 1
4115 1
4116 2
4117 0
4118 1
4119 3
4120 3
4121 2
4122 2
4123 2
4124 1
4125 1
4126 4
4127 3
4128 2
4129 1
4130 6
4131 4
4132 4
4133 3
4134 3
4135 3
4136 0
4137 3
4138 0
4139 3
4140 1
4141 1
4142 4
4143 3
4144 1
4145 3
4146 3
4147 2
4148 2
4149 3
4150 4
4151 2
4152 3
4153 2
4154 1
4155 1
4156 1
4157 0
4158 1
4159 3
4160 2
4161 1
4162 3
4163 0
4164 4
4165 2
4166 2
4167 1
4168 7
4169 6
4170 6
4171 5
4172 2
4173 2
4174 2
4175 2
4176 1
4177 0
4178 0
4179 0
4180 2
4181 1
4182 2
4183 0
4184 0
4185 2
4186 0
4187 1
4188 1
4189 2
4190 2
4191 1
4192 1
4193 3
4194 2
4195 1
4196 3
4197 2
4198 2
4199 0
4200 1
4201 5
4202 5
4203 5
4204 5
4205 3
4206 2
4207 1
4208 1
4209 2
4210 2
4211 0
4212 1
4213 2
4214 1
4215 3
4216 4
4217 1
4218 3
4219 3
4220 2
4221 2
4222 2
4223 1
4224 2
4225 2
4226 1
4227 1
4228 0
4229 4
4230 1
4231 0
4232 2
4233 2
4234 3
4235 2
4236 1
4237 1
4238 1
4239 1
4240 4
4241 3
4242 1
4243 3
4244 0
4245 1
4246 5
4247 2
4248 0
4249 2
4250 3
4251 2
4252 0
4253 3
4254 1
4255 2
4256 4
4257 3
4258 5
4259 5
4260 3
4261 0
4262 2
4263 1
4264 2
4265 0
4266 4
4267 4
4268 2
4269 3
4270 3
4271 2
4272 1
4273 2
4274 1
4275 5
4276 5
4277 4
4278 4
4279 4
4280 2
4281 0
4282 2
4283 1
4284 2
4285 1
4286 1
4287 4
4288 3
4289 4
4290 2
4291 3
4292 2
4293 2
4294 2
4295 1
4296 1
4297 2
4298 2
4299 0
4300 0
4301 0
4302 2
4303 2
4304 0
4305 0
4306 2
4307 2
4308 3
4309 1
4310 3
4311 1
4312 3
4313 1
4314 2
4315 3
4316 0
4317 0
4318 0
4319 1
4320 3
4321 2
4322 0
4323 3
4324 2
4325 3
4326 3
4327 2
4328 0
4329 5
4330 4
4331 3
4332 1
4333 2
4334 1
4335 2
4336 0
4337 4
4338 4
4339 5
4340 3
4341 2
4342 3
4343 1
4344 3
4345 2
4346 3
4347 1
4348 3
4349 2
4350 4
4351 3
4352 5
4353 4
4354 3
4355 1
4356 1
4357 4
4358 3
4359 1
4360 1
4361 2
4362 3
4363 1
4364 4
4365 4
4366 2
4367 3
4368 2
4369 3
4370 4
4371 3
4372 2
4373 4
4374 2
4375 0
4376 2
4377 0
4378 0
4379 1
4380 2
4381 2
4382 4
4383 3
4384 3
4385 0
4386 1
4387 4
4388 3
4389 3
4390 4
4391 3
4392 3
4393 2
4394 2
4395 2
4396 1
4397 2
4398 3
4399 1
4400 3
4401 3
4402 1
4403 3
4404 3
4405 1
4406 4
4407 3
4408 2
4409 2
4410 2
4411 5
4412 4
4413 3
4414 4
4415 3
4416 3
4417 1
4418 3
4419 2
4420 3
4421 2
4422 1
4423 1
4424 2
4425 1
4426 2
4427 4
4428 4
4429 2
4430 3
4431 1
4432 2
4433 1
4434 2
4435 2
4436 2
4437 4
4438 1
4439 2
4440 0
4441 4
4442 3
4443 2
4444 3
4445 3
4446 6
4447 6
4448 3
4449 3
4450 1
4451 1
4452 2
4453 0
4454 2
4455 4
4456 1
4457 2
4458 0
4459 0
4460 0
4461 1
4462 0
4463 0
4464 2
4465 3
4466 1
4467 3
4468 2
4469 1
4470 3
4471 2
4472 3
4473 3
4474 2
4475 1
4476 2
4477 1
4478 0
4479 4
4480 3
4481 2
4482 0
4483 2
4484 1
4485 3
4486 2
4487 4
4488 5
4489 4
4490 3
4491 2
4492 0
4493 2
4494 2
4495 0
4496 0
4497 2
4498 5
4499 3
4500 1
4501 1
4502 1
4503 3
4504 2
4505 5
4506 5
4507 5
4508 2
4509 6
4510 6
4511 4
4512 6
4513 7
4514 4
4515 4
4516 4
4517 5
4518 4
4519 3
4520 1
4521 4
4522 4
4523 2
4524 2
4525 1
4526 4
4527 3
4528 4
4529 1
4530 5
4531 3
4532 2
4533 4
4534 4
4535 4
4536 2
4537 3
4538 3
4539 4
4540 3
4541 3
4542 2
4543 1
4544 1
4545 1
4546 2
4547 1
4548 0
4549 2
4550 2
4551 0
4552 2
4553 5
4554 6
4555 4
4556 1
4557 0
4558 4
4559 3
4560 1
4561 1
4562 1
4563 2
4564 1
4565 2
4566 4
4567 3
4568 3
4569 1
4570 3
4571 1
4572 0
4573 1
4574 4
4575 5
4576 4
4577 2
4578 1
4579 1
4580 1
4581 1
4582 2
4583 2
4584 1
4585 2
4586 1
4587 3
4588 6
4589 4
4590 1
4591 3
4592 3
4593 1
4594 2
4595 1
4596 3
4597 1
4598 2
4599 1
4600 2
4601 0
4602 1
4603 2
4604 2
4605 2
4606 2
4607 1
4608 4
4609 1
4610 1
4611 4
4612 4
4613 4
4614 3
4615 2
4616 1
4617 2
4618 3
4619 1
4620 2
4621 0
4622 1
4623 1
4624 1
4625 1
4626 2
4627 3
4628 3
4629 2
4630 2
4631 3
4632 4
4633 1
4634 2
4635 4
4636 2
4637 1
4638 3
4639 0
4640 1
4641 0
4642 1
4643 4
4644 2
4645 1
4646 0
4647 1
4648 1
4649 3
4650 2
4651 2
4652 3
4653 1
4654 1
4655 2
4656 1
4657 3
4658 0
4659 2
4660 0
4661 0
4662 3
4663 2
4664 3
4665 2
4666 3
4667 1
4668 3
4669 0
4670 4
4671 3
4672 2
4673 3
4674 0
4675 2
4676 3
4677 1
4678 0
4679 0
4680 2
4681 2
4682 1
4683 5
4684 3
4685 4
4686 3
4687 0
4688 2
4689 3
4690 5
4691 3
4692 2
4693 2
4694 1
4695 1
4696 0
4697 2
4698 2
4699 3
4700 1
4701 1
4702 2
4703 3
4704 1
4705 0
4706 2
4707 2
4708 0
4709 1
4710 2
4711 5
4712 7
4713 4
4714 2
4715 2
4716 5
4717 3
4718 3
4719 0
4720 1
4721 2
4722 1
4723 1
4724 2
4725 1
4726 1
4727 2
4728 1
4729 2
4730 1
4731 1
4732 2
4733 2
4734 0
4735 1
4736 0
4737 1
4738 1
4739 1
4740 0
4741 2
4742 0
4743 5
4744 2
4745 3
4746 2
4747 2
4748 3
4749 4
4750 3
4751 1
4752 0
4753 6
4754 7
4755 8
4756 6
4757 6
4758 6
4759 4
4760 2
4761 3
4762 1
4763 1
4764 0
4765 1
4766 1
4767 3
4768 0
4769 0
4770 1
4771 3
4772 4
4773 2
4774 2
4775 3
4776 3
4777 5
4778 3
4779 3
4780 1
4781 2
4782 0
4783 2
4784 1
4785 2
4786 0
4787 3
4788 3
4789 1
4790 2
4791 4
4792 4
4793 4
4794 3
4795 5
4796 3
4797 1
4798 3
4799 0
4800 0
4801 0
4802 3
4803 5
4804 2
4805 2
4806 0
4807 2
4808 1
4809 2
4810 1
4811 2
4812 1
4813 0
4814 2
4815 0
4816 5
4817 8
4818 6
4819 4
4820 2
4821 2
4822 5
4823 6
4824 5
4825 3
4826 4
4827 4
4828 3
4829 4
4830 1
4831 1
4832 3
4833 1
4834 1
4835 3
4836 2
4837 2
4838 1
4839 2
4840 2
4841 2
4842 3
4843 3
4844 3
4845 1
4846 0
4847 0
4848 0
4849 1
4850 1
4851 2
4852 4
4853 5
4854 6
4855 6
4856 4
4857 3
4858 0
4859 1
4860 2
4861 2
4862 1
4863 2
4864 3
4865 3
4866 1
4867 3
4868 2
4869 0
4870 1
4871 1
4872 3
4873 3
4874 2
4875 3
4876 3
4877 2
4878 5
4879 6
4880 5
4881 2
4882 3
4883 0
4884 1
4885 2
4886 3
4887 1
4888 1
4889 1
4890 1
4891 0
4892 2
4893 2
4894 1
4895 2
4896 1
4897 2
4898 0
4899 0
4900 2
4901 0
4902 0
4903 3
4904 0
4905 2
4906 1
4907 1
4908 0
4909 0
4910 4
4911 3
4912 3
4913 3
4914 3
4915 1
4916 4
4917 5
4918 5
4919 4
4920 3
4921 2
4922 3
4923 0
4924 0
4925 4
4926 2
4927 1
4928 1
4929 4
4930 8
4931 6
4932 5
4933 2
4934 1
4935 3
4936 3
4937 1
4938 2
4939 1
4940 0
4941 2
4942 1
4943 4
4944 4
4945 3
4946 4
4947 3
4948 3
4949 1
4950 2
4951 2
4952 2
4953 2
4954 3
4955 3
4956 3
4957 2
4958 2
4959 4
4960 2
4961 2
4962 3
4963 2
4964 3
4965 1
4966 4
4967 4
4968 2
4969 1
4970 0
4971 2
4972 0
4973 0
4974 1
4975 5
4976 5
4977 3
4978 3
4979 2
4980 1
4981 0
4982 2
4983 1
4984 2
4985 0
4986 4
4987 3
4988 0
4989 0
4990 2
4991 5
4992 6
4993 7
4994 7
4995 5
4996 6
4997 5
4998 5
4999 3
5000 3
5001 2
5002 0
5003 1
5004 0
5005 1
5006 1
5007 1
5008 2
5009 4
5010 1
5011 4
5012 4
5013 2
5014 2
5015 1
5016 4
5017 2
5018 0
5019 1
5020 1
5021 2
5022 1
5023 3
5024 0
5025 1
5026 1
5027 1
5028 2
5029 2
5030 3
5031 2
5032 2
5033 3
5034 1
5035 1
5036 5
5037 3
5038 2
5039 5
5040 3
5041 0
5042 3
5043 1
5044 2
5045 5
5046 4
5047 2
5048 1
5049 2
5050 2
5051 2
5052 1
5053 4
5054 4
5055 4
5056 5
5057 4
5058 4
5059 3
5060 2
5061 3
5062 1
5063 1
5064 3
5065 2
5066 3
5067 2
5068 1
5069 2
5070 0
5071 0
5072 2
5073 2
5074 5
5075 2
5076 1
5077 2
5078 0
5079 1
5080 5
5081 4
5082 1
5083 1
5084 1
5085 0
5086 3
5087 0
5088 2
5089 2
5090 0
5091 2
5092 1
5093 2
5094 1
5095 1
5096 2
5097 2
5098 2
5099 0
5100 2
5101 2
5102 3
5103 3
5104 3
5105 4
5106 3
5107 2
5108 1
5109 1
5110 6
5111 7
5112 7
5113 5
5114 5
5115 3
5116 0
5117 3
5118 1
5119 7
5120 6
5121 8
5122 6
5123 5
5124 4
5125 3
5126 0
5127 1
5128 1
5129 1
5130 2
5131 3
5132 1
5133 2
5134 2
5135 4
5136 3
5137 3
5138 2
5139 2
5140 1
5141 0
5142 2
5143 1
5144 3
5145 0
5146 1
5147 2
5148 1
5149 0
5150 1
5151 3
5152 2
5153 1
5154 2
5155 2
5156 2
5157 0
5158 1
5159 2
5160 0
5161 0
5162 1
5163 1
5164 2
5165 1
5166 1
5167 1
5168 0
5169 3
5170 4
5171 6
5172 5
5173 3
5174 0
5175 2
5176 4
5177 2
5178 2
5179 0
5180 3
5181 2
5182 1
5183 2
5184 2
5185 1
5186 1
5187 1
5188 2
5189 3
5190 2
5191 4
5192 1
5193 1
5194 2
5195 2
5196 1
5197 4
5198 3
5199 4
5200 4
5201 2
5202 1
5203 1
5204 2
5205 1
5206 2
5207 1
5208 2
5209 3
5210 4
5211 4
5212 4
5213 1
5214 2
5215 1
5216 3
5217 2
5218 2
5219 3
5220 1
5221 1
5222 3
5223 0
5224 0
5225 4
5226 4
5227 2
5228 0
5229 1
5230 1
5231 1
5232 4
5233 3
5234 4
5235 4
5236 2
5237 1
5238 1
5239 2
5240 1
5241 0
5242 3
5243 2
5244 3
5245 1
5246 2
5247 1
5248 1
5249 1
5250 1
5251 1
5252 2
5253 3
5254 2
5255 2
5256 3
5257 6
5258 4
5259 3
5260 1
5261 1
5262 2
5263 3
5264 2
5265 3
5266 3
5267 3
5268 3
5269 0
5270 3
5271 2
5272 2
5273 4
5274 3
5275 0
5276 2
5277 0
5278 2
5279 2
5280 2
5281 4
5282 3
5283 3
5284 3
5285 2
5286 2
5287 3
5288 0
5289 1
5290 2
5291 2
5292 5
5293 4
5294 3
5295 1
5296 1
5297 2
5298 2
5299 0
5300 3
5301 1
5302 2
5303 0
5304 5
5305 2
5306 1
5307 2
5308 0
5309 2
5310 2
5311 5
5312 2
5313 2
5314 2
5315 1
5316 5
5317 4
5318 3
5319 2
5320 4
5321 3
5322 1
5323 2
5324 3
5325 0
5326 2
5327 1
5328 1
5329 3
5330 2
5331 4
5332 1
5333 0
5334 3
5335 1
5336 1
5337 3
5338 2
5339 1
5340 2
5341 2
5342 1
5343 2
5344 3
5345 1
5346 0
5347 2
5348 2
5349 3
5350 0
5351 3
5352 2
5353 2
5354 0
5355 1
5356 3
5357 2
5358 2
5359 1
5360 5
5361 5
5362 3
5363 1
5364 1
5365 1
5366 3
5367 0
5368 3
5369 0
5370 3
5371 1
5372 2
5373 2
5374 4
5375 2
5376 4
5377 4
5378 3
5379 1
5380 2
5381 2
5382 1
5383 2
5384 0
5385 1
5386 2
5387 2
5388 0
5389 3
5390 1
5391 3
5392 2
5393 2
5394 0
5395 2
5396 2
5397 0
5398 3
5399 4
5400 4
5401 3
5402 2
5403 2
5404 1
5405 2
5406 1
5407 4
5408 2
5409 1
5410 2
5411 2
5412 1
5413 0
5414 1
5415 1
5416 1
5417 3
5418 0
5419 2
5420 1
5421 1
5422 2
5423 2
5424 1
5425 0
5426 1
5427 2
5428 4
5429 2
5430 2
5431 4
5432 3
5433 4
5434 4
5435 2
5436 1
5437 4
5438 3
5439 1
5440 3
5441 0
5442 3
5443 2
5444 3
5445 3
5446 3
5447 1
5448 7
5449 5
5450 4
5451 2
5452 2
5453 2
5454 2
5455 1
5456 1
5457 4
5458 3
5459 0
5460 1
5461 3
5462 4
5463 5
5464 3
5465 3
5466 0
5467 0
5468 3
5469 1
5470 1
5471 3
5472 2
5473 0
5474 1
5475 1
5476 2
5477 2
5478 4
5479 3
5480 5
5481 4
5482 4
5483 1
5484 4
5485 2
5486 0
5487 0
5488 2
5489 2
5490 1
5491 2
5492 2
5493 1
5494 1
5495 4
5496 3
5497 3
5498 1
5499 4
5500 2
5501 2
5502 3
5503 1
5504 6
5505 5
5506 3
5507 1
5508 4
5509 2
5510 1
5511 1
5512 0
5513 1
5514 2
5515 3
5516 1
5517 1
5518 2
5519 0
5520 2
5521 0
5522 4
5523 4
5524 3
5525 5
5526 5
5527 5
5528 3
5529 2
5530 2
5531 2
5532 3
5533 3
5534 3
5535 4
5536 2
5537 3
5538 3
5539 2
5540 2
5541 2
5542 3
5543 1
5544 1
5545 3
5546 2
5547 6
5548 6
5549 6
5550 5
5551 6
5552 4
5553 4
5554 4
5555 4
5556 2
5557 2
5558 0
5559 1
5560 2
5561 1
5562 3
5563 1
5564 1
5565 3
5566 5
5567 5
5568 2
5569 6
5570 6
5571 4
5572 2
5573 3
5574 3
5575 3
5576 2
5577 2
5578 1
5579 1
5580 2
5581 3
5582 2
5583 1
5584 4
5585 2
5586 3
5587 3
5588 1
5589 2
5590 2
5591 1
5592 2
5593 0
5594 5
5595 2
5596 2
5597 4
5598 2
5599 1
5600 0
5601 2
5602 2
5603 0
5604 2
5605 3
5606 4
5607 4
5608 3
5609 1
5610 5
5611 4
5612 3
5613 3
5614 3
5615 4
5616 3
5617 4
5618 5
5619 6
5620 5
5621 5
5622 3
5623 4
5624 7
5625 4
5626 3
5627 0
5628 0
5629 4
5630 3
5631 2
5632 1
5633 1
5634 2
5635 1
5636 1
5637 2
5638 1
5639 3
5640 4
5641 3
5642 2
5643 1
5644 2
5645 3
5646 2
5647 3
5648 2
5649 1
5650 3
5651 2
5652 1
5653 2
5654 3
5655 1
5656 3
5657 3
5658 0
5659 2
5660 2
5661 3
5662 1
5663 3
5664 1
5665 1
5666 3
5667 3
5668 2
5669 2
5670 1
5671 3
5672 2
5673 1
5674 1
5675 2
5676 2
5677 0
5678 1
5679 2
5680 1
5681 0
5682 2
5683 2
5684 4
5685 1
5686 1
5687 2
5688 0
5689 2
5690 2
5691 1
5692 2
5693 1
5694 2
5695 2
5696 3
5697 3
5698 3
5699 1
5700 2
5701 0
5702 5
5703 5
5704 4
5705 3
5706 1
5707 3
5708 2
5709 1
5710 6
5711 4
5712 2
5713 2
5714 5
5715 3
5716 1
5717 2
5718 1
5719 0
5720 2
5721 1
5722 1
5723 2
5724 3
5725 1
5726 2
5727 3
5728 2
5729 3
5730 2
5731 1
5732 1
5733 1
5734 1
5735 2
5736 1
5737 5
5738 4
5739 3
5740 1
5741 3
5742 2
5743 3
5744 2
5745 1
5746 1
5747 0
5748 2
5749 2
5750 1
5751 2
5752 4
5753 3
5754 4
5755 2
5756 2
5757 0
5758 3
5759 1
5760 4
5761 4
5762 1
5763 4
5764 3
5765 0
5766 1
5767 1
5768 1
5769 2
5770 3
5771 3
5772 2
5773 3
5774 3
5775 5
5776 5
5777 3
5778 5
5779 3
5780 1
5781 1
5782 4
5783 1
5784 1
5785 3
5786 2
5787 2
5788 2
5789 2
5790 3
5791 2
5792 2
5793 3
5794 1
5795 2
5796 1
5797 0
5798 0
5799 1
5800 2
5801 2
5802 2
5803 3
5804 4
5805 3
5806 5
5807 4
5808 1
5809 2
5810 2
5811 1
5812 2
5813 2
5814 2
5815 3
5816 5
5817 5
5818 2
5819 4
5820 2
5821 2
5822 1
5823 1
5824 3
5825 3
5826 4
5827 4
5828 4
5829 3
5830 5
5831 3
5832 4
5833 3
5834 1
5835 2
5836 2
5837 1
5838 2
5839 1
5840 1
5841 1
5842 2
5843 2
5844 1
5845 2
5846 0
5847 3
5848 5
5849 4
5850 2
5851 5
5852 5
5853 4
5854 2
5855 2
5856 3
5857 3
5858 1
5859 3
5860 3
5861 1
5862 0
5863 1
5864 3
5865 1
5866 0
5867 1
5868 0
5869 2
5870 1
5871 2
5872 3
5873 1
5874 2
5875 3
5876 1
5877 0
5878 3
5879 1
5880 1
5881 1
5882 2
5883 7
5884 5
5885 5
5886 4
5887 2
5888 1
5889 2
5890 0
5891 2
5892 0
5893 1
5894 1
5895 3
5896 2
5897 2
5898 3
5899 1
5900 1
5901 1
5902 1
5903 1
5904 2
5905 3
5906 2
5907 2
5908 5
5909 4
5910 5
5911 4
5912 2
5913 1
5914 1
5915 5
5916 3
5917 3
5918 0
5919 2
5920 4
5921 2
5922 3
5923 2
5924 3
5925 0
5926 2
5927 2
5928 4
5929 3
5930 2
5931 4
5932 2
5933 1
5934 3
5935 6
5936 5
5937 2
5938 2
5939 2
5940 3
5941 2
5942 1
5943 2
5944 2
5945 2
5946 1
5947 1
5948 1
5949 3
5950 0
5951 2
5952 2
5953 3
5954 1
5955 0
5956 1
5957 0
5958 0
5959 0
5960 0
5961 4
5962 4
5963 3
5964 0
5965 1
5966 3
5967 2
5968 0
5969 6
5970 3
5971 1
5972 2
5973 1
5974 1
5975 1
5976 4
5977 4
5978 3
5979 2
5980 2
5981 1
5982 4
5983 2
5984 1
5985 2
5986 2
5987 3
5988 2
5989 0
5990 0
5991 0
5992 2
5993 0
5994 0
5995 2
5996 1
5997 4
5998 3
5999 2
6000 2
6001 1
6002 1
6003 2
6004 1
6005 5
6006 2
6007 1
6008 1
6009 2
6010 3
6011 0
6012 0
6013 1
6014 1
6015 2
6016 2
6017 1
6018 0
6019 0
6020 0
6021 0
6022 1
6023 1
6024 1
6025 2
6026 2
6027 1
6028 0
6029 1
6030 3
6031 1
6032 0
6033 1
6034 1
6035 2
6036 4
6037 2
6038 4
6039 4
6040 3
6041 1
6042 3
6043 4
6044 3
6045 3
6046 1
6047 4
6048 2
6049 2
6050 3
6051 2
6052 1
6053 1
6054 0
6055 0
6056 1
6057 3
6058 2
6059 1
6060 1
6061 2
6062 3
6063 3
6064 2
6065 2
6066 3
6067 2
6068 3
6069 0
6070 3
6071 0
6072 3
6073 1
6074 1
6075 2
6076 1
6077 3
6078 2
6079 1
6080 3
6081 3
6082 2
6083 3
6084 3
6085 3
6086 2
6087 0
6088 0
6089 1
6090 2
6091 2
6092 2
6093 3
6094 2
6095 3
6096 2
6097 2
6098 2
6099 0
6100 1
6101 4
6102 4
6103 5
6104 5
6105 3
6106 2
6107 3
6108 2
6109 1
6110 1
6111 1
6112 3
6113 1
6114 2
6115 0
6116 3
6117 1
6118 2
6119 0
6120 1
6121 1
6122 0
6123 2
6124 1
6125 1
6126 3
6127 3
6128 0
6129 1
6130 2
6131 2
6132 2
6133 0
6134 3
6135 0
6136 1
6137 1
6138 3
6139 4
6140 2
6141 1
6142 1
6143 2
6144 3
6145 1
6146 2
6147 2
6148 2
6149 4
6150 2
6151 3
6152 3
6153 3
6154 3
6155 1
6156 1
6157 1
6158 1
6159 2
6160 3
6161 1
6162 3
6163 4
6164 4
6165 1
6166 2
6167 2
6168 3
6169 6
6170 4
6171 5
6172 5
6173 5
6174 3
6175 2
6176 2
6177 1
6178 1
6179 2
6180 0
6181 2
6182 2
6183 2
6184 3
6185 4
6186 3
6187 1
6188 4
6189 5
6190 2
6191 1
6192 1
6193 1
6194 0
6195 2
6196 5
6197 5
6198 4
6199 2
6200 2
6201 2
6202 1
6203 3
6204 2
6205 2
6206 0
6207 2
6208 1
6209 0
6210 4
6211 1
6212 1
6213 4
6214 4
6215 6
6216 5
6217 3
6218 1
6219 1
6220 3
6221 3
6222 1
6223 3
6224 1
6225 1
6226 1
6227 0
6228 0
6229 2
6230 3
6231 2
6232 1
6233 3
6234 2
6235 4
6236 4
6237 4
6238 5
6239 2
6240 1
6241 3
6242 1
6243 1
6244 2
6245 4
6246 6
6247 5
6248 3
6249 4
6250 2
6251 1
6252 1
6253 1
6254 1
6255 2
6256 0
6257 1
6258 1
6259 2
6260 1
6261 0
6262 3
6263 0
6264 2
6265 2
6266 2
6267 1
6268 0
6269 1
6270 1
6271 0
6272 1
6273 1
6274 5
6275 3
6276 2
6277 0
6278 3
6279 2
6280 1
6281 2
6282 1
6283 3
6284 1
6285 1
6286 1
6287 0
6288 2
6289 1
6290 3
6291 3
6292 1
6293 3
6294 2
6295 1
6296 2
6297 2
6298 1
6299 1
6300 1
6301 3
6302 2
6303 1
6304 1
6305 3
6306 2
6307 2
6308 4
6309 1
6310 4
6311 1
6312 2
6313 3
6314 3
6315 2
6316 3
6317 2
6318 1
6319 3
6320 3
6321 1
6322 1
6323 1
6324 1
6325 2
6326 2
6327 0
6328 3
6329 1
6330 1
6331 0
6332 0
6333 4
6334 1
6335 2
6336 3
6337 1
6338 1
6339 1
6340 3
6341 1
6342 2
6343 4
6344 4
6345 3
6346 3
6347 1
6348 1
6349 3
6350 1
6351 1
6352 2
6353 3
6354 2
6355 0
6356 3
6357 2
6358 5
6359 4
6360 3
6361 1
6362 2
6363 1
6364 2
6365 1
6366 2
6367 3
6368 3
6369 3
6370 1
6371 1
6372 2
6373 2
6374 3
6375 2
6376 4
6377 4
6378 3
6379 1
6380 1
6381 0
6382 1
6383 1
6384 4
6385 3
6386 4
6387 3
6388 1
6389 2
6390 3
6391 0
6392 0
6393 1
6394 1
6395 2
6396 1
6397 1
6398 1
6399 2
6400 1
6401 0
6402 4
6403 5
6404 3
6405 1
6406 3
6407 0
6408 8
6409 8
6410 8
6411 5
6412 2
6413 3
6414 0
6415 1
6416 3
6417 1
6418 1
6419 1
6420 1
6421 2
6422 2
6423 3
6424 2
6425 0
6426 2
6427 2
6428 2
6429 3
6430 3
6431 0
6432 2
6433 2
6434 2
6435 2
6436 4
6437 1
6438 2
6439 0
6440 1
6441 4
6442 1
6443 1
6444 2
6445 3
6446 4
6447 2
6448 1
6449 2
6450 4
6451 3
6452 1
6453 1
6454 1
6455 2
6456 3
6457 0
6458 2
6459 1
6460 0
6461 1
6462 3
6463 1
6464 5
6465 3
6466 2
6467 1
6468 2
6469 2
6470 1
6471 2
6472 3
6473 1
6474 3
6475 4
6476 1
6477 3
6478 3
6479 2
6480 1
6481 1
6482 1
6483 1
6484 3
6485 2
6486 1
6487 5
6488 4
6489 3
6490 2
6491 4
6492 2
6493 2
6494 3
6495 6
6496 4
6497 4
6498 3
6499 0
6500 3
6501 4
6502 3
6503 1
6504 2
6505 3
6506 1
6507 2
6508 2
6509 0
6510 2
6511 0
6512 2
6513 3
6514 1
6515 1
6516 4
6517 1
6518 2
6519 3
6520 2
6521 0
6522 2
6523 3
6524 2
6525 1
6526 2
6527 2
6528 1
6529 1
6530 3
6531 2
6532 4
6533 3
6534 2
6535 1
6536 0
6537 2
6538 2
6539 1
6540 1
6541 3
6542 0
6543 4
6544 3
6545 0
6546 2
6547 4
6548 3
6549 1
6550 5
6551 4
6552 4
6553 3
6554 4
6555 1
6556 1
6557 3
6558 2
6559 2
6560 1
6561 1
6562 1
6563 2
6564 4
6565 3
6566 3
6567 3
6568 3
6569 2
6570 3
6571 6
6572 6
6573 5
6574 4
6575 1
6576 2
6577 1
6578 1
6579 1
6580 2
6581 3
6582 2
6583 1
6584 4
6585 3
6586 1
6587 1
6588 1
6589 2
6590 1
6591 3
6592 4
6593 5
6594 4
6595 2
6596 5
6597 3
6598 0
6599 2
6600 0
6601 0
6602 2
6603 1
6604 3
6605 3
6606 1
6607 2
6608 2
6609 1
6610 2
6611 2
6612 1
6613 1
6614 4
6615 4
6616 3
6617 1
6618 0
6619 1
6620 3
6621 0
6622 3
6623 1
6624 3
6625 2
6626 1
6627 2
6628 2
6629 2
6630 1
6631 2
6632 2
6633 3
6634 4
6635 5
6636 4
6637 3
6638 1
6639 1
6640 2
6641 2
6642 1
6643 3
6644 1
6645 2
6646 0
6647 3
6648 1
6649 2
6650 2
6651 3
6652 3
6653 1
6654 1
6655 2
6656 3
6657 3
6658 2
6659 1
6660 2
6661 1
6662 2
6663 1
6664 0
6665 2
6666 2
6667 1
6668 1
6669 1
6670 1
6671 2
6672 2
6673 1
6674 4
6675 3
6676 1
6677 3
6678 2
6679 0
6680 0
6681 1
6682 1
6683 4
6684 4
6685 1
6686 1
6687 2
6688 1
6689 3
6690 4
6691 4
6692 4
6693 7
6694 5
6695 3
6696 5
6697 5
6698 3
6699 0
6700 2
6701 1
6702 1
6703 1
6704 0
6705 2
6706 1
6707 1
6708 5
6709 4
6710 2
6711 5
6712 6
6713 3
6714 1
6715 0
6716 1
6717 0
6718 3
6719 2
6720 3
6721 4
6722 1
6723 2
6724 1
6725 3
6726 0
6727 0
6728 2
6729 3
6730 2
6731 4
6732 2
6733 2
6734 2
6735 3
6736 2
6737 2
6738 1
6739 1
6740 1
6741 3
6742 2
6743 1
6744 1
6745 0
6746 3
6747 3
6748 2
6749 2
6750 2
6751 2
6752 0
6753 0
6754 2
6755 1
6756 1
6757 2
6758 0
6759 0
6760 1
6761 1
6762 4
6763 4
6764 1
6765 2
6766 4
6767 3
6768 1
6769 3
6770 2
6771 3
6772 2
6773 1
6774 3
6775 1
6776 2
6777 1
6778 1
6779 4
6780 2
6781 4
6782 4
6783 3
6784 0
6785 2
6786 2
6787 1
6788 2
6789 3
6790 3
6791 4
6792 3
6793 3
6794 3
6795 0
6796 1
6797 3
6798 3
6799 2
6800 2
6801 1
6802 2
6803 2
6804 2
6805 2
6806 4
6807 1
6808 2
6809 3
6810 4
6811 3
6812 0
6813 2
6814 1
6815 3
6816 3
6817 1
6818 3
6819 2
6820 1
6821 2
6822 0
6823 1
6824 3
6825 4
6826 4
6827 2
6828 1
6829 2
6830 4
6831 5
6832 3
6833 2
6834 5
6835 4
6836 1
6837 3
6838 2
6839 3
6840 3
6841 2
6842 0
6843 2
6844 1
6845 1
6846 3
6847 1
6848 1
6849 2
6850 4
6851 2
6852 3
6853 2
6854 4
6855 5
6856 2
6857 4
6858 4
6859 4
6860 3
6861 4
6862 2
6863 2
6864 6
6865 7
6866 6
6867 6
6868 6
6869 8
6870 7
6871 5
6872 3
6873 4
6874 2
6875 3
6876 1
6877 2
6878 2
6879 1
6880 1
6881 1
6882 0
6883 1
6884 4
6885 4
6886 3
6887 1
6888 0
6889 1
6890 4
6891 2
6892 1
6893 1
6894 0
6895 1
6896 1
6897 0
6898 3
6899 2
6900 1
6901 2
6902 3
6903 2
6904 2
6905 2
6906 0
6907 1
6908 1
6909 5
6910 4
6911 2
6912 2
6913 2
6914 2
6915 1
6916 4
6917 2
6918 0
6919 1
6920 0
6921 3
6922 3
6923 4
6924 2
6925 2
6926 2
6927 1
6928 2
6929 3
6930 0
6931 2
6932 3
6933 4
6934 2
6935 0
6936 2
6937 3
6938 2
6939 2
6940 1
6941 3
6942 0
6943 2
6944 1
6945 3
6946 3
6947 1
6948 4
6949 2
6950 0
6951 2
6952 1
6953 2
6954 2
6955 3
6956 3
6957 2
6958 3
6959 3
6960 2
6961 0
6962 2
6963 0
6964 2
6965 2
6966 1
6967 1
6968 1
6969 1
6970 0
6971 3
6972 2
6973 1
6974 4
6975 4
6976 2
6977 3
6978 2
6979 2
6980 0
6981 2
6982 4
6983 4
6984 5
6985 4
6986 1
6987 2
6988 3
6989 1
6990 1
6991 3
6992 1
6993 0
6994 2
6995 1
6996 2
6997 4
6998 8
6999 9
7000 6
7001 5
7002 5
7003 4
7004 1
7005 2
7006 2
7007 2
7008 2
7009 1
7010 5
7011 2
7012 3
7013 3
7014 2
7015 1
7016 4
7017 4
7018 4
7019 4
7020 4
7021 6
7022 5
7023 3
7024 1
7025 2
7026 0
7027 2
7028 2
7029 3
7030 1
7031 3
7032 3
7033 0
7034 1
7035 3
7036 0
7037 2
7038 3
7039 2
7040 1
7041 0
7042 1
7043 0
7044 2
7045 2
7046 1
7047 2
7048 2
7049 5
7050 2
7051 3
7052 0
7053 1
7054 2
7055 2
7056 2
7057 4
7058 2
7059 2
7060 1
7061 4
7062 2
7063 0
7064 1
7065 2
7066 3
7067 3
7068 2
7069 3
7070 1
7071 2
7072 4
7073 1
7074 1
7075 4
7076 3
7077 2
7078 1
7079 1
7080 1
7081 1
7082 2
7083 3
7084 0
7085 2
7086 4
7087 3
7088 0
7089 2
7090 1
7091 1
7092 1
7093 3
7094 1
7095 2
7096 1
7097 2
7098 1
7099 5
7100 4
7101 5
7102 3
7103 2
7104 1
7105 1
7106 4
7107 4
7108 2
7109 3
7110 0
7111 1
7112 2
7113 1
7114 4
7115 3
7116 1
7117 1
7118 2
7119 2
7120 3
7121 5
7122 7
7123 8
7124 9
7125 6
7126 5
7127 3
7128 1
7129 4
7130 3
7131 1
7132 1
7133 2
7134 0
7135 1
7136 1
7137 3
7138 2
7139 2
7140 2
7141 1
7142 1
7143 1
7144 0
7145 4
7146 2
7147 2
7148 3
7149 2
7150 2
7151 2
7152 2
7153 1
7154 3
7155 2
7156 3
7157 4
7158 3
7159 1
7160 1
7161 1
7162 1
7163 2
7164 4
7165 3
7166 2
7167 4
7168 2
7169 0
7170 4
7171 3
7172 2
7173 3
7174 5
7175 3
7176 3
7177 4
7178 2
7179 0
7180 2
7181 2
7182 2
7183 1
7184 1
7185 3
7186 1
7187 2
7188 2
7189 0
7190 3
7191 3
7192 1
7193 5
7194 4
7195 3
7196 1
7197 1
7198 3
7199 1
7200 1
7201 1
7202 0
7203 0
7204 3
7205 1
7206 2
7207 2
7208 2
7209 2
7210 4
7211 4
7212 1
7213 0
7214 2
7215 3
7216 2
7217 4
7218 2
7219 3
7220 0
7221 3
7222 2
7223 5
7224 4
7225 4
7226 4
7227 4
7228 8
7229 9
7230 7
7231 4
7232 4
7233 2
7234 0
7235 1
7236 4
7237 4
7238 2
7239 2
7240 0
7241 1
7242 0
7243 2
7244 3
7245 3
7246 3
7247 2
7248 2
7249 1
7250 2
7251 1
7252 0
7253 0
7254 0
7255 1
7256 1
7257 2
7258 3
7259 0
7260 3
7261 2
7262 0
7263 3
7264 2
7265 3
7266 4
7267 3
7268 2
7269 2
7270 3
7271 3
7272 0
7273 1
7274 0
7275 3
7276 2
7277 1
7278 2
7279 5
7280 2
7281 2
7282 0
7283 2
7284 2
7285 1
7286 2
7287 0
7288 1
7289 2
7290 2
7291 2
7292 2
7293 2
7294 4
7295 4
7296 2
7297 2
7298 1
7299 2
7300 4
7301 3
7302 3
7303 2
7304 3
7305 0
7306 1
7307 3
7308 1
7309 2
7310 2
7311 0
7312 1
7313 2
7314 2
7315 0
7316 3
7317 1
7318 2
7319 2
7320 4
7321 3
7322 4
7323 1
7324 2
7325 4
7326 3
7327 2
7328 1
7329 2
7330 3
7331 1
7332 0
7333 0
7334 2
7335 3
7336 2
7337 1
7338 5
7339 4
7340 3
7341 2
7342 3
7343 1
7344 2
7345 0
7346 0
7347 2
7348 3
7349 2
7350 0
7351 0
7352 3
7353 4
7354 3
7355 3
7356 3
7357 2
7358 1
7359 1
7360 2
7361 1
7362 2
7363 1
7364 1
7365 2
7366 1
7367 2
7368 2
7369 1
7370 4
7371 3
7372 1
7373 3
7374 5
7375 4
7376 4
7377 3
7378 1
7379 1
7380 1
7381 1
7382 1
7383 1
7384 2
7385 3
7386 4
7387 4
7388 1
7389 2
7390 2
7391 3
7392 2
7393 1
7394 0
7395 1
7396 2
7397 1
7398 4
7399 6
7400 3
7401 1
7402 3
7403 0
7404 2
7405 0
7406 0
7407 1
7408 1
7409 3
7410 2
7411 4
7412 4
7413 2
7414 1
7415 2
7416 2
7417 2
7418 3
7419 4
7420 2
7421 3
7422 3
7423 3
7424 2
7425 3
7426 3
7427 1
7428 2
7429 1
7430 0
7431 2
7432 2
7433 4
7434 3
7435 0
7436 0
7437 1
7438 1
7439 2
7440 2
7441 1
7442 1
7443 1
7444 0
7445 1
7446 4
7447 4
7448 4
7449 4
7450 2
7451 4
7452 1
7453 1
7454 2
7455 3
7456 2
7457 2
7458 6
7459 5
7460 4
7461 1
7462 2
7463 2
7464 3
7465 1
7466 0
7467 2
7468 2
7469 3
7470 1
7471 0
7472 1
7473 3
7474 1
7475 0
7476 2
7477 0
7478 2
7479 2
7480 0
7481 1
7482 3
7483 0
7484 1
7485 2
7486 1
7487 4
7488 4
7489 2
7490 3
7491 3
7492 0
7493 1
7494 2
7495 5
7496 6
7497 6
7498 5
7499 5
7500 4
7501 6
7502 4
7503 3
7504 1
7505 2
7506 1
7507 2
7508 2
7509 0
7510 3
7511 3
7512 2
7513 3
7514 2
7515 3
7516 2
7517 2
7518 2
7519 2
7520 0
7521 1
7522 3
7523 1
7524 2
7525 1
7526 1
7527 0
7528 2
7529 1
7530 2
7531 3
7532 1
7533 4
7534 3
7535 1
7536 3
7537 3
7538 5
7539 4
7540 1
7541 2
7542 2
7543 1
7544 1
7545 5
7546 3
7547 1
7548 2
7549 0
7550 1
7551 2
7552 1
7553 1
7554 1
7555 1
7556 3
7557 1
7558 3
7559 3
7560 2
7561 2
7562 1
7563 0
7564 2
7565 1
7566 0
7567 2
7568 2
7569 0
7570 2
7571 0
7572 3
7573 2
7574 2
7575 1
7576 5
7577 4
7578 1
7579 0
7580 2
7581 1
7582 4
7583 5
7584 4
7585 1
7586 2
7587 4
7588 4
7589 3
7590 4
7591 4
7592 2
7593 0
7594 4
7595 3
7596 2
7597 0
7598 3
7599 1
7600 1
7601 2
7602 2
7603 5
7604 6
7605 4
7606 4
7607 3
7608 5
7609 5
7610 5
7611 4
7612 3
7613 3
7614 3
7615 2
7616 2
7617 5
7618 3
7619 2
7620 1
7621 1
7622 3
7623 2
7624 3
7625 3
7626 3
7627 1
7628 4
7629 4
7630 1
7631 2
7632 1
7633 2
7634 2
7635 3
7636 3
7637 1
7638 7
7639 6
7640 6
7641 6
7642 5
7643 2
7644 0
7645 1
7646 2
7647 2
7648 2
7649 1
7650 2
7651 2
7652 4
7653 1
7654 2
7655 1
7656 2
7657 4
7658 3
7659 3
7660 5
7661 3
7662 3
7663 3
7664 2
7665 2
7666 2
7667 3
7668 1
7669 2
7670 2
7671 2
7672 2
7673 6
7674 6
7675 4
7676 1
7677 2
7678 2
7679 4
7680 3
7681 1
7682 2
7683 2
7684 3
7685 2
7686 2
7687 3
7688 5
7689 2
7690 2
7691 3
7692 4
7693 3
7694 1
7695 1
7696 1
7697 0
7698 3
7699 1
7700 0
7701 1
7702 1
7703 1
7704 0
7705 2
7706 3
7707 1
7708 2
7709 0
7710 2
7711 4
7712 6
7713 6
7714 7
7715 7
7716 6
7717 8
7718 5
7719 4
7720 5
7721 4
7722 3
7723 3
7724 0
7725 3
7726 0
7727 3
7728 1
7729 2
7730 1
7731 0
7732 0
7733 0
7734 3
7735 4
7736 4
7737 2
7738 2
7739 3
7740 4
7741 5
7742 3
7743 0
7744 2
7745 5
7746 5
7747 6
7748 5
7749 4
7750 3
7751 0
7752 4
7753 1
7754 2
7755 3
7756 0
7757 2
7758 4
7759 2
7760 2
7761 3
7762 2
7763 5
7764 4
7765 5
7766 4
7767 4
7768 4
7769 3
7770 0
7771 1
7772 3
7773 2
7774 2
7775 0
7776 2
7777 0
7778 2
7779 0
7780 2
7781 1
7782 1
7783 2
7784 3
7785 3
7786 3
7787 3
7788 1
7789 0
7790 3
7791 1
7792 0
7793 0
7794 0
7795 2
7796 1
7797 0
7798 1
7799 3
7800 0
7801 3
7802 2
7803 0
7804 1
7805 2
7806 1
7807 2
7808 2
7809 2
7810 0
7811 2
7812 3
7813 3
7814 0
7815 3
7816 2
7817 1
7818 0
7819 2
7820 3
7821 2
7822 1
7823 3
7824 5
7825 6
7826 8
7827 6
7828 6
7829 6
7830 4
7831 2
7832 1
7833 4
7834 3
7835 1
7836 1
7837 3
7838 1
7839 1
7840 2
7841 2
7842 1
7843 4
7844 2
7845 2
7846 2
7847 5
7848 4
7849 3
7850 1
7851 1
7852 2
7853 1
7854 1
7855 4
7856 3
7857 0
7858 2
7859 6
7860 5
7861 2
7862 0
7863 1
7864 3
7865 1
7866 5
7867 4
7868 2
7869 0
7870 1
7871 1
7872 0
7873 0
7874 0
7875 1
7876 2
7877 3
7878 6
7879 5
7880 2
7881 0
7882 2
7883 1
7884 1
7885 5
7886 3
7887 3
7888 0
7889 2
7890 2
7891 3
7892 3
7893 2
7894 0
7895 3
7896 3
7897 2
7898 1
7899 0
7900 1
7901 3
7902 3
7903 1
7904 1
7905 1
7906 0
7907 0
7908 1
7909 1
7910 2
7911 2
7912 3
7913 1
7914 2
7915 2
7916 1
7917 3
7918 1
7919 4
7920 5
7921 6
7922 5
7923 2
7924 2
7925 2
7926 1
7927 0
7928 0
7929 0
7930 2
7931 2
7932 1
7933 2
7934 1
7935 1
7936 2
7937 3
7938 3
7939 1
7940 0
7941 1
7942 2
7943 2
7944 4
7945 3
7946 3
7947 1
7948 2
7949 1
7950 4
7951 3
7952 2
7953 1
7954 5
7955 7
7956 5
7957 4
7958 2
7959 2
7960 2
7961 1
7962 3
7963 1
7964 1
7965 2
7966 3
7967 3
7968 3
7969 2
7970 3
7971 3
7972 3
7973 2
7974 2
7975 2
7976 1
7977 2
7978 1
7979 2
7980 2
7981 1
7982 2
7983 1
7984 5
7985 6
7986 7
7987 5
7988 3
7989 5
7990 2
7991 0
7992 1
7993 1
7994 2
7995 1
7996 3
7997 2
7998 5
7999 3
8000 1
8001 1
8002 1
8003 0
8004 2
8005 2
8006 1
8007 2
8008 3
8009 3
8010 2
8011 1
8012 2
8013 2
8014 2
8015 0
8016 1
8017 2
8018 2
8019 0
8020 1
8021 2
8022 0
8023 3
8024 0
8025 1
8026 1
8027 2
8028 3
8029 0
8030 1
8031 3
8032 1
8033 3
8034 1
8035 3
8036 4
8037 3
8038 5
8039 4
8040 2
8041 2
8042 3
8043 3
8044 3
8045 6
8046 5
8047 4
8048 1
8049 1
8050 0
8051 1
8052 3
8053 1
8054 5
8055 2
8056 2
8057 1
8058 1
8059 1
8060 0
8061 1
8062 1
8063 0
8064 3
8065 1
8066 2
8067 2
8068 3
8069 1
8070 0
8071 0
8072 1
8073 1
8074 0
8075 3
8076 1
8077 2
8078 2
8079 2
8080 0
8081 3
8082 3
8083 0
8084 1
8085 0
8086 1
8087 2
8088 2
8089 3
8090 1
8091 2
8092 2
8093 3
8094 0
8095 1
8096 2
8097 1
8098 3
8099 4
8100 4
8101 2
8102 3
8103 0
8104 1
8105 2
8106 0
8107 3
8108 2
8109 3
8110 2
8111 3
8112 0
8113 0
8114 3
8115 1
8116 2
8117 1
8118 2
8119 2
8120 1
8121 1
8122 4
8123 1
8124 3
8125 4
8126 3
8127 3
8128 5
8129 4
8130 5
8131 2
8132 1
8133 1
8134 1
8135 1
8136 1
8137 0
8138 0
8139 1
8140 1
8141 2
8142 2
8143 3
8144 2
8145 2
8146 4
8147 1
8148 0
8149 0
8150 2
8151 0
8152 2
8153 3
8154 5
8155 4
8156 3
8157 1
8158 2
8159 4
8160 3
8161 1
8162 2
8163 4
8164 2
8165 0
8166 2
8167 2
8168 3
8169 2
8170 2
8171 2
8172 2
8173 1
8174 2
8175 1
8176 2
8177 1
8178 3
8179 3
8180 2
8181 3
8182 3
8183 5
8184 5
8185 4
8186 3
8187 0
8188 1
8189 2
8190 2
8191 2
8192 3
8193 1
8194 1
8195 2
8196 2
8197 3
8198 3
8199 4
8200 3
8201 2
8202 0
8203 3
8204 1
8205 0
8206 1
8207 0
8208 1
8209 0
8210 2
8211 3
8212 3
8213 3
8214 1
8215 1
8216 0
8217 2
8218 3
8219 1
8220 2
8221 4
8222 4
8223 3
8224 1
8225 4
8226 2
8227 5
8228 5
8229 3
8230 0
8231 1
8232 1
8233 1
8234 1
8235 4
8236 3
8237 2
8238 2
8239 3
8240 2
8241 2
8242 4
8243 3
8244 2
8245 0
8246 1
8247 2
8248 3
8249 2
8250 3
8251 2
8252 1
8253 1
8254 1
8255 6
8256 3
8257 2
8258 1
8259 0
8260 3
8261 1
8262 3
8263 0
8264 1
8265 1
8266 1
8267 5
8268 5
8269 4
8270 1
8271 1
8272 0
8273 3
8274 1
8275 1
8276 2
8277 0
8278 4
8279 3
8280 1
8281 0
8282 3
8283 2
8284 2
8285 1
8286 2
8287 2
8288 4
8289 4
8290 3
8291 2
8292 2
8293 3
8294 1
8295 3
8296 1
8297 4
8298 3
8299 2
8300 4
8301 4
8302 4
8303 2
8304 2
8305 4
8306 3
8307 1
8308 2
8309 0
8310 2
8311 3
8312 2
8313 4
8314 5
8315 2
8316 2
8317 1
8318 1
8319 3
8320 2
8321 1
8322 2
8323 1
8324 2
8325 2
8326 2
8327 3
8328 2
8329 0
8330 2
8331 2
8332 2
8333 1
8334 2
8335 1
8336 0
8337 0
8338 3
8339 4
8340 4
8341 3
8342 4
8343 4
8344 2
8345 0
8346 1
8347 1
8348 3
8349 4
8350 4
8351 2
8352 1
8353 1
8354 0
8355 2
8356 0
8357 2
8358 2
8359 2
8360 2
8361 1
8362 2
8363 4
8364 3
8365 1
8366 2
8367 2
8368 0
8369 2
8370 1
8371 1
8372 4
8373 3
8374 2
8375 3
8376 3
8377 4
8378 2
8379 2
8380 1
8381 1
8382 2
8383 0
8384 3
8385 3
8386 0
8387 1
8388 3
8389 1
8390 2
8391 4
8392 3
8393 0
8394 1
8395 1
8396 3
8397 0
8398 1
8399 2
8400 1
8401 1
8402 3
8403 1
8404 4
8405 6
8406 6
8407 4
8408 1
8409 1
8410 2
8411 2
8412 1
8413 1
8414 2
8415 5
8416 5
8417 2
8418 2
8419 3
8420 4
8421 2
8422 3
8423 2
8424 4
8425 3
8426 0
8427 2
8428 2
8429 2
8430 0
8431 1
8432 1
8433 2
8434 1
8435 2
8436 1
8437 4
8438 2
8439 0
8440 2
8441 0
8442 1
8443 1
8444 0
8445 4
8446 1
8447 1
8448 3
8449 4
8450 4
8451 2
8452 1
8453 2
8454 1
8455 0
8456 1
8457 2
8458 2
8459 0
8460 1
8461 2
8462 3
8463 5
8464 6
8465 6
8466 5
8467 4
8468 3
8469 3
8470 1
8471 2
8472 1
8473 0
8474 1
8475 2
8476 1
8477 1
8478 1
8479 1
8480 3
8481 1
8482 4
8483 4
8484 3
8485 2
8486 2
8487 0
8488 2
8489 1
8490 3
8491 4
8492 2
8493 2
8494 0
8495 2
8496 2
8497 1
8498 1
8499 2
8500 0
8501 3
8502 1
8503 2
8504 4
8505 5
8506 6
8507 4
8508 1
8509 2
8510 1
8511 1
8512 1
8513 1
8514 0
8515 1
8516 2
8517 3
8518 0
8519 1
8520 1
8521 0
8522 1
8523 1
8524 1
8525 3
8526 0
8527 3
8528 1
8529 0
8530 1
8531 3
8532 3
8533 2
8534 3
8535 6
8536 6
8537 4
8538 2
8539 2
8540 6
8541 5
8542 2
8543 5
8544 6
8545 4
8546 3
8547 1
8548 4
8549 4
8550 3
8551 0
8552 2
8553 2
8554 2
8555 3
8556 1
8557 1
8558 2
8559 2
8560 3
8561 2
8562 4
8563 1
8564 1
8565 2
8566 1
8567 2
8568 4
8569 4
8570 5
8571 6
8572 5
8573 6
8574 8
8575 6
8576 5
8577 4
8578 2
8579 3
8580 3
8581 2
8582 1
8583 1
8584 1
8585 0
8586 4
8587 3
8588 4
8589 1
8590 1
8591 4
8592 4
8593 2
8594 1
8595 2
8596 1
8597 2
8598 3
8599 1
8600 0
8601 2
8602 0
8603 1
8604 3
8605 0
8606 1
8607 2
8608 1
8609 0
8610 3
8611 3
8612 3
8613 2
8614 2
8615 2
8616 3
8617 1
8618 3
8619 1
8620 2
8621 2
8622 3
8623 0
8624 4
8625 2
8626 0
8627 1
8628 0
8629 0
8630 1
8631 1
8632 1
8633 3
8634 1
8635 2
8636 2
8637 1
8638 2
8639 3
8640 2
8641 2
8642 2
8643 1
8644 0
8645 3
8646 0
8647 4
8648 4
8649 2
8650 2
8651 2
8652 1
8653 5
8654 4
8655 3
8656 1
8657 0
8658 2
8659 1
8660 4
8661 4
8662 2
8663 4
8664 2
8665 1
8666 1
8667 2
8668 0
8669 2
8670 2
8671 2
8672 4
8673 3
8674 4
8675 4
8676 3
8677 2
8678 2
8679 1
8680 2
8681 6
8682 5
8683 2
8684 3
8685 0
8686 2
8687 4
8688 2
8689 2
8690 1
8691 1
8692 4
8693 8
8694 7
8695 5
8696 3
8697 0
8698 4
8699 2
8700 4
8701 5
8702 6
8703 6
8704 6
8705 8
8706 6
8707 5
8708 4
8709 3
8710 1
8711 2
8712 1
8713 2
8714 2
8715 2
8716 1
8717 2
8718 1
8719 2
8720 2
8721 1
8722 2
8723 3
8724 1
8725 1
8726 1
8727 3
8728 2
8729 0
8730 7
8731 8
8732 7
8733 7
8734 7
8735 6
8736 3
8737 3
8738 1
8739 5
8740 5
8741 6
8742 6
8743 4
8744 2
8745 4
8746 3
8747 3
8748 3
8749 4
8750 5
8751 4
8752 5
8753 7
8754 8
8755 6
8756 4
8757 1
8758 0
8759 2
8760 3
8761 3
8762 0
8763 3
8764 2
8765 2
8766 2
8767 3
8768 2
8769 1
8770 2
8771 1
8772 2
8773 3
8774 1
8775 4
8776 3
8777 3
8778 3
8779 2
8780 0
8781 5
8782 2
8783 1
8784 3
8785 1
8786 1
8787 1
8788 2
8789 2
8790 3
8791 3
8792 2
8793 4
8794 2
8795 0
8796 2
8797 1
8798 0
8799 2
8800 6
8801 5
8802 3
8803 0
8804 2
8805 0
8806 1
8807 5
8808 4
8809 3
8810 2
8811 2
8812 2
8813 2
8814 2
8815 1
8816 0
8817 2
8818 2
8819 1
8820 5
8821 4
8822 4
8823 3
8824 0
8825 2
8826 2
8827 2
8828 3
8829 5
8830 5
8831 3
8832 1
8833 2
8834 4
8835 3
8836 1
8837 4
8838 4
8839 4
8840 5
8841 4
8842 4
8843 3
8844 4
8845 3
8846 1
8847 2
8848 2
8849 1
8850 2
8851 1
8852 2
8853 0
8854 2
8855 1
8856 2
8857 1
8858 1
8859 3
8860 1
8861 1
8862 2
8863 0
8864 1
8865 4
8866 5
8867 4
8868 1
8869 2
8870 0
8871 2
8872 1
8873 0
8874 1
8875 0
8876 2
8877 4
8878 2
8879 2
8880 3
8881 4
8882 5
8883 3
8884 0
8885 1
8886 1
8887 4
8888 5
8889 4
8890 1
8891 2
8892 2
8893 1
8894 4
8895 1
8896 2
8897 2
8898 0
8899 1
8900 1
8901 1
8902 0
8903 3
8904 2
8905 1
8906 2
8907 3
8908 2
8909 3
8910 3
8911 2
8912 0
8913 3
8914 2
8915 2
8916 4
8917 2
8918 0
8919 2
8920 2
8921 2
8922 0
8923 2
8924 1
8925 3
8926 0
8927 2
8928 2
8929 1
8930 2
8931 3
8932 2
8933 1
8934 3
8935 1
8936 3
8937 2
8938 2
8939 1
8940 1
8941 2
8942 1
8943 2
8944 1
8945 1
8946 2
8947 5
8948 4
8949 2
8950 2
8951 0
8952 3
8953 1
8954 1
8955 2
8956 2
8957 4
8958 4
8959 5
8960 4
8961 4
8962 2
8963 1
8964 3
8965 3
8966 0
8967 2
8968 3
8969 0
8970 3
8971 0
8972 1
8973 3
8974 3
8975 1
8976 3
8977 1
8978 0
8979 1
8980 0
8981 3
8982 1
8983 2
8984 1
8985 2
8986 1
8987 1
8988 1
8989 0
8990 2
8991 3
8992 2
8993 0
8994 3
8995 0
8996 3
8997 1
8998 3
8999 2
9000 1
9001 2
9002 3
9003 2
9004 2
9005 1
9006 2
9007 0
9008 2
9009 1
9010 0
9011 3
9012 0
9013 0
9014 1
9015 1
9016 0
9017 0
9018 1
9019 2
9020 2
9021 1
9022 1
9023 1
9024 2
9025 1
9026 1
9027 2
9028 3
9029 1
9030 3
9031 5
9032 7
9033 5
9034 3
9035 1
9036 1
9037 2
9038 2
9039 1
9040 3
9041 2
9042 0
9043 1
9044 1
9045 4
9046 5
9047 2
9048 0
9049 0
9050 0
9051 2
9052 3
9053 4
9054 2
9055 2
9056 1
9057 1
9058 2
9059 4
9060 3
9061 4
9062 3
9063 1
9064 2
9065 0
9066 2
9067 2
9068 2
9069 1
9070 4
9071 4
9072 2
9073 2
9074 1
9075 1
9076 3
9077 2
9078 2
9079 0
9080 4
9081 2
9082 4
9083 4
9084 2
9085 2
9086 2
9087 3
9088 0
9089 0
9090 0
9091 3
9092 1
9093 4
9094 5
9095 4
9096 2
9097 0
9098 2
9099 1
9100 2
9101 1
9102 1
9103 3
9104 2
9105 3
9106 3
9107 2
9108 1
9109 1
9110 1
9111 1
9112 1
9113 0
9114 3
9115 1
9116 2
9117 2
9118 2
9119 1
9120 3
9121 4
9122 7
9123 8
9124 7
9125 10
9126 13
9127 10
9128 7
9129 9
9130 10
9131 12
9132 11
9133 11
9134 14
9135 11
9136 9
9137 7
9138 8
9139 7
9140 5
9141 6
9142 5
9143 3
9144 1
9145 3
9146 2
9147 0
9148 2
9149 2
9150 2
9151 2
9152 4
9153 1
9154 1
9155 3
9156 3
9157 0
9158 0
9159 1
9160 0
9161 3
9162 2
9163 1
9164 1
9165 2
9166 2
9167 1
9168 1
9169 1
9170 1
9171 0
9172 2
9173 2
9174 2
9175 1
9176 4
9177 1
9178 3
9179 3
9180 2
9181 3
9182 3
9183 4
9184 3
9185 1
9186 3
9187 2
9188 6
9189 5
9190 4
9191 2
9192 1
9193 1
9194 1
9195 4
9196 3
9197 3
9198 5
9199 2
9200 2
9201 4
9202 4
9203 4
9204 4
9205 5
9206 7
9207 7
9208 5
9209 6
9210 5
9211 3
9212 2
9213 3
9214 2
9215 1
9216 0
9217 0
9218 1
9219 1
9220 1
9221 3
9222 3
9223 2
9224 0
9225 3
9226 0
9227 2
9228 2
9229 1
9230 2
9231 3
9232 4
9233 5
9234 4
9235 2
9236 1
9237 0
9238 1
9239 1
9240 1
9241 3
9242 4
9243 4
9244 5
9245 2
9246 3
9247 1
9248 2
9249 5
9250 4
9251 3
9252 0
9253 3
9254 2
9255 0
9256 1
9257 1
9258 1
9259 1
9260 1
9261 3
9262 0
9263 2
9264 1
9265 2
9266 1
9267 0
9268 1
9269 1
9270 3
9271 4
9272 7
9273 7
9274 6
9275 4
9276 4
9277 3
9278 4
9279 3
9280 1
9281 1
9282 2
9283 2
9284 1
9285 0
9286 3
9287 2
9288 3
9289 3
9290 3
9291 0
9292 2
9293 1
9294 2
9295 1
9296 1
9297 3
9298 3
9299 4
9300 4
9301 5
9302 4
9303 3
9304 2
9305 5
9306 4
9307 4
9308 1
9309 0
9310 1
9311 3
9312 2
9313 3
9314 0
9315 2
9316 2
9317 1
9318 0
9319 3
9320 0
9321 4
9322 2
9323 2
9324 5
9325 2
9326 0
9327 1
9328 2
9329 1
9330 6
9331 5
9332 4
9333 6
9334 8
9335 5
9336 4
9337 3
9338 4
9339 2
9340 3
9341 1
9342 5
9343 3
9344 0
9345 0
9346 1
9347 0
9348 1
9349 3
9350 1
9351 2
9352 1
9353 1
9354 0
9355 2
9356 1
9357 3
9358 2
9359 2
9360 0
9361 3
9362 2
9363 2
9364 2
9365 0
9366 4
9367 3
9368 3
9369 3
9370 1
9371 5
9372 5
9373 6
9374 5
9375 3
9376 3
9377 2
9378 1
9379 4
9380 2
9381 1
9382 2
9383 2
9384 5
9385 7
9386 4
9387 3
9388 2
9389 3
9390 3
9391 4
9392 3
9393 1
9394 3
9395 2
9396 5
9397 4
9398 2
9399 1
9400 2
9401 2
9402 2
9403 2
9404 2
9405 0
9406 1
9407 0
9408 0
9409 0
9410 2
9411 2
9412 2
9413 2
9414 0
9415 1
9416 4
9417 2
9418 0
9419 1
9420 3
9421 0
9422 2
9423 1
9424 1
9425 2
9426 1
9427 2
9428 3
9429 1
9430 1
9431 0
9432 1
9433 1
9434 3
9435 3
9436 2
9437 3
9438 2
9439 1
9440 1
9441 3
9442 5
9443 6
9444 5
9445 2
9446 2
9447 1
9448 4
9449 1
9450 1
9451 1
9452 1
9453 1
9454 4
9455 4
9456 3
9457 4
9458 2
9459 4
9460 3
9461 0
9462 4
9463 4
9464 1
9465 5
9466 5
9467 5
9468 2
9469 4
9470 2
9471 3
9472 2
9473 1
9474 1
9475 2
9476 2
9477 1
9478 1
9479 2
9480 1
9481 0
9482 4
9483 2
9484 0
9485 2
9486 2
9487 0
9488 3
9489 0
9490 2
9491 2
9492 2
9493 0
9494 3
9495 3
9496 3
9497 2
9498 1
9499 3
9500 0
9501 0
9502 0
9503 1
9504 1
9505 0
9506 2
9507 4
9508 3
9509 2
9510 1
9511 2
9512 1
9513 1
9514 1
9515 2
9516 1
9517 2
9518 1
9519 4
9520 3
9521 1
9522 0
9523 1
9524 3
9525 2
9526 1
9527 2
9528 3
9529 6
9530 6
9531 6
9532 6
9533 4
9534 2
9535 1
9536 1
9537 1
9538 1
9539 2
9540 1
9541 3
9542 2
9543 1
9544 1
9545 2
9546 1
9547 1
9548 4
9549 3
9550 1
9551 3
9552 3
9553 1
9554 1
9555 3
9556 2
9557 1
9558 0
9559 1
9560 3
9561 0
9562 2
9563 2
9564 1
9565 1
9566 3
9567 2
9568 2
9569 5
9570 4
9571 4
9572 4
9573 4
9574 3
9575 0
9576 0
9577 3
9578 1
9579 2
9580 1
9581 1
9582 1
9583 1
9584 4
9585 4
9586 3
9587 2
9588 3
9589 3
9590 3
9591 2
9592 1
9593 4
9594 3
9595 2
9596 2
9597 3
9598 1
9599 2
9600 0
9601 1
9602 2
9603 0
9604 2
9605 0
9606 2
9607 1
9608 0
9609 2
9610 2
9611 1
9612 3
9613 1
9614 3
9615 3
9616 3
9617 1
9618 2
9619 3
9620 2
9621 0
9622 2
9623 3
9624 0
9625 2
9626 3
9627 2
9628 0
9629 1
9630 2
9631 1
9632 2
9633 2
9634 0
9635 3
9636 1
9637 1
9638 1
9639 0
9640 2
9641 1
9642 2
9643 3
9644 2
9645 2
9646 2
9647 2
9648 2
9649 4
9650 2
9651 3
9652 4
9653 4
9654 4
9655 4
9656 2
9657 3
9658 1
9659 2
9660 0
9661 0
9662 1
9663 3
9664 2
9665 2
9666 1
9667 2
9668 4
9669 4
9670 3
9671 3
9672 1
9673 1
9674 3
9675 2
9676 2
9677 4
9678 2
9679 2
9680 2
9681 3
9682 5
9683 3
9684 3
9685 1
9686 1
9687 3
9688 4
9689 2
9690 0
9691 2
9692 0
9693 0
9694 0
9695 0
9696 3
9697 1
9698 1
9699 1
9700 0
9701 2
9702 1
9703 1
9704 1
9705 1
9706 3
9707 2
9708 2
9709 2
9710 2
9711 1
9712 2
9713 4
9714 4
9715 1
9716 0
9717 1
9718 4
9719 1
9720 2
9721 3
9722 1
9723 1
9724 2
9725 2
9726 2
9727 2
9728 3
9729 4
9730 3
9731 0
9732 3
9733 2
9734 1
9735 2
9736 0
9737 3
9738 0
9739 4
9740 4
9741 5
9742 4
9743 4
9744 2
9745 4
9746 3
9747 0
9748 4
9749 4
9750 2
9751 1
9752 3
9753 3
9754 1
9755 2
9756 4
9757 3
9758 0
9759 2
9760 0
9761 2
9762 2
9763 2
9764 3
9765 2
9766 3
9767 5
9768 4
9769 3
9770 2
9771 2
9772 1
9773 3
9774 3
9775 4
9776 3
9777 2
9778 1
9779 3
9780 2
9781 2
9782 2
9783 0
9784 4
9785 3
9786 1
9787 4
9788 4
9789 4
9790 4
9791 5
9792 3
9793 5
9794 3
9795 0
9796 2
9797 4
9798 3
9799 2
9800 4
9801 3
9802 1
9803 4
9804 3
9805 3
9806 0
9807 2
9808 2
9809 1
9810 1
9811 2
9812 1
9813 2
9814 3
9815 5
9816 2
9817 2
9818 2
9819 1
9820 2
9821 1
9822 1
9823 1
9824 3
9825 4
9826 2
9827 3
9828 1
9829 0
9830 1
9831 4
9832 4
9833 4
9834 3
9835 2
9836 4
9837 1
9838 1
9839 3
9840 2
9841 1
9842 1
9843 4
9844 5
9845 4
9846 4
9847 5
9848 6
9849 5
9850 3
9851 0
9852 2
9853 2
9854 1
9855 1
9856 1
9857 4
9858 2
9859 2
9860 3
9861 1
9862 1
9863 1
9864 1
9865 2
9866 0
9867 2
9868 3
9869 2
9870 1
9871 0
9872 1
9873 2
9874 1
9875 1
9876 2
9877 1
9878 2
9879 3
9880 3
9881 4
9882 2
9883 1
9884 0
9885 4
9886 7
9887 6
9888 5
9889 3
9890 0
9891 2
9892 2
9893 1
9894 1
9895 2
9896 3
9897 2
9898 3
9899 1
9900 2
9901 2
9902 6
9903 4
9904 3
9905 4
9906 7
9907 6
9908 5
9909 5
9910 4
9911 2
9912 4
9913 2
9914 4
9915 2
9916 1
9917 1
9918 0
9919 2
9920 1
9921 1
9922 4
9923 3
9924 1
9925 4
9926 3
9927 1
9928 1
9929 1
9930 1
9931 3
9932 1
9933 3
9934 3
9935 1
9936 1
9937 0
9938 2
9939 2
9940 1
9941 5
9942 4
9943 5
9944 4
9945 3
9946 0
9947 2
9948 2
9949 1
9950 2
9951 1
9952 3
9953 3
9954 1
9955 5
9956 4
9957 3
9958 2
9959 1
9960 2
9961 1
9962 1
9963 2
9964 3
9965 1
9966 0
9967 4
9968 3
9969 2
9970 3
9971 5
9972 4
9973 3
9974 1
9975 2
9976 3
9977 0
9978 1
9979 3
9980 4
9981 2
9982 3
9983 3
9984 0
9985 4
9986 1
9987 2
9988 0
9989 1
9990 1
9991 2
9992 0
9993 2
9994 5
9995 7
9996 5
9997 4
9998 4
9999 2
