0 2
1 1
2 2
3 3
4 4
5 4
6 3
7 2
8 1
9 2
10 2
11 3
12 5
13 3
14 1
15 1
16 3
17 4
18 4
19 3
20 3
21 4
22 4
23 4
24 5
25 6
26 4
27 3
28 0
29 2
30 1
31 3
32 0
33 3
34 1
35 1
36 1
37 2
38 4
39 2
40 3
41 3
42 1
43 2
44 4
45 5
46 5
47 3
48 4
49 5
50 4
51 3
52 2
53 2
54 3
55 6
56 6
57 6
58 6
59 8
60 8
61 8
62 9
63 8
64 7
65 8
66 6
67 9
68 12
69 12
70 12
71 12
72 12
73 12
74 9
75 9
76 10
77 12
78 11
79 12
80 10
81 9
82 9
83 11
84 11
85 10
86 9
87 8
88 10
89 10
90 10
91 9
92 11
93 10
94 13
95 12
96 11
97 11
98 10
99 9
100 9
101 8
102 7
103 6
104 4
105 4
106 6
107 6
108 6
109 3
110 0
111 1
112 2
113 0
114 3
115 2
116 3
117 2
118 3
119 4
120 2
121 2
122 2
123 4
124 3
125 5
126 2
127 2
128 1
129 1
130 1
131 1
132 5
133 6
134 7
135 5
136 6
137 4
138 1
139 0
140 4
141 2
142 3
143 4
144 4
145 2
146 4
147 4
148 2
149 1
150 2
151 4
152 4
153 4
154 2
155 2
156 0
157 1
158 3
159 0
160 3
161 3
162 2
163 1
164 1
165 1
166 2
167 4
168 4
169 3
170 3
171 3
172 6
173 8
174 9
175 8
176 8
177 6
178 6
179 4
180 5
181 5
182 4
183 4
184 6
185 7
186 4
187 5
188 4
189 3
190 3
191 3
192 2
193 3
194 5
195 2
196 2
197 0
198 0
199 2
200 2
201 2
202 1
203 1
204 2
205 4
206 1
207 2
208 1
209 2
210 2
211 5
212 3
213 4
214 6
215 6
216 7
217 5
218 5
219 5
220 7
221 7
222 4
223 2
224 2
225 1
226 3
227 2
228 3
229 4
230 2
231 1
232 3
233 3
234 2
235 1
236 2
237 3
238 3
239 1
240 1
241 3
242 2
243 6
244 6
245 5
246 4
247 6
248 4
249 4
250 3
251 1
252 0
253 3
254 2
255 4
256 2
257 4
258 5
259 5
260 6
261 5
262 6
263 4
264 2
265 1
266 2
267 2
268 2
269 1
270 1
271 0
272 2
273 3
274 3
275 4
276 2
277 4
278 2
279 2
280 3
281 3
282 1
283 1
284 6
285 6
286 6
287 4
288 4
289 3
290 2
291 2
292 1
293 2
294 2
295 3
296 2
297 4
298 3
299 1
300 4
301 6
302 6
303 4
304 2
305 3
306 0
307 3
308 2
309 2
310 1
311 1
312 5
313 4
314 3
315 2
316 2
317 3
318 1
319 2
320 3
321 3
322 2
323 3
324 2
325 2
326 3
327 4
328 3
329 5
330 4
331 5
332 5
333 6
334 5
335 4
336 5
337 4
338 7
339 8
340 6
341 6
342 4
343 3
344 1
345 2
346 2
347 3
348 2
349 3
350 2
351 3
352 2
353 3
354 4
355 3
356 2
357 2
358 2
359 2
360 5
361 7
362 5
363 3
364 2
365 5
366 2
367 3
368 2
369 2
370 1
371 3
372 2
373 4
374 3
375 3
376 2
377 2
378 2
379 2
380 2
381 2
382 3
383 4
384 3
385 3
386 1
387 0
388 2
389 1
390 1
391 2
392 4
393 6
394 6
395 6
396 7
397 5
398 2
399 1
400 4
401 4
402 4
403 1
404 3
405 0
406 1
407 4
408 3
409 1
410 2
411 2
412 6
413 5
414 5
415 4
416 4
417 7
418 5
419 6
420 4
421 2
422 2
423 2
424 1
425 3
426 4
427 3
428 4
429 5
430 2
431 1
432 2
433 4
434 4
435 3
436 2
437 2
438 4
439 3
440 3
441 2
442 3
443 1
444 4
445 2
446 3
447 2
448 1
449 4
450 3
451 4
452 2
453 3
454 5
455 6
456 5
457 5
458 3
459 2
460 1
461 0
462 2
463 1
464 2
465 3
466 2
467 2
468 4
469 6
470 7
471 7
472 4
473 2
474 3
475 4
476 6
477 6
478 5
479 6
480 5
481 5
482 6
483 5
484 5
485 6
486 4
487 3
488 0
489 2
490 1
491 5
492 4
493 4
494 3
495 0
496 5
497 4
498 3
499 2
500 2
501 1
502 2
503 1
504 1
505 6
506 8
507 7
508 7
509 5
510 4
511 3
512 1
513 1
514 3
515 2
516 2
517 4
518 1
519 4
520 3
521 2
522 3
523 0
524 2
525 0
526 2
527 0
528 3
529 3
530 2
531 1
532 2
533 3
534 2
535 2
536 2
537 3
538 4
539 3
540 1
541 1
542 0
543 2
544 0
545 0
546 1
547 3
548 3
549 2
550 4
551 4
552 2
553 4
554 3
555 2
556 4
557 4
558 2
559 2
560 0
561 1
562 2
563 1
564 4
565 5
566 5
567 4
568 6
569 6
570 6
571 8
572 10
573 10
574 8
575 9
576 10
577 9
578 12
579 10
580 10
581 8
582 6
583 7
584 8
585 7
586 5
587 5
588 3
589 1
590 4
591 7
592 5
593 7
594 7
595 5
596 6
597 6
598 4
599 6
600 5
601 6
602 7
603 7
604 4
605 3
606 3
607 2
608 4
609 2
610 1
611 2
612 2
613 2
614 2
615 1
616 2
617 1
618 2
619 1
620 4
621 3
622 3
623 3
624 3
625 4
626 2
627 1
628 2
629 3
630 4
631 3
632 3
633 4
634 4
635 4
636 4
637 5
638 5
639 5
640 6
641 5
642 3
643 2
644 1
645 2
646 1
647 3
648 3
649 2
650 4
651 4
652 3
653 2
654 1
655 2
656 4
657 4
658 5
659 3
660 5
661 4
662 4
663 2
664 1
665 2
666 2
667 0
668 1
669 1
670 3
671 2
672 2
673 3
674 0
675 3
676 1
677 1
678 4
679 3
680 3
681 3
682 2
683 3
684 2
685 1
686 2
687 2
688 3
689 5
690 6
691 6
692 6
693 5
694 2
695 4
696 4
697 1
698 1
699 1
700 2
701 2
702 4
703 5
704 5
705 3
706 0
707 1
708 2
709 3
710 4
711 4
712 3
713 3
714 3
715 2
716 0
717 3
718 1
719 1
720 0
721 0
722 3
723 2
724 0
725 2
726 0
727 3
728 2
729 4
730 1
731 1
732 3
733 0
734 2
735 3
736 0
737 1
738 1
739 5
740 3
741 3
742 4
743 3
744 3
745 6
746 5
747 3
748 4
749 2
750 2
751 1
752 2
753 3
754 2
755 3
756 1
757 3
758 2
759 4
760 5
761 2
762 1
763 1
764 2
765 4
766 3
767 2
768 2
769 1
770 6
771 7
772 8
773 6
774 7
775 5
776 5
777 6
778 7
779 7
780 7
781 8
782 9
783 9
784 8
785 9
786 9
787 8
788 8
789 10
790 11
791 11
792 9
793 9
794 9
795 10
796 9
797 9
798 9
799 7
800 7
801 10
802 10
803 7
804 8
805 11
806 9
807 9
808 8
809 6
810 6
811 5
812 4
813 1
814 1
815 1
816 2
817 2
818 0
819 3
820 2
821 5
822 3
823 2
824 1
825 0
826 1
827 1
828 3
829 1
830 3
831 2
832 2
833 3
834 0
835 3
836 0
837 3
838 3
839 3
840 2
841 1
842 2
843 3
844 4
845 4
846 2
847 1
848 1
849 4
850 4
851 3
852 2
853 1
854 0
855 2
856 0
857 3
858 2
859 0
860 4
861 2
862 3
863 3
864 2
865 2
866 3
867 3
868 1
869 4
870 3
871 1
872 2
873 2
874 5
875 4
876 2
877 2
878 1
879 2
880 2
881 3
882 1
883 2
884 3
885 2
886 3
887 1
888 2
889 0
890 4
891 4
892 6
893 3
894 4
895 3
896 0
897 2
898 2
899 0
900 5
901 5
902 4
903 5
904 3
905 1
906 2
907 3
908 2
909 3
910 0
911 1
912 1
913 2
914 4
915 2
916 2
917 3
918 3
919 1
920 3
921 4
922 6
923 6
924 8
925 7
926 6
927 5
928 5
929 5
930 5
931 3
932 3
933 5
934 4
935 4
936 3
937 3
938 5
939 7
940 7
941 6
942 4
943 1
944 3
945 3
946 3
947 0
948 3
949 4
950 3
951 4
952 3
953 3
954 4
955 6
956 4
957 6
958 6
959 6
960 4
961 4
962 5
963 3
964 4
965 3
966 4
967 2
968 4
969 3
970 3
971 3
972 3
973 2
974 2
975 1
976 2
977 0
978 1
979 0
980 4
981 2
982 4
983 1
984 3
985 1
986 3
987 3
988 1
989 5
990 7
991 5
992 5
993 5
994 3
995 0
996 2
997 0
998 4
999 2
1000 3
1001 3
1002 3
1003 1
1004 3
1005 3
1006 4
1007 6
1008 6
1009 8
1010 10
1011 8
1012 6
1013 4
1014 4
1015 2
1016 2
1017 0
1018 3
1019 3
1020 2
1021 3
1022 1
1023 5
1024 5
1025 7
1026 6
1027 6
1028 5
1029 3
1030 4
1031 2
1032 3
1033 2
1034 3
1035 2
1036 4
1037 5
1038 5
1039 3
1040 1
1041 3
1042 2
1043 1
1044 1
1045 3
1046 3
1047 0
1048 5
1049 5
1050 3
1051 1
1052 2
1053 3
1054 3
1055 7
1056 9
1057 7
1058 7
1059 6
1060 4
1061 3
1062 1
1063 1
1064 3
1065 3
1066 2
1067 3
1068 0
1069 4
1070 4
1071 3
1072 5
1073 5
1074 8
1075 7
1076 6
1077 5
1078 2
1079 3
1080 5
1081 4
1082 1
1083 1
1084 4
1085 7
1086 7
1087 7
1088 6
1089 5
1090 5
1091 5
1092 5
1093 4
1094 7
1095 8
1096 7
1097 6
1098 7
1099 7
1100 6
1101 3
1102 2
1103 2
1104 1
1105 3
1106 3
1107 2
1108 2
1109 4
1110 6
1111 6
1112 5
1113 5
1114 3
1115 3
1116 1
1117 2
1118 4
1119 3
1120 5
1121 4
1122 1
1123 2
1124 3
1125 2
1126 1
1127 2
1128 3
1129 2
1130 1
1131 1
1132 1
1133 2
1134 1
1135 2
1136 1
1137 2
1138 5
1139 5
1140 2
1141 3
1142 3
1143 4
1144 2
1145 3
1146 3
1147 1
1148 1
1149 1
1150 2
1151 4
1152 5
1153 5
1154 3
1155 3
1156 2
1157 2
1158 4
1159 3
1160 1
1161 1
1162 1
1163 1
1164 2
1165 3
1166 2
1167 1
1168 4
1169 3
1170 1
1171 2
1172 2
1173 2
1174 1
1175 4
1176 2
1177 2
1178 1
1179 4
1180 2
1181 2
1182 0
1183 2
1184 3
1185 1
1186 4
1187 5
1188 4
1189 3
1190 3
1191 5
1192 4
1193 3
1194 2
1195 5
1196 5
1197 6
1198 8
1199 7
1200 6
1201 4
1202 5
1203 6
1204 5
1205 5
1206 4
1207 6
1208 4
1209 3
1210 2
1211 0
1212 1
1213 3
1214 3
1215 0
1216 4
1217 6
1218 6
1219 6
1220 6
1221 7
1222 6
1223 4
1224 4
1225 3
1226 1
1227 1
1228 3
1229 2
1230 2
1231 4
1232 3
1233 1
1234 4
1235 3
1236 2
1237 3
1238 1
1239 1
1240 1
1241 3
1242 1
1243 3
1244 3
1245 4
1246 4
1247 2
1248 3
1249 1
1250 4
1251 3
1252 4
1253 3
1254 4
1255 3
1256 3
1257 1
1258 1
1259 2
1260 4
1261 3
1262 1
1263 2
1264 3
1265 1
1266 1
1267 1
1268 1
1269 1
1270 2
1271 1
1272 4
1273 3
1274 3
1275 8
1276 7
1277 6
1278 6
1279 6
1280 6
1281 5
1282 5
1283 5
1284 4
1285 5
1286 4
1287 2
1288 2
1289 2
1290 2
1291 3
1292 0
1293 1
1294 3
1295 6
1296 4
1297 5
1298 5
1299 5
1300 7
1301 6
1302 5
1303 4
1304 3
1305 3
1306 1
1307 3
1308 0
1309 3
1310 2
1311 2
1312 1
1313 3
1314 1
1315 1
1316 2
1317 4
1318 6
1319 6
1320 5
1321 2
1322 2
1323 1
1324 2
1325 3
1326 2
1327 1
1328 1
1329 2
1330 4
1331 4
1332 5
1333 3
1334 4
1335 2
1336 6
1337 6
1338 7
1339 6
1340 3
1341 3
1342 5
1343 4
1344 3
1345 4
1346 4
1347 2
1348 5
1349 4
1350 3
1351 3
1352 3
1353 4
1354 3
1355 4
1356 6
1357 5
1358 7
1359 9
1360 6
1361 7
1362 6
1363 7
1364 5
1365 5
1366 3
1367 4
1368 2
1369 4
1370 3
1371 1
1372 3
1373 3
1374 4
1375 4
1376 5
1377 6
1378 4
1379 3
1380 6
1381 4
1382 3
1383 3
1384 1
1385 2
1386 2
1387 4
1388 2
1389 3
1390 2
1391 0
1392 6
1393 5
1394 7
1395 6
1396 7
1397 7
1398 5
1399 6
1400 8
1401 7
1402 4
1403 5
1404 3
1405 1
1406 4
1407 5
1408 6
1409 4
1410 4
1411 5
1412 3
1413 0
1414 2
1415 3
1416 3
1417 3
1418 2
1419 5
1420 3
1421 4
1422 2
1423 0
1424 0
1425 5
1426 7
1427 7
1428 9
1429 6
1430 4
1431 5
1432 6
1433 3
1434 1
1435 3
1436 2
1437 1
1438 0
1439 3
1440 2
1441 4
1442 2
1443 4
1444 3
1445 7
1446 6
1447 6
1448 5
1449 4
1450 8
1451 7
1452 6
1453 5
1454 5
1455 4
1456 5
1457 4
1458 3
1459 3
1460 2
1461 3
1462 2
1463 2
1464 5
1465 3
1466 0
1467 2
1468 2
1469 1
1470 4
1471 4
1472 2
1473 1
1474 4
1475 4
1476 3
1477 1
1478 2
1479 2
1480 2
1481 2
1482 2
1483 2
1484 2
1485 4
1486 3
1487 2
1488 3
1489 2
1490 4
1491 3
1492 2
1493 1
1494 0
1495 2
1496 0
1497 1
1498 0
1499 3
1500 1
1501 5
1502 3
1503 4
1504 2
1505 2
1506 3
1507 3
1508 4
1509 3
1510 1
1511 1
1512 3
1513 2
1514 0
1515 1
1516 5
1517 5
1518 4
1519 4
1520 6
1521 8
1522 9
1523 9
1524 9
1525 7
1526 6
1527 7
1528 5
1529 3
1530 3
1531 2
1532 4
1533 5
1534 6
1535 8
1536 8
1537 7
1538 6
1539 4
1540 3
1541 2
1542 2
1543 2
1544 2
1545 3
1546 4
1547 4
1548 1
1549 2
1550 0
1551 3
1552 4
1553 3
1554 3
1555 4
1556 4
1557 4
1558 4
1559 4
1560 3
1561 0
1562 1
1563 1
1564 2
1565 2
1566 0
1567 2
1568 4
1569 4
1570 3
1571 4
1572 2
1573 1
1574 1
1575 2
1576 1
1577 4
1578 3
1579 1
1580 2
1581 1
1582 2
1583 1
1584 2
1585 4
1586 5
1587 3
1588 1
1589 1
1590 3
1591 1
1592 2
1593 3
1594 3
1595 3
1596 2
1597 2
1598 3
1599 2
1600 3
1601 5
1602 5
1603 5
1604 5
1605 5
1606 4
1607 4
1608 2
1609 4
1610 4
1611 7
1612 6
1613 6
1614 5
1615 5
1616 5
1617 5
1618 5
1619 4
1620 4
1621 3
1622 2
1623 2
1624 3
1625 1
1626 2
1627 3
1628 4
1629 3
1630 3
1631 1
1632 4
1633 2
1634 3
1635 0
1636 4
1637 4
1638 3
1639 2
1640 2
1641 2
1642 1
1643 3
1644 1
1645 1
1646 2
1647 3
1648 3
1649 4
1650 3
1651 2
1652 3
1653 3
1654 1
1655 3
1656 2
1657 2
1658 3
1659 4
1660 3
1661 0
1662 1
1663 4
1664 4
1665 4
1666 4
1667 4
1668 4
1669 2
1670 2
1671 3
1672 3
1673 0
1674 2
1675 5
1676 8
1677 7
1678 8
1679 9
1680 10
1681 11
1682 11
1683 12
1684 10
1685 9
1686 10
1687 9
1688 9
1689 8
1690 9
1691 7
1692 6
1693 3
1694 5
1695 5
1696 3
1697 1
1698 4
1699 2
1700 3
1701 0
1702 4
1703 5
1704 4
1705 2
1706 3
1707 2
1708 3
1709 2
1710 2
1711 2
1712 1
1713 1
1714 2
1715 2
1716 1
1717 4
1718 3
1719 1
1720 3
1721 1
1722 4
1723 3
1724 2
1725 4
1726 3
1727 1
1728 3
1729 6
1730 5
1731 5
1732 5
1733 3
1734 2
1735 2
1736 4
1737 5
1738 6
1739 10
1740 9
1741 8
1742 8
1743 9
1744 8
1745 6
1746 4
1747 1
1748 0
1749 1
1750 2
1751 2
1752 4
1753 3
1754 2
1755 3
1756 5
1757 5
1758 6
1759 6
1760 5
1761 4
1762 3
1763 2
1764 2
1765 3
1766 0
1767 2
1768 2
1769 1
1770 3
1771 5
1772 6
1773 6
1774 5
1775 4
1776 4
1777 5
1778 5
1779 4
1780 4
1781 4
1782 3
1783 0
1784 1
1785 1
1786 2
1787 3
1788 1
1789 6
1790 6
1791 3
1792 3
1793 0
1794 0
1795 3
1796 1
1797 2
1798 1
1799 3
1800 3
1801 3
1802 2
1803 2
1804 1
1805 2
1806 2
1807 3
1808 3
1809 3
1810 2
1811 2
1812 1
1813 1
1814 3
1815 2
1816 3
1817 2
1818 5
1819 6
1820 5
1821 4
1822 5
1823 4
1824 3
1825 7
1826 7
1827 9
1828 9
1829 7
1830 6
1831 7
1832 6
1833 4
1834 2
1835 2
1836 2
1837 3
1838 1
1839 2
1840 1
1841 4
1842 4
1843 3
1844 0
1845 6
1846 7
1847 5
1848 3
1849 3
1850 3
1851 3
1852 1
1853 3
1854 2
1855 1
1856 4
1857 4
1858 2
1859 2
1860 4
1861 2
1862 1
1863 0
1864 2
1865 2
1866 3
1867 2
1868 4
1869 3
1870 4
1871 3
1872 2
1873 5
1874 7
1875 6
1876 6
1877 5
1878 5
1879 5
1880 3
1881 3
1882 1
1883 2
1884 2
1885 2
1886 0
1887 3
1888 2
1889 4
1890 4
1891 3
1892 1
1893 1
1894 1
1895 2
1896 2
1897 0
1898 4
1899 2
1900 1
1901 1
1902 3
1903 4
1904 3
1905 2
1906 5
1907 3
1908 1
1909 2
1910 3
1911 1
1912 6
1913 7
1914 7
1915 8
1916 8
1917 8
1918 8
1919 8
1920 6
1921 6
1922 8
1923 5
1924 6
1925 6
1926 6
1927 9
1928 10
1929 10
1930 8
1931 9
1932 9
1933 9
1934 6
1935 6
1936 6
1937 4
1938 4
1939 4
1940 5
1941 5
1942 4
1943 6
1944 5
1945 5
1946 7
1947 7
1948 6
1949 6
1950 8
1951 7
1952 7
1953 5
1954 5
1955 3
1956 2
1957 2
1958 2
1959 2
1960 3
1961 2
1962 1
1963 1
1964 2
1965 1
1966 1
1967 3
1968 1
1969 2
1970 3
1971 4
1972 2
1973 2
1974 3
1975 3
1976 2
1977 1
1978 3
1979 3
1980 3
1981 4
1982 3
1983 2
1984 1
1985 4
1986 4
1987 4
1988 4
1989 5
1990 4
1991 3
1992 2
1993 2
1994 2
1995 3
1996 5
1997 5
1998 3
1999 5
2000 5
2001 3
2002 3
2003 3
2004 2
2005 1
2006 3
2007 2
2008 3
2009 1
2010 1
2011 5
2012 4
2013 4
2014 3
2015 3
2016 2
2017 4
2018 4
2019 4
2020 5
2021 5
2022 3
2023 3
2024 2
2025 2
2026 0
2027 2
2028 0
2029 1
2030 1
2031 5
2032 4
2033 4
2034 2
2035 2
2036 2
2037 4
2038 5
2039 5
2040 4
2041 2
2042 1
2043 3
2044 2
2045 4
2046 5
2047 5
2048 5
2049 5
2050 4
2051 1
2052 3
2053 3
2054 2
2055 1
2056 3
2057 4
2058 2
2059 4
2060 3
2061 3
2062 4
2063 2
2064 3
2065 5
2066 5
2067 8
2068 10
2069 10
2070 11
2071 10
2072 11
2073 10
2074 9
2075 9
2076 6
2077 7
2078 7
2079 7
2080 5
2081 4
2082 4
2083 6
2084 7
2085 6
2086 5
2087 5
2088 2
2089 3
2090 4
2091 3
2092 1
2093 4
2094 4
2095 6
2096 6
2097 3
2098 4
2099 2
2100 1
2101 4
2102 4
2103 4
2104 6
2105 7
2106 6
2107 5
2108 4
2109 3
2110 2
2111 1
2112 2
2113 3
2114 6
2115 6
2116 3
2117 8
2118 8
2119 6
2120 4
2121 1
2122 1
2123 0
2124 2
2125 2
2126 5
2127 6
2128 4
2129 3
2130 3
2131 4
2132 2
2133 0
2134 3
2135 5
2136 3
2137 1
2138 0
2139 3
2140 4
2141 4
2142 3
2143 1
2144 1
2145 1
2146 1
2147 1
2148 4
2149 3
2150 4
2151 2
2152 4
2153 3
2154 4
2155 3
2156 0
2157 4
2158 1
2159 1
2160 2
2161 2
2162 3
2163 2
2164 2
2165 4
2166 2
2167 2
2168 2
2169 1
2170 2
2171 1
2172 3
2173 3
2174 2
2175 5
2176 5
2177 3
2178 1
2179 3
2180 3
2181 3
2182 3
2183 2
2184 1
2185 2
2186 4
2187 5
2188 2
2189 0
2190 1
2191 3
2192 0
2193 2
2194 3
2195 1
2196 0
2197 0
2198 2
2199 3
2200 1
2201 2
2202 5
2203 4
2204 3
2205 3
2206 2
2207 1
2208 2
2209 3
2210 5
2211 5
2212 3
2213 4
2214 6
2215 6
2216 7
2217 5
2218 4
2219 3
2220 4
2221 3
2222 1
2223 2
2224 2
2225 1
2226 0
2227 1
2228 3
2229 2
2230 2
2231 1
2232 4
2233 4
2234 6
2235 8
2236 9
2237 8
2238 11
2239 11
2240 9
2241 12
2242 11
2243 11
2244 10
2245 11
2246 10
2247 9
2248 6
2249 6
2250 6
2251 6
2252 7
2253 7
2254 7
2255 6
2256 5
2257 5
2258 3
2259 2
2260 4
2261 3
2262 2
2263 3
2264 3
2265 3
2266 1
2267 2
2268 2
2269 4
2270 4
2271 1
2272 4
2273 6
2274 4
2275 2
2276 3
2277 3
2278 4
2279 4
2280 2
2281 2
2282 3
2283 3
2284 3
2285 4
2286 2
2287 4
2288 6
2289 3
2290 3
2291 3
2292 2
2293 5
2294 5
2295 2
2296 1
2297 3
2298 2
2299 2
2300 5
2301 2
2302 4
2303 7
2304 7
2305 7
2306 6
2307 5
2308 3
2309 3
2310 0
2311 2
2312 4
2313 3
2314 3
2315 3
2316 4
2317 5
2318 4
2319 4
2320 3
2321 0
2322 3
2323 2
2324 4
2325 4
2326 7
2327 5
2328 4
2329 4
2330 4
2331 3
2332 3
2333 4
2334 3
2335 3
2336 1
2337 4
2338 3
2339 2
2340 2
2341 1
2342 3
2343 2
2344 1
2345 3
2346 5
2347 6
2348 6
2349 6
2350 7
2351 5
2352 6
2353 4
2354 3
2355 1
2356 2
2357 4
2358 1
2359 2
2360 1
2361 1
2362 1
2363 3
2364 1
2365 3
2366 1
2367 3
2368 1
2369 3
2370 1
2371 2
2372 3
2373 2
2374 1
2375 6
2376 8
2377 6
2378 7
2379 6
2380 4
2381 4
2382 3
2383 2
2384 3
2385 2
2386 2
2387 1
2388 2
2389 4
2390 6
2391 7
2392 6
2393 6
2394 5
2395 6
2396 6
2397 6
2398 6
2399 5
2400 4
2401 3
2402 3
2403 3
2404 2
2405 3
2406 4
2407 5
2408 4
2409 4
2410 3
2411 3
2412 2
2413 2
2414 2
2415 4
2416 7
2417 4
2418 4
2419 2
2420 4
2421 3
2422 3
2423 0
2424 4
2425 5
2426 4
2427 4
2428 3
2429 2
2430 4
2431 4
2432 4
2433 1
2434 0
2435 3
2436 2
2437 4
2438 3
2439 3
2440 0
2441 0
2442 0
2443 2
2444 4
2445 7
2446 7
2447 7
2448 4
2449 5
2450 4
2451 3
2452 2
2453 2
2454 3
2455 4
2456 3
2457 2
2458 3
2459 2
2460 4
2461 5
2462 7
2463 8
2464 8
2465 9
2466 7
2467 7
2468 4
2469 4
2470 2
2471 4
2472 4
2473 3
2474 4
2475 4
2476 3
2477 1
2478 2
2479 0
2480 1
2481 2
2482 3
2483 3
2484 2
2485 3
2486 1
2487 2
2488 3
2489 1
2490 2
2491 2
2492 3
2493 4
2494 2
2495 5
2496 4
2497 5
2498 3
2499 4
2500 4
2501 3
2502 0
2503 1
2504 1
2505 2
2506 3
2507 2
2508 3
2509 2
2510 3
2511 5
2512 3
2513 2
2514 2
2515 2
2516 4
2517 2
2518 5
2519 2
2520 1
2521 4
2522 3
2523 3
2524 1
2525 1
2526 3
2527 1
2528 1
2529 0
2530 2
2531 1
2532 4
2533 5
2534 4
2535 3
2536 6
2537 6
2538 5
2539 4
2540 4
2541 3
2542 2
2543 2
2544 0
2545 5
2546 2
2547 1
2548 3
2549 0
2550 5
2551 4
2552 4
2553 4
2554 5
2555 6
2556 7
2557 7
2558 7
2559 5
2560 4
2561 6
2562 7
2563 9
2564 10
2565 9
2566 10
2567 10
2568 8
2569 7
2570 5
2571 6
2572 4
2573 6
2574 6
2575 6
2576 7
2577 9
2578 10
2579 9
2580 9
2581 7
2582 7
2583 8
2584 6
2585 9
2586 10
2587 8
2588 7
2589 6
2590 5
2591 4
2592 4
2593 4
2594 3
2595 2
2596 4
2597 4
2598 5
2599 4
2600 2
2601 3
2602 3
2603 2
2604 1
2605 1
2606 2
2607 1
2608 1
2609 2
2610 5
2611 4
2612 6
2613 6
2614 7
2615 6
2616 5
2617 5
2618 7
2619 7
2620 8
2621 6
2622 8
2623 8
2624 8
2625 8
2626 7
2627 8
2628 6
2629 6
2630 7
2631 6
2632 7
2633 6
2634 6
2635 6
2636 5
2637 6
2638 5
2639 4
2640 2
2641 1
2642 1
2643 5
2644 5
2645 4
2646 3
2647 2
2648 4
2649 2
2650 1
2651 0
2652 4
2653 5
2654 5
2655 4
2656 3
2657 1
2658 0
2659 2
2660 1
2661 2
2662 1
2663 3
2664 2
2665 1
2666 1
2667 3
2668 4
2669 4
2670 3
2671 2
2672 2
2673 4
2674 3
2675 3
2676 1
2677 0
2678 0
2679 5
2680 3
2681 2
2682 5
2683 3
2684 4
2685 3
2686 2
2687 7
2688 6
2689 6
2690 8
2691 6
2692 5
2693 4
2694 4
2695 3
2696 2
2697 3
2698 2
2699 3
2700 3
2701 1
2702 1
2703 8
2704 8
2705 8
2706 7
2707 6
2708 6
2709 5
2710 4
2711 3
2712 3
2713 1
2714 5
2715 5
2716 2
2717 2
2718 2
2719 2
2720 2
2721 2
2722 5
2723 6
2724 5
2725 4
2726 6
2727 6
2728 4
2729 4
2730 1
2731 2
2732 3
2733 2
2734 4
2735 2
2736 0
2737 3
2738 4
2739 1
2740 2
2741 5
2742 4
2743 6
2744 4
2745 4
2746 7
2747 6
2748 7
2749 5
2750 6
2751 5
2752 5
2753 4
2754 3
2755 4
2756 3
2757 0
2758 2
2759 3
2760 1
2761 3
2762 4
2763 5
2764 4
2765 3
2766 4
2767 3
2768 4
2769 3
2770 2
2771 2
2772 4
2773 2
2774 4
2775 3
2776 3
2777 5
2778 2
2779 2
2780 3
2781 3
2782 3
2783 2
2784 4
2785 6
2786 5
2787 4
2788 4
2789 3
2790 4
2791 6
2792 5
2793 6
2794 4
2795 4
2796 5
2797 2
2798 1
2799 5
2800 5
2801 5
2802 6
2803 5
2804 6
2805 5
2806 4
2807 7
2808 4
2809 3
2810 4
2811 6
2812 5
2813 4
2814 4
2815 2
2816 4
2817 2
2818 2
2819 3
2820 2
2821 3
2822 5
2823 4
2824 5
2825 5
2826 5
2827 3
2828 2
2829 5
2830 4
2831 3
2832 5
2833 4
2834 5
2835 3
2836 2
2837 2
2838 3
2839 2
2840 2
2841 4
2842 3
2843 3
2844 5
2845 5
2846 3
2847 4
2848 4
2849 4
2850 4
2851 1
2852 3
2853 4
2854 4
2855 4
2856 5
2857 6
2858 3
2859 1
2860 0
2861 1
2862 3
2863 3
2864 2
2865 2
2866 3
2867 3
2868 3
2869 2
2870 4
2871 5
2872 5
2873 3
2874 1
2875 2
2876 0
2877 2
2878 2
2879 3
2880 4
2881 4
2882 4
2883 4
2884 2
2885 3
2886 2
2887 1
2888 2
2889 3
2890 1
2891 4
2892 4
2893 4
2894 3
2895 3
2896 3
2897 1
2898 3
2899 2
2900 3
2901 2
2902 3
2903 2
2904 2
2905 4
2906 3
2907 1
2908 5
2909 2
2910 3
2911 3
2912 5
2913 2
2914 4
2915 4
2916 4
2917 6
2918 7
2919 6
2920 4
2921 4
2922 4
2923 6
2924 5
2925 5
2926 4
2927 3
2928 3
2929 4
2930 6
2931 3
2932 5
2933 4
2934 5
2935 4
2936 4
2937 3
2938 1
2939 3
2940 2
2941 4
2942 3
2943 3
2944 3
2945 2
2946 2
2947 4
2948 2
2949 2
2950 3
2951 4
2952 4
2953 5
2954 5
2955 5
2956 5
2957 5
2958 3
2959 1
2960 2
2961 3
2962 2
2963 4
2964 6
2965 6
2966 4
2967 2
2968 2
2969 2
2970 2
2971 2
2972 4
2973 4
2974 5
2975 2
2976 2
2977 3
2978 2
2979 2
2980 1
2981 7
2982 7
2983 4
2984 5
2985 5
2986 5
2987 5
2988 4
2989 4
2990 6
2991 4
2992 4
2993 6
2994 6
2995 5
2996 5
2997 5
2998 4
2999 6
3000 7
3001 5
3002 4
3003 4
3004 5
3005 4
3006 3
3007 4
3008 3
3009 2
3010 3
3011 5
3012 3
3013 5
3014 5
3015 4
3016 1
3017 5
3018 6
3019 5
3020 4
3021 3
3022 2
3023 1
3024 2
3025 1
3026 3
3027 6
3028 8
3029 9
3030 7
3031 9
3032 6
3033 6
3034 6
3035 5
3036 4
3037 4
3038 3
3039 2
3040 4
3041 5
3042 4
3043 5
3044 3
3045 2
3046 1
3047 4
3048 3
3049 3
3050 3
3051 3
3052 1
3053 3
3054 3
3055 3
3056 4
3057 4
3058 2
3059 4
3060 3
3061 3
3062 3
3063 4
3064 3
3065 1
3066 3
3067 0
3068 7
3069 9
3070 7
3071 7
3072 8
3073 6
3074 5
3075 5
3076 4
3077 3
3078 2
3079 3
3080 0
3081 2
3082 2
3083 3
3084 2
3085 3
3086 2
3087 3
3088 4
3089 3
3090 5
3091 7
3092 7
3093 6
3094 7
3095 9
3096 8
3097 6
3098 6
3099 4
3100 3
3101 3
3102 3
3103 2
3104 0
3105 3
3106 1
3107 3
3108 1
3109 2
3110 4
3111 5
3112 4
3113 5
3114 5
3115 6
3116 4
3117 2
3118 2
3119 4
3120 3
3121 4
3122 4
3123 6
3124 6
3125 7
3126 8
3127 7
3128 6
3129 5
3130 7
3131 8
3132 8
3133 7
3134 7
3135 6
3136 6
3137 5
3138 3
3139 4
3140 3
3141 2
3142 1
3143 0
3144 4
3145 4
3146 2
3147 2
3148 2
3149 2
3150 1
3151 3
3152 2
3153 4
3154 2
3155 4
3156 2
3157 1
3158 3
3159 4
3160 4
3161 3
3162 6
3163 5
3164 5
3165 5
3166 3
3167 3
3168 1
3169 3
3170 1
3171 1
3172 0
3173 2
3174 4
3175 3
3176 2
3177 4
3178 5
3179 7
3180 5
3181 4
3182 3
3183 4
3184 5
3185 6
3186 7
3187 5
3188 5
3189 4
3190 6
3191 4
3192 3
3193 3
3194 3
3195 3
3196 3
3197 2
3198 1
3199 5
3200 4
3201 2
3202 0
3203 1
3204 1
3205 3
3206 2
3207 3
3208 1
3209 3
3210 2
3211 2
3212 1
3213 2
3214 3
3215 0
3216 0
3217 2
3218 1
3219 1
3220 3
3221 1
3222 0
3223 2
3224 1
3225 4
3226 2
3227 2
3228 4
3229 2
3230 2
3231 2
3232 1
3233 3
3234 5
3235 3
3236 1
3237 1
3238 3
3239 1
3240 4
3241 2
3242 3
3243 2
3244 1
3245 1
3246 4
3247 3
3248 4
3249 2
3250 1
3251 4
3252 3
3253 2
3254 2
3255 1
3256 2
3257 4
3258 2
3259 4
3260 6
3261 5
3262 5
3263 5
3264 3
3265 3
3266 2
3267 5
3268 2
3269 2
3270 2
3271 4
3272 5
3273 4
3274 1
3275 3
3276 5
3277 5
3278 3
3279 2
3280 1
3281 4
3282 3
3283 1
3284 1
3285 4
3286 5
3287 3
3288 3
3289 2
3290 1
3291 3
3292 5
3293 2
3294 2
3295 5
3296 4
3297 5
3298 4
3299 5
3300 7
3301 7
3302 6
3303 7
3304 6
3305 5
3306 7
3307 7
3308 6
3309 3
3310 3
3311 3
3312 2
3313 2
3314 4
3315 6
3316 5
3317 3
3318 1
3319 5
3320 4
3321 6
3322 5
3323 3
3324 3
3325 4
3326 5
3327 4
3328 3
3329 2
3330 2
3331 5
3332 4
3333 4
3334 3
3335 5
3336 5
3337 3
3338 2
3339 1
3340 3
3341 3
3342 4
3343 4
3344 3
3345 2
3346 2
3347 2
3348 1
3349 3
3350 3
3351 2
3352 2
3353 4
3354 2
3355 1
3356 1
3357 1
3358 2
3359 4
3360 3
3361 1
3362 4
3363 6
3364 6
3365 4
3366 5
3367 5
3368 5
3369 5
3370 2
3371 4
3372 4
3373 1
3374 2
3375 5
3376 3
3377 3
3378 2
3379 2
3380 2
3381 6
3382 7
3383 8
3384 9
3385 10
3386 12
3387 12
3388 12
3389 13
3390 11
3391 9
3392 6
3393 6
3394 6
3395 9
3396 8
3397 8
3398 7
3399 7
3400 7
3401 5
3402 6
3403 5
3404 5
3405 2
3406 1
3407 4
3408 2
3409 1
3410 2
3411 4
3412 3
3413 2
3414 4
3415 4
3416 4
3417 6
3418 6
3419 7
3420 5
3421 4
3422 6
3423 5
3424 4
3425 1
3426 2
3427 0
3428 1
3429 2
3430 1
3431 0
3432 2
3433 3
3434 4
3435 2
3436 1
3437 3
3438 4
3439 6
3440 5
3441 3
3442 4
3443 1
3444 0
3445 0
3446 4
3447 3
3448 3
3449 2
3450 2
3451 2
3452 4
3453 2
3454 3
3455 2
3456 1
3457 3
3458 4
3459 4
3460 2
3461 2
3462 0
3463 1
3464 1
3465 5
3466 3
3467 2
3468 4
3469 2
3470 4
3471 3
3472 5
3473 4
3474 4
3475 5
3476 3
3477 0
3478 5
3479 7
3480 7
3481 9
3482 9
3483 8
3484 8
3485 6
3486 4
3487 4
3488 4
3489 2
3490 3
3491 1
3492 2
3493 3
3494 2
3495 4
3496 5
3497 4
3498 3
3499 2
3500 1
3501 1
3502 2
3503 3
3504 2
3505 0
3506 2
3507 1
3508 5
3509 3
3510 1
3511 3
3512 0
3513 3
3514 4
3515 5
3516 6
3517 10
3518 8
3519 8
3520 8
3521 8
3522 9
3523 8
3524 8
3525 10
3526 8
3527 7
3528 5
3529 4
3530 4
3531 5
3532 4
3533 6
3534 5
3535 6
3536 6
3537 5
3538 6
3539 8
3540 8
3541 9
3542 8
3543 6
3544 5
3545 2
3546 0
3547 2
3548 1
3549 5
3550 4
3551 4
3552 3
3553 5
3554 4
3555 1
3556 3
3557 3
3558 2
3559 3
3560 4
3561 3
3562 2
3563 3
3564 1
3565 1
3566 2
3567 0
3568 4
3569 5
3570 5
3571 6
3572 7
3573 5
3574 5
3575 4
3576 3
3577 2
3578 4
3579 5
3580 4
3581 1
3582 2
3583 1
3584 1
3585 2
3586 2
3587 2
3588 2
3589 2
3590 1
3591 0
3592 2
3593 3
3594 4
3595 2
3596 3
3597 5
3598 4
3599 2
3600 3
3601 3
3602 3
3603 1
3604 2
3605 1
3606 2
3607 3
3608 4
3609 3
3610 1
3611 4
3612 3
3613 2
3614 5
3615 4
3616 3
3617 1
3618 3
3619 2
3620 4
3621 2
3622 3
3623 4
3624 4
3625 2
3626 2
3627 1
3628 3
3629 3
3630 4
3631 2
3632 2
3633 5
3634 3
3635 4
3636 5
3637 5
3638 5
3639 6
3640 3
3641 2
3642 1
3643 3
3644 1
3645 3
3646 1
3647 3
3648 3
3649 2
3650 2
3651 2
3652 1
3653 5
3654 3
3655 1
3656 1
3657 4
3658 3
3659 3
3660 2
3661 5
3662 5
3663 4
3664 2
3665 1
3666 3
3667 2
3668 4
3669 3
3670 2
3671 1
3672 1
3673 0
3674 1
3675 4
3676 5
3677 4
3678 6
3679 6
3680 5
3681 6
3682 5
3683 5
3684 3
3685 3
3686 2
3687 2
3688 2
3689 0
3690 7
3691 5
3692 4
3693 6
3694 9
3695 10
3696 11
3697 9
3698 8
3699 9
3700 6
3701 4
3702 2
3703 3
3704 3
3705 2
3706 6
3707 7
3708 8
3709 7
3710 8
3711 10
3712 11
3713 13
3714 12
3715 11
3716 10
3717 11
3718 9
3719 9
3720 8
3721 9
3722 9
3723 8
3724 7
3725 5
3726 6
3727 5
3728 4
3729 2
3730 6
3731 5
3732 3
3733 1
3734 3
3735 3
3736 2
3737 9
3738 7
3739 9
3740 9
3741 10
3742 9
3743 7
3744 10
3745 12
3746 11
3747 10
3748 11
3749 9
3750 7
3751 7
3752 7
3753 6
3754 7
3755 8
3756 6
3757 3
3758 1
3759 1
3760 3
3761 4
3762 2
3763 2
3764 1
3765 0
3766 4
3767 2
3768 1
3769 2
3770 1
3771 2
3772 3
3773 1
3774 1
3775 1
3776 2
3777 2
3778 1
3779 3
3780 3
3781 3
3782 2
3783 3
3784 3
3785 2
3786 1
3787 2
3788 3
3789 3
3790 4
3791 3
3792 4
3793 1
3794 4
3795 3
3796 2
3797 4
3798 3
3799 2
3800 2
3801 3
3802 1
3803 3
3804 4
3805 4
3806 2
3807 1
3808 2
3809 1
3810 3
3811 2
3812 2
3813 2
3814 2
3815 3
3816 1
3817 1
3818 0
3819 2
3820 3
3821 0
3822 2
3823 1
3824 5
3825 5
3826 6
3827 5
3828 4
3829 4
3830 3
3831 3
3832 3
3833 3
3834 1
3835 3
3836 0
3837 2
3838 3
3839 1
3840 1
3841 5
3842 5
3843 4
3844 3
3845 3
3846 2
3847 4
3848 4
3849 1
3850 2
3851 4
3852 2
3853 3
3854 0
3855 2
3856 1
3857 4
3858 2
3859 1
3860 1
3861 0
3862 1
3863 1
3864 3
3865 4
3866 2
3867 2
3868 1
3869 2
3870 5
3871 4
3872 3
3873 2
3874 3
3875 2
3876 1
3877 1
3878 3
3879 3
3880 4
3881 2
3882 4
3883 4
3884 1
3885 4
3886 1
3887 2
3888 3
3889 2
3890 1
3891 1
3892 1
3893 3
3894 1
3895 3
3896 2
3897 3
3898 3
3899 1
3900 3
3901 6
3902 5
3903 2
3904 3
3905 2
3906 5
3907 6
3908 3
3909 1
3910 0
3911 5
3912 3
3913 3
3914 2
3915 2
3916 3
3917 5
3918 3
3919 2
3920 1
3921 4
3922 4
3923 3
3924 1
3925 2
3926 3
3927 5
3928 3
3929 4
3930 3
3931 3
3932 3
3933 3
3934 3
3935 2
3936 3
3937 4
3938 1
3939 3
3940 3
3941 2
3942 2
3943 3
3944 5
3945 4
3946 2
3947 2
3948 4
3949 4
3950 4
3951 2
3952 2
3953 2
3954 2
3955 1
3956 1
3957 2
3958 2
3959 2
3960 0
3961 3
3962 4
3963 2
3964 6
3965 7
3966 6
3967 6
3968 7
3969 7
3970 6
3971 3
3972 3
3973 6
3974 4
3975 5
3976 4
3977 3
3978 0
3979 2
3980 2
3981 2
3982 3
3983 1
3984 1
3985 1
3986 0
3987 4
3988 6
3989 6
3990 5
3991 4
3992 3
3993 4
3994 2
3995 4
3996 3
3997 2
3998 1
3999 4
4000 1
4001 1
4002 1
4003 2
4004 4
4005 5
4006 4
4007 5
4008 5
4009 5
4010 5
4011 5
4012 3
4013 3
4014 1
4015 3
4016 4
4017 2
4018 1
4019 1
4020 2
4021 2
4022 3
4023 4
4024 3
4025 5
4026 4
4027 3
4028 2
4029 3
4030 3
4031 3
4032 0
4033 3
4034 1
4035 6
4036 4
4037 1
4038 1
4039 4
4040 4
4041 4
4042 3
4043 1
4044 2
4045 1
4046 1
4047 4
4048 3
4049 3
4050 2
4051 3
4052 4
4053 3
4054 2
4055 4
4056 4
4057 2
4058 2
4059 3
4060 1
4061 2
4062 4
4063 2
4064 1
4065 6
4066 7
4067 5
4068 5
4069 5
4070 2
4071 4
4072 4
4073 4
4074 4
4075 3
4076 3
4077 1
4078 3
4079 3
4080 2
4081 2
4082 0
4083 4
4084 3
4085 0
4086 2
4087 3
4088 0
4089 1
4090 1
4091 2
4092 1
4093 4
4094 3
4095 3
4096 3
4097 2
4098 3
4099 4
4100 4
4101 4
4102 3
4103 5
4104 3
4105 5
4106 5
4107 4
4108 2
4109 3
4110 2
4111 3
4112 2
4113 4
4114 4
4115 4
4116 5
4117 5
4118 3
4119 1
4120 3
4121 1
4122 3
4123 3
4124 4
4125 3
4126 4
4127 2
4128 4
4129 3
4130 3
4131 4
4132 4
4133 6
4134 8
4135 6
4136 7
4137 7
4138 7
4139 4
4140 5
4141 7
4142 6
4143 6
4144 7
4145 5
4146 7
4147 7
4148 7
4149 5
4150 4
4151 3
4152 3
4153 6
4154 6
4155 5
4156 3
4157 1
4158 4
4159 3
4160 3
4161 3
4162 2
4163 4
4164 3
4165 3
4166 4
4167 1
4168 2
4169 2
4170 3
4171 4
4172 2
4173 1
4174 6
4175 5
4176 5
4177 5
4178 4
4179 2
4180 1
4181 4
4182 4
4183 5
4184 6
4185 4
4186 2
4187 2
4188 1
4189 2
4190 3
4191 1
4192 0
4193 2
4194 3
4195 3
4196 3
4197 2
4198 3
4199 2
4200 6
4201 5
4202 5
4203 4
4204 4
4205 5
4206 6
4207 8
4208 8
4209 8
4210 7
4211 6
4212 4
4213 3
4214 2
4215 1
4216 3
4217 0
4218 3
4219 1
4220 3
4221 3
4222 3
4223 1
4224 2
4225 3
4226 0
4227 2
4228 2
4229 1
4230 3
4231 3
4232 3
4233 3
4234 2
4235 3
4236 2
4237 1
4238 4
4239 6
4240 5
4241 5
4242 6
4243 4
4244 3
4245 2
4246 2
4247 5
4248 5
4249 5
4250 5
4251 4
4252 5
4253 5
4254 7
4255 7
4256 6
4257 5
4258 5
4259 8
4260 7
4261 6
4262 4
4263 4
4264 4
4265 2
4266 4
4267 3
4268 1
4269 1
4270 1
4271 2
4272 2
4273 2
4274 1
4275 1
4276 2
4277 0
4278 5
4279 7
4280 7
4281 9
4282 8
4283 7
4284 4
4285 4
4286 2
4287 2
4288 1
4289 2
4290 3
4291 0
4292 0
4293 2
4294 3
4295 1
4296 4
4297 3
4298 2
4299 3
4300 2
4301 4
4302 3
4303 1
4304 3
4305 3
4306 0
4307 1
4308 2
4309 2
4310 3
4311 1
4312 3
4313 3
4314 2
4315 0
4316 3
4317 1
4318 5
4319 2
4320 3
4321 1
4322 1
4323 5
4324 3
4325 0
4326 3
4327 3
4328 5
4329 6
4330 3
4331 2
4332 2
4333 2
4334 1
4335 4
4336 5
4337 4
4338 5
4339 5
4340 4
4341 4
4342 4
4343 2
4344 1
4345 3
4346 4
4347 2
4348 3
4349 3
4350 1
4351 4
4352 3
4353 4
4354 2
4355 4
4356 4
4357 6
4358 4
4359 6
4360 5
4361 5
4362 6
4363 7
4364 9
4365 8
4366 10
4367 8
4368 9
4369 7
4370 6
4371 5
4372 4
4373 4
4374 2
4375 5
4376 5
4377 5
4378 3
4379 1
4380 5
4381 4
4382 4
4383 2
4384 3
4385 3
4386 4
4387 3
4388 4
4389 1
4390 3
4391 3
4392 2
4393 3
4394 2
4395 2
4396 2
4397 3
4398 3
4399 1
4400 3
4401 2
4402 3
4403 3
4404 1
4405 2
4406 3
4407 6
4408 8
4409 7
4410 7
4411 6
4412 7
4413 4
4414 3
4415 1
4416 0
4417 2
4418 1
4419 1
4420 3
4421 3
4422 1
4423 4
4424 3
4425 1
4426 5
4427 3
4428 1
4429 4
4430 3
4431 5
4432 4
4433 2
4434 4
4435 3
4436 2
4437 4
4438 4
4439 3
4440 3
4441 5
4442 3
4443 3
4444 2
4445 2
4446 3
4447 2
4448 2
4449 2
4450 3
4451 1
4452 3
4453 2
4454 5
4455 3
4456 3
4457 3
4458 5
4459 4
4460 5
4461 4
4462 2
4463 1
4464 2
4465 1
4466 0
4467 0
4468 4
4469 7
4470 7
4471 6
4472 6
4473 5
4474 5
4475 5
4476 5
4477 7
4478 9
4479 6
4480 6
4481 6
4482 4
4483 3
4484 1
4485 3
4486 3
4487 3
4488 4
4489 6
4490 5
4491 4
4492 3
4493 2
4494 4
4495 4
4496 4
4497 5
4498 2
4499 2
4500 2
4501 4
4502 3
4503 3
4504 4
4505 5
4506 6
4507 5
4508 4
4509 3
4510 4
4511 2
4512 2
4513 5
4514 7
4515 6
4516 6
4517 5
4518 5
4519 4
4520 2
4521 1
4522 4
4523 2
4524 3
4525 4
4526 4
4527 6
4528 9
4529 10
4530 10
4531 9
4532 6
4533 5
4534 7
4535 6
4536 10
4537 9
4538 8
4539 7
4540 6
4541 4
4542 3
4543 1
4544 1
4545 3
4546 2
4547 3
4548 0
4549 2
4550 0
4551 2
4552 3
4553 1
4554 3
4555 2
4556 1
4557 4
4558 3
4559 1
4560 4
4561 6
4562 5
4563 4
4564 3
4565 1
4566 2
4567 3
4568 3
4569 1
4570 4
4571 5
4572 4
4573 4
4574 3
4575 2
4576 1
4577 4
4578 4
4579 3
4580 4
4581 3
4582 2
4583 4
4584 5
4585 3
4586 2
4587 0
4588 1
4589 3
4590 0
4591 2
4592 2
4593 2
4594 2
4595 2
4596 3
4597 2
4598 4
4599 2
4600 2
4601 5
4602 3
4603 3
4604 3
4605 3
4606 1
4607 2
4608 5
4609 5
4610 5
4611 6
4612 5
4613 4
4614 2
4615 3
4616 4
4617 2
4618 3
4619 2
4620 2
4621 4
4622 5
4623 4
4624 5
4625 5
4626 3
4627 1
4628 4
4629 3
4630 0
4631 2
4632 0
4633 2
4634 2
4635 1
4636 2
4637 0
4638 4
4639 4
4640 3
4641 3
4642 1
4643 3
4644 0
4645 1
4646 4
4647 5
4648 5
4649 4
4650 4
4651 3
4652 4
4653 3
4654 3
4655 2
4656 5
4657 2
4658 1
4659 3
4660 0
4661 3
4662 4
4663 4
4664 4
4665 2
4666 3
4667 3
4668 1
4669 3
4670 3
4671 3
4672 3
4673 3
4674 5
4675 4
4676 2
4677 2
4678 3
4679 3
4680 2
4681 3
4682 3
4683 3
4684 1
4685 1
4686 5
4687 6
4688 4
4689 1
4690 2
4691 0
4692 2
4693 4
4694 3
4695 1
4696 3
4697 2
4698 0
4699 1
4700 2
4701 1
4702 1
4703 5
4704 4
4705 3
4706 1
4707 0
4708 3
4709 0
4710 2
4711 2
4712 1
4713 2
4714 3
4715 5
4716 3
4717 4
4718 7
4719 7
4720 5
4721 2
4722 4
4723 1
4724 3
4725 3
4726 1
4727 1
4728 1
4729 0
4730 0
4731 2
4732 2
4733 0
4734 1
4735 1
4736 3
4737 4
4738 1
4739 4
4740 4
4741 4
4742 3
4743 2
4744 1
4745 1
4746 0
4747 2
4748 4
4749 1
4750 2
4751 1
4752 2
4753 4
4754 4
4755 3
4756 1
4757 4
4758 3
4759 1
4760 2
4761 1
4762 1
4763 2
4764 2
4765 3
4766 2
4767 2
4768 1
4769 4
4770 4
4771 1
4772 2
4773 2
4774 3
4775 3
4776 3
4777 1
4778 3
4779 0
4780 2
4781 2
4782 2
4783 2
4784 3
4785 2
4786 1
4787 3
4788 1
4789 3
4790 1
4791 3
4792 4
4793 4
4794 2
4795 2
4796 2
4797 3
4798 3
4799 2
4800 5
4801 4
4802 4
4803 2
4804 2
4805 0
4806 4
4807 1
4808 1
4809 1
4810 0
4811 1
4812 5
4813 4
4814 4
4815 3
4816 1
4817 0
4818 4
4819 1
4820 2
4821 1
4822 5
4823 4
4824 7
4825 6
4826 5
4827 4
4828 1
4829 3
4830 3
4831 2
4832 4
4833 6
4834 6
4835 5
4836 4
4837 6
4838 4
4839 3
4840 3
4841 3
4842 4
4843 6
4844 8
4845 6
4846 6
4847 4
4848 3
4849 4
4850 3
4851 2
4852 2
4853 2
4854 1
4855 2
4856 4
4857 3
4858 1
4859 4
4860 4
4861 5
4862 4
4863 2
4864 2
4865 2
4866 4
4867 3
4868 2
4869 2
4870 0
4871 2
4872 0
4873 3
4874 6
4875 5
4876 5
4877 7
4878 8
4879 7
4880 5
4881 10
4882 9
4883 11
4884 10
4885 7
4886 5
4887 3
4888 4
4889 2
4890 2
4891 3
4892 2
4893 4
4894 7
4895 7
4896 6
4897 8
4898 6
4899 9
4900 6
4901 4
4902 4
4903 5
4904 5
4905 3
4906 4
4907 3
4908 2
4909 6
4910 5
4911 6
4912 9
4913 9
4914 10
4915 9
4916 8
4917 8
4918 9
4919 8
4920 8
4921 7
4922 5
4923 6
4924 4
4925 3
4926 2
4927 4
4928 3
4929 5
4930 7
4931 7
4932 7
4933 7
4934 5
4935 6
4936 3
4937 2
4938 4
4939 3
4940 2
4941 3
4942 2
4943 3
4944 3
4945 4
4946 2
4947 0
4948 4
4949 2
4950 2
4951 4
4952 3
4953 3
4954 4
4955 4
4956 3
4957 2
4958 2
4959 1
4960 4
4961 4
4962 2
4963 2
4964 2
4965 2
4966 1
4967 6
4968 6
4969 4
4970 3
4971 3
4972 2
4973 2
4974 2
4975 0
4976 1
4977 1
4978 3
4979 2
4980 2
4981 1
4982 3
4983 2
4984 3
4985 1
4986 3
4987 2
4988 7
4989 6
4990 3
4991 4
4992 2
4993 2
4994 4
4995 4
4996 5
4997 4
4998 4
4999 6
5000 7
5001 9
5002 9
5003 8
5004 6
5005 6
5006 4
5007 2
5008 1
5009 3
5010 4
5011 4
5012 5
5013 6
5014 5
5015 4
5016 2
5017 4
5018 5
5019 3
5020 5
5021 3
5022 1
5023 4
5024 4
5025 3
5026 2
5027 2
5028 3
5029 1
5030 2
5031 4
5032 4
5033 3
5034 3
5035 2
5036 4
5037 4
5038 3
5039 4
5040 3
5041 2
5042 1
5043 2
5044 1
5045 5
5046 6
5047 4
5048 1
5049 4
5050 3
5051 5
5052 6
5053 6
5054 7
5055 7
5056 7
5057 6
5058 8
5059 9
5060 8
5061 5
5062 2
5063 5
5064 3
5065 2
5066 6
5067 7
5068 7
5069 10
5070 8
5071 6
5072 4
5073 3
5074 3
5075 4
5076 3
5077 2
5078 3
5079 2
5080 3
5081 1
5082 2
5083 1
5084 4
5085 3
5086 4
5087 2
5088 2
5089 4
5090 3
5091 1
5092 1
5093 3
5094 3
5095 3
5096 4
5097 4
5098 2
5099 4
5100 3
5101 1
5102 1
5103 2
5104 3
5105 2
5106 3
5107 3
5108 1
5109 6
5110 5
5111 3
5112 4
5113 4
5114 6
5115 7
5116 6
5117 6
5118 6
5119 5
5120 4
5121 2
5122 2
5123 2
5124 4
5125 2
5126 4
5127 3
5128 2
5129 3
5130 3
5131 2
5132 1
5133 3
5134 4
5135 4
5136 3
5137 4
5138 5
5139 3
5140 2
5141 3
5142 5
5143 6
5144 6
5145 9
5146 7
5147 9
5148 9
5149 9
5150 9
5151 9
5152 9
5153 10
5154 7
5155 5
5156 8
5157 10
5158 9
5159 9
5160 8
5161 8
5162 8
5163 10
5164 10
5165 9
5166 10
5167 10
5168 11
5169 12
5170 10
5171 8
5172 7
5173 5
5174 4
5175 2
5176 3
5177 3
5178 1
5179 3
5180 3
5181 1
5182 6
5183 4
5184 5
5185 6
5186 6
5187 4
5188 3
5189 3
5190 2
5191 3
5192 4
5193 3
5194 1
5195 4
5196 4
5197 5
5198 2
5199 1
5200 3
5201 3
5202 2
5203 2
5204 5
5205 3
5206 2
5207 3
5208 1
5209 2
5210 3
5211 2
5212 2
5213 4
5214 3
5215 3
5216 3
5217 2
5218 1
5219 3
5220 5
5221 6
5222 7
5223 5
5224 5
5225 3
5226 3
5227 3
5228 5
5229 6
5230 5
5231 5
5232 8
5233 8
5234 9
5235 11
5236 9
5237 6
5238 7
5239 4
5240 2
5241 2
5242 2
5243 1
5244 1
5245 1
5246 4
5247 5
5248 4
5249 1
5250 1
5251 1
5252 2
5253 3
5254 2
5255 4
5256 3
5257 2
5258 0
5259 3
5260 6
5261 4
5262 3
5263 2
5264 2
5265 2
5266 5
5267 5
5268 7
5269 6
5270 6
5271 4
5272 6
5273 6
5274 6
5275 7
5276 4
5277 4
5278 3
5279 1
5280 4
5281 5
5282 7
5283 9
5284 10
5285 9
5286 9
5287 9
5288 11
5289 11
5290 12
5291 11
5292 10
5293 10
5294 9
5295 9
5296 9
5297 8
5298 7
5299 5
5300 4
5301 4
5302 3
5303 3
5304 7
5305 5
5306 4
5307 5
5308 4
5309 3
5310 4
5311 4
5312 4
5313 5
5314 4
5315 1
5316 4
5317 4
5318 4
5319 3
5320 0
5321 4
5322 4
5323 3
5324 3
5325 3
5326 3
5327 1
5328 3
5329 1
5330 1
5331 3
5332 1
5333 2
5334 3
5335 5
5336 3
5337 2
5338 3
5339 3
5340 3
5341 1
5342 3
5343 0
5344 4
5345 3
5346 2
5347 3
5348 4
5349 3
5350 6
5351 3
5352 2
5353 2
5354 4
5355 4
5356 2
5357 2
5358 3
5359 2
5360 2
5361 2
5362 2
5363 5
5364 4
5365 2
5366 5
5367 7
5368 5
5369 5
5370 4
5371 2
5372 3
5373 1
5374 2
5375 1
5376 2
5377 5
5378 8
5379 11
5380 10
5381 12
5382 14
5383 13
5384 11
5385 8
5386 8
5387 7
5388 6
5389 4
5390 3
5391 4
5392 3
5393 3
5394 3
5395 5
5396 6
5397 7
5398 8
5399 6
5400 5
5401 8
5402 9
5403 10
5404 10
5405 10
5406 9
5407 8
5408 5
5409 5
5410 6
5411 7
5412 6
5413 5
5414 6
5415 6
5416 5
5417 7
5418 9
5419 8
5420 9
5421 9
5422 9
5423 10
5424 9
5425 7
5426 7
5427 6
5428 4
5429 5
5430 4
5431 4
5432 6
5433 6
5434 7
5435 7
5436 8
5437 7
5438 4
5439 2
5440 3
5441 3
5442 5
5443 6
5444 4
5445 4
5446 1
5447 5
5448 6
5449 4
5450 5
5451 3
5452 2
5453 3
5454 3
5455 3
5456 1
5457 1
5458 3
5459 1
5460 2
5461 2
5462 3
5463 1
5464 2
5465 4
5466 4
5467 3
5468 1
5469 2
5470 3
5471 4
5472 2
5473 3
5474 1
5475 5
5476 4
5477 6
5478 8
5479 7
5480 8
5481 7
5482 5
5483 3
5484 4
5485 2
5486 1
5487 2
5488 3
5489 4
5490 7
5491 6
5492 5
5493 4
5494 3
5495 4
5496 4
5497 4
5498 4
5499 2
5500 3
5501 2
5502 4
5503 4
5504 4
5505 4
5506 4
5507 4
5508 5
5509 2
5510 2
5511 3
5512 0
5513 2
5514 3
5515 2
5516 2
5517 2
5518 2
5519 0
5520 3
5521 3
5522 4
5523 2
5524 2
5525 2
5526 2
5527 1
5528 6
5529 6
5530 6
5531 3
5532 2
5533 2
5534 3
5535 4
5536 4
5537 4
5538 4
5539 4
5540 5
5541 5
5542 5
5543 2
5544 3
5545 2
5546 4
5547 5
5548 6
5549 8
5550 7
5551 8
5552 7
5553 6
5554 5
5555 4
5556 5
5557 5
5558 6
5559 7
5560 6
5561 4
5562 5
5563 5
5564 6
5565 6
5566 3
5567 2
5568 4
5569 1
5570 2
5571 2
5572 1
5573 4
5574 4
5575 4
5576 2
5577 3
5578 2
5579 2
5580 2
5581 3
5582 2
5583 7
5584 10
5585 10
5586 10
5587 10
5588 11
5589 12
5590 12
5591 11
5592 9
5593 9
5594 8
5595 9
5596 9
5597 9
5598 10
5599 8
5600 7
5601 7
5602 8
5603 7
5604 10
5605 10
5606 7
5607 5
5608 6
5609 5
5610 4
5611 5
5612 5
5613 7
5614 5
5615 7
5616 5
5617 6
5618 4
5619 6
5620 4
5621 4
5622 3
5623 4
5624 2
5625 2
5626 4
5627 4
5628 3
5629 3
5630 3
5631 3
5632 2
5633 3
5634 2
5635 3
5636 1
5637 6
5638 7
5639 4
5640 4
5641 4
5642 4
5643 4
5644 6
5645 4
5646 5
5647 4
5648 6
5649 6
5650 6
5651 5
5652 7
5653 7
5654 8
5655 7
5656 8
5657 7
5658 8
5659 8
5660 8
5661 8
5662 8
5663 8
5664 8
5665 8
5666 6
5667 5
5668 7
5669 7
5670 9
5671 8
5672 5
5673 5
5674 6
5675 6
5676 5
5677 6
5678 9
5679 7
5680 7
5681 6
5682 3
5683 2
5684 2
5685 2
5686 2
5687 2
5688 2
5689 1
5690 1
5691 1
5692 3
5693 2
5694 3
5695 5
5696 3
5697 8
5698 7
5699 6
5700 5
5701 3
5702 2
5703 1
5704 4
5705 4
5706 3
5707 4
5708 4
5709 2
5710 3
5711 1
5712 3
5713 1
5714 2
5715 3
5716 2
5717 1
5718 2
5719 2
5720 4
5721 3
5722 3
5723 4
5724 4
5725 3
5726 3
5727 4
5728 4
5729 6
5730 4
5731 4
5732 3
5733 2
5734 4
5735 6
5736 4
5737 2
5738 1
5739 0
5740 2
5741 1
5742 2
5743 0
5744 4
5745 5
5746 7
5747 8
5748 7
5749 7
5750 9
5751 7
5752 7
5753 6
5754 7
5755 5
5756 4
5757 5
5758 8
5759 6
5760 7
5761 7
5762 9
5763 6
5764 4
5765 3
5766 1
5767 5
5768 5
5769 6
5770 6
5771 6
5772 6
5773 6
5774 8
5775 9
5776 8
5777 8
5778 7
5779 5
5780 5
5781 5
5782 4
5783 3
5784 3
5785 1
5786 5
5787 3
5788 3
5789 3
5790 0
5791 2
5792 5
5793 5
5794 4
5795 2
5796 4
5797 5
5798 5
5799 4
5800 7
5801 8
5802 10
5803 10
5804 8
5805 9
5806 8
5807 9
5808 8
5809 6
5810 7
5811 7
5812 6
5813 5
5814 2
5815 2
5816 3
5817 2
5818 4
5819 4
5820 6
5821 4
5822 4
5823 2
5824 3
5825 1
5826 1
5827 2
5828 2
5829 4
5830 3
5831 2
5832 4
5833 2
5834 5
5835 5
5836 8
5837 11
5838 10
5839 9
5840 9
5841 9
5842 10
5843 10
5844 11
5845 8
5846 6
5847 4
5848 3
5849 3
5850 4
5851 6
5852 8
5853 7
5854 8
5855 5
5856 5
5857 4
5858 2
5859 4
5860 4
5861 2
5862 2
5863 2
5864 2
5865 2
5866 2
5867 3
5868 2
5869 2
5870 0
5871 4
5872 6
5873 4
5874 5
5875 5
5876 2
5877 3
5878 2
5879 4
5880 3
5881 3
5882 3
5883 0
5884 1
5885 3
5886 3
5887 3
5888 1
5889 1
5890 1
5891 3
5892 3
5893 3
5894 4
5895 3
5896 2
5897 5
5898 6
5899 6
5900 8
5901 6
5902 7
5903 4
5904 4
5905 5
5906 4
5907 3
5908 1
5909 2
5910 3
5911 2
5912 3
5913 1
5914 1
5915 4
5916 3
5917 2
5918 3
5919 1
5920 4
5921 5
5922 4
5923 6
5924 8
5925 8
5926 7
5927 7
5928 8
5929 8
5930 7
5931 7
5932 7
5933 5
5934 6
5935 7
5936 6
5937 5
5938 6
5939 5
5940 5
5941 7
5942 8
5943 7
5944 7
5945 8
5946 10
5947 10
5948 10
5949 9
5950 7
5951 6
5952 7
5953 6
5954 4
5955 2
5956 0
5957 1
5958 1
5959 1
5960 3
5961 2
5962 2
5963 3
5964 2
5965 2
5966 3
5967 7
5968 10
5969 10
5970 10
5971 11
5972 13
5973 12
5974 11
5975 9
5976 10
5977 8
5978 5
5979 4
5980 5
5981 5
5982 3
5983 1
5984 2
5985 2
5986 1
5987 4
5988 5
5989 4
5990 2
5991 2
5992 3
5993 3
5994 2
5995 2
5996 1
5997 3
5998 2
5999 3
6000 2
6001 4
6002 5
6003 2
6004 3
6005 2
6006 4
6007 3
6008 1
6009 2
6010 3
6011 3
6012 3
6013 2
6014 3
6015 2
6016 2
6017 2
6018 2
6019 1
6020 2
6021 2
6022 3
6023 0
6024 2
6025 4
6026 5
6027 6
6028 6
6029 5
6030 7
6031 5
6032 5
6033 4
6034 4
6035 2
6036 3
6037 3
6038 1
6039 3
6040 0
6041 0
6042 5
6043 4
6044 4
6045 4
6046 4
6047 3
6048 6
6049 4
6050 4
6051 2
6052 2
6053 5
6054 2
6055 3
6056 4
6057 4
6058 5
6059 4
6060 4
6061 6
6062 5
6063 6
6064 8
6065 6
6066 5
6067 3
6068 2
6069 2
6070 1
6071 2
6072 2
6073 4
6074 4
6075 5
6076 6
6077 5
6078 3
6079 1
6080 3
6081 3
6082 1
6083 4
6084 3
6085 2
6086 2
6087 2
6088 2
6089 2
6090 2
6091 1
6092 2
6093 1
6094 3
6095 4
6096 3
6097 1
6098 2
6099 3
6100 2
6101 2
6102 0
6103 1
6104 1
6105 4
6106 5
6107 5
6108 6
6109 6
6110 6
6111 5
6112 4
6113 3
6114 1
6115 2
6116 4
6117 2
6118 5
6119 3
6120 0
6121 2
6122 3
6123 3
6124 2
6125 1
6126 3
6127 3
6128 1
6129 0
6130 2
6131 3
6132 3
6133 2
6134 2
6135 2
6136 3
6137 2
6138 1
6139 2
6140 1
6141 4
6142 4
6143 4
6144 5
6145 4
6146 3
6147 4
6148 1
6149 2
6150 3
6151 4
6152 2
6153 3
6154 1
6155 2
6156 2
6157 5
6158 5
6159 6
6160 3
6161 1
6162 5
6163 7
6164 8
6165 6
6166 9
6167 7
6168 6
6169 4
6170 2
6171 1
6172 2
6173 0
6174 3
6175 3
6176 4
6177 4
6178 3
6179 2
6180 2
6181 4
6182 4
6183 4
6184 2
6185 4
6186 4
6187 5
6188 6
6189 7
6190 7
6191 6
6192 6
6193 4
6194 3
6195 2
6196 2
6197 4
6198 4
6199 3
6200 0
6201 2
6202 0
6203 5
6204 3
6205 4
6206 3
6207 5
6208 3
6209 3
6210 2
6211 4
6212 3
6213 4
6214 5
6215 5
6216 4
6217 4
6218 5
6219 7
6220 5
6221 6
6222 4
6223 6
6224 6
6225 8
6226 6
6227 7
6228 5
6229 7
6230 4
6231 3
6232 4
6233 2
6234 2
6235 3
6236 1
6237 3
6238 5
6239 5
6240 3
6241 2
6242 3
6243 3
6244 2
6245 2
6246 4
6247 7
6248 6
6249 3
6250 4
6251 6
6252 4
6253 2
6254 0
6255 2
6256 4
6257 2
6258 3
6259 5
6260 5
6261 6
6262 3
6263 1
6264 4
6265 5
6266 4
6267 7
6268 5
6269 4
6270 5
6271 3
6272 1
6273 3
6274 2
6275 4
6276 4
6277 1
6278 1
6279 2
6280 3
6281 1
6282 3
6283 0
6284 1
6285 4
6286 3
6287 3
6288 2
6289 2
6290 2
6291 1
6292 2
6293 1
6294 3
6295 1
6296 0
6297 1
6298 2
6299 3
6300 2
6301 2
6302 3
6303 3
6304 2
6305 3
6306 2
6307 4
6308 5
6309 3
6310 2
6311 3
6312 3
6313 5
6314 4
6315 2
6316 1
6317 1
6318 2
6319 2
6320 3
6321 2
6322 3
6323 2
6324 3
6325 2
6326 4
6327 3
6328 2
6329 2
6330 4
6331 5
6332 4
6333 2
6334 2
6335 0
6336 3
6337 0
6338 3
6339 1
6340 6
6341 7
6342 7
6343 5
6344 5
6345 3
6346 3
6347 3
6348 0
6349 2
6350 2
6351 5
6352 3
6353 3
6354 3
6355 2
6356 5
6357 5
6358 3
6359 0
6360 4
6361 1
6362 3
6363 4
6364 3
6365 3
6366 2
6367 2
6368 4
6369 2
6370 3
6371 2
6372 2
6373 2
6374 4
6375 3
6376 3
6377 0
6378 3
6379 2
6380 1
6381 1
6382 1
6383 1
6384 0
6385 2
6386 1
6387 3
6388 1
6389 3
6390 5
6391 5
6392 4
6393 5
6394 6
6395 5
6396 5
6397 6
6398 6
6399 4
6400 6
6401 6
6402 6
6403 5
6404 3
6405 1
6406 4
6407 3
6408 2
6409 3
6410 2
6411 4
6412 3
6413 2
6414 0
6415 3
6416 1
6417 5
6418 6
6419 7
6420 4
6421 2
6422 2
6423 2
6424 0
6425 2
6426 2
6427 2
6428 5
6429 6
6430 7
6431 4
6432 1
6433 0
6434 0
6435 1
6436 3
6437 4
6438 6
6439 7
6440 4
6441 3
6442 1
6443 0
6444 3
6445 5
6446 4
6447 2
6448 1
6449 1
6450 4
6451 2
6452 2
6453 2
6454 2
6455 3
6456 3
6457 5
6458 4
6459 5
6460 6
6461 3
6462 2
6463 1
6464 2
6465 2
6466 4
6467 8
6468 6
6469 6
6470 6
6471 4
6472 4
6473 3
6474 2
6475 3
6476 2
6477 4
6478 6
6479 6
6480 7
6481 5
6482 3
6483 2
6484 1
6485 1
6486 0
6487 0
6488 1
6489 3
6490 2
6491 2
6492 1
6493 5
6494 6
6495 4
6496 2
6497 2
6498 1
6499 5
6500 4
6501 3
6502 3
6503 1
6504 2
6505 6
6506 5
6507 5
6508 5
6509 5
6510 3
6511 3
6512 2
6513 3
6514 0
6515 2
6516 1
6517 2
6518 1
6519 0
6520 2
6521 4
6522 4
6523 5
6524 2
6525 5
6526 3
6527 0
6528 3
6529 2
6530 3
6531 5
6532 3
6533 5
6534 6
6535 5
6536 5
6537 4
6538 6
6539 6
6540 7
6541 5
6542 7
6543 6
6544 7
6545 7
6546 6
6547 5
6548 3
6549 3
6550 3
6551 2
6552 1
6553 0
6554 1
6555 3
6556 2
6557 2
6558 2
6559 2
6560 2
6561 4
6562 4
6563 4
6564 4
6565 1
6566 4
6567 5
6568 2
6569 4
6570 3
6571 1
6572 2
6573 1
6574 3
6575 4
6576 5
6577 7
6578 8
6579 6
6580 4
6581 4
6582 7
6583 8
6584 8
6585 7
6586 7
6587 6
6588 3
6589 0
6590 5
6591 3
6592 4
6593 2
6594 1
6595 3
6596 2
6597 4
6598 3
6599 5
6600 3
6601 5
6602 5
6603 2
6604 4
6605 2
6606 4
6607 5
6608 4
6609 5
6610 4
6611 5
6612 5
6613 4
6614 3
6615 2
6616 6
6617 7
6618 6
6619 4
6620 3
6621 2
6622 2
6623 3
6624 4
6625 3
6626 2
6627 2
6628 2
6629 1
6630 3
6631 2
6632 1
6633 1
6634 3
6635 5
6636 4
6637 2
6638 2
6639 3
6640 0
6641 2
6642 0
6643 4
6644 3
6645 2
6646 4
6647 4
6648 4
6649 4
6650 3
6651 4
6652 2
6653 5
6654 5
6655 5
6656 5
6657 3
6658 3
6659 2
6660 1
6661 3
6662 3
6663 1
6664 4
6665 4
6666 1
6667 3
6668 3
6669 4
6670 2
6671 3
6672 1
6673 2
6674 0
6675 4
6676 1
6677 3
6678 1
6679 3
6680 1
6681 3
6682 0
6683 2
6684 3
6685 2
6686 1
6687 5
6688 3
6689 1
6690 1
6691 3
6692 3
6693 2
6694 2
6695 4
6696 8
6697 8
6698 9
6699 9
6700 9
6701 7
6702 7
6703 6
6704 4
6705 3
6706 2
6707 2
6708 3
6709 1
6710 1
6711 5
6712 3
6713 3
6714 3
6715 4
6716 4
6717 2
6718 2
6719 1
6720 3
6721 1
6722 2
6723 5
6724 3
6725 2
6726 3
6727 3
6728 5
6729 4
6730 1
6731 3
6732 0
6733 4
6734 3
6735 1
6736 1
6737 2
6738 4
6739 2
6740 2
6741 1
6742 1
6743 6
6744 7
6745 6
6746 6
6747 7
6748 7
6749 6
6750 5
6751 5
6752 2
6753 2
6754 3
6755 5
6756 8
6757 8
6758 8
6759 9
6760 9
6761 8
6762 6
6763 4
6764 3
6765 2
6766 0
6767 2
6768 4
6769 1
6770 1
6771 1
6772 4
6773 4
6774 5
6775 5
6776 6
6777 3
6778 3
6779 0
6780 5
6781 6
6782 4
6783 6
6784 5
6785 4
6786 4
6787 3
6788 2
6789 1
6790 3
6791 1
6792 3
6793 3
6794 2
6795 4
6796 2
6797 0
6798 2
6799 4
6800 3
6801 0
6802 3
6803 1
6804 3
6805 3
6806 1
6807 3
6808 3
6809 0
6810 2
6811 1
6812 4
6813 3
6814 1
6815 1
6816 3
6817 3
6818 3
6819 1
6820 5
6821 4
6822 3
6823 2
6824 0
6825 2
6826 2
6827 1
6828 2
6829 0
6830 2
6831 1
6832 1
6833 2
6834 2
6835 3
6836 1
6837 2
6838 2
6839 4
6840 3
6841 0
6842 4
6843 4
6844 4
6845 5
6846 6
6847 4
6848 3
6849 1
6850 2
6851 3
6852 3
6853 2
6854 1
6855 4
6856 3
6857 3
6858 2
6859 1
6860 2
6861 3
6862 6
6863 5
6864 4
6865 5
6866 5
6867 5
6868 4
6869 4
6870 3
6871 4
6872 2
6873 1
6874 4
6875 2
6876 3
6877 2
6878 1
6879 1
6880 2
6881 2
6882 3
6883 4
6884 4
6885 4
6886 3
6887 1
6888 4
6889 3
6890 2
6891 1
6892 0
6893 2
6894 3
6895 4
6896 2
6897 3
6898 5
6899 4
6900 3
6901 5
6902 2
6903 2
6904 2
6905 4
6906 3
6907 0
6908 2
6909 1
6910 5
6911 2
6912 3
6913 3
6914 1
6915 1
6916 2
6917 2
6918 1
6919 1
6920 2
6921 2
6922 2
6923 3
6924 1
6925 1
6926 1
6927 4
6928 3
6929 1
6930 3
6931 3
6932 2
6933 3
6934 3
6935 2
6936 4
6937 4
6938 3
6939 2
6940 3
6941 3
6942 1
6943 1
6944 2
6945 2
6946 1
6947 3
6948 3
6949 4
6950 5
6951 4
6952 4
6953 3
6954 1
6955 4
6956 3
6957 1
6958 3
6959 2
6960 4
6961 4
6962 4
6963 4
6964 4
6965 3
6966 3
6967 5
6968 5
6969 5
6970 4
6971 2
6972 2
6973 1
6974 2
6975 4
6976 1
6977 1
6978 5
6979 4
6980 3
6981 4
6982 4
6983 1
6984 2
6985 4
6986 5
6987 8
6988 8
6989 8
6990 7
6991 7
6992 7
6993 7
6994 8
6995 7
6996 6
6997 7
6998 7
6999 8
7000 6
7001 6
7002 6
7003 4
7004 3
7005 1
7006 1
7007 1
7008 1
7009 5
7010 6
7011 6
7012 3
7013 5
7014 8
7015 7
7016 7
7017 7
7018 7
7019 7
7020 7
7021 7
7022 7
7023 8
7024 7
7025 7
7026 5
7027 6
7028 5
7029 8
7030 8
7031 10
7032 8
7033 10
7034 8
7035 7
7036 6
7037 4
7038 2
7039 3
7040 3
7041 4
7042 4
7043 4
7044 2
7045 5
7046 6
7047 6
7048 4
7049 3
7050 5
7051 4
7052 7
7053 5
7054 4
7055 7
7056 8
7057 7
7058 9
7059 9
7060 9
7061 9
7062 7
7063 6
7064 5
7065 3
7066 2
7067 2
7068 3
7069 0
7070 1
7071 4
7072 2
7073 4
7074 3
7075 2
7076 0
7077 2
7078 2
7079 3
7080 2
7081 2
7082 5
7083 5
7084 4
7085 6
7086 3
7087 1
7088 2
7089 2
7090 2
7091 1
7092 1
7093 1
7094 2
7095 3
7096 3
7097 2
7098 3
7099 2
7100 0
7101 1
7102 4
7103 6
7104 3
7105 4
7106 3
7107 4
7108 4
7109 3
7110 3
7111 1
7112 3
7113 1
7114 2
7115 0
7116 1
7117 1
7118 1
7119 3
7120 6
7121 8
7122 5
7123 5
7124 2
7125 1
7126 2
7127 2
7128 3
7129 2
7130 2
7131 4
7132 3
7133 3
7134 0
7135 2
7136 5
7137 9
7138 9
7139 6
7140 5
7141 6
7142 9
7143 8
7144 7
7145 6
7146 3
7147 1
7148 5
7149 6
7150 6
7151 5
7152 5
7153 4
7154 2
7155 2
7156 3
7157 3
7158 3
7159 3
7160 3
7161 3
7162 3
7163 2
7164 0
7165 3
7166 1
7167 4
7168 4
7169 5
7170 5
7171 6
7172 3
7173 7
7174 9
7175 9
7176 11
7177 10
7178 9
7179 9
7180 8
7181 7
7182 6
7183 6
7184 5
7185 4
7186 2
7187 1
7188 5
7189 4
7190 3
7191 4
7192 2
7193 3
7194 4
7195 4
7196 5
7197 5
7198 5
7199 6
7200 6
7201 6
7202 4
7203 3
7204 2
7205 4
7206 2
7207 2
7208 2
7209 3
7210 2
7211 2
7212 0
7213 4
7214 2
7215 1
7216 4
7217 2
7218 3
7219 2
7220 3
7221 2
7222 3
7223 4
7224 5
7225 4
7226 3
7227 1
7228 3
7229 1
7230 4
7231 6
7232 4
7233 5
7234 4
7235 1
7236 3
7237 3
7238 2
7239 4
7240 3
7241 2
7242 4
7243 4
7244 4
7245 1
7246 4
7247 3
7248 2
7249 4
7250 3
7251 1
7252 3
7253 4
7254 2
7255 1
7256 4
7257 5
7258 4
7259 3
7260 3
7261 2
7262 3
7263 3
7264 1
7265 1
7266 3
7267 0
7268 1
7269 4
7270 2
7271 2
7272 2
7273 1
7274 3
7275 0
7276 2
7277 3
7278 3
7279 1
7280 1
7281 1
7282 2
7283 2
7284 3
7285 3
7286 3
7287 1
7288 4
7289 5
7290 4
7291 5
7292 6
7293 5
7294 4
7295 2
7296 2
7297 3
7298 2
7299 2
7300 5
7301 3
7302 2
7303 4
7304 3
7305 4
7306 5
7307 4
7308 3
7309 0
7310 3
7311 2
7312 1
7313 0
7314 3
7315 3
7316 1
7317 0
7318 2
7319 4
7320 4
7321 3
7322 2
7323 4
7324 5
7325 3
7326 5
7327 4
7328 5
7329 6
7330 5
7331 3
7332 1
7333 3
7334 4
7335 5
7336 4
7337 5
7338 6
7339 4
7340 4
7341 1
7342 3
7343 5
7344 5
7345 3
7346 0
7347 5
7348 7
7349 6
7350 7
7351 8
7352 8
7353 6
7354 7
7355 9
7356 12
7357 11
7358 11
7359 11
7360 9
7361 7
7362 5
7363 8
7364 10
7365 11
7366 9
7367 8
7368 9
7369 8
7370 8
7371 6
7372 8
7373 10
7374 15
7375 12
7376 13
7377 14
7378 13
7379 13
7380 12
7381 12
7382 12
7383 12
7384 10
7385 8
7386 6
7387 7
7388 6
7389 6
7390 4
7391 2
7392 3
7393 3
7394 2
7395 2
7396 4
7397 4
7398 3
7399 2
7400 3
7401 3
7402 4
7403 2
7404 3
7405 5
7406 6
7407 6
7408 7
7409 8
7410 8
7411 6
7412 6
7413 8
7414 10
7415 9
7416 10
7417 7
7418 7
7419 7
7420 8
7421 10
7422 9
7423 9
7424 10
7425 8
7426 6
7427 6
7428 8
7429 7
7430 6
7431 6
7432 5
7433 5
7434 4
7435 8
7436 7
7437 10
7438 10
7439 10
7440 9
7441 8
7442 8
7443 5
7444 5
7445 3
7446 1
7447 2
7448 2
7449 3
7450 3
7451 6
7452 6
7453 5
7454 5
7455 4
7456 4
7457 1
7458 3
7459 1
7460 4
7461 4
7462 2
7463 4
7464 4
7465 4
7466 4
7467 3
7468 1
7469 1
7470 5
7471 4
7472 2
7473 2
7474 1
7475 2
7476 1
7477 3
7478 2
7479 3
7480 3
7481 2
7482 2
7483 1
7484 2
7485 3
7486 5
7487 3
7488 1
7489 5
7490 5
7491 3
7492 1
7493 2
7494 0
7495 2
7496 1
7497 3
7498 1
7499 4
7500 1
7501 3
7502 4
7503 6
7504 5
7505 4
7506 2
7507 0
7508 0
7509 3
7510 4
7511 2
7512 3
7513 1
7514 3
7515 3
7516 5
7517 5
7518 3
7519 1
7520 2
7521 1
7522 0
7523 2
7524 3
7525 0
7526 5
7527 3
7528 2
7529 2
7530 3
7531 3
7532 2
7533 1
7534 0
7535 1
7536 4
7537 2
7538 1
7539 5
7540 7
7541 6
7542 5
7543 4
7544 5
7545 6
7546 6
7547 6
7548 5
7549 4
7550 2
7551 2
7552 3
7553 6
7554 6
7555 5
7556 3
7557 3
7558 1
7559 1
7560 3
7561 0
7562 0
7563 4
7564 5
7565 3
7566 2
7567 1
7568 4
7569 1
7570 1
7571 2
7572 3
7573 4
7574 3
7575 2
7576 1
7577 2
7578 3
7579 3
7580 2
7581 2
7582 4
7583 3
7584 2
7585 3
7586 6
7587 4
7588 4
7589 3
7590 2
7591 4
7592 2
7593 5
7594 6
7595 6
7596 5
7597 4
7598 3
7599 2
7600 2
7601 5
7602 6
7603 5
7604 5
7605 2
7606 3
7607 3
7608 6
7609 6
7610 4
7611 5
7612 3
7613 3
7614 5
7615 5
7616 7
7617 8
7618 8
7619 8
7620 7
7621 6
7622 3
7623 4
7624 3
7625 4
7626 4
7627 3
7628 4
7629 5
7630 4
7631 5
7632 9
7633 8
7634 8
7635 7
7636 6
7637 7
7638 8
7639 7
7640 6
7641 3
7642 2
7643 5
7644 5
7645 3
7646 2
7647 5
7648 4
7649 4
7650 4
7651 3
7652 2
7653 2
7654 3
7655 2
7656 2
7657 3
7658 1
7659 1
7660 4
7661 4
7662 4
7663 4
7664 4
7665 6
7666 7
7667 5
7668 6
7669 5
7670 5
7671 4
7672 5
7673 3
7674 3
7675 1
7676 3
7677 2
7678 5
7679 4
7680 6
7681 3
7682 4
7683 5
7684 4
7685 3
7686 3
7687 2
7688 1
7689 2
7690 0
7691 1
7692 6
7693 5
7694 4
7695 2
7696 3
7697 4
7698 2
7699 1
7700 3
7701 3
7702 1
7703 0
7704 2
7705 1
7706 1
7707 3
7708 5
7709 5
7710 2
7711 1
7712 0
7713 2
7714 2
7715 6
7716 5
7717 6
7718 7
7719 8
7720 8
7721 7
7722 5
7723 6
7724 7
7725 5
7726 5
7727 3
7728 1
7729 3
7730 3
7731 2
7732 2
7733 3
7734 2
7735 4
7736 2
7737 3
7738 4
7739 4
7740 6
7741 4
7742 4
7743 4
7744 2
7745 4
7746 6
7747 3
7748 2
7749 1
7750 1
7751 1
7752 7
7753 7
7754 7
7755 7
7756 7
7757 6
7758 3
7759 2
7760 2
7761 3
7762 4
7763 2
7764 2
7765 2
7766 1
7767 2
7768 3
7769 1
7770 3
7771 3
7772 4
7773 4
7774 2
7775 3
7776 1
7777 1
7778 3
7779 2
7780 1
7781 1
7782 3
7783 3
7784 2
7785 2
7786 1
7787 1
7788 2
7789 2
7790 4
7791 5
7792 5
7793 2
7794 4
7795 3
7796 3
7797 2
7798 4
7799 2
7800 3
7801 1
7802 1
7803 3
7804 4
7805 6
7806 5
7807 3
7808 3
7809 3
7810 3
7811 2
7812 3
7813 4
7814 4
7815 5
7816 2
7817 3
7818 5
7819 6
7820 6
7821 6
7822 4
7823 3
7824 2
7825 2
7826 4
7827 4
7828 5
7829 5
7830 4
7831 4
7832 4
7833 2
7834 2
7835 2
7836 1
7837 2
7838 0
7839 2
7840 6
7841 4
7842 6
7843 7
7844 7
7845 6
7846 7
7847 6
7848 8
7849 10
7850 9
7851 8
7852 7
7853 8
7854 9
7855 9
7856 7
7857 7
7858 6
7859 5
7860 4
7861 3
7862 4
7863 3
7864 3
7865 2
7866 0
7867 2
7868 2
7869 3
7870 3
7871 4
7872 4
7873 4
7874 2
7875 3
7876 1
7877 2
7878 4
7879 3
7880 3
7881 2
7882 3
7883 0
7884 3
7885 1
7886 4
7887 2
7888 1
7889 3
7890 1
7891 1
7892 1
7893 2
7894 1
7895 2
7896 3
7897 1
7898 2
7899 2
7900 2
7901 3
7902 1
7903 1
7904 2
7905 3
7906 3
7907 2
7908 1
7909 3
7910 1
7911 4
7912 3
7913 2
7914 4
7915 2
7916 4
7917 2
7918 2
7919 1
7920 0
7921 3
7922 1
7923 5
7924 3
7925 1
7926 3
7927 2
7928 0
7929 4
7930 1
7931 0
7932 1
7933 2
7934 2
7935 2
7936 2
7937 0
7938 3
7939 2
7940 2
7941 3
7942 4
7943 2
7944 4
7945 3
7946 3
7947 0
7948 2
7949 4
7950 3
7951 2
7952 1
7953 3
7954 2
7955 4
7956 2
7957 3
7958 1
7959 4
7960 3
7961 1
7962 1
7963 2
7964 5
7965 3
7966 1
7967 4
7968 2
7969 3
7970 5
7971 4
7972 2
7973 1
7974 1
7975 1
7976 4
7977 4
7978 5
7979 4
7980 2
7981 1
7982 0
7983 3
7984 3
7985 0
7986 2
7987 4
7988 2
7989 3
7990 2
7991 5
7992 5
7993 3
7994 3
7995 6
7996 5
7997 6
7998 8
7999 8
8000 7
8001 8
8002 9
8003 8
8004 10
8005 11
8006 9
8007 9
8008 8
8009 7
8010 5
8011 4
8012 4
8013 4
8014 2
8015 4
8016 2
8017 1
8018 0
8019 5
8020 4
8021 4
8022 4
8023 2
8024 1
8025 1
8026 0
8027 3
8028 2
8029 1
8030 1
8031 1
8032 2
8033 3
8034 6
8035 5
8036 4
8037 5
8038 5
8039 4
8040 4
8041 3
8042 3
8043 1
8044 2
8045 1
8046 1
8047 1
8048 3
8049 4
8050 3
8051 2
8052 2
8053 2
8054 3
8055 5
8056 5
8057 6
8058 7
8059 6
8060 5
8061 4
8062 4
8063 3
8064 2
8065 1
8066 3
8067 4
8068 3
8069 1
8070 1
8071 1
8072 3
8073 0
8074 1
8075 7
8076 6
8077 4
8078 6
8079 7
8080 7
8081 5
8082 4
8083 3
8084 1
8085 6
8086 5
8087 3
8088 1
8089 2
8090 2
8091 3
8092 2
8093 5
8094 5
8095 4
8096 6
8097 6
8098 4
8099 2
8100 2
8101 2
8102 2
8103 3
8104 4
8105 2
8106 1
8107 0
8108 1
8109 1
8110 4
8111 5
8112 2
8113 4
8114 2
8115 3
8116 1
8117 4
8118 2
8119 2
8120 3
8121 2
8122 3
8123 3
8124 3
8125 3
8126 4
8127 5
8128 7
8129 8
8130 8
8131 5
8132 6
8133 4
8134 4
8135 2
8136 2
8137 1
8138 5
8139 8
8140 10
8141 7
8142 7
8143 6
8144 5
8145 3
8146 4
8147 2
8148 0
8149 2
8150 1
8151 1
8152 2
8153 1
8154 4
8155 4
8156 5
8157 6
8158 9
8159 8
8160 5
8161 3
8162 5
8163 2
8164 1
8165 2
8166 3
8167 2
8168 0
8169 4
8170 4
8171 4
8172 5
8173 6
8174 5
8175 2
8176 4
8177 5
8178 2
8179 4
8180 2
8181 4
8182 2
8183 3
8184 4
8185 2
8186 2
8187 1
8188 5
8189 5
8190 3
8191 4
8192 4
8193 3
8194 4
8195 3
8196 2
8197 3
8198 3
8199 0
8200 2
8201 2
8202 2
8203 5
8204 3
8205 3
8206 3
8207 2
8208 2
8209 4
8210 4
8211 3
8212 3
8213 2
8214 2
8215 5
8216 5
8217 6
8218 7
8219 5
8220 4
8221 2
8222 2
8223 4
8224 4
8225 6
8226 6
8227 5
8228 6
8229 5
8230 4
8231 5
8232 7
8233 6
8234 5
8235 5
8236 5
8237 7
8238 5
8239 3
8240 1
8241 7
8242 6
8243 7
8244 7
8245 5
8246 5
8247 5
8248 6
8249 4
8250 5
8251 5
8252 5
8253 7
8254 6
8255 5
8256 3
8257 1
8258 2
8259 4
8260 4
8261 2
8262 1
8263 2
8264 5
8265 4
8266 2
8267 1
8268 1
8269 3
8270 3
8271 6
8272 6
8273 4
8274 3
8275 2
8276 3
8277 2
8278 3
8279 2
8280 4
8281 3
8282 0
8283 1
8284 3
8285 3
8286 2
8287 5
8288 7
8289 10
8290 9
8291 9
8292 8
8293 8
8294 9
8295 8
8296 9
8297 9
8298 6
8299 7
8300 7
8301 5
8302 6
8303 6
8304 6
8305 5
8306 5
8307 4
8308 2
8309 1
8310 2
8311 2
8312 2
8313 2
8314 3
8315 3
8316 1
8317 1
8318 1
8319 3
8320 2
8321 0
8322 5
8323 4
8324 3
8325 4
8326 2
8327 2
8328 4
8329 2
8330 1
8331 1
8332 2
8333 3
8334 3
8335 1
8336 1
8337 2
8338 0
8339 2
8340 4
8341 6
8342 7
8343 5
8344 5
8345 4
8346 5
8347 4
8348 4
8349 2
8350 2
8351 2
8352 2
8353 4
8354 2
8355 3
8356 3
8357 1
8358 2
8359 2
8360 1
8361 2
8362 2
8363 3
8364 1
8365 2
8366 3
8367 1
8368 5
8369 4
8370 3
8371 2
8372 2
8373 2
8374 4
8375 4
8376 2
8377 2
8378 1
8379 3
8380 3
8381 7
8382 8
8383 6
8384 7
8385 4
8386 2
8387 3
8388 2
8389 2
8390 3
8391 3
8392 2
8393 5
8394 4
8395 1
8396 4
8397 3
8398 0
8399 1
8400 5
8401 4
8402 3
8403 1
8404 4
8405 4
8406 6
8407 5
8408 4
8409 3
8410 1
8411 1
8412 3
8413 2
8414 3
8415 4
8416 4
8417 5
8418 5
8419 5
8420 3
8421 2
8422 2
8423 2
8424 2
8425 3
8426 2
8427 1
8428 4
8429 4
8430 5
8431 2
8432 2
8433 2
8434 2
8435 4
8436 3
8437 4
8438 4
8439 4
8440 2
8441 2
8442 3
8443 3
8444 1
8445 3
8446 3
8447 1
8448 2
8449 4
8450 4
8451 3
8452 1
8453 3
8454 3
8455 3
8456 3
8457 0
8458 3
8459 4
8460 5
8461 3
8462 3
8463 5
8464 6
8465 6
8466 5
8467 2
8468 4
8469 3
8470 2
8471 4
8472 3
8473 2
8474 1
8475 2
8476 1
8477 1
8478 4
8479 3
8480 3
8481 3
8482 1
8483 2
8484 2
8485 1
8486 1
8487 4
8488 2
8489 1
8490 3
8491 2
8492 4
8493 4
8494 7
8495 8
8496 7
8497 8
8498 7
8499 5
8500 7
8501 6
8502 4
8503 2
8504 4
8505 3
8506 3
8507 2
8508 4
8509 4
8510 2
8511 3
8512 2
8513 3
8514 6
8515 6
8516 6
8517 5
8518 5
8519 2
8520 2
8521 3
8522 0
8523 1
8524 2
8525 2
8526 1
8527 2
8528 3
8529 2
8530 1
8531 5
8532 4
8533 2
8534 1
8535 1
8536 1
8537 2
8538 1
8539 2
8540 2
8541 1
8542 4
8543 5
8544 4
8545 1
8546 4
8547 5
8548 6
8549 5
8550 2
8551 0
8552 2
8553 4
8554 4
8555 6
8556 7
8557 7
8558 6
8559 5
8560 5
8561 7
8562 6
8563 6
8564 6
8565 6
8566 8
8567 6
8568 6
8569 6
8570 7
8571 5
8572 5
8573 7
8574 6
8575 4
8576 4
8577 3
8578 3
8579 2
8580 0
8581 5
8582 6
8583 6
8584 4
8585 3
8586 3
8587 1
8588 2
8589 2
8590 2
8591 3
8592 3
8593 2
8594 3
8595 6
8596 4
8597 2
8598 1
8599 3
8600 3
8601 1
8602 6
8603 8
8604 6
8605 7
8606 7
8607 6
8608 4
8609 3
8610 0
8611 2
8612 2
8613 4
8614 5
8615 8
8616 7
8617 8
8618 5
8619 8
8620 8
8621 7
8622 5
8623 4
8624 4
8625 3
8626 1
8627 2
8628 1
8629 6
8630 6
8631 5
8632 7
8633 6
8634 6
8635 7
8636 7
8637 7
8638 6
8639 3
8640 1
8641 2
8642 6
8643 4
8644 3
8645 3
8646 5
8647 8
8648 6
8649 7
8650 7
8651 6
8652 6
8653 5
8654 4
8655 4
8656 4
8657 3
8658 1
8659 6
8660 7
8661 6
8662 5
8663 5
8664 3
8665 2
8666 4
8667 3
8668 1
8669 1
8670 1
8671 3
8672 2
8673 1
8674 2
8675 3
8676 4
8677 2
8678 4
8679 3
8680 4
8681 4
8682 4
8683 3
8684 4
8685 5
8686 4
8687 4
8688 5
8689 3
8690 3
8691 6
8692 3
8693 4
8694 3
8695 3
8696 0
8697 2
8698 3
8699 1
8700 1
8701 0
8702 1
8703 2
8704 6
8705 5
8706 4
8707 2
8708 1
8709 1
8710 0
8711 1
8712 4
8713 4
8714 1
8715 3
8716 4
8717 4
8718 2
8719 1
8720 1
8721 3
8722 3
8723 2
8724 2
8725 2
8726 2
8727 0
8728 2
8729 3
8730 2
8731 0
8732 3
8733 4
8734 2
8735 2
8736 2
8737 2
8738 2
8739 1
8740 2
8741 4
8742 4
8743 3
8744 2
8745 1
8746 2
8747 3
8748 3
8749 2
8750 4
8751 5
8752 3
8753 4
8754 5
8755 5
8756 5
8757 5
8758 4
8759 1
8760 1
8761 2
8762 1
8763 1
8764 3
8765 5
8766 3
8767 0
8768 5
8769 3
8770 3
8771 1
8772 4
8773 3
8774 3
8775 3
8776 2
8777 1
8778 1
8779 2
8780 2
8781 3
8782 3
8783 2
8784 1
8785 2
8786 3
8787 3
8788 4
8789 1
8790 2
8791 5
8792 3
8793 1
8794 1
8795 2
8796 0
8797 3
8798 2
8799 5
8800 4
8801 3
8802 1
8803 1
8804 3
8805 2
8806 0
8807 3
8808 4
8809 4
8810 5
8811 3
8812 2
8813 2
8814 3
8815 2
8816 4
8817 3
8818 2
8819 1
8820 1
8821 0
8822 2
8823 4
8824 3
8825 3
8826 4
8827 5
8828 8
8829 6
8830 6
8831 4
8832 2
8833 3
8834 1
8835 1
8836 1
8837 3
8838 1
8839 4
8840 2
8841 2
8842 3
8843 4
8844 2
8845 4
8846 3
8847 2
8848 1
8849 1
8850 4
8851 4
8852 5
8853 7
8854 8
8855 8
8856 6
8857 5
8858 5
8859 5
8860 6
8861 5
8862 2
8863 3
8864 2
8865 2
8866 0
8867 2
8868 2
8869 3
8870 2
8871 2
8872 3
8873 3
8874 4
8875 4
8876 3
8877 4
8878 2
8879 3
8880 0
8881 2
8882 4
8883 2
8884 1
8885 1
8886 4
8887 3
8888 1
8889 2
8890 1
8891 1
8892 4
8893 4
8894 2
8895 2
8896 3
8897 2
8898 0
8899 0
8900 1
8901 1
8902 2
8903 3
8904 2
8905 3
8906 5
8907 4
8908 4
8909 2
8910 5
8911 4
8912 4
8913 3
8914 0
8915 3
8916 1
8917 2
8918 5
8919 6
8920 5
8921 3
8922 1
8923 3
8924 2
8925 1
8926 6
8927 5
8928 3
8929 1
8930 3
8931 4
8932 4
8933 1
8934 1
8935 2
8936 1
8937 0
8938 1
8939 3
8940 1
8941 2
8942 2
8943 3
8944 5
8945 4
8946 2
8947 4
8948 5
8949 5
8950 2
8951 4
8952 3
8953 3
8954 2
8955 4
8956 3
8957 3
8958 2
8959 0
8960 3
8961 1
8962 1
8963 4
8964 4
8965 3
8966 3
8967 2
8968 4
8969 4
8970 4
8971 2
8972 4
8973 3
8974 3
8975 2
8976 4
8977 4
8978 3
8979 2
8980 3
8981 4
8982 4
8983 3
8984 4
8985 1
8986 0
8987 2
8988 1
8989 3
8990 2
8991 1
8992 4
8993 3
8994 4
8995 4
8996 1
8997 2
8998 2
8999 6
9000 5
9001 5
9002 6
9003 4
9004 3
9005 3
9006 3
9007 2
9008 2
9009 0
9010 1
9011 2
9012 0
9013 2
9014 2
9015 4
9016 4
9017 4
9018 4
9019 3
9020 2
9021 3
9022 2
9023 2
9024 1
9025 3
9026 2
9027 2
9028 3
9029 4
9030 3
9031 0
9032 2
9033 2
9034 0
9035 0
9036 3
9037 1
9038 2
9039 3
9040 0
9041 0
9042 3
9043 3
9044 2
9045 2
9046 6
9047 4
9048 4
9049 1
9050 2
9051 0
9052 1
9053 1
9054 4
9055 5
9056 4
9057 3
9058 4
9059 2
9060 1
9061 2
9062 3
9063 3
9064 1
9065 3
9066 3
9067 3
9068 5
9069 4
9070 2
9071 4
9072 4
9073 6
9074 4
9075 4
9076 4
9077 3
9078 4
9079 5
9080 5
9081 4
9082 2
9083 3
9084 2
9085 3
9086 6
9087 8
9088 8
9089 6
9090 6
9091 4
9092 4
9093 4
9094 4
9095 4
9096 5
9097 3
9098 2
9099 1
9100 4
9101 5
9102 3
9103 0
9104 2
9105 3
9106 2
9107 2
9108 5
9109 5
9110 4
9111 4
9112 3
9113 2
9114 6
9115 5
9116 4
9117 4
9118 5
9119 2
9120 2
9121 3
9122 4
9123 1
9124 3
9125 4
9126 3
9127 5
9128 4
9129 4
9130 3
9131 3
9132 3
9133 3
9134 3
9135 2
9136 3
9137 3
9138 3
9139 3
9140 3
9141 2
9142 2
9143 4
9144 3
9145 5
9146 4
9147 6
9148 4
9149 3
9150 2
9151 2
9152 2
9153 4
9154 2
9155 3
9156 1
9157 3
9158 4
9159 1
9160 3
9161 3
9162 3
9163 0
9164 1
9165 2
9166 1
9167 0
9168 1
9169 3
9170 4
9171 4
9172 2
9173 5
9174 5
9175 3
9176 2
9177 3
9178 2
9179 1
9180 2
9181 2
9182 4
9183 2
9184 2
9185 1
9186 1
9187 2
9188 3
9189 2
9190 5
9191 5
9192 5
9193 6
9194 6
9195 5
9196 5
9197 5
9198 3
9199 2
9200 3
9201 2
9202 3
9203 5
9204 4
9205 3
9206 3
9207 4
9208 4
9209 4
9210 3
9211 4
9212 3
9213 2
9214 1
9215 4
9216 4
9217 3
9218 2
9219 3
9220 4
9221 3
9222 1
9223 3
9224 1
9225 1
9226 2
9227 3
9228 5
9229 2
9230 3
9231 1
9232 0
9233 3
9234 2
9235 3
9236 2
9237 4
9238 3
9239 2
9240 1
9241 1
9242 3
9243 2
9244 2
9245 1
9246 3
9247 4
9248 4
9249 2
9250 1
9251 4
9252 2
9253 2
9254 2
9255 0
9256 3
9257 5
9258 5
9259 4
9260 3
9261 2
9262 4
9263 4
9264 3
9265 2
9266 1
9267 3
9268 1
9269 2
9270 4
9271 3
9272 1
9273 2
9274 2
9275 0
9276 5
9277 3
9278 4
9279 3
9280 2
9281 2
9282 0
9283 0
9284 1
9285 2
9286 3
9287 3
9288 5
9289 3
9290 3
9291 4
9292 4
9293 3
9294 1
9295 4
9296 3
9297 2
9298 1
9299 2
9300 3
9301 2
9302 3
9303 2
9304 2
9305 2
9306 3
9307 3
9308 4
9309 4
9310 4
9311 3
9312 3
9313 5
9314 3
9315 2
9316 3
9317 3
9318 2
9319 1
9320 2
9321 3
9322 4
9323 6
9324 6
9325 7
9326 7
9327 5
9328 6
9329 6
9330 5
9331 6
9332 7
9333 6
9334 7
9335 7
9336 4
9337 6
9338 4
9339 3
9340 1
9341 2
9342 4
9343 3
9344 2
9345 3
9346 1
9347 5
9348 4
9349 3
9350 3
9351 4
9352 3
9353 3
9354 4
9355 4
9356 4
9357 8
9358 7
9359 5
9360 6
9361 3
9362 2
9363 2
9364 0
9365 0
9366 3
9367 4
9368 6
9369 6
9370 4
9371 4
9372 3
9373 1
9374 1
9375 1
9376 5
9377 6
9378 5
9379 3
9380 3
9381 3
9382 2
9383 3
9384 4
9385 5
9386 3
9387 6
9388 5
9389 5
9390 5
9391 4
9392 2
9393 4
9394 3
9395 4
9396 7
9397 5
9398 5
9399 9
9400 8
9401 6
9402 6
9403 5
9404 4
9405 4
9406 4
9407 4
9408 6
9409 4
9410 5
9411 6
9412 5
9413 4
9414 2
9415 0
9416 2
9417 5
9418 4
9419 4
9420 4
9421 5
9422 4
9423 3
9424 2
9425 2
9426 2
9427 3
9428 2
9429 2
9430 3
9431 1
9432 2
9433 2
9434 3
9435 3
9436 3
9437 4
9438 3
9439 1
9440 1
9441 2
9442 1
9443 1
9444 0
9445 4
9446 5
9447 4
9448 4
9449 5
9450 5
9451 3
9452 3
9453 3
9454 4
9455 3
9456 3
9457 2
9458 2
9459 2
9460 2
9461 3
9462 2
9463 0
9464 1
9465 0
9466 2
9467 0
9468 0
9469 1
9470 1
9471 3
9472 2
9473 3
9474 2
9475 1
9476 2
9477 1
9478 2
9479 2
9480 2
9481 1
9482 2
9483 1
9484 5
9485 2
9486 0
9487 2
9488 3
9489 5
9490 6
9491 5
9492 4
9493 2
9494 1
9495 3
9496 1
9497 3
9498 0
9499 2
9500 5
9501 5
9502 5
9503 3
9504 5
9505 5
9506 5
9507 3
9508 2
9509 4
9510 4
9511 3
9512 4
9513 5
9514 7
9515 6
9516 7
9517 6
9518 5
9519 5
9520 3
9521 2
9522 3
9523 3
9524 2
9525 2
9526 3
9527 1
9528 4
9529 5
9530 2
9531 4
9532 4
9533 4
9534 4
9535 3
9536 1
9537 3
9538 0
9539 1
9540 4
9541 4
9542 7
9543 4
9544 2
9545 1
9546 4
9547 3
9548 4
9549 3
9550 3
9551 0
9552 1
9553 2
9554 4
9555 1
9556 1
9557 2
9558 2
9559 3
9560 1
9561 0
9562 0
9563 1
9564 4
9565 2
9566 4
9567 4
9568 3
9569 2
9570 3
9571 1
9572 2
9573 0
9574 2
9575 3
9576 0
9577 2
9578 1
9579 1
9580 3
9581 4
9582 6
9583 5
9584 4
9585 2
9586 3
9587 2
9588 3
9589 2
9590 4
9591 1
9592 4
9593 5
9594 3
9595 2
9596 5
9597 4
9598 2
9599 1
9600 1
9601 2
9602 1
9603 1
9604 2
9605 1
9606 1
9607 4
9608 4
9609 3
9610 1
9611 1
9612 2
9613 3
9614 3
9615 3
9616 3
9617 5
9618 3
9619 4
9620 4
9621 4
9622 4
9623 4
9624 2
9625 4
9626 9
9627 9
9628 7
9629 10
9630 10
9631 9
9632 9
9633 8
9634 9
9635 8
9636 7
9637 8
9638 10
9639 9
9640 8
9641 6
9642 7
9643 4
9644 6
9645 3
9646 1
9647 2
9648 2
9649 3
9650 4
9651 5
9652 3
9653 3
9654 3
9655 3
9656 2
9657 2
9658 5
9659 5
9660 4
9661 3
9662 2
9663 0
9664 1
9665 1
9666 4
9667 5
9668 5
9669 6
9670 4
9671 4
9672 4
9673 5
9674 4
9675 2
9676 3
9677 4
9678 5
9679 5
9680 5
9681 5
9682 6
9683 7
9684 6
9685 5
9686 4
9687 3
9688 3
9689 2
9690 3
9691 3
9692 3
9693 3
9694 3
9695 1
9696 2
9697 1
9698 2
9699 3
9700 2
9701 2
9702 3
9703 3
9704 2
9705 3
9706 0
9707 1
9708 2
9709 2
9710 7
9711 7
9712 7
9713 6
9714 5
9715 5
9716 6
9717 5
9718 3
9719 2
9720 6
9721 3
9722 0
9723 1
9724 2
9725 1
9726 2
9727 3
9728 2
9729 3
9730 3
9731 1
9732 3
9733 2
9734 2
9735 3
9736 3
9737 3
9738 5
9739 5
9740 7
9741 9
9742 9
9743 9
9744 9
9745 7
9746 7
9747 5
9748 6
9749 6
9750 5
9751 5
9752 6
9753 6
9754 3
9755 0
9756 2
9757 3
9758 4
9759 2
9760 4
9761 4
9762 3
9763 2
9764 2
9765 2
9766 2
9767 6
9768 7
9769 6
9770 6
9771 5
9772 2
9773 2
9774 4
9775 4
9776 3
9777 5
9778 7
9779 6
9780 7
9781 7
9782 7
9783 6
9784 6
9785 5
9786 5
9787 2
9788 1
9789 0
9790 3
9791 1
9792 4
9793 4
9794 2
9795 5
9796 6
9797 6
9798 6
9799 3
9800 3
9801 2
9802 1
9803 3
9804 3
9805 5
9806 5
9807 4
9808 5
9809 4
9810 3
9811 1
9812 3
9813 4
9814 3
9815 4
9816 5
9817 5
9818 7
9819 10
9820 9
9821 8
9822 10
9823 11
9824 14
9825 14
9826 13
9827 12
9828 11
9829 9
9830 10
9831 10
9832 7
9833 4
9834 4
9835 5
9836 5
9837 3
9838 2
9839 4
9840 2
9841 1
9842 3
9843 4
9844 4
9845 2
9846 2
9847 3
9848 3
9849 5
9850 4
9851 3
9852 2
9853 0
9854 2
9855 5
9856 3
9857 4
9858 3
9859 3
9860 1
9861 3
9862 2
9863 2
9864 3
9865 4
9866 5
9867 4
9868 5
9869 5
9870 4
9871 3
9872 3
9873 2
9874 6
9875 5
9876 5
9877 5
9878 8
9879 8
9880 6
9881 7
9882 7
9883 9
9884 9
9885 9
9886 9
9887 9
9888 10
9889 9
9890 9
9891 8
9892 6
9893 7
9894 8
9895 9
9896 8
9897 8
9898 8
9899 7
9900 5
9901 2
9902 3
9903 4
9904 2
9905 3
9906 3
9907 3
9908 4
9909 3
9910 2
9911 2
9912 4
9913 2
9914 3
9915 5
9916 4
9917 4
9918 4
9919 2
9920 2
9921 3
9922 1
9923 2
9924 3
9925 1
9926 4
9927 3
9928 1
9929 3
9930 3
9931 2
9932 2
9933 4
9934 5
9935 6
9936 5
9937 8
9938 7
9939 6
9940 5
9941 5
9942 5
9943 6
9944 4
9945 5
9946 5
9947 5
9948 4
9949 5
9950 6
9951 8
9952 6
9953 5
9954 4
9955 3
9956 2
9957 2
9958 4
9959 2
9960 5
9961 6
9962 5
9963 5
9964 4
9965 6
9966 6
9967 7
9968 8
9969 7
9970 7
9971 6
9972 7
9973 6
9974 5
9975 6
9976 5
9977 4
9978 4
9979 6
9980 6
9981 5
9982 6
9983 8
9984 6
9985 4
9986 3
9987 3
9988 2
9989 1
9990 3
9991 5
9992 6
9993 6
9994 3
9995 1
9996 3
9997 3
9998 2
9999 2
