0 5
1 5
2 4
3 4
4 2
5 4
6 4
7 4
8 3
9 1
10 4
11 3
12 2
13 2
14 1
15 2
16 2
17 1
18 2
19 2
20 1
21 3
22 3
23 2
24 5
25 4
26 4
27 3
28 4
29 4
30 5
31 3
32 2
33 2
34 3
35 3
36 4
37 4
38 4
39 4
40 4
41 4
42 4
43 5
44 4
45 3
46 3
47 2
48 2
49 4
50 5
51 6
52 5
53 6
54 7
55 8
56 10
57 10
58 11
59 11
60 10
61 11
62 9
63 7
64 7
65 10
66 9
67 7
68 5
69 5
70 4
71 3
72 4
73 4
74 5
75 4
76 2
77 3
78 2
79 2
80 3
81 3
82 2
83 3
84 0
85 2
86 3
87 0
88 2
89 1
90 0
91 3
92 1
93 2
94 4
95 6
96 8
97 8
98 11
99 12
100 11
101 13
102 12
103 12
104 9
105 10
106 10
107 8
108 7
109 5
110 5
111 4
112 2
113 4
114 3
115 3
116 3
117 1
118 2
119 2
120 4
121 4
122 5
123 4
124 3
125 2
126 2
127 3
128 2
129 3
130 2
131 2
132 3
133 4
134 3
135 3
136 2
137 3
138 2
139 2
140 0
141 2
142 1
143 3
144 7
145 9
146 10
147 7
148 6
149 7
150 8
151 6
152 4
153 4
154 4
155 3
156 3
157 1
158 3
159 0
160 1
161 3
162 0
163 0
164 0
165 4
166 2
167 1
168 2
169 3
170 0
171 0
172 2
173 1
174 3
175 4
176 4
177 3
178 3
179 3
180 1
181 2
182 2
183 2
184 5
185 3
186 3
187 2
188 2
189 4
190 3
191 4
192 3
193 1
194 4
195 5
196 3
197 6
198 4
199 6
200 5
201 3
202 3
203 2
204 1
205 2
206 2
207 3
208 1
209 1
210 1
211 3
212 2
213 3
214 2
215 2
216 0
217 5
218 5
219 3
220 2
221 5
222 5
223 7
224 7
225 8
226 6
227 7
228 6
229 7
230 7
231 7
232 7
233 6
234 5
235 3
236 1
237 3
238 3
239 3
240 2
241 2
242 4
243 2
244 2
245 2
246 2
247 1
248 1
249 2
250 1
251 3
252 4
253 3
254 5
255 3
256 2
257 1
258 6
259 3
260 1
261 1
262 3
263 5
264 4
265 3
266 0
267 2
268 2
269 1
270 0
271 2
272 2
273 0
274 2
275 2
276 2
277 1
278 1
279 1
280 2
281 3
282 2
283 2
284 2
285 1
286 1
287 3
288 3
289 2
290 3
291 2
292 1
293 4
294 3
295 3
296 4
297 4
298 3
299 2
300 1
301 3
302 2
303 3
304 5
305 6
306 8
307 7
308 6
309 5
310 7
311 7
312 7
313 8
314 6
315 5
316 4
317 4
318 5
319 6
320 5
321 8
322 7
323 8
324 7
325 6
326 6
327 4
328 3
329 3
330 2
331 1
332 2
333 6
334 5
335 2
336 5
337 6
338 6
339 5
340 4
341 5
342 4
343 2
344 4
345 2
346 4
347 3
348 0
349 3
350 3
351 4
352 4
353 3
354 5
355 3
356 4
357 6
358 6
359 7
360 6
361 3
362 3
363 4
364 2
365 4
366 5
367 5
368 3
369 1
370 1
371 3
372 2
373 3
374 1
375 2
376 2
377 3
378 4
379 4
380 3
381 3
382 1
383 3
384 1
385 3
386 4
387 3
388 2
389 5
390 6
391 7
392 8
393 8
394 10
395 12
396 10
397 13
398 11
399 9
400 8
401 7
402 7
403 6
404 5
405 4
406 5
407 6
408 8
409 7
410 8
411 9
412 9
413 8
414 7
415 6
416 5
417 6
418 6
419 6
420 4
421 5
422 5
423 3
424 3
425 1
426 3
427 2
428 3
429 1
430 4
431 3
432 2
433 2
434 2
435 2
436 1
437 3
438 1
439 1
440 2
441 1
442 1
443 3
444 2
445 2
446 2
447 6
448 8
449 5
450 5
451 8
452 7
453 6
454 6
455 7
456 7
457 8
458 8
459 7
460 6
461 5
462 8
463 7
464 7
465 9
466 9
467 10
468 9
469 9
470 8
471 5
472 3
473 3
474 1
475 3
476 1
477 3
478 2
479 1
480 4
481 4
482 4
483 4
484 3
485 1
486 4
487 6
488 5
489 5
490 6
491 4
492 2
493 0
494 3
495 1
496 2
497 1
498 4
499 2
500 3
501 4
502 4
503 5
504 5
505 4
506 3
507 2
508 5
509 4
510 5
511 4
512 4
513 3
514 2
515 1
516 3
517 1
518 3
519 3
520 1
521 6
522 7
523 7
524 6
525 6
526 5
527 4
528 3
529 0
530 1
531 2
532 3
533 1
534 3
535 2
536 3
537 3
538 1
539 3
540 1
541 4
542 2
543 3
544 3
545 2
546 2
547 1
548 2
549 5
550 5
551 5
552 4
553 4
554 2
555 2
556 1
557 1
558 5
559 5
560 6
561 7
562 6
563 4
564 3
565 2
566 5
567 4
568 2
569 1
570 2
571 1
572 3
573 1
574 4
575 4
576 2
577 2
578 1
579 1
580 3
581 3
582 3
583 3
584 2
585 3
586 5
587 4
588 6
589 5
590 5
591 5
592 3
593 3
594 2
595 2
596 4
597 5
598 3
599 4
600 6
601 7
602 9
603 11
604 11
605 9
606 9
607 8
608 5
609 6
610 8
611 11
612 13
613 14
614 15
615 12
616 12
617 12
618 12
619 9
620 10
621 8
622 7
623 6
624 4
625 3
626 0
627 3
628 4
629 3
630 3
631 1
632 3
633 1
634 1
635 8
636 8
637 7
638 7
639 7
640 6
641 6
642 8
643 8
644 8
645 6
646 4
647 5
648 6
649 6
650 5
651 5
652 4
653 6
654 6
655 7
656 8
657 7
658 6
659 6
660 6
661 6
662 8
663 8
664 8
665 7
666 9
667 9
668 8
669 7
670 5
671 5
672 6
673 9
674 10
675 8
676 8
677 9
678 9
679 11
680 10
681 9
682 8
683 9
684 9
685 6
686 6
687 6
688 7
689 9
690 9
691 8
692 7
693 6
694 5
695 5
696 3
697 1
698 2
699 4
700 6
701 5
702 4
703 3
704 1
705 2
706 1
707 6
708 4
709 3
710 1
711 3
712 3
713 4
714 5
715 6
716 6
717 5
718 2
719 3
720 3
721 3
722 3
723 4
724 4
725 3
726 1
727 4
728 4
729 5
730 4
731 5
732 4
733 1
734 4
735 4
736 4
737 3
738 4
739 5
740 3
741 3
742 2
743 3
744 5
745 4
746 2
747 3
748 3
749 3
750 2
751 3
752 2
753 4
754 2
755 0
756 4
757 4
758 4
759 3
760 2
761 5
762 4
763 4
764 6
765 4
766 4
767 3
768 2
769 2
770 5
771 7
772 5
773 6
774 5
775 5
776 5
777 5
778 4
779 3
780 0
781 1
782 3
783 4
784 4
785 4
786 5
787 4
788 4
789 5
790 5
791 3
792 0
793 3
794 2
795 3
796 2
797 2
798 6
799 4
800 3
801 1
802 4
803 3
804 1
805 3
806 2
807 3
808 2
809 5
810 3
811 0
812 1
813 2
814 4
815 3
816 6
817 7
818 5
819 7
820 6
821 5
822 5
823 4
824 4
825 6
826 7
827 7
828 5
829 8
830 6
831 5
832 4
833 4
834 5
835 4
836 4
837 2
838 3
839 5
840 3
841 4
842 4
843 2
844 2
845 1
846 1
847 4
848 4
849 5
850 6
851 4
852 3
853 1
854 4
855 3
856 1
857 1
858 2
859 1
860 4
861 2
862 3
863 4
864 2
865 2
866 1
867 7
868 8
869 9
870 10
871 10
872 8
873 9
874 8
875 8
876 6
877 4
878 6
879 6
880 6
881 5
882 6
883 7
884 8
885 6
886 6
887 6
888 5
889 8
890 6
891 7
892 7
893 5
894 6
895 6
896 5
897 7
898 9
899 6
900 5
901 6
902 5
903 5
904 7
905 7
906 6
907 5
908 4
909 5
910 7
911 8
912 9
913 10
914 9
915 9
916 10
917 9
918 7
919 6
920 6
921 6
922 4
923 6
924 4
925 3
926 1
927 5
928 4
929 3
930 3
931 2
932 1
933 4
934 2
935 4
936 2
937 5
938 5
939 4
940 6
941 8
942 8
943 9
944 12
945 14
946 15
947 12
948 12
949 12
950 12
951 10
952 7
953 9
954 10
955 10
956 11
957 9
958 8
959 7
960 6
961 7
962 6
963 6
964 6
965 8
966 8
967 7
968 8
969 8
970 8
971 6
972 4
973 3
974 3
975 3
976 1
977 4
978 4
979 3
980 1
981 2
982 3
983 0
984 1
985 5
986 9
987 10
988 7
989 8
990 8
991 8
992 8
993 9
994 8
995 7
996 7
997 7
998 7
999 7
1000 8
1001 10
1002 9
1003 8
1004 10
1005 10
1006 9
1007 9
1008 8
1009 6
1010 6
1011 7
1012 6
1013 4
1014 2
1015 1
1016 3
1017 2
1018 4
1019 5
1020 4
1021 3
1022 3
1023 3
1024 1
1025 3
1026 4
1027 5
1028 4
1029 2
1030 1
1031 2
1032 5
1033 5
1034 3
1035 3
1036 1
1037 2
1038 2
1039 0
1040 2
1041 2
1042 3
1043 1
1044 2
1045 2
1046 4
1047 4
1048 2
1049 4
1050 2
1051 1
1052 2
1053 3
1054 5
1055 2
1056 2
1057 0
1058 4
1059 2
1060 3
1061 1
1062 4
1063 3
1064 4
1065 2
1066 2
1067 4
1068 3
1069 6
1070 6
1071 5
1072 7
1073 5
1074 4
1075 3
1076 2
1077 2
1078 1
1079 4
1080 2
1081 3
1082 3
1083 4
1084 2
1085 0
1086 2
1087 4
1088 4
1089 4
1090 3
1091 2
1092 3
1093 3
1094 2
1095 3
1096 3
1097 2
1098 5
1099 7
1100 6
1101 7
1102 8
1103 7
1104 6
1105 7
1106 4
1107 4
1108 2
1109 3
1110 4
1111 3
1112 1
1113 4
1114 4
1115 4
1116 2
1117 2
1118 0
1119 2
1120 3
1121 3
1122 5
1123 5
1124 4
1125 2
1126 4
1127 3
1128 4
1129 5
1130 6
1131 4
1132 4
1133 4
1134 3
1135 1
1136 3
1137 2
1138 2
1139 1
1140 3
1141 2
1142 3
1143 2
1144 2
1145 2
1146 2
1147 3
1148 2
1149 1
1150 4
1151 1
1152 1
1153 0
1154 2
1155 3
1156 3
1157 2
1158 1
1159 3
1160 2
1161 2
1162 2
1163 1
1164 2
1165 2
1166 4
1167 2
1168 3
1169 2
1170 1
1171 3
1172 2
1173 3
1174 2
1175 3
1176 1
1177 2
1178 2
1179 2
1180 2
1181 2
1182 2
1183 3
1184 2
1185 4
1186 4
1187 2
1188 2
1189 4
1190 5
1191 4
1192 3
1193 1
1194 2
1195 1
1196 2
1197 2
1198 1
1199 5
1200 4
1201 5
1202 5
1203 4
1204 2
1205 5
1206 4
1207 3
1208 2
1209 4
1210 1
1211 2
1212 2
1213 5
1214 4
1215 3
1216 2
1217 2
1218 1
1219 2
1220 1
1221 3
1222 2
1223 2
1224 2
1225 3
1226 2
1227 1
1228 6
1229 4
1230 3
1231 4
1232 4
1233 2
1234 3
1235 1
1236 4
1237 5
1238 4
1239 2
1240 6
1241 7
1242 8
1243 8
1244 7
1245 5
1246 6
1247 6
1248 6
1249 6
1250 5
1251 3
1252 4
1253 2
1254 0
1255 2
1256 2
1257 1
1258 3
1259 3
1260 1
1261 3
1262 2
1263 5
1264 7
1265 8
1266 7
1267 8
1268 9
1269 8
1270 6
1271 6
1272 8
1273 8
1274 6
1275 5
1276 4
1277 5
1278 7
1279 5
1280 4
1281 3
1282 1
1283 4
1284 3
1285 2
1286 5
1287 4
1288 3
1289 2
1290 2
1291 0
1292 4
1293 6
1294 6
1295 8
1296 7
1297 7
1298 11
1299 10
1300 9
1301 9
1302 7
1303 7
1304 7
1305 7
1306 6
1307 6
1308 3
1309 3
1310 4
1311 5
1312 4
1313 4
1314 7
1315 8
1316 9
1317 7
1318 7
1319 5
1320 5
1321 4
1322 2
1323 2
1324 3
1325 2
1326 2
1327 2
1328 4
1329 2
1330 3
1331 3
1332 3
1333 3
1334 1
1335 5
1336 4
1337 3
1338 2
1339 2
1340 2
1341 3
1342 3
1343 4
1344 6
1345 6
1346 4
1347 4
1348 4
1349 3
1350 4
1351 5
1352 8
1353 6
1354 4
1355 6
1356 6
1357 7
1358 7
1359 8
1360 8
1361 7
1362 6
1363 5
1364 5
1365 3
1366 4
1367 3
1368 3
1369 6
1370 8
1371 7
1372 8
1373 9
1374 9
1375 7
1376 9
1377 7
1378 6
1379 6
1380 7
1381 5
1382 5
1383 4
1384 4
1385 5
1386 5
1387 4
1388 3
1389 4
1390 3
1391 2
1392 0
1393 0
1394 1
1395 4
1396 4
1397 4
1398 2
1399 1
1400 3
1401 4
1402 3
1403 2
1404 2
1405 2
1406 5
1407 6
1408 7
1409 8
1410 9
1411 7
1412 4
1413 5
1414 2
1415 3
1416 4
1417 5
1418 5
1419 7
1420 6
1421 6
1422 5
1423 3
1424 1
1425 2
1426 2
1427 3
1428 2
1429 2
1430 3
1431 4
1432 2
1433 1
1434 2
1435 1
1436 2
1437 1
1438 4
1439 4
1440 4
1441 5
1442 4
1443 3
1444 0
1445 3
1446 3
1447 2
1448 4
1449 4
1450 7
1451 9
1452 9
1453 10
1454 10
1455 9
1456 9
1457 8
1458 6
1459 4
1460 3
1461 1
1462 1
1463 4
1464 3
1465 4
1466 3
1467 4
1468 3
1469 2
1470 3
1471 1
1472 2
1473 3
1474 0
1475 3
1476 3
1477 2
1478 4
1479 3
1480 2
1481 2
1482 2
1483 0
1484 4
1485 2
1486 1
1487 3
1488 1
1489 3
1490 2
1491 5
1492 4
1493 4
1494 5
1495 5
1496 4
1497 1
1498 1
1499 4
1500 2
1501 2
1502 2
1503 1
1504 3
1505 2
1506 3
1507 3
1508 2
1509 0
1510 4
1511 1
1512 3
1513 1
1514 5
1515 5
1516 4
1517 1
1518 2
1519 3
1520 3
1521 1
1522 1
1523 1
1524 4
1525 3
1526 3
1527 4
1528 5
1529 4
1530 3
1531 2
1532 2
1533 2
1534 3
1535 3
1536 3
1537 0
1538 5
1539 5
1540 5
1541 4
1542 3
1543 3
1544 1
1545 1
1546 2
1547 3
1548 2
1549 2
1550 2
1551 2
1552 4
1553 2
1554 2
1555 1
1556 2
1557 1
1558 4
1559 4
1560 3
1561 3
1562 5
1563 4
1564 4
1565 3
1566 6
1567 4
1568 5
1569 4
1570 3
1571 3
1572 3
1573 3
1574 3
1575 4
1576 2
1577 2
1578 3
1579 2
1580 3
1581 4
1582 4
1583 3
1584 1
1585 2
1586 5
1587 5
1588 4
1589 3
1590 2
1591 3
1592 1
1593 1
1594 4
1595 4
1596 2
1597 0
1598 3
1599 5
1600 6
1601 4
1602 4
1603 1
1604 2
1605 2
1606 6
1607 8
1608 6
1609 5
1610 5
1611 5
1612 7
1613 7
1614 5
1615 5
1616 8
1617 8
1618 5
1619 3
1620 0
1621 2
1622 1
1623 1
1624 3
1625 1
1626 4
1627 4
1628 2
1629 3
1630 4
1631 5
1632 6
1633 5
1634 4
1635 4
1636 1
1637 3
1638 1
1639 2
1640 2
1641 1
1642 2
1643 3
1644 3
1645 2
1646 3
1647 5
1648 4
1649 7
1650 7
1651 4
1652 4
1653 1
1654 3
1655 2
1656 3
1657 3
1658 0
1659 3
1660 4
1661 4
1662 2
1663 3
1664 2
1665 0
1666 2
1667 5
1668 3
1669 1
1670 3
1671 2
1672 4
1673 3
1674 2
1675 4
1676 4
1677 2
1678 5
1679 2
1680 3
1681 3
1682 1
1683 3
1684 3
1685 4
1686 3
1687 3
1688 2
1689 3
1690 6
1691 6
1692 5
1693 5
1694 7
1695 5
1696 4
1697 4
1698 4
1699 3
1700 3
1701 4
1702 2
1703 4
1704 3
1705 4
1706 3
1707 5
1708 6
1709 6
1710 4
1711 3
1712 4
1713 3
1714 2
1715 3
1716 2
1717 1
1718 4
1719 5
1720 4
1721 5
1722 5
1723 5
1724 3
1725 1
1726 2
1727 2
1728 3
1729 5
1730 4
1731 4
1732 3
1733 2
1734 1
1735 4
1736 4
1737 2
1738 3
1739 3
1740 4
1741 3
1742 3
1743 3
1744 0
1745 2
1746 2
1747 1
1748 3
1749 4
1750 3
1751 3
1752 1
1753 6
1754 5
1755 5
1756 5
1757 3
1758 2
1759 4
1760 2
1761 3
1762 3
1763 5
1764 4
1765 4
1766 4
1767 2
1768 0
1769 4
1770 3
1771 2
1772 3
1773 6
1774 8
1775 6
1776 4
1777 2
1778 4
1779 2
1780 2
1781 3
1782 3
1783 2
1784 4
1785 4
1786 3
1787 5
1788 4
1789 7
1790 7
1791 8
1792 7
1793 5
1794 3
1795 2
1796 4
1797 3
1798 4
1799 4
1800 4
1801 3
1802 1
1803 1
1804 2
1805 3
1806 4
1807 2
1808 3
1809 2
1810 2
1811 2
1812 2
1813 1
1814 1
1815 3
1816 2
1817 2
1818 5
1819 5
1820 5
1821 6
1822 7
1823 4
1824 5
1825 5
1826 6
1827 5
1828 3
1829 1
1830 2
1831 1
1832 2
1833 4
1834 4
1835 1
1836 2
1837 3
1838 4
1839 4
1840 5
1841 6
1842 6
1843 6
1844 5
1845 5
1846 5
1847 3
1848 4
1849 5
1850 4
1851 2
1852 1
1853 3
1854 2
1855 3
1856 2
1857 2
1858 2
1859 3
1860 4
1861 3
1862 2
1863 3
1864 1
1865 4
1866 2
1867 4
1868 3
1869 5
1870 4
1871 2
1872 3
1873 2
1874 2
1875 1
1876 0
1877 3
1878 1
1879 2
1880 3
1881 2
1882 4
1883 2
1884 3
1885 4
1886 5
1887 5
1888 5
1889 5
1890 3
1891 1
1892 2
1893 3
1894 3
1895 4
1896 3
1897 3
1898 4
1899 3
1900 1
1901 6
1902 5
1903 5
1904 7
1905 6
1906 4
1907 4
1908 2
1909 3
1910 2
1911 1
1912 0
1913 3
1914 3
1915 2
1916 2
1917 0
1918 1
1919 4
1920 5
1921 2
1922 1
1923 2
1924 3
1925 3
1926 5
1927 3
1928 1
1929 4
1930 2
1931 2
1932 3
1933 3
1934 3
1935 3
1936 2
1937 2
1938 2
1939 4
1940 1
1941 2
1942 3
1943 2
1944 2
1945 2
1946 1
1947 2
1948 1
1949 4
1950 3
1951 3
1952 3
1953 4
1954 5
1955 5
1956 3
1957 3
1958 3
1959 4
1960 5
1961 6
1962 5
1963 4
1964 6
1965 5
1966 4
1967 4
1968 4
1969 6
1970 7
1971 6
1972 5
1973 3
1974 4
1975 2
1976 2
1977 2
1978 5
1979 4
1980 2
1981 5
1982 4
1983 4
1984 5
1985 5
1986 6
1987 3
1988 1
1989 1
1990 2
1991 2
1992 1
1993 4
1994 2
1995 4
1996 3
1997 2
1998 4
1999 3
2000 1
2001 3
2002 2
2003 2
2004 5
2005 5
2006 6
2007 4
2008 2
2009 0
2010 3
2011 3
2012 0
2013 3
2014 3
2015 1
2016 2
2017 5
2018 3
2019 4
2020 3
2021 2
2022 3
2023 2
2024 2
2025 3
2026 1
2027 1
2028 4
2029 3
2030 3
2031 3
2032 3
2033 4
2034 2
2035 5
2036 3
2037 1
2038 3
2039 4
2040 3
2041 1
2042 3
2043 2
2044 2
2045 2
2046 3
2047 1
2048 2
2049 1
2050 3
2051 1
2052 4
2053 2
2054 1
2055 3
2056 3
2057 1
2058 5
2059 7
2060 6
2061 4
2062 3
2063 2
2064 2
2065 3
2066 3
2067 4
2068 3
2069 1
2070 4
2071 3
2072 3
2073 2
2074 3
2075 2
2076 5
2077 5
2078 3
2079 1
2080 3
2081 4
2082 5
2083 4
2084 3
2085 1
2086 2
2087 4
2088 6
2089 5
2090 5
2091 4
2092 2
2093 4
2094 3
2095 3
2096 4
2097 6
2098 7
2099 5
2100 5
2101 8
2102 9
2103 9
2104 10
2105 10
2106 11
2107 10
2108 10
2109 9
2110 8
2111 6
2112 6
2113 3
2114 5
2115 3
2116 2
2117 5
2118 3
2119 4
2120 4
2121 5
2122 5
2123 5
2124 4
2125 3
2126 3
2127 2
2128 5
2129 6
2130 6
2131 5
2132 6
2133 8
2134 7
2135 5
2136 4
2137 5
2138 7
2139 5
2140 4
2141 2
2142 5
2143 3
2144 2
2145 2
2146 2
2147 3
2148 0
2149 2
2150 1
2151 1
2152 5
2153 4
2154 3
2155 1
2156 4
2157 4
2158 3
2159 3
2160 2
2161 2
2162 3
2163 4
2164 3
2165 5
2166 2
2167 3
2168 3
2169 4
2170 4
2171 3
2172 4
2173 3
2174 2
2175 6
2176 8
2177 10
2178 11
2179 11
2180 9
2181 8
2182 10
2183 10
2184 8
2185 8
2186 8
2187 7
2188 5
2189 4
2190 3
2191 2
2192 3
2193 3
2194 4
2195 2
2196 2
2197 3
2198 1
2199 3
2200 1
2201 1
2202 0
2203 3
2204 4
2205 4
2206 3
2207 2
2208 3
2209 3
2210 2
2211 4
2212 5
2213 6
2214 6
2215 4
2216 5
2217 7
2218 8
2219 8
2220 10
2221 8
2222 8
2223 11
2224 10
2225 10
2226 8
2227 7
2228 5
2229 6
2230 7
2231 6
2232 6
2233 4
2234 3
2235 1
2236 3
2237 4
2238 5
2239 5
2240 6
2241 4
2242 5
2243 5
2244 4
2245 2
2246 2
2247 3
2248 3
2249 4
2250 4
2251 2
2252 3
2253 3
2254 1
2255 1
2256 4
2257 4
2258 4
2259 1
2260 1
2261 2
2262 1
2263 2
2264 2
2265 1
2266 5
2267 5
2268 6
2269 8
2270 7
2271 5
2272 6
2273 5
2274 5
2275 4
2276 3
2277 4
2278 3
2279 2
2280 2
2281 4
2282 4
2283 6
2284 5
2285 5
2286 3
2287 3
2288 5
2289 6
2290 5
2291 5
2292 2
2293 0
2294 3
2295 2
2296 5
2297 4
2298 2
2299 5
2300 5
2301 4
2302 4
2303 2
2304 1
2305 3
2306 1
2307 1
2308 4
2309 2
2310 2
2311 4
2312 4
2313 6
2314 3
2315 1
2316 4
2317 3
2318 2
2319 2
2320 4
2321 2
2322 4
2323 5
2324 5
2325 4
2326 4
2327 4
2328 5
2329 5
2330 5
2331 3
2332 4
2333 3
2334 2
2335 3
2336 1
2337 5
2338 5
2339 5
2340 6
2341 3
2342 2
2343 3
2344 0
2345 3
2346 0
2347 3
2348 2
2349 1
2350 2
2351 3
2352 4
2353 3
2354 0
2355 2
2356 4
2357 4
2358 2
2359 3
2360 3
2361 2
2362 6
2363 6
2364 4
2365 2
2366 3
2367 3
2368 3
2369 5
2370 4
2371 3
2372 2
2373 4
2374 1
2375 3
2376 1
2377 2
2378 4
2379 4
2380 3
2381 2
2382 4
2383 3
2384 2
2385 2
2386 2
2387 1
2388 2
2389 1
2390 3
2391 1
2392 2
2393 1
2394 2
2395 3
2396 1
2397 2
2398 2
2399 4
2400 6
2401 5
2402 5
2403 5
2404 2
2405 3
2406 0
2407 3
2408 0
2409 2
2410 1
2411 4
2412 3
2413 1
2414 1
2415 1
2416 3
2417 1
2418 1
2419 3
2420 3
2421 2
2422 2
2423 3
2424 3
2425 3
2426 2
2427 1
2428 5
2429 5
2430 4
2431 5
2432 3
2433 3
2434 1
2435 5
2436 6
2437 6
2438 6
2439 5
2440 5
2441 4
2442 3
2443 3
2444 2
2445 4
2446 6
2447 5
2448 3
2449 3
2450 4
2451 3
2452 1
2453 4
2454 5
2455 4
2456 1
2457 2
2458 4
2459 5
2460 2
2461 4
2462 2
2463 4
2464 3
2465 2
2466 4
2467 4
2468 6
2469 6
2470 7
2471 4
2472 6
2473 7
2474 7
2475 9
2476 8
2477 7
2478 8
2479 8
2480 7
2481 5
2482 4
2483 5
2484 5
2485 2
2486 3
2487 1
2488 3
2489 2
2490 4
2491 3
2492 2
2493 1
2494 3
2495 5
2496 4
2497 4
2498 3
2499 4
2500 4
2501 2
2502 4
2503 3
2504 2
2505 5
2506 4
2507 5
2508 5
2509 6
2510 5
2511 7
2512 9
2513 9
2514 9
2515 12
2516 12
2517 12
2518 11
2519 9
2520 7
2521 4
2522 4
2523 5
2524 6
2525 5
2526 3
2527 0
2528 3
2529 2
2530 3
2531 3
2532 1
2533 2
2534 2
2535 4
2536 2
2537 4
2538 3
2539 3
2540 3
2541 2
2542 2
2543 3
2544 2
2545 1
2546 1
2547 2
2548 2
2549 1
2550 3
2551 2
2552 4
2553 4
2554 3
2555 1
2556 2
2557 4
2558 4
2559 3
2560 1
2561 4
2562 2
2563 1
2564 7
2565 5
2566 3
2567 2
2568 3
2569 3
2570 2
2571 6
2572 10
2573 11
2574 10
2575 11
2576 12
2577 12
2578 10
2579 10
2580 11
2581 8
2582 7
2583 7
2584 6
2585 7
2586 6
2587 5
2588 3
2589 1
2590 4
2591 3
2592 4
2593 2
2594 2
2595 3
2596 2
2597 2
2598 3
2599 4
2600 5
2601 5
2602 5
2603 6
2604 6
2605 5
2606 2
2607 2
2608 3
2609 4
2610 4
2611 4
2612 4
2613 3
2614 3
2615 4
2616 2
2617 4
2618 4
2619 4
2620 2
2621 1
2622 2
2623 4
2624 3
2625 2
2626 3
2627 2
2628 3
2629 2
2630 3
2631 3
2632 6
2633 5
2634 6
2635 8
2636 10
2637 10
2638 10
2639 10
2640 9
2641 9
2642 9
2643 8
2644 11
2645 13
2646 12
2647 13
2648 11
2649 10
2650 8
2651 8
2652 9
2653 7
2654 9
2655 10
2656 7
2657 5
2658 4
2659 2
2660 5
2661 7
2662 5
2663 4
2664 5
2665 4
2666 3
2667 1
2668 2
2669 1
2670 3
2671 3
2672 4
2673 3
2674 3
2675 2
2676 6
2677 3
2678 1
2679 2
2680 1
2681 1
2682 2
2683 3
2684 2
2685 2
2686 4
2687 3
2688 4
2689 4
2690 5
2691 4
2692 4
2693 4
2694 7
2695 7
2696 4
2697 6
2698 4
2699 3
2700 2
2701 2
2702 2
2703 5
2704 6
2705 7
2706 9
2707 10
2708 10
2709 9
2710 8
2711 9
2712 7
2713 7
2714 5
2715 6
2716 7
2717 8
2718 10
2719 9
2720 9
2721 8
2722 8
2723 9
2724 7
2725 7
2726 8
2727 7
2728 7
2729 8
2730 7
2731 6
2732 4
2733 3
2734 2
2735 3
2736 2
2737 5
2738 6
2739 5
2740 3
2741 3
2742 3
2743 1
2744 3
2745 4
2746 2
2747 3
2748 2
2749 1
2750 3
2751 2
2752 4
2753 3
2754 4
2755 5
2756 4
2757 4
2758 3
2759 2
2760 5
2761 3
2762 2
2763 3
2764 2
2765 3
2766 2
2767 4
2768 3
2769 0
2770 2
2771 3
2772 1
2773 3
2774 3
2775 2
2776 3
2777 0
2778 2
2779 1
2780 2
2781 3
2782 4
2783 5
2784 3
2785 3
2786 2
2787 1
2788 1
2789 3
2790 0
2791 0
2792 1
2793 1
2794 5
2795 3
2796 5
2797 5
2798 3
2799 4
2800 2
2801 6
2802 4
2803 5
2804 4
2805 3
2806 1
2807 3
2808 2
2809 2
2810 2
2811 4
2812 6
2813 5
2814 6
2815 5
2816 3
2817 5
2818 5
2819 5
2820 4
2821 2
2822 3
2823 2
2824 3
2825 4
2826 1
2827 3
2828 1
2829 2
2830 3
2831 2
2832 4
2833 3
2834 0
2835 3
2836 4
2837 4
2838 4
2839 5
2840 6
2841 7
2842 7
2843 6
2844 5
2845 5
2846 4
2847 4
2848 3
2849 3
2850 2
2851 2
2852 2
2853 1
2854 3
2855 4
2856 4
2857 4
2858 5
2859 3
2860 3
2861 2
2862 3
2863 5
2864 4
2865 2
2866 2
2867 4
2868 4
2869 4
2870 3
2871 3
2872 2
2873 0
2874 3
2875 2
2876 6
2877 5
2878 4
2879 4
2880 2
2881 3
2882 2
2883 3
2884 2
2885 3
2886 2
2887 3
2888 2
2889 3
2890 0
2891 3
2892 1
2893 3
2894 3
2895 3
2896 2
2897 3
2898 3
2899 4
2900 5
2901 4
2902 3
2903 2
2904 3
2905 1
2906 4
2907 1
2908 1
2909 1
2910 3
2911 2
2912 4
2913 3
2914 2
2915 2
2916 4
2917 4
2918 6
2919 5
2920 2
2921 4
2922 5
2923 6
2924 7
2925 8
2926 6
2927 3
2928 1
2929 2
2930 4
2931 3
2932 1
2933 2
2934 3
2935 3
2936 2
2937 3
2938 3
2939 6
2940 8
2941 7
2942 6
2943 3
2944 2
2945 2
2946 4
2947 4
2948 4
2949 6
2950 6
2951 4
2952 3
2953 7
2954 5
2955 4
2956 4
2957 3
2958 3
2959 2
2960 5
2961 4
2962 2
2963 5
2964 6
2965 5
2966 2
2967 3
2968 2
2969 2
2970 0
2971 3
2972 3
2973 0
2974 0
2975 6
2976 6
2977 7
2978 4
2979 2
2980 3
2981 1
2982 3
2983 2
2984 5
2985 5
2986 5
2987 7
2988 10
2989 10
2990 9
2991 6
2992 5
2993 5
2994 6
2995 5
2996 5
2997 2
2998 1
2999 4
3000 6
3001 5
3002 5
3003 4
3004 5
3005 5
3006 5
3007 4
3008 3
3009 3
3010 2
3011 3
3012 2
3013 2
3014 1
3015 5
3016 6
3017 5
3018 4
3019 4
3020 4
3021 3
3022 1
3023 5
3024 4
3025 4
3026 4
3027 6
3028 6
3029 5
3030 6
3031 5
3032 4
3033 4
3034 4
3035 5
3036 4
3037 4
3038 5
3039 4
3040 3
3041 4
3042 5
3043 5
3044 6
3045 6
3046 4
3047 3
3048 1
3049 2
3050 0
3051 5
3052 5
3053 5
3054 3
3055 1
3056 5
3057 5
3058 4
3059 2
3060 4
3061 2
3062 3
3063 1
3064 2
3065 1
3066 3
3067 0
3068 3
3069 4
3070 5
3071 4
3072 5
3073 6
3074 3
3075 5
3076 6
3077 5
3078 5
3079 6
3080 5
3081 4
3082 2
3083 1
3084 3
3085 3
3086 1
3087 0
3088 1
3089 4
3090 4
3091 2
3092 2
3093 5
3094 3
3095 3
3096 1
3097 4
3098 2
3099 3
3100 4
3101 3
3102 2
3103 3
3104 3
3105 2
3106 4
3107 3
3108 3
3109 2
3110 4
3111 2
3112 3
3113 2
3114 1
3115 5
3116 3
3117 4
3118 4
3119 3
3120 3
3121 2
3122 4
3123 3
3124 1
3125 1
3126 4
3127 3
3128 3
3129 3
3130 2
3131 2
3132 4
3133 3
3134 2
3135 3
3136 2
3137 2
3138 3
3139 4
3140 3
3141 2
3142 0
3143 4
3144 5
3145 3
3146 1
3147 3
3148 0
3149 3
3150 4
3151 3
3152 0
3153 4
3154 5
3155 4
3156 3
3157 2
3158 2
3159 2
3160 2
3161 1
3162 3
3163 4
3164 6
3165 5
3166 7
3167 7
3168 8
3169 9
3170 10
3171 9
3172 8
3173 8
3174 8
3175 6
3176 3
3177 5
3178 4
3179 1
3180 3
3181 2
3182 2
3183 1
3184 3
3185 3
3186 3
3187 2
3188 4
3189 2
3190 0
3191 1
3192 4
3193 5
3194 5
3195 3
3196 4
3197 2
3198 3
3199 5
3200 4
3201 3
3202 1
3203 4
3204 4
3205 2
3206 1
3207 2
3208 4
3209 2
3210 1
3211 3
3212 2
3213 4
3214 3
3215 3
3216 5
3217 3
3218 2
3219 4
3220 3
3221 1
3222 3
3223 3
3224 1
3225 2
3226 2
3227 2
3228 1
3229 2
3230 2
3231 2
3232 2
3233 6
3234 5
3235 5
3236 4
3237 6
3238 6
3239 5
3240 4
3241 4
3242 3
3243 4
3244 4
3245 5
3246 4
3247 4
3248 3
3249 4
3250 5
3251 7
3252 6
3253 7
3254 8
3255 7
3256 5
3257 6
3258 6
3259 5
3260 5
3261 4
3262 5
3263 3
3264 1
3265 0
3266 0
3267 0
3268 1
3269 3
3270 3
3271 3
3272 3
3273 0
3274 3
3275 3
3276 4
3277 4
3278 4
3279 4
3280 3
3281 3
3282 3
3283 5
3284 5
3285 5
3286 5
3287 3
3288 1
3289 2
3290 3
3291 4
3292 6
3293 8
3294 9
3295 10
3296 12
3297 12
3298 12
3299 13
3300 14
3301 15
3302 12
3303 12
3304 10
3305 10
3306 10
3307 9
3308 11
3309 12
3310 11
3311 10
3312 11
3313 11
3314 11
3315 12
3316 10
3317 8
3318 8
3319 5
3320 2
3321 3
3322 1
3323 1
3324 3
3325 4
3326 4
3327 3
3328 2
3329 2
3330 3
3331 4
3332 3
3333 3
3334 2
3335 2
3336 3
3337 3
3338 1
3339 2
3340 4
3341 4
3342 4
3343 4
3344 4
3345 4
3346 6
3347 4
3348 3
3349 3
3350 5
3351 6
3352 7
3353 9
3354 8
3355 7
3356 7
3357 6
3358 4
3359 4
3360 3
3361 4
3362 5
3363 5
3364 3
3365 4
3366 6
3367 4
3368 4
3369 3
3370 2
3371 2
3372 3
3373 5
3374 2
3375 2
3376 3
3377 1
3378 3
3379 2
3380 2
3381 2
3382 2
3383 1
3384 2
3385 3
3386 4
3387 3
3388 1
3389 2
3390 3
3391 4
3392 5
3393 5
3394 3
3395 3
3396 0
3397 3
3398 2
3399 4
3400 3
3401 2
3402 5
3403 4
3404 7
3405 6
3406 4
3407 5
3408 5
3409 4
3410 3
3411 1
3412 1
3413 3
3414 1
3415 4
3416 4
3417 4
3418 2
3419 5
3420 4
3421 3
3422 4
3423 4
3424 4
3425 3
3426 0
3427 2
3428 3
3429 3
3430 3
3431 1
3432 4
3433 4
3434 4
3435 3
3436 1
3437 3
3438 4
3439 6
3440 6
3441 7
3442 5
3443 5
3444 3
3445 2
3446 2
3447 3
3448 4
3449 2
3450 2
3451 3
3452 3
3453 2
3454 2
3455 2
3456 2
3457 3
3458 3
3459 2
3460 2
3461 4
3462 3
3463 4
3464 3
3465 0
3466 4
3467 4
3468 3
3469 2
3470 4
3471 4
3472 4
3473 1
3474 3
3475 5
3476 7
3477 7
3478 6
3479 7
3480 7
3481 6
3482 4
3483 2
3484 2
3485 2
3486 3
3487 2
3488 3
3489 3
3490 3
3491 4
3492 4
3493 2
3494 1
3495 1
3496 2
3497 4
3498 3
3499 2
3500 0
3501 2
3502 3
3503 2
3504 1
3505 4
3506 3
3507 2
3508 1
3509 3
3510 2
3511 0
3512 4
3513 4
3514 6
3515 5
3516 5
3517 3
3518 3
3519 4
3520 4
3521 3
3522 5
3523 5
3524 5
3525 5
3526 7
3527 8
3528 7
3529 7
3530 6
3531 8
3532 8
3533 9
3534 9
3535 8
3536 8
3537 8
3538 9
3539 8
3540 9
3541 9
3542 10
3543 9
3544 7
3545 5
3546 5
3547 5
3548 5
3549 5
3550 3
3551 2
3552 2
3553 2
3554 5
3555 4
3556 5
3557 3
3558 2
3559 3
3560 5
3561 5
3562 6
3563 7
3564 5
3565 5
3566 6
3567 7
3568 6
3569 4
3570 4
3571 4
3572 3
3573 2
3574 2
3575 2
3576 2
3577 1
3578 2
3579 5
3580 4
3581 5
3582 7
3583 6
3584 7
3585 5
3586 3
3587 2
3588 1
3589 4
3590 3
3591 3
3592 1
3593 2
3594 2
3595 2
3596 3
3597 3
3598 4
3599 4
3600 4
3601 3
3602 2
3603 5
3604 3
3605 1
3606 2
3607 2
3608 3
3609 1
3610 1
3611 3
3612 3
3613 2
3614 2
3615 2
3616 1
3617 3
3618 2
3619 2
3620 1
3621 2
3622 3
3623 4
3624 3
3625 3
3626 3
3627 5
3628 4
3629 2
3630 5
3631 6
3632 6
3633 5
3634 5
3635 3
3636 4
3637 4
3638 4
3639 5
3640 5
3641 5
3642 5
3643 7
3644 5
3645 3
3646 6
3647 8
3648 7
3649 7
3650 7
3651 5
3652 3
3653 3
3654 5
3655 3
3656 2
3657 3
3658 3
3659 5
3660 5
3661 4
3662 2
3663 1
3664 4
3665 4
3666 4
3667 4
3668 4
3669 2
3670 2
3671 0
3672 5
3673 4
3674 3
3675 5
3676 3
3677 6
3678 3
3679 4
3680 3
3681 3
3682 6
3683 5
3684 4
3685 1
3686 3
3687 3
3688 4
3689 2
3690 2
3691 2
3692 2
3693 2
3694 2
3695 4
3696 5
3697 5
3698 4
3699 1
3700 3
3701 1
3702 3
3703 3
3704 0
3705 3
3706 3
3707 1
3708 1
3709 2
3710 3
3711 4
3712 1
3713 4
3714 2
3715 1
3716 3
3717 1
3718 3
3719 4
3720 3
3721 2
3722 2
3723 3
3724 1
3725 2
3726 2
3727 1
3728 4
3729 3
3730 1
3731 3
3732 3
3733 1
3734 3
3735 5
3736 6
3737 7
3738 5
3739 3
3740 2
3741 3
3742 1
3743 3
3744 4
3745 1
3746 3
3747 5
3748 6
3749 8
3750 12
3751 12
3752 12
3753 14
3754 12
3755 12
3756 12
3757 11
3758 11
3759 13
3760 16
3761 13
3762 11
3763 11
3764 11
3765 10
3766 8
3767 7
3768 8
3769 8
3770 7
3771 7
3772 6
3773 6
3774 3
3775 3
3776 4
3777 3
3778 0
3779 2
3780 1
3781 3
3782 2
3783 5
3784 6
3785 6
3786 5
3787 3
3788 1
3789 5
3790 5
3791 4
3792 4
3793 4
3794 2
3795 4
3796 2
3797 0
3798 1
3799 2
3800 4
3801 3
3802 0
3803 1
3804 3
3805 2
3806 2
3807 2
3808 3
3809 2
3810 1
3811 2
3812 4
3813 4
3814 3
3815 4
3816 3
3817 2
3818 3
3819 2
3820 2
3821 1
3822 5
3823 5
3824 7
3825 7
3826 6
3827 7
3828 5
3829 7
3830 5
3831 5
3832 5
3833 6
3834 8
3835 8
3836 8
3837 7
3838 6
3839 5
3840 3
3841 5
3842 5
3843 4
3844 3
3845 1
3846 3
3847 4
3848 3
3849 3
3850 1
3851 1
3852 4
3853 4
3854 2
3855 3
3856 2
3857 1
3858 4
3859 5
3860 2
3861 3
3862 1
3863 0
3864 3
3865 1
3866 2
3867 2
3868 3
3869 1
3870 0
3871 3
3872 1
3873 4
3874 2
3875 0
3876 1
3877 1
3878 0
3879 2
3880 1
3881 4
3882 6
3883 5
3884 7
3885 8
3886 5
3887 3
3888 2
3889 2
3890 1
3891 3
3892 4
3893 2
3894 3
3895 1
3896 2
3897 4
3898 4
3899 6
3900 4
3901 3
3902 2
3903 3
3904 5
3905 5
3906 3
3907 0
3908 1
3909 2
3910 7
3911 8
3912 8
3913 6
3914 4
3915 2
3916 2
3917 4
3918 3
3919 2
3920 2
3921 3
3922 2
3923 3
3924 4
3925 3
3926 4
3927 5
3928 5
3929 5
3930 5
3931 5
3932 3
3933 2
3934 4
3935 1
3936 1
3937 0
3938 3
3939 3
3940 4
3941 3
3942 0
3943 1
3944 0
3945 1
3946 2
3947 0
3948 2
3949 4
3950 5
3951 4
3952 4
3953 4
3954 3
3955 2
3956 3
3957 3
3958 3
3959 1
3960 2
3961 2
3962 3
3963 2
3964 1
3965 1
3966 3
3967 2
3968 4
3969 3
3970 5
3971 2
3972 1
3973 2
3974 3
3975 2
3976 2
3977 3
3978 4
3979 3
3980 3
3981 4
3982 1
3983 4
3984 2
3985 2
3986 2
3987 1
3988 4
3989 3
3990 4
3991 2
3992 3
3993 5
3994 7
3995 7
3996 9
3997 8
3998 7
3999 9
4000 8
4001 6
4002 5
4003 3
4004 3
4005 3
4006 4
4007 2
4008 4
4009 3
4010 5
4011 4
4012 2
4013 4
4014 4
4015 4
4016 3
4017 3
4018 2
4019 1
4020 3
4021 2
4022 4
4023 2
4024 3
4025 4
4026 4
4027 3
4028 2
4029 3
4030 0
4031 1
4032 2
4033 3
4034 6
4035 4
4036 7
4037 6
4038 6
4039 7
4040 6
4041 5
4042 7
4043 7
4044 7
4045 6
4046 5
4047 3
4048 2
4049 5
4050 4
4051 5
4052 6
4053 4
4054 4
4055 3
4056 1
4057 5
4058 4
4059 4
4060 4
4061 3
4062 5
4063 3
4064 1
4065 2
4066 2
4067 3
4068 1
4069 2
4070 1
4071 4
4072 5
4073 3
4074 5
4075 6
4076 6
4077 5
4078 3
4079 3
4080 6
4081 5
4082 6
4083 4
4084 4
4085 5
4086 4
4087 3
4088 3
4089 3
4090 4
4091 4
4092 6
4093 6
4094 7
4095 6
4096 4
4097 5
4098 4
4099 4
4100 4
4101 5
4102 4
4103 2
4104 3
4105 2
4106 5
4107 2
4108 3
4109 5
4110 2
4111 5
4112 4
4113 4
4114 4
4115 2
4116 1
4117 2
4118 1
4119 1
4120 3
4121 2
4122 1
4123 3
4124 2
4125 2
4126 2
4127 3
4128 4
4129 5
4130 3
4131 2
4132 1
4133 3
4134 2
4135 1
4136 1
4137 0
4138 4
4139 2
4140 2
4141 4
4142 6
4143 6
4144 5
4145 5
4146 6
4147 5
4148 3
4149 1
4150 4
4151 3
4152 2
4153 3
4154 1
4155 3
4156 5
4157 7
4158 5
4159 2
4160 1
4161 1
4162 1
4163 2
4164 2
4165 5
4166 5
4167 4
4168 4
4169 5
4170 7
4171 6
4172 6
4173 6
4174 6
4175 6
4176 5
4177 6
4178 6
4179 7
4180 7
4181 7
4182 6
4183 4
4184 4
4185 2
4186 4
4187 4
4188 5
4189 4
4190 4
4191 4
4192 6
4193 5
4194 5
4195 5
4196 3
4197 1
4198 3
4199 1
4200 2
4201 3
4202 3
4203 4
4204 2
4205 1
4206 0
4207 0
4208 3
4209 1
4210 2
4211 2
4212 4
4213 5
4214 5
4215 5
4216 4
4217 5
4218 3
4219 3
4220 1
4221 2
4222 2
4223 4
4224 4
4225 4
4226 5
4227 4
4228 2
4229 2
4230 2
4231 3
4232 0
4233 4
4234 6
4235 5
4236 3
4237 1
4238 3
4239 1
4240 3
4241 1
4242 1
4243 1
4244 2
4245 2
4246 4
4247 2
4248 3
4249 3
4250 1
4251 3
4252 2
4253 3
4254 2
4255 2
4256 4
4257 3
4258 2
4259 5
4260 4
4261 3
4262 1
4263 3
4264 3
4265 3
4266 2
4267 2
4268 2
4269 3
4270 2
4271 2
4272 5
4273 4
4274 3
4275 2
4276 4
4277 2
4278 2
4279 0
4280 0
4281 2
4282 1
4283 4
4284 4
4285 4
4286 4
4287 4
4288 3
4289 4
4290 4
4291 4
4292 5
4293 5
4294 5
4295 4
4296 3
4297 4
4298 3
4299 6
4300 6
4301 6
4302 7
4303 5
4304 3
4305 3
4306 4
4307 2
4308 2
4309 1
4310 2
4311 0
4312 1
4313 2
4314 3
4315 0
4316 2
4317 1
4318 1
4319 4
4320 5
4321 5
4322 5
4323 5
4324 4
4325 3
4326 1
4327 3
4328 5
4329 4
4330 2
4331 2
4332 1
4333 3
4334 3
4335 2
4336 4
4337 5
4338 5
4339 3
4340 4
4341 4
4342 4
4343 5
4344 5
4345 5
4346 5
4347 2
4348 3
4349 1
4350 2
4351 4
4352 5
4353 5
4354 2
4355 1
4356 2
4357 2
4358 4
4359 5
4360 4
4361 3
4362 3
4363 2
4364 2
4365 1
4366 2
4367 0
4368 0
4369 4
4370 5
4371 5
4372 8
4373 10
4374 10
4375 10
4376 8
4377 10
4378 9
4379 7
4380 7
4381 6
4382 4
4383 3
4384 3
4385 3
4386 1
4387 2
4388 2
4389 1
4390 4
4391 2
4392 3
4393 2
4394 3
4395 1
4396 4
4397 4
4398 2
4399 2
4400 1
4401 4
4402 4
4403 2
4404 1
4405 1
4406 1
4407 0
4408 2
4409 3
4410 2
4411 3
4412 3
4413 2
4414 3
4415 2
4416 1
4417 1
4418 2
4419 1
4420 0
4421 3
4422 1
4423 2
4424 2
4425 2
4426 2
4427 1
4428 3
4429 3
4430 2
4431 1
4432 2
4433 6
4434 5
4435 5
4436 4
4437 2
4438 3
4439 1
4440 2
4441 1
4442 5
4443 3
4444 4
4445 5
4446 6
4447 4
4448 4
4449 4
4450 4
4451 4
4452 4
4453 4
4454 4
4455 3
4456 3
4457 6
4458 5
4459 5
4460 6
4461 5
4462 5
4463 7
4464 7
4465 10
4466 10
4467 9
4468 9
4469 8
4470 9
4471 9
4472 9
4473 7
4474 8
4475 7
4476 8
4477 8
4478 9
4479 8
4480 8
4481 8
4482 8
4483 7
4484 6
4485 8
4486 6
4487 7
4488 6
4489 6
4490 4
4491 5
4492 4
4493 6
4494 6
4495 3
4496 5
4497 7
4498 7
4499 7
4500 5
4501 4
4502 3
4503 2
4504 2
4505 1
4506 3
4507 1
4508 2
4509 1
4510 2
4511 2
4512 0
4513 3
4514 2
4515 4
4516 3
4517 4
4518 3
4519 1
4520 0
4521 4
4522 1
4523 0
4524 2
4525 4
4526 4
4527 4
4528 2
4529 1
4530 2
4531 2
4532 4
4533 5
4534 5
4535 4
4536 2
4537 4
4538 5
4539 4
4540 3
4541 1
4542 2
4543 0
4544 2
4545 3
4546 5
4547 6
4548 7
4549 7
4550 7
4551 5
4552 4
4553 2
4554 2
4555 2
4556 2
4557 0
4558 2
4559 0
4560 3
4561 2
4562 2
4563 2
4564 5
4565 4
4566 4
4567 4
4568 4
4569 3
4570 2
4571 5
4572 5
4573 3
4574 4
4575 3
4576 3
4577 3
4578 1
4579 5
4580 4
4581 3
4582 1
4583 3
4584 2
4585 4
4586 3
4587 2
4588 2
4589 2
4590 5
4591 6
4592 5
4593 7
4594 6
4595 4
4596 5
4597 6
4598 4
4599 2
4600 2
4601 4
4602 6
4603 7
4604 4
4605 2
4606 3
4607 3
4608 0
4609 3
4610 2
4611 1
4612 3
4613 1
4614 1
4615 0
4616 4
4617 3
4618 2
4619 3
4620 4
4621 5
4622 5
4623 5
4624 8
4625 7
4626 6
4627 4
4628 4
4629 3
4630 6
4631 4
4632 6
4633 5
4634 4
4635 2
4636 2
4637 4
4638 3
4639 0
4640 2
4641 4
4642 5
4643 5
4644 6
4645 4
4646 5
4647 3
4648 4
4649 4
4650 5
4651 6
4652 6
4653 8
4654 6
4655 4
4656 1
4657 1
4658 2
4659 1
4660 2
4661 3
4662 2
4663 3
4664 2
4665 3
4666 3
4667 3
4668 4
4669 4
4670 5
4671 4
4672 5
4673 3
4674 5
4675 3
4676 4
4677 3
4678 3
4679 4
4680 3
4681 4
4682 4
4683 6
4684 7
4685 5
4686 5
4687 5
4688 6
4689 4
4690 4
4691 7
4692 6
4693 5
4694 3
4695 3
4696 4
4697 2
4698 2
4699 4
4700 2
4701 2
4702 3
4703 1
4704 1
4705 2
4706 2
4707 1
4708 1
4709 2
4710 1
4711 1
4712 6
4713 7
4714 6
4715 4
4716 2
4717 4
4718 2
4719 1
4720 0
4721 5
4722 7
4723 7
4724 8
4725 5
4726 5
4727 4
4728 4
4729 2
4730 0
4731 3
4732 2
4733 2
4734 1
4735 2
4736 3
4737 1
4738 3
4739 2
4740 3
4741 3
4742 2
4743 0
4744 2
4745 4
4746 3
4747 1
4748 2
4749 1
4750 3
4751 1
4752 3
4753 5
4754 3
4755 3
4756 3
4757 3
4758 0
4759 2
4760 3
4761 6
4762 4
4763 3
4764 3
4765 2
4766 2
4767 5
4768 6
4769 5
4770 7
4771 5
4772 6
4773 6
4774 6
4775 7
4776 8
4777 7
4778 7
4779 8
4780 8
4781 10
4782 10
4783 10
4784 9
4785 8
4786 7
4787 5
4788 2
4789 2
4790 3
4791 1
4792 1
4793 0
4794 2
4795 2
4796 2
4797 4
4798 4
4799 4
4800 2
4801 4
4802 4
4803 2
4804 1
4805 3
4806 0
4807 4
4808 4
4809 4
4810 4
4811 4
4812 2
4813 1
4814 5
4815 3
4816 2
4817 1
4818 3
4819 4
4820 4
4821 6
4822 6
4823 5
4824 4
4825 5
4826 6
4827 4
4828 3
4829 6
4830 5
4831 6
4832 8
4833 8
4834 6
4835 6
4836 4
4837 5
4838 4
4839 2
4840 2
4841 3
4842 2
4843 1
4844 3
4845 4
4846 4
4847 3
4848 2
4849 4
4850 5
4851 5
4852 3
4853 4
4854 2
4855 3
4856 2
4857 3
4858 3
4859 4
4860 2
4861 4
4862 4
4863 4
4864 3
4865 2
4866 1
4867 2
4868 2
4869 3
4870 3
4871 4
4872 5
4873 6
4874 6
4875 4
4876 5
4877 6
4878 7
4879 7
4880 4
4881 3
4882 0
4883 4
4884 3
4885 3
4886 7
4887 11
4888 10
4889 11
4890 10
4891 7
4892 6
4893 6
4894 5
4895 6
4896 5
4897 6
4898 5
4899 6
4900 3
4901 3
4902 1
4903 3
4904 3
4905 3
4906 1
4907 4
4908 4
4909 4
4910 3
4911 5
4912 4
4913 4
4914 3
4915 2
4916 3
4917 3
4918 1
4919 5
4920 5
4921 7
4922 8
4923 8
4924 7
4925 5
4926 4
4927 7
4928 6
4929 6
4930 8
4931 6
4932 6
4933 7
4934 5
4935 7
4936 8
4937 8
4938 7
4939 8
4940 7
4941 7
4942 8
4943 10
4944 12
4945 11
4946 13
4947 14
4948 13
4949 11
4950 11
4951 11
4952 9
4953 9
4954 10
4955 11
4956 10
4957 10
4958 10
4959 9
4960 9
4961 7
4962 5
4963 5
4964 5
4965 3
4966 3
4967 3
4968 5
4969 6
4970 5
4971 4
4972 6
4973 4
4974 4
4975 3
4976 3
4977 2
4978 4
4979 4
4980 1
4981 4
4982 4
4983 3
4984 3
4985 5
4986 3
4987 2
4988 4
4989 5
4990 4
4991 2
4992 1
4993 2
4994 1
4995 3
4996 1
4997 3
4998 2
4999 4
5000 2
5001 1
5002 1
5003 0
5004 1
5005 4
5006 3
5007 3
5008 3
5009 1
5010 2
5011 4
5012 3
5013 2
5014 3
5015 2
5016 1
5017 3
5018 1
5019 2
5020 2
5021 3
5022 1
5023 1
5024 2
5025 2
5026 3
5027 0
5028 2
5029 3
5030 3
5031 3
5032 4
5033 7
5034 5
5035 4
5036 2
5037 4
5038 2
5039 5
5040 5
5041 3
5042 2
5043 4
5044 3
5045 3
5046 4
5047 5
5048 3
5049 2
5050 3
5051 1
5052 2
5053 2
5054 3
5055 2
5056 0
5057 2
5058 0
5059 3
5060 3
5061 4
5062 3
5063 1
5064 4
5065 2
5066 2
5067 3
5068 2
5069 2
5070 5
5071 4
5072 4
5073 4
5074 5
5075 4
5076 3
5077 3
5078 1
5079 3
5080 1
5081 1
5082 2
5083 3
5084 4
5085 3
5086 3
5087 2
5088 4
5089 4
5090 6
5091 4
5092 5
5093 3
5094 2
5095 2
5096 4
5097 2
5098 2
5099 4
5100 3
5101 0
5102 6
5103 8
5104 5
5105 4
5106 4
5107 5
5108 7
5109 5
5110 6
5111 7
5112 7
5113 5
5114 6
5115 5
5116 6
5117 7
5118 9
5119 8
5120 7
5121 7
5122 7
5123 4
5124 2
5125 2
5126 2
5127 3
5128 4
5129 5
5130 4
5131 5
5132 3
5133 3
5134 5
5135 2
5136 2
5137 1
5138 4
5139 2
5140 4
5141 4
5142 2
5143 2
5144 4
5145 3
5146 5
5147 4
5148 2
5149 5
5150 7
5151 8
5152 8
5153 8
5154 6
5155 6
5156 4
5157 7
5158 5
5159 7
5160 7
5161 7
5162 6
5163 4
5164 3
5165 1
5166 2
5167 2
5168 4
5169 5
5170 6
5171 5
5172 5
5173 3
5174 4
5175 1
5176 4
5177 4
5178 4
5179 2
5180 5
5181 2
5182 4
5183 2
5184 6
5185 6
5186 5
5187 6
5188 3
5189 5
5190 4
5191 4
5192 4
5193 4
5194 4
5195 2
5196 3
5197 3
5198 5
5199 5
5200 6
5201 5
5202 6
5203 4
5204 3
5205 6
5206 4
5207 4
5208 4
5209 6
5210 7
5211 7
5212 7
5213 8
5214 6
5215 4
5216 4
5217 2
5218 3
5219 4
5220 3
5221 1
5222 2
5223 3
5224 1
5225 1
5226 2
5227 3
5228 2
5229 1
5230 6
5231 7
5232 5
5233 6
5234 5
5235 6
5236 5
5237 2
5238 4
5239 3
5240 1
5241 3
5242 4
5243 2
5244 3
5245 0
5246 3
5247 2
5248 5
5249 3
5250 2
5251 2
5252 2
5253 2
5254 2
5255 3
5256 2
5257 3
5258 4
5259 5
5260 5
5261 5
5262 7
5263 8
5264 9
5265 9
5266 8
5267 7
5268 4
5269 3
5270 0
5271 2
5272 2
5273 1
5274 1
5275 3
5276 4
5277 4
5278 4
5279 5
5280 7
5281 7
5282 7
5283 5
5284 4
5285 3
5286 2
5287 1
5288 2
5289 0
5290 2
5291 1
5292 4
5293 3
5294 4
5295 5
5296 5
5297 3
5298 3
5299 3
5300 3
5301 3
5302 1
5303 2
5304 0
5305 2
5306 3
5307 4
5308 4
5309 3
5310 2
5311 1
5312 2
5313 4
5314 3
5315 1
5316 5
5317 4
5318 2
5319 3
5320 4
5321 5
5322 4
5323 3
5324 1
5325 2
5326 2
5327 5
5328 6
5329 6
5330 5
5331 3
5332 4
5333 5
5334 5
5335 3
5336 3
5337 3
5338 5
5339 3
5340 1
5341 2
5342 4
5343 4
5344 2
5345 1
5346 2
5347 2
5348 4
5349 3
5350 1
5351 4
5352 1
5353 2
5354 4
5355 3
5356 3
5357 0
5358 4
5359 2
5360 1
5361 3
5362 3
5363 1
5364 5
5365 7
5366 7
5367 7
5368 7
5369 6
5370 6
5371 5
5372 3
5373 3
5374 4
5375 1
5376 1
5377 2
5378 2
5379 3
5380 4
5381 4
5382 2
5383 4
5384 4
5385 3
5386 2
5387 3
5388 2
5389 4
5390 4
5391 6
5392 6
5393 6
5394 5
5395 4
5396 4
5397 3
5398 3
5399 2
5400 3
5401 1
5402 3
5403 2
5404 0
5405 2
5406 1
5407 3
5408 3
5409 3
5410 3
5411 3
5412 2
5413 1
5414 6
5415 3
5416 4
5417 1
5418 1
5419 4
5420 3
5421 3
5422 2
5423 4
5424 5
5425 4
5426 3
5427 4
5428 2
5429 0
5430 2
5431 3
5432 6
5433 4
5434 5
5435 3
5436 6
5437 6
5438 7
5439 5
5440 5
5441 4
5442 3
5443 4
5444 3
5445 3
5446 2
5447 4
5448 3
5449 1
5450 2
5451 1
5452 2
5453 3
5454 2
5455 4
5456 2
5457 5
5458 7
5459 8
5460 7
5461 7
5462 9
5463 11
5464 11
5465 11
5466 9
5467 9
5468 10
5469 8
5470 9
5471 10
5472 11
5473 9
5474 8
5475 8
5476 7
5477 8
5478 7
5479 7
5480 6
5481 4
5482 3
5483 2
5484 3
5485 0
5486 3
5487 2
5488 3
5489 2
5490 1
5491 3
5492 3
5493 3
5494 2
5495 1
5496 2
5497 6
5498 5
5499 3
5500 3
5501 2
5502 2
5503 3
5504 3
5505 2
5506 1
5507 2
5508 2
5509 5
5510 4
5511 4
5512 1
5513 2
5514 1
5515 2
5516 0
5517 2
5518 2
5519 2
5520 5
5521 4
5522 3
5523 4
5524 3
5525 2
5526 1
5527 4
5528 3
5529 2
5530 3
5531 4
5532 2
5533 3
5534 3
5535 1
5536 2
5537 3
5538 0
5539 5
5540 5
5541 6
5542 5
5543 6
5544 5
5545 5
5546 3
5547 4
5548 6
5549 7
5550 4
5551 4
5552 5
5553 8
5554 9
5555 8
5556 9
5557 10
5558 9
5559 7
5560 5
5561 5
5562 3
5563 3
5564 2
5565 3
5566 3
5567 1
5568 4
5569 3
5570 4
5571 4
5572 3
5573 2
5574 3
5575 3
5576 6
5577 5
5578 5
5579 4
5580 3
5581 4
5582 2
5583 3
5584 1
5585 3
5586 2
5587 1
5588 1
5589 2
5590 3
5591 2
5592 5
5593 6
5594 3
5595 3
5596 2
5597 2
5598 3
5599 5
5600 6
5601 5
5602 3
5603 5
5604 3
5605 2
5606 3
5607 3
5608 3
5609 1
5610 2
5611 2
5612 1
5613 1
5614 2
5615 3
5616 2
5617 3
5618 3
5619 1
5620 4
5621 3
5622 2
5623 3
5624 4
5625 2
5626 3
5627 5
5628 3
5629 3
5630 1
5631 4
5632 3
5633 1
5634 2
5635 3
5636 1
5637 1
5638 0
5639 1
5640 1
5641 3
5642 0
5643 1
5644 2
5645 2
5646 0
5647 1
5648 2
5649 2
5650 3
5651 2
5652 2
5653 4
5654 2
5655 0
5656 3
5657 3
5658 3
5659 1
5660 1
5661 3
5662 4
5663 3
5664 3
5665 4
5666 4
5667 2
5668 2
5669 3
5670 1
5671 1
5672 2
5673 4
5674 4
5675 5
5676 5
5677 5
5678 2
5679 5
5680 5
5681 5
5682 4
5683 1
5684 4
5685 6
5686 7
5687 5
5688 6
5689 5
5690 3
5691 4
5692 3
5693 2
5694 4
5695 7
5696 8
5697 9
5698 8
5699 7
5700 6
5701 5
5702 3
5703 3
5704 4
5705 4
5706 2
5707 3
5708 6
5709 6
5710 6
5711 3
5712 3
5713 2
5714 4
5715 3
5716 4
5717 5
5718 6
5719 5
5720 5
5721 3
5722 1
5723 2
5724 1
5725 2
5726 3
5727 1
5728 3
5729 4
5730 4
5731 3
5732 3
5733 5
5734 2
5735 0
5736 3
5737 3
5738 3
5739 4
5740 3
5741 1
5742 2
5743 3
5744 5
5745 4
5746 2
5747 3
5748 3
5749 4
5750 3
5751 2
5752 2
5753 3
5754 3
5755 4
5756 6
5757 5
5758 5
5759 5
5760 4
5761 2
5762 3
5763 3
5764 1
5765 3
5766 3
5767 5
5768 4
5769 2
5770 2
5771 1
5772 3
5773 0
5774 3
5775 3
5776 1
5777 4
5778 5
5779 3
5780 3
5781 3
5782 1
5783 5
5784 4
5785 2
5786 3
5787 1
5788 1
5789 3
5790 0
5791 1
5792 4
5793 4
5794 6
5795 6
5796 6
5797 5
5798 9
5799 7
5800 9
5801 8
5802 7
5803 10
5804 9
5805 7
5806 8
5807 7
5808 6
5809 6
5810 6
5811 4
5812 5
5813 8
5814 9
5815 9
5816 10
5817 10
5818 10
5819 10
5820 10
5821 9
5822 9
5823 8
5824 6
5825 6
5826 4
5827 1
5828 4
5829 4
5830 2
5831 4
5832 4
5833 6
5834 6
5835 5
5836 3
5837 3
5838 2
5839 2
5840 2
5841 3
5842 5
5843 3
5844 4
5845 4
5846 5
5847 4
5848 3
5849 0
5850 1
5851 1
5852 3
5853 5
5854 4
5855 3
5856 2
5857 1
5858 1
5859 1
5860 1
5861 4
5862 4
5863 4
5864 5
5865 3
5866 3
5867 1
5868 2
5869 1
5870 2
5871 3
5872 4
5873 2
5874 5
5875 3
5876 4
5877 4
5878 6
5879 3
5880 3
5881 4
5882 5
5883 5
5884 4
5885 2
5886 1
5887 3
5888 3
5889 3
5890 1
5891 2
5892 3
5893 2
5894 2
5895 5
5896 3
5897 2
5898 2
5899 2
5900 3
5901 2
5902 3
5903 3
5904 2
5905 4
5906 4
5907 4
5908 5
5909 3
5910 2
5911 3
5912 4
5913 4
5914 4
5915 3
5916 3
5917 2
5918 3
5919 2
5920 2
5921 1
5922 2
5923 3
5924 3
5925 4
5926 4
5927 6
5928 6
5929 4
5930 6
5931 5
5932 3
5933 5
5934 3
5935 0
5936 4
5937 4
5938 6
5939 6
5940 4
5941 4
5942 4
5943 3
5944 2
5945 2
5946 1
5947 1
5948 4
5949 3
5950 2
5951 3
5952 1
5953 4
5954 4
5955 4
5956 2
5957 1
5958 2
5959 3
5960 2
5961 4
5962 2
5963 2
5964 0
5965 4
5966 2
5967 3
5968 2
5969 4
5970 3
5971 5
5972 3
5973 4
5974 4
5975 3
5976 2
5977 4
5978 1
5979 2
5980 4
5981 4
5982 3
5983 3
5984 3
5985 4
5986 5
5987 4
5988 3
5989 3
5990 1
5991 2
5992 1
5993 1
5994 3
5995 4
5996 3
5997 3
5998 3
5999 2
6000 4
6001 4
6002 6
6003 4
6004 4
6005 5
6006 7
6007 5
6008 2
6009 2
6010 4
6011 6
6012 6
6013 7
6014 8
6015 7
6016 8
6017 8
6018 5
6019 6
6020 5
6021 4
6022 5
6023 4
6024 5
6025 5
6026 5
6027 6
6028 6
6029 7
6030 7
6031 8
6032 8
6033 7
6034 7
6035 5
6036 6
6037 5
6038 4
6039 4
6040 4
6041 6
6042 6
6043 7
6044 6
6045 8
6046 8
6047 6
6048 5
6049 4
6050 3
6051 2
6052 2
6053 2
6054 1
6055 1
6056 2
6057 1
6058 1
6059 5
6060 4
6061 4
6062 4
6063 4
6064 6
6065 6
6066 6
6067 4
6068 4
6069 4
6070 3
6071 6
6072 4
6073 4
6074 3
6075 2
6076 1
6077 1
6078 2
6079 2
6080 6
6081 5
6082 6
6083 6
6084 4
6085 3
6086 3
6087 5
6088 5
6089 5
6090 5
6091 2
6092 1
6093 4
6094 5
6095 6
6096 6
6097 4
6098 2
6099 2
6100 2
6101 5
6102 3
6103 2
6104 3
6105 2
6106 2
6107 3
6108 3
6109 2
6110 5
6111 6
6112 7
6113 9
6114 9
6115 8
6116 7
6117 6
6118 5
6119 4
6120 3
6121 2
6122 2
6123 3
6124 2
6125 2
6126 3
6127 2
6128 3
6129 4
6130 3
6131 2
6132 2
6133 2
6134 3
6135 4
6136 4
6137 1
6138 4
6139 4
6140 3
6141 4
6142 4
6143 6
6144 4
6145 3
6146 3
6147 0
6148 3
6149 2
6150 2
6151 3
6152 4
6153 3
6154 2
6155 2
6156 4
6157 3
6158 1
6159 3
6160 3
6161 1
6162 2
6163 3
6164 5
6165 6
6166 6
6167 5
6168 8
6169 7
6170 8
6171 8
6172 6
6173 6
6174 8
6175 6
6176 6
6177 7
6178 8
6179 10
6180 12
6181 14
6182 13
6183 13
6184 13
6185 13
6186 11
6187 10
6188 10
6189 9
6190 9
6191 9
6192 7
6193 8
6194 8
6195 7
6196 8
6197 6
6198 6
6199 3
6200 1
6201 1
6202 3
6203 4
6204 3
6205 3
6206 1
6207 1
6208 5
6209 5
6210 3
6211 3
6212 2
6213 4
6214 3
6215 2
6216 6
6217 7
6218 7
6219 4
6220 3
6221 2
6222 1
6223 2
6224 2
6225 2
6226 1
6227 2
6228 2
6229 3
6230 2
6231 3
6232 2
6233 3
6234 4
6235 3
6236 2
6237 3
6238 4
6239 1
6240 3
6241 2
6242 2
6243 5
6244 5
6245 6
6246 6
6247 5
6248 6
6249 8
6250 7
6251 5
6252 8
6253 8
6254 5
6255 2
6256 1
6257 2
6258 3
6259 1
6260 2
6261 5
6262 5
6263 6
6264 4
6265 4
6266 2
6267 3
6268 2
6269 3
6270 3
6271 0
6272 3
6273 2
6274 3
6275 5
6276 4
6277 3
6278 2
6279 4
6280 5
6281 4
6282 4
6283 3
6284 1
6285 2
6286 3
6287 1
6288 4
6289 4
6290 5
6291 7
6292 6
6293 6
6294 6
6295 5
6296 5
6297 4
6298 7
6299 8
6300 6
6301 5
6302 4
6303 2
6304 3
6305 2
6306 4
6307 6
6308 5
6309 4
6310 3
6311 1
6312 2
6313 3
6314 3
6315 1
6316 4
6317 4
6318 3
6319 3
6320 6
6321 5
6322 3
6323 6
6324 4
6325 5
6326 4
6327 2
6328 4
6329 1
6330 2
6331 4
6332 1
6333 1
6334 2
6335 4
6336 4
6337 2
6338 1
6339 3
6340 0
6341 3
6342 0
6343 3
6344 2
6345 4
6346 5
6347 4
6348 2
6349 1
6350 3
6351 1
6352 4
6353 5
6354 4
6355 4
6356 4
6357 3
6358 0
6359 3
6360 1
6361 2
6362 5
6363 7
6364 5
6365 5
6366 6
6367 5
6368 5
6369 6
6370 4
6371 3
6372 1
6373 2
6374 4
6375 3
6376 1
6377 3
6378 0
6379 2
6380 4
6381 4
6382 2
6383 3
6384 5
6385 5
6386 6
6387 3
6388 3
6389 4
6390 3
6391 2
6392 6
6393 5
6394 5
6395 5
6396 2
6397 2
6398 4
6399 5
6400 5
6401 4
6402 3
6403 0
6404 2
6405 4
6406 3
6407 4
6408 5
6409 5
6410 4
6411 5
6412 5
6413 4
6414 2
6415 3
6416 4
6417 3
6418 4
6419 3
6420 1
6421 3
6422 3
6423 2
6424 2
6425 4
6426 5
6427 4
6428 3
6429 2
6430 1
6431 4
6432 7
6433 7
6434 6
6435 4
6436 3
6437 6
6438 5
6439 6
6440 5
6441 7
6442 9
6443 10
6444 10
6445 9
6446 10
6447 9
6448 8
6449 7
6450 6
6451 6
6452 5
6453 6
6454 5
6455 6
6456 8
6457 6
6458 5
6459 3
6460 0
6461 4
6462 3
6463 4
6464 5
6465 4
6466 2
6467 5
6468 5
6469 7
6470 8
6471 8
6472 9
6473 6
6474 4
6475 7
6476 5
6477 6
6478 5
6479 4
6480 3
6481 6
6482 6
6483 5
6484 6
6485 6
6486 4
6487 6
6488 6
6489 5
6490 3
6491 2
6492 3
6493 4
6494 2
6495 4
6496 6
6497 8
6498 7
6499 8
6500 8
6501 10
6502 9
6503 9
6504 7
6505 7
6506 7
6507 5
6508 3
6509 3
6510 1
6511 3
6512 1
6513 1
6514 6
6515 5
6516 7
6517 6
6518 5
6519 7
6520 9
6521 7
6522 8
6523 6
6524 4
6525 3
6526 4
6527 5
6528 8
6529 5
6530 5
6531 6
6532 6
6533 10
6534 9
6535 7
6536 6
6537 8
6538 9
6539 9
6540 9
6541 9
6542 9
6543 7
6544 7
6545 5
6546 4
6547 2
6548 1
6549 0
6550 2
6551 3
6552 4
6553 3
6554 4
6555 3
6556 3
6557 2
6558 3
6559 2
6560 2
6561 5
6562 5
6563 5
6564 6
6565 5
6566 5
6567 6
6568 4
6569 5
6570 5
6571 6
6572 5
6573 2
6574 4
6575 4
6576 3
6577 1
6578 1
6579 3
6580 2
6581 3
6582 2
6583 4
6584 5
6585 3
6586 2
6587 2
6588 2
6589 0
6590 3
6591 2
6592 3
6593 3
6594 3
6595 4
6596 1
6597 2
6598 2
6599 2
6600 2
6601 4
6602 2
6603 1
6604 4
6605 4
6606 5
6607 7
6608 6
6609 6
6610 7
6611 7
6612 7
6613 8
6614 9
6615 9
6616 6
6617 6
6618 9
6619 8
6620 6
6621 4
6622 5
6623 5
6624 4
6625 1
6626 4
6627 4
6628 2
6629 3
6630 4
6631 4
6632 5
6633 7
6634 6
6635 6
6636 6
6637 6
6638 6
6639 4
6640 3
6641 3
6642 3
6643 1
6644 3
6645 3
6646 2
6647 2
6648 3
6649 2
6650 2
6651 3
6652 3
6653 5
6654 3
6655 3
6656 6
6657 4
6658 5
6659 5
6660 5
6661 7
6662 7
6663 5
6664 4
6665 2
6666 4
6667 7
6668 7
6669 5
6670 4
6671 2
6672 5
6673 5
6674 4
6675 3
6676 3
6677 2
6678 1
6679 5
6680 3
6681 3
6682 1
6683 3
6684 1
6685 4
6686 5
6687 6
6688 4
6689 7
6690 6
6691 5
6692 3
6693 3
6694 2
6695 2
6696 3
6697 3
6698 4
6699 5
6700 5
6701 4
6702 3
6703 2
6704 3
6705 1
6706 1
6707 3
6708 2
6709 2
6710 3
6711 2
6712 4
6713 5
6714 3
6715 2
6716 5
6717 5
6718 4
6719 6
6720 7
6721 6
6722 6
6723 6
6724 5
6725 3
6726 1
6727 1
6728 2
6729 0
6730 1
6731 3
6732 4
6733 1
6734 0
6735 5
6736 4
6737 4
6738 2
6739 3
6740 2
6741 2
6742 2
6743 5
6744 2
6745 4
6746 4
6747 2
6748 1
6749 1
6750 4
6751 2
6752 1
6753 6
6754 5
6755 9
6756 7
6757 5
6758 6
6759 5
6760 3
6761 3
6762 2
6763 4
6764 2
6765 4
6766 2
6767 2
6768 2
6769 1
6770 1
6771 2
6772 2
6773 3
6774 1
6775 1
6776 2
6777 0
6778 1
6779 2
6780 4
6781 4
6782 4
6783 2
6784 5
6785 5
6786 5
6787 4
6788 1
6789 3
6790 3
6791 3
6792 3
6793 1
6794 2
6795 1
6796 1
6797 1
6798 4
6799 4
6800 5
6801 5
6802 4
6803 3
6804 1
6805 3
6806 4
6807 5
6808 4
6809 3
6810 2
6811 3
6812 4
6813 4
6814 3
6815 3
6816 1
6817 2
6818 5
6819 5
6820 5
6821 4
6822 3
6823 3
6824 2
6825 1
6826 1
6827 2
6828 3
6829 1
6830 3
6831 2
6832 1
6833 2
6834 4
6835 3
6836 2
6837 5
6838 4
6839 4
6840 4
6841 1
6842 0
6843 0
6844 2
6845 1
6846 2
6847 3
6848 4
6849 4
6850 2
6851 3
6852 3
6853 4
6854 4
6855 3
6856 5
6857 5
6858 5
6859 8
6860 6
6861 3
6862 3
6863 3
6864 2
6865 4
6866 4
6867 4
6868 3
6869 3
6870 0
6871 1
6872 3
6873 4
6874 2
6875 3
6876 3
6877 1
6878 3
6879 4
6880 2
6881 0
6882 2
6883 3
6884 3
6885 3
6886 3
6887 3
6888 3
6889 2
6890 1
6891 4
6892 3
6893 3
6894 3
6895 2
6896 3
6897 4
6898 3
6899 1
6900 3
6901 2
6902 3
6903 3
6904 5
6905 4
6906 5
6907 2
6908 4
6909 3
6910 4
6911 2
6912 1
6913 3
6914 2
6915 3
6916 2
6917 2
6918 5
6919 6
6920 7
6921 5
6922 3
6923 2
6924 1
6925 3
6926 2
6927 1
6928 5
6929 4
6930 2
6931 2
6932 3
6933 1
6934 1
6935 2
6936 2
6937 4
6938 5
6939 3
6940 2
6941 1
6942 3
6943 3
6944 4
6945 4
6946 3
6947 2
6948 1
6949 3
6950 2
6951 2
6952 3
6953 4
6954 5
6955 4
6956 5
6957 5
6958 4
6959 5
6960 5
6961 5
6962 6
6963 8
6964 8
6965 8
6966 6
6967 6
6968 6
6969 4
6970 3
6971 5
6972 4
6973 5
6974 6
6975 5
6976 6
6977 5
6978 3
6979 2
6980 4
6981 3
6982 4
6983 2
6984 2
6985 1
6986 3
6987 3
6988 1
6989 1
6990 3
6991 5
6992 7
6993 7
6994 6
6995 7
6996 6
6997 3
6998 1
6999 1
7000 4
7001 5
7002 6
7003 6
7004 5
7005 6
7006 6
7007 3
7008 4
7009 4
7010 4
7011 5
7012 7
7013 6
7014 3
7015 2
7016 4
7017 7
7018 5
7019 4
7020 4
7021 2
7022 2
7023 3
7024 3
7025 6
7026 4
7027 5
7028 8
7029 6
7030 6
7031 4
7032 2
7033 5
7034 8
7035 5
7036 6
7037 7
7038 6
7039 6
7040 4
7041 3
7042 2
7043 4
7044 3
7045 2
7046 4
7047 3
7048 1
7049 4
7050 3
7051 1
7052 0
7053 3
7054 0
7055 4
7056 4
7057 6
7058 5
7059 4
7060 2
7061 0
7062 3
7063 1
7064 2
7065 2
7066 3
7067 5
7068 4
7069 2
7070 5
7071 4
7072 1
7073 2
7074 3
7075 4
7076 1
7077 3
7078 1
7079 0
7080 1
7081 3
7082 3
7083 3
7084 2
7085 3
7086 4
7087 2
7088 4
7089 3
7090 3
7091 3
7092 4
7093 2
7094 1
7095 3
7096 3
7097 3
7098 2
7099 2
7100 4
7101 4
7102 2
7103 2
7104 3
7105 2
7106 3
7107 4
7108 2
7109 1
7110 2
7111 0
7112 2
7113 3
7114 2
7115 2
7116 2
7117 1
7118 5
7119 4
7120 4
7121 4
7122 2
7123 5
7124 5
7125 3
7126 2
7127 4
7128 2
7129 3
7130 3
7131 3
7132 2
7133 2
7134 2
7135 2
7136 4
7137 4
7138 4
7139 4
7140 1
7141 6
7142 6
7143 6
7144 4
7145 4
7146 3
7147 4
7148 5
7149 5
7150 4
7151 3
7152 1
7153 4
7154 1
7155 4
7156 2
7157 1
7158 3
7159 1
7160 0
7161 2
7162 3
7163 3
7164 1
7165 3
7166 5
7167 6
7168 6
7169 4
7170 4
7171 4
7172 4
7173 5
7174 5
7175 4
7176 3
7177 4
7178 4
7179 4
7180 3
7181 2
7182 4
7183 4
7184 4
7185 5
7186 4
7187 5
7188 6
7189 7
7190 7
7191 8
7192 9
7193 9
7194 8
7195 9
7196 10
7197 10
7198 11
7199 10
7200 11
7201 12
7202 12
7203 12
7204 10
7205 10
7206 10
7207 8
7208 8
7209 8
7210 7
7211 7
7212 7
7213 7
7214 8
7215 10
7216 12
7217 13
7218 12
7219 12
7220 10
7221 10
7222 8
7223 10
7224 9
7225 8
7226 9
7227 8
7228 10
7229 10
7230 11
7231 13
7232 11
7233 13
7234 13
7235 13
7236 13
7237 12
7238 10
7239 11
7240 11
7241 10
7242 12
7243 9
7244 12
7245 11
7246 10
7247 11
7248 11
7249 8
7250 8
7251 7
7252 6
7253 4
7254 5
7255 3
7256 4
7257 4
7258 4
7259 5
7260 9
7261 9
7262 10
7263 8
7264 7
7265 6
7266 6
7267 7
7268 5
7269 5
7270 2
7271 0
7272 2
7273 1
7274 3
7275 3
7276 2
7277 3
7278 5
7279 6
7280 5
7281 4
7282 5
7283 4
7284 3
7285 3
7286 2
7287 3
7288 3
7289 1
7290 5
7291 7
7292 5
7293 5
7294 4
7295 2
7296 3
7297 1
7298 1
7299 2
7300 4
7301 3
7302 7
7303 6
7304 3
7305 4
7306 5
7307 2
7308 4
7309 5
7310 5
7311 5
7312 6
7313 4
7314 4
7315 5
7316 3
7317 4
7318 3
7319 4
7320 4
7321 5
7322 4
7323 3
7324 3
7325 4
7326 3
7327 2
7328 3
7329 3
7330 0
7331 2
7332 0
7333 1
7334 2
7335 4
7336 2
7337 3
7338 2
7339 2
7340 0
7341 3
7342 1
7343 0
7344 2
7345 3
7346 3
7347 1
7348 2
7349 3
7350 4
7351 3
7352 2
7353 5
7354 2
7355 2
7356 3
7357 1
7358 0
7359 4
7360 3
7361 2
7362 2
7363 3
7364 1
7365 2
7366 2
7367 3
7368 3
7369 4
7370 3
7371 5
7372 6
7373 6
7374 5
7375 5
7376 3
7377 0
7378 7
7379 8
7380 8
7381 6
7382 6
7383 6
7384 3
7385 4
7386 6
7387 6
7388 6
7389 6
7390 5
7391 3
7392 2
7393 3
7394 2
7395 1
7396 4
7397 3
7398 2
7399 5
7400 6
7401 5
7402 6
7403 7
7404 5
7405 6
7406 4
7407 4
7408 3
7409 0
7410 4
7411 3
7412 4
7413 2
7414 4
7415 3
7416 3
7417 3
7418 3
7419 2
7420 2
7421 3
7422 2
7423 1
7424 2
7425 1
7426 2
7427 5
7428 4
7429 4
7430 3
7431 4
7432 5
7433 4
7434 4
7435 2
7436 4
7437 3
7438 4
7439 3
7440 3
7441 3
7442 2
7443 6
7444 5
7445 5
7446 2
7447 5
7448 6
7449 6
7450 7
7451 6
7452 5
7453 6
7454 4
7455 3
7456 2
7457 3
7458 2
7459 1
7460 3
7461 2
7462 2
7463 1
7464 3
7465 1
7466 4
7467 4
7468 2
7469 2
7470 2
7471 5
7472 3
7473 5
7474 7
7475 5
7476 8
7477 8
7478 6
7479 6
7480 6
7481 4
7482 2
7483 3
7484 2
7485 3
7486 4
7487 3
7488 1
7489 3
7490 5
7491 2
7492 4
7493 2
7494 1
7495 2
7496 3
7497 3
7498 4
7499 3
7500 5
7501 3
7502 2
7503 3
7504 3
7505 5
7506 3
7507 2
7508 4
7509 5
7510 3
7511 3
7512 2
7513 1
7514 0
7515 3
7516 1
7517 4
7518 3
7519 2
7520 3
7521 2
7522 3
7523 3
7524 0
7525 5
7526 6
7527 5
7528 4
7529 4
7530 4
7531 3
7532 2
7533 6
7534 6
7535 8
7536 7
7537 6
7538 5
7539 4
7540 3
7541 3
7542 4
7543 4
7544 4
7545 4
7546 3
7547 4
7548 3
7549 1
7550 5
7551 6
7552 7
7553 9
7554 8
7555 6
7556 6
7557 7
7558 6
7559 5
7560 6
7561 6
7562 7
7563 7
7564 9
7565 9
7566 8
7567 9
7568 9
7569 7
7570 6
7571 5
7572 6
7573 7
7574 6
7575 6
7576 5
7577 6
7578 5
7579 7
7580 7
7581 7
7582 4
7583 3
7584 2
7585 0
7586 0
7587 2
7588 2
7589 3
7590 0
7591 1
7592 2
7593 3
7594 1
7595 2
7596 3
7597 3
7598 1
7599 3
7600 2
7601 3
7602 2
7603 2
7604 1
7605 3
7606 2
7607 0
7608 2
7609 4
7610 2
7611 0
7612 4
7613 5
7614 7
7615 5
7616 3
7617 3
7618 4
7619 4
7620 6
7621 4
7622 3
7623 3
7624 1
7625 4
7626 1
7627 2
7628 2
7629 0
7630 1
7631 1
7632 2
7633 1
7634 2
7635 3
7636 3
7637 1
7638 3
7639 0
7640 2
7641 2
7642 1
7643 2
7644 2
7645 2
7646 3
7647 3
7648 2
7649 2
7650 3
7651 3
7652 3
7653 4
7654 4
7655 4
7656 2
7657 4
7658 5
7659 4
7660 4
7661 3
7662 3
7663 1
7664 3
7665 1
7666 1
7667 4
7668 4
7669 6
7670 6
7671 5
7672 5
7673 4
7674 2
7675 3
7676 3
7677 3
7678 4
7679 4
7680 5
7681 2
7682 1
7683 3
7684 5
7685 4
7686 3
7687 2
7688 3
7689 1
7690 4
7691 5
7692 8
7693 7
7694 9
7695 10
7696 8
7697 7
7698 4
7699 4
7700 7
7701 5
7702 4
7703 5
7704 3
7705 0
7706 7
7707 6
7708 5
7709 4
7710 2
7711 1
7712 5
7713 4
7714 4
7715 4
7716 5
7717 5
7718 4
7719 2
7720 3
7721 4
7722 2
7723 3
7724 2
7725 4
7726 5
7727 5
7728 5
7729 5
7730 7
7731 6
7732 4
7733 4
7734 4
7735 5
7736 3
7737 4
7738 2
7739 4
7740 1
7741 0
7742 3
7743 4
7744 3
7745 3
7746 3
7747 4
7748 5
7749 6
7750 6
7751 5
7752 3
7753 3
7754 2
7755 4
7756 5
7757 8
7758 8
7759 8
7760 7
7761 6
7762 7
7763 7
7764 6
7765 6
7766 5
7767 6
7768 5
7769 3
7770 2
7771 2
7772 3
7773 4
7774 3
7775 1
7776 1
7777 5
7778 4
7779 4
7780 2
7781 2
7782 1
7783 0
7784 3
7785 0
7786 1
7787 1
7788 0
7789 2
7790 4
7791 3
7792 3
7793 4
7794 4
7795 4
7796 4
7797 5
7798 5
7799 5
7800 6
7801 6
7802 6
7803 4
7804 3
7805 1
7806 2
7807 3
7808 4
7809 6
7810 7
7811 8
7812 8
7813 8
7814 8
7815 7
7816 9
7817 9
7818 9
7819 12
7820 11
7821 11
7822 10
7823 9
7824 9
7825 11
7826 10
7827 10
7828 9
7829 7
7830 8
7831 6
7832 7
7833 8
7834 6
7835 6
7836 6
7837 8
7838 10
7839 8
7840 9
7841 8
7842 9
7843 7
7844 9
7845 8
7846 5
7847 6
7848 7
7849 4
7850 2
7851 3
7852 1
7853 1
7854 2
7855 4
7856 3
7857 4
7858 2
7859 3
7860 1
7861 2
7862 3
7863 2
7864 3
7865 1
7866 1
7867 2
7868 2
7869 3
7870 2
7871 2
7872 2
7873 3
7874 2
7875 4
7876 1
7877 1
7878 2
7879 3
7880 2
7881 1
7882 2
7883 4
7884 3
7885 1
7886 1
7887 3
7888 3
7889 2
7890 2
7891 3
7892 0
7893 3
7894 1
7895 2
7896 5
7897 3
7898 1
7899 3
7900 3
7901 2
7902 1
7903 1
7904 3
7905 2
7906 3
7907 2
7908 0
7909 2
7910 2
7911 4
7912 6
7913 6
7914 8
7915 8
7916 11
7917 10
7918 8
7919 9
7920 8
7921 6
7922 3
7923 2
7924 1
7925 4
7926 2
7927 2
7928 6
7929 6
7930 5
7931 3
7932 1
7933 1
7934 2
7935 3
7936 3
7937 4
7938 2
7939 0
7940 4
7941 3
7942 2
7943 1
7944 0
7945 4
7946 6
7947 6
7948 5
7949 3
7950 3
7951 3
7952 1
7953 1
7954 6
7955 4
7956 3
7957 2
7958 2
7959 3
7960 2
7961 1
7962 2
7963 5
7964 5
7965 3
7966 1
7967 5
7968 4
7969 6
7970 8
7971 8
7972 9
7973 9
7974 7
7975 5
7976 4
7977 2
7978 2
7979 0
7980 3
7981 2
7982 0
7983 4
7984 3
7985 3
7986 3
7987 2
7988 4
7989 3
7990 3
7991 0
7992 6
7993 5
7994 3
7995 4
7996 3
7997 2
7998 0
7999 4
8000 2
8001 0
8002 1
8003 6
8004 4
8005 3
8006 0
8007 4
8008 4
8009 2
8010 0
8011 3
8012 3
8013 3
8014 3
8015 3
8016 1
8017 2
8018 3
8019 2
8020 1
8021 2
8022 1
8023 2
8024 4
8025 5
8026 5
8027 5
8028 5
8029 5
8030 5
8031 4
8032 4
8033 2
8034 1
8035 2
8036 3
8037 3
8038 3
8039 3
8040 3
8041 4
8042 4
8043 4
8044 3
8045 2
8046 4
8047 4
8048 5
8049 3
8050 3
8051 2
8052 3
8053 2
8054 2
8055 1
8056 2
8057 3
8058 5
8059 6
8060 5
8061 4
8062 2
8063 4
8064 4
8065 5
8066 3
8067 5
8068 3
8069 2
8070 1
8071 2
8072 1
8073 1
8074 1
8075 3
8076 2
8077 3
8078 1
8079 0
8080 2
8081 3
8082 4
8083 4
8084 3
8085 4
8086 5
8087 4
8088 4
8089 3
8090 3
8091 2
8092 3
8093 0
8094 3
8095 1
8096 3
8097 2
8098 2
8099 4
8100 2
8101 3
8102 3
8103 2
8104 3
8105 2
8106 3
8107 2
8108 0
8109 3
8110 3
8111 1
8112 3
8113 2
8114 4
8115 3
8116 5
8117 3
8118 4
8119 3
8120 3
8121 2
8122 3
8123 4
8124 3
8125 3
8126 4
8127 1
8128 2
8129 3
8130 5
8131 4
8132 2
8133 3
8134 2
8135 4
8136 4
8137 4
8138 6
8139 5
8140 3
8141 4
8142 4
8143 4
8144 3
8145 2
8146 4
8147 5
8148 6
8149 4
8150 6
8151 6
8152 8
8153 7
8154 6
8155 8
8156 8
8157 6
8158 5
8159 5
8160 6
8161 5
8162 3
8163 3
8164 2
8165 2
8166 4
8167 4
8168 4
8169 6
8170 4
8171 3
8172 1
8173 2
8174 4
8175 5
8176 5
8177 5
8178 6
8179 5
8180 4
8181 2
8182 3
8183 1
8184 4
8185 4
8186 6
8187 6
8188 5
8189 3
8190 2
8191 4
8192 3
8193 4
8194 5
8195 3
8196 3
8197 5
8198 4
8199 5
8200 6
8201 4
8202 2
8203 0
8204 2
8205 3
8206 3
8207 4
8208 3
8209 1
8210 4
8211 2
8212 3
8213 3
8214 4
8215 4
8216 2
8217 0
8218 2
8219 3
8220 3
8221 3
8222 2
8223 3
8224 3
8225 2
8226 2
8227 0
8228 2
8229 2
8230 0
8231 0
8232 4
8233 3
8234 3
8235 4
8236 6
8237 5
8238 4
8239 2
8240 4
8241 3
8242 3
8243 3
8244 3
8245 4
8246 2
8247 5
8248 3
8249 2
8250 5
8251 7
8252 7
8253 6
8254 7
8255 7
8256 6
8257 5
8258 5
8259 3
8260 0
8261 2
8262 3
8263 2
8264 3
8265 1
8266 3
8267 4
8268 4
8269 5
8270 4
8271 2
8272 3
8273 0
8274 4
8275 4
8276 4
8277 2
8278 2
8279 4
8280 4
8281 5
8282 5
8283 5
8284 6
8285 6
8286 5
8287 4
8288 4
8289 3
8290 3
8291 2
8292 3
8293 1
8294 3
8295 2
8296 1
8297 2
8298 3
8299 3
8300 1
8301 2
8302 2
8303 2
8304 2
8305 1
8306 5
8307 5
8308 5
8309 4
8310 2
8311 3
8312 2
8313 3
8314 1
8315 3
8316 1
8317 2
8318 1
8319 4
8320 5
8321 2
8322 3
8323 1
8324 2
8325 1
8326 3
8327 3
8328 4
8329 6
8330 3
8331 1
8332 4
8333 4
8334 4
8335 5
8336 7
8337 6
8338 9
8339 10
8340 7
8341 5
8342 5
8343 6
8344 5
8345 6
8346 6
8347 6
8348 8
8349 7
8350 6
8351 6
8352 5
8353 4
8354 3
8355 2
8356 3
8357 4
8358 3
8359 1
8360 2
8361 2
8362 3
8363 4
8364 4
8365 3
8366 4
8367 4
8368 3
8369 0
8370 4
8371 3
8372 3
8373 2
8374 2
8375 4
8376 5
8377 4
8378 4
8379 4
8380 2
8381 6
8382 5
8383 5
8384 6
8385 4
8386 3
8387 5
8388 4
8389 4
8390 3
8391 4
8392 6
8393 5
8394 4
8395 5
8396 6
8397 7
8398 7
8399 8
8400 7
8401 6
8402 4
8403 4
8404 5
8405 6
8406 4
8407 2
8408 3
8409 2
8410 3
8411 1
8412 3
8413 1
8414 3
8415 1
8416 4
8417 2
8418 1
8419 0
8420 1
8421 2
8422 3
8423 1
8424 2
8425 1
8426 2
8427 2
8428 4
8429 1
8430 5
8431 4
8432 2
8433 2
8434 3
8435 1
8436 4
8437 4
8438 3
8439 3
8440 4
8441 5
8442 5
8443 5
8444 4
8445 5
8446 7
8447 5
8448 2
8449 0
8450 2
8451 3
8452 1
8453 2
8454 4
8455 3
8456 2
8457 1
8458 2
8459 4
8460 4
8461 3
8462 4
8463 5
8464 4
8465 4
8466 4
8467 2
8468 2
8469 2
8470 0
8471 4
8472 2
8473 2
8474 3
8475 0
8476 2
8477 3
8478 3
8479 3
8480 2
8481 5
8482 4
8483 5
8484 4
8485 3
8486 4
8487 2
8488 3
8489 3
8490 3
8491 3
8492 4
8493 2
8494 2
8495 5
8496 7
8497 6
8498 4
8499 6
8500 3
8501 4
8502 4
8503 2
8504 4
8505 4
8506 3
8507 1
8508 6
8509 3
8510 2
8511 2
8512 3
8513 3
8514 3
8515 3
8516 3
8517 2
8518 3
8519 3
8520 4
8521 3
8522 5
8523 6
8524 6
8525 7
8526 7
8527 4
8528 4
8529 3
8530 4
8531 2
8532 3
8533 3
8534 0
8535 2
8536 4
8537 2
8538 2
8539 2
8540 2
8541 2
8542 2
8543 3
8544 2
8545 2
8546 2
8547 5
8548 4
8549 3
8550 3
8551 2
8552 3
8553 2
8554 2
8555 4
8556 3
8557 3
8558 3
8559 4
8560 5
8561 4
8562 5
8563 5
8564 6
8565 5
8566 3
8567 2
8568 3
8569 3
8570 1
8571 3
8572 2
8573 2
8574 5
8575 5
8576 5
8577 7
8578 6
8579 6
8580 6
8581 7
8582 5
8583 4
8584 2
8585 2
8586 2
8587 3
8588 2
8589 1
8590 5
8591 4
8592 2
8593 1
8594 5
8595 5
8596 5
8597 4
8598 6
8599 5
8600 4
8601 4
8602 3
8603 4
8604 5
8605 6
8606 4
8607 3
8608 4
8609 2
8610 2
8611 5
8612 4
8613 4
8614 8
8615 7
8616 5
8617 6
8618 4
8619 3
8620 3
8621 2
8622 1
8623 1
8624 1
8625 2
8626 5
8627 7
8628 5
8629 4
8630 1
8631 1
8632 0
8633 2
8634 0
8635 5
8636 5
8637 5
8638 3
8639 3
8640 2
8641 3
8642 2
8643 0
8644 0
8645 2
8646 0
8647 3
8648 4
8649 2
8650 2
8651 2
8652 1
8653 4
8654 4
8655 5
8656 5
8657 5
8658 6
8659 6
8660 6
8661 6
8662 4
8663 3
8664 2
8665 1
8666 2
8667 2
8668 3
8669 4
8670 1
8671 1
8672 2
8673 4
8674 2
8675 2
8676 2
8677 3
8678 3
8679 3
8680 3
8681 3
8682 5
8683 3
8684 5
8685 3
8686 3
8687 3
8688 4
8689 2
8690 4
8691 2
8692 3
8693 4
8694 4
8695 5
8696 5
8697 4
8698 3
8699 2
8700 2
8701 4
8702 6
8703 5
8704 3
8705 3
8706 4
8707 5
8708 7
8709 5
8710 4
8711 4
8712 3
8713 1
8714 4
8715 2
8716 6
8717 6
8718 7
8719 7
8720 5
8721 4
8722 4
8723 2
8724 1
8725 1
8726 4
8727 4
8728 4
8729 4
8730 1
8731 2
8732 5
8733 3
8734 2
8735 3
8736 3
8737 2
8738 1
8739 4
8740 2
8741 3
8742 1
8743 2
8744 2
8745 3
8746 2
8747 1
8748 4
8749 4
8750 3
8751 2
8752 1
8753 3
8754 2
8755 4
8756 3
8757 1
8758 3
8759 5
8760 5
8761 4
8762 3
8763 4
8764 1
8765 3
8766 3
8767 3
8768 1
8769 2
8770 1
8771 3
8772 1
8773 1
8774 2
8775 3
8776 1
8777 3
8778 3
8779 0
8780 3
8781 4
8782 4
8783 4
8784 3
8785 4
8786 4
8787 2
8788 5
8789 5
8790 3
8791 2
8792 2
8793 3
8794 1
8795 1
8796 4
8797 2
8798 1
8799 1
8800 1
8801 1
8802 1
8803 2
8804 6
8805 4
8806 4
8807 4
8808 1
8809 1
8810 2
8811 5
8812 5
8813 6
8814 5
8815 4
8816 5
8817 6
8818 5
8819 5
8820 3
8821 5
8822 4
8823 5
8824 3
8825 1
8826 1
8827 1
8828 2
8829 1
8830 3
8831 2
8832 4
8833 3
8834 3
8835 3
8836 1
8837 4
8838 3
8839 5
8840 4
8841 5
8842 4
8843 4
8844 3
8845 3
8846 2
8847 3
8848 2
8849 2
8850 6
8851 8
8852 10
8853 11
8854 10
8855 11
8856 12
8857 11
8858 12
8859 13
8860 12
8861 10
8862 11
8863 11
8864 10
8865 9
8866 6
8867 5
8868 3
8869 1
8870 0
8871 5
8872 9
8873 8
8874 8
8875 10
8876 8
8877 5
8878 3
8879 3
8880 1
8881 1
8882 1
8883 2
8884 1
8885 5
8886 4
8887 5
8888 6
8889 6
8890 6
8891 6
8892 5
8893 5
8894 5
8895 4
8896 5
8897 6
8898 4
8899 4
8900 6
8901 4
8902 1
8903 4
8904 2
8905 3
8906 4
8907 6
8908 8
8909 7
8910 6
8911 6
8912 6
8913 7
8914 6
8915 4
8916 3
8917 4
8918 5
8919 6
8920 8
8921 9
8922 10
8923 10
8924 10
8925 8
8926 7
8927 6
8928 8
8929 9
8930 10
8931 9
8932 10
8933 10
8934 8
8935 9
8936 8
8937 7
8938 4
8939 6
8940 7
8941 8
8942 6
8943 7
8944 8
8945 8
8946 8
8947 7
8948 5
8949 5
8950 6
8951 8
8952 7
8953 8
8954 8
8955 9
8956 7
8957 7
8958 7
8959 6
8960 4
8961 3
8962 5
8963 3
8964 4
8965 4
8966 6
8967 5
8968 3
8969 5
8970 4
8971 5
8972 2
8973 2
8974 3
8975 3
8976 1
8977 2
8978 5
8979 2
8980 1
8981 1
8982 2
8983 2
8984 2
8985 4
8986 4
8987 2
8988 4
8989 2
8990 2
8991 4
8992 5
8993 5
8994 5
8995 5
8996 6
8997 7
8998 7
8999 7
9000 7
9001 7
9002 7
9003 7
9004 7
9005 6
9006 8
9007 9
9008 8
9009 6
9010 5
9011 4
9012 3
9013 2
9014 5
9015 4
9016 1
9017 2
9018 1
9019 3
9020 3
9021 1
9022 2
9023 2
9024 1
9025 2
9026 4
9027 4
9028 4
9029 2
9030 5
9031 3
9032 5
9033 3
9034 3
9035 1
9036 1
9037 1
9038 3
9039 2
9040 2
9041 3
9042 6
9043 5
9044 4
9045 5
9046 6
9047 7
9048 6
9049 8
9050 7
9051 9
9052 6
9053 5
9054 5
9055 4
9056 4
9057 4
9058 6
9059 5
9060 3
9061 5
9062 4
9063 1
9064 3
9065 2
9066 1
9067 3
9068 2
9069 3
9070 2
9071 1
9072 3
9073 2
9074 2
9075 4
9076 4
9077 2
9078 4
9079 5
9080 5
9081 5
9082 5
9083 3
9084 1
9085 1
9086 3
9087 2
9088 2
9089 4
9090 2
9091 3
9092 2
9093 3
9094 2
9095 3
9096 3
9097 5
9098 5
9099 2
9100 1
9101 1
9102 2
9103 5
9104 6
9105 6
9106 6
9107 5
9108 6
9109 4
9110 4
9111 4
9112 4
9113 5
9114 4
9115 3
9116 3
9117 5
9118 4
9119 3
9120 6
9121 4
9122 1
9123 2
9124 1
9125 4
9126 3
9127 3
9128 1
9129 4
9130 5
9131 5
9132 5
9133 4
9134 3
9135 3
9136 1
9137 4
9138 5
9139 6
9140 7
9141 6
9142 6
9143 3
9144 1
9145 2
9146 3
9147 4
9148 3
9149 4
9150 2
9151 2
9152 2
9153 2
9154 3
9155 3
9156 3
9157 0
9158 0
9159 5
9160 3
9161 3
9162 2
9163 1
9164 4
9165 7
9166 7
9167 6
9168 6
9169 6
9170 5
9171 8
9172 7
9173 4
9174 5
9175 3
9176 3
9177 3
9178 1
9179 3
9180 4
9181 1
9182 3
9183 2
9184 3
9185 4
9186 5
9187 7
9188 7
9189 5
9190 6
9191 7
9192 8
9193 8
9194 8
9195 10
9196 11
9197 12
9198 10
9199 10
9200 11
9201 12
9202 12
9203 10
9204 11
9205 9
9206 8
9207 8
9208 6
9209 3
9210 3
9211 2
9212 6
9213 5
9214 5
9215 6
9216 7
9217 7
9218 8
9219 8
9220 6
9221 7
9222 5
9223 5
9224 5
9225 5
9226 5
9227 5
9228 4
9229 4
9230 5
9231 6
9232 5
9233 4
9234 3
9235 5
9236 6
9237 5
9238 5
9239 4
9240 5
9241 8
9242 9
9243 10
9244 9
9245 10
9246 8
9247 8
9248 9
9249 6
9250 6
9251 5
9252 5
9253 3
9254 1
9255 1
9256 1
9257 2
9258 1
9259 2
9260 1
9261 3
9262 3
9263 3
9264 1
9265 0
9266 2
9267 4
9268 4
9269 5
9270 6
9271 6
9272 5
9273 2
9274 3
9275 3
9276 4
9277 2
9278 7
9279 6
9280 4
9281 3
9282 1
9283 1
9284 1
9285 3
9286 1
9287 3
9288 0
9289 2
9290 5
9291 5
9292 5
9293 5
9294 4
9295 3
9296 4
9297 3
9298 3
9299 3
9300 2
9301 0
9302 5
9303 3
9304 3
9305 5
9306 7
9307 7
9308 8
9309 7
9310 10
9311 9
9312 8
9313 7
9314 5
9315 3
9316 5
9317 3
9318 3
9319 3
9320 2
9321 2
9322 2
9323 0
9324 3
9325 4
9326 4
9327 4
9328 5
9329 6
9330 4
9331 4
9332 4
9333 2
9334 3
9335 4
9336 3
9337 3
9338 2
9339 2
9340 4
9341 5
9342 5
9343 6
9344 5
9345 3
9346 2
9347 3
9348 5
9349 4
9350 3
9351 4
9352 5
9353 6
9354 8
9355 8
9356 7
9357 7
9358 6
9359 4
9360 3
9361 2
9362 5
9363 4
9364 6
9365 6
9366 6
9367 8
9368 6
9369 5
9370 4
9371 1
9372 3
9373 1
9374 2
9375 0
9376 3
9377 4
9378 3
9379 5
9380 6
9381 6
9382 5
9383 4
9384 4
9385 5
9386 4
9387 5
9388 9
9389 7
9390 5
9391 6
9392 4
9393 4
9394 2
9395 3
9396 4
9397 4
9398 6
9399 5
9400 7
9401 5
9402 5
9403 2
9404 3
9405 3
9406 4
9407 3
9408 2
9409 2
9410 4
9411 2
9412 4
9413 2
9414 3
9415 2
9416 3
9417 1
9418 2
9419 2
9420 4
9421 4
9422 2
9423 4
9424 4
9425 4
9426 5
9427 4
9428 3
9429 1
9430 1
9431 4
9432 2
9433 1
9434 4
9435 5
9436 3
9437 2
9438 3
9439 3
9440 3
9441 5
9442 6
9443 4
9444 4
9445 5
9446 6
9447 5
9448 4
9449 3
9450 1
9451 4
9452 5
9453 5
9454 7
9455 5
9456 6
9457 5
9458 7
9459 7
9460 8
9461 7
9462 7
9463 9
9464 12
9465 13
9466 13
9467 11
9468 9
9469 7
9470 5
9471 2
9472 2
9473 3
9474 3
9475 3
9476 2
9477 2
9478 3
9479 1
9480 3
9481 3
9482 1
9483 2
9484 3
9485 1
9486 4
9487 2
9488 1
9489 3
9490 3
9491 3
9492 2
9493 5
9494 5
9495 4
9496 4
9497 2
9498 3
9499 2
9500 3
9501 2
9502 1
9503 4
9504 3
9505 1
9506 0
9507 5
9508 3
9509 2
9510 0
9511 3
9512 3
9513 0
9514 5
9515 6
9516 6
9517 6
9518 6
9519 4
9520 4
9521 4
9522 3
9523 3
9524 2
9525 2
9526 3
9527 2
9528 5
9529 4
9530 3
9531 2
9532 1
9533 2
9534 4
9535 3
9536 2
9537 3
9538 2
9539 4
9540 5
9541 4
9542 4
9543 3
9544 2
9545 2
9546 3
9547 1
9548 4
9549 2
9550 1
9551 5
9552 2
9553 4
9554 4
9555 2
9556 2
9557 3
9558 2
9559 4
9560 5
9561 3
9562 3
9563 2
9564 5
9565 4
9566 4
9567 4
9568 4
9569 6
9570 8
9571 7
9572 6
9573 5
9574 3
9575 5
9576 5
9577 5
9578 4
9579 4
9580 3
9581 1
9582 1
9583 2
9584 1
9585 3
9586 2
9587 3
9588 3
9589 5
9590 4
9591 5
9592 7
9593 4
9594 2
9595 2
9596 4
9597 1
9598 0
9599 0
9600 2
9601 5
9602 6
9603 7
9604 10
9605 10
9606 9
9607 7
9608 5
9609 3
9610 2
9611 3
9612 2
9613 2
9614 3
9615 2
9616 1
9617 3
9618 2
9619 2
9620 0
9621 1
9622 2
9623 0
9624 2
9625 1
9626 2
9627 2
9628 1
9629 3
9630 2
9631 2
9632 2
9633 4
9634 3
9635 4
9636 4
9637 2
9638 3
9639 3
9640 4
9641 2
9642 0
9643 1
9644 1
9645 2
9646 3
9647 2
9648 1
9649 5
9650 4
9651 1
9652 2
9653 3
9654 3
9655 3
9656 2
9657 2
9658 3
9659 6
9660 5
9661 3
9662 0
9663 5
9664 4
9665 4
9666 4
9667 4
9668 4
9669 4
9670 6
9671 4
9672 4
9673 3
9674 2
9675 3
9676 1
9677 4
9678 3
9679 2
9680 3
9681 0
9682 0
9683 2
9684 4
9685 5
9686 4
9687 3
9688 1
9689 4
9690 4
9691 6
9692 5
9693 5
9694 6
9695 7
9696 6
9697 8
9698 9
9699 8
9700 6
9701 5
9702 4
9703 2
9704 3
9705 3
9706 2
9707 2
9708 4
9709 3
9710 0
9711 5
9712 3
9713 4
9714 4
9715 4
9716 6
9717 5
9718 5
9719 2
9720 2
9721 2
9722 2
9723 3
9724 6
9725 5
9726 5
9727 4
9728 5
9729 4
9730 5
9731 5
9732 6
9733 6
9734 6
9735 6
9736 7
9737 6
9738 6
9739 5
9740 4
9741 2
9742 2
9743 1
9744 5
9745 7
9746 6
9747 3
9748 5
9749 6
9750 5
9751 3
9752 3
9753 4
9754 3
9755 3
9756 0
9757 2
9758 2
9759 2
9760 2
9761 2
9762 4
9763 5
9764 5
9765 6
9766 6
9767 4
9768 6
9769 6
9770 6
9771 6
9772 6
9773 7
9774 9
9775 9
9776 8
9777 7
9778 5
9779 4
9780 6
9781 6
9782 4
9783 5
9784 4
9785 3
9786 3
9787 2
9788 1
9789 6
9790 8
9791 7
9792 8
9793 8
9794 8
9795 9
9796 7
9797 7
9798 6
9799 5
9800 5
9801 6
9802 5
9803 4
9804 6
9805 6
9806 6
9807 6
9808 7
9809 6
9810 4
9811 5
9812 4
9813 4
9814 3
9815 1
9816 2
9817 2
9818 3
9819 1
9820 3
9821 5
9822 5
9823 7
9824 8
9825 7
9826 7
9827 7
9828 8
9829 7
9830 8
9831 8
9832 10
9833 10
9834 12
9835 12
9836 12
9837 12
9838 12
9839 14
9840 11
9841 12
9842 12
9843 11
9844 10
9845 9
9846 7
9847 8
9848 6
9849 6
9850 5
9851 4
9852 5
9853 2
9854 3
9855 1
9856 4
9857 3
9858 3
9859 2
9860 7
9861 9
9862 10
9863 9
9864 9
9865 7
9866 6
9867 6
9868 4
9869 6
9870 5
9871 5
9872 7
9873 8
9874 10
9875 10
9876 11
9877 12
9878 9
9879 10
9880 7
9881 6
9882 6
9883 5
9884 4
9885 4
9886 3
9887 3
9888 5
9889 2
9890 3
9891 0
9892 4
9893 3
9894 0
9895 4
9896 4
9897 2
9898 3
9899 1
9900 1
9901 1
9902 3
9903 1
9904 3
9905 0
9906 1
9907 2
9908 0
9909 2
9910 3
9911 2
9912 3
9913 4
9914 4
9915 8
9916 9
9917 7
9918 8
9919 8
9920 5
9921 5
9922 5
9923 5
9924 7
9925 7
9926 7
9927 10
9928 9
9929 7
9930 8
9931 7
9932 7
9933 5
9934 5
9935 6
9936 6
9937 5
9938 5
9939 4
9940 3
9941 1
9942 2
9943 2
9944 4
9945 3
9946 2
9947 5
9948 2
9949 3
9950 4
9951 2
9952 3
9953 1
9954 3
9955 1
9956 0
9957 2
9958 2
9959 7
9960 7
9961 6
9962 6
9963 6
9964 5
9965 5
9966 8
9967 8
9968 10
9969 11
9970 12
9971 11
9972 13
9973 11
9974 12
9975 12
9976 10
9977 9
9978 10
9979 10
9980 9
9981 9
9982 8
9983 6
9984 5
9985 7
9986 6
9987 8
9988 7
9989 7
9990 7
9991 7
9992 6
9993 5
9994 4
9995 3
9996 1
9997 2
9998 3
9999 1
