0 3
1 2
2 2
3 2
4 2
5 5
6 3
7 1
8 2
9 2
10 5
11 7
12 6
13 5
14 6
15 7
16 7
17 6
18 6
19 6
20 4
21 6
22 5
23 5
24 7
25 8
26 7
27 7
28 9
29 9
30 9
31 8
32 9
33 8
34 9
35 7
36 10
37 10
38 9
39 8
40 7
41 5
42 4
43 4
44 3
45 3
46 2
47 1
48 3
49 3
50 4
51 4
52 5
53 6
54 6
55 6
56 7
57 7
58 9
59 10
60 9
61 10
62 11
63 13
64 12
65 13
66 13
67 13
68 13
69 13
70 13
71 12
72 11
73 10
74 11
75 12
76 12
77 13
78 13
79 13
80 13
81 12
82 11
83 11
84 11
85 13
86 12
87 11
88 11
89 11
90 8
91 7
92 7
93 5
94 5
95 5
96 5
97 3
98 4
99 3
100 4
101 3
102 3
103 2
104 5
105 2
106 4
107 6
108 8
109 7
110 7
111 6
112 9
113 9
114 9
115 9
116 9
117 8
118 7
119 7
120 8
121 11
122 11
123 10
124 8
125 9
126 8
127 7
128 7
129 8
130 9
131 8
132 7
133 8
134 5
135 6
136 5
137 6
138 6
139 7
140 7
141 7
142 5
143 5
144 3
145 3
146 2
147 4
148 3
149 4
150 3
151 3
152 3
153 2
154 1
155 4
156 2
157 3
158 3
159 2
160 2
161 3
162 5
163 4
164 5
165 5
166 5
167 7
168 9
169 10
170 8
171 8
172 5
173 4
174 1
175 3
176 2
177 0
178 5
179 4
180 3
181 3
182 6
183 6
184 6
185 8
186 7
187 8
188 7
189 7
190 6
191 6
192 5
193 3
194 4
195 3
196 7
197 8
198 10
199 7
200 5
201 5
202 4
203 3
204 2
205 6
206 7
207 6
208 7
209 5
210 6
211 4
212 6
213 7
214 7
215 4
216 5
217 5
218 5
219 5
220 4
221 2
222 4
223 6
224 6
225 8
226 8
227 9
228 10
229 8
230 7
231 6
232 6
233 5
234 4
235 5
236 4
237 2
238 3
239 2
240 2
241 3
242 1
243 2
244 3
245 4
246 4
247 5
248 3
249 3
250 4
251 5
252 4
253 5
254 5
255 5
256 5
257 4
258 5
259 6
260 8
261 8
262 10
263 7
264 8
265 10
266 10
267 12
268 12
269 13
270 12
271 11
272 9
273 7
274 5
275 6
276 5
277 4
278 3
279 1
280 1
281 3
282 4
283 5
284 6
285 8
286 8
287 8
288 8
289 8
290 8
291 7
292 8
293 6
294 6
295 5
296 7
297 5
298 3
299 3
300 2
301 5
302 5
303 5
304 7
305 7
306 7
307 5
308 4
309 5
310 5
311 2
312 2
313 1
314 2
315 3
316 3
317 2
318 3
319 2
320 3
321 2
322 3
323 3
324 2
325 3
326 4
327 4
328 3
329 3
330 4
331 4
332 5
333 6
334 5
335 5
336 5
337 2
338 0
339 3
340 2
341 3
342 3
343 1
344 3
345 3
346 1
347 2
348 1
349 4
350 6
351 7
352 7
353 7
354 8
355 8
356 9
357 8
358 7
359 5
360 4
361 4
362 2
363 2
364 2
365 1
366 3
367 1
368 2
369 4
370 4
371 2
372 6
373 6
374 6
375 8
376 7
377 7
378 8
379 8
380 7
381 7
382 6
383 8
384 6
385 7
386 8
387 6
388 4
389 2
390 5
391 5
392 6
393 6
394 6
395 6
396 5
397 5
398 3
399 2
400 2
401 1
402 2
403 1
404 3
405 4
406 2
407 1
408 2
409 2
410 2
411 4
412 4
413 5
414 4
415 5
416 5
417 5
418 3
419 1
420 3
421 3
422 3
423 2
424 2
425 1
426 4
427 6
428 6
429 7
430 6
431 7
432 8
433 5
434 4
435 3
436 2
437 5
438 3
439 1
440 0
441 1
442 1
443 4
444 4
445 4
446 3
447 6
448 6
449 6
450 7
451 6
452 6
453 6
454 5
455 2
456 4
457 2
458 0
459 3
460 2
461 2
462 3
463 2
464 2
465 4
466 6
467 6
468 5
469 5
470 6
471 7
472 7
473 9
474 10
475 9
476 7
477 6
478 5
479 3
480 4
481 4
482 2
483 2
484 1
485 3
486 3
487 2
488 1
489 1
490 1
491 2
492 2
493 4
494 2
495 2
496 2
497 1
498 4
499 3
500 3
501 2
502 3
503 3
504 5
505 5
506 4
507 6
508 6
509 6
510 4
511 2
512 1
513 3
514 3
515 4
516 5
517 5
518 5
519 4
520 4
521 3
522 4
523 1
524 2
525 3
526 4
527 6
528 5
529 4
530 3
531 2
532 1
533 4
534 3
535 4
536 1
537 3
538 1
539 2
540 2
541 1
542 3
543 3
544 1
545 3
546 4
547 3
548 2
549 3
550 2
551 4
552 5
553 5
554 6
555 5
556 5
557 5
558 7
559 7
560 5
561 3
562 3
563 3
564 2
565 5
566 4
567 2
568 4
569 5
570 4
571 3
572 2
573 3
574 3
575 2
576 0
577 3
578 2
579 2
580 1
581 2
582 4
583 5
584 4
585 5
586 4
587 3
588 2
589 2
590 2
591 1
592 2
593 3
594 3
595 2
596 3
597 4
598 5
599 3
600 3
601 2
602 2
603 2
604 1
605 2
606 1
607 2
608 3
609 3
610 2
611 2
612 0
613 2
614 2
615 0
616 3
617 3
618 4
619 3
620 2
621 4
622 3
623 4
624 5
625 5
626 6
627 6
628 7
629 6
630 7
631 8
632 6
633 6
634 5
635 5
636 5
637 5
638 7
639 5
640 5
641 3
642 4
643 2
644 3
645 3
646 4
647 5
648 7
649 5
650 5
651 4
652 2
653 1
654 4
655 7
656 7
657 5
658 4
659 3
660 3
661 1
662 1
663 3
664 3
665 1
666 0
667 3
668 4
669 4
670 4
671 5
672 7
673 5
674 4
675 6
676 6
677 5
678 7
679 7
680 7
681 7
682 7
683 6
684 6
685 6
686 4
687 4
688 3
689 2
690 2
691 1
692 3
693 1
694 2
695 2
696 4
697 4
698 4
699 4
700 4
701 4
702 5
703 4
704 3
705 3
706 2
707 3
708 1
709 1
710 4
711 3
712 4
713 4
714 4
715 5
716 5
717 4
718 4
719 5
720 4
721 4
722 5
723 5
724 3
725 3
726 1
727 3
728 1
729 1
730 1
731 2
732 2
733 1
734 2
735 4
736 4
737 4
738 4
739 2
740 4
741 3
742 3
743 4
744 3
745 0
746 0
747 1
748 3
749 6
750 6
751 6
752 7
753 6
754 6
755 5
756 5
757 7
758 6
759 4
760 3
761 4
762 3
763 3
764 2
765 4
766 6
767 5
768 7
769 9
770 10
771 9
772 10
773 10
774 11
775 14
776 15
777 12
778 11
779 11
780 12
781 12
782 10
783 7
784 5
785 5
786 4
787 3
788 4
789 4
790 5
791 6
792 5
793 4
794 4
795 4
796 4
797 6
798 4
799 6
800 3
801 2
802 4
803 4
804 4
805 2
806 6
807 7
808 6
809 7
810 7
811 7
812 8
813 8
814 9
815 8
816 9
817 8
818 7
819 6
820 7
821 5
822 3
823 2
824 2
825 1
826 2
827 3
828 3
829 1
830 3
831 4
832 2
833 0
834 4
835 3
836 1
837 3
838 1
839 4
840 3
841 1
842 4
843 4
844 4
845 8
846 7
847 7
848 5
849 4
850 3
851 2
852 4
853 2
854 0
855 1
856 3
857 3
858 1
859 1
860 3
861 2
862 2
863 2
864 2
865 6
866 6
867 5
868 4
869 6
870 5
871 4
872 2
873 2
874 2
875 1
876 1
877 3
878 5
879 5
880 6
881 4
882 4
883 3
884 2
885 2
886 2
887 2
888 0
889 3
890 2
891 4
892 3
893 3
894 3
895 5
896 4
897 3
898 4
899 6
900 9
901 7
902 8
903 6
904 4
905 5
906 4
907 6
908 7
909 7
910 7
911 5
912 3
913 3
914 2
915 2
916 2
917 2
918 3
919 1
920 2
921 1
922 3
923 2
924 1
925 3
926 4
927 3
928 3
929 3
930 3
931 2
932 4
933 2
934 4
935 4
936 1
937 1
938 4
939 2
940 2
941 3
942 2
943 2
944 0
945 4
946 2
947 4
948 2
949 3
950 1
951 5
952 4
953 3
954 2
955 2
956 3
957 2
958 3
959 2
960 3
961 2
962 3
963 5
964 6
965 6
966 7
967 6
968 4
969 3
970 5
971 5
972 3
973 0
974 3
975 3
976 2
977 3
978 3
979 2
980 4
981 4
982 4
983 3
984 1
985 3
986 3
987 4
988 3
989 4
990 4
991 3
992 3
993 4
994 5
995 3
996 2
997 2
998 1
999 3
1000 2
1001 0
1002 0
1003 2
1004 2
1005 4
1006 5
1007 6
1008 4
1009 3
1010 2
1011 1
1012 5
1013 4
1014 6
1015 4
1016 1
1017 4
1018 2
1019 1
1020 2
1021 4
1022 3
1023 2
1024 3
1025 1
1026 2
1027 3
1028 0
1029 3
1030 3
1031 1
1032 1
1033 3
1034 3
1035 2
1036 2
1037 3
1038 2
1039 4
1040 4
1041 6
1042 6
1043 7
1044 6
1045 4
1046 3
1047 4
1048 4
1049 3
1050 2
1051 0
1052 5
1053 5
1054 4
1055 4
1056 4
1057 4
1058 4
1059 3
1060 5
1061 5
1062 5
1063 4
1064 6
1065 4
1066 5
1067 8
1068 7
1069 8
1070 10
1071 9
1072 8
1073 10
1074 9
1075 9
1076 8
1077 5
1078 5
1079 6
1080 6
1081 6
1082 6
1083 5
1084 6
1085 4
1086 6
1087 4
1088 3
1089 6
1090 4
1091 4
1092 6
1093 6
1094 6
1095 5
1096 8
1097 10
1098 9
1099 8
1100 9
1101 7
1102 6
1103 5
1104 3
1105 1
1106 1
1107 2
1108 2
1109 4
1110 5
1111 2
1112 3
1113 3
1114 3
1115 3
1116 5
1117 4
1118 4
1119 4
1120 5
1121 5
1122 5
1123 4
1124 5
1125 5
1126 6
1127 8
1128 7
1129 9
1130 7
1131 9
1132 9
1133 7
1134 7
1135 6
1136 6
1137 7
1138 7
1139 7
1140 8
1141 8
1142 6
1143 5
1144 4
1145 4
1146 3
1147 5
1148 4
1149 4
1150 3
1151 4
1152 1
1153 5
1154 3
1155 4
1156 6
1157 3
1158 2
1159 4
1160 5
1161 5
1162 5
1163 6
1164 7
1165 6
1166 6
1167 7
1168 8
1169 9
1170 9
1171 8
1172 10
1173 10
1174 9
1175 10
1176 9
1177 9
1178 11
1179 12
1180 10
1181 8
1182 7
1183 6
1184 7
1185 5
1186 5
1187 3
1188 3
1189 4
1190 4
1191 4
1192 4
1193 7
1194 6
1195 6
1196 6
1197 5
1198 4
1199 4
1200 4
1201 2
1202 2
1203 4
1204 4
1205 3
1206 5
1207 4
1208 4
1209 2
1210 3
1211 3
1212 1
1213 3
1214 6
1215 5
1216 3
1217 1
1218 3
1219 4
1220 6
1221 5
1222 5
1223 3
1224 3
1225 4
1226 5
1227 7
1228 7
1229 8
1230 9
1231 7
1232 8
1233 9
1234 9
1235 9
1236 8
1237 8
1238 8
1239 6
1240 6
1241 5
1242 4
1243 6
1244 8
1245 7
1246 7
1247 6
1248 4
1249 5
1250 4
1251 7
1252 9
1253 9
1254 8
1255 6
1256 6
1257 7
1258 8
1259 9
1260 9
1261 8
1262 8
1263 6
1264 6
1265 6
1266 3
1267 3
1268 4
1269 4
1270 3
1271 3
1272 1
1273 3
1274 3
1275 4
1276 3
1277 2
1278 1
1279 3
1280 3
1281 3
1282 4
1283 5
1284 5
1285 6
1286 6
1287 5
1288 6
1289 6
1290 5
1291 5
1292 4
1293 5
1294 4
1295 6
1296 6
1297 6
1298 4
1299 4
1300 3
1301 4
1302 6
1303 5
1304 5
1305 5
1306 3
1307 4
1308 2
1309 6
1310 7
1311 7
1312 7
1313 7
1314 5
1315 4
1316 3
1317 1
1318 4
1319 4
1320 4
1321 3
1322 2
1323 2
1324 4
1325 4
1326 4
1327 5
1328 3
1329 0
1330 3
1331 1
1332 4
1333 4
1334 1
1335 1
1336 4
1337 3
1338 4
1339 4
1340 4
1341 5
1342 4
1343 4
1344 3
1345 2
1346 2
1347 1
1348 3
1349 3
1350 1
1351 3
1352 3
1353 4
1354 4
1355 6
1356 6
1357 5
1358 4
1359 3
1360 4
1361 2
1362 2
1363 1
1364 1
1365 4
1366 4
1367 3
1368 4
1369 3
1370 4
1371 1
1372 3
1373 2
1374 4
1375 5
1376 6
1377 8
1378 9
1379 8
1380 5
1381 3
1382 4
1383 2
1384 3
1385 2
1386 3
1387 4
1388 6
1389 9
1390 7
1391 7
1392 4
1393 4
1394 2
1395 6
1396 8
1397 8
1398 6
1399 4
1400 4
1401 4
1402 4
1403 3
1404 1
1405 3
1406 3
1407 3
1408 5
1409 4
1410 4
1411 2
1412 1
1413 2
1414 4
1415 1
1416 3
1417 4
1418 4
1419 4
1420 4
1421 4
1422 4
1423 2
1424 2
1425 2
1426 2
1427 5
1428 4
1429 3
1430 3
1431 4
1432 4
1433 7
1434 5
1435 6
1436 5
1437 4
1438 3
1439 1
1440 3
1441 2
1442 0
1443 3
1444 2
1445 3
1446 4
1447 5
1448 3
1449 1
1450 5
1451 5
1452 6
1453 6
1454 6
1455 7
1456 7
1457 8
1458 8
1459 7
1460 5
1461 4
1462 5
1463 7
1464 7
1465 8
1466 12
1467 13
1468 12
1469 11
1470 10
1471 10
1472 10
1473 9
1474 8
1475 6
1476 7
1477 6
1478 8
1479 6
1480 3
1481 5
1482 3
1483 3
1484 3
1485 3
1486 2
1487 6
1488 6
1489 4
1490 2
1491 2
1492 2
1493 3
1494 5
1495 2
1496 3
1497 3
1498 4
1499 5
1500 4
1501 5
1502 5
1503 6
1504 7
1505 8
1506 9
1507 12
1508 12
1509 11
1510 11
1511 12
1512 12
1513 11
1514 12
1515 14
1516 12
1517 12
1518 11
1519 11
1520 11
1521 11
1522 13
1523 13
1524 15
1525 12
1526 11
1527 9
1528 11
1529 9
1530 8
1531 8
1532 6
1533 8
1534 8
1535 8
1536 9
1537 8
1538 8
1539 7
1540 8
1541 6
1542 6
1543 8
1544 6
1545 5
1546 3
1547 4
1548 2
1549 5
1550 5
1551 6
1552 9
1553 10
1554 11
1555 10
1556 11
1557 8
1558 7
1559 7
1560 8
1561 8
1562 8
1563 7
1564 6
1565 5
1566 4
1567 3
1568 3
1569 3
1570 2
1571 2
1572 2
1573 0
1574 0
1575 5
1576 6
1577 7
1578 6
1579 5
1580 4
1581 1
1582 0
1583 1
1584 1
1585 4
1586 1
1587 2
1588 4
1589 5
1590 6
1591 7
1592 6
1593 6
1594 6
1595 6
1596 6
1597 5
1598 3
1599 0
1600 1
1601 2
1602 1
1603 2
1604 1
1605 3
1606 0
1607 2
1608 1
1609 1
1610 5
1611 4
1612 1
1613 2
1614 1
1615 1
1616 4
1617 2
1618 2
1619 3
1620 3
1621 4
1622 3
1623 3
1624 1
1625 4
1626 2
1627 1
1628 2
1629 6
1630 5
1631 4
1632 6
1633 4
1634 5
1635 4
1636 3
1637 2
1638 1
1639 2
1640 1
1641 0
1642 5
1643 4
1644 4
1645 2
1646 3
1647 2
1648 0
1649 2
1650 2
1651 1
1652 3
1653 2
1654 3
1655 2
1656 1
1657 5
1658 4
1659 3
1660 3
1661 5
1662 6
1663 9
1664 8
1665 8
1666 7
1667 8
1668 7
1669 7
1670 6
1671 7
1672 7
1673 6
1674 8
1675 8
1676 8
1677 7
1678 5
1679 7
1680 8
1681 7
1682 8
1683 7
1684 9
1685 8
1686 6
1687 6
1688 5
1689 4
1690 3
1691 2
1692 3
1693 1
1694 4
1695 4
1696 5
1697 5
1698 5
1699 5
1700 4
1701 3
1702 4
1703 3
1704 3
1705 0
1706 2
1707 4
1708 2
1709 1
1710 3
1711 1
1712 1
1713 2
1714 3
1715 2
1716 2
1717 4
1718 1
1719 3
1720 4
1721 5
1722 4
1723 2
1724 3
1725 2
1726 1
1727 1
1728 1
1729 4
1730 2
1731 2
1732 4
1733 4
1734 2
1735 2
1736 4
1737 3
1738 2
1739 2
1740 5
1741 4
1742 4
1743 2
1744 2
1745 1
1746 3
1747 3
1748 2
1749 3
1750 1
1751 3
1752 2
1753 4
1754 3
1755 2
1756 3
1757 5
1758 6
1759 6
1760 5
1761 5
1762 3
1763 3
1764 2
1765 5
1766 2
1767 1
1768 3
1769 3
1770 0
1771 5
1772 3
1773 1
1774 2
1775 4
1776 3
1777 3
1778 4
1779 4
1780 4
1781 4
1782 4
1783 3
1784 2
1785 5
1786 5
1787 7
1788 10
1789 11
1790 11
1791 8
1792 8
1793 10
1794 10
1795 9
1796 9
1797 9
1798 10
1799 12
1800 11
1801 12
1802 13
1803 14
1804 11
1805 8
1806 11
1807 11
1808 11
1809 9
1810 8
1811 7
1812 5
1813 5
1814 3
1815 4
1816 5
1817 5
1818 7
1819 8
1820 7
1821 6
1822 5
1823 5
1824 5
1825 4
1826 1
1827 1
1828 3
1829 1
1830 2
1831 2
1832 3
1833 3
1834 2
1835 3
1836 3
1837 2
1838 4
1839 5
1840 9
1841 8
1842 9
1843 10
1844 12
1845 11
1846 10
1847 10
1848 9
1849 9
1850 9
1851 8
1852 7
1853 7
1854 7
1855 8
1856 8
1857 8
1858 7
1859 5
1860 5
1861 6
1862 6
1863 6
1864 6
1865 7
1866 7
1867 7
1868 6
1869 5
1870 5
1871 5
1872 2
1873 2
1874 4
1875 6
1876 6
1877 8
1878 9
1879 8
1880 8
1881 9
1882 13
1883 12
1884 12
1885 12
1886 14
1887 12
1888 13
1889 14
1890 13
1891 12
1892 13
1893 14
1894 12
1895 13
1896 14
1897 13
1898 11
1899 10
1900 10
1901 11
1902 9
1903 9
1904 8
1905 8
1906 7
1907 8
1908 8
1909 6
1910 5
1911 6
1912 3
1913 4
1914 2
1915 3
1916 2
1917 1
1918 4
1919 2
1920 0
1921 2
1922 3
1923 2
1924 0
1925 3
1926 2
1927 3
1928 3
1929 2
1930 3
1931 1
1932 3
1933 2
1934 2
1935 4
1936 5
1937 6
1938 8
1939 8
1940 8
1941 7
1942 5
1943 3
1944 2
1945 3
1946 2
1947 1
1948 4
1949 4
1950 5
1951 5
1952 4
1953 2
1954 5
1955 7
1956 7
1957 5
1958 4
1959 4
1960 6
1961 7
1962 5
1963 4
1964 4
1965 4
1966 4
1967 4
1968 3
1969 3
1970 4
1971 3
1972 0
1973 4
1974 5
1975 3
1976 3
1977 4
1978 5
1979 6
1980 6
1981 6
1982 7
1983 6
1984 6
1985 6
1986 4
1987 3
1988 3
1989 1
1990 2
1991 2
1992 3
1993 2
1994 3
1995 4
1996 5
1997 4
1998 4
1999 3
2000 1
2001 2
2002 0
2003 2
2004 2
2005 2
2006 3
2007 3
2008 2
2009 4
2010 5
2011 5
2012 5
2013 6
2014 4
2015 4
2016 5
2017 4
2018 4
2019 5
2020 4
2021 2
2022 4
2023 4
2024 4
2025 5
2026 6
2027 7
2028 9
2029 9
2030 8
2031 9
2032 10
2033 8
2034 8
2035 8
2036 6
2037 5
2038 5
2039 5
2040 3
2041 2
2042 5
2043 7
2044 6
2045 7
2046 6
2047 6
2048 7
2049 7
2050 8
2051 8
2052 7
2053 6
2054 6
2055 9
2056 9
2057 7
2058 6
2059 8
2060 7
2061 9
2062 10
2063 9
2064 9
2065 11
2066 12
2067 12
2068 12
2069 11
2070 11
2071 11
2072 10
2073 9
2074 9
2075 10
2076 9
2077 8
2078 8
2079 5
2080 6
2081 4
2082 5
2083 5
2084 7
2085 6
2086 5
2087 5
2088 5
2089 2
2090 3
2091 4
2092 2
2093 2
2094 1
2095 2
2096 2
2097 3
2098 4
2099 5
2100 5
2101 4
2102 3
2103 2
2104 3
2105 5
2106 8
2107 7
2108 7
2109 5
2110 3
2111 3
2112 4
2113 2
2114 3
2115 3
2116 2
2117 1
2118 6
2119 5
2120 2
2121 2
2122 0
2123 1
2124 1
2125 2
2126 1
2127 3
2128 4
2129 4
2130 5
2131 5
2132 6
2133 7
2134 6
2135 6
2136 7
2137 7
2138 8
2139 6
2140 6
2141 6
2142 5
2143 5
2144 7
2145 6
2146 8
2147 7
2148 7
2149 4
2150 5
2151 3
2152 3
2153 2
2154 4
2155 6
2156 5
2157 3
2158 4
2159 3
2160 3
2161 1
2162 0
2163 3
2164 1
2165 1
2166 2
2167 2
2168 2
2169 2
2170 3
2171 4
2172 2
2173 4
2174 4
2175 2
2176 4
2177 4
2178 3
2179 3
2180 2
2181 3
2182 3
2183 4
2184 5
2185 3
2186 3
2187 1
2188 2
2189 1
2190 3
2191 3
2192 3
2193 2
2194 3
2195 1
2196 4
2197 6
2198 7
2199 6
2200 7
2201 6
2202 5
2203 4
2204 3
2205 5
2206 4
2207 4
2208 3
2209 2
2210 3
2211 2
2212 3
2213 3
2214 0
2215 1
2216 4
2217 3
2218 4
2219 4
2220 2
2221 1
2222 4
2223 6
2224 4
2225 4
2226 4
2227 5
2228 4
2229 4
2230 4
2231 4
2232 3
2233 4
2234 5
2235 4
2236 3
2237 2
2238 2
2239 1
2240 5
2241 3
2242 2
2243 4
2244 2
2245 7
2246 8
2247 10
2248 10
2249 7
2250 6
2251 4
2252 4
2253 3
2254 2
2255 2
2256 2
2257 2
2258 4
2259 3
2260 7
2261 5
2262 5
2263 3
2264 2
2265 2
2266 2
2267 4
2268 3
2269 2
2270 3
2271 3
2272 3
2273 1
2274 2
2275 4
2276 2
2277 2
2278 3
2279 2
2280 3
2281 3
2282 3
2283 2
2284 1
2285 0
2286 3
2287 3
2288 4
2289 4
2290 6
2291 6
2292 4
2293 5
2294 5
2295 4
2296 2
2297 3
2298 1
2299 3
2300 2
2301 1
2302 3
2303 2
2304 3
2305 3
2306 1
2307 2
2308 3
2309 2
2310 4
2311 5
2312 5
2313 4
2314 8
2315 7
2316 6
2317 7
2318 9
2319 9
2320 7
2321 6
2322 6
2323 6
2324 7
2325 6
2326 5
2327 5
2328 6
2329 6
2330 6
2331 4
2332 4
2333 3
2334 4
2335 3
2336 4
2337 3
2338 4
2339 1
2340 2
2341 3
2342 2
2343 4
2344 4
2345 3
2346 3
2347 6
2348 5
2349 3
2350 4
2351 3
2352 2
2353 4
2354 4
2355 3
2356 2
2357 3
2358 4
2359 3
2360 2
2361 3
2362 1
2363 3
2364 3
2365 4
2366 3
2367 3
2368 2
2369 1
2370 2
2371 2
2372 2
2373 1
2374 3
2375 4
2376 3
2377 2
2378 3
2379 3
2380 2
2381 1
2382 2
2383 2
2384 1
2385 7
2386 7
2387 4
2388 3
2389 3
2390 4
2391 4
2392 2
2393 3
2394 2
2395 2
2396 3
2397 4
2398 3
2399 2
2400 1
2401 2
2402 4
2403 3
2404 4
2405 3
2406 3
2407 0
2408 2
2409 3
2410 4
2411 3
2412 3
2413 0
2414 1
2415 2
2416 0
2417 4
2418 2
2419 3
2420 2
2421 3
2422 4
2423 4
2424 4
2425 3
2426 6
2427 6
2428 5
2429 2
2430 4
2431 4
2432 3
2433 0
2434 1
2435 3
2436 4
2437 6
2438 5
2439 5
2440 3
2441 5
2442 5
2443 5
2444 6
2445 7
2446 7
2447 8
2448 9
2449 8
2450 9
2451 8
2452 8
2453 6
2454 6
2455 4
2456 3
2457 5
2458 5
2459 5
2460 4
2461 5
2462 7
2463 8
2464 8
2465 7
2466 7
2467 6
2468 8
2469 8
2470 8
2471 7
2472 7
2473 5
2474 4
2475 3
2476 2
2477 2
2478 2
2479 1
2480 6
2481 5
2482 5
2483 4
2484 4
2485 4
2486 3
2487 4
2488 4
2489 3
2490 2
2491 3
2492 4
2493 5
2494 5
2495 5
2496 5
2497 8
2498 6
2499 5
2500 4
2501 3
2502 0
2503 2
2504 5
2505 6
2506 7
2507 4
2508 4
2509 5
2510 7
2511 4
2512 4
2513 4
2514 2
2515 3
2516 2
2517 1
2518 5
2519 4
2520 2
2521 4
2522 4
2523 4
2524 5
2525 4
2526 5
2527 6
2528 8
2529 7
2530 6
2531 3
2532 2
2533 2
2534 3
2535 2
2536 3
2537 4
2538 4
2539 4
2540 5
2541 3
2542 2
2543 4
2544 5
2545 5
2546 3
2547 4
2548 5
2549 7
2550 6
2551 8
2552 7
2553 6
2554 7
2555 5
2556 4
2557 3
2558 3
2559 2
2560 3
2561 2
2562 2
2563 2
2564 2
2565 3
2566 0
2567 2
2568 5
2569 5
2570 3
2571 4
2572 2
2573 1
2574 2
2575 4
2576 5
2577 5
2578 3
2579 1
2580 2
2581 3
2582 2
2583 3
2584 2
2585 2
2586 0
2587 2
2588 1
2589 3
2590 2
2591 2
2592 2
2593 5
2594 4
2595 4
2596 4
2597 3
2598 3
2599 2
2600 1
2601 4
2602 2
2603 4
2604 4
2605 5
2606 5
2607 5
2608 6
2609 8
2610 6
2611 7
2612 6
2613 4
2614 4
2615 4
2616 4
2617 2
2618 3
2619 3
2620 4
2621 4
2622 5
2623 4
2624 2
2625 0
2626 1
2627 3
2628 4
2629 3
2630 4
2631 3
2632 3
2633 1
2634 4
2635 4
2636 3
2637 3
2638 3
2639 4
2640 4
2641 4
2642 5
2643 5
2644 5
2645 4
2646 5
2647 5
2648 6
2649 5
2650 6
2651 5
2652 5
2653 7
2654 4
2655 4
2656 3
2657 1
2658 2
2659 2
2660 3
2661 3
2662 0
2663 2
2664 2
2665 5
2666 6
2667 4
2668 6
2669 6
2670 5
2671 2
2672 4
2673 4
2674 2
2675 2
2676 5
2677 7
2678 6
2679 6
2680 8
2681 7
2682 6
2683 6
2684 7
2685 8
2686 9
2687 6
2688 6
2689 7
2690 4
2691 4
2692 4
2693 1
2694 3
2695 5
2696 5
2697 4
2698 4
2699 4
2700 5
2701 5
2702 8
2703 9
2704 9
2705 8
2706 6
2707 6
2708 7
2709 7
2710 6
2711 9
2712 8
2713 7
2714 8
2715 8
2716 6
2717 5
2718 4
2719 3
2720 2
2721 4
2722 6
2723 6
2724 5
2725 4
2726 4
2727 6
2728 6
2729 6
2730 5
2731 6
2732 5
2733 8
2734 9
2735 9
2736 8
2737 7
2738 6
2739 6
2740 6
2741 4
2742 3
2743 5
2744 4
2745 5
2746 3
2747 3
2748 3
2749 3
2750 2
2751 5
2752 3
2753 0
2754 4
2755 4
2756 4
2757 7
2758 8
2759 8
2760 9
2761 9
2762 10
2763 9
2764 7
2765 9
2766 10
2767 10
2768 10
2769 7
2770 8
2771 6
2772 5
2773 3
2774 3
2775 3
2776 4
2777 3
2778 3
2779 3
2780 1
2781 4
2782 4
2783 3
2784 5
2785 3
2786 3
2787 2
2788 4
2789 4
2790 5
2791 3
2792 3
2793 5
2794 4
2795 5
2796 5
2797 3
2798 3
2799 5
2800 6
2801 6
2802 8
2803 7
2804 7
2805 5
2806 4
2807 4
2808 2
2809 2
2810 2
2811 4
2812 2
2813 1
2814 3
2815 2
2816 3
2817 2
2818 1
2819 2
2820 4
2821 2
2822 1
2823 1
2824 2
2825 3
2826 2
2827 2
2828 3
2829 4
2830 5
2831 5
2832 6
2833 3
2834 4
2835 3
2836 5
2837 6
2838 6
2839 6
2840 5
2841 5
2842 3
2843 4
2844 5
2845 4
2846 3
2847 3
2848 3
2849 3
2850 3
2851 3
2852 4
2853 4
2854 3
2855 1
2856 1
2857 3
2858 4
2859 3
2860 5
2861 6
2862 6
2863 4
2864 3
2865 4
2866 6
2867 6
2868 6
2869 7
2870 7
2871 9
2872 10
2873 9
2874 10
2875 10
2876 12
2877 11
2878 12
2879 12
2880 11
2881 8
2882 8
2883 7
2884 8
2885 7
2886 7
2887 5
2888 6
2889 5
2890 4
2891 5
2892 2
2893 3
2894 1
2895 5
2896 6
2897 5
2898 6
2899 5
2900 5
2901 5
2902 5
2903 5
2904 4
2905 3
2906 5
2907 5
2908 5
2909 7
2910 6
2911 8
2912 7
2913 9
2914 9
2915 9
2916 11
2917 12
2918 9
2919 7
2920 8
2921 9
2922 11
2923 8
2924 6
2925 6
2926 8
2927 8
2928 11
2929 9
2930 8
2931 6
2932 6
2933 7
2934 9
2935 10
2936 10
2937 10
2938 10
2939 9
2940 8
2941 7
2942 4
2943 2
2944 1
2945 1
2946 4
2947 2
2948 3
2949 3
2950 1
2951 4
2952 3
2953 2
2954 2
2955 3
2956 2
2957 4
2958 1
2959 4
2960 2
2961 4
2962 2
2963 3
2964 4
2965 4
2966 5
2967 3
2968 2
2969 2
2970 2
2971 3
2972 0
2973 4
2974 3
2975 4
2976 3
2977 4
2978 4
2979 5
2980 3
2981 5
2982 7
2983 8
2984 9
2985 8
2986 7
2987 9
2988 7
2989 8
2990 7
2991 7
2992 6
2993 7
2994 7
2995 6
2996 4
2997 4
2998 3
2999 3
3000 3
3001 2
3002 4
3003 3
3004 3
3005 6
3006 5
3007 6
3008 7
3009 6
3010 6
3011 8
3012 6
3013 4
3014 3
3015 4
3016 3
3017 3
3018 2
3019 3
3020 3
3021 1
3022 0
3023 2
3024 4
3025 4
3026 4
3027 5
3028 5
3029 4
3030 4
3031 3
3032 2
3033 2
3034 3
3035 5
3036 4
3037 3
3038 5
3039 5
3040 6
3041 5
3042 5
3043 5
3044 4
3045 4
3046 3
3047 3
3048 4
3049 5
3050 4
3051 5
3052 6
3053 5
3054 5
3055 5
3056 4
3057 2
3058 4
3059 4
3060 4
3061 3
3062 3
3063 3
3064 3
3065 3
3066 2
3067 3
3068 4
3069 3
3070 4
3071 3
3072 5
3073 6
3074 5
3075 3
3076 4
3077 4
3078 3
3079 2
3080 2
3081 2
3082 3
3083 1
3084 4
3085 2
3086 3
3087 2
3088 5
3089 5
3090 4
3091 6
3092 6
3093 5
3094 5
3095 5
3096 3
3097 3
3098 1
3099 1
3100 2
3101 3
3102 1
3103 4
3104 6
3105 6
3106 6
3107 6
3108 8
3109 7
3110 9
3111 6
3112 7
3113 7
3114 6
3115 7
3116 5
3117 4
3118 4
3119 4
3120 3
3121 3
3122 3
3123 2
3124 0
3125 1
3126 3
3127 3
3128 2
3129 5
3130 5
3131 3
3132 1
3133 3
3134 2
3135 5
3136 4
3137 5
3138 5
3139 3
3140 4
3141 5
3142 6
3143 5
3144 4
3145 3
3146 1
3147 4
3148 3
3149 3
3150 2
3151 3
3152 4
3153 7
3154 5
3155 5
3156 6
3157 4
3158 3
3159 1
3160 4
3161 4
3162 4
3163 3
3164 3
3165 2
3166 4
3167 3
3168 2
3169 1
3170 2
3171 3
3172 2
3173 4
3174 6
3175 6
3176 7
3177 11
3178 12
3179 12
3180 11
3181 10
3182 10
3183 9
3184 10
3185 10
3186 8
3187 7
3188 7
3189 7
3190 8
3191 9
3192 10
3193 10
3194 9
3195 11
3196 10
3197 11
3198 9
3199 8
3200 8
3201 10
3202 10
3203 9
3204 8
3205 7
3206 8
3207 8
3208 7
3209 9
3210 8
3211 6
3212 4
3213 5
3214 7
3215 6
3216 6
3217 9
3218 8
3219 6
3220 5
3221 6
3222 8
3223 6
3224 5
3225 4
3226 5
3227 6
3228 7
3229 5
3230 4
3231 5
3232 4
3233 4
3234 1
3235 2
3236 5
3237 5
3238 2
3239 4
3240 4
3241 2
3242 1
3243 2
3244 1
3245 2
3246 3
3247 2
3248 2
3249 2
3250 6
3251 7
3252 8
3253 8
3254 6
3255 4
3256 2
3257 4
3258 5
3259 3
3260 4
3261 2
3262 4
3263 5
3264 3
3265 3
3266 5
3267 4
3268 4
3269 3
3270 2
3271 3
3272 4
3273 6
3274 7
3275 5
3276 3
3277 5
3278 5
3279 3
3280 2
3281 2
3282 1
3283 3
3284 4
3285 10
3286 10
3287 10
3288 7
3289 5
3290 5
3291 5
3292 3
3293 3
3294 4
3295 3
3296 3
3297 2
3298 3
3299 1
3300 3
3301 2
3302 2
3303 4
3304 5
3305 7
3306 8
3307 7
3308 9
3309 10
3310 10
3311 9
3312 8
3313 7
3314 9
3315 10
3316 11
3317 11
3318 11
3319 11
3320 10
3321 12
3322 10
3323 9
3324 8
3325 7
3326 7
3327 7
3328 5
3329 7
3330 7
3331 5
3332 4
3333 4
3334 3
3335 3
3336 1
3337 3
3338 2
3339 2
3340 2
3341 2
3342 3
3343 3
3344 4
3345 4
3346 4
3347 3
3348 4
3349 1
3350 2
3351 3
3352 3
3353 4
3354 5
3355 3
3356 3
3357 2
3358 2
3359 3
3360 1
3361 5
3362 5
3363 6
3364 6
3365 5
3366 5
3367 4
3368 4
3369 5
3370 4
3371 2
3372 3
3373 1
3374 4
3375 4
3376 1
3377 2
3378 3
3379 2
3380 4
3381 6
3382 8
3383 8
3384 8
3385 11
3386 12
3387 11
3388 9
3389 10
3390 10
3391 9
3392 8
3393 10
3394 10
3395 11
3396 12
3397 11
3398 11
3399 9
3400 11
3401 11
3402 11
3403 11
3404 11
3405 10
3406 12
3407 11
3408 11
3409 11
3410 10
3411 12
3412 11
3413 11
3414 13
3415 12
3416 13
3417 14
3418 12
3419 14
3420 13
3421 13
3422 13
3423 12
3424 11
3425 12
3426 14
3427 13
3428 11
3429 11
3430 11
3431 11
3432 11
3433 9
3434 10
3435 9
3436 9
3437 12
3438 11
3439 11
3440 12
3441 11
3442 11
3443 10
3444 9
3445 8
3446 6
3447 7
3448 7
3449 8
3450 8
3451 8
3452 7
3453 5
3454 4
3455 3
3456 3
3457 1
3458 0
3459 2
3460 2
3461 0
3462 1
3463 4
3464 3
3465 1
3466 3
3467 5
3468 4
3469 4
3470 3
3471 3
3472 2
3473 3
3474 4
3475 4
3476 2
3477 4
3478 4
3479 6
3480 5
3481 6
3482 6
3483 5
3484 4
3485 3
3486 1
3487 3
3488 1
3489 3
3490 2
3491 2
3492 2
3493 2
3494 0
3495 2
3496 2
3497 3
3498 1
3499 3
3500 2
3501 4
3502 3
3503 4
3504 3
3505 3
3506 4
3507 2
3508 3
3509 4
3510 3
3511 1
3512 3
3513 4
3514 5
3515 5
3516 5
3517 6
3518 5
3519 4
3520 2
3521 3
3522 3
3523 5
3524 5
3525 5
3526 3
3527 2
3528 3
3529 5
3530 5
3531 5
3532 4
3533 5
3534 6
3535 5
3536 4
3537 4
3538 3
3539 3
3540 2
3541 0
3542 2
3543 2
3544 5
3545 3
3546 2
3547 5
3548 2
3549 1
3550 2
3551 1
3552 1
3553 1
3554 1
3555 2
3556 2
3557 4
3558 4
3559 3
3560 2
3561 0
3562 2
3563 2
3564 1
3565 4
3566 2
3567 1
3568 3
3569 5
3570 5
3571 5
3572 5
3573 2
3574 2
3575 2
3576 2
3577 3
3578 3
3579 3
3580 1
3581 4
3582 5
3583 4
3584 2
3585 3
3586 4
3587 4
3588 4
3589 5
3590 4
3591 5
3592 6
3593 6
3594 7
3595 6
3596 3
3597 4
3598 3
3599 3
3600 1
3601 3
3602 4
3603 6
3604 4
3605 4
3606 4
3607 4
3608 3
3609 3
3610 2
3611 3
3612 6
3613 4
3614 6
3615 5
3616 4
3617 3
3618 5
3619 7
3620 7
3621 5
3622 5
3623 3
3624 3
3625 5
3626 4
3627 3
3628 1
3629 3
3630 4
3631 4
3632 5
3633 7
3634 7
3635 6
3636 5
3637 5
3638 4
3639 2
3640 3
3641 1
3642 2
3643 2
3644 4
3645 3
3646 3
3647 2
3648 3
3649 3
3650 1
3651 1
3652 4
3653 4
3654 4
3655 4
3656 3
3657 2
3658 4
3659 3
3660 3
3661 1
3662 1
3663 3
3664 2
3665 3
3666 2
3667 1
3668 2
3669 3
3670 1
3671 4
3672 3
3673 3
3674 0
3675 2
3676 2
3677 2
3678 3
3679 3
3680 1
3681 3
3682 5
3683 3
3684 4
3685 4
3686 1
3687 2
3688 2
3689 3
3690 1
3691 3
3692 4
3693 3
3694 3
3695 3
3696 3
3697 5
3698 3
3699 4
3700 6
3701 6
3702 4
3703 3
3704 0
3705 2
3706 2
3707 2
3708 2
3709 3
3710 2
3711 1
3712 5
3713 6
3714 6
3715 4
3716 4
3717 6
3718 3
3719 3
3720 2
3721 5
3722 4
3723 2
3724 1
3725 3
3726 1
3727 2
3728 2
3729 1
3730 5
3731 3
3732 3
3733 2
3734 2
3735 4
3736 3
3737 2
3738 3
3739 3
3740 2
3741 2
3742 3
3743 1
3744 2
3745 5
3746 4
3747 5
3748 6
3749 4
3750 4
3751 4
3752 7
3753 8
3754 8
3755 8
3756 7
3757 7
3758 6
3759 4
3760 3
3761 4
3762 5
3763 6
3764 7
3765 6
3766 7
3767 9
3768 9
3769 8
3770 7
3771 5
3772 7
3773 7
3774 6
3775 6
3776 5
3777 5
3778 5
3779 5
3780 5
3781 5
3782 6
3783 7
3784 7
3785 9
3786 9
3787 10
3788 12
3789 12
3790 11
3791 9
3792 10
3793 12
3794 10
3795 8
3796 9
3797 10
3798 10
3799 9
3800 9
3801 8
3802 7
3803 6
3804 6
3805 6
3806 6
3807 6
3808 3
3809 2
3810 2
3811 3
3812 5
3813 4
3814 4
3815 4
3816 5
3817 7
3818 5
3819 5
3820 5
3821 4
3822 5
3823 7
3824 8
3825 7
3826 6
3827 4
3828 3
3829 2
3830 4
3831 4
3832 5
3833 4
3834 4
3835 2
3836 1
3837 2
3838 1
3839 0
3840 2
3841 2
3842 3
3843 1
3844 1
3845 1
3846 3
3847 0
3848 1
3849 4
3850 6
3851 6
3852 7
3853 6
3854 3
3855 3
3856 3
3857 1
3858 3
3859 5
3860 5
3861 5
3862 5
3863 3
3864 3
3865 3
3866 2
3867 3
3868 3
3869 3
3870 1
3871 3
3872 4
3873 5
3874 3
3875 3
3876 3
3877 3
3878 3
3879 1
3880 0
3881 3
3882 4
3883 1
3884 2
3885 2
3886 1
3887 3
3888 3
3889 3
3890 4
3891 3
3892 2
3893 3
3894 4
3895 5
3896 3
3897 2
3898 3
3899 2
3900 3
3901 2
3902 2
3903 2
3904 3
3905 4
3906 3
3907 3
3908 2
3909 3
3910 3
3911 3
3912 1
3913 2
3914 5
3915 5
3916 5
3917 4
3918 3
3919 3
3920 3
3921 3
3922 1
3923 1
3924 1
3925 1
3926 1
3927 2
3928 1
3929 2
3930 1
3931 2
3932 1
3933 2
3934 4
3935 3
3936 1
3937 1
3938 2
3939 3
3940 4
3941 3
3942 3
3943 1
3944 5
3945 5
3946 3
3947 2
3948 3
3949 2
3950 4
3951 2
3952 1
3953 1
3954 1
3955 5
3956 3
3957 2
3958 4
3959 4
3960 4
3961 6
3962 5
3963 6
3964 5
3965 4
3966 3
3967 4
3968 4
3969 5
3970 6
3971 5
3972 4
3973 2
3974 3
3975 1
3976 2
3977 2
3978 2
3979 2
3980 3
3981 3
3982 1
3983 5
3984 6
3985 6
3986 5
3987 5
3988 4
3989 3
3990 1
3991 4
3992 5
3993 6
3994 9
3995 9
3996 8
3997 6
3998 8
3999 7
4000 8
4001 7
4002 7
4003 7
4004 5
4005 5
4006 2
4007 4
4008 6
4009 6
4010 5
4011 5
4012 6
4013 7
4014 7
4015 7
4016 6
4017 4
4018 3
4019 4
4020 5
4021 4
4022 5
4023 4
4024 4
4025 4
4026 3
4027 5
4028 5
4029 4
4030 9
4031 10
4032 9
4033 7
4034 8
4035 8
4036 8
4037 7
4038 7
4039 8
4040 8
4041 10
4042 11
4043 11
4044 12
4045 12
4046 11
4047 8
4048 10
4049 8
4050 7
4051 6
4052 4
4053 4
4054 1
4055 2
4056 2
4057 4
4058 6
4059 5
4060 3
4061 1
4062 4
4063 3
4064 4
4065 6
4066 7
4067 8
4068 7
4069 4
4070 4
4071 4
4072 3
4073 2
4074 4
4075 4
4076 3
4077 3
4078 5
4079 7
4080 5
4081 6
4082 5
4083 5
4084 4
4085 3
4086 2
4087 3
4088 2
4089 4
4090 3
4091 4
4092 4
4093 3
4094 1
4095 3
4096 2
4097 2
4098 3
4099 4
4100 4
4101 6
4102 6
4103 6
4104 5
4105 5
4106 3
4107 2
4108 1
4109 3
4110 2
4111 2
4112 5
4113 6
4114 4
4115 3
4116 4
4117 3
4118 3
4119 5
4120 2
4121 1
4122 1
4123 5
4124 4
4125 5
4126 4
4127 3
4128 3
4129 3
4130 4
4131 6
4132 5
4133 2
4134 2
4135 4
4136 5
4137 4
4138 4
4139 4
4140 3
4141 3
4142 3
4143 5
4144 5
4145 2
4146 2
4147 3
4148 2
4149 4
4150 4
4151 4
4152 4
4153 4
4154 1
4155 2
4156 3
4157 2
4158 0
4159 3
4160 2
4161 3
4162 2
4163 3
4164 4
4165 5
4166 3
4167 2
4168 2
4169 4
4170 6
4171 5
4172 5
4173 5
4174 6
4175 3
4176 3
4177 3
4178 4
4179 5
4180 6
4181 5
4182 8
4183 7
4184 6
4185 6
4186 8
4187 6
4188 4
4189 3
4190 1
4191 2
4192 4
4193 5
4194 4
4195 4
4196 3
4197 2
4198 2
4199 2
4200 1
4201 4
4202 5
4203 3
4204 4
4205 3
4206 3
4207 2
4208 4
4209 4
4210 4
4211 3
4212 3
4213 2
4214 4
4215 5
4216 4
4217 4
4218 5
4219 4
4220 3
4221 3
4222 6
4223 9
4224 10
4225 11
4226 12
4227 11
4228 10
4229 11
4230 12
4231 11
4232 9
4233 10
4234 9
4235 8
4236 5
4237 6
4238 8
4239 8
4240 8
4241 8
4242 8
4243 7
4244 9
4245 7
4246 6
4247 4
4248 3
4249 2
4250 3
4251 2
4252 1
4253 6
4254 5
4255 2
4256 2
4257 1
4258 3
4259 2
4260 1
4261 1
4262 1
4263 3
4264 1
4265 3
4266 2
4267 1
4268 4
4269 1
4270 3
4271 5
4272 6
4273 6
4274 4
4275 3
4276 1
4277 4
4278 6
4279 7
4280 6
4281 7
4282 5
4283 4
4284 3
4285 2
4286 2
4287 3
4288 4
4289 2
4290 5
4291 4
4292 4
4293 2
4294 2
4295 3
4296 2
4297 3
4298 2
4299 1
4300 1
4301 4
4302 5
4303 2
4304 2
4305 2
4306 4
4307 5
4308 4
4309 5
4310 3
4311 2
4312 3
4313 0
4314 4
4315 4
4316 4
4317 4
4318 1
4319 2
4320 6
4321 5
4322 5
4323 2
4324 3
4325 2
4326 4
4327 3
4328 2
4329 2
4330 1
4331 3
4332 2
4333 1
4334 3
4335 2
4336 2
4337 2
4338 4
4339 6
4340 4
4341 5
4342 5
4343 7
4344 6
4345 5
4346 3
4347 3
4348 5
4349 5
4350 5
4351 3
4352 1
4353 3
4354 2
4355 3
4356 2
4357 4
4358 3
4359 2
4360 4
4361 4
4362 4
4363 3
4364 5
4365 3
4366 3
4367 2
4368 1
4369 2
4370 4
4371 2
4372 4
4373 4
4374 4
4375 2
4376 6
4377 5
4378 7
4379 9
4380 8
4381 7
4382 7
4383 9
4384 10
4385 8
4386 7
4387 5
4388 4
4389 2
4390 1
4391 4
4392 2
4393 3
4394 2
4395 0
4396 1
4397 4
4398 4
4399 5
4400 6
4401 5
4402 4
4403 3
4404 3
4405 3
4406 4
4407 3
4408 7
4409 9
4410 7
4411 4
4412 6
4413 4
4414 5
4415 4
4416 3
4417 2
4418 4
4419 3
4420 3
4421 4
4422 3
4423 5
4424 6
4425 5
4426 6
4427 6
4428 7
4429 6
4430 6
4431 8
4432 9
4433 6
4434 7
4435 7
4436 9
4437 9
4438 9
4439 8
4440 7
4441 4
4442 7
4443 7
4444 6
4445 5
4446 6
4447 5
4448 2
4449 2
4450 4
4451 2
4452 2
4453 4
4454 4
4455 3
4456 5
4457 6
4458 6
4459 6
4460 5
4461 4
4462 7
4463 4
4464 3
4465 4
4466 3
4467 3
4468 3
4469 1
4470 0
4471 2
4472 1
4473 0
4474 3
4475 0
4476 2
4477 3
4478 3
4479 3
4480 5
4481 3
4482 1
4483 1
4484 4
4485 4
4486 2
4487 2
4488 0
4489 2
4490 4
4491 3
4492 4
4493 6
4494 6
4495 5
4496 4
4497 3
4498 0
4499 3
4500 3
4501 0
4502 4
4503 3
4504 3
4505 6
4506 8
4507 8
4508 9
4509 11
4510 13
4511 13
4512 14
4513 15
4514 12
4515 12
4516 11
4517 13
4518 12
4519 10
4520 10
4521 10
4522 9
4523 8
4524 8
4525 9
4526 8
4527 7
4528 5
4529 6
4530 5
4531 7
4532 7
4533 8
4534 8
4535 5
4536 3
4537 5
4538 3
4539 1
4540 4
4541 4
4542 4
4543 4
4544 5
4545 5
4546 6
4547 6
4548 5
4549 6
4550 7
4551 6
4552 5
4553 5
4554 4
4555 6
4556 6
4557 5
4558 8
4559 6
4560 5
4561 2
4562 3
4563 5
4564 3
4565 3
4566 4
4567 4
4568 6
4569 5
4570 5
4571 6
4572 3
4573 2
4574 5
4575 3
4576 2
4577 0
4578 2
4579 2
4580 2
4581 6
4582 6
4583 6
4584 9
4585 7
4586 7
4587 7
4588 7
4589 4
4590 4
4591 3
4592 5
4593 5
4594 3
4595 2
4596 4
4597 3
4598 2
4599 3
4600 2
4601 1
4602 4
4603 4
4604 6
4605 3
4606 3
4607 3
4608 2
4609 2
4610 5
4611 4
4612 2
4613 0
4614 4
4615 5
4616 7
4617 5
4618 5
4619 3
4620 2
4621 2
4622 4
4623 3
4624 1
4625 3
4626 2
4627 1
4628 3
4629 2
4630 2
4631 3
4632 5
4633 3
4634 2
4635 1
4636 2
4637 3
4638 2
4639 6
4640 7
4641 5
4642 3
4643 2
4644 1
4645 3
4646 0
4647 4
4648 3
4649 3
4650 1
4651 3
4652 3
4653 4
4654 3
4655 2
4656 1
4657 3
4658 2
4659 4
4660 4
4661 4
4662 5
4663 5
4664 6
4665 6
4666 4
4667 6
4668 6
4669 11
4670 10
4671 9
4672 11
4673 14
4674 14
4675 14
4676 13
4677 12
4678 11
4679 11
4680 9
4681 9
4682 9
4683 8
4684 8
4685 7
4686 8
4687 10
4688 7
4689 8
4690 7
4691 9
4692 8
4693 9
4694 11
4695 13
4696 13
4697 12
4698 12
4699 9
4700 8
4701 7
4702 8
4703 8
4704 9
4705 11
4706 11
4707 11
4708 12
4709 13
4710 12
4711 13
4712 14
4713 14
4714 16
4715 13
4716 12
4717 12
4718 11
4719 10
4720 14
4721 14
4722 14
4723 12
4724 11
4725 10
4726 8
4727 8
4728 6
4729 7
4730 8
4731 7
4732 6
4733 6
4734 6
4735 8
4736 6
4737 6
4738 5
4739 4
4740 4
4741 4
4742 5
4743 6
4744 6
4745 9
4746 9
4747 7
4748 8
4749 7
4750 6
4751 8
4752 7
4753 6
4754 5
4755 4
4756 2
4757 1
4758 2
4759 3
4760 3
4761 4
4762 3
4763 4
4764 2
4765 3
4766 3
4767 3
4768 3
4769 2
4770 3
4771 5
4772 6
4773 7
4774 6
4775 5
4776 5
4777 6
4778 5
4779 4
4780 2
4781 3
4782 4
4783 2
4784 4
4785 4
4786 3
4787 2
4788 4
4789 4
4790 3
4791 4
4792 3
4793 4
4794 2
4795 0
4796 2
4797 3
4798 2
4799 0
4800 4
4801 1
4802 3
4803 1
4804 3
4805 2
4806 1
4807 3
4808 3
4809 1
4810 1
4811 2
4812 3
4813 2
4814 3
4815 2
4816 4
4817 4
4818 4
4819 3
4820 1
4821 1
4822 3
4823 3
4824 0
4825 3
4826 3
4827 2
4828 4
4829 5
4830 6
4831 7
4832 7
4833 7
4834 7
4835 6
4836 5
4837 4
4838 4
4839 3
4840 3
4841 4
4842 2
4843 3
4844 2
4845 4
4846 5
4847 5
4848 5
4849 7
4850 5
4851 5
4852 3
4853 0
4854 4
4855 5
4856 3
4857 3
4858 2
4859 5
4860 6
4861 6
4862 5
4863 4
4864 2
4865 2
4866 2
4867 2
4868 1
4869 1
4870 4
4871 3
4872 2
4873 4
4874 3
4875 3
4876 4
4877 4
4878 2
4879 4
4880 3
4881 2
4882 3
4883 4
4884 3
4885 6
4886 6
4887 7
4888 7
4889 9
4890 13
4891 12
4892 11
4893 11
4894 10
4895 9
4896 9
4897 8
4898 7
4899 6
4900 4
4901 3
4902 0
4903 1
4904 2
4905 2
4906 2
4907 4
4908 5
4909 5
4910 6
4911 5
4912 4
4913 3
4914 1
4915 4
4916 6
4917 8
4918 6
4919 7
4920 6
4921 6
4922 4
4923 2
4924 2
4925 2
4926 4
4927 3
4928 1
4929 4
4930 6
4931 5
4932 4
4933 3
4934 2
4935 1
4936 2
4937 3
4938 1
4939 2
4940 2
4941 1
4942 4
4943 4
4944 1
4945 2
4946 2
4947 3
4948 4
4949 4
4950 4
4951 5
4952 4
4953 4
4954 5
4955 5
4956 5
4957 5
4958 6
4959 4
4960 3
4961 2
4962 4
4963 5
4964 3
4965 7
4966 6
4967 5
4968 5
4969 4
4970 2
4971 2
4972 1
4973 2
4974 2
4975 2
4976 1
4977 3
4978 1
4979 1
4980 2
4981 3
4982 4
4983 3
4984 5
4985 5
4986 6
4987 6
4988 5
4989 6
4990 5
4991 5
4992 5
4993 4
4994 4
4995 4
4996 3
4997 2
4998 2
4999 3
5000 2
5001 2
5002 2
5003 1
5004 1
5005 5
5006 6
5007 4
5008 3
5009 3
5010 0
5011 4
5012 4
5013 4
5014 3
5015 2
5016 3
5017 5
5018 4
5019 4
5020 4
5021 6
5022 7
5023 8
5024 6
5025 6
5026 5
5027 6
5028 4
5029 4
5030 5
5031 6
5032 7
5033 7
5034 5
5035 7
5036 6
5037 9
5038 6
5039 5
5040 6
5041 7
5042 8
5043 10
5044 9
5045 8
5046 8
5047 7
5048 8
5049 7
5050 5
5051 8
5052 8
5053 7
5054 8
5055 7
5056 5
5057 3
5058 5
5059 6
5060 8
5061 9
5062 8
5063 8
5064 7
5065 8
5066 8
5067 7
5068 8
5069 8
5070 7
5071 9
5072 7
5073 6
5074 5
5075 4
5076 4
5077 4
5078 6
5079 5
5080 5
5081 10
5082 9
5083 8
5084 7
5085 7
5086 9
5087 8
5088 8
5089 9
5090 8
5091 8
5092 8
5093 9
5094 8
5095 5
5096 8
5097 8
5098 7
5099 8
5100 9
5101 9
5102 11
5103 8
5104 7
5105 5
5106 6
5107 5
5108 5
5109 5
5110 3
5111 5
5112 3
5113 5
5114 4
5115 4
5116 2
5117 2
5118 2
5119 2
5120 2
5121 0
5122 1
5123 3
5124 3
5125 3
5126 0
5127 3
5128 1
5129 5
5130 4
5131 4
5132 4
5133 4
5134 3
5135 2
5136 2
5137 2
5138 2
5139 1
5140 3
5141 3
5142 2
5143 4
5144 3
5145 3
5146 4
5147 3
5148 1
5149 3
5150 2
5151 3
5152 4
5153 5
5154 7
5155 6
5156 6
5157 5
5158 5
5159 5
5160 5
5161 6
5162 6
5163 7
5164 8
5165 7
5166 6
5167 6
5168 5
5169 6
5170 6
5171 6
5172 3
5173 3
5174 2
5175 3
5176 1
5177 1
5178 0
5179 4
5180 2
5181 3
5182 4
5183 4
5184 4
5185 3
5186 3
5187 1
5188 3
5189 4
5190 3
5191 3
5192 2
5193 4
5194 5
5195 4
5196 2
5197 4
5198 4
5199 4
5200 3
5201 2
5202 2
5203 3
5204 1
5205 2
5206 4
5207 4
5208 7
5209 8
5210 5
5211 4
5212 3
5213 1
5214 1
5215 3
5216 2
5217 0
5218 3
5219 4
5220 3
5221 3
5222 4
5223 5
5224 3
5225 3
5226 1
5227 4
5228 4
5229 2
5230 2
5231 2
5232 3
5233 3
5234 3
5235 2
5236 2
5237 2
5238 3
5239 3
5240 3
5241 4
5242 4
5243 4
5244 4
5245 4
5246 2
5247 5
5248 4
5249 3
5250 3
5251 4
5252 5
5253 4
5254 3
5255 2
5256 1
5257 3
5258 2
5259 1
5260 5
5261 2
5262 2
5263 1
5264 4
5265 2
5266 3
5267 4
5268 2
5269 4
5270 4
5271 2
5272 4
5273 1
5274 3
5275 3
5276 2
5277 1
5278 2
5279 3
5280 3
5281 4
5282 1
5283 3
5284 3
5285 2
5286 6
5287 7
5288 7
5289 6
5290 5
5291 3
5292 1
5293 2
5294 3
5295 2
5296 2
5297 4
5298 5
5299 5
5300 3
5301 2
5302 3
5303 3
5304 1
5305 3
5306 4
5307 3
5308 4
5309 5
5310 5
5311 4
5312 3
5313 5
5314 4
5315 5
5316 6
5317 6
5318 5
5319 3
5320 2
5321 3
5322 3
5323 4
5324 2
5325 5
5326 4
5327 5
5328 6
5329 6
5330 5
5331 4
5332 4
5333 5
5334 4
5335 2
5336 3
5337 4
5338 4
5339 4
5340 3
5341 1
5342 2
5343 1
5344 2
5345 4
5346 2
5347 2
5348 3
5349 3
5350 2
5351 2
5352 1
5353 4
5354 5
5355 5
5356 4
5357 4
5358 4
5359 1
5360 4
5361 4
5362 4
5363 2
5364 3
5365 3
5366 2
5367 1
5368 3
5369 2
5370 5
5371 4
5372 2
5373 4
5374 2
5375 2
5376 3
5377 1
5378 0
5379 1
5380 1
5381 3
5382 3
5383 3
5384 2
5385 3
5386 2
5387 4
5388 4
5389 2
5390 1
5391 3
5392 3
5393 2
5394 5
5395 4
5396 2
5397 1
5398 3
5399 5
5400 3
5401 2
5402 2
5403 5
5404 5
5405 5
5406 5
5407 4
5408 7
5409 8
5410 8
5411 7
5412 8
5413 7
5414 9
5415 11
5416 12
5417 11
5418 10
5419 8
5420 6
5421 4
5422 4
5423 2
5424 5
5425 7
5426 8
5427 6
5428 6
5429 7
5430 8
5431 9
5432 8
5433 7
5434 5
5435 6
5436 7
5437 6
5438 6
5439 7
5440 6
5441 6
5442 6
5443 6
5444 6
5445 6
5446 7
5447 8
5448 5
5449 3
5450 4
5451 3
5452 3
5453 2
5454 2
5455 1
5456 5
5457 6
5458 4
5459 4
5460 5
5461 3
5462 3
5463 3
5464 4
5465 8
5466 7
5467 7
5468 6
5469 8
5470 8
5471 8
5472 6
5473 5
5474 6
5475 7
5476 4
5477 3
5478 2
5479 0
5480 3
5481 3
5482 5
5483 4
5484 3
5485 1
5486 3
5487 3
5488 2
5489 4
5490 2
5491 3
5492 3
5493 1
5494 3
5495 4
5496 2
5497 5
5498 5
5499 6
5500 7
5501 6
5502 7
5503 7
5504 7
5505 7
5506 5
5507 4
5508 3
5509 4
5510 5
5511 6
5512 6
5513 6
5514 6
5515 9
5516 8
5517 8
5518 9
5519 8
5520 8
5521 8
5522 8
5523 9
5524 9
5525 8
5526 8
5527 8
5528 7
5529 6
5530 5
5531 4
5532 4
5533 4
5534 5
5535 5
5536 6
5537 8
5538 9
5539 8
5540 6
5541 4
5542 4
5543 2
5544 2
5545 3
5546 1
5547 3
5548 2
5549 1
5550 3
5551 4
5552 4
5553 5
5554 2
5555 2
5556 3
5557 4
5558 3
5559 1
5560 1
5561 1
5562 1
5563 2
5564 2
5565 1
5566 4
5567 2
5568 1
5569 3
5570 3
5571 4
5572 3
5573 2
5574 1
5575 2
5576 5
5577 5
5578 3
5579 1
5580 3
5581 4
5582 3
5583 1
5584 4
5585 3
5586 3
5587 4
5588 4
5589 2
5590 4
5591 3
5592 4
5593 5
5594 4
5595 4
5596 2
5597 3
5598 1
5599 2
5600 2
5601 2
5602 2
5603 6
5604 5
5605 4
5606 7
5607 5
5608 5
5609 3
5610 3
5611 2
5612 3
5613 6
5614 6
5615 5
5616 6
5617 8
5618 7
5619 5
5620 3
5621 4
5622 7
5623 6
5624 7
5625 6
5626 4
5627 5
5628 5
5629 6
5630 6
5631 5
5632 5
5633 3
5634 3
5635 3
5636 4
5637 6
5638 6
5639 5
5640 6
5641 5
5642 5
5643 3
5644 3
5645 3
5646 3
5647 3
5648 0
5649 2
5650 3
5651 3
5652 2
5653 2
5654 2
5655 1
5656 3
5657 3
5658 7
5659 9
5660 10
5661 8
5662 7
5663 6
5664 7
5665 8
5666 8
5667 7
5668 8
5669 7
5670 7
5671 7
5672 8
5673 8
5674 5
5675 5
5676 3
5677 3
5678 4
5679 4
5680 5
5681 5
5682 4
5683 2
5684 2
5685 0
5686 2
5687 3
5688 2
5689 6
5690 7
5691 8
5692 7
5693 5
5694 7
5695 7
5696 6
5697 6
5698 6
5699 5
5700 3
5701 1
5702 4
5703 4
5704 5
5705 4
5706 2
5707 1
5708 1
5709 3
5710 6
5711 6
5712 6
5713 8
5714 8
5715 8
5716 8
5717 5
5718 5
5719 6
5720 4
5721 2
5722 1
5723 2
5724 2
5725 1
5726 4
5727 4
5728 2
5729 1
5730 4
5731 5
5732 6
5733 4
5734 3
5735 5
5736 6
5737 6
5738 6
5739 4
5740 3
5741 4
5742 7
5743 6
5744 4
5745 5
5746 5
5747 4
5748 4
5749 4
5750 2
5751 1
5752 2
5753 1
5754 2
5755 3
5756 2
5757 4
5758 4
5759 3
5760 3
5761 3
5762 3
5763 2
5764 1
5765 2
5766 2
5767 3
5768 4
5769 2
5770 3
5771 2
5772 2
5773 3
5774 1
5775 4
5776 1
5777 3
5778 4
5779 3
5780 2
5781 3
5782 3
5783 2
5784 4
5785 4
5786 4
5787 5
5788 3
5789 2
5790 4
5791 6
5792 6
5793 7
5794 6
5795 7
5796 7
5797 6
5798 4
5799 2
5800 3
5801 3
5802 4
5803 2
5804 1
5805 1
5806 2
5807 3
5808 3
5809 3
5810 3
5811 2
5812 0
5813 3
5814 1
5815 2
5816 3
5817 0
5818 1
5819 3
5820 1
5821 4
5822 2
5823 3
5824 4
5825 5
5826 5
5827 5
5828 5
5829 7
5830 7
5831 6
5832 6
5833 6
5834 7
5835 5
5836 5
5837 7
5838 6
5839 5
5840 8
5841 8
5842 11
5843 9
5844 9
5845 9
5846 10
5847 11
5848 11
5849 12
5850 12
5851 11
5852 14
5853 13
5854 14
5855 13
5856 14
5857 14
5858 15
5859 12
5860 12
5861 12
5862 10
5863 9
5864 10
5865 9
5866 10
5867 9
5868 8
5869 8
5870 8
5871 6
5872 6
5873 7
5874 4
5875 3
5876 3
5877 4
5878 3
5879 2
5880 2
5881 5
5882 7
5883 9
5884 9
5885 10
5886 12
5887 11
5888 12
5889 10
5890 9
5891 9
5892 7
5893 8
5894 8
5895 6
5896 9
5897 8
5898 8
5899 9
5900 8
5901 7
5902 8
5903 9
5904 7
5905 7
5906 7
5907 6
5908 6
5909 5
5910 4
5911 5
5912 5
5913 5
5914 5
5915 3
5916 2
5917 2
5918 2
5919 3
5920 3
5921 2
5922 1
5923 2
5924 1
5925 2
5926 1
5927 1
5928 2
5929 2
5930 4
5931 3
5932 2
5933 3
5934 1
5935 2
5936 2
5937 2
5938 1
5939 3
5940 1
5941 2
5942 3
5943 1
5944 3
5945 2
5946 3
5947 3
5948 4
5949 5
5950 7
5951 6
5952 5
5953 4
5954 3
5955 1
5956 1
5957 4
5958 6
5959 7
5960 4
5961 3
5962 3
5963 3
5964 5
5965 3
5966 2
5967 4
5968 3
5969 5
5970 4
5971 3
5972 4
5973 5
5974 5
5975 4
5976 4
5977 5
5978 4
5979 4
5980 3
5981 3
5982 2
5983 4
5984 7
5985 8
5986 6
5987 6
5988 5
5989 7
5990 6
5991 5
5992 3
5993 1
5994 2
5995 2
5996 3
5997 1
5998 2
5999 3
6000 0
6001 2
6002 1
6003 1
6004 2
6005 2
6006 2
6007 5
6008 5
6009 3
6010 3
6011 3
6012 1
6013 4
6014 6
6015 4
6016 3
6017 1
6018 0
6019 1
6020 1
6021 1
6022 2
6023 3
6024 3
6025 2
6026 1
6027 2
6028 3
6029 3
6030 1
6031 3
6032 2
6033 2
6034 1
6035 5
6036 2
6037 1
6038 5
6039 2
6040 3
6041 2
6042 3
6043 1
6044 2
6045 1
6046 3
6047 4
6048 6
6049 6
6050 8
6051 10
6052 8
6053 8
6054 6
6055 6
6056 6
6057 6
6058 7
6059 6
6060 4
6061 1
6062 1
6063 0
6064 1
6065 0
6066 2
6067 2
6068 3
6069 1
6070 1
6071 1
6072 2
6073 3
6074 3
6075 2
6076 3
6077 4
6078 6
6079 4
6080 3
6081 4
6082 2
6083 1
6084 4
6085 5
6086 2
6087 2
6088 2
6089 5
6090 3
6091 2
6092 4
6093 1
6094 2
6095 3
6096 3
6097 0
6098 2
6099 2
6100 1
6101 1
6102 5
6103 2
6104 2
6105 4
6106 6
6107 7
6108 9
6109 7
6110 6
6111 6
6112 4
6113 5
6114 3
6115 3
6116 5
6117 5
6118 4
6119 3
6120 4
6121 4
6122 4
6123 3
6124 3
6125 3
6126 5
6127 5
6128 2
6129 2
6130 3
6131 4
6132 2
6133 2
6134 1
6135 2
6136 4
6137 3
6138 1
6139 2
6140 2
6141 2
6142 2
6143 3
6144 2
6145 2
6146 4
6147 4
6148 4
6149 5
6150 6
6151 8
6152 8
6153 6
6154 5
6155 5
6156 4
6157 2
6158 2
6159 2
6160 1
6161 2
6162 3
6163 2
6164 3
6165 4
6166 1
6167 3
6168 1
6169 3
6170 4
6171 1
6172 6
6173 6
6174 5
6175 3
6176 3
6177 3
6178 1
6179 2
6180 1
6181 3
6182 2
6183 2
6184 4
6185 2
6186 1
6187 3
6188 0
6189 4
6190 1
6191 2
6192 1
6193 5
6194 5
6195 6
6196 5
6197 5
6198 6
6199 7
6200 8
6201 9
6202 8
6203 11
6204 14
6205 15
6206 12
6207 10
6208 11
6209 12
6210 10
6211 9
6212 9
6213 10
6214 8
6215 9
6216 8
6217 7
6218 7
6219 6
6220 7
6221 6
6222 4
6223 4
6224 3
6225 0
6226 2
6227 2
6228 5
6229 3
6230 1
6231 3
6232 2
6233 1
6234 6
6235 6
6236 6
6237 7
6238 7
6239 9
6240 8
6241 7
6242 5
6243 7
6244 8
6245 7
6246 6
6247 3
6248 0
6249 3
6250 3
6251 4
6252 4
6253 5
6254 4
6255 2
6256 3
6257 3
6258 4
6259 3
6260 3
6261 3
6262 2
6263 4
6264 2
6265 4
6266 1
6267 1
6268 2
6269 3
6270 3
6271 1
6272 4
6273 4
6274 2
6275 4
6276 3
6277 4
6278 4
6279 3
6280 3
6281 4
6282 4
6283 3
6284 1
6285 1
6286 4
6287 4
6288 3
6289 2
6290 2
6291 2
6292 7
6293 6
6294 7
6295 7
6296 8
6297 8
6298 9
6299 8
6300 8
6301 9
6302 9
6303 7
6304 7
6305 7
6306 8
6307 8
6308 7
6309 5
6310 3
6311 4
6312 6
6313 7
6314 6
6315 6
6316 6
6317 8
6318 8
6319 7
6320 5
6321 6
6322 6
6323 4
6324 1
6325 0
6326 1
6327 2
6328 4
6329 4
6330 3
6331 1
6332 4
6333 3
6334 5
6335 5
6336 6
6337 6
6338 6
6339 6
6340 7
6341 5
6342 7
6343 9
6344 7
6345 9
6346 10
6347 11
6348 11
6349 12
6350 10
6351 11
6352 11
6353 9
6354 8
6355 8
6356 9
6357 8
6358 8
6359 8
6360 8
6361 7
6362 7
6363 7
6364 5
6365 5
6366 5
6367 9
6368 9
6369 8
6370 8
6371 7
6372 4
6373 3
6374 1
6375 0
6376 4
6377 6
6378 4
6379 2
6380 3
6381 3
6382 5
6383 4
6384 5
6385 6
6386 6
6387 7
6388 7
6389 6
6390 7
6391 8
6392 7
6393 6
6394 6
6395 6
6396 5
6397 7
6398 7
6399 6
6400 6
6401 3
6402 3
6403 2
6404 3
6405 4
6406 4
6407 4
6408 2
6409 2
6410 3
6411 2
6412 5
6413 6
6414 6
6415 6
6416 6
6417 6
6418 8
6419 9
6420 7
6421 8
6422 7
6423 6
6424 5
6425 5
6426 6
6427 6
6428 5
6429 5
6430 7
6431 6
6432 6
6433 5
6434 5
6435 4
6436 5
6437 4
6438 4
6439 6
6440 4
6441 5
6442 6
6443 7
6444 7
6445 8
6446 8
6447 9
6448 8
6449 10
6450 9
6451 8
6452 7
6453 8
6454 6
6455 6
6456 6
6457 5
6458 5
6459 4
6460 3
6461 3
6462 3
6463 4
6464 5
6465 3
6466 3
6467 3
6468 3
6469 2
6470 2
6471 6
6472 4
6473 4
6474 6
6475 5
6476 5
6477 8
6478 8
6479 8
6480 6
6481 4
6482 2
6483 2
6484 3
6485 3
6486 4
6487 4
6488 4
6489 3
6490 3
6491 5
6492 4
6493 5
6494 6
6495 7
6496 5
6497 4
6498 3
6499 6
6500 6
6501 5
6502 4
6503 2
6504 4
6505 5
6506 5
6507 5
6508 5
6509 6
6510 6
6511 6
6512 5
6513 6
6514 4
6515 3
6516 3
6517 1
6518 1
6519 3
6520 2
6521 3
6522 4
6523 5
6524 4
6525 4
6526 2
6527 4
6528 2
6529 1
6530 2
6531 2
6532 3
6533 1
6534 2
6535 1
6536 2
6537 3
6538 5
6539 3
6540 3
6541 4
6542 1
6543 3
6544 2
6545 1
6546 3
6547 3
6548 2
6549 2
6550 3
6551 5
6552 3
6553 1
6554 5
6555 5
6556 5
6557 4
6558 2
6559 3
6560 2
6561 0
6562 2
6563 4
6564 3
6565 1
6566 3
6567 3
6568 0
6569 2
6570 1
6571 2
6572 3
6573 3
6574 1
6575 3
6576 5
6577 4
6578 2
6579 3
6580 3
6581 1
6582 3
6583 0
6584 5
6585 5
6586 4
6587 6
6588 7
6589 8
6590 7
6591 5
6592 4
6593 4
6594 6
6595 5
6596 4
6597 2
6598 2
6599 3
6600 4
6601 4
6602 3
6603 4
6604 6
6605 6
6606 5
6607 6
6608 7
6609 6
6610 4
6611 3
6612 2
6613 3
6614 3
6615 1
6616 1
6617 5
6618 4
6619 2
6620 6
6621 8
6622 8
6623 6
6624 9
6625 11
6626 11
6627 11
6628 10
6629 10
6630 10
6631 9
6632 11
6633 12
6634 12
6635 13
6636 13
6637 14
6638 15
6639 12
6640 12
6641 11
6642 10
6643 13
6644 12
6645 13
6646 12
6647 12
6648 12
6649 14
6650 11
6651 9
6652 8
6653 7
6654 8
6655 10
6656 10
6657 11
6658 11
6659 10
6660 9
6661 9
6662 9
6663 10
6664 7
6665 8
6666 6
6667 6
6668 7
6669 8
6670 9
6671 8
6672 8
6673 8
6674 8
6675 7
6676 6
6677 4
6678 5
6679 6
6680 5
6681 5
6682 6
6683 6
6684 6
6685 4
6686 2
6687 2
6688 1
6689 1
6690 2
6691 3
6692 4
6693 5
6694 4
6695 2
6696 1
6697 3
6698 3
6699 0
6700 4
6701 5
6702 3
6703 2
6704 3
6705 2
6706 2
6707 1
6708 3
6709 1
6710 3
6711 2
6712 1
6713 3
6714 2
6715 1
6716 0
6717 2
6718 3
6719 1
6720 5
6721 2
6722 1
6723 1
6724 2
6725 2
6726 1
6727 3
6728 3
6729 3
6730 4
6731 5
6732 4
6733 4
6734 6
6735 6
6736 5
6737 4
6738 3
6739 3
6740 6
6741 7
6742 7
6743 5
6744 7
6745 7
6746 7
6747 8
6748 10
6749 9
6750 9
6751 11
6752 13
6753 11
6754 10
6755 8
6756 7
6757 5
6758 4
6759 1
6760 4
6761 5
6762 4
6763 2
6764 3
6765 4
6766 4
6767 4
6768 3
6769 4
6770 3
6771 2
6772 2
6773 3
6774 4
6775 5
6776 8
6777 6
6778 6
6779 4
6780 4
6781 3
6782 4
6783 3
6784 4
6785 3
6786 2
6787 4
6788 4
6789 5
6790 4
6791 4
6792 5
6793 6
6794 7
6795 7
6796 6
6797 5
6798 3
6799 5
6800 8
6801 8
6802 6
6803 6
6804 4
6805 4
6806 2
6807 4
6808 2
6809 6
6810 6
6811 7
6812 4
6813 3
6814 2
6815 2
6816 4
6817 2
6818 1
6819 1
6820 3
6821 2
6822 1
6823 1
6824 4
6825 6
6826 6
6827 7
6828 5
6829 5
6830 4
6831 5
6832 3
6833 3
6834 3
6835 3
6836 1
6837 4
6838 5
6839 5
6840 4
6841 3
6842 1
6843 4
6844 4
6845 2
6846 3
6847 5
6848 7
6849 7
6850 6
6851 4
6852 3
6853 3
6854 3
6855 3
6856 4
6857 5
6858 5
6859 5
6860 7
6861 6
6862 5
6863 3
6864 2
6865 2
6866 4
6867 2
6868 1
6869 5
6870 5
6871 4
6872 5
6873 3
6874 2
6875 2
6876 1
6877 0
6878 2
6879 2
6880 2
6881 2
6882 3
6883 3
6884 2
6885 3
6886 2
6887 4
6888 6
6889 4
6890 2
6891 3
6892 1
6893 0
6894 1
6895 2
6896 3
6897 3
6898 3
6899 0
6900 2
6901 3
6902 2
6903 1
6904 2
6905 1
6906 0
6907 1
6908 3
6909 4
6910 1
6911 4
6912 5
6913 5
6914 3
6915 1
6916 1
6917 2
6918 2
6919 2
6920 4
6921 4
6922 5
6923 7
6924 7
6925 8
6926 9
6927 8
6928 7
6929 6
6930 6
6931 6
6932 6
6933 7
6934 8
6935 8
6936 9
6937 7
6938 5
6939 5
6940 5
6941 3
6942 3
6943 2
6944 4
6945 4
6946 3
6947 1
6948 3
6949 0
6950 4
6951 3
6952 1
6953 3
6954 4
6955 4
6956 3
6957 3
6958 3
6959 4
6960 5
6961 5
6962 3
6963 3
6964 2
6965 1
6966 3
6967 2
6968 1
6969 2
6970 3
6971 4
6972 4
6973 3
6974 2
6975 4
6976 1
6977 2
6978 3
6979 3
6980 2
6981 3
6982 3
6983 2
6984 2
6985 1
6986 2
6987 3
6988 4
6989 2
6990 3
6991 2
6992 4
6993 3
6994 1
6995 3
6996 0
6997 3
6998 3
6999 4
7000 4
7001 4
7002 3
7003 2
7004 4
7005 3
7006 2
7007 3
7008 1
7009 4
7010 2
7011 2
7012 6
7013 7
7014 5
7015 4
7016 5
7017 5
7018 4
7019 3
7020 1
7021 4
7022 4
7023 5
7024 3
7025 0
7026 3
7027 0
7028 4
7029 4
7030 3
7031 0
7032 4
7033 5
7034 3
7035 4
7036 4
7037 2
7038 4
7039 6
7040 6
7041 8
7042 7
7043 6
7044 7
7045 6
7046 4
7047 4
7048 4
7049 4
7050 3
7051 2
7052 5
7053 4
7054 3
7055 4
7056 2
7057 7
7058 7
7059 4
7060 4
7061 2
7062 2
7063 3
7064 3
7065 2
7066 4
7067 2
7068 4
7069 3
7070 3
7071 1
7072 4
7073 3
7074 2
7075 4
7076 4
7077 2
7078 0
7079 1
7080 1
7081 1
7082 2
7083 5
7084 4
7085 4
7086 3
7087 1
7088 4
7089 5
7090 3
7091 4
7092 3
7093 2
7094 5
7095 6
7096 6
7097 6
7098 4
7099 7
7100 8
7101 5
7102 4
7103 2
7104 2
7105 2
7106 1
7107 1
7108 0
7109 4
7110 2
7111 2
7112 5
7113 3
7114 3
7115 4
7116 5
7117 7
7118 9
7119 9
7120 12
7121 11
7122 12
7123 13
7124 13
7125 12
7126 12
7127 14
7128 14
7129 15
7130 12
7131 12
7132 11
7133 10
7134 8
7135 8
7136 9
7137 8
7138 5
7139 4
7140 2
7141 2
7142 1
7143 2
7144 4
7145 5
7146 6
7147 5
7148 4
7149 4
7150 5
7151 4
7152 7
7153 6
7154 5
7155 4
7156 3
7157 3
7158 3
7159 1
7160 3
7161 2
7162 0
7163 3
7164 1
7165 1
7166 2
7167 2
7168 3
7169 5
7170 3
7171 1
7172 4
7173 5
7174 5
7175 4
7176 4
7177 4
7178 4
7179 4
7180 5
7181 4
7182 4
7183 3
7184 4
7185 2
7186 3
7187 1
7188 1
7189 2
7190 4
7191 2
7192 0
7193 2
7194 2
7195 5
7196 6
7197 7
7198 7
7199 8
7200 7
7201 5
7202 8
7203 7
7204 7
7205 6
7206 6
7207 6
7208 6
7209 9
7210 8
7211 7
7212 5
7213 4
7214 2
7215 5
7216 3
7217 2
7218 3
7219 5
7220 5
7221 4
7222 2
7223 1
7224 1
7225 3
7226 5
7227 4
7228 3
7229 2
7230 4
7231 3
7232 3
7233 1
7234 2
7235 1
7236 2
7237 2
7238 4
7239 4
7240 5
7241 4
7242 3
7243 4
7244 4
7245 4
7246 4
7247 3
7248 4
7249 2
7250 3
7251 5
7252 5
7253 5
7254 3
7255 2
7256 1
7257 0
7258 3
7259 4
7260 4
7261 5
7262 4
7263 5
7264 7
7265 9
7266 6
7267 6
7268 6
7269 9
7270 7
7271 7
7272 7
7273 7
7274 6
7275 7
7276 7
7277 6
7278 5
7279 5
7280 4
7281 4
7282 2
7283 2
7284 3
7285 3
7286 3
7287 1
7288 0
7289 1
7290 1
7291 1
7292 4
7293 2
7294 2
7295 2
7296 5
7297 2
7298 2
7299 3
7300 1
7301 2
7302 1
7303 2
7304 3
7305 3
7306 5
7307 3
7308 2
7309 2
7310 2
7311 2
7312 3
7313 3
7314 3
7315 5
7316 3
7317 3
7318 3
7319 3
7320 2
7321 2
7322 5
7323 6
7324 6
7325 6
7326 7
7327 5
7328 5
7329 4
7330 4
7331 3
7332 4
7333 4
7334 2
7335 3
7336 2
7337 1
7338 1
7339 2
7340 1
7341 2
7342 5
7343 4
7344 3
7345 2
7346 2
7347 5
7348 4
7349 3
7350 4
7351 6
7352 4
7353 5
7354 4
7355 4
7356 4
7357 5
7358 5
7359 2
7360 4
7361 5
7362 5
7363 5
7364 4
7365 2
7366 1
7367 2
7368 5
7369 4
7370 3
7371 5
7372 5
7373 5
7374 4
7375 4
7376 7
7377 10
7378 11
7379 12
7380 11
7381 11
7382 9
7383 7
7384 10
7385 7
7386 5
7387 5
7388 6
7389 6
7390 5
7391 7
7392 7
7393 6
7394 6
7395 6
7396 4
7397 4
7398 5
7399 7
7400 7
7401 7
7402 8
7403 8
7404 8
7405 9
7406 8
7407 7
7408 5
7409 6
7410 6
7411 6
7412 5
7413 6
7414 6
7415 6
7416 4
7417 2
7418 3
7419 5
7420 5
7421 4
7422 2
7423 2
7424 3
7425 1
7426 3
7427 3
7428 3
7429 3
7430 3
7431 2
7432 2
7433 2
7434 3
7435 5
7436 5
7437 4
7438 3
7439 3
7440 4
7441 4
7442 4
7443 2
7444 1
7445 4
7446 4
7447 3
7448 4
7449 4
7450 5
7451 4
7452 3
7453 0
7454 1
7455 5
7456 3
7457 0
7458 1
7459 3
7460 4
7461 1
7462 2
7463 2
7464 2
7465 3
7466 3
7467 2
7468 3
7469 1
7470 3
7471 3
7472 1
7473 4
7474 4
7475 5
7476 6
7477 4
7478 4
7479 2
7480 2
7481 2
7482 1
7483 3
7484 3
7485 3
7486 5
7487 5
7488 2
7489 2
7490 1
7491 0
7492 3
7493 1
7494 3
7495 3
7496 3
7497 3
7498 0
7499 2
7500 1
7501 5
7502 5
7503 8
7504 8
7505 8
7506 7
7507 6
7508 7
7509 8
7510 7
7511 6
7512 4
7513 2
7514 4
7515 2
7516 4
7517 3
7518 2
7519 0
7520 3
7521 4
7522 3
7523 3
7524 2
7525 2
7526 3
7527 2
7528 3
7529 2
7530 3
7531 2
7532 2
7533 3
7534 3
7535 1
7536 2
7537 3
7538 2
7539 1
7540 3
7541 3
7542 1
7543 1
7544 3
7545 3
7546 6
7547 6
7548 7
7549 8
7550 7
7551 6
7552 6
7553 5
7554 4
7555 3
7556 3
7557 4
7558 3
7559 3
7560 1
7561 2
7562 6
7563 6
7564 9
7565 9
7566 8
7567 11
7568 10
7569 8
7570 6
7571 6
7572 6
7573 7
7574 4
7575 2
7576 3
7577 2
7578 5
7579 5
7580 5
7581 5
7582 4
7583 3
7584 0
7585 2
7586 3
7587 1
7588 3
7589 3
7590 3
7591 3
7592 1
7593 1
7594 1
7595 3
7596 2
7597 1
7598 3
7599 5
7600 4
7601 2
7602 1
7603 1
7604 2
7605 0
7606 3
7607 1
7608 2
7609 2
7610 3
7611 3
7612 2
7613 3
7614 4
7615 2
7616 1
7617 3
7618 4
7619 4
7620 5
7621 5
7622 2
7623 2
7624 5
7625 4
7626 3
7627 1
7628 3
7629 3
7630 1
7631 4
7632 3
7633 3
7634 4
7635 3
7636 5
7637 6
7638 6
7639 4
7640 4
7641 4
7642 4
7643 1
7644 3
7645 2
7646 1
7647 3
7648 3
7649 4
7650 2
7651 2
7652 3
7653 2
7654 4
7655 1
7656 3
7657 3
7658 4
7659 5
7660 6
7661 5
7662 4
7663 5
7664 4
7665 3
7666 3
7667 2
7668 3
7669 2
7670 1
7671 4
7672 2
7673 3
7674 4
7675 3
7676 3
7677 4
7678 4
7679 4
7680 5
7681 7
7682 8
7683 8
7684 8
7685 7
7686 5
7687 3
7688 4
7689 4
7690 3
7691 4
7692 3
7693 3
7694 5
7695 6
7696 4
7697 3
7698 4
7699 1
7700 2
7701 6
7702 6
7703 7
7704 9
7705 10
7706 8
7707 8
7708 8
7709 8
7710 9
7711 9
7712 9
7713 8
7714 9
7715 8
7716 7
7717 6
7718 6
7719 5
7720 4
7721 3
7722 3
7723 3
7724 0
7725 4
7726 5
7727 4
7728 5
7729 4
7730 2
7731 2
7732 4
7733 4
7734 3
7735 2
7736 1
7737 3
7738 3
7739 1
7740 2
7741 1
7742 4
7743 3
7744 3
7745 4
7746 3
7747 2
7748 2
7749 3
7750 1
7751 4
7752 6
7753 5
7754 7
7755 6
7756 4
7757 3
7758 2
7759 1
7760 4
7761 2
7762 2
7763 2
7764 2
7765 3
7766 5
7767 4
7768 5
7769 5
7770 4
7771 3
7772 3
7773 4
7774 5
7775 3
7776 2
7777 2
7778 2
7779 3
7780 3
7781 2
7782 3
7783 1
7784 5
7785 6
7786 6
7787 8
7788 8
7789 8
7790 8
7791 8
7792 8
7793 8
7794 9
7795 9
7796 7
7797 7
7798 5
7799 3
7800 2
7801 1
7802 5
7803 6
7804 7
7805 6
7806 5
7807 4
7808 1
7809 4
7810 6
7811 7
7812 5
7813 4
7814 4
7815 2
7816 2
7817 2
7818 3
7819 3
7820 2
7821 2
7822 1
7823 2
7824 2
7825 6
7826 7
7827 6
7828 8
7829 5
7830 2
7831 2
7832 1
7833 1
7834 3
7835 2
7836 4
7837 2
7838 2
7839 2
7840 2
7841 5
7842 6
7843 6
7844 4
7845 5
7846 6
7847 5
7848 5
7849 5
7850 5
7851 5
7852 3
7853 2
7854 1
7855 2
7856 4
7857 4
7858 6
7859 7
7860 7
7861 7
7862 6
7863 5
7864 6
7865 5
7866 5
7867 6
7868 7
7869 7
7870 4
7871 4
7872 5
7873 6
7874 5
7875 5
7876 5
7877 4
7878 4
7879 6
7880 8
7881 6
7882 8
7883 6
7884 5
7885 6
7886 7
7887 7
7888 7
7889 5
7890 2
7891 1
7892 1
7893 1
7894 2
7895 3
7896 1
7897 3
7898 1
7899 5
7900 6
7901 7
7902 6
7903 7
7904 7
7905 5
7906 5
7907 4
7908 4
7909 5
7910 6
7911 7
7912 9
7913 10
7914 8
7915 6
7916 5
7917 7
7918 6
7919 6
7920 5
7921 6
7922 5
7923 4
7924 3
7925 1
7926 1
7927 1
7928 3
7929 2
7930 3
7931 2
7932 2
7933 4
7934 3
7935 4
7936 3
7937 2
7938 2
7939 3
7940 5
7941 4
7942 2
7943 2
7944 2
7945 2
7946 2
7947 3
7948 3
7949 1
7950 1
7951 2
7952 3
7953 3
7954 2
7955 3
7956 2
7957 1
7958 2
7959 6
7960 6
7961 5
7962 5
7963 6
7964 4
7965 4
7966 3
7967 3
7968 4
7969 4
7970 5
7971 6
7972 7
7973 7
7974 9
7975 8
7976 8
7977 8
7978 9
7979 12
7980 11
7981 12
7982 12
7983 12
7984 12
7985 11
7986 11
7987 11
7988 11
7989 13
7990 11
7991 10
7992 8
7993 8
7994 7
7995 8
7996 10
7997 11
7998 11
7999 11
8000 12
8001 12
8002 14
8003 16
8004 13
8005 14
8006 15
8007 12
8008 9
8009 7
8010 8
8011 8
8012 8
8013 10
8014 10
8015 9
8016 10
8017 11
8018 9
8019 6
8020 8
8021 7
8022 7
8023 7
8024 8
8025 6
8026 6
8027 6
8028 5
8029 3
8030 3
8031 4
8032 3
8033 3
8034 3
8035 2
8036 1
8037 3
8038 4
8039 2
8040 4
8041 6
8042 6
8043 4
8044 5
8045 3
8046 4
8047 3
8048 3
8049 5
8050 4
8051 2
8052 3
8053 4
8054 3
8055 5
8056 6
8057 6
8058 3
8059 5
8060 5
8061 3
8062 3
8063 2
8064 2
8065 3
8066 4
8067 4
8068 4
8069 2
8070 3
8071 2
8072 2
8073 3
8074 2
8075 2
8076 2
8077 2
8078 1
8079 5
8080 5
8081 6
8082 7
8083 6
8084 5
8085 3
8086 1
8087 3
8088 1
8089 1
8090 4
8091 3
8092 2
8093 1
8094 3
8095 3
8096 2
8097 6
8098 4
8099 4
8100 4
8101 2
8102 1
8103 2
8104 4
8105 4
8106 5
8107 6
8108 7
8109 7
8110 5
8111 4
8112 4
8113 2
8114 3
8115 2
8116 1
8117 2
8118 6
8119 5
8120 4
8121 4
8122 5
8123 5
8124 2
8125 3
8126 3
8127 4
8128 2
8129 3
8130 1
8131 1
8132 3
8133 4
8134 4
8135 3
8136 2
8137 2
8138 3
8139 4
8140 4
8141 4
8142 4
8143 3
8144 2
8145 3
8146 2
8147 2
8148 3
8149 4
8150 2
8151 4
8152 4
8153 2
8154 3
8155 4
8156 5
8157 6
8158 5
8159 4
8160 3
8161 2
8162 4
8163 5
8164 3
8165 4
8166 2
8167 3
8168 2
8169 1
8170 4
8171 2
8172 4
8173 3
8174 2
8175 3
8176 5
8177 6
8178 6
8179 5
8180 4
8181 4
8182 3
8183 4
8184 3
8185 4
8186 2
8187 2
8188 3
8189 5
8190 5
8191 3
8192 3
8193 1
8194 3
8195 4
8196 5
8197 4
8198 6
8199 8
8200 8
8201 6
8202 7
8203 6
8204 4
8205 4
8206 2
8207 4
8208 4
8209 6
8210 7
8211 8
8212 8
8213 7
8214 7
8215 6
8216 6
8217 6
8218 4
8219 3
8220 2
8221 2
8222 0
8223 3
8224 2
8225 5
8226 6
8227 5
8228 7
8229 6
8230 5
8231 4
8232 5
8233 5
8234 5
8235 5
8236 4
8237 4
8238 5
8239 3
8240 5
8241 7
8242 8
8243 8
8244 6
8245 7
8246 6
8247 6
8248 7
8249 7
8250 5
8251 6
8252 5
8253 4
8254 5
8255 6
8256 7
8257 6
8258 6
8259 6
8260 8
8261 9
8262 9
8263 10
8264 8
8265 8
8266 7
8267 7
8268 8
8269 9
8270 8
8271 7
8272 6
8273 6
8274 7
8275 7
8276 6
8277 6
8278 6
8279 4
8280 4
8281 5
8282 7
8283 8
8284 8
8285 7
8286 4
8287 2
8288 3
8289 2
8290 5
8291 5
8292 4
8293 5
8294 4
8295 4
8296 2
8297 5
8298 3
8299 3
8300 3
8301 3
8302 2
8303 3
8304 2
8305 2
8306 2
8307 3
8308 2
8309 6
8310 7
8311 9
8312 11
8313 12
8314 13
8315 15
8316 12
8317 11
8318 13
8319 11
8320 13
8321 14
8322 17
8323 14
8324 15
8325 12
8326 13
8327 15
8328 12
8329 13
8330 12
8331 12
8332 11
8333 11
8334 11
8335 9
8336 8
8337 9
8338 10
8339 8
8340 7
8341 7
8342 9
8343 10
8344 9
8345 10
8346 10
8347 11
8348 12
8349 13
8350 11
8351 10
8352 9
8353 10
8354 10
8355 10
8356 9
8357 7
8358 4
8359 5
8360 5
8361 5
8362 6
8363 7
8364 7
8365 8
8366 9
8367 8
8368 8
8369 7
8370 7
8371 6
8372 8
8373 8
8374 8
8375 11
8376 11
8377 10
8378 8
8379 7
8380 7
8381 5
8382 6
8383 5
8384 7
8385 7
8386 6
8387 6
8388 8
8389 8
8390 7
8391 6
8392 4
8393 4
8394 3
8395 5
8396 8
8397 10
8398 10
8399 9
8400 10
8401 9
8402 8
8403 7
8404 7
8405 9
8406 10
8407 12
8408 10
8409 8
8410 8
8411 6
8412 5
8413 7
8414 5
8415 7
8416 7
8417 7
8418 7
8419 6
8420 6
8421 4
8422 4
8423 4
8424 4
8425 5
8426 5
8427 4
8428 6
8429 6
8430 7
8431 9
8432 9
8433 7
8434 7
8435 6
8436 6
8437 5
8438 4
8439 6
8440 6
8441 8
8442 9
8443 9
8444 9
8445 10
8446 10
8447 12
8448 11
8449 12
8450 11
8451 12
8452 11
8453 11
8454 10
8455 12
8456 14
8457 14
8458 13
8459 11
8460 11
8461 11
8462 9
8463 8
8464 9
8465 8
8466 8
8467 10
8468 9
8469 9
8470 7
8471 5
8472 3
8473 3
8474 1
8475 3
8476 4
8477 5
8478 4
8479 4
8480 1
8481 0
8482 2
8483 5
8484 3
8485 0
8486 2
8487 5
8488 4
8489 3
8490 2
8491 3
8492 2
8493 3
8494 3
8495 4
8496 2
8497 2
8498 2
8499 3
8500 4
8501 3
8502 1
8503 3
8504 4
8505 2
8506 2
8507 1
8508 5
8509 3
8510 1
8511 1
8512 0
8513 2
8514 1
8515 0
8516 2
8517 2
8518 2
8519 0
8520 4
8521 5
8522 4
8523 5
8524 4
8525 2
8526 0
8527 3
8528 2
8529 3
8530 1
8531 2
8532 3
8533 1
8534 5
8535 6
8536 5
8537 5
8538 7
8539 6
8540 5
8541 4
8542 3
8543 1
8544 4
8545 2
8546 2
8547 2
8548 2
8549 1
8550 2
8551 6
8552 6
8553 6
8554 3
8555 2
8556 4
8557 2
8558 4
8559 5
8560 5
8561 5
8562 4
8563 3
8564 6
8565 5
8566 3
8567 1
8568 0
8569 3
8570 3
8571 1
8572 1
8573 3
8574 4
8575 3
8576 3
8577 3
8578 2
8579 5
8580 2
8581 3
8582 1
8583 1
8584 3
8585 2
8586 2
8587 1
8588 4
8589 4
8590 3
8591 1
8592 5
8593 6
8594 5
8595 3
8596 1
8597 4
8598 3
8599 2
8600 1
8601 0
8602 1
8603 2
8604 3
8605 3
8606 4
8607 4
8608 3
8609 2
8610 2
8611 2
8612 2
8613 1
8614 3
8615 4
8616 3
8617 3
8618 1
8619 3
8620 1
8621 0
8622 5
8623 4
8624 2
8625 1
8626 3
8627 4
8628 4
8629 5
8630 4
8631 5
8632 4
8633 3
8634 6
8635 5
8636 6
8637 7
8638 5
8639 5
8640 4
8641 3
8642 5
8643 5
8644 3
8645 4
8646 4
8647 5
8648 2
8649 4
8650 2
8651 4
8652 5
8653 4
8654 4
8655 3
8656 2
8657 4
8658 5
8659 3
8660 3
8661 5
8662 4
8663 4
8664 4
8665 4
8666 3
8667 3
8668 6
8669 4
8670 4
8671 4
8672 4
8673 5
8674 5
8675 5
8676 6
8677 5
8678 6
8679 7
8680 4
8681 1
8682 4
8683 6
8684 5
8685 5
8686 7
8687 6
8688 5
8689 5
8690 6
8691 6
8692 7
8693 6
8694 5
8695 4
8696 3
8697 1
8698 2
8699 1
8700 3
8701 2
8702 3
8703 0
8704 3
8705 3
8706 3
8707 5
8708 4
8709 7
8710 5
8711 5
8712 7
8713 8
8714 8
8715 7
8716 6
8717 5
8718 5
8719 3
8720 4
8721 1
8722 3
8723 2
8724 2
8725 4
8726 2
8727 3
8728 2
8729 2
8730 2
8731 3
8732 4
8733 6
8734 6
8735 7
8736 8
8737 9
8738 10
8739 10
8740 12
8741 12
8742 13
8743 11
8744 13
8745 12
8746 10
8747 9
8748 8
8749 6
8750 6
8751 4
8752 3
8753 1
8754 3
8755 0
8756 2
8757 5
8758 4
8759 5
8760 7
8761 4
8762 4
8763 3
8764 2
8765 1
8766 4
8767 3
8768 2
8769 6
8770 6
8771 6
8772 5
8773 6
8774 8
8775 9
8776 9
8777 9
8778 8
8779 10
8780 9
8781 9
8782 12
8783 11
8784 11
8785 9
8786 9
8787 8
8788 6
8789 5
8790 4
8791 5
8792 5
8793 3
8794 3
8795 4
8796 4
8797 7
8798 6
8799 6
8800 5
8801 6
8802 5
8803 3
8804 0
8805 5
8806 7
8807 7
8808 6
8809 7
8810 8
8811 5
8812 3
8813 2
8814 3
8815 4
8816 3
8817 2
8818 6
8819 4
8820 5
8821 9
8822 10
8823 11
8824 10
8825 11
8826 10
8827 9
8828 8
8829 5
8830 6
8831 6
8832 7
8833 5
8834 3
8835 2
8836 2
8837 4
8838 5
8839 6
8840 7
8841 7
8842 8
8843 8
8844 6
8845 4
8846 3
8847 4
8848 2
8849 2
8850 4
8851 4
8852 4
8853 3
8854 4
8855 3
8856 1
8857 1
8858 3
8859 1
8860 4
8861 2
8862 3
8863 3
8864 4
8865 4
8866 6
8867 7
8868 7
8869 9
8870 7
8871 6
8872 4
8873 2
8874 2
8875 4
8876 1
8877 2
8878 2
8879 3
8880 1
8881 4
8882 4
8883 4
8884 1
8885 2
8886 4
8887 5
8888 5
8889 3
8890 0
8891 2
8892 2
8893 2
8894 1
8895 2
8896 1
8897 2
8898 2
8899 2
8900 0
8901 1
8902 2
8903 0
8904 1
8905 2
8906 0
8907 1
8908 3
8909 1
8910 5
8911 7
8912 7
8913 6
8914 5
8915 7
8916 4
8917 3
8918 2
8919 5
8920 4
8921 5
8922 4
8923 4
8924 4
8925 6
8926 8
8927 7
8928 6
8929 7
8930 5
8931 2
8932 3
8933 3
8934 1
8935 2
8936 1
8937 3
8938 2
8939 2
8940 3
8941 3
8942 2
8943 1
8944 2
8945 4
8946 2
8947 3
8948 4
8949 1
8950 3
8951 2
8952 3
8953 3
8954 3
8955 2
8956 1
8957 3
8958 2
8959 2
8960 1
8961 5
8962 4
8963 3
8964 1
8965 2
8966 5
8967 7
8968 7
8969 6
8970 6
8971 7
8972 6
8973 6
8974 5
8975 6
8976 7
8977 6
8978 8
8979 5
8980 3
8981 3
8982 5
8983 5
8984 8
8985 7
8986 7
8987 8
8988 8
8989 6
8990 7
8991 7
8992 7
8993 5
8994 4
8995 5
8996 5
8997 5
8998 5
8999 7
9000 8
9001 7
9002 8
9003 9
9004 10
9005 11
9006 10
9007 9
9008 8
9009 9
9010 9
9011 7
9012 4
9013 3
9014 5
9015 3
9016 4
9017 4
9018 5
9019 6
9020 6
9021 5
9022 4
9023 2
9024 2
9025 2
9026 2
9027 1
9028 3
9029 1
9030 3
9031 3
9032 2
9033 3
9034 2
9035 1
9036 1
9037 5
9038 5
9039 4
9040 4
9041 1
9042 5
9043 4
9044 4
9045 3
9046 3
9047 2
9048 3
9049 1
9050 3
9051 3
9052 3
9053 5
9054 3
9055 3
9056 1
9057 3
9058 4
9059 4
9060 4
9061 3
9062 2
9063 3
9064 3
9065 0
9066 3
9067 2
9068 4
9069 4
9070 5
9071 6
9072 4
9073 3
9074 2
9075 4
9076 4
9077 3
9078 3
9079 2
9080 2
9081 1
9082 3
9083 4
9084 3
9085 5
9086 5
9087 5
9088 4
9089 5
9090 3
9091 4
9092 3
9093 2
9094 5
9095 3
9096 2
9097 3
9098 3
9099 4
9100 7
9101 7
9102 6
9103 4
9104 3
9105 2
9106 2
9107 2
9108 3
9109 3
9110 3
9111 1
9112 4
9113 4
9114 4
9115 4
9116 5
9117 3
9118 1
9119 2
9120 4
9121 2
9122 2
9123 1
9124 4
9125 2
9126 4
9127 5
9128 5
9129 6
9130 4
9131 3
9132 2
9133 1
9134 3
9135 2
9136 1
9137 2
9138 2
9139 2
9140 2
9141 3
9142 4
9143 5
9144 6
9145 4
9146 2
9147 3
9148 1
9149 4
9150 4
9151 2
9152 2
9153 2
9154 2
9155 3
9156 4
9157 5
9158 5
9159 4
9160 4
9161 4
9162 2
9163 4
9164 4
9165 7
9166 7
9167 9
9168 9
9169 7
9170 7
9171 8
9172 8
9173 7
9174 8
9175 7
9176 6
9177 4
9178 6
9179 7
9180 9
9181 9
9182 7
9183 6
9184 6
9185 3
9186 3
9187 1
9188 3
9189 1
9190 3
9191 4
9192 3
9193 1
9194 3
9195 3
9196 4
9197 3
9198 3
9199 5
9200 5
9201 5
9202 6
9203 5
9204 3
9205 2
9206 3
9207 3
9208 6
9209 5
9210 3
9211 3
9212 2
9213 3
9214 3
9215 2
9216 3
9217 2
9218 0
9219 0
9220 4
9221 3
9222 1
9223 6
9224 5
9225 5
9226 3
9227 4
9228 4
9229 2
9230 2
9231 1
9232 4
9233 5
9234 5
9235 5
9236 4
9237 7
9238 6
9239 4
9240 3
9241 2
9242 4
9243 5
9244 5
9245 4
9246 5
9247 5
9248 6
9249 5
9250 3
9251 4
9252 8
9253 8
9254 9
9255 8
9256 8
9257 8
9258 6
9259 3
9260 5
9261 5
9262 4
9263 3
9264 0
9265 3
9266 1
9267 5
9268 6
9269 6
9270 4
9271 4
9272 5
9273 5
9274 5
9275 4
9276 4
9277 2
9278 1
9279 3
9280 3
9281 1
9282 2
9283 2
9284 5
9285 6
9286 4
9287 3
9288 1
9289 1
9290 2
9291 1
9292 2
9293 4
9294 2
9295 3
9296 2
9297 1
9298 5
9299 3
9300 1
9301 3
9302 5
9303 4
9304 3
9305 3
9306 2
9307 4
9308 5
9309 7
9310 7
9311 7
9312 7
9313 5
9314 5
9315 5
9316 6
9317 8
9318 7
9319 6
9320 4
9321 5
9322 6
9323 6
9324 4
9325 2
9326 5
9327 4
9328 2
9329 2
9330 3
9331 3
9332 2
9333 3
9334 2
9335 3
9336 3
9337 2
9338 2
9339 1
9340 2
9341 4
9342 5
9343 6
9344 5
9345 5
9346 2
9347 1
9348 4
9349 4
9350 4
9351 3
9352 3
9353 4
9354 3
9355 4
9356 4
9357 1
9358 2
9359 3
9360 3
9361 3
9362 2
9363 3
9364 5
9365 6
9366 3
9367 5
9368 4
9369 3
9370 4
9371 4
9372 1
9373 3
9374 1
9375 4
9376 5
9377 4
9378 4
9379 4
9380 3
9381 2
9382 1
9383 4
9384 4
9385 5
9386 2
9387 2
9388 2
9389 0
9390 1
9391 2
9392 5
9393 7
9394 9
9395 9
9396 9
9397 8
9398 7
9399 6
9400 6
9401 5
9402 5
9403 5
9404 5
9405 4
9406 5
9407 3
9408 2
9409 4
9410 2
9411 2
9412 4
9413 4
9414 3
9415 2
9416 4
9417 4
9418 3
9419 3
9420 2
9421 3
9422 0
9423 2
9424 4
9425 2
9426 3
9427 1
9428 2
9429 3
9430 3
9431 3
9432 4
9433 5
9434 6
9435 9
9436 9
9437 10
9438 10
9439 8
9440 8
9441 6
9442 5
9443 4
9444 4
9445 4
9446 3
9447 0
9448 3
9449 3
9450 4
9451 4
9452 5
9453 5
9454 5
9455 6
9456 5
9457 4
9458 6
9459 7
9460 5
9461 2
9462 2
9463 3
9464 1
9465 1
9466 1
9467 2
9468 4
9469 4
9470 3
9471 3
9472 0
9473 2
9474 1
9475 4
9476 3
9477 4
9478 4
9479 6
9480 8
9481 10
9482 12
9483 11
9484 12
9485 12
9486 11
9487 10
9488 11
9489 9
9490 7
9491 6
9492 6
9493 6
9494 6
9495 6
9496 5
9497 5
9498 5
9499 7
9500 8
9501 7
9502 6
9503 5
9504 4
9505 2
9506 5
9507 5
9508 3
9509 2
9510 3
9511 2
9512 1
9513 0
9514 1
9515 2
9516 2
9517 4
9518 2
9519 0
9520 2
9521 3
9522 4
9523 4
9524 3
9525 3
9526 1
9527 5
9528 4
9529 2
9530 0
9531 2
9532 3
9533 3
9534 2
9535 3
9536 2
9537 4
9538 4
9539 6
9540 4
9541 4
9542 3
9543 3
9544 2
9545 0
9546 2
9547 3
9548 3
9549 6
9550 6
9551 3
9552 1
9553 3
9554 3
9555 2
9556 1
9557 2
9558 2
9559 1
9560 2
9561 4
9562 4
9563 4
9564 3
9565 1
9566 1
9567 4
9568 3
9569 3
9570 2
9571 0
9572 5
9573 4
9574 3
9575 3
9576 6
9577 7
9578 6
9579 6
9580 5
9581 6
9582 6
9583 7
9584 7
9585 6
9586 7
9587 5
9588 4
9589 5
9590 5
9591 5
9592 5
9593 4
9594 5
9595 5
9596 6
9597 6
9598 8
9599 9
9600 9
9601 9
9602 6
9603 7
9604 6
9605 6
9606 5
9607 6
9608 6
9609 9
9610 10
9611 11
9612 12
9613 12
9614 13
9615 12
9616 12
9617 9
9618 7
9619 8
9620 9
9621 7
9622 5
9623 2
9624 4
9625 4
9626 2
9627 3
9628 5
9629 6
9630 6
9631 5
9632 8
9633 8
9634 8
9635 7
9636 8
9637 7
9638 8
9639 10
9640 10
9641 8
9642 9
9643 7
9644 8
9645 8
9646 8
9647 9
9648 9
9649 10
9650 8
9651 7
9652 6
9653 6
9654 5
9655 5
9656 4
9657 4
9658 8
9659 10
9660 11
9661 10
9662 9
9663 9
9664 8
9665 8
9666 8
9667 8
9668 5
9669 6
9670 7
9671 7
9672 5
9673 5
9674 4
9675 3
9676 3
9677 3
9678 7
9679 7
9680 5
9681 3
9682 7
9683 9
9684 9
9685 10
9686 9
9687 10
9688 11
9689 9
9690 9
9691 10
9692 8
9693 6
9694 6
9695 5
9696 3
9697 4
9698 7
9699 7
9700 7
9701 8
9702 9
9703 9
9704 11
9705 9
9706 7
9707 6
9708 5
9709 5
9710 6
9711 7
9712 7
9713 7
9714 9
9715 7
9716 6
9717 5
9718 3
9719 3
9720 3
9721 3
9722 3
9723 6
9724 5
9725 6
9726 6
9727 5
9728 6
9729 5
9730 6
9731 6
9732 5
9733 4
9734 6
9735 5
9736 5
9737 7
9738 8
9739 8
9740 9
9741 9
9742 8
9743 8
9744 5
9745 4
9746 3
9747 1
9748 1
9749 4
9750 3
9751 1
9752 3
9753 2
9754 3
9755 3
9756 4
9757 5
9758 5
9759 5
9760 5
9761 5
9762 5
9763 5
9764 6
9765 7
9766 9
9767 8
9768 8
9769 9
9770 7
9771 8
9772 7
9773 7
9774 7
9775 4
9776 5
9777 3
9778 1
9779 2
9780 3
9781 3
9782 2
9783 3
9784 3
9785 3
9786 2
9787 5
9788 4
9789 3
9790 1
9791 3
9792 0
9793 2
9794 3
9795 2
9796 1
9797 4
9798 3
9799 0
9800 3
9801 2
9802 3
9803 2
9804 4
9805 4
9806 5
9807 3
9808 1
9809 1
9810 1
9811 3
9812 5
9813 3
9814 3
9815 4
9816 7
9817 5
9818 4
9819 4
9820 3
9821 1
9822 3
9823 4
9824 4
9825 2
9826 4
9827 4
9828 2
9829 3
9830 1
9831 3
9832 2
9833 1
9834 1
9835 3
9836 3
9837 0
9838 3
9839 2
9840 1
9841 3
9842 4
9843 1
9844 5
9845 2
9846 4
9847 3
9848 1
9849 1
9850 3
9851 2
9852 2
9853 3
9854 3
9855 4
9856 4
9857 2
9858 3
9859 3
9860 3
9861 0
9862 1
9863 4
9864 4
9865 3
9866 3
9867 1
9868 3
9869 2
9870 4
9871 4
9872 3
9873 3
9874 1
9875 4
9876 3
9877 4
9878 4
9879 4
9880 3
9881 4
9882 5
9883 2
9884 1
9885 5
9886 5
9887 3
9888 3
9889 3
9890 1
9891 3
9892 1
9893 2
9894 0
9895 1
9896 5
9897 6
9898 6
9899 6
9900 5
9901 2
9902 3
9903 4
9904 2
9905 2
9906 1
9907 0
9908 1
9909 1
9910 2
9911 4
9912 3
9913 3
9914 3
9915 4
9916 3
9917 2
9918 1
9919 5
9920 7
9921 6
9922 6
9923 6
9924 7
9925 7
9926 8
9927 7
9928 8
9929 7
9930 6
9931 6
9932 5
9933 7
9934 7
9935 5
9936 6
9937 7
9938 6
9939 4
9940 4
9941 4
9942 6
9943 7
9944 5
9945 8
9946 9
9947 9
9948 8
9949 7
9950 5
9951 7
9952 7
9953 7
9954 6
9955 6
9956 5
9957 4
9958 3
9959 2
9960 3
9961 0
9962 1
9963 0
9964 3
9965 3
9966 3
9967 1
9968 1
9969 2
9970 0
9971 2
9972 1
9973 3
9974 0
9975 4
9976 4
9977 4
9978 2
9979 1
9980 4
9981 6
9982 4
9983 1
9984 4
9985 6
9986 6
9987 5
9988 6
9989 6
9990 6
9991 7
9992 5
9993 7
9994 10
9995 7
9996 4
9997 3
9998 2
9999 0
