0 1
1 1
2 1
3 2
4 0
5 1
6 0
7 0
8 1
9 0
10 1
11 2
12 0
13 2
14 1
15 1
16 0
17 1
18 1
19 2
20 1
21 1
22 1
23 1
24 0
25 1
26 1
27 0
28 1
29 1
30 1
31 0
32 0
33 0
34 0
35 2
36 0
37 1
38 2
39 1
40 0
41 1
42 1
43 2
44 0
45 0
46 1
47 1
48 0
49 1
50 2
51 0
52 0
53 0
54 4
55 1
56 0
57 2
58 1
59 0
60 0
61 2
62 2
63 1
64 1
65 1
66 0
67 0
68 1
69 0
70 0
71 0
72 0
73 1
74 0
75 0
76 0
77 0
78 0
79 1
80 1
81 0
82 1
83 0
84 1
85 0
86 0
87 0
88 0
89 0
90 0
91 0
92 3
93 1
94 0
95 0
96 0
97 1
98 0
99 0
100 2
101 0
102 0
103 1
104 0
105 1
106 0
107 1
108 1
109 2
110 0
111 1
112 0
113 1
114 1
115 0
116 2
117 1
118 0
119 0
120 0
121 1
122 1
123 0
124 1
125 2
126 1
127 0
128 0
129 0
130 0
131 0
132 0
133 0
134 0
135 0
136 0
137 0
138 0
139 1
140 1
141 1
142 0
143 0
144 0
145 0
146 1
147 1
148 0
149 1
150 0
151 0
152 0
153 1
154 2
155 1
156 0
157 0
158 1
159 0
160 0
161 0
162 1
163 1
164 0
165 1
166 0
167 2
168 1
169 1
170 2
171 0
172 3
173 1
174 0
175 1
176 1
177 1
178 1
179 1
180 0
181 2
182 1
183 0
184 0
185 1
186 1
187 0
188 0
189 0
190 1
191 0
192 2
193 0
194 1
195 1
196 0
197 1
198 0
199 0
200 0
201 0
202 3
203 1
204 1
205 1
206 1
207 0
208 1
209 0
210 1
211 0
212 1
213 1
214 0
215 1
216 1
217 0
218 1
219 0
220 2
221 2
222 0
223 2
224 1
225 1
226 0
227 0
228 1
229 1
230 0
231 0
232 1
233 1
234 1
235 0
236 2
237 0
238 1
239 0
240 1
241 0
242 0
243 0
244 0
245 1
246 0
247 0
248 1
249 0
250 1
251 0
252 1
253 0
254 1
255 1
256 2
257 0
258 0
259 1
260 0
261 0
262 1
263 2
264 1
265 0
266 1
267 0
268 1
269 1
270 1
271 0
272 1
273 1
274 0
275 0
276 0
277 2
278 1
279 0
280 2
281 1
282 0
283 1
284 0
285 0
286 0
287 0
288 1
289 0
290 1
291 2
292 1
293 1
294 0
295 0
296 0
297 1
298 0
299 2
300 1
301 1
302 1
303 1
304 0
305 1
306 1
307 0
308 1
309 1
310 0
311 1
312 0
313 1
314 3
315 2
316 0
317 1
318 0
319 0
320 2
321 2
322 0
323 2
324 0
325 0
326 0
327 1
328 1
329 1
330 1
331 0
332 1
333 0
334 0
335 0
336 0
337 2
338 0
339 0
340 0
341 1
342 1
343 1
344 0
345 1
346 0
347 0
348 1
349 0
350 0
351 0
352 1
353 0
354 0
355 0
356 0
357 0
358 1
359 0
360 1
361 0
362 0
363 0
364 0
365 0
366 0
367 1
368 1
369 2
370 2
371 1
372 0
373 0
374 2
375 1
376 1
377 0
378 0
379 0
380 1
381 0
382 2
383 1
384 0
385 1
386 2
387 1
388 1
389 0
390 0
391 0
392 1
393 0
394 1
395 1
396 2
397 1
398 1
399 1
400 0
401 1
402 0
403 1
404 0
405 1
406 0
407 2
408 1
409 0
410 2
411 1
412 2
413 0
414 0
415 1
416 3
417 1
418 1
419 2
420 0
421 1
422 0
423 0
424 0
425 1
426 1
427 0
428 1
429 1
430 1
431 2
432 0
433 0
434 2
435 1
436 0
437 0
438 0
439 0
440 0
441 2
442 0
443 0
444 1
445 0
446 0
447 0
448 1
449 0
450 1
451 1
452 3
453 0
454 0
455 1
456 0
457 0
458 0
459 1
460 0
461 0
462 0
463 1
464 0
465 1
466 1
467 2
468 0
469 1
470 1
471 0
472 0
473 1
474 0
475 0
476 0
477 0
478 1
479 0
480 1
481 0
482 0
483 0
484 1
485 0
486 2
487 2
488 0
489 2
490 0
491 0
492 1
493 0
494 1
495 0
496 1
497 1
498 1
499 0
500 2
501 1
502 0
503 1
504 1
505 0
506 1
507 0
508 1
509 0
510 2
511 0
512 0
513 0
514 0
515 0
516 0
517 1
518 0
519 0
520 2
521 0
522 0
523 1
524 0
525 0
526 0
527 1
528 2
529 1
530 1
531 0
532 1
533 0
534 1
535 1
536 0
537 0
538 0
539 0
540 1
541 1
542 1
543 1
544 1
545 1
546 0
547 1
548 1
549 0
550 1
551 2
552 0
553 1
554 1
555 0
556 3
557 0
558 1
559 1
560 0
561 3
562 1
563 2
564 0
565 2
566 0
567 2
568 0
569 0
570 2
571 0
572 1
573 2
574 1
575 0
576 0
577 0
578 1
579 0
580 1
581 0
582 0
583 0
584 1
585 1
586 1
587 2
588 1
589 1
590 0
591 0
592 1
593 0
594 1
595 1
596 3
597 1
598 0
599 0
600 0
601 0
602 2
603 0
604 1
605 0
606 0
607 1
608 1
609 0
610 1
611 0
612 0
613 0
614 1
615 0
616 0
617 0
618 0
619 0
620 0
621 0
622 1
623 0
624 1
625 0
626 0
627 1
628 0
629 1
630 2
631 0
632 0
633 0
634 0
635 2
636 0
637 1
638 0
639 0
640 0
641 0
642 2
643 0
644 1
645 2
646 0
647 0
648 0
649 2
650 0
651 1
652 0
653 2
654 1
655 0
656 1
657 1
658 0
659 0
660 0
661 2
662 0
663 2
664 0
665 0
666 0
667 1
668 0
669 0
670 1
671 1
672 0
673 1
674 0
675 0
676 0
677 0
678 0
679 1
680 0
681 0
682 0
683 3
684 0
685 0
686 1
687 0
688 0
689 0
690 2
691 0
692 0
693 0
694 1
695 0
696 0
697 0
698 1
699 1
700 0
701 0
702 1
703 0
704 1
705 0
706 0
707 0
708 3
709 1
710 0
711 1
712 0
713 1
714 0
715 0
716 2
717 0
718 1
719 1
720 0
721 1
722 0
723 1
724 0
725 0
726 0
727 0
728 0
729 0
730 1
731 0
732 0
733 1
734 0
735 0
736 0
737 0
738 1
739 1
740 0
741 0
742 0
743 2
744 0
745 0
746 0
747 0
748 0
749 0
750 0
751 0
752 1
753 1
754 1
755 1
756 1
757 0
758 1
759 1
760 1
761 1
762 1
763 1
764 0
765 0
766 0
767 0
768 0
769 0
770 1
771 2
772 2
773 0
774 1
775 0
776 0
777 3
778 0
779 1
780 2
781 0
782 0
783 0
784 0
785 1
786 0
787 1
788 2
789 0
790 0
791 1
792 0
793 0
794 0
795 1
796 1
797 0
798 2
799 3
800 2
801 0
802 1
803 0
804 0
805 1
806 0
807 1
808 0
809 1
810 1
811 1
812 0
813 2
814 1
815 1
816 0
817 0
818 1
819 1
820 1
821 0
822 1
823 0
824 0
825 0
826 0
827 0
828 1
829 0
830 1
831 1
832 0
833 0
834 0
835 1
836 1
837 0
838 0
839 0
840 0
841 0
842 1
843 0
844 0
845 1
846 0
847 0
848 0
849 0
850 0
851 0
852 0
853 1
854 0
855 1
856 1
857 1
858 1
859 0
860 1
861 2
862 0
863 2
864 1
865 2
866 0
867 0
868 0
869 0
870 1
871 0
872 0
873 1
874 2
875 1
876 2
877 0
878 0
879 1
880 0
881 1
882 1
883 2
884 1
885 0
886 3
887 0
888 1
889 0
890 0
891 1
892 2
893 1
894 3
895 1
896 0
897 1
898 1
899 1
900 1
901 0
902 0
903 0
904 1
905 0
906 1
907 0
908 0
909 1
910 1
911 1
912 1
913 0
914 1
915 0
916 0
917 1
918 3
919 0
920 0
921 1
922 1
923 1
924 0
925 0
926 3
927 0
928 0
929 1
930 0
931 0
932 1
933 0
934 0
935 0
936 2
937 0
938 2
939 0
940 1
941 2
942 2
943 0
944 1
945 2
946 2
947 0
948 1
949 1
950 0
951 0
952 0
953 0
954 0
955 1
956 1
957 1
958 1
959 0
960 0
961 0
962 0
963 1
964 0
965 0
966 0
967 2
968 0
969 1
970 0
971 1
972 1
973 0
974 1
975 1
976 0
977 1
978 0
979 0
980 0
981 0
982 0
983 1
984 0
985 0
986 2
987 2
988 1
989 0
990 0
991 0
992 0
993 2
994 0
995 1
996 0
997 0
998 1
999 2
1000 0
1001 1
1002 2
1003 1
1004 1
1005 0
1006 0
1007 0
1008 0
1009 1
1010 1
1011 1
1012 0
1013 1
1014 1
1015 1
1016 0
1017 1
1018 0
1019 0
1020 0
1021 0
1022 0
1023 1
1024 2
1025 0
1026 0
1027 0
1028 0
1029 0
1030 1
1031 0
1032 1
1033 2
1034 2
1035 0
1036 0
1037 1
1038 0
1039 1
1040 0
1041 0
1042 1
1043 0
1044 0
1045 1
1046 1
1047 1
1048 0
1049 0
1050 0
1051 0
1052 1
1053 0
1054 1
1055 2
1056 0
1057 1
1058 0
1059 0
1060 1
1061 2
1062 0
1063 0
1064 0
1065 1
1066 1
1067 0
1068 1
1069 0
1070 0
1071 1
1072 1
1073 0
1074 1
1075 1
1076 1
1077 1
1078 0
1079 1
1080 0
1081 1
1082 0
1083 0
1084 2
1085 2
1086 0
1087 0
1088 0
1089 2
1090 0
1091 1
1092 1
1093 0
1094 1
1095 0
1096 0
1097 1
1098 0
1099 0
1100 0
1101 1
1102 0
1103 1
1104 1
1105 2
1106 1
1107 0
1108 0
1109 1
1110 1
1111 0
1112 1
1113 0
1114 1
1115 1
1116 1
1117 2
1118 0
1119 2
1120 0
1121 0
1122 0
1123 0
1124 1
1125 3
1126 0
1127 1
1128 0
1129 1
1130 0
1131 0
1132 1
1133 0
1134 0
1135 1
1136 2
1137 1
1138 1
1139 1
1140 1
1141 2
1142 1
1143 0
1144 0
1145 2
1146 0
1147 1
1148 0
1149 0
1150 2
1151 3
1152 1
1153 1
1154 0
1155 1
1156 1
1157 0
1158 0
1159 0
1160 0
1161 1
1162 0
1163 1
1164 0
1165 0
1166 0
1167 0
1168 1
1169 1
1170 0
1171 1
1172 0
1173 0
1174 0
1175 1
1176 1
1177 0
1178 1
1179 2
1180 0
1181 2
1182 1
1183 1
1184 0
1185 0
1186 2
1187 1
1188 1
1189 0
1190 1
1191 0
1192 0
1193 1
1194 0
1195 0
1196 1
1197 0
1198 2
1199 0
1200 3
1201 0
1202 0
1203 2
1204 0
1205 1
1206 0
1207 2
1208 1
1209 1
1210 0
1211 2
1212 2
1213 0
1214 1
1215 0
1216 0
1217 0
1218 0
1219 0
1220 1
1221 0
1222 1
1223 1
1224 0
1225 0
1226 0
1227 5
1228 2
1229 3
1230 0
1231 1
1232 0
1233 1
1234 0
1235 0
1236 3
1237 0
1238 2
1239 0
1240 0
1241 1
1242 1
1243 0
1244 0
1245 1
1246 1
1247 2
1248 0
1249 0
1250 1
1251 0
1252 2
1253 0
1254 1
1255 1
1256 1
1257 1
1258 0
1259 0
1260 0
1261 0
1262 2
1263 1
1264 0
1265 0
1266 0
1267 0
1268 4
1269 1
1270 0
1271 1
1272 2
1273 0
1274 0
1275 1
1276 1
1277 0
1278 0
1279 0
1280 2
1281 1
1282 2
1283 0
1284 0
1285 1
1286 1
1287 1
1288 0
1289 0
1290 0
1291 1
1292 0
1293 2
1294 0
1295 0
1296 0
1297 0
1298 1
1299 0
1300 0
1301 0
1302 1
1303 0
1304 0
1305 1
1306 0
1307 0
1308 0
1309 3
1310 1
1311 0
1312 1
1313 1
1314 0
1315 0
1316 0
1317 2
1318 1
1319 0
1320 1
1321 0
1322 0
1323 0
1324 1
1325 0
1326 0
1327 0
1328 0
1329 0
1330 0
1331 1
1332 0
1333 1
1334 0
1335 1
1336 0
1337 0
1338 1
1339 0
1340 1
1341 0
1342 0
1343 2
1344 0
1345 0
1346 1
1347 0
1348 0
1349 0
1350 2
1351 0
1352 1
1353 1
1354 1
1355 1
1356 2
1357 1
1358 0
1359 2
1360 0
1361 0
1362 1
1363 0
1364 0
1365 2
1366 0
1367 0
1368 1
1369 1
1370 1
1371 0
1372 0
1373 1
1374 0
1375 0
1376 0
1377 1
1378 2
1379 0
1380 0
1381 0
1382 1
1383 0
1384 1
1385 0
1386 0
1387 0
1388 1
1389 2
1390 0
1391 0
1392 1
1393 0
1394 0
1395 1
1396 1
1397 1
1398 1
1399 0
1400 2
1401 0
1402 1
1403 1
1404 1
1405 0
1406 1
1407 0
1408 0
1409 0
1410 0
1411 0
1412 2
1413 0
1414 1
1415 1
1416 3
1417 0
1418 0
1419 0
1420 0
1421 0
1422 0
1423 0
1424 0
1425 0
1426 0
1427 0
1428 0
1429 0
1430 0
1431 1
1432 0
1433 1
1434 0
1435 0
1436 0
1437 0
1438 0
1439 0
1440 0
1441 0
1442 1
1443 0
1444 0
1445 1
1446 3
1447 2
1448 0
1449 1
1450 0
1451 0
1452 0
1453 0
1454 1
1455 1
1456 1
1457 0
1458 1
1459 0
1460 2
1461 3
1462 0
1463 0
1464 1
1465 0
1466 1
1467 0
1468 0
1469 1
1470 0
1471 0
1472 0
1473 0
1474 0
1475 0
1476 1
1477 1
1478 0
1479 1
1480 2
1481 0
1482 1
1483 2
1484 1
1485 0
1486 0
1487 0
1488 0
1489 0
1490 4
1491 1
1492 1
1493 1
1494 1
1495 0
1496 0
1497 1
1498 1
1499 1
1500 1
1501 0
1502 1
1503 0
1504 0
1505 0
1506 0
1507 0
1508 2
1509 0
1510 1
1511 1
1512 1
1513 0
1514 0
1515 1
1516 1
1517 1
1518 1
1519 1
1520 0
1521 1
1522 0
1523 1
1524 0
1525 1
1526 0
1527 1
1528 0
1529 1
1530 1
1531 0
1532 1
1533 0
1534 0
1535 0
1536 0
1537 1
1538 1
1539 0
1540 1
1541 0
1542 1
1543 0
1544 0
1545 0
1546 2
1547 0
1548 2
1549 1
1550 1
1551 0
1552 1
1553 2
1554 0
1555 0
1556 0
1557 0
1558 0
1559 0
1560 0
1561 1
1562 0
1563 2
1564 0
1565 0
1566 1
1567 1
1568 0
1569 0
1570 1
1571 1
1572 0
1573 1
1574 3
1575 0
1576 2
1577 0
1578 2
1579 3
1580 0
1581 0
1582 1
1583 0
1584 2
1585 1
1586 0
1587 1
1588 0
1589 2
1590 1
1591 0
1592 1
1593 0
1594 0
1595 0
1596 1
1597 0
1598 2
1599 0
1600 0
1601 3
1602 1
1603 1
1604 1
1605 2
1606 0
1607 1
1608 0
1609 2
1610 2
1611 0
1612 1
1613 0
1614 0
1615 0
1616 0
1617 0
1618 0
1619 1
1620 0
1621 1
1622 0
1623 0
1624 0
1625 0
1626 0
1627 2
1628 0
1629 0
1630 1
1631 1
1632 0
1633 2
1634 0
1635 0
1636 0
1637 2
1638 3
1639 0
1640 1
1641 0
1642 1
1643 1
1644 1
1645 0
1646 0
1647 0
1648 1
1649 1
1650 1
1651 1
1652 1
1653 0
1654 1
1655 0
1656 0
1657 0
1658 0
1659 0
1660 0
1661 0
1662 2
1663 0
1664 1
1665 1
1666 0
1667 2
1668 1
1669 1
1670 1
1671 0
1672 3
1673 0
1674 1
1675 0
1676 1
1677 0
1678 0
1679 1
1680 1
1681 0
1682 1
1683 0
1684 1
1685 1
1686 1
1687 1
1688 0
1689 1
1690 2
1691 0
1692 0
1693 0
1694 1
1695 2
1696 2
1697 2
1698 0
1699 0
1700 2
1701 2
1702 0
1703 0
1704 0
1705 0
1706 1
1707 1
1708 2
1709 0
1710 0
1711 2
1712 1
1713 0
1714 0
1715 4
1716 1
1717 2
1718 1
1719 1
1720 1
1721 0
1722 0
1723 0
1724 2
1725 1
1726 0
1727 1
1728 0
1729 0
1730 1
1731 2
1732 0
1733 2
1734 1
1735 0
1736 1
1737 0
1738 2
1739 0
1740 1
1741 1
1742 2
1743 0
1744 1
1745 2
1746 1
1747 0
1748 1
1749 0
1750 0
1751 0
1752 1
1753 1
1754 0
1755 1
1756 0
1757 0
1758 1
1759 1
1760 0
1761 1
1762 0
1763 0
1764 0
1765 1
1766 1
1767 1
1768 1
1769 0
1770 1
1771 1
1772 0
1773 0
1774 1
1775 0
1776 0
1777 0
1778 2
1779 1
1780 0
1781 1
1782 0
1783 0
1784 1
1785 1
1786 0
1787 2
1788 0
1789 0
1790 0
1791 1
1792 0
1793 0
1794 1
1795 0
1796 0
1797 0
1798 1
1799 1
1800 0
1801 1
1802 0
1803 0
1804 0
1805 2
1806 3
1807 0
1808 1
1809 1
1810 0
1811 0
1812 1
1813 2
1814 0
1815 1
1816 1
1817 1
1818 1
1819 1
1820 0
1821 0
1822 0
1823 0
1824 0
1825 2
1826 0
1827 0
1828 0
1829 0
1830 1
1831 0
1832 1
1833 0
1834 0
1835 0
1836 0
1837 0
1838 0
1839 0
1840 1
1841 0
1842 1
1843 2
1844 0
1845 0
1846 2
1847 0
1848 1
1849 0
1850 0
1851 1
1852 2
1853 0
1854 2
1855 1
1856 0
1857 3
1858 1
1859 0
1860 0
1861 0
1862 1
1863 1
1864 0
1865 0
1866 0
1867 0
1868 0
1869 0
1870 1
1871 1
1872 0
1873 1
1874 1
1875 0
1876 1
1877 0
1878 0
1879 0
1880 0
1881 1
1882 1
1883 0
1884 0
1885 0
1886 1
1887 0
1888 1
1889 0
1890 0
1891 0
1892 0
1893 1
1894 1
1895 1
1896 0
1897 0
1898 1
1899 0
1900 1
1901 1
1902 0
1903 1
1904 0
1905 1
1906 1
1907 2
1908 0
1909 0
1910 0
1911 1
1912 2
1913 0
1914 0
1915 0
1916 0
1917 2
1918 3
1919 0
1920 0
1921 1
1922 1
1923 0
1924 3
1925 1
1926 1
1927 1
1928 1
1929 1
1930 0
1931 0
1932 1
1933 2
1934 0
1935 1
1936 0
1937 2
1938 1
1939 0
1940 2
1941 0
1942 0
1943 0
1944 0
1945 2
1946 1
1947 0
1948 1
1949 0
1950 2
1951 0
1952 1
1953 3
1954 0
1955 1
1956 0
1957 0
1958 0
1959 0
1960 2
1961 1
1962 0
1963 0
1964 1
1965 1
1966 0
1967 0
1968 2
1969 0
1970 0
1971 0
1972 2
1973 1
1974 0
1975 0
1976 0
1977 0
1978 1
1979 0
1980 1
1981 0
1982 0
1983 3
1984 2
1985 0
1986 0
1987 1
1988 0
1989 1
1990 0
1991 0
1992 0
1993 2
1994 0
1995 0
1996 0
1997 1
1998 0
1999 1
2000 0
2001 1
2002 0
2003 2
2004 0
2005 0
2006 1
2007 0
2008 3
2009 1
2010 1
2011 1
2012 0
2013 0
2014 0
2015 0
2016 0
2017 0
2018 2
2019 0
2020 0
2021 0
2022 1
2023 1
2024 1
2025 0
2026 1
2027 0
2028 1
2029 0
2030 0
2031 1
2032 0
2033 1
2034 2
2035 0
2036 0
2037 1
2038 1
2039 0
2040 0
2041 0
2042 0
2043 0
2044 0
2045 0
2046 0
2047 1
2048 0
2049 1
2050 0
2051 0
2052 0
2053 1
2054 0
2055 1
2056 1
2057 0
2058 1
2059 1
2060 0
2061 0
2062 1
2063 1
2064 0
2065 2
2066 2
2067 3
2068 0
2069 2
2070 0
2071 2
2072 1
2073 0
2074 0
2075 0
2076 0
2077 2
2078 0
2079 2
2080 1
2081 0
2082 1
2083 0
2084 2
2085 0
2086 0
2087 0
2088 1
2089 0
2090 1
2091 0
2092 0
2093 0
2094 0
2095 0
2096 1
2097 0
2098 0
2099 0
2100 0
2101 1
2102 0
2103 0
2104 0
2105 1
2106 1
2107 1
2108 1
2109 0
2110 1
2111 2
2112 1
2113 1
2114 0
2115 0
2116 0
2117 1
2118 0
2119 0
2120 1
2121 0
2122 0
2123 0
2124 1
2125 0
2126 0
2127 0
2128 1
2129 0
2130 0
2131 0
2132 1
2133 1
2134 1
2135 0
2136 2
2137 1
2138 1
2139 1
2140 0
2141 1
2142 1
2143 0
2144 0
2145 0
2146 0
2147 1
2148 0
2149 0
2150 0
2151 0
2152 1
2153 0
2154 0
2155 1
2156 0
2157 0
2158 1
2159 2
2160 0
2161 1
2162 1
2163 0
2164 3
2165 0
2166 0
2167 0
2168 1
2169 0
2170 0
2171 0
2172 0
2173 0
2174 0
2175 3
2176 0
2177 0
2178 0
2179 1
2180 1
2181 0
2182 0
2183 0
2184 0
2185 0
2186 1
2187 2
2188 0
2189 0
2190 1
2191 1
2192 1
2193 0
2194 0
2195 0
2196 1
2197 0
2198 1
2199 1
2200 0
2201 0
2202 0
2203 1
2204 2
2205 2
2206 0
2207 1
2208 1
2209 0
2210 0
2211 0
2212 0
2213 2
2214 3
2215 0
2216 0
2217 0
2218 0
2219 0
2220 1
2221 1
2222 0
2223 1
2224 0
2225 1
2226 0
2227 1
2228 1
2229 0
2230 0
2231 1
2232 1
2233 1
2234 0
2235 1
2236 0
2237 1
2238 0
2239 0
2240 3
2241 0
2242 2
2243 1
2244 1
2245 1
2246 0
2247 0
2248 2
2249 1
2250 1
2251 0
2252 1
2253 1
2254 0
2255 1
2256 2
2257 0
2258 1
2259 0
2260 0
2261 1
2262 2
2263 3
2264 0
2265 0
2266 0
2267 0
2268 0
2269 1
2270 3
2271 2
2272 2
2273 0
2274 0
2275 1
2276 0
2277 3
2278 0
2279 1
2280 1
2281 1
2282 1
2283 0
2284 0
2285 0
2286 0
2287 0
2288 0
2289 0
2290 1
2291 0
2292 0
2293 1
2294 0
2295 0
2296 0
2297 1
2298 0
2299 0
2300 1
2301 0
2302 0
2303 1
2304 0
2305 0
2306 0
2307 0
2308 0
2309 0
2310 1
2311 2
2312 0
2313 1
2314 0
2315 0
2316 0
2317 1
2318 0
2319 0
2320 1
2321 0
2322 1
2323 0
2324 1
2325 0
2326 2
2327 1
2328 1
2329 0
2330 3
2331 1
2332 0
2333 0
2334 0
2335 1
2336 1
2337 1
2338 1
2339 2
2340 1
2341 0
2342 1
2343 0
2344 1
2345 1
2346 0
2347 0
2348 0
2349 1
2350 1
2351 2
2352 0
2353 1
2354 0
2355 1
2356 2
2357 2
2358 0
2359 0
2360 0
2361 0
2362 1
2363 1
2364 1
2365 1
2366 1
2367 0
2368 0
2369 1
2370 1
2371 1
2372 0
2373 0
2374 0
2375 1
2376 1
2377 1
2378 0
2379 1
2380 0
2381 3
2382 1
2383 0
2384 1
2385 0
2386 0
2387 1
2388 0
2389 2
2390 0
2391 0
2392 0
2393 1
2394 2
2395 0
2396 1
2397 0
2398 0
2399 0
2400 0
2401 0
2402 1
2403 0
2404 1
2405 2
2406 0
2407 0
2408 0
2409 0
2410 2
2411 1
2412 2
2413 0
2414 0
2415 1
2416 0
2417 0
2418 1
2419 1
2420 0
2421 0
2422 0
2423 1
2424 0
2425 0
2426 0
2427 1
2428 1
2429 0
2430 0
2431 0
2432 1
2433 2
2434 0
2435 0
2436 1
2437 2
2438 1
2439 1
2440 1
2441 0
2442 0
2443 0
2444 1
2445 1
2446 0
2447 0
2448 0
2449 0
2450 0
2451 1
2452 1
2453 2
2454 1
2455 2
2456 1
2457 2
2458 1
2459 1
2460 1
2461 0
2462 0
2463 0
2464 0
2465 2
2466 0
2467 0
2468 1
2469 0
2470 0
2471 0
2472 0
2473 0
2474 0
2475 0
2476 1
2477 0
2478 1
2479 2
2480 1
2481 2
2482 0
2483 3
2484 0
2485 1
2486 1
2487 0
2488 0
2489 2
2490 0
2491 0
2492 1
2493 0
2494 0
2495 0
2496 1
2497 1
2498 1
2499 0
2500 0
2501 0
2502 2
2503 0
2504 1
2505 3
2506 0
2507 0
2508 1
2509 5
2510 3
2511 1
2512 2
2513 1
2514 1
2515 1
2516 1
2517 0
2518 1
2519 1
2520 0
2521 0
2522 0
2523 0
2524 0
2525 0
2526 3
2527 0
2528 0
2529 0
2530 2
2531 0
2532 2
2533 1
2534 0
2535 0
2536 1
2537 1
2538 2
2539 0
2540 4
2541 2
2542 0
2543 0
2544 0
2545 1
2546 1
2547 0
2548 1
2549 0
2550 0
2551 0
2552 0
2553 1
2554 1
2555 1
2556 0
2557 0
2558 0
2559 2
2560 0
2561 0
2562 0
2563 1
2564 0
2565 1
2566 1
2567 0
2568 0
2569 2
2570 1
2571 2
2572 1
2573 0
2574 1
2575 0
2576 1
2577 0
2578 0
2579 0
2580 0
2581 0
2582 1
2583 0
2584 2
2585 0
2586 0
2587 0
2588 1
2589 2
2590 0
2591 0
2592 0
2593 0
2594 1
2595 0
2596 0
2597 1
2598 0
2599 0
2600 0
2601 1
2602 0
2603 0
2604 0
2605 0
2606 0
2607 1
2608 0
2609 2
2610 0
2611 0
2612 0
2613 0
2614 2
2615 3
2616 0
2617 2
2618 0
2619 2
2620 1
2621 1
2622 0
2623 0
2624 1
2625 0
2626 0
2627 0
2628 0
2629 0
2630 2
2631 2
2632 1
2633 2
2634 1
2635 1
2636 3
2637 1
2638 0
2639 1
2640 1
2641 1
2642 0
2643 1
2644 3
2645 0
2646 1
2647 0
2648 1
2649 1
2650 1
2651 0
2652 1
2653 1
2654 1
2655 1
2656 0
2657 0
2658 1
2659 0
2660 0
2661 2
2662 2
2663 0
2664 1
2665 0
2666 0
2667 0
2668 3
2669 2
2670 0
2671 2
2672 1
2673 0
2674 1
2675 0
2676 2
2677 1
2678 0
2679 2
2680 2
2681 0
2682 0
2683 0
2684 0
2685 2
2686 0
2687 0
2688 0
2689 0
2690 1
2691 0
2692 0
2693 2
2694 2
2695 0
2696 0
2697 1
2698 1
2699 1
2700 1
2701 2
2702 1
2703 0
2704 1
2705 1
2706 0
2707 0
2708 0
2709 1
2710 2
2711 0
2712 0
2713 1
2714 0
2715 0
2716 0
2717 3
2718 1
2719 0
2720 0
2721 0
2722 1
2723 0
2724 1
2725 1
2726 0
2727 0
2728 2
2729 0
2730 1
2731 0
2732 1
2733 1
2734 0
2735 1
2736 1
2737 0
2738 2
2739 0
2740 0
2741 0
2742 0
2743 1
2744 0
2745 3
2746 0
2747 1
2748 1
2749 1
2750 1
2751 1
2752 1
2753 1
2754 1
2755 1
2756 2
2757 1
2758 1
2759 1
2760 0
2761 1
2762 0
2763 0
2764 2
2765 1
2766 1
2767 0
2768 3
2769 0
2770 0
2771 1
2772 1
2773 2
2774 1
2775 2
2776 3
2777 1
2778 0
2779 0
2780 2
2781 2
2782 2
2783 1
2784 0
2785 0
2786 2
2787 1
2788 1
2789 0
2790 2
2791 0
2792 0
2793 0
2794 0
2795 0
2796 0
2797 1
2798 2
2799 0
2800 0
2801 1
2802 0
2803 0
2804 0
2805 0
2806 1
2807 0
2808 1
2809 0
2810 0
2811 1
2812 3
2813 0
2814 1
2815 0
2816 0
2817 0
2818 0
2819 1
2820 0
2821 1
2822 1
2823 0
2824 1
2825 0
2826 0
2827 0
2828 3
2829 0
2830 1
2831 0
2832 1
2833 1
2834 0
2835 0
2836 0
2837 0
2838 1
2839 0
2840 0
2841 0
2842 0
2843 0
2844 1
2845 0
2846 1
2847 2
2848 0
2849 0
2850 1
2851 0
2852 0
2853 0
2854 1
2855 2
2856 1
2857 0
2858 0
2859 0
2860 1
2861 0
2862 2
2863 0
2864 1
2865 0
2866 0
2867 0
2868 0
2869 1
2870 2
2871 2
2872 0
2873 1
2874 0
2875 3
2876 2
2877 0
2878 3
2879 2
2880 0
2881 0
2882 0
2883 1
2884 0
2885 0
2886 1
2887 0
2888 0
2889 0
2890 0
2891 0
2892 0
2893 0
2894 0
2895 0
2896 0
2897 0
2898 1
2899 0
2900 1
2901 0
2902 0
2903 1
2904 1
2905 1
2906 1
2907 0
2908 1
2909 0
2910 0
2911 1
2912 1
2913 0
2914 0
2915 0
2916 0
2917 2
2918 0
2919 1
2920 0
2921 0
2922 0
2923 1
2924 1
2925 0
2926 2
2927 0
2928 0
2929 0
2930 0
2931 0
2932 0
2933 0
2934 2
2935 1
2936 0
2937 1
2938 0
2939 0
2940 1
2941 0
2942 1
2943 0
2944 0
2945 1
2946 0
2947 2
2948 0
2949 2
2950 1
2951 0
2952 2
2953 0
2954 0
2955 1
2956 0
2957 0
2958 0
2959 2
2960 0
2961 1
2962 1
2963 0
2964 0
2965 0
2966 0
2967 1
2968 0
2969 1
2970 0
2971 1
2972 0
2973 0
2974 0
2975 1
2976 2
2977 0
2978 0
2979 0
2980 0
2981 0
2982 1
2983 1
2984 0
2985 1
2986 2
2987 1
2988 0
2989 0
2990 0
2991 0
2992 1
2993 1
2994 1
2995 2
2996 3
2997 0
2998 1
2999 2
3000 0
3001 0
3002 0
3003 1
3004 0
3005 0
3006 1
3007 0
3008 0
3009 1
3010 0
3011 0
3012 0
3013 0
3014 0
3015 1
3016 1
3017 1
3018 2
3019 0
3020 0
3021 0
3022 0
3023 1
3024 0
3025 0
3026 1
3027 0
3028 0
3029 0
3030 0
3031 1
3032 0
3033 0
3034 1
3035 0
3036 0
3037 1
3038 0
3039 2
3040 0
3041 1
3042 0
3043 1
3044 1
3045 1
3046 2
3047 0
3048 2
3049 1
3050 1
3051 0
3052 1
3053 1
3054 0
3055 0
3056 2
3057 0
3058 0
3059 0
3060 0
3061 1
3062 0
3063 0
3064 2
3065 0
3066 1
3067 0
3068 2
3069 0
3070 0
3071 0
3072 2
3073 0
3074 0
3075 2
3076 2
3077 0
3078 1
3079 0
3080 0
3081 0
3082 0
3083 1
3084 1
3085 3
3086 0
3087 1
3088 0
3089 0
3090 2
3091 1
3092 0
3093 0
3094 0
3095 0
3096 3
3097 0
3098 0
3099 1
3100 0
3101 0
3102 0
3103 0
3104 0
3105 0
3106 1
3107 0
3108 1
3109 1
3110 2
3111 0
3112 0
3113 0
3114 0
3115 3
3116 2
3117 1
3118 0
3119 1
3120 2
3121 1
3122 2
3123 1
3124 0
3125 2
3126 0
3127 1
3128 1
3129 0
3130 1
3131 1
3132 0
3133 0
3134 1
3135 1
3136 3
3137 1
3138 0
3139 1
3140 0
3141 1
3142 1
3143 1
3144 1
3145 0
3146 1
3147 2
3148 0
3149 1
3150 1
3151 0
3152 0
3153 0
3154 0
3155 3
3156 1
3157 0
3158 0
3159 0
3160 0
3161 1
3162 1
3163 0
3164 1
3165 0
3166 0
3167 0
3168 1
3169 0
3170 0
3171 0
3172 1
3173 0
3174 0
3175 2
3176 1
3177 1
3178 0
3179 0
3180 0
3181 1
3182 0
3183 1
3184 1
3185 1
3186 0
3187 1
3188 0
3189 0
3190 2
3191 1
3192 0
3193 0
3194 2
3195 1
3196 1
3197 1
3198 0
3199 0
3200 1
3201 1
3202 2
3203 2
3204 1
3205 2
3206 0
3207 1
3208 1
3209 2
3210 2
3211 0
3212 0
3213 2
3214 0
3215 0
3216 1
3217 0
3218 0
3219 1
3220 2
3221 0
3222 0
3223 0
3224 3
3225 1
3226 1
3227 1
3228 1
3229 0
3230 0
3231 2
3232 2
3233 1
3234 2
3235 0
3236 0
3237 0
3238 1
3239 0
3240 3
3241 0
3242 0
3243 3
3244 0
3245 0
3246 0
3247 0
3248 1
3249 0
3250 3
3251 3
3252 0
3253 0
3254 0
3255 2
3256 3
3257 0
3258 0
3259 1
3260 2
3261 0
3262 1
3263 0
3264 0
3265 0
3266 1
3267 1
3268 2
3269 0
3270 0
3271 0
3272 2
3273 0
3274 0
3275 4
3276 2
3277 0
3278 2
3279 0
3280 0
3281 0
3282 3
3283 1
3284 2
3285 0
3286 1
3287 0
3288 2
3289 0
3290 0
3291 0
3292 0
3293 2
3294 0
3295 0
3296 1
3297 1
3298 1
3299 0
3300 0
3301 0
3302 0
3303 1
3304 0
3305 0
3306 1
3307 2
3308 3
3309 0
3310 2
3311 0
3312 0
3313 1
3314 0
3315 1
3316 0
3317 0
3318 2
3319 0
3320 0
3321 1
3322 1
3323 0
3324 0
3325 1
3326 1
3327 1
3328 0
3329 1
3330 1
3331 1
3332 2
3333 1
3334 2
3335 1
3336 0
3337 1
3338 1
3339 1
3340 0
3341 0
3342 2
3343 0
3344 1
3345 2
3346 1
3347 3
3348 2
3349 0
3350 0
3351 1
3352 1
3353 0
3354 1
3355 0
3356 1
3357 1
3358 0
3359 1
3360 0
3361 1
3362 1
3363 0
3364 0
3365 1
3366 1
3367 2
3368 0
3369 0
3370 0
3371 1
3372 1
3373 1
3374 0
3375 0
3376 0
3377 0
3378 0
3379 0
3380 0
3381 0
3382 1
3383 1
3384 1
3385 0
3386 1
3387 1
3388 0
3389 1
3390 0
3391 0
3392 1
3393 2
3394 0
3395 1
3396 1
3397 3
3398 0
3399 2
3400 0
3401 1
3402 1
3403 0
3404 0
3405 0
3406 0
3407 1
3408 0
3409 2
3410 2
3411 1
3412 1
3413 1
3414 0
3415 1
3416 1
3417 0
3418 1
3419 3
3420 0
3421 0
3422 1
3423 1
3424 0
3425 0
3426 0
3427 0
3428 1
3429 0
3430 1
3431 0
3432 0
3433 0
3434 1
3435 1
3436 1
3437 2
3438 1
3439 0
3440 0
3441 2
3442 0
3443 0
3444 3
3445 1
3446 1
3447 1
3448 1
3449 1
3450 0
3451 1
3452 0
3453 0
3454 0
3455 0
3456 1
3457 0
3458 0
3459 3
3460 0
3461 0
3462 1
3463 1
3464 0
3465 3
3466 1
3467 0
3468 0
3469 2
3470 0
3471 0
3472 0
3473 2
3474 2
3475 1
3476 0
3477 1
3478 0
3479 0
3480 1
3481 0
3482 1
3483 1
3484 1
3485 1
3486 2
3487 0
3488 0
3489 0
3490 2
3491 0
3492 0
3493 0
3494 1
3495 1
3496 2
3497 0
3498 2
3499 1
3500 0
3501 0
3502 2
3503 2
3504 1
3505 3
3506 1
3507 0
3508 3
3509 0
3510 0
3511 1
3512 1
3513 1
3514 1
3515 0
3516 0
3517 2
3518 3
3519 0
3520 1
3521 0
3522 0
3523 0
3524 0
3525 2
3526 0
3527 1
3528 0
3529 0
3530 0
3531 0
3532 0
3533 2
3534 1
3535 3
3536 2
3537 1
3538 1
3539 1
3540 0
3541 1
3542 2
3543 0
3544 0
3545 0
3546 2
3547 1
3548 0
3549 0
3550 0
3551 1
3552 0
3553 0
3554 0
3555 0
3556 0
3557 1
3558 0
3559 0
3560 1
3561 0
3562 3
3563 0
3564 2
3565 1
3566 1
3567 0
3568 0
3569 1
3570 0
3571 1
3572 0
3573 2
3574 1
3575 2
3576 1
3577 1
3578 0
3579 0
3580 0
3581 0
3582 0
3583 0
3584 1
3585 0
3586 1
3587 1
3588 1
3589 1
3590 0
3591 1
3592 1
3593 0
3594 2
3595 0
3596 0
3597 1
3598 0
3599 1
3600 1
3601 1
3602 0
3603 1
3604 0
3605 0
3606 0
3607 0
3608 0
3609 0
3610 0
3611 2
3612 2
3613 0
3614 1
3615 1
3616 1
3617 0
3618 1
3619 1
3620 1
3621 0
3622 2
3623 2
3624 2
3625 0
3626 1
3627 2
3628 2
3629 1
3630 1
3631 1
3632 0
3633 0
3634 0
3635 0
3636 0
3637 0
3638 1
3639 1
3640 0
3641 1
3642 0
3643 0
3644 0
3645 1
3646 1
3647 0
3648 0
3649 0
3650 0
3651 0
3652 2
3653 2
3654 0
3655 0
3656 1
3657 0
3658 1
3659 2
3660 0
3661 1
3662 0
3663 0
3664 1
3665 1
3666 2
3667 3
3668 1
3669 0
3670 2
3671 0
3672 1
3673 0
3674 0
3675 0
3676 0
3677 0
3678 0
3679 1
3680 0
3681 0
3682 1
3683 0
3684 2
3685 0
3686 1
3687 0
3688 0
3689 0
3690 1
3691 0
3692 0
3693 1
3694 1
3695 0
3696 0
3697 0
3698 0
3699 2
3700 1
3701 2
3702 0
3703 1
3704 0
3705 1
3706 0
3707 0
3708 1
3709 1
3710 0
3711 0
3712 0
3713 0
3714 0
3715 0
3716 1
3717 2
3718 1
3719 0
3720 1
3721 0
3722 0
3723 0
3724 3
3725 1
3726 0
3727 2
3728 0
3729 1
3730 2
3731 0
3732 0
3733 2
3734 0
3735 0
3736 1
3737 0
3738 1
3739 1
3740 0
3741 0
3742 1
3743 1
3744 0
3745 0
3746 1
3747 0
3748 0
3749 2
3750 2
3751 0
3752 2
3753 1
3754 2
3755 0
3756 2
3757 0
3758 0
3759 0
3760 2
3761 1
3762 1
3763 1
3764 2
3765 1
3766 1
3767 0
3768 2
3769 0
3770 0
3771 0
3772 1
3773 1
3774 2
3775 0
3776 1
3777 0
3778 0
3779 0
3780 0
3781 0
3782 0
3783 0
3784 1
3785 0
3786 0
3787 3
3788 1
3789 1
3790 0
3791 1
3792 0
3793 1
3794 0
3795 0
3796 0
3797 1
3798 1
3799 3
3800 0
3801 0
3802 0
3803 0
3804 0
3805 0
3806 1
3807 0
3808 1
3809 1
3810 2
3811 1
3812 0
3813 3
3814 1
3815 1
3816 0
3817 0
3818 0
3819 0
3820 1
3821 0
3822 0
3823 0
3824 0
3825 0
3826 1
3827 0
3828 1
3829 0
3830 0
3831 0
3832 0
3833 2
3834 2
3835 0
3836 1
3837 0
3838 1
3839 0
3840 0
3841 1
3842 1
3843 0
3844 0
3845 0
3846 0
3847 0
3848 0
3849 1
3850 0
3851 0
3852 3
3853 1
3854 0
3855 2
3856 1
3857 1
3858 0
3859 1
3860 0
3861 1
3862 1
3863 1
3864 1
3865 0
3866 0
3867 1
3868 0
3869 2
3870 2
3871 2
3872 0
3873 2
3874 1
3875 0
3876 1
3877 1
3878 0
3879 2
3880 0
3881 0
3882 1
3883 0
3884 0
3885 0
3886 1
3887 0
3888 1
3889 0
3890 0
3891 0
3892 0
3893 0
3894 1
3895 0
3896 1
3897 0
3898 0
3899 0
3900 0
3901 0
3902 1
3903 1
3904 0
3905 0
3906 2
3907 0
3908 0
3909 2
3910 1
3911 1
3912 0
3913 0
3914 1
3915 1
3916 0
3917 1
3918 1
3919 1
3920 1
3921 0
3922 0
3923 1
3924 1
3925 0
3926 1
3927 0
3928 2
3929 1
3930 1
3931 0
3932 1
3933 0
3934 0
3935 0
3936 1
3937 0
3938 1
3939 1
3940 1
3941 1
3942 0
3943 2
3944 0
3945 0
3946 0
3947 0
3948 1
3949 0
3950 1
3951 0
3952 1
3953 2
3954 2
3955 0
3956 2
3957 0
3958 0
3959 1
3960 0
3961 0
3962 0
3963 0
3964 0
3965 0
3966 0
3967 1
3968 0
3969 0
3970 1
3971 1
3972 0
3973 1
3974 0
3975 1
3976 0
3977 1
3978 1
3979 2
3980 0
3981 0
3982 0
3983 1
3984 0
3985 1
3986 1
3987 2
3988 0
3989 0
3990 0
3991 2
3992 0
3993 0
3994 1
3995 0
3996 1
3997 1
3998 1
3999 0
4000 1
4001 0
4002 0
4003 4
4004 2
4005 0
4006 1
4007 0
4008 1
4009 0
4010 1
4011 1
4012 2
4013 0
4014 0
4015 0
4016 0
4017 0
4018 1
4019 0
4020 0
4021 2
4022 1
4023 2
4024 0
4025 1
4026 1
4027 0
4028 1
4029 1
4030 0
4031 0
4032 1
4033 1
4034 1
4035 1
4036 0
4037 2
4038 0
4039 2
4040 0
4041 0
4042 1
4043 0
4044 0
4045 1
4046 1
4047 0
4048 2
4049 3
4050 1
4051 0
4052 0
4053 1
4054 1
4055 1
4056 0
4057 1
4058 1
4059 1
4060 2
4061 1
4062 1
4063 2
4064 2
4065 0
4066 0
4067 2
4068 0
4069 1
4070 0
4071 0
4072 0
4073 1
4074 1
4075 0
4076 0
4077 1
4078 0
4079 1
4080 0
4081 1
4082 0
4083 0
4084 1
4085 1
4086 0
4087 0
4088 0
4089 2
4090 0
4091 2
4092 1
4093 0
4094 0
4095 0
4096 1
4097 0
4098 0
4099 0
4100 1
4101 2
4102 1
4103 1
4104 2
4105 2
4106 2
4107 1
4108 1
4109 1
4110 1
4111 2
4112 3
4113 0
4114 0
4115 1
4116 1
4117 2
4118 2
4119 0
4120 2
4121 0
4122 1
4123 1
4124 0
4125 0
4126 0
4127 2
4128 1
4129 2
4130 1
4131 1
4132 0
4133 0
4134 0
4135 0
4136 0
4137 0
4138 0
4139 0
4140 0
4141 0
4142 0
4143 0
4144 2
4145 3
4146 0
4147 2
4148 0
4149 0
4150 0
4151 0
4152 1
4153 0
4154 0
4155 0
4156 1
4157 0
4158 0
4159 2
4160 1
4161 1
4162 0
4163 1
4164 1
4165 1
4166 1
4167 0
4168 1
4169 1
4170 0
4171 1
4172 0
4173 1
4174 1
4175 0
4176 0
4177 0
4178 0
4179 1
4180 0
4181 0
4182 1
4183 2
4184 0
4185 0
4186 0
4187 0
4188 3
4189 0
4190 0
4191 0
4192 0
4193 2
4194 0
4195 1
4196 0
4197 2
4198 2
4199 1
4200 1
4201 0
4202 1
4203 0
4204 0
4205 0
4206 1
4207 0
4208 1
4209 1
4210 1
4211 2
4212 0
4213 0
4214 1
4215 1
4216 0
4217 1
4218 1
4219 0
4220 1
4221 2
4222 0
4223 1
4224 0
4225 1
4226 0
4227 0
4228 2
4229 0
4230 0
4231 0
4232 1
4233 1
4234 0
4235 1
4236 1
4237 1
4238 1
4239 0
4240 0
4241 0
4242 1
4243 1
4244 1
4245 0
4246 0
4247 0
4248 0
4249 0
4250 1
4251 1
4252 1
4253 0
4254 1
4255 0
4256 1
4257 1
4258 0
4259 2
4260 2
4261 3
4262 0
4263 2
4264 1
4265 0
4266 1
4267 0
4268 1
4269 1
4270 1
4271 4
4272 2
4273 0
4274 0
4275 0
4276 0
4277 1
4278 1
4279 1
4280 1
4281 0
4282 1
4283 2
4284 1
4285 2
4286 0
4287 1
4288 0
4289 0
4290 0
4291 1
4292 0
4293 0
4294 0
4295 0
4296 1
4297 0
4298 2
4299 0
4300 1
4301 0
4302 0
4303 0
4304 0
4305 0
4306 0
4307 1
4308 0
4309 1
4310 0
4311 0
4312 1
4313 1
4314 1
4315 0
4316 1
4317 1
4318 0
4319 1
4320 0
4321 0
4322 0
4323 1
4324 0
4325 2
4326 1
4327 2
4328 1
4329 1
4330 0
4331 3
4332 2
4333 0
4334 1
4335 2
4336 1
4337 1
4338 0
4339 0
4340 2
4341 1
4342 0
4343 1
4344 1
4345 0
4346 0
4347 0
4348 0
4349 2
4350 1
4351 1
4352 0
4353 0
4354 2
4355 3
4356 1
4357 1
4358 0
4359 1
4360 0
4361 0
4362 1
4363 1
4364 0
4365 1
4366 0
4367 1
4368 2
4369 0
4370 1
4371 2
4372 1
4373 2
4374 0
4375 0
4376 1
4377 1
4378 0
4379 0
4380 1
4381 0
4382 0
4383 0
4384 0
4385 1
4386 0
4387 1
4388 0
4389 2
4390 1
4391 1
4392 1
4393 1
4394 1
4395 2
4396 1
4397 0
4398 2
4399 0
4400 1
4401 0
4402 2
4403 1
4404 0
4405 1
4406 2
4407 0
4408 2
4409 1
4410 0
4411 0
4412 0
4413 0
4414 0
4415 0
4416 2
4417 0
4418 0
4419 1
4420 0
4421 0
4422 0
4423 0
4424 1
4425 0
4426 0
4427 0
4428 0
4429 0
4430 0
4431 1
4432 0
4433 0
4434 0
4435 0
4436 0
4437 2
4438 0
4439 1
4440 2
4441 1
4442 0
4443 1
4444 1
4445 0
4446 0
4447 0
4448 0
4449 5
4450 2
4451 0
4452 0
4453 1
4454 2
4455 0
4456 1
4457 0
4458 0
4459 1
4460 0
4461 0
4462 0
4463 1
4464 1
4465 0
4466 0
4467 1
4468 0
4469 0
4470 1
4471 0
4472 1
4473 0
4474 1
4475 0
4476 2
4477 1
4478 0
4479 1
4480 0
4481 0
4482 0
4483 1
4484 0
4485 0
4486 1
4487 1
4488 0
4489 0
4490 1
4491 0
4492 0
4493 1
4494 1
4495 2
4496 0
4497 0
4498 0
4499 2
4500 2
4501 0
4502 0
4503 0
4504 0
4505 0
4506 0
4507 2
4508 1
4509 1
4510 0
4511 1
4512 1
4513 0
4514 2
4515 1
4516 1
4517 0
4518 0
4519 3
4520 2
4521 1
4522 1
4523 0
4524 0
4525 1
4526 1
4527 1
4528 3
4529 0
4530 0
4531 0
4532 0
4533 0
4534 0
4535 0
4536 0
4537 1
4538 0
4539 0
4540 0
4541 0
4542 0
4543 0
4544 1
4545 0
4546 0
4547 0
4548 1
4549 0
4550 0
4551 0
4552 0
4553 0
4554 1
4555 4
4556 2
4557 2
4558 0
4559 1
4560 0
4561 3
4562 0
4563 0
4564 1
4565 0
4566 2
4567 1
4568 0
4569 1
4570 0
4571 0
4572 0
4573 2
4574 0
4575 1
4576 2
4577 0
4578 1
4579 1
4580 3
4581 2
4582 1
4583 0
4584 1
4585 1
4586 0
4587 1
4588 0
4589 1
4590 1
4591 0
4592 1
4593 2
4594 2
4595 0
4596 0
4597 1
4598 0
4599 1
4600 0
4601 2
4602 0
4603 0
4604 1
4605 2
4606 0
4607 2
4608 0
4609 1
4610 1
4611 2
4612 1
4613 1
4614 0
4615 0
4616 2
4617 2
4618 1
4619 1
4620 0
4621 0
4622 1
4623 0
4624 0
4625 2
4626 1
4627 0
4628 0
4629 0
4630 0
4631 0
4632 2
4633 2
4634 0
4635 0
4636 1
4637 1
4638 0
4639 0
4640 0
4641 0
4642 1
4643 2
4644 1
4645 0
4646 1
4647 1
4648 1
4649 1
4650 1
4651 0
4652 0
4653 0
4654 1
4655 2
4656 0
4657 1
4658 0
4659 0
4660 0
4661 0
4662 0
4663 0
4664 0
4665 0
4666 0
4667 1
4668 3
4669 0
4670 1
4671 0
4672 0
4673 1
4674 0
4675 0
4676 1
4677 0
4678 2
4679 0
4680 1
4681 0
4682 1
4683 0
4684 1
4685 0
4686 0
4687 0
4688 0
4689 1
4690 2
4691 1
4692 0
4693 1
4694 0
4695 0
4696 0
4697 0
4698 1
4699 0
4700 1
4701 0
4702 0
4703 0
4704 1
4705 0
4706 0
4707 2
4708 2
4709 0
4710 0
4711 1
4712 3
4713 1
4714 0
4715 0
4716 1
4717 0
4718 0
4719 2
4720 0
4721 0
4722 1
4723 0
4724 0
4725 0
4726 0
4727 0
4728 1
4729 1
4730 0
4731 0
4732 1
4733 2
4734 0
4735 1
4736 0
4737 1
4738 1
4739 0
4740 1
4741 0
4742 0
4743 1
4744 2
4745 0
4746 0
4747 1
4748 1
4749 1
4750 0
4751 0
4752 2
4753 1
4754 0
4755 0
4756 0
4757 2
4758 1
4759 0
4760 3
4761 1
4762 0
4763 1
4764 0
4765 0
4766 1
4767 0
4768 0
4769 5
4770 2
4771 1
4772 2
4773 0
4774 0
4775 0
4776 0
4777 2
4778 1
4779 0
4780 0
4781 2
4782 1
4783 1
4784 2
4785 1
4786 1
4787 0
4788 0
4789 0
4790 0
4791 0
4792 0
4793 1
4794 1
4795 0
4796 0
4797 0
4798 0
4799 1
4800 0
4801 2
4802 0
4803 0
4804 2
4805 0
4806 1
4807 0
4808 1
4809 0
4810 1
4811 2
4812 1
4813 0
4814 1
4815 1
4816 2
4817 1
4818 2
4819 1
4820 0
4821 0
4822 1
4823 0
4824 2
4825 2
4826 1
4827 1
4828 1
4829 0
4830 1
4831 0
4832 1
4833 1
4834 0
4835 0
4836 1
4837 0
4838 1
4839 2
4840 1
4841 0
4842 0
4843 1
4844 1
4845 0
4846 2
4847 0
4848 1
4849 1
4850 0
4851 2
4852 0
4853 0
4854 2
4855 0
4856 1
4857 0
4858 0
4859 1
4860 0
4861 2
4862 1
4863 1
4864 1
4865 0
4866 2
4867 1
4868 1
4869 1
4870 1
4871 1
4872 1
4873 3
4874 0
4875 1
4876 2
4877 2
4878 2
4879 1
4880 0
4881 0
4882 0
4883 2
4884 0
4885 0
4886 1
4887 1
4888 0
4889 0
4890 0
4891 0
4892 2
4893 0
4894 0
4895 1
4896 1
4897 0
4898 1
4899 2
4900 0
4901 1
4902 3
4903 0
4904 1
4905 0
4906 0
4907 0
4908 0
4909 2
4910 0
4911 1
4912 1
4913 1
4914 0
4915 0
4916 0
4917 1
4918 1
4919 1
4920 0
4921 1
4922 1
4923 1
4924 0
4925 2
4926 2
4927 4
4928 1
4929 1
4930 1
4931 0
4932 0
4933 0
4934 0
4935 0
4936 1
4937 0
4938 1
4939 1
4940 1
4941 1
4942 0
4943 1
4944 0
4945 2
4946 0
4947 0
4948 1
4949 0
4950 1
4951 0
4952 0
4953 0
4954 1
4955 0
4956 0
4957 0
4958 1
4959 0
4960 0
4961 1
4962 0
4963 1
4964 0
4965 0
4966 1
4967 0
4968 0
4969 0
4970 1
4971 2
4972 1
4973 1
4974 2
4975 1
4976 0
4977 0
4978 0
4979 0
4980 1
4981 1
4982 0
4983 0
4984 0
4985 1
4986 0
4987 0
4988 0
4989 0
4990 1
4991 1
4992 0
4993 0
4994 1
4995 0
4996 0
4997 1
4998 1
4999 0
5000 1
5001 3
5002 3
5003 1
5004 0
5005 0
5006 0
5007 2
5008 0
5009 0
5010 1
5011 0
5012 1
5013 0
5014 0
5015 1
5016 0
5017 0
5018 0
5019 0
5020 0
5021 1
5022 0
5023 1
5024 0
5025 0
5026 0
5027 0
5028 0
5029 1
5030 1
5031 0
5032 0
5033 0
5034 0
5035 1
5036 0
5037 0
5038 1
5039 1
5040 0
5041 1
5042 0
5043 0
5044 0
5045 0
5046 0
5047 0
5048 0
5049 0
5050 1
5051 2
5052 2
5053 0
5054 1
5055 0
5056 0
5057 0
5058 0
5059 0
5060 2
5061 0
5062 1
5063 1
5064 1
5065 0
5066 0
5067 0
5068 2
5069 1
5070 0
5071 0
5072 0
5073 0
5074 0
5075 1
5076 0
5077 0
5078 0
5079 0
5080 1
5081 2
5082 1
5083 4
5084 1
5085 1
5086 3
5087 1
5088 0
5089 0
5090 1
5091 0
5092 1
5093 0
5094 1
5095 1
5096 0
5097 0
5098 1
5099 2
5100 1
5101 1
5102 0
5103 0
5104 1
5105 1
5106 1
5107 0
5108 0
5109 1
5110 0
5111 1
5112 1
5113 0
5114 0
5115 1
5116 0
5117 0
5118 0
5119 0
5120 2
5121 1
5122 0
5123 0
5124 1
5125 1
5126 0
5127 0
5128 1
5129 0
5130 0
5131 0
5132 2
5133 0
5134 0
5135 0
5136 0
5137 0
5138 0
5139 1
5140 0
5141 0
5142 0
5143 1
5144 0
5145 0
5146 0
5147 0
5148 0
5149 1
5150 1
5151 0
5152 1
5153 0
5154 2
5155 0
5156 0
5157 1
5158 2
5159 2
5160 1
5161 1
5162 1
5163 1
5164 0
5165 1
5166 0
5167 2
5168 0
5169 1
5170 1
5171 0
5172 0
5173 1
5174 0
5175 1
5176 1
5177 1
5178 2
5179 0
5180 2
5181 0
5182 1
5183 2
5184 0
5185 1
5186 0
5187 1
5188 0
5189 0
5190 0
5191 2
5192 0
5193 0
5194 2
5195 0
5196 1
5197 1
5198 2
5199 0
5200 0
5201 1
5202 0
5203 1
5204 0
5205 0
5206 2
5207 1
5208 0
5209 1
5210 2
5211 1
5212 0
5213 1
5214 0
5215 2
5216 0
5217 1
5218 1
5219 0
5220 0
5221 0
5222 1
5223 1
5224 0
5225 2
5226 0
5227 0
5228 3
5229 0
5230 0
5231 1
5232 0
5233 1
5234 0
5235 1
5236 2
5237 0
5238 0
5239 1
5240 0
5241 2
5242 1
5243 0
5244 0
5245 0
5246 1
5247 1
5248 1
5249 0
5250 0
5251 0
5252 0
5253 0
5254 1
5255 0
5256 0
5257 1
5258 0
5259 2
5260 0
5261 1
5262 0
5263 1
5264 0
5265 0
5266 0
5267 1
5268 0
5269 1
5270 1
5271 1
5272 0
5273 0
5274 0
5275 1
5276 2
5277 2
5278 0
5279 0
5280 0
5281 0
5282 0
5283 0
5284 0
5285 0
5286 1
5287 1
5288 1
5289 2
5290 0
5291 1
5292 0
5293 1
5294 1
5295 1
5296 0
5297 1
5298 2
5299 0
5300 0
5301 1
5302 2
5303 0
5304 1
5305 1
5306 0
5307 1
5308 2
5309 0
5310 2
5311 0
5312 0
5313 0
5314 1
5315 0
5316 1
5317 1
5318 0
5319 1
5320 0
5321 0
5322 0
5323 0
5324 0
5325 0
5326 0
5327 0
5328 2
5329 1
5330 0
5331 0
5332 0
5333 1
5334 4
5335 2
5336 1
5337 1
5338 1
5339 0
5340 0
5341 1
5342 1
5343 1
5344 1
5345 0
5346 1
5347 0
5348 2
5349 2
5350 1
5351 0
5352 2
5353 1
5354 0
5355 1
5356 0
5357 0
5358 0
5359 0
5360 0
5361 2
5362 1
5363 0
5364 0
5365 1
5366 0
5367 0
5368 0
5369 0
5370 0
5371 0
5372 2
5373 1
5374 0
5375 1
5376 1
5377 0
5378 0
5379 1
5380 0
5381 0
5382 2
5383 0
5384 2
5385 1
5386 1
5387 0
5388 0
5389 1
5390 1
5391 1
5392 0
5393 2
5394 0
5395 0
5396 0
5397 0
5398 0
5399 1
5400 0
5401 1
5402 0
5403 0
5404 0
5405 0
5406 0
5407 1
5408 0
5409 0
5410 0
5411 1
5412 0
5413 0
5414 2
5415 0
5416 1
5417 0
5418 1
5419 0
5420 0
5421 2
5422 0
5423 0
5424 2
5425 1
5426 2
5427 2
5428 0
5429 0
5430 1
5431 0
5432 0
5433 0
5434 0
5435 1
5436 0
5437 2
5438 0
5439 0
5440 2
5441 0
5442 0
5443 1
5444 0
5445 0
5446 0
5447 1
5448 1
5449 0
5450 1
5451 0
5452 0
5453 0
5454 0
5455 1
5456 0
5457 1
5458 0
5459 2
5460 0
5461 0
5462 0
5463 1
5464 0
5465 1
5466 0
5467 0
5468 0
5469 0
5470 1
5471 1
5472 0
5473 0
5474 0
5475 0
5476 0
5477 1
5478 1
5479 0
5480 0
5481 0
5482 1
5483 1
5484 1
5485 0
5486 2
5487 2
5488 0
5489 0
5490 1
5491 0
5492 0
5493 1
5494 1
5495 0
5496 0
5497 1
5498 2
5499 2
5500 0
5501 1
5502 0
5503 0
5504 1
5505 1
5506 2
5507 1
5508 0
5509 0
5510 0
5511 0
5512 0
5513 0
5514 0
5515 0
5516 2
5517 1
5518 0
5519 1
5520 0
5521 0
5522 1
5523 1
5524 1
5525 1
5526 0
5527 3
5528 1
5529 1
5530 0
5531 0
5532 1
5533 0
5534 0
5535 1
5536 0
5537 1
5538 0
5539 2
5540 1
5541 0
5542 0
5543 2
5544 0
5545 1
5546 1
5547 1
5548 1
5549 1
5550 0
5551 0
5552 2
5553 1
5554 2
5555 0
5556 2
5557 0
5558 2
5559 1
5560 0
5561 1
5562 1
5563 3
5564 0
5565 2
5566 2
5567 0
5568 1
5569 2
5570 2
5571 1
5572 0
5573 1
5574 0
5575 0
5576 2
5577 0
5578 0
5579 0
5580 1
5581 0
5582 0
5583 0
5584 0
5585 0
5586 0
5587 0
5588 1
5589 0
5590 1
5591 0
5592 2
5593 0
5594 1
5595 0
5596 3
5597 0
5598 0
5599 1
5600 0
5601 0
5602 0
5603 0
5604 0
5605 0
5606 0
5607 1
5608 0
5609 1
5610 4
5611 1
5612 0
5613 1
5614 0
5615 2
5616 0
5617 0
5618 2
5619 1
5620 0
5621 1
5622 0
5623 1
5624 1
5625 1
5626 2
5627 0
5628 1
5629 1
5630 0
5631 2
5632 1
5633 0
5634 1
5635 0
5636 0
5637 1
5638 4
5639 2
5640 2
5641 1
5642 0
5643 1
5644 2
5645 3
5646 0
5647 0
5648 1
5649 0
5650 0
5651 0
5652 0
5653 0
5654 2
5655 0
5656 1
5657 1
5658 0
5659 0
5660 0
5661 1
5662 1
5663 0
5664 0
5665 0
5666 0
5667 1
5668 0
5669 3
5670 1
5671 0
5672 2
5673 1
5674 0
5675 1
5676 1
5677 2
5678 1
5679 1
5680 3
5681 0
5682 1
5683 0
5684 0
5685 1
5686 0
5687 1
5688 1
5689 1
5690 1
5691 2
5692 0
5693 1
5694 0
5695 0
5696 0
5697 0
5698 1
5699 1
5700 0
5701 0
5702 0
5703 2
5704 2
5705 0
5706 1
5707 0
5708 0
5709 1
5710 0
5711 2
5712 2
5713 0
5714 1
5715 1
5716 0
5717 0
5718 0
5719 0
5720 1
5721 0
5722 0
5723 1
5724 0
5725 0
5726 0
5727 0
5728 0
5729 0
5730 2
5731 1
5732 0
5733 1
5734 0
5735 0
5736 2
5737 0
5738 0
5739 1
5740 1
5741 0
5742 1
5743 0
5744 2
5745 0
5746 0
5747 0
5748 1
5749 0
5750 2
5751 0
5752 1
5753 0
5754 1
5755 0
5756 0
5757 0
5758 2
5759 0
5760 2
5761 0
5762 0
5763 0
5764 0
5765 2
5766 0
5767 0
5768 0
5769 2
5770 0
5771 0
5772 1
5773 0
5774 2
5775 0
5776 3
5777 2
5778 1
5779 1
5780 0
5781 0
5782 1
5783 0
5784 0
5785 0
5786 1
5787 1
5788 0
5789 0
5790 1
5791 1
5792 0
5793 0
5794 0
5795 2
5796 2
5797 1
5798 1
5799 1
5800 0
5801 0
5802 0
5803 1
5804 0
5805 1
5806 1
5807 0
5808 1
5809 0
5810 0
5811 0
5812 1
5813 1
5814 0
5815 0
5816 0
5817 2
5818 0
5819 1
5820 0
5821 0
5822 2
5823 1
5824 1
5825 0
5826 0
5827 0
5828 1
5829 0
5830 1
5831 2
5832 1
5833 0
5834 1
5835 1
5836 2
5837 0
5838 1
5839 0
5840 2
5841 0
5842 0
5843 0
5844 1
5845 0
5846 0
5847 1
5848 2
5849 0
5850 1
5851 1
5852 1
5853 0
5854 0
5855 0
5856 0
5857 0
5858 0
5859 1
5860 1
5861 0
5862 1
5863 0
5864 2
5865 0
5866 0
5867 0
5868 1
5869 0
5870 1
5871 3
5872 0
5873 0
5874 1
5875 0
5876 1
5877 0
5878 1
5879 1
5880 0
5881 1
5882 1
5883 2
5884 2
5885 1
5886 1
5887 0
5888 1
5889 0
5890 0
5891 0
5892 1
5893 1
5894 1
5895 0
5896 2
5897 1
5898 0
5899 0
5900 0
5901 1
5902 2
5903 1
5904 1
5905 2
5906 1
5907 2
5908 0
5909 0
5910 0
5911 1
5912 0
5913 1
5914 1
5915 0
5916 1
5917 1
5918 0
5919 0
5920 1
5921 2
5922 0
5923 0
5924 0
5925 0
5926 1
5927 0
5928 1
5929 0
5930 1
5931 2
5932 1
5933 1
5934 0
5935 0
5936 0
5937 1
5938 1
5939 0
5940 0
5941 2
5942 0
5943 2
5944 0
5945 1
5946 0
5947 4
5948 1
5949 0
5950 0
5951 3
5952 0
5953 3
5954 0
5955 0
5956 1
5957 3
5958 0
5959 0
5960 1
5961 0
5962 1
5963 1
5964 0
5965 2
5966 0
5967 1
5968 0
5969 1
5970 0
5971 0
5972 0
5973 0
5974 1
5975 1
5976 2
5977 1
5978 3
5979 2
5980 0
5981 1
5982 1
5983 1
5984 0
5985 0
5986 0
5987 1
5988 0
5989 1
5990 1
5991 1
5992 1
5993 1
5994 1
5995 0
5996 0
5997 1
5998 0
5999 0
6000 1
6001 0
6002 0
6003 1
6004 1
6005 0
6006 0
6007 1
6008 0
6009 2
6010 0
6011 0
6012 2
6013 1
6014 0
6015 0
6016 0
6017 2
6018 0
6019 1
6020 0
6021 0
6022 0
6023 0
6024 2
6025 1
6026 0
6027 1
6028 0
6029 0
6030 1
6031 0
6032 0
6033 1
6034 0
6035 1
6036 2
6037 0
6038 2
6039 0
6040 1
6041 1
6042 2
6043 1
6044 1
6045 0
6046 1
6047 0
6048 2
6049 0
6050 1
6051 0
6052 2
6053 0
6054 0
6055 0
6056 0
6057 0
6058 0
6059 1
6060 1
6061 1
6062 1
6063 1
6064 4
6065 2
6066 0
6067 1
6068 2
6069 1
6070 0
6071 1
6072 1
6073 1
6074 1
6075 0
6076 2
6077 1
6078 1
6079 0
6080 1
6081 0
6082 0
6083 2
6084 0
6085 0
6086 0
6087 1
6088 0
6089 0
6090 0
6091 1
6092 1
6093 0
6094 1
6095 1
6096 0
6097 0
6098 1
6099 0
6100 1
6101 1
6102 1
6103 0
6104 1
6105 0
6106 1
6107 2
6108 0
6109 0
6110 2
6111 1
6112 0
6113 0
6114 0
6115 4
6116 2
6117 0
6118 1
6119 0
6120 0
6121 1
6122 1
6123 2
6124 1
6125 0
6126 1
6127 0
6128 0
6129 0
6130 0
6131 0
6132 0
6133 2
6134 0
6135 0
6136 2
6137 0
6138 0
6139 1
6140 3
6141 0
6142 0
6143 2
6144 2
6145 0
6146 1
6147 3
6148 0
6149 1
6150 0
6151 1
6152 0
6153 0
6154 0
6155 0
6156 1
6157 1
6158 0
6159 1
6160 0
6161 0
6162 1
6163 0
6164 2
6165 0
6166 1
6167 0
6168 0
6169 0
6170 1
6171 1
6172 0
6173 1
6174 1
6175 0
6176 0
6177 1
6178 0
6179 0
6180 1
6181 0
6182 0
6183 0
6184 2
6185 0
6186 0
6187 0
6188 0
6189 1
6190 1
6191 0
6192 0
6193 0
6194 1
6195 2
6196 0
6197 1
6198 1
6199 2
6200 0
6201 1
6202 0
6203 1
6204 1
6205 2
6206 2
6207 1
6208 1
6209 1
6210 1
6211 0
6212 2
6213 0
6214 1
6215 2
6216 0
6217 0
6218 0
6219 1
6220 1
6221 0
6222 1
6223 1
6224 2
6225 0
6226 0
6227 0
6228 1
6229 1
6230 1
6231 0
6232 1
6233 0
6234 0
6235 0
6236 0
6237 0
6238 2
6239 0
6240 1
6241 1
6242 2
6243 0
6244 1
6245 0
6246 0
6247 2
6248 1
6249 2
6250 0
6251 0
6252 1
6253 2
6254 0
6255 1
6256 0
6257 0
6258 0
6259 1
6260 0
6261 0
6262 1
6263 0
6264 0
6265 0
6266 1
6267 0
6268 0
6269 2
6270 1
6271 2
6272 1
6273 2
6274 0
6275 3
6276 0
6277 2
6278 0
6279 0
6280 2
6281 1
6282 1
6283 1
6284 2
6285 2
6286 0
6287 0
6288 1
6289 1
6290 0
6291 4
6292 1
6293 1
6294 0
6295 1
6296 1
6297 0
6298 1
6299 0
6300 0
6301 1
6302 1
6303 1
6304 0
6305 0
6306 0
6307 0
6308 0
6309 0
6310 2
6311 0
6312 0
6313 0
6314 0
6315 0
6316 2
6317 1
6318 0
6319 2
6320 0
6321 1
6322 1
6323 0
6324 0
6325 2
6326 0
6327 3
6328 1
6329 1
6330 1
6331 0
6332 1
6333 0
6334 1
6335 0
6336 0
6337 0
6338 1
6339 0
6340 2
6341 0
6342 1
6343 0
6344 0
6345 0
6346 0
6347 2
6348 1
6349 0
6350 0
6351 1
6352 0
6353 0
6354 0
6355 0
6356 0
6357 0
6358 1
6359 0
6360 1
6361 0
6362 0
6363 0
6364 0
6365 2
6366 1
6367 0
6368 1
6369 0
6370 0
6371 0
6372 1
6373 1
6374 2
6375 1
6376 0
6377 2
6378 0
6379 1
6380 1
6381 1
6382 0
6383 0
6384 1
6385 1
6386 2
6387 0
6388 0
6389 1
6390 0
6391 0
6392 1
6393 0
6394 1
6395 0
6396 1
6397 2
6398 0
6399 0
6400 0
6401 0
6402 2
6403 0
6404 2
6405 0
6406 1
6407 0
6408 1
6409 0
6410 0
6411 1
6412 0
6413 2
6414 0
6415 2
6416 0
6417 1
6418 0
6419 0
6420 0
6421 0
6422 2
6423 0
6424 0
6425 0
6426 1
6427 1
6428 1
6429 0
6430 0
6431 0
6432 0
6433 2
6434 0
6435 0
6436 2
6437 2
6438 1
6439 1
6440 1
6441 0
6442 0
6443 0
6444 0
6445 0
6446 1
6447 0
6448 0
6449 1
6450 1
6451 0
6452 2
6453 1
6454 1
6455 2
6456 0
6457 0
6458 0
6459 1
6460 0
6461 2
6462 0
6463 0
6464 1
6465 1
6466 1
6467 1
6468 0
6469 0
6470 0
6471 1
6472 0
6473 0
6474 0
6475 0
6476 0
6477 0
6478 0
6479 0
6480 0
6481 0
6482 0
6483 0
6484 0
6485 0
6486 0
6487 0
6488 0
6489 0
6490 1
6491 1
6492 0
6493 0
6494 2
6495 0
6496 0
6497 0
6498 1
6499 0
6500 0
6501 0
6502 1
6503 0
6504 0
6505 0
6506 0
6507 0
6508 0
6509 1
6510 0
6511 0
6512 1
6513 0
6514 0
6515 1
6516 2
6517 1
6518 1
6519 0
6520 0
6521 0
6522 1
6523 0
6524 1
6525 0
6526 1
6527 1
6528 1
6529 0
6530 0
6531 0
6532 2
6533 1
6534 0
6535 0
6536 1
6537 1
6538 1
6539 2
6540 0
6541 0
6542 1
6543 1
6544 1
6545 0
6546 0
6547 0
6548 0
6549 1
6550 1
6551 1
6552 0
6553 0
6554 1
6555 0
6556 1
6557 0
6558 0
6559 0
6560 1
6561 0
6562 0
6563 0
6564 0
6565 1
6566 1
6567 1
6568 1
6569 0
6570 1
6571 0
6572 0
6573 0
6574 1
6575 2
6576 2
6577 1
6578 1
6579 1
6580 0
6581 1
6582 0
6583 2
6584 1
6585 1
6586 1
6587 0
6588 1
6589 1
6590 1
6591 0
6592 0
6593 0
6594 0
6595 2
6596 1
6597 0
6598 1
6599 1
6600 0
6601 1
6602 2
6603 4
6604 2
6605 0
6606 0
6607 0
6608 1
6609 4
6610 1
6611 1
6612 1
6613 1
6614 0
6615 0
6616 1
6617 0
6618 0
6619 0
6620 1
6621 0
6622 1
6623 2
6624 0
6625 0
6626 0
6627 0
6628 0
6629 0
6630 0
6631 0
6632 0
6633 0
6634 0
6635 1
6636 0
6637 0
6638 1
6639 0
6640 1
6641 0
6642 0
6643 0
6644 0
6645 0
6646 0
6647 1
6648 1
6649 1
6650 0
6651 0
6652 0
6653 1
6654 1
6655 0
6656 2
6657 0
6658 0
6659 3
6660 1
6661 0
6662 1
6663 3
6664 2
6665 1
6666 0
6667 0
6668 1
6669 0
6670 0
6671 2
6672 0
6673 1
6674 0
6675 0
6676 1
6677 2
6678 2
6679 0
6680 2
6681 1
6682 0
6683 0
6684 1
6685 1
6686 0
6687 0
6688 1
6689 1
6690 0
6691 0
6692 1
6693 0
6694 0
6695 1
6696 1
6697 1
6698 1
6699 0
6700 1
6701 2
6702 1
6703 1
6704 1
6705 1
6706 0
6707 0
6708 0
6709 0
6710 2
6711 0
6712 0
6713 0
6714 1
6715 1
6716 0
6717 0
6718 0
6719 1
6720 2
6721 0
6722 0
6723 0
6724 1
6725 1
6726 1
6727 0
6728 0
6729 0
6730 0
6731 1
6732 0
6733 1
6734 3
6735 2
6736 0
6737 0
6738 2
6739 0
6740 0
6741 1
6742 1
6743 0
6744 2
6745 0
6746 0
6747 1
6748 0
6749 0
6750 0
6751 2
6752 0
6753 0
6754 1
6755 0
6756 0
6757 1
6758 0
6759 0
6760 0
6761 2
6762 1
6763 1
6764 0
6765 1
6766 0
6767 1
6768 0
6769 1
6770 1
6771 1
6772 1
6773 1
6774 0
6775 2
6776 2
6777 3
6778 0
6779 1
6780 3
6781 0
6782 0
6783 0
6784 1
6785 1
6786 0
6787 1
6788 0
6789 2
6790 1
6791 0
6792 2
6793 1
6794 0
6795 1
6796 1
6797 0
6798 0
6799 1
6800 1
6801 1
6802 2
6803 0
6804 0
6805 0
6806 1
6807 0
6808 1
6809 1
6810 0
6811 0
6812 0
6813 0
6814 1
6815 0
6816 1
6817 0
6818 0
6819 0
6820 0
6821 1
6822 0
6823 4
6824 2
6825 0
6826 0
6827 0
6828 1
6829 2
6830 0
6831 0
6832 1
6833 0
6834 1
6835 1
6836 1
6837 0
6838 1
6839 0
6840 1
6841 0
6842 0
6843 1
6844 2
6845 0
6846 1
6847 1
6848 0
6849 0
6850 1
6851 0
6852 1
6853 1
6854 0
6855 0
6856 0
6857 0
6858 0
6859 0
6860 1
6861 0
6862 2
6863 0
6864 1
6865 0
6866 0
6867 0
6868 1
6869 0
6870 3
6871 0
6872 1
6873 0
6874 0
6875 0
6876 0
6877 2
6878 1
6879 0
6880 1
6881 0
6882 0
6883 1
6884 0
6885 0
6886 0
6887 0
6888 1
6889 1
6890 1
6891 0
6892 0
6893 0
6894 0
6895 1
6896 0
6897 1
6898 1
6899 0
6900 1
6901 2
6902 0
6903 1
6904 0
6905 0
6906 2
6907 2
6908 1
6909 0
6910 1
6911 1
6912 0
6913 1
6914 1
6915 0
6916 1
6917 0
6918 2
6919 1
6920 1
6921 1
6922 0
6923 0
6924 0
6925 1
6926 2
6927 1
6928 1
6929 1
6930 0
6931 0
6932 0
6933 1
6934 1
6935 0
6936 0
6937 3
6938 3
6939 4
6940 3
6941 0
6942 0
6943 1
6944 0
6945 0
6946 1
6947 0
6948 2
6949 1
6950 1
6951 0
6952 5
6953 4
6954 1
6955 0
6956 1
6957 3
6958 0
6959 1
6960 1
6961 1
6962 2
6963 0
6964 0
6965 2
6966 1
6967 1
6968 0
6969 1
6970 0
6971 0
6972 0
6973 2
6974 1
6975 0
6976 1
6977 1
6978 0
6979 2
6980 1
6981 1
6982 0
6983 0
6984 1
6985 0
6986 2
6987 0
6988 0
6989 0
6990 1
6991 0
6992 1
6993 0
6994 2
6995 1
6996 0
6997 1
6998 0
6999 1
7000 1
7001 2
7002 0
7003 0
7004 2
7005 0
7006 0
7007 0
7008 0
7009 0
7010 1
7011 2
7012 1
7013 2
7014 2
7015 0
7016 2
7017 1
7018 1
7019 0
7020 2
7021 0
7022 2
7023 0
7024 0
7025 0
7026 1
7027 1
7028 3
7029 1
7030 1
7031 1
7032 0
7033 0
7034 1
7035 1
7036 0
7037 2
7038 0
7039 1
7040 1
7041 1
7042 1
7043 0
7044 1
7045 1
7046 0
7047 0
7048 1
7049 0
7050 1
7051 0
7052 1
7053 1
7054 0
7055 1
7056 0
7057 1
7058 0
7059 2
7060 0
7061 1
7062 2
7063 1
7064 0
7065 3
7066 0
7067 0
7068 1
7069 1
7070 0
7071 1
7072 1
7073 1
7074 1
7075 1
7076 0
7077 1
7078 1
7079 0
7080 1
7081 0
7082 1
7083 1
7084 0
7085 1
7086 0
7087 3
7088 0
7089 0
7090 1
7091 2
7092 0
7093 1
7094 0
7095 0
7096 0
7097 0
7098 1
7099 0
7100 0
7101 2
7102 0
7103 0
7104 0
7105 0
7106 0
7107 1
7108 2
7109 0
7110 0
7111 0
7112 0
7113 2
7114 1
7115 0
7116 1
7117 1
7118 2
7119 0
7120 1
7121 0
7122 1
7123 0
7124 0
7125 1
7126 2
7127 0
7128 1
7129 2
7130 0
7131 0
7132 0
7133 1
7134 0
7135 0
7136 0
7137 2
7138 0
7139 1
7140 0
7141 1
7142 1
7143 0
7144 0
7145 1
7146 1
7147 0
7148 0
7149 0
7150 1
7151 1
7152 2
7153 0
7154 0
7155 1
7156 0
7157 0
7158 0
7159 1
7160 0
7161 1
7162 2
7163 3
7164 0
7165 0
7166 0
7167 0
7168 0
7169 1
7170 0
7171 0
7172 0
7173 0
7174 0
7175 1
7176 0
7177 0
7178 2
7179 0
7180 0
7181 1
7182 0
7183 0
7184 1
7185 2
7186 0
7187 0
7188 0
7189 0
7190 1
7191 0
7192 0
7193 2
7194 0
7195 1
7196 1
7197 2
7198 0
7199 1
7200 0
7201 0
7202 0
7203 0
7204 1
7205 0
7206 1
7207 0
7208 2
7209 0
7210 0
7211 0
7212 1
7213 0
7214 0
7215 1
7216 0
7217 1
7218 2
7219 1
7220 0
7221 0
7222 2
7223 0
7224 0
7225 1
7226 0
7227 0
7228 0
7229 0
7230 1
7231 0
7232 0
7233 0
7234 0
7235 0
7236 1
7237 0
7238 2
7239 1
7240 0
7241 0
7242 1
7243 2
7244 1
7245 1
7246 0
7247 3
7248 0
7249 0
7250 0
7251 1
7252 0
7253 0
7254 2
7255 1
7256 1
7257 0
7258 0
7259 0
7260 0
7261 1
7262 1
7263 1
7264 1
7265 1
7266 0
7267 2
7268 0
7269 1
7270 0
7271 1
7272 0
7273 1
7274 0
7275 0
7276 0
7277 0
7278 0
7279 1
7280 0
7281 0
7282 1
7283 2
7284 2
7285 0
7286 1
7287 0
7288 1
7289 1
7290 1
7291 1
7292 1
7293 1
7294 0
7295 1
7296 0
7297 2
7298 1
7299 1
7300 1
7301 0
7302 1
7303 1
7304 1
7305 0
7306 1
7307 0
7308 1
7309 1
7310 1
7311 1
7312 0
7313 0
7314 0
7315 0
7316 0
7317 3
7318 1
7319 1
7320 2
7321 1
7322 0
7323 0
7324 0
7325 0
7326 2
7327 2
7328 1
7329 0
7330 1
7331 1
7332 0
7333 1
7334 0
7335 0
7336 0
7337 1
7338 0
7339 1
7340 1
7341 2
7342 0
7343 0
7344 1
7345 0
7346 3
7347 0
7348 0
7349 4
7350 2
7351 2
7352 0
7353 1
7354 1
7355 1
7356 1
7357 0
7358 1
7359 0
7360 0
7361 0
7362 0
7363 1
7364 0
7365 0
7366 0
7367 1
7368 1
7369 0
7370 1
7371 1
7372 0
7373 2
7374 2
7375 1
7376 1
7377 0
7378 0
7379 0
7380 1
7381 0
7382 2
7383 2
7384 0
7385 1
7386 0
7387 0
7388 2
7389 1
7390 0
7391 0
7392 0
7393 1
7394 0
7395 1
7396 1
7397 1
7398 0
7399 0
7400 0
7401 0
7402 0
7403 2
7404 0
7405 1
7406 1
7407 2
7408 0
7409 1
7410 0
7411 0
7412 1
7413 0
7414 1
7415 0
7416 1
7417 0
7418 1
7419 1
7420 1
7421 1
7422 0
7423 0
7424 0
7425 1
7426 1
7427 1
7428 0
7429 2
7430 1
7431 0
7432 0
7433 0
7434 0
7435 2
7436 1
7437 1
7438 1
7439 0
7440 0
7441 0
7442 0
7443 1
7444 0
7445 1
7446 2
7447 1
7448 0
7449 0
7450 2
7451 0
7452 2
7453 1
7454 0
7455 0
7456 1
7457 0
7458 0
7459 0
7460 0
7461 0
7462 1
7463 0
7464 0
7465 0
7466 0
7467 0
7468 0
7469 0
7470 0
7471 1
7472 1
7473 0
7474 1
7475 1
7476 2
7477 0
7478 0
7479 2
7480 2
7481 1
7482 0
7483 1
7484 1
7485 1
7486 0
7487 0
7488 0
7489 0
7490 0
7491 2
7492 1
7493 0
7494 0
7495 0
7496 0
7497 3
7498 0
7499 0
7500 0
7501 0
7502 0
7503 1
7504 0
7505 3
7506 0
7507 1
7508 1
7509 0
7510 0
7511 1
7512 1
7513 1
7514 0
7515 0
7516 0
7517 0
7518 0
7519 0
7520 1
7521 1
7522 0
7523 2
7524 0
7525 1
7526 0
7527 0
7528 0
7529 1
7530 1
7531 0
7532 1
7533 0
7534 1
7535 0
7536 1
7537 2
7538 1
7539 0
7540 1
7541 1
7542 0
7543 0
7544 1
7545 1
7546 1
7547 0
7548 0
7549 0
7550 0
7551 0
7552 0
7553 0
7554 1
7555 0
7556 0
7557 1
7558 0
7559 1
7560 1
7561 0
7562 0
7563 0
7564 1
7565 1
7566 0
7567 0
7568 0
7569 0
7570 0
7571 2
7572 0
7573 2
7574 0
7575 0
7576 0
7577 0
7578 0
7579 2
7580 0
7581 0
7582 0
7583 0
7584 1
7585 2
7586 1
7587 1
7588 1
7589 0
7590 1
7591 0
7592 1
7593 0
7594 1
7595 2
7596 1
7597 1
7598 0
7599 0
7600 1
7601 0
7602 0
7603 2
7604 1
7605 1
7606 1
7607 1
7608 2
7609 0
7610 3
7611 1
7612 1
7613 1
7614 2
7615 1
7616 0
7617 0
7618 2
7619 0
7620 1
7621 0
7622 0
7623 0
7624 0
7625 1
7626 1
7627 0
7628 0
7629 0
7630 0
7631 1
7632 0
7633 0
7634 1
7635 0
7636 1
7637 1
7638 1
7639 0
7640 1
7641 2
7642 0
7643 1
7644 1
7645 0
7646 0
7647 2
7648 1
7649 0
7650 0
7651 1
7652 0
7653 0
7654 2
7655 0
7656 0
7657 1
7658 1
7659 1
7660 0
7661 0
7662 1
7663 2
7664 1
7665 0
7666 0
7667 2
7668 3
7669 0
7670 2
7671 0
7672 1
7673 0
7674 0
7675 0
7676 1
7677 1
7678 1
7679 2
7680 0
7681 0
7682 1
7683 0
7684 0
7685 1
7686 0
7687 1
7688 0
7689 1
7690 0
7691 1
7692 0
7693 0
7694 0
7695 0
7696 0
7697 0
7698 1
7699 1
7700 0
7701 0
7702 0
7703 0
7704 0
7705 1
7706 1
7707 0
7708 2
7709 0
7710 1
7711 0
7712 1
7713 0
7714 0
7715 0
7716 1
7717 1
7718 0
7719 0
7720 0
7721 0
7722 0
7723 1
7724 0
7725 0
7726 1
7727 2
7728 1
7729 1
7730 0
7731 0
7732 0
7733 3
7734 0
7735 1
7736 1
7737 2
7738 0
7739 0
7740 2
7741 0
7742 1
7743 0
7744 1
7745 1
7746 1
7747 1
7748 1
7749 1
7750 1
7751 0
7752 0
7753 0
7754 0
7755 0
7756 1
7757 0
7758 0
7759 1
7760 1
7761 2
7762 0
7763 1
7764 1
7765 2
7766 3
7767 1
7768 0
7769 1
7770 0
7771 0
7772 0
7773 1
7774 0
7775 0
7776 1
7777 0
7778 0
7779 0
7780 0
7781 0
7782 0
7783 0
7784 1
7785 1
7786 1
7787 1
7788 0
7789 0
7790 0
7791 0
7792 1
7793 1
7794 2
7795 3
7796 0
7797 1
7798 1
7799 1
7800 0
7801 0
7802 2
7803 1
7804 1
7805 1
7806 0
7807 0
7808 1
7809 1
7810 2
7811 1
7812 1
7813 0
7814 0
7815 2
7816 1
7817 0
7818 2
7819 0
7820 1
7821 0
7822 1
7823 0
7824 2
7825 0
7826 0
7827 0
7828 1
7829 0
7830 0
7831 0
7832 1
7833 2
7834 0
7835 0
7836 0
7837 1
7838 0
7839 1
7840 0
7841 0
7842 0
7843 0
7844 2
7845 0
7846 1
7847 0
7848 2
7849 0
7850 1
7851 1
7852 0
7853 0
7854 1
7855 2
7856 0
7857 2
7858 0
7859 1
7860 0
7861 4
7862 3
7863 0
7864 1
7865 1
7866 0
7867 0
7868 1
7869 1
7870 2
7871 0
7872 0
7873 0
7874 0
7875 1
7876 0
7877 2
7878 0
7879 0
7880 2
7881 1
7882 0
7883 1
7884 0
7885 0
7886 0
7887 0
7888 1
7889 2
7890 1
7891 0
7892 1
7893 0
7894 1
7895 1
7896 1
7897 0
7898 0
7899 1
7900 1
7901 1
7902 0
7903 0
7904 0
7905 1
7906 2
7907 1
7908 0
7909 0
7910 0
7911 0
7912 1
7913 0
7914 1
7915 0
7916 1
7917 0
7918 0
7919 2
7920 0
7921 0
7922 0
7923 0
7924 2
7925 0
7926 0
7927 3
7928 2
7929 1
7930 0
7931 1
7932 1
7933 1
7934 0
7935 1
7936 0
7937 0
7938 0
7939 1
7940 1
7941 1
7942 0
7943 0
7944 1
7945 0
7946 0
7947 0
7948 0
7949 0
7950 0
7951 1
7952 3
7953 2
7954 1
7955 1
7956 1
7957 0
7958 0
7959 0
7960 0
7961 1
7962 3
7963 0
7964 0
7965 1
7966 0
7967 0
7968 1
7969 1
7970 1
7971 0
7972 0
7973 0
7974 1
7975 0
7976 0
7977 0
7978 0
7979 0
7980 0
7981 1
7982 1
7983 3
7984 0
7985 1
7986 3
7987 1
7988 1
7989 2
7990 0
7991 1
7992 1
7993 1
7994 0
7995 1
7996 1
7997 0
7998 0
7999 1
8000 0
8001 2
8002 1
8003 0
8004 1
8005 3
8006 1
8007 1
8008 0
8009 1
8010 0
8011 0
8012 1
8013 1
8014 0
8015 0
8016 0
8017 0
8018 1
8019 1
8020 1
8021 0
8022 0
8023 0
8024 0
8025 0
8026 1
8027 0
8028 0
8029 0
8030 0
8031 0
8032 2
8033 0
8034 1
8035 0
8036 0
8037 1
8038 0
8039 1
8040 0
8041 0
8042 1
8043 3
8044 0
8045 1
8046 0
8047 1
8048 1
8049 1
8050 0
8051 0
8052 0
8053 1
8054 1
8055 0
8056 1
8057 2
8058 0
8059 2
8060 0
8061 1
8062 1
8063 0
8064 2
8065 0
8066 0
8067 2
8068 0
8069 1
8070 1
8071 0
8072 2
8073 4
8074 1
8075 1
8076 1
8077 1
8078 1
8079 0
8080 1
8081 1
8082 1
8083 2
8084 0
8085 0
8086 0
8087 1
8088 2
8089 1
8090 0
8091 3
8092 1
8093 0
8094 1
8095 1
8096 0
8097 0
8098 1
8099 0
8100 0
8101 0
8102 0
8103 0
8104 0
8105 1
8106 1
8107 0
8108 1
8109 1
8110 0
8111 0
8112 2
8113 0
8114 0
8115 2
8116 0
8117 1
8118 1
8119 1
8120 1
8121 0
8122 0
8123 0
8124 0
8125 0
8126 0
8127 1
8128 0
8129 0
8130 0
8131 1
8132 0
8133 1
8134 2
8135 1
8136 1
8137 1
8138 0
8139 0
8140 0
8141 1
8142 2
8143 1
8144 3
8145 0
8146 1
8147 2
8148 0
8149 1
8150 1
8151 2
8152 0
8153 0
8154 0
8155 2
8156 1
8157 1
8158 1
8159 1
8160 0
8161 0
8162 2
8163 1
8164 0
8165 0
8166 1
8167 0
8168 1
8169 0
8170 0
8171 1
8172 0
8173 1
8174 1
8175 1
8176 0
8177 2
8178 0
8179 1
8180 0
8181 2
8182 1
8183 1
8184 1
8185 0
8186 0
8187 0
8188 1
8189 1
8190 1
8191 2
8192 1
8193 1
8194 0
8195 0
8196 0
8197 1
8198 1
8199 1
8200 1
8201 2
8202 0
8203 0
8204 2
8205 0
8206 0
8207 1
8208 0
8209 2
8210 1
8211 0
8212 1
8213 1
8214 0
8215 0
8216 0
8217 2
8218 1
8219 1
8220 0
8221 2
8222 1
8223 0
8224 1
8225 2
8226 1
8227 0
8228 1
8229 1
8230 0
8231 2
8232 0
8233 1
8234 0
8235 1
8236 1
8237 1
8238 1
8239 2
8240 0
8241 0
8242 0
8243 1
8244 1
8245 0
8246 3
8247 3
8248 0
8249 1
8250 0
8251 2
8252 3
8253 0
8254 1
8255 0
8256 1
8257 0
8258 0
8259 2
8260 0
8261 2
8262 0
8263 0
8264 1
8265 1
8266 0
8267 1
8268 0
8269 0
8270 0
8271 0
8272 1
8273 0
8274 0
8275 0
8276 1
8277 0
8278 0
8279 1
8280 2
8281 0
8282 0
8283 1
8284 0
8285 1
8286 1
8287 1
8288 0
8289 1
8290 1
8291 0
8292 0
8293 0
8294 0
8295 0
8296 3
8297 3
8298 1
8299 0
8300 0
8301 1
8302 0
8303 0
8304 0
8305 1
8306 1
8307 2
8308 2
8309 0
8310 0
8311 0
8312 0
8313 2
8314 1
8315 0
8316 0
8317 0
8318 2
8319 1
8320 1
8321 2
8322 0
8323 0
8324 1
8325 0
8326 0
8327 0
8328 0
8329 0
8330 0
8331 0
8332 0
8333 0
8334 1
8335 1
8336 0
8337 0
8338 0
8339 2
8340 1
8341 1
8342 1
8343 0
8344 1
8345 0
8346 0
8347 0
8348 1
8349 1
8350 0
8351 0
8352 1
8353 0
8354 0
8355 0
8356 1
8357 0
8358 1
8359 0
8360 0
8361 0
8362 1
8363 0
8364 1
8365 0
8366 0
8367 0
8368 0
8369 0
8370 1
8371 1
8372 0
8373 2
8374 0
8375 2
8376 2
8377 1
8378 0
8379 1
8380 0
8381 1
8382 1
8383 0
8384 0
8385 2
8386 1
8387 0
8388 1
8389 0
8390 0
8391 0
8392 0
8393 0
8394 1
8395 0
8396 0
8397 0
8398 2
8399 0
8400 1
8401 0
8402 0
8403 2
8404 0
8405 0
8406 0
8407 0
8408 0
8409 1
8410 0
8411 0
8412 2
8413 1
8414 0
8415 2
8416 0
8417 1
8418 1
8419 0
8420 0
8421 0
8422 0
8423 2
8424 0
8425 1
8426 0
8427 1
8428 1
8429 1
8430 0
8431 2
8432 1
8433 0
8434 0
8435 0
8436 0
8437 2
8438 0
8439 1
8440 1
8441 1
8442 0
8443 0
8444 0
8445 0
8446 1
8447 0
8448 1
8449 1
8450 0
8451 0
8452 1
8453 1
8454 1
8455 1
8456 1
8457 0
8458 0
8459 1
8460 0
8461 1
8462 1
8463 0
8464 2
8465 1
8466 0
8467 0
8468 1
8469 0
8470 1
8471 0
8472 0
8473 1
8474 1
8475 2
8476 2
8477 1
8478 0
8479 0
8480 0
8481 0
8482 1
8483 1
8484 1
8485 0
8486 0
8487 0
8488 0
8489 0
8490 0
8491 0
8492 1
8493 0
8494 1
8495 0
8496 0
8497 0
8498 2
8499 1
8500 2
8501 0
8502 0
8503 1
8504 0
8505 2
8506 1
8507 0
8508 0
8509 1
8510 2
8511 0
8512 0
8513 1
8514 1
8515 1
8516 1
8517 1
8518 1
8519 0
8520 0
8521 0
8522 2
8523 0
8524 1
8525 0
8526 1
8527 0
8528 0
8529 1
8530 0
8531 0
8532 0
8533 1
8534 0
8535 0
8536 1
8537 0
8538 0
8539 0
8540 0
8541 0
8542 0
8543 0
8544 3
8545 0
8546 1
8547 0
8548 0
8549 0
8550 1
8551 0
8552 0
8553 0
8554 2
8555 0
8556 1
8557 1
8558 0
8559 0
8560 1
8561 0
8562 1
8563 1
8564 0
8565 1
8566 1
8567 0
8568 0
8569 2
8570 1
8571 0
8572 0
8573 0
8574 1
8575 0
8576 0
8577 1
8578 0
8579 0
8580 0
8581 0
8582 2
8583 0
8584 0
8585 2
8586 0
8587 1
8588 0
8589 2
8590 0
8591 2
8592 0
8593 1
8594 0
8595 0
8596 1
8597 2
8598 0
8599 0
8600 2
8601 1
8602 1
8603 1
8604 1
8605 1
8606 0
8607 0
8608 1
8609 0
8610 0
8611 0
8612 0
8613 0
8614 2
8615 0
8616 0
8617 0
8618 1
8619 2
8620 1
8621 0
8622 0
8623 0
8624 0
8625 0
8626 0
8627 0
8628 0
8629 0
8630 0
8631 1
8632 1
8633 1
8634 2
8635 0
8636 1
8637 3
8638 0
8639 0
8640 0
8641 1
8642 1
8643 0
8644 1
8645 1
8646 1
8647 2
8648 1
8649 0
8650 0
8651 0
8652 0
8653 0
8654 0
8655 0
8656 0
8657 0
8658 1
8659 1
8660 1
8661 0
8662 0
8663 1
8664 0
8665 0
8666 1
8667 0
8668 1
8669 0
8670 1
8671 1
8672 0
8673 0
8674 0
8675 0
8676 0
8677 0
8678 1
8679 2
8680 0
8681 0
8682 1
8683 0
8684 0
8685 2
8686 1
8687 0
8688 1
8689 1
8690 0
8691 1
8692 1
8693 0
8694 0
8695 1
8696 1
8697 1
8698 1
8699 2
8700 0
8701 0
8702 2
8703 1
8704 1
8705 0
8706 2
8707 1
8708 0
8709 1
8710 1
8711 0
8712 1
8713 2
8714 0
8715 0
8716 1
8717 0
8718 1
8719 0
8720 0
8721 1
8722 0
8723 1
8724 0
8725 0
8726 1
8727 0
8728 1
8729 0
8730 0
8731 0
8732 1
8733 2
8734 3
8735 0
8736 1
8737 2
8738 1
8739 0
8740 0
8741 0
8742 0
8743 1
8744 0
8745 1
8746 0
8747 2
8748 0
8749 0
8750 0
8751 0
8752 1
8753 0
8754 1
8755 1
8756 0
8757 1
8758 0
8759 0
8760 0
8761 2
8762 1
8763 0
8764 0
8765 0
8766 1
8767 1
8768 0
8769 2
8770 1
8771 1
8772 2
8773 0
8774 0
8775 0
8776 0
8777 0
8778 1
8779 1
8780 1
8781 0
8782 0
8783 1
8784 0
8785 1
8786 1
8787 1
8788 0
8789 0
8790 2
8791 0
8792 0
8793 1
8794 1
8795 0
8796 0
8797 0
8798 0
8799 0
8800 0
8801 0
8802 1
8803 1
8804 1
8805 0
8806 1
8807 0
8808 0
8809 1
8810 2
8811 1
8812 2
8813 0
8814 0
8815 0
8816 1
8817 0
8818 3
8819 1
8820 0
8821 0
8822 1
8823 1
8824 0
8825 0
8826 1
8827 0
8828 0
8829 0
8830 2
8831 1
8832 1
8833 1
8834 1
8835 0
8836 1
8837 1
8838 0
8839 0
8840 2
8841 1
8842 2
8843 1
8844 0
8845 0
8846 0
8847 0
8848 0
8849 1
8850 2
8851 2
8852 1
8853 2
8854 0
8855 0
8856 1
8857 1
8858 1
8859 0
8860 2
8861 2
8862 0
8863 0
8864 0
8865 1
8866 0
8867 0
8868 0
8869 1
8870 0
8871 0
8872 0
8873 0
8874 2
8875 2
8876 1
8877 3
8878 2
8879 2
8880 0
8881 0
8882 0
8883 1
8884 2
8885 0
8886 1
8887 0
8888 2
8889 0
8890 1
8891 0
8892 0
8893 0
8894 0
8895 1
8896 0
8897 0
8898 1
8899 1
8900 1
8901 1
8902 0
8903 1
8904 0
8905 2
8906 0
8907 0
8908 0
8909 1
8910 1
8911 1
8912 0
8913 1
8914 0
8915 0
8916 1
8917 1
8918 0
8919 1
8920 2
8921 1
8922 1
8923 3
8924 1
8925 0
8926 0
8927 1
8928 1
8929 2
8930 1
8931 2
8932 2
8933 1
8934 0
8935 0
8936 0
8937 0
8938 0
8939 2
8940 0
8941 1
8942 1
8943 1
8944 2
8945 1
8946 1
8947 0
8948 0
8949 0
8950 2
8951 2
8952 0
8953 1
8954 0
8955 0
8956 0
8957 0
8958 0
8959 0
8960 1
8961 0
8962 1
8963 1
8964 0
8965 1
8966 0
8967 1
8968 1
8969 0
8970 1
8971 1
8972 0
8973 0
8974 0
8975 1
8976 1
8977 0
8978 0
8979 0
8980 1
8981 1
8982 0
8983 1
8984 1
8985 1
8986 0
8987 0
8988 1
8989 1
8990 1
8991 0
8992 2
8993 0
8994 0
8995 0
8996 0
8997 1
8998 0
8999 3
9000 0
9001 0
9002 0
9003 1
9004 1
9005 2
9006 1
9007 2
9008 1
9009 1
9010 0
9011 1
9012 0
9013 0
9014 0
9015 2
9016 2
9017 1
9018 0
9019 1
9020 1
9021 0
9022 0
9023 0
9024 0
9025 1
9026 1
9027 0
9028 2
9029 1
9030 0
9031 0
9032 1
9033 0
9034 0
9035 0
9036 1
9037 1
9038 1
9039 0
9040 1
9041 1
9042 1
9043 1
9044 1
9045 0
9046 0
9047 0
9048 0
9049 0
9050 0
9051 0
9052 0
9053 0
9054 3
9055 2
9056 1
9057 1
9058 2
9059 0
9060 0
9061 1
9062 0
9063 0
9064 1
9065 0
9066 0
9067 1
9068 1
9069 0
9070 0
9071 0
9072 1
9073 0
9074 1
9075 0
9076 1
9077 0
9078 1
9079 0
9080 0
9081 1
9082 0
9083 0
9084 0
9085 1
9086 0
9087 0
9088 0
9089 0
9090 0
9091 1
9092 0
9093 0
9094 1
9095 0
9096 1
9097 0
9098 1
9099 0
9100 2
9101 1
9102 0
9103 1
9104 1
9105 1
9106 0
9107 1
9108 0
9109 0
9110 1
9111 1
9112 0
9113 2
9114 1
9115 0
9116 0
9117 1
9118 0
9119 0
9120 0
9121 0
9122 0
9123 1
9124 0
9125 0
9126 0
9127 3
9128 0
9129 1
9130 0
9131 0
9132 0
9133 0
9134 1
9135 0
9136 0
9137 2
9138 1
9139 1
9140 0
9141 0
9142 4
9143 1
9144 0
9145 0
9146 0
9147 1
9148 0
9149 0
9150 0
9151 0
9152 0
9153 0
9154 1
9155 0
9156 0
9157 1
9158 0
9159 0
9160 1
9161 0
9162 0
9163 2
9164 0
9165 0
9166 0
9167 0
9168 2
9169 2
9170 0
9171 2
9172 1
9173 0
9174 1
9175 0
9176 0
9177 2
9178 0
9179 0
9180 2
9181 1
9182 1
9183 0
9184 0
9185 1
9186 1
9187 0
9188 0
9189 0
9190 0
9191 0
9192 1
9193 0
9194 0
9195 0
9196 0
9197 0
9198 2
9199 0
9200 1
9201 0
9202 1
9203 1
9204 0
9205 0
9206 0
9207 0
9208 1
9209 1
9210 0
9211 2
9212 0
9213 1
9214 0
9215 0
9216 0
9217 0
9218 0
9219 0
9220 1
9221 0
9222 1
9223 1
9224 2
9225 0
9226 1
9227 0
9228 1
9229 2
9230 0
9231 2
9232 0
9233 1
9234 0
9235 1
9236 1
9237 1
9238 0
9239 0
9240 0
9241 2
9242 0
9243 2
9244 1
9245 0
9246 0
9247 1
9248 2
9249 1
9250 0
9251 1
9252 1
9253 0
9254 0
9255 0
9256 0
9257 0
9258 1
9259 0
9260 0
9261 1
9262 0
9263 0
9264 0
9265 0
9266 0
9267 2
9268 1
9269 1
9270 0
9271 0
9272 0
9273 0
9274 1
9275 0
9276 0
9277 0
9278 1
9279 1
9280 4
9281 1
9282 0
9283 1
9284 1
9285 1
9286 1
9287 0
9288 0
9289 0
9290 0
9291 0
9292 0
9293 0
9294 0
9295 1
9296 1
9297 1
9298 1
9299 0
9300 0
9301 1
9302 1
9303 1
9304 0
9305 0
9306 0
9307 1
9308 0
9309 0
9310 1
9311 0
9312 0
9313 0
9314 2
9315 1
9316 0
9317 0
9318 0
9319 2
9320 0
9321 1
9322 0
9323 1
9324 0
9325 1
9326 1
9327 1
9328 0
9329 1
9330 2
9331 1
9332 0
9333 1
9334 1
9335 1
9336 0
9337 0
9338 2
9339 2
9340 2
9341 1
9342 0
9343 2
9344 1
9345 2
9346 0
9347 0
9348 0
9349 0
9350 2
9351 1
9352 1
9353 1
9354 1
9355 0
9356 0
9357 0
9358 0
9359 1
9360 1
9361 0
9362 0
9363 1
9364 0
9365 0
9366 0
9367 2
9368 0
9369 1
9370 0
9371 0
9372 0
9373 0
9374 1
9375 2
9376 0
9377 1
9378 0
9379 1
9380 2
9381 0
9382 0
9383 1
9384 0
9385 0
9386 1
9387 1
9388 2
9389 0
9390 1
9391 1
9392 3
9393 3
9394 1
9395 0
9396 1
9397 1
9398 1
9399 1
9400 1
9401 0
9402 0
9403 0
9404 0
9405 2
9406 0
9407 0
9408 0
9409 2
9410 1
9411 1
9412 0
9413 1
9414 1
9415 1
9416 0
9417 1
9418 2
9419 2
9420 0
9421 0
9422 0
9423 0
9424 0
9425 0
9426 1
9427 0
9428 0
9429 1
9430 0
9431 0
9432 1
9433 0
9434 1
9435 0
9436 0
9437 0
9438 0
9439 0
9440 1
9441 2
9442 0
9443 1
9444 1
9445 1
9446 0
9447 1
9448 0
9449 2
9450 1
9451 1
9452 2
9453 3
9454 1
9455 0
9456 1
9457 1
9458 0
9459 1
9460 4
9461 1
9462 1
9463 1
9464 0
9465 0
9466 2
9467 0
9468 2
9469 1
9470 0
9471 1
9472 0
9473 2
9474 0
9475 1
9476 0
9477 0
9478 0
9479 0
9480 0
9481 1
9482 1
9483 1
9484 0
9485 2
9486 2
9487 0
9488 0
9489 0
9490 0
9491 2
9492 0
9493 0
9494 0
9495 0
9496 0
9497 1
9498 0
9499 0
9500 1
9501 1
9502 0
9503 1
9504 1
9505 1
9506 0
9507 1
9508 0
9509 1
9510 0
9511 0
9512 1
9513 2
9514 1
9515 0
9516 0
9517 0
9518 1
9519 0
9520 2
9521 1
9522 1
9523 1
9524 1
9525 0
9526 0
9527 0
9528 0
9529 1
9530 2
9531 0
9532 0
9533 0
9534 1
9535 0
9536 2
9537 0
9538 0
9539 1
9540 0
9541 1
9542 0
9543 0
9544 0
9545 1
9546 0
9547 0
9548 1
9549 1
9550 1
9551 0
9552 1
9553 0
9554 0
9555 0
9556 0
9557 1
9558 1
9559 0
9560 0
9561 1
9562 1
9563 0
9564 0
9565 0
9566 0
9567 2
9568 0
9569 1
9570 0
9571 0
9572 1
9573 1
9574 1
9575 0
9576 0
9577 1
9578 1
9579 1
9580 1
9581 1
9582 0
9583 0
9584 0
9585 0
9586 0
9587 0
9588 1
9589 0
9590 0
9591 0
9592 0
9593 0
9594 1
9595 0
9596 0
9597 2
9598 1
9599 1
9600 0
9601 1
9602 0
9603 2
9604 0
9605 1
9606 0
9607 0
9608 1
9609 0
9610 0
9611 0
9612 1
9613 1
9614 1
9615 3
9616 0
9617 0
9618 4
9619 2
9620 0
9621 1
9622 0
9623 1
9624 2
9625 1
9626 1
9627 1
9628 0
9629 0
9630 0
9631 0
9632 1
9633 3
9634 2
9635 2
9636 1
9637 0
9638 0
9639 0
9640 0
9641 1
9642 0
9643 2
9644 0
9645 1
9646 1
9647 0
9648 0
9649 0
9650 0
9651 1
9652 1
9653 0
9654 0
9655 0
9656 0
9657 1
9658 1
9659 0
9660 1
9661 1
9662 1
9663 0
9664 0
9665 2
9666 2
9667 1
9668 0
9669 2
9670 0
9671 1
9672 0
9673 0
9674 0
9675 2
9676 0
9677 0
9678 0
9679 2
9680 0
9681 2
9682 0
9683 2
9684 1
9685 3
9686 1
9687 1
9688 0
9689 1
9690 1
9691 0
9692 1
9693 0
9694 0
9695 0
9696 1
9697 1
9698 0
9699 1
9700 1
9701 0
9702 1
9703 0
9704 1
9705 1
9706 0
9707 0
9708 0
9709 2
9710 0
9711 1
9712 1
9713 0
9714 0
9715 0
9716 1
9717 0
9718 1
9719 2
9720 0
9721 0
9722 0
9723 1
9724 1
9725 1
9726 0
9727 0
9728 1
9729 0
9730 2
9731 1
9732 0
9733 2
9734 1
9735 1
9736 1
9737 1
9738 1
9739 0
9740 0
9741 0
9742 1
9743 0
9744 2
9745 2
9746 1
9747 0
9748 3
9749 0
9750 0
9751 1
9752 1
9753 1
9754 0
9755 2
9756 0
9757 2
9758 0
9759 0
9760 1
9761 1
9762 1
9763 2
9764 1
9765 0
9766 0
9767 1
9768 1
9769 2
9770 1
9771 1
9772 0
9773 3
9774 2
9775 1
9776 0
9777 1
9778 0
9779 0
9780 1
9781 2
9782 0
9783 2
9784 0
9785 2
9786 0
9787 0
9788 0
9789 1
9790 2
9791 0
9792 0
9793 2
9794 1
9795 0
9796 0
9797 0
9798 0
9799 0
9800 1
9801 0
9802 0
9803 0
9804 0
9805 2
9806 1
9807 1
9808 0
9809 2
9810 0
9811 0
9812 2
9813 0
9814 1
9815 2
9816 0
9817 1
9818 0
9819 0
9820 0
9821 0
9822 2
9823 1
9824 0
9825 0
9826 0
9827 0
9828 1
9829 0
9830 0
9831 1
9832 0
9833 2
9834 0
9835 0
9836 1
9837 1
9838 0
9839 1
9840 1
9841 1
9842 0
9843 0
9844 0
9845 1
9846 2
9847 2
9848 0
9849 0
9850 0
9851 0
9852 1
9853 0
9854 1
9855 0
9856 0
9857 0
9858 0
9859 0
9860 0
9861 0
9862 0
9863 0
9864 0
9865 1
9866 1
9867 1
9868 1
9869 1
9870 0
9871 0
9872 2
9873 0
9874 0
9875 0
9876 0
9877 0
9878 0
9879 0
9880 1
9881 2
9882 1
9883 2
9884 0
9885 0
9886 2
9887 0
9888 2
9889 1
9890 0
9891 1
9892 1
9893 1
9894 0
9895 2
9896 0
9897 0
9898 0
9899 1
9900 0
9901 1
9902 0
9903 2
9904 0
9905 0
9906 0
9907 0
9908 0
9909 1
9910 0
9911 1
9912 0
9913 1
9914 0
9915 1
9916 0
9917 0
9918 1
9919 0
9920 2
9921 1
9922 0
9923 2
9924 0
9925 0
9926 1
9927 1
9928 0
9929 0
9930 1
9931 1
9932 0
9933 0
9934 1
9935 0
9936 0
9937 0
9938 0
9939 4
9940 1
9941 1
9942 0
9943 0
9944 1
9945 0
9946 1
9947 1
9948 1
9949 1
9950 2
9951 1
9952 0
9953 1
9954 0
9955 0
9956 0
9957 0
9958 0
9959 2
9960 0
9961 0
9962 1
9963 0
9964 1
9965 0
9966 0
9967 0
9968 0
9969 1
9970 0
9971 3
9972 1
9973 0
9974 1
9975 0
9976 1
9977 2
9978 1
9979 0
9980 2
9981 1
9982 1
9983 1
9984 0
9985 0
9986 1
9987 0
9988 0
9989 1
9990 1
9991 1
9992 3
9993 0
9994 1
9995 1
9996 2
9997 1
9998 0
9999 2
