0 2
1 2
2 3
3 4
4 3
5 1
6 3
7 1
8 1
9 1
10 5
11 5
12 4
13 4
14 2
15 4
16 1
17 2
18 3
19 2
20 4
21 3
22 4
23 3
24 4
25 4
26 3
27 2
28 6
29 6
30 5
31 5
32 5
33 4
34 3
35 1
36 1
37 2
38 3
39 3
40 2
41 0
42 3
43 2
44 1
45 2
46 1
47 4
48 1
49 0
50 0
51 2
52 2
53 4
54 2
55 2
56 1
57 2
58 4
59 3
60 3
61 1
62 3
63 0
64 2
65 1
66 2
67 3
68 1
69 3
70 2
71 2
72 2
73 2
74 0
75 1
76 3
77 2
78 1
79 4
80 2
81 2
82 4
83 2
84 0
85 2
86 4
87 4
88 3
89 2
90 4
91 2
92 1
93 2
94 2
95 1
96 1
97 2
98 3
99 2
100 2
101 2
102 3
103 2
104 2
105 4
106 2
107 2
108 4
109 1
110 4
111 3
112 3
113 5
114 3
115 1
116 2
117 4
118 2
119 2
120 1
121 2
122 4
123 4
124 2
125 4
126 2
127 2
128 2
129 0
130 2
131 2
132 1
133 4
134 2
135 1
136 1
137 3
138 2
139 3
140 0
141 1
142 4
143 4
144 3
145 2
146 2
147 2
148 2
149 1
150 2
151 2
152 0
153 1
154 0
155 1
156 5
157 5
158 4
159 3
160 2
161 1
162 1
163 4
164 4
165 1
166 1
167 1
168 1
169 2
170 2
171 1
172 3
173 3
174 2
175 3
176 1
177 1
178 2
179 3
180 3
181 1
182 2
183 2
184 4
185 5
186 6
187 5
188 4
189 5
190 3
191 2
192 2
193 3
194 2
195 3
196 4
197 3
198 5
199 3
200 1
201 3
202 2
203 3
204 2
205 4
206 2
207 2
208 3
209 2
210 1
211 1
212 3
213 3
214 1
215 2
216 2
217 1
218 1
219 2
220 3
221 3
222 1
223 1
224 1
225 4
226 4
227 5
228 3
229 2
230 2
231 1
232 2
233 3
234 4
235 1
236 4
237 4
238 3
239 3
240 2
241 2
242 3
243 3
244 1
245 2
246 1
247 1
248 3
249 2
250 2
251 0
252 3
253 2
254 1
255 0
256 6
257 4
258 2
259 1
260 2
261 2
262 2
263 3
264 2
265 4
266 4
267 3
268 1
269 2
270 0
271 2
272 2
273 2
274 2
275 3
276 5
277 3
278 1
279 1
280 3
281 3
282 1
283 4
284 3
285 3
286 4
287 4
288 3
289 2
290 1
291 2
292 3
293 4
294 4
295 3
296 2
297 1
298 3
299 3
300 2
301 2
302 1
303 2
304 3
305 3
306 3
307 3
308 1
309 4
310 3
311 3
312 3
313 1
314 1
315 2
316 3
317 3
318 3
319 2
320 1
321 2
322 3
323 3
324 2
325 3
326 2
327 4
328 4
329 2
330 1
331 2
332 4
333 3
334 3
335 3
336 2
337 2
338 0
339 1
340 3
341 1
342 3
343 2
344 2
345 1
346 2
347 0
348 0
349 1
350 2
351 2
352 2
353 2
354 2
355 2
356 2
357 4
358 4
359 2
360 2
361 1
362 1
363 0
364 2
365 1
366 1
367 1
368 2
369 0
370 2
371 3
372 3
373 3
374 3
375 2
376 3
377 4
378 3
379 1
380 1
381 3
382 1
383 2
384 3
385 2
386 4
387 4
388 2
389 4
390 3
391 2
392 1
393 1
394 1
395 1
396 2
397 4
398 5
399 4
400 2
401 2
402 4
403 4
404 3
405 1
406 2
407 2
408 1
409 2
410 2
411 2
412 1
413 4
414 1
415 3
416 2
417 2
418 1
419 3
420 3
421 2
422 3
423 2
424 0
425 2
426 2
427 2
428 1
429 1
430 1
431 1
432 2
433 2
434 0
435 3
436 3
437 3
438 3
439 0
440 3
441 1
442 2
443 3
444 1
445 1
446 1
447 3
448 3
449 1
450 4
451 3
452 4
453 5
454 5
455 3
456 1
457 1
458 2
459 0
460 2
461 3
462 1
463 3
464 1
465 1
466 3
467 2
468 4
469 5
470 3
471 2
472 1
473 2
474 4
475 3
476 0
477 2
478 4
479 5
480 5
481 6
482 4
483 3
484 3
485 4
486 5
487 4
488 4
489 1
490 2
491 1
492 4
493 4
494 5
495 6
496 6
497 5
498 5
499 3
500 2
501 1
502 4
503 3
504 2
505 4
506 2
507 2
508 2
509 2
510 4
511 6
512 5
513 4
514 5
515 6
516 5
517 6
518 6
519 4
520 3
521 2
522 2
523 3
524 3
525 2
526 3
527 3
528 3
529 2
530 3
531 2
532 2
533 3
534 3
535 1
536 2
537 3
538 3
539 1
540 1
541 3
542 3
543 3
544 4
545 4
546 4
547 2
548 2
549 3
550 0
551 2
552 2
553 0
554 1
555 5
556 4
557 2
558 1
559 2
560 1
561 0
562 3
563 3
564 1
565 3
566 2
567 1
568 3
569 3
570 2
571 1
572 3
573 1
574 1
575 1
576 3
577 2
578 4
579 2
580 2
581 3
582 2
583 3
584 3
585 5
586 5
587 3
588 1
589 2
590 2
591 2
592 1
593 2
594 4
595 4
596 3
597 1
598 2
599 3
600 2
601 3
602 1
603 2
604 0
605 0
606 0
607 2
608 5
609 5
610 5
611 5
612 4
613 4
614 2
615 1
616 1
617 3
618 1
619 1
620 1
621 1
622 1
623 1
624 3
625 2
626 2
627 2
628 5
629 2
630 3
631 4
632 5
633 4
634 1
635 3
636 2
637 1
638 2
639 2
640 1
641 2
642 4
643 1
644 2
645 2
646 2
647 3
648 4
649 2
650 2
651 2
652 3
653 1
654 0
655 3
656 2
657 4
658 2
659 1
660 3
661 3
662 1
663 2
664 2
665 0
666 2
667 4
668 2
669 3
670 1
671 1
672 2
673 3
674 4
675 1
676 1
677 2
678 0
679 5
680 4
681 3
682 2
683 5
684 3
685 2
686 2
687 2
688 2
689 2
690 1
691 4
692 3
693 4
694 2
695 1
696 3
697 1
698 1
699 2
700 2
701 2
702 1
703 0
704 1
705 1
706 2
707 3
708 2
709 3
710 2
711 2
712 3
713 3
714 2
715 3
716 3
717 2
718 3
719 2
720 1
721 1
722 4
723 3
724 3
725 1
726 3
727 0
728 3
729 2
730 2
731 1
732 1
733 3
734 3
735 1
736 0
737 3
738 2
739 2
740 3
741 2
742 3
743 3
744 1
745 1
746 2
747 1
748 3
749 5
750 5
751 4
752 3
753 2
754 3
755 1
756 3
757 2
758 3
759 1
760 3
761 3
762 1
763 3
764 1
765 3
766 4
767 3
768 3
769 4
770 2
771 2
772 3
773 1
774 1
775 3
776 3
777 3
778 2
779 0
780 4
781 6
782 5
783 4
784 5
785 6
786 5
787 5
788 5
789 3
790 4
791 3
792 2
793 3
794 3
795 2
796 0
797 4
798 2
799 1
800 2
801 1
802 2
803 2
804 2
805 1
806 2
807 2
808 1
809 5
810 4
811 3
812 2
813 5
814 6
815 5
816 4
817 3
818 4
819 3
820 3
821 2
822 2
823 3
824 0
825 3
826 2
827 1
828 2
829 3
830 2
831 2
832 0
833 0
834 2
835 3
836 2
837 2
838 2
839 4
840 4
841 1
842 4
843 3
844 2
845 1
846 1
847 2
848 1
849 1
850 2
851 1
852 3
853 2
854 2
855 4
856 3
857 1
858 2
859 1
860 4
861 3
862 2
863 3
864 1
865 2
866 2
867 3
868 0
869 1
870 3
871 2
872 1
873 2
874 3
875 4
876 3
877 1
878 2
879 2
880 3
881 1
882 2
883 2
884 2
885 3
886 2
887 4
888 1
889 2
890 1
891 2
892 2
893 2
894 0
895 1
896 4
897 4
898 1
899 2
900 2
901 1
902 2
903 2
904 4
905 2
906 2
907 5
908 4
909 3
910 2
911 2
912 1
913 2
914 4
915 4
916 3
917 2
918 2
919 4
920 1
921 2
922 3
923 5
924 3
925 3
926 4
927 3
928 1
929 4
930 3
931 3
932 1
933 2
934 3
935 1
936 1
937 2
938 0
939 2
940 2
941 2
942 1
943 4
944 7
945 8
946 8
947 7
948 7
949 7
950 7
951 7
952 7
953 8
954 7
955 5
956 5
957 4
958 2
959 0
960 1
961 1
962 3
963 3
964 3
965 2
966 1
967 1
968 4
969 1
970 1
971 2
972 1
973 5
974 4
975 3
976 3
977 4
978 5
979 4
980 2
981 2
982 2
983 1
984 3
985 2
986 2
987 1
988 3
989 5
990 3
991 3
992 2
993 2
994 2
995 2
996 2
997 0
998 1
999 2
1000 2
1001 1
1002 3
1003 3
1004 3
1005 2
1006 2
1007 1
1008 4
1009 3
1010 2
1011 1
1012 3
1013 0
1014 1
1015 2
1016 5
1017 6
1018 7
1019 7
1020 5
1021 3
1022 3
1023 5
1024 6
1025 5
1026 4
1027 3
1028 1
1029 2
1030 2
1031 3
1032 2
1033 3
1034 1
1035 1
1036 0
1037 1
1038 2
1039 4
1040 3
1041 0
1042 1
1043 1
1044 1
1045 3
1046 2
1047 3
1048 3
1049 1
1050 1
1051 2
1052 3
1053 0
1054 4
1055 2
1056 1
1057 2
1058 4
1059 4
1060 4
1061 4
1062 4
1063 2
1064 1
1065 0
1066 0
1067 1
1068 4
1069 1
1070 2
1071 3
1072 0
1073 2
1074 2
1075 5
1076 6
1077 5
1078 3
1079 2
1080 1
1081 2
1082 3
1083 3
1084 0
1085 2
1086 0
1087 1
1088 4
1089 3
1090 4
1091 3
1092 0
1093 2
1094 4
1095 3
1096 1
1097 2
1098 3
1099 0
1100 1
1101 1
1102 1
1103 1
1104 1
1105 2
1106 1
1107 2
1108 2
1109 3
1110 3
1111 1
1112 4
1113 3
1114 2
1115 2
1116 3
1117 0
1118 3
1119 1
1120 1
1121 3
1122 3
1123 3
1124 2
1125 2
1126 1
1127 4
1128 3
1129 3
1130 2
1131 4
1132 3
1133 2
1134 3
1135 3
1136 4
1137 4
1138 4
1139 2
1140 3
1141 3
1142 2
1143 5
1144 4
1145 1
1146 1
1147 2
1148 3
1149 1
1150 2
1151 2
1152 1
1153 1
1154 4
1155 4
1156 2
1157 2
1158 2
1159 1
1160 2
1161 1
1162 1
1163 1
1164 1
1165 2
1166 1
1167 0
1168 3
1169 3
1170 3
1171 4
1172 5
1173 4
1174 4
1175 1
1176 3
1177 4
1178 3
1179 0
1180 0
1181 2
1182 2
1183 3
1184 0
1185 0
1186 5
1187 5
1188 8
1189 7
1190 6
1191 6
1192 4
1193 2
1194 3
1195 2
1196 2
1197 1
1198 0
1199 4
1200 2
1201 0
1202 2
1203 2
1204 3
1205 1
1206 3
1207 2
1208 2
1209 3
1210 3
1211 2
1212 2
1213 3
1214 2
1215 0
1216 0
1217 3
1218 2
1219 1
1220 3
1221 2
1222 4
1223 5
1224 2
1225 3
1226 2
1227 2
1228 3
1229 2
1230 4
1231 1
1232 4
1233 4
1234 2
1235 4
1236 3
1237 1
1238 4
1239 2
1240 3
1241 2
1242 3
1243 0
1244 1
1245 3
1246 3
1247 3
1248 3
1249 4
1250 4
1251 5
1252 4
1253 5
1254 3
1255 3
1256 1
1257 2
1258 5
1259 8
1260 5
1261 3
1262 0
1263 1
1264 1
1265 1
1266 2
1267 4
1268 3
1269 2
1270 1
1271 1
1272 1
1273 2
1274 4
1275 1
1276 2
1277 1
1278 2
1279 5
1280 6
1281 5
1282 6
1283 5
1284 3
1285 3
1286 3
1287 1
1288 3
1289 2
1290 1
1291 3
1292 0
1293 3
1294 4
1295 3
1296 1
1297 3
1298 2
1299 3
1300 2
1301 3
1302 2
1303 2
1304 2
1305 3
1306 3
1307 2
1308 4
1309 3
1310 0
1311 2
1312 4
1313 1
1314 3
1315 1
1316 2
1317 4
1318 3
1319 2
1320 1
1321 1
1322 1
1323 2
1324 2
1325 5
1326 4
1327 5
1328 5
1329 3
1330 2
1331 5
1332 5
1333 5
1334 4
1335 3
1336 2
1337 2
1338 3
1339 3
1340 1
1341 3
1342 4
1343 3
1344 1
1345 1
1346 2
1347 4
1348 2
1349 3
1350 2
1351 2
1352 0
1353 3
1354 3
1355 3
1356 2
1357 4
1358 2
1359 2
1360 2
1361 0
1362 1
1363 3
1364 2
1365 3
1366 3
1367 1
1368 3
1369 3
1370 1
1371 1
1372 2
1373 1
1374 5
1375 3
1376 2
1377 3
1378 5
1379 5
1380 3
1381 4
1382 3
1383 2
1384 3
1385 6
1386 5
1387 4
1388 3
1389 4
1390 3
1391 3
1392 2
1393 2
1394 2
1395 2
1396 3
1397 1
1398 2
1399 2
1400 1
1401 1
1402 3
1403 1
1404 5
1405 4
1406 5
1407 5
1408 3
1409 4
1410 4
1411 4
1412 2
1413 1
1414 3
1415 0
1416 1
1417 3
1418 3
1419 3
1420 1
1421 4
1422 2
1423 2
1424 3
1425 1
1426 1
1427 2
1428 2
1429 3
1430 0
1431 1
1432 3
1433 1
1434 2
1435 1
1436 3
1437 1
1438 2
1439 2
1440 3
1441 2
1442 3
1443 2
1444 3
1445 4
1446 4
1447 3
1448 2
1449 3
1450 2
1451 1
1452 3
1453 3
1454 1
1455 3
1456 2
1457 3
1458 4
1459 3
1460 2
1461 1
1462 2
1463 3
1464 2
1465 0
1466 3
1467 2
1468 3
1469 1
1470 1
1471 2
1472 1
1473 4
1474 4
1475 2
1476 2
1477 2
1478 0
1479 5
1480 4
1481 3
1482 0
1483 2
1484 3
1485 4
1486 3
1487 2
1488 4
1489 4
1490 4
1491 2
1492 2
1493 1
1494 2
1495 3
1496 0
1497 3
1498 2
1499 1
1500 2
1501 3
1502 4
1503 4
1504 3
1505 1
1506 2
1507 2
1508 3
1509 3
1510 1
1511 3
1512 2
1513 4
1514 2
1515 2
1516 2
1517 1
1518 2
1519 1
1520 2
1521 2
1522 3
1523 3
1524 1
1525 5
1526 6
1527 6
1528 6
1529 5
1530 3
1531 1
1532 2
1533 2
1534 4
1535 3
1536 3
1537 1
1538 4
1539 4
1540 3
1541 3
1542 3
1543 0
1544 2
1545 4
1546 6
1547 4
1548 3
1549 2
1550 2
1551 1
1552 3
1553 4
1554 2
1555 2
1556 1
1557 2
1558 2
1559 2
1560 2
1561 2
1562 2
1563 2
1564 3
1565 3
1566 3
1567 2
1568 2
1569 2
1570 3
1571 2
1572 2
1573 0
1574 2
1575 2
1576 2
1577 4
1578 4
1579 2
1580 4
1581 3
1582 2
1583 0
1584 0
1585 2
1586 4
1587 5
1588 3
1589 2
1590 2
1591 3
1592 2
1593 4
1594 1
1595 1
1596 4
1597 2
1598 2
1599 2
1600 4
1601 3
1602 3
1603 1
1604 4
1605 4
1606 5
1607 5
1608 5
1609 4
1610 1
1611 3
1612 1
1613 4
1614 4
1615 2
1616 1
1617 1
1618 3
1619 2
1620 1
1621 4
1622 4
1623 4
1624 5
1625 4
1626 5
1627 4
1628 5
1629 3
1630 3
1631 2
1632 3
1633 2
1634 4
1635 4
1636 5
1637 4
1638 3
1639 2
1640 1
1641 2
1642 3
1643 2
1644 3
1645 2
1646 3
1647 3
1648 3
1649 2
1650 2
1651 1
1652 3
1653 4
1654 4
1655 2
1656 0
1657 2
1658 3
1659 2
1660 4
1661 3
1662 3
1663 4
1664 3
1665 3
1666 2
1667 4
1668 3
1669 4
1670 3
1671 2
1672 4
1673 3
1674 2
1675 4
1676 4
1677 2
1678 1
1679 1
1680 2
1681 3
1682 2
1683 2
1684 3
1685 3
1686 4
1687 5
1688 4
1689 3
1690 0
1691 3
1692 2
1693 1
1694 4
1695 4
1696 5
1697 4
1698 2
1699 0
1700 3
1701 1
1702 3
1703 3
1704 1
1705 1
1706 3
1707 2
1708 2
1709 2
1710 1
1711 3
1712 2
1713 1
1714 3
1715 3
1716 3
1717 2
1718 2
1719 3
1720 3
1721 1
1722 3
1723 3
1724 4
1725 1
1726 3
1727 2
1728 1
1729 3
1730 2
1731 2
1732 3
1733 3
1734 3
1735 3
1736 1
1737 3
1738 1
1739 4
1740 1
1741 3
1742 5
1743 4
1744 2
1745 3
1746 4
1747 5
1748 5
1749 5
1750 4
1751 3
1752 0
1753 3
1754 2
1755 4
1756 3
1757 2
1758 2
1759 2
1760 2
1761 2
1762 2
1763 3
1764 3
1765 3
1766 2
1767 4
1768 5
1769 4
1770 2
1771 2
1772 3
1773 2
1774 1
1775 3
1776 3
1777 3
1778 3
1779 1
1780 2
1781 3
1782 3
1783 4
1784 4
1785 3
1786 1
1787 2
1788 2
1789 1
1790 2
1791 1
1792 3
1793 2
1794 4
1795 5
1796 3
1797 2
1798 3
1799 1
1800 4
1801 2
1802 4
1803 4
1804 4
1805 6
1806 5
1807 5
1808 3
1809 4
1810 3
1811 2
1812 4
1813 3
1814 3
1815 3
1816 0
1817 2
1818 1
1819 2
1820 4
1821 2
1822 1
1823 0
1824 3
1825 3
1826 2
1827 3
1828 2
1829 1
1830 0
1831 1
1832 3
1833 2
1834 2
1835 2
1836 1
1837 2
1838 1
1839 3
1840 2
1841 2
1842 3
1843 2
1844 3
1845 2
1846 1
1847 0
1848 5
1849 3
1850 3
1851 1
1852 2
1853 2
1854 3
1855 3
1856 2
1857 2
1858 1
1859 3
1860 2
1861 1
1862 2
1863 3
1864 1
1865 2
1866 3
1867 3
1868 3
1869 2
1870 2
1871 3
1872 0
1873 1
1874 2
1875 0
1876 3
1877 2
1878 3
1879 1
1880 3
1881 2
1882 2
1883 1
1884 3
1885 0
1886 3
1887 3
1888 1
1889 3
1890 3
1891 1
1892 2
1893 2
1894 2
1895 1
1896 1
1897 3
1898 2
1899 1
1900 0
1901 5
1902 2
1903 3
1904 1
1905 2
1906 2
1907 3
1908 5
1909 2
1910 2
1911 1
1912 2
1913 2
1914 3
1915 2
1916 3
1917 3
1918 1
1919 1
1920 3
1921 3
1922 4
1923 4
1924 5
1925 6
1926 8
1927 6
1928 6
1929 8
1930 8
1931 9
1932 7
1933 5
1934 3
1935 2
1936 5
1937 6
1938 6
1939 6
1940 7
1941 7
1942 7
1943 6
1944 7
1945 7
1946 6
1947 5
1948 5
1949 3
1950 2
1951 3
1952 5
1953 3
1954 3
1955 0
1956 1
1957 3
1958 4
1959 5
1960 3
1961 3
1962 3
1963 2
1964 3
1965 2
1966 2
1967 3
1968 1
1969 2
1970 2
1971 4
1972 5
1973 5
1974 3
1975 3
1976 4
1977 5
1978 3
1979 3
1980 2
1981 2
1982 2
1983 0
1984 2
1985 1
1986 4
1987 3
1988 1
1989 1
1990 3
1991 4
1992 2
1993 2
1994 2
1995 1
1996 2
1997 3
1998 2
1999 1
2000 4
2001 2
2002 2
2003 3
2004 1
2005 2
2006 1
2007 2
2008 2
2009 2
2010 2
2011 3
2012 4
2013 3
2014 3
2015 4
2016 6
2017 6
2018 4
2019 4
2020 4
2021 4
2022 4
2023 4
2024 2
2025 3
2026 2
2027 4
2028 2
2029 3
2030 2
2031 1
2032 3
2033 3
2034 2
2035 2
2036 2
2037 3
2038 3
2039 2
2040 2
2041 1
2042 1
2043 3
2044 2
2045 2
2046 2
2047 1
2048 5
2049 4
2050 3
2051 2
2052 3
2053 3
2054 4
2055 4
2056 2
2057 1
2058 0
2059 1
2060 2
2061 5
2062 5
2063 4
2064 3
2065 2
2066 3
2067 0
2068 0
2069 1
2070 2
2071 2
2072 3
2073 2
2074 1
2075 4
2076 2
2077 2
2078 3
2079 3
2080 1
2081 1
2082 3
2083 2
2084 3
2085 2
2086 1
2087 3
2088 3
2089 2
2090 2
2091 1
2092 2
2093 4
2094 3
2095 5
2096 6
2097 4
2098 4
2099 6
2100 7
2101 6
2102 5
2103 6
2104 5
2105 3
2106 0
2107 0
2108 5
2109 6
2110 5
2111 5
2112 6
2113 4
2114 4
2115 4
2116 3
2117 2
2118 1
2119 2
2120 1
2121 3
2122 2
2123 1
2124 3
2125 1
2126 1
2127 2
2128 4
2129 2
2130 4
2131 4
2132 2
2133 3
2134 1
2135 2
2136 2
2137 2
2138 2
2139 1
2140 0
2141 3
2142 1
2143 1
2144 1
2145 2
2146 3
2147 1
2148 3
2149 0
2150 3
2151 1
2152 2
2153 1
2154 2
2155 1
2156 1
2157 1
2158 5
2159 3
2160 1
2161 2
2162 0
2163 4
2164 3
2165 0
2166 2
2167 2
2168 2
2169 5
2170 3
2171 1
2172 4
2173 2
2174 2
2175 1
2176 1
2177 3
2178 1
2179 4
2180 1
2181 2
2182 4
2183 6
2184 4
2185 1
2186 3
2187 2
2188 3
2189 1
2190 2
2191 2
2192 1
2193 2
2194 4
2195 1
2196 3
2197 3
2198 3
2199 2
2200 3
2201 0
2202 2
2203 3
2204 1
2205 3
2206 2
2207 1
2208 4
2209 2
2210 3
2211 1
2212 3
2213 3
2214 4
2215 4
2216 3
2217 1
2218 4
2219 4
2220 3
2221 2
2222 0
2223 3
2224 0
2225 3
2226 1
2227 3
2228 1
2229 2
2230 3
2231 1
2232 1
2233 1
2234 1
2235 2
2236 3
2237 1
2238 2
2239 2
2240 3
2241 2
2242 2
2243 2
2244 1
2245 4
2246 5
2247 3
2248 1
2249 2
2250 2
2251 1
2252 0
2253 1
2254 1
2255 1
2256 2
2257 2
2258 4
2259 2
2260 2
2261 1
2262 2
2263 2
2264 2
2265 3
2266 4
2267 3
2268 2
2269 1
2270 3
2271 2
2272 1
2273 2
2274 4
2275 4
2276 4
2277 2
2278 3
2279 3
2280 1
2281 1
2282 1
2283 2
2284 2
2285 2
2286 3
2287 2
2288 3
2289 2
2290 2
2291 1
2292 3
2293 2
2294 1
2295 2
2296 2
2297 0
2298 2
2299 1
2300 0
2301 3
2302 2
2303 3
2304 1
2305 2
2306 3
2307 0
2308 0
2309 2
2310 3
2311 1
2312 2
2313 1
2314 1
2315 3
2316 3
2317 2
2318 2
2319 4
2320 5
2321 5
2322 3
2323 2
2324 4
2325 4
2326 2
2327 2
2328 1
2329 1
2330 0
2331 1
2332 3
2333 1
2334 1
2335 0
2336 2
2337 1
2338 1
2339 0
2340 1
2341 2
2342 1
2343 2
2344 3
2345 3
2346 3
2347 0
2348 4
2349 2
2350 3
2351 2
2352 2
2353 5
2354 5
2355 5
2356 3
2357 1
2358 2
2359 2
2360 3
2361 1
2362 2
2363 0
2364 1
2365 4
2366 5
2367 4
2368 3
2369 1
2370 3
2371 4
2372 4
2373 2
2374 1
2375 1
2376 2
2377 2
2378 2
2379 4
2380 4
2381 4
2382 5
2383 3
2384 2
2385 3
2386 2
2387 2
2388 1
2389 2
2390 3
2391 2
2392 2
2393 3
2394 0
2395 1
2396 2
2397 0
2398 1
2399 3
2400 3
2401 3
2402 1
2403 1
2404 1
2405 3
2406 1
2407 2
2408 3
2409 1
2410 4
2411 2
2412 3
2413 0
2414 3
2415 1
2416 3
2417 3
2418 5
2419 5
2420 4
2421 2
2422 2
2423 0
2424 0
2425 3
2426 1
2427 4
2428 2
2429 2
2430 2
2431 2
2432 1
2433 1
2434 1
2435 2
2436 1
2437 4
2438 4
2439 3
2440 2
2441 4
2442 3
2443 1
2444 3
2445 4
2446 2
2447 4
2448 5
2449 3
2450 1
2451 3
2452 3
2453 3
2454 5
2455 3
2456 3
2457 1
2458 1
2459 3
2460 2
2461 3
2462 4
2463 5
2464 4
2465 5
2466 4
2467 3
2468 1
2469 3
2470 2
2471 2
2472 1
2473 2
2474 1
2475 2
2476 3
2477 3
2478 1
2479 3
2480 1
2481 3
2482 2
2483 2
2484 4
2485 7
2486 6
2487 3
2488 2
2489 3
2490 1
2491 2
2492 3
2493 3
2494 0
2495 1
2496 3
2497 2
2498 4
2499 3
2500 3
2501 3
2502 2
2503 2
2504 2
2505 3
2506 2
2507 1
2508 2
2509 1
2510 0
2511 2
2512 1
2513 2
2514 2
2515 2
2516 2
2517 0
2518 1
2519 2
2520 1
2521 0
2522 1
2523 1
2524 3
2525 1
2526 1
2527 1
2528 2
2529 4
2530 3
2531 2
2532 5
2533 3
2534 1
2535 0
2536 3
2537 2
2538 2
2539 3
2540 2
2541 2
2542 2
2543 1
2544 2
2545 4
2546 2
2547 3
2548 2
2549 0
2550 1
2551 2
2552 5
2553 4
2554 4
2555 4
2556 4
2557 1
2558 3
2559 2
2560 3
2561 3
2562 5
2563 4
2564 3
2565 3
2566 2
2567 2
2568 3
2569 3
2570 4
2571 3
2572 2
2573 2
2574 1
2575 2
2576 3
2577 4
2578 3
2579 3
2580 3
2581 2
2582 3
2583 0
2584 4
2585 6
2586 5
2587 6
2588 6
2589 5
2590 4
2591 2
2592 2
2593 1
2594 2
2595 4
2596 3
2597 2
2598 1
2599 1
2600 1
2601 1
2602 5
2603 7
2604 5
2605 4
2606 4
2607 3
2608 3
2609 2
2610 2
2611 2
2612 5
2613 4
2614 2
2615 2
2616 1
2617 3
2618 1
2619 4
2620 3
2621 1
2622 2
2623 4
2624 3
2625 2
2626 2
2627 0
2628 1
2629 4
2630 2
2631 0
2632 1
2633 2
2634 0
2635 2
2636 1
2637 1
2638 3
2639 3
2640 0
2641 3
2642 2
2643 1
2644 2
2645 2
2646 0
2647 1
2648 2
2649 1
2650 1
2651 2
2652 1
2653 1
2654 1
2655 1
2656 5
2657 3
2658 4
2659 3
2660 2
2661 1
2662 4
2663 2
2664 2
2665 1
2666 1
2667 1
2668 3
2669 2
2670 1
2671 1
2672 1
2673 2
2674 0
2675 3
2676 5
2677 4
2678 3
2679 1
2680 2
2681 3
2682 2
2683 0
2684 3
2685 3
2686 3
2687 1
2688 4
2689 3
2690 1
2691 1
2692 1
2693 3
2694 0
2695 2
2696 2
2697 1
2698 1
2699 0
2700 3
2701 0
2702 0
2703 2
2704 1
2705 3
2706 4
2707 5
2708 4
2709 3
2710 4
2711 2
2712 2
2713 3
2714 2
2715 1
2716 3
2717 3
2718 2
2719 3
2720 4
2721 6
2722 9
2723 9
2724 9
2725 8
2726 6
2727 4
2728 4
2729 5
2730 4
2731 2
2732 1
2733 0
2734 2
2735 3
2736 3
2737 2
2738 2
2739 5
2740 4
2741 4
2742 2
2743 4
2744 3
2745 4
2746 3
2747 4
2748 2
2749 2
2750 1
2751 4
2752 2
2753 3
2754 1
2755 2
2756 3
2757 3
2758 1
2759 3
2760 3
2761 2
2762 1
2763 2
2764 4
2765 2
2766 4
2767 4
2768 1
2769 1
2770 3
2771 3
2772 3
2773 3
2774 2
2775 2
2776 2
2777 3
2778 5
2779 4
2780 5
2781 3
2782 3
2783 3
2784 1
2785 4
2786 4
2787 3
2788 2
2789 3
2790 3
2791 3
2792 2
2793 2
2794 1
2795 1
2796 2
2797 1
2798 2
2799 2
2800 2
2801 2
2802 4
2803 3
2804 3
2805 3
2806 2
2807 3
2808 3
2809 1
2810 2
2811 4
2812 4
2813 3
2814 6
2815 6
2816 3
2817 2
2818 4
2819 4
2820 3
2821 2
2822 3
2823 3
2824 2
2825 0
2826 2
2827 1
2828 3
2829 0
2830 2
2831 1
2832 3
2833 3
2834 0
2835 1
2836 1
2837 3
2838 3
2839 2
2840 3
2841 3
2842 1
2843 1
2844 2
2845 1
2846 2
2847 1
2848 3
2849 4
2850 3
2851 2
2852 4
2853 1
2854 2
2855 2
2856 2
2857 4
2858 3
2859 2
2860 2
2861 3
2862 4
2863 3
2864 3
2865 1
2866 1
2867 2
2868 2
2869 3
2870 3
2871 2
2872 2
2873 1
2874 4
2875 4
2876 1
2877 2
2878 3
2879 1
2880 5
2881 3
2882 3
2883 3
2884 2
2885 2
2886 1
2887 1
2888 3
2889 2
2890 3
2891 1
2892 1
2893 1
2894 3
2895 2
2896 3
2897 3
2898 2
2899 2
2900 1
2901 3
2902 2
2903 1
2904 4
2905 5
2906 6
2907 6
2908 5
2909 6
2910 4
2911 1
2912 0
2913 2
2914 4
2915 4
2916 4
2917 3
2918 1
2919 2
2920 3
2921 2
2922 2
2923 1
2924 1
2925 3
2926 2
2927 1
2928 3
2929 4
2930 1
2931 2
2932 4
2933 3
2934 1
2935 3
2936 4
2937 2
2938 3
2939 2
2940 3
2941 2
2942 3
2943 3
2944 0
2945 1
2946 4
2947 1
2948 2
2949 3
2950 2
2951 3
2952 3
2953 2
2954 1
2955 3
2956 1
2957 2
2958 3
2959 2
2960 3
2961 1
2962 1
2963 3
2964 2
2965 2
2966 3
2967 6
2968 4
2969 4
2970 4
2971 2
2972 4
2973 3
2974 2
2975 1
2976 3
2977 2
2978 4
2979 2
2980 4
2981 2
2982 4
2983 3
2984 3
2985 0
2986 3
2987 3
2988 3
2989 2
2990 1
2991 2
2992 3
2993 1
2994 2
2995 3
2996 3
2997 2
2998 3
2999 3
3000 3
3001 3
3002 1
3003 3
3004 3
3005 4
3006 1
3007 3
3008 2
3009 3
3010 1
3011 0
3012 4
3013 3
3014 5
3015 5
3016 5
3017 5
3018 3
3019 3
3020 2
3021 2
3022 0
3023 1
3024 1
3025 3
3026 3
3027 3
3028 2
3029 2
3030 0
3031 3
3032 6
3033 5
3034 6
3035 5
3036 3
3037 4
3038 2
3039 1
3040 0
3041 2
3042 3
3043 2
3044 2
3045 1
3046 4
3047 3
3048 2
3049 1
3050 2
3051 3
3052 2
3053 2
3054 4
3055 1
3056 1
3057 1
3058 0
3059 4
3060 4
3061 1
3062 1
3063 3
3064 4
3065 2
3066 1
3067 3
3068 2
3069 2
3070 1
3071 3
3072 3
3073 3
3074 1
3075 2
3076 2
3077 2
3078 2
3079 3
3080 2
3081 0
3082 0
3083 2
3084 4
3085 4
3086 5
3087 5
3088 6
3089 5
3090 4
3091 4
3092 1
3093 0
3094 0
3095 1
3096 2
3097 1
3098 2
3099 2
3100 2
3101 3
3102 2
3103 2
3104 1
3105 3
3106 4
3107 2
3108 3
3109 3
3110 2
3111 1
3112 6
3113 6
3114 6
3115 4
3116 3
3117 0
3118 1
3119 2
3120 2
3121 2
3122 1
3123 3
3124 3
3125 2
3126 1
3127 3
3128 1
3129 3
3130 1
3131 2
3132 3
3133 1
3134 1
3135 3
3136 1
3137 2
3138 2
3139 4
3140 3
3141 2
3142 3
3143 2
3144 1
3145 1
3146 3
3147 2
3148 1
3149 2
3150 3
3151 1
3152 2
3153 2
3154 4
3155 6
3156 4
3157 2
3158 2
3159 3
3160 1
3161 3
3162 3
3163 1
3164 1
3165 2
3166 1
3167 2
3168 2
3169 1
3170 2
3171 5
3172 3
3173 2
3174 2
3175 3
3176 2
3177 2
3178 1
3179 2
3180 3
3181 1
3182 5
3183 5
3184 5
3185 5
3186 4
3187 2
3188 2
3189 0
3190 3
3191 4
3192 4
3193 4
3194 5
3195 6
3196 7
3197 5
3198 5
3199 5
3200 4
3201 3
3202 1
3203 4
3204 1
3205 4
3206 2
3207 2
3208 3
3209 4
3210 2
3211 2
3212 3
3213 3
3214 0
3215 3
3216 1
3217 2
3218 2
3219 5
3220 4
3221 5
3222 2
3223 2
3224 1
3225 3
3226 3
3227 1
3228 2
3229 1
3230 2
3231 2
3232 1
3233 3
3234 2
3235 2
3236 3
3237 3
3238 3
3239 2
3240 2
3241 2
3242 3
3243 1
3244 3
3245 3
3246 2
3247 4
3248 3
3249 3
3250 3
3251 1
3252 2
3253 1
3254 2
3255 1
3256 4
3257 2
3258 1
3259 3
3260 3
3261 0
3262 1
3263 1
3264 3
3265 2
3266 3
3267 2
3268 3
3269 1
3270 2
3271 2
3272 2
3273 1
3274 3
3275 2
3276 2
3277 2
3278 2
3279 3
3280 4
3281 1
3282 0
3283 1
3284 1
3285 5
3286 6
3287 7
3288 7
3289 6
3290 4
3291 3
3292 4
3293 3
3294 2
3295 2
3296 2
3297 1
3298 2
3299 3
3300 4
3301 3
3302 2
3303 2
3304 4
3305 5
3306 7
3307 5
3308 2
3309 4
3310 5
3311 5
3312 4
3313 3
3314 2
3315 1
3316 2
3317 2
3318 1
3319 3
3320 2
3321 4
3322 3
3323 2
3324 3
3325 2
3326 3
3327 5
3328 3
3329 2
3330 4
3331 5
3332 6
3333 6
3334 6
3335 5
3336 4
3337 3
3338 2
3339 1
3340 0
3341 2
3342 3
3343 3
3344 4
3345 5
3346 4
3347 5
3348 4
3349 2
3350 2
3351 4
3352 2
3353 3
3354 3
3355 2
3356 3
3357 3
3358 2
3359 1
3360 3
3361 2
3362 5
3363 5
3364 5
3365 5
3366 6
3367 5
3368 4
3369 3
3370 3
3371 0
3372 1
3373 2
3374 5
3375 3
3376 2
3377 4
3378 2
3379 4
3380 4
3381 3
3382 2
3383 3
3384 2
3385 3
3386 3
3387 3
3388 2
3389 2
3390 3
3391 4
3392 5
3393 5
3394 3
3395 2
3396 2
3397 2
3398 6
3399 8
3400 9
3401 8
3402 7
3403 7
3404 6
3405 3
3406 0
3407 3
3408 3
3409 3
3410 5
3411 5
3412 5
3413 3
3414 3
3415 3
3416 3
3417 2
3418 2
3419 1
3420 3
3421 1
3422 4
3423 4
3424 3
3425 2
3426 3
3427 3
3428 2
3429 1
3430 3
3431 2
3432 2
3433 2
3434 3
3435 3
3436 1
3437 2
3438 2
3439 3
3440 2
3441 2
3442 3
3443 1
3444 0
3445 3
3446 2
3447 2
3448 1
3449 4
3450 1
3451 2
3452 1
3453 3
3454 2
3455 3
3456 3
3457 3
3458 3
3459 3
3460 1
3461 1
3462 2
3463 2
3464 0
3465 3
3466 2
3467 6
3468 6
3469 6
3470 5
3471 4
3472 2
3473 4
3474 3
3475 1
3476 2
3477 4
3478 3
3479 1
3480 2
3481 1
3482 4
3483 2
3484 3
3485 3
3486 2
3487 2
3488 1
3489 4
3490 2
3491 2
3492 1
3493 2
3494 2
3495 3
3496 1
3497 2
3498 1
3499 2
3500 2
3501 2
3502 2
3503 4
3504 3
3505 3
3506 3
3507 2
3508 3
3509 3
3510 0
3511 3
3512 2
3513 2
3514 3
3515 2
3516 1
3517 3
3518 2
3519 2
3520 2
3521 2
3522 2
3523 2
3524 4
3525 3
3526 2
3527 3
3528 2
3529 2
3530 2
3531 2
3532 4
3533 3
3534 3
3535 2
3536 2
3537 1
3538 2
3539 5
3540 6
3541 5
3542 3
3543 4
3544 6
3545 5
3546 4
3547 3
3548 1
3549 2
3550 3
3551 4
3552 1
3553 1
3554 3
3555 2
3556 3
3557 2
3558 1
3559 2
3560 2
3561 3
3562 1
3563 5
3564 3
3565 2
3566 4
3567 2
3568 4
3569 3
3570 3
3571 3
3572 0
3573 2
3574 4
3575 2
3576 4
3577 3
3578 3
3579 3
3580 0
3581 0
3582 2
3583 1
3584 2
3585 1
3586 1
3587 0
3588 3
3589 1
3590 2
3591 2
3592 3
3593 1
3594 3
3595 0
3596 2
3597 3
3598 4
3599 3
3600 2
3601 2
3602 2
3603 3
3604 2
3605 4
3606 3
3607 1
3608 3
3609 3
3610 3
3611 2
3612 3
3613 0
3614 1
3615 2
3616 1
3617 2
3618 1
3619 2
3620 3
3621 4
3622 2
3623 2
3624 4
3625 3
3626 3
3627 0
3628 3
3629 1
3630 2
3631 4
3632 2
3633 6
3634 6
3635 5
3636 5
3637 6
3638 6
3639 5
3640 5
3641 4
3642 2
3643 3
3644 3
3645 2
3646 3
3647 2
3648 5
3649 4
3650 3
3651 3
3652 3
3653 1
3654 4
3655 1
3656 2
3657 1
3658 4
3659 2
3660 2
3661 1
3662 2
3663 1
3664 2
3665 3
3666 3
3667 3
3668 2
3669 3
3670 2
3671 3
3672 3
3673 4
3674 4
3675 1
3676 2
3677 2
3678 0
3679 4
3680 1
3681 4
3682 4
3683 3
3684 0
3685 1
3686 3
3687 3
3688 1
3689 2
3690 0
3691 5
3692 4
3693 3
3694 2
3695 3
3696 0
3697 3
3698 1
3699 2
3700 3
3701 2
3702 2
3703 1
3704 1
3705 2
3706 3
3707 4
3708 4
3709 2
3710 4
3711 4
3712 4
3713 3
3714 2
3715 2
3716 1
3717 1
3718 2
3719 3
3720 0
3721 1
3722 3
3723 4
3724 2
3725 2
3726 1
3727 3
3728 2
3729 3
3730 3
3731 1
3732 3
3733 3
3734 2
3735 3
3736 4
3737 1
3738 2
3739 1
3740 2
3741 2
3742 3
3743 2
3744 2
3745 3
3746 1
3747 2
3748 4
3749 2
3750 1
3751 1
3752 1
3753 1
3754 3
3755 2
3756 1
3757 1
3758 2
3759 1
3760 4
3761 3
3762 2
3763 3
3764 0
3765 1
3766 1
3767 3
3768 3
3769 3
3770 2
3771 1
3772 3
3773 2
3774 3
3775 2
3776 4
3777 4
3778 3
3779 2
3780 0
3781 0
3782 2
3783 0
3784 4
3785 4
3786 4
3787 2
3788 1
3789 2
3790 1
3791 1
3792 3
3793 1
3794 3
3795 3
3796 4
3797 3
3798 2
3799 3
3800 1
3801 1
3802 2
3803 1
3804 4
3805 5
3806 3
3807 1
3808 1
3809 3
3810 3
3811 6
3812 5
3813 4
3814 4
3815 3
3816 2
3817 3
3818 0
3819 2
3820 2
3821 2
3822 3
3823 0
3824 2
3825 2
3826 0
3827 2
3828 2
3829 3
3830 3
3831 2
3832 4
3833 3
3834 3
3835 1
3836 3
3837 4
3838 1
3839 1
3840 0
3841 4
3842 4
3843 3
3844 3
3845 3
3846 3
3847 2
3848 2
3849 1
3850 1
3851 2
3852 4
3853 4
3854 2
3855 3
3856 0
3857 3
3858 0
3859 3
3860 2
3861 3
3862 3
3863 2
3864 2
3865 3
3866 3
3867 0
3868 2
3869 3
3870 1
3871 1
3872 2
3873 1
3874 4
3875 3
3876 2
3877 2
3878 1
3879 2
3880 2
3881 3
3882 2
3883 3
3884 2
3885 3
3886 2
3887 1
3888 1
3889 1
3890 2
3891 4
3892 5
3893 4
3894 3
3895 1
3896 4
3897 3
3898 2
3899 1
3900 0
3901 2
3902 2
3903 5
3904 6
3905 7
3906 6
3907 8
3908 7
3909 7
3910 6
3911 6
3912 6
3913 5
3914 5
3915 5
3916 5
3917 5
3918 2
3919 1
3920 2
3921 2
3922 1
3923 4
3924 1
3925 3
3926 1
3927 2
3928 3
3929 1
3930 1
3931 0
3932 2
3933 1
3934 2
3935 2
3936 2
3937 4
3938 5
3939 5
3940 3
3941 2
3942 3
3943 2
3944 3
3945 1
3946 2
3947 4
3948 2
3949 5
3950 5
3951 3
3952 1
3953 3
3954 2
3955 2
3956 2
3957 3
3958 2
3959 1
3960 2
3961 4
3962 2
3963 2
3964 2
3965 2
3966 2
3967 3
3968 2
3969 2
3970 2
3971 3
3972 2
3973 1
3974 1
3975 2
3976 3
3977 2
3978 2
3979 3
3980 3
3981 1
3982 2
3983 1
3984 2
3985 2
3986 4
3987 3
3988 2
3989 4
3990 5
3991 4
3992 3
3993 2
3994 1
3995 2
3996 2
3997 2
3998 2
3999 1
4000 2
4001 1
4002 3
4003 1
4004 4
4005 5
4006 4
4007 2
4008 3
4009 0
4010 1
4011 2
4012 2
4013 4
4014 4
4015 2
4016 3
4017 3
4018 1
4019 2
4020 2
4021 4
4022 6
4023 5
4024 6
4025 7
4026 8
4027 7
4028 9
4029 8
4030 8
4031 6
4032 6
4033 5
4034 3
4035 2
4036 1
4037 2
4038 1
4039 1
4040 1
4041 2
4042 1
4043 4
4044 3
4045 2
4046 3
4047 2
4048 2
4049 3
4050 4
4051 3
4052 2
4053 4
4054 2
4055 2
4056 5
4057 3
4058 3
4059 1
4060 3
4061 3
4062 2
4063 1
4064 3
4065 1
4066 3
4067 2
4068 2
4069 1
4070 1
4071 3
4072 2
4073 1
4074 3
4075 3
4076 1
4077 2
4078 2
4079 0
4080 2
4081 2
4082 2
4083 4
4084 2
4085 1
4086 2
4087 2
4088 2
4089 3
4090 3
4091 3
4092 4
4093 2
4094 3
4095 5
4096 4
4097 3
4098 3
4099 2
4100 2
4101 1
4102 2
4103 2
4104 3
4105 2
4106 2
4107 3
4108 3
4109 4
4110 3
4111 4
4112 4
4113 3
4114 1
4115 2
4116 4
4117 2
4118 1
4119 2
4120 1
4121 2
4122 3
4123 4
4124 3
4125 1
4126 1
4127 3
4128 2
4129 4
4130 4
4131 1
4132 2
4133 2
4134 2
4135 2
4136 1
4137 0
4138 1
4139 3
4140 3
4141 4
4142 4
4143 3
4144 2
4145 1
4146 1
4147 1
4148 3
4149 3
4150 2
4151 1
4152 2
4153 1
4154 4
4155 2
4156 0
4157 2
4158 2
4159 5
4160 3
4161 3
4162 3
4163 2
4164 2
4165 1
4166 2
4167 1
4168 3
4169 1
4170 2
4171 2
4172 2
4173 3
4174 2
4175 1
4176 3
4177 1
4178 0
4179 2
4180 5
4181 5
4182 4
4183 4
4184 2
4185 3
4186 2
4187 2
4188 3
4189 2
4190 1
4191 3
4192 3
4193 1
4194 0
4195 2
4196 3
4197 0
4198 3
4199 2
4200 1
4201 2
4202 1
4203 2
4204 1
4205 3
4206 3
4207 2
4208 1
4209 2
4210 4
4211 3
4212 1
4213 2
4214 2
4215 3
4216 2
4217 2
4218 1
4219 1
4220 3
4221 3
4222 1
4223 2
4224 2
4225 4
4226 4
4227 5
4228 3
4229 1
4230 1
4231 1
4232 1
4233 1
4234 4
4235 5
4236 4
4237 2
4238 2
4239 4
4240 2
4241 0
4242 3
4243 2
4244 3
4245 2
4246 1
4247 2
4248 1
4249 2
4250 1
4251 1
4252 1
4253 2
4254 3
4255 4
4256 2
4257 3
4258 1
4259 0
4260 2
4261 4
4262 2
4263 3
4264 2
4265 1
4266 1
4267 2
4268 1
4269 1
4270 3
4271 1
4272 4
4273 3
4274 0
4275 1
4276 1
4277 3
4278 2
4279 3
4280 2
4281 2
4282 2
4283 4
4284 4
4285 4
4286 4
4287 6
4288 4
4289 4
4290 3
4291 1
4292 1
4293 0
4294 2
4295 2
4296 2
4297 2
4298 2
4299 2
4300 4
4301 4
4302 3
4303 2
4304 2
4305 1
4306 2
4307 3
4308 4
4309 2
4310 4
4311 5
4312 3
4313 1
4314 2
4315 3
4316 4
4317 3
4318 4
4319 3
4320 2
4321 2
4322 2
4323 2
4324 2
4325 3
4326 3
4327 1
4328 1
4329 1
4330 2
4331 2
4332 1
4333 2
4334 4
4335 2
4336 2
4337 4
4338 3
4339 3
4340 1
4341 2
4342 3
4343 3
4344 2
4345 0
4346 1
4347 2
4348 2
4349 1
4350 2
4351 2
4352 1
4353 2
4354 1
4355 3
4356 1
4357 2
4358 2
4359 3
4360 2
4361 2
4362 0
4363 4
4364 1
4365 3
4366 3
4367 3
4368 4
4369 4
4370 3
4371 2
4372 3
4373 2
4374 1
4375 1
4376 1
4377 3
4378 3
4379 0
4380 1
4381 3
4382 2
4383 1
4384 3
4385 5
4386 6
4387 6
4388 7
4389 6
4390 4
4391 3
4392 2
4393 3
4394 4
4395 3
4396 3
4397 3
4398 1
4399 1
4400 2
4401 2
4402 3
4403 1
4404 0
4405 3
4406 4
4407 2
4408 0
4409 2
4410 1
4411 2
4412 3
4413 4
4414 4
4415 2
4416 2
4417 2
4418 1
4419 2
4420 1
4421 1
4422 1
4423 1
4424 2
4425 1
4426 2
4427 3
4428 2
4429 4
4430 4
4431 4
4432 4
4433 2
4434 1
4435 3
4436 3
4437 1
4438 2
4439 4
4440 2
4441 3
4442 1
4443 4
4444 3
4445 2
4446 3
4447 3
4448 4
4449 3
4450 2
4451 1
4452 3
4453 2
4454 0
4455 2
4456 1
4457 4
4458 4
4459 3
4460 3
4461 1
4462 1
4463 3
4464 2
4465 3
4466 2
4467 2
4468 1
4469 1
4470 1
4471 1
4472 2
4473 0
4474 3
4475 1
4476 3
4477 4
4478 5
4479 3
4480 2
4481 4
4482 1
4483 1
4484 2
4485 3
4486 2
4487 2
4488 2
4489 0
4490 1
4491 3
4492 3
4493 1
4494 3
4495 3
4496 3
4497 2
4498 1
4499 1
4500 3
4501 2
4502 0
4503 2
4504 2
4505 1
4506 5
4507 4
4508 5
4509 5
4510 2
4511 2
4512 1
4513 3
4514 3
4515 2
4516 3
4517 2
4518 2
4519 2
4520 3
4521 2
4522 2
4523 3
4524 3
4525 3
4526 3
4527 2
4528 5
4529 5
4530 3
4531 2
4532 2
4533 3
4534 1
4535 0
4536 0
4537 3
4538 3
4539 2
4540 2
4541 1
4542 2
4543 1
4544 1
4545 4
4546 2
4547 3
4548 2
4549 3
4550 1
4551 1
4552 0
4553 4
4554 3
4555 3
4556 2
4557 4
4558 2
4559 1
4560 3
4561 3
4562 2
4563 4
4564 3
4565 3
4566 1
4567 2
4568 1
4569 2
4570 1
4571 5
4572 6
4573 5
4574 3
4575 4
4576 5
4577 2
4578 1
4579 3
4580 2
4581 1
4582 3
4583 1
4584 3
4585 0
4586 2
4587 3
4588 3
4589 1
4590 2
4591 2
4592 3
4593 2
4594 2
4595 3
4596 1
4597 1
4598 2
4599 3
4600 1
4601 0
4602 3
4603 3
4604 3
4605 4
4606 4
4607 2
4608 4
4609 3
4610 3
4611 1
4612 2
4613 1
4614 4
4615 5
4616 2
4617 0
4618 2
4619 2
4620 4
4621 2
4622 3
4623 1
4624 1
4625 4
4626 6
4627 6
4628 6
4629 4
4630 2
4631 2
4632 1
4633 2
4634 2
4635 2
4636 2
4637 2
4638 1
4639 3
4640 3
4641 3
4642 3
4643 1
4644 3
4645 4
4646 3
4647 4
4648 3
4649 3
4650 2
4651 2
4652 3
4653 3
4654 1
4655 6
4656 8
4657 6
4658 8
4659 8
4660 9
4661 8
4662 8
4663 6
4664 6
4665 6
4666 3
4667 3
4668 2
4669 2
4670 2
4671 2
4672 1
4673 3
4674 2
4675 3
4676 2
4677 1
4678 2
4679 3
4680 2
4681 0
4682 3
4683 2
4684 4
4685 4
4686 6
4687 7
4688 8
4689 9
4690 6
4691 6
4692 4
4693 2
4694 0
4695 1
4696 3
4697 2
4698 3
4699 4
4700 4
4701 4
4702 2
4703 2
4704 1
4705 1
4706 2
4707 2
4708 3
4709 1
4710 3
4711 2
4712 2
4713 2
4714 3
4715 1
4716 4
4717 4
4718 2
4719 2
4720 2
4721 3
4722 2
4723 2
4724 2
4725 1
4726 2
4727 3
4728 3
4729 1
4730 1
4731 1
4732 5
4733 5
4734 5
4735 3
4736 3
4737 2
4738 2
4739 2
4740 2
4741 2
4742 1
4743 2
4744 1
4745 3
4746 2
4747 3
4748 3
4749 2
4750 3
4751 3
4752 1
4753 2
4754 1
4755 2
4756 3
4757 0
4758 2
4759 2
4760 2
4761 3
4762 3
4763 1
4764 2
4765 2
4766 2
4767 2
4768 2
4769 2
4770 1
4771 1
4772 2
4773 4
4774 3
4775 3
4776 1
4777 3
4778 2
4779 2
4780 1
4781 2
4782 1
4783 1
4784 3
4785 4
4786 5
4787 3
4788 3
4789 1
4790 2
4791 3
4792 2
4793 2
4794 1
4795 3
4796 3
4797 2
4798 3
4799 3
4800 3
4801 3
4802 4
4803 4
4804 2
4805 4
4806 4
4807 4
4808 4
4809 1
4810 2
4811 2
4812 1
4813 5
4814 4
4815 3
4816 2
4817 2
4818 4
4819 4
4820 4
4821 3
4822 4
4823 4
4824 5
4825 4
4826 2
4827 1
4828 1
4829 0
4830 5
4831 5
4832 4
4833 3
4834 2
4835 2
4836 3
4837 2
4838 3
4839 0
4840 0
4841 3
4842 3
4843 2
4844 2
4845 3
4846 3
4847 1
4848 2
4849 4
4850 2
4851 2
4852 3
4853 2
4854 2
4855 4
4856 4
4857 4
4858 4
4859 2
4860 0
4861 1
4862 2
4863 0
4864 2
4865 4
4866 4
4867 4
4868 4
4869 4
4870 3
4871 4
4872 3
4873 0
4874 1
4875 3
4876 2
4877 2
4878 1
4879 2
4880 1
4881 2
4882 4
4883 3
4884 1
4885 3
4886 3
4887 1
4888 1
4889 5
4890 4
4891 4
4892 3
4893 0
4894 1
4895 3
4896 4
4897 4
4898 3
4899 1
4900 3
4901 2
4902 2
4903 3
4904 0
4905 2
4906 0
4907 2
4908 0
4909 3
4910 2
4911 0
4912 0
4913 1
4914 1
4915 1
4916 0
4917 1
4918 1
4919 2
4920 1
4921 3
4922 1
4923 2
4924 2
4925 2
4926 2
4927 0
4928 3
4929 2
4930 3
4931 2
4932 2
4933 3
4934 2
4935 2
4936 2
4937 3
4938 2
4939 3
4940 2
4941 3
4942 3
4943 3
4944 3
4945 3
4946 2
4947 3
4948 1
4949 1
4950 3
4951 1
4952 3
4953 1
4954 3
4955 3
4956 1
4957 0
4958 5
4959 5
4960 4
4961 3
4962 3
4963 2
4964 1
4965 1
4966 3
4967 2
4968 2
4969 2
4970 3
4971 3
4972 1
4973 3
4974 5
4975 5
4976 4
4977 3
4978 2
4979 2
4980 1
4981 2
4982 3
4983 4
4984 1
4985 3
4986 4
4987 3
4988 2
4989 2
4990 2
4991 2
4992 2
4993 4
4994 3
4995 2
4996 3
4997 0
4998 4
4999 4
5000 1
5001 4
5002 3
5003 1
5004 4
5005 3
5006 3
5007 1
5008 2
5009 4
5010 4
5011 3
5012 3
5013 3
5014 3
5015 3
5016 1
5017 1
5018 1
5019 2
5020 1
5021 3
5022 4
5023 5
5024 4
5025 2
5026 2
5027 2
5028 1
5029 3
5030 1
5031 2
5032 2
5033 3
5034 3
5035 3
5036 4
5037 3
5038 1
5039 3
5040 2
5041 3
5042 3
5043 3
5044 2
5045 3
5046 2
5047 0
5048 0
5049 1
5050 1
5051 2
5052 0
5053 1
5054 1
5055 2
5056 3
5057 0
5058 1
5059 1
5060 2
5061 1
5062 3
5063 3
5064 4
5065 3
5066 3
5067 3
5068 4
5069 2
5070 3
5071 2
5072 3
5073 1
5074 2
5075 1
5076 2
5077 2
5078 2
5079 1
5080 3
5081 2
5082 1
5083 5
5084 4
5085 4
5086 3
5087 1
5088 2
5089 2
5090 2
5091 0
5092 2
5093 3
5094 2
5095 2
5096 3
5097 2
5098 1
5099 1
5100 1
5101 1
5102 0
5103 0
5104 1
5105 3
5106 1
5107 3
5108 1
5109 3
5110 2
5111 0
5112 1
5113 1
5114 2
5115 3
5116 1
5117 2
5118 3
5119 3
5120 3
5121 0
5122 2
5123 3
5124 4
5125 4
5126 4
5127 4
5128 3
5129 3
5130 3
5131 1
5132 3
5133 2
5134 3
5135 6
5136 6
5137 4
5138 4
5139 2
5140 1
5141 3
5142 3
5143 3
5144 2
5145 1
5146 1
5147 3
5148 3
5149 3
5150 2
5151 1
5152 0
5153 3
5154 2
5155 3
5156 2
5157 2
5158 3
5159 2
5160 2
5161 3
5162 1
5163 2
5164 1
5165 2
5166 3
5167 3
5168 2
5169 3
5170 2
5171 4
5172 3
5173 1
5174 3
5175 2
5176 2
5177 0
5178 2
5179 0
5180 2
5181 3
5182 2
5183 1
5184 5
5185 2
5186 0
5187 3
5188 4
5189 2
5190 2
5191 2
5192 2
5193 2
5194 1
5195 2
5196 2
5197 2
5198 4
5199 1
5200 1
5201 3
5202 3
5203 1
5204 4
5205 4
5206 4
5207 5
5208 3
5209 2
5210 1
5211 1
5212 3
5213 1
5214 3
5215 2
5216 3
5217 3
5218 3
5219 2
5220 4
5221 3
5222 3
5223 4
5224 2
5225 1
5226 0
5227 4
5228 3
5229 3
5230 2
5231 3
5232 1
5233 1
5234 1
5235 2
5236 5
5237 3
5238 3
5239 2
5240 2
5241 1
5242 1
5243 2
5244 3
5245 3
5246 4
5247 5
5248 3
5249 2
5250 3
5251 2
5252 4
5253 2
5254 3
5255 2
5256 3
5257 3
5258 4
5259 3
5260 1
5261 2
5262 3
5263 2
5264 1
5265 2
5266 2
5267 2
5268 1
5269 2
5270 2
5271 1
5272 1
5273 4
5274 5
5275 3
5276 3
5277 0
5278 3
5279 3
5280 2
5281 2
5282 1
5283 3
5284 3
5285 2
5286 4
5287 2
5288 1
5289 2
5290 2
5291 1
5292 2
5293 2
5294 5
5295 3
5296 2
5297 2
5298 3
5299 5
5300 8
5301 8
5302 7
5303 8
5304 7
5305 5
5306 5
5307 4
5308 3
5309 2
5310 2
5311 2
5312 4
5313 2
5314 1
5315 2
5316 0
5317 3
5318 2
5319 3
5320 1
5321 3
5322 4
5323 1
5324 3
5325 1
5326 2
5327 2
5328 2
5329 1
5330 3
5331 2
5332 1
5333 2
5334 2
5335 3
5336 2
5337 1
5338 3
5339 3
5340 2
5341 2
5342 2
5343 3
5344 3
5345 4
5346 4
5347 2
5348 1
5349 4
5350 3
5351 1
5352 1
5353 2
5354 3
5355 4
5356 4
5357 2
5358 3
5359 4
5360 2
5361 3
5362 2
5363 2
5364 4
5365 5
5366 4
5367 4
5368 2
5369 5
5370 5
5371 4
5372 3
5373 4
5374 5
5375 6
5376 6
5377 4
5378 2
5379 2
5380 3
5381 2
5382 4
5383 4
5384 3
5385 3
5386 2
5387 1
5388 3
5389 3
5390 3
5391 4
5392 4
5393 3
5394 2
5395 3
5396 3
5397 4
5398 3
5399 3
5400 5
5401 6
5402 5
5403 4
5404 3
5405 1
5406 1
5407 1
5408 1
5409 2
5410 3
5411 1
5412 3
5413 1
5414 3
5415 2
5416 0
5417 1
5418 2
5419 4
5420 5
5421 3
5422 4
5423 5
5424 4
5425 4
5426 5
5427 6
5428 5
5429 4
5430 2
5431 2
5432 1
5433 1
5434 2
5435 4
5436 2
5437 2
5438 3
5439 2
5440 3
5441 3
5442 1
5443 4
5444 2
5445 3
5446 3
5447 2
5448 2
5449 3
5450 1
5451 4
5452 1
5453 2
5454 3
5455 1
5456 3
5457 2
5458 1
5459 0
5460 4
5461 2
5462 3
5463 3
5464 2
5465 2
5466 1
5467 2
5468 5
5469 3
5470 1
5471 1
5472 0
5473 1
5474 3
5475 3
5476 3
5477 4
5478 4
5479 4
5480 4
5481 2
5482 2
5483 3
5484 2
5485 1
5486 2
5487 2
5488 2
5489 3
5490 1
5491 2
5492 1
5493 2
5494 1
5495 3
5496 5
5497 4
5498 2
5499 3
5500 3
5501 2
5502 1
5503 0
5504 3
5505 1
5506 2
5507 3
5508 2
5509 2
5510 3
5511 4
5512 4
5513 3
5514 3
5515 1
5516 1
5517 3
5518 3
5519 2
5520 1
5521 2
5522 4
5523 3
5524 0
5525 1
5526 1
5527 4
5528 4
5529 4
5530 4
5531 3
5532 2
5533 2
5534 2
5535 4
5536 3
5537 1
5538 1
5539 3
5540 2
5541 1
5542 1
5543 2
5544 1
5545 2
5546 2
5547 4
5548 3
5549 0
5550 3
5551 3
5552 3
5553 1
5554 4
5555 2
5556 1
5557 0
5558 3
5559 3
5560 4
5561 1
5562 2
5563 5
5564 3
5565 2
5566 2
5567 2
5568 4
5569 2
5570 2
5571 2
5572 3
5573 2
5574 3
5575 1
5576 3
5577 3
5578 1
5579 2
5580 4
5581 5
5582 4
5583 4
5584 5
5585 5
5586 5
5587 4
5588 4
5589 3
5590 1
5591 2
5592 2
5593 2
5594 2
5595 4
5596 5
5597 7
5598 8
5599 6
5600 4
5601 4
5602 1
5603 2
5604 2
5605 2
5606 2
5607 1
5608 4
5609 2
5610 2
5611 2
5612 4
5613 3
5614 2
5615 3
5616 3
5617 3
5618 2
5619 3
5620 1
5621 4
5622 5
5623 2
5624 3
5625 1
5626 2
5627 2
5628 3
5629 1
5630 2
5631 3
5632 2
5633 3
5634 1
5635 2
5636 3
5637 2
5638 4
5639 3
5640 1
5641 3
5642 2
5643 2
5644 5
5645 5
5646 4
5647 4
5648 3
5649 1
5650 2
5651 2
5652 3
5653 1
5654 2
5655 0
5656 4
5657 2
5658 1
5659 1
5660 3
5661 2
5662 2
5663 3
5664 3
5665 1
5666 1
5667 0
5668 1
5669 2
5670 4
5671 3
5672 2
5673 3
5674 1
5675 2
5676 1
5677 1
5678 3
5679 2
5680 1
5681 1
5682 3
5683 2
5684 2
5685 3
5686 2
5687 2
5688 1
5689 0
5690 0
5691 3
5692 1
5693 3
5694 2
5695 2
5696 2
5697 3
5698 5
5699 3
5700 2
5701 2
5702 1
5703 2
5704 2
5705 5
5706 4
5707 4
5708 5
5709 4
5710 3
5711 2
5712 2
5713 2
5714 1
5715 2
5716 0
5717 2
5718 4
5719 4
5720 3
5721 2
5722 2
5723 2
5724 3
5725 2
5726 2
5727 3
5728 1
5729 2
5730 2
5731 0
5732 2
5733 1
5734 3
5735 3
5736 2
5737 0
5738 2
5739 2
5740 2
5741 2
5742 2
5743 2
5744 1
5745 2
5746 3
5747 2
5748 2
5749 2
5750 3
5751 3
5752 2
5753 2
5754 0
5755 2
5756 5
5757 2
5758 2
5759 4
5760 2
5761 1
5762 1
5763 2
5764 2
5765 4
5766 5
5767 3
5768 1
5769 3
5770 2
5771 2
5772 2
5773 2
5774 3
5775 2
5776 2
5777 3
5778 2
5779 1
5780 1
5781 2
5782 3
5783 2
5784 4
5785 3
5786 2
5787 1
5788 3
5789 5
5790 6
5791 7
5792 9
5793 8
5794 9
5795 8
5796 8
5797 5
5798 3
5799 1
5800 1
5801 2
5802 3
5803 1
5804 3
5805 2
5806 2
5807 3
5808 1
5809 1
5810 4
5811 3
5812 1
5813 2
5814 1
5815 1
5816 2
5817 2
5818 3
5819 1
5820 3
5821 1
5822 2
5823 1
5824 3
5825 2
5826 2
5827 5
5828 6
5829 4
5830 2
5831 3
5832 2
5833 3
5834 2
5835 2
5836 2
5837 1
5838 2
5839 2
5840 2
5841 1
5842 2
5843 1
5844 2
5845 1
5846 3
5847 2
5848 1
5849 2
5850 2
5851 2
5852 3
5853 2
5854 2
5855 2
5856 4
5857 3
5858 2
5859 4
5860 3
5861 2
5862 1
5863 0
5864 3
5865 4
5866 3
5867 3
5868 4
5869 4
5870 4
5871 4
5872 3
5873 3
5874 3
5875 0
5876 2
5877 3
5878 2
5879 1
5880 3
5881 3
5882 3
5883 4
5884 3
5885 3
5886 2
5887 0
5888 2
5889 3
5890 2
5891 2
5892 1
5893 1
5894 1
5895 3
5896 1
5897 0
5898 2
5899 2
5900 3
5901 2
5902 2
5903 2
5904 3
5905 2
5906 2
5907 3
5908 1
5909 2
5910 1
5911 5
5912 3
5913 4
5914 3
5915 3
5916 3
5917 3
5918 2
5919 1
5920 1
5921 4
5922 2
5923 0
5924 2
5925 3
5926 6
5927 7
5928 8
5929 7
5930 5
5931 3
5932 3
5933 2
5934 2
5935 2
5936 6
5937 6
5938 5
5939 5
5940 6
5941 5
5942 4
5943 2
5944 2
5945 0
5946 2
5947 2
5948 3
5949 3
5950 3
5951 2
5952 3
5953 1
5954 3
5955 2
5956 1
5957 4
5958 4
5959 1
5960 2
5961 3
5962 4
5963 5
5964 4
5965 4
5966 1
5967 2
5968 0
5969 0
5970 3
5971 3
5972 1
5973 0
5974 4
5975 3
5976 4
5977 4
5978 3
5979 1
5980 3
5981 2
5982 3
5983 1
5984 5
5985 5
5986 4
5987 1
5988 2
5989 1
5990 3
5991 1
5992 3
5993 1
5994 3
5995 3
5996 3
5997 4
5998 2
5999 1
6000 1
6001 3
6002 3
6003 4
6004 2
6005 2
6006 1
6007 3
6008 2
6009 3
6010 2
6011 2
6012 5
6013 2
6014 3
6015 0
6016 2
6017 3
6018 1
6019 2
6020 1
6021 3
6022 1
6023 1
6024 3
6025 4
6026 3
6027 2
6028 3
6029 2
6030 1
6031 2
6032 2
6033 1
6034 2
6035 2
6036 3
6037 2
6038 2
6039 3
6040 4
6041 4
6042 5
6043 4
6044 3
6045 2
6046 2
6047 2
6048 3
6049 2
6050 0
6051 5
6052 4
6053 4
6054 2
6055 2
6056 4
6057 2
6058 1
6059 2
6060 3
6061 1
6062 5
6063 4
6064 3
6065 2
6066 3
6067 1
6068 1
6069 1
6070 2
6071 3
6072 4
6073 4
6074 4
6075 4
6076 3
6077 4
6078 3
6079 3
6080 0
6081 2
6082 3
6083 3
6084 3
6085 1
6086 4
6087 5
6088 7
6089 6
6090 4
6091 4
6092 5
6093 4
6094 4
6095 1
6096 2
6097 3
6098 2
6099 3
6100 2
6101 3
6102 1
6103 3
6104 2
6105 1
6106 1
6107 1
6108 4
6109 3
6110 3
6111 2
6112 3
6113 3
6114 3
6115 2
6116 3
6117 0
6118 1
6119 0
6120 3
6121 1
6122 2
6123 0
6124 1
6125 2
6126 2
6127 3
6128 1
6129 2
6130 2
6131 4
6132 2
6133 1
6134 2
6135 2
6136 1
6137 4
6138 2
6139 3
6140 1
6141 1
6142 2
6143 2
6144 1
6145 2
6146 2
6147 4
6148 4
6149 2
6150 2
6151 2
6152 2
6153 4
6154 3
6155 1
6156 2
6157 3
6158 1
6159 6
6160 5
6161 3
6162 3
6163 3
6164 2
6165 3
6166 2
6167 1
6168 0
6169 1
6170 2
6171 3
6172 3
6173 2
6174 2
6175 3
6176 3
6177 1
6178 3
6179 1
6180 3
6181 1
6182 1
6183 3
6184 1
6185 3
6186 1
6187 1
6188 2
6189 1
6190 2
6191 3
6192 3
6193 1
6194 1
6195 3
6196 3
6197 2
6198 2
6199 3
6200 2
6201 0
6202 3
6203 4
6204 5
6205 4
6206 2
6207 3
6208 3
6209 2
6210 4
6211 4
6212 4
6213 4
6214 2
6215 1
6216 3
6217 5
6218 4
6219 3
6220 2
6221 5
6222 5
6223 4
6224 4
6225 4
6226 3
6227 2
6228 1
6229 2
6230 2
6231 1
6232 5
6233 5
6234 6
6235 4
6236 4
6237 3
6238 2
6239 1
6240 2
6241 1
6242 2
6243 1
6244 3
6245 1
6246 1
6247 2
6248 3
6249 2
6250 1
6251 2
6252 2
6253 4
6254 4
6255 5
6256 4
6257 2
6258 2
6259 3
6260 2
6261 1
6262 1
6263 2
6264 3
6265 3
6266 0
6267 3
6268 3
6269 4
6270 3
6271 4
6272 2
6273 2
6274 3
6275 2
6276 3
6277 2
6278 3
6279 2
6280 1
6281 2
6282 2
6283 2
6284 3
6285 1
6286 1
6287 1
6288 4
6289 4
6290 3
6291 2
6292 3
6293 4
6294 4
6295 4
6296 3
6297 5
6298 5
6299 4
6300 5
6301 6
6302 4
6303 4
6304 3
6305 2
6306 2
6307 1
6308 3
6309 2
6310 2
6311 4
6312 4
6313 5
6314 6
6315 6
6316 7
6317 7
6318 5
6319 4
6320 5
6321 5
6322 3
6323 6
6324 4
6325 3
6326 2
6327 2
6328 1
6329 3
6330 4
6331 2
6332 3
6333 2
6334 2
6335 2
6336 4
6337 4
6338 6
6339 3
6340 4
6341 5
6342 3
6343 2
6344 2
6345 2
6346 1
6347 1
6348 1
6349 2
6350 2
6351 2
6352 3
6353 0
6354 4
6355 3
6356 3
6357 2
6358 2
6359 2
6360 2
6361 1
6362 1
6363 3
6364 3
6365 2
6366 2
6367 2
6368 2
6369 2
6370 0
6371 2
6372 2
6373 5
6374 4
6375 2
6376 2
6377 1
6378 0
6379 4
6380 3
6381 1
6382 5
6383 5
6384 3
6385 2
6386 3
6387 3
6388 3
6389 3
6390 3
6391 3
6392 4
6393 5
6394 3
6395 3
6396 2
6397 4
6398 3
6399 2
6400 2
6401 0
6402 1
6403 2
6404 4
6405 4
6406 1
6407 1
6408 2
6409 2
6410 3
6411 2
6412 0
6413 0
6414 1
6415 1
6416 1
6417 2
6418 1
6419 3
6420 1
6421 1
6422 2
6423 3
6424 3
6425 2
6426 1
6427 5
6428 5
6429 4
6430 2
6431 0
6432 3
6433 2
6434 3
6435 2
6436 1
6437 2
6438 3
6439 1
6440 1
6441 2
6442 2
6443 3
6444 2
6445 3
6446 1
6447 4
6448 1
6449 2
6450 1
6451 4
6452 3
6453 2
6454 3
6455 1
6456 4
6457 2
6458 1
6459 4
6460 4
6461 2
6462 4
6463 2
6464 2
6465 1
6466 2
6467 3
6468 1
6469 3
6470 0
6471 3
6472 1
6473 1
6474 2
6475 3
6476 4
6477 2
6478 2
6479 1
6480 2
6481 2
6482 2
6483 4
6484 2
6485 0
6486 1
6487 1
6488 4
6489 3
6490 2
6491 3
6492 0
6493 3
6494 2
6495 2
6496 1
6497 2
6498 2
6499 3
6500 1
6501 2
6502 2
6503 1
6504 1
6505 3
6506 3
6507 3
6508 4
6509 3
6510 4
6511 4
6512 2
6513 1
6514 3
6515 3
6516 3
6517 1
6518 3
6519 0
6520 3
6521 0
6522 1
6523 1
6524 4
6525 4
6526 3
6527 3
6528 1
6529 0
6530 3
6531 2
6532 0
6533 2
6534 1
6535 1
6536 2
6537 4
6538 3
6539 1
6540 1
6541 3
6542 2
6543 1
6544 3
6545 1
6546 1
6547 2
6548 1
6549 4
6550 2
6551 3
6552 2
6553 3
6554 4
6555 3
6556 5
6557 3
6558 3
6559 0
6560 0
6561 1
6562 3
6563 0
6564 1
6565 3
6566 2
6567 4
6568 5
6569 4
6570 4
6571 3
6572 1
6573 3
6574 2
6575 2
6576 2
6577 1
6578 2
6579 1
6580 3
6581 5
6582 3
6583 3
6584 2
6585 1
6586 1
6587 3
6588 3
6589 5
6590 4
6591 4
6592 5
6593 4
6594 3
6595 1
6596 1
6597 2
6598 3
6599 3
6600 2
6601 0
6602 4
6603 3
6604 1
6605 3
6606 2
6607 4
6608 4
6609 2
6610 2
6611 1
6612 2
6613 4
6614 4
6615 5
6616 2
6617 3
6618 2
6619 4
6620 2
6621 4
6622 3
6623 2
6624 2
6625 3
6626 0
6627 2
6628 3
6629 3
6630 1
6631 0
6632 1
6633 1
6634 3
6635 2
6636 2
6637 3
6638 0
6639 2
6640 2
6641 2
6642 2
6643 3
6644 3
6645 4
6646 1
6647 2
6648 3
6649 1
6650 3
6651 2
6652 4
6653 3
6654 1
6655 4
6656 3
6657 1
6658 2
6659 1
6660 1
6661 2
6662 1
6663 1
6664 0
6665 1
6666 5
6667 4
6668 3
6669 3
6670 2
6671 6
6672 5
6673 4
6674 3
6675 0
6676 3
6677 3
6678 1
6679 2
6680 1
6681 1
6682 3
6683 3
6684 2
6685 3
6686 3
6687 3
6688 3
6689 1
6690 4
6691 3
6692 5
6693 4
6694 2
6695 1
6696 3
6697 2
6698 4
6699 1
6700 4
6701 7
6702 7
6703 6
6704 5
6705 3
6706 3
6707 0
6708 0
6709 3
6710 2
6711 2
6712 2
6713 1
6714 1
6715 1
6716 6
6717 7
6718 8
6719 6
6720 7
6721 8
6722 7
6723 6
6724 4
6725 6
6726 5
6727 3
6728 2
6729 3
6730 1
6731 3
6732 3
6733 3
6734 3
6735 4
6736 5
6737 5
6738 5
6739 3
6740 3
6741 2
6742 3
6743 3
6744 1
6745 1
6746 4
6747 3
6748 1
6749 2
6750 2
6751 3
6752 0
6753 3
6754 3
6755 1
6756 1
6757 2
6758 3
6759 4
6760 4
6761 3
6762 2
6763 2
6764 3
6765 1
6766 2
6767 5
6768 3
6769 3
6770 1
6771 0
6772 2
6773 1
6774 3
6775 1
6776 1
6777 2
6778 1
6779 4
6780 5
6781 4
6782 2
6783 2
6784 5
6785 4
6786 4
6787 5
6788 6
6789 6
6790 5
6791 5
6792 6
6793 7
6794 6
6795 5
6796 4
6797 3
6798 2
6799 2
6800 2
6801 3
6802 1
6803 4
6804 3
6805 3
6806 1
6807 2
6808 3
6809 1
6810 2
6811 2
6812 3
6813 5
6814 5
6815 4
6816 5
6817 5
6818 4
6819 5
6820 4
6821 4
6822 2
6823 2
6824 3
6825 0
6826 3
6827 3
6828 4
6829 2
6830 2
6831 2
6832 4
6833 1
6834 3
6835 3
6836 3
6837 2
6838 2
6839 1
6840 4
6841 6
6842 5
6843 3
6844 1
6845 0
6846 2
6847 3
6848 4
6849 4
6850 3
6851 2
6852 1
6853 1
6854 1
6855 3
6856 3
6857 1
6858 1
6859 4
6860 3
6861 4
6862 4
6863 3
6864 2
6865 4
6866 2
6867 1
6868 1
6869 2
6870 1
6871 4
6872 4
6873 7
6874 8
6875 7
6876 7
6877 4
6878 2
6879 2
6880 2
6881 2
6882 1
6883 1
6884 3
6885 2
6886 2
6887 3
6888 4
6889 3
6890 1
6891 1
6892 4
6893 2
6894 1
6895 2
6896 3
6897 1
6898 3
6899 2
6900 2
6901 3
6902 4
6903 3
6904 2
6905 3
6906 2
6907 0
6908 4
6909 3
6910 2
6911 1
6912 1
6913 1
6914 1
6915 2
6916 4
6917 2
6918 3
6919 1
6920 3
6921 3
6922 4
6923 2
6924 2
6925 0
6926 1
6927 2
6928 1
6929 4
6930 2
6931 2
6932 2
6933 4
6934 2
6935 3
6936 3
6937 2
6938 1
6939 1
6940 1
6941 1
6942 5
6943 4
6944 2
6945 2
6946 3
6947 4
6948 3
6949 2
6950 1
6951 0
6952 4
6953 5
6954 4
6955 3
6956 4
6957 2
6958 1
6959 2
6960 1
6961 1
6962 3
6963 2
6964 2
6965 4
6966 5
6967 5
6968 5
6969 4
6970 2
6971 4
6972 3
6973 3
6974 3
6975 2
6976 3
6977 3
6978 2
6979 2
6980 2
6981 1
6982 1
6983 3
6984 2
6985 2
6986 4
6987 3
6988 2
6989 6
6990 4
6991 3
6992 3
6993 3
6994 2
6995 3
6996 1
6997 3
6998 3
6999 3
7000 1
7001 3
7002 2
7003 3
7004 2
7005 3
7006 5
7007 4
7008 4
7009 3
7010 0
7011 2
7012 3
7013 0
7014 2
7015 2
7016 4
7017 2
7018 2
7019 3
7020 2
7021 2
7022 1
7023 2
7024 1
7025 2
7026 3
7027 3
7028 5
7029 6
7030 7
7031 6
7032 4
7033 6
7034 4
7035 3
7036 5
7037 5
7038 5
7039 5
7040 5
7041 2
7042 5
7043 5
7044 2
7045 5
7046 5
7047 6
7048 5
7049 2
7050 4
7051 2
7052 4
7053 4
7054 2
7055 2
7056 3
7057 2
7058 2
7059 4
7060 2
7061 2
7062 3
7063 1
7064 2
7065 3
7066 3
7067 2
7068 0
7069 3
7070 5
7071 5
7072 5
7073 4
7074 4
7075 3
7076 2
7077 0
7078 3
7079 2
7080 2
7081 1
7082 3
7083 1
7084 2
7085 3
7086 1
7087 3
7088 2
7089 2
7090 1
7091 1
7092 1
7093 2
7094 2
7095 1
7096 2
7097 2
7098 1
7099 2
7100 2
7101 4
7102 3
7103 2
7104 2
7105 3
7106 5
7107 3
7108 1
7109 1
7110 2
7111 3
7112 2
7113 2
7114 1
7115 4
7116 4
7117 2
7118 2
7119 1
7120 3
7121 2
7122 3
7123 1
7124 2
7125 2
7126 3
7127 2
7128 4
7129 4
7130 3
7131 2
7132 3
7133 5
7134 4
7135 2
7136 5
7137 5
7138 4
7139 2
7140 1
7141 6
7142 3
7143 1
7144 1
7145 1
7146 1
7147 1
7148 2
7149 5
7150 2
7151 5
7152 5
7153 5
7154 6
7155 4
7156 3
7157 2
7158 1
7159 3
7160 4
7161 2
7162 3
7163 2
7164 1
7165 4
7166 4
7167 3
7168 2
7169 0
7170 3
7171 3
7172 2
7173 3
7174 2
7175 3
7176 2
7177 2
7178 2
7179 2
7180 4
7181 2
7182 4
7183 4
7184 2
7185 4
7186 3
7187 2
7188 0
7189 1
7190 5
7191 6
7192 5
7193 3
7194 4
7195 3
7196 1
7197 2
7198 1
7199 3
7200 1
7201 2
7202 2
7203 3
7204 2
7205 4
7206 3
7207 2
7208 3
7209 2
7210 1
7211 2
7212 2
7213 4
7214 3
7215 4
7216 2
7217 3
7218 2
7219 5
7220 3
7221 1
7222 1
7223 4
7224 5
7225 4
7226 3
7227 2
7228 0
7229 2
7230 2
7231 3
7232 3
7233 3
7234 7
7235 6
7236 6
7237 5
7238 6
7239 7
7240 6
7241 5
7242 3
7243 3
7244 1
7245 0
7246 2
7247 4
7248 2
7249 0
7250 2
7251 2
7252 3
7253 1
7254 2
7255 3
7256 2
7257 3
7258 2
7259 0
7260 2
7261 3
7262 4
7263 3
7264 2
7265 3
7266 1
7267 1
7268 3
7269 2
7270 1
7271 1
7272 1
7273 5
7274 4
7275 3
7276 1
7277 3
7278 1
7279 1
7280 0
7281 3
7282 1
7283 3
7284 2
7285 1
7286 4
7287 3
7288 1
7289 2
7290 1
7291 0
7292 5
7293 4
7294 2
7295 2
7296 0
7297 2
7298 3
7299 1
7300 4
7301 2
7302 2
7303 3
7304 3
7305 5
7306 6
7307 5
7308 3
7309 3
7310 3
7311 3
7312 1
7313 2
7314 1
7315 1
7316 3
7317 2
7318 2
7319 0
7320 3
7321 2
7322 2
7323 3
7324 4
7325 3
7326 2
7327 2
7328 2
7329 3
7330 3
7331 4
7332 3
7333 2
7334 3
7335 2
7336 3
7337 1
7338 0
7339 2
7340 0
7341 4
7342 4
7343 4
7344 4
7345 4
7346 3
7347 1
7348 2
7349 3
7350 4
7351 5
7352 4
7353 4
7354 5
7355 4
7356 3
7357 3
7358 4
7359 2
7360 4
7361 4
7362 4
7363 3
7364 1
7365 0
7366 3
7367 3
7368 2
7369 3
7370 1
7371 3
7372 3
7373 4
7374 4
7375 3
7376 2
7377 0
7378 0
7379 0
7380 2
7381 2
7382 4
7383 2
7384 3
7385 2
7386 2
7387 3
7388 3
7389 2
7390 2
7391 1
7392 2
7393 4
7394 2
7395 2
7396 4
7397 3
7398 4
7399 3
7400 3
7401 1
7402 1
7403 1
7404 3
7405 2
7406 3
7407 4
7408 2
7409 4
7410 2
7411 1
7412 4
7413 5
7414 5
7415 2
7416 1
7417 4
7418 4
7419 3
7420 2
7421 3
7422 4
7423 3
7424 2
7425 3
7426 2
7427 3
7428 4
7429 3
7430 2
7431 3
7432 3
7433 2
7434 4
7435 3
7436 3
7437 3
7438 2
7439 1
7440 4
7441 6
7442 5
7443 4
7444 5
7445 3
7446 1
7447 4
7448 3
7449 4
7450 3
7451 3
7452 3
7453 1
7454 1
7455 2
7456 1
7457 5
7458 2
7459 2
7460 3
7461 2
7462 3
7463 4
7464 4
7465 6
7466 5
7467 4
7468 2
7469 3
7470 3
7471 2
7472 1
7473 1
7474 1
7475 3
7476 1
7477 1
7478 3
7479 2
7480 1
7481 4
7482 5
7483 3
7484 3
7485 4
7486 3
7487 6
7488 6
7489 6
7490 5
7491 4
7492 2
7493 2
7494 1
7495 3
7496 2
7497 2
7498 1
7499 3
7500 2
7501 2
7502 2
7503 3
7504 0
7505 3
7506 2
7507 1
7508 3
7509 3
7510 2
7511 3
7512 1
7513 1
7514 4
7515 6
7516 5
7517 4
7518 3
7519 3
7520 2
7521 3
7522 2
7523 0
7524 3
7525 4
7526 3
7527 1
7528 2
7529 1
7530 2
7531 3
7532 2
7533 3
7534 4
7535 3
7536 2
7537 4
7538 3
7539 3
7540 2
7541 1
7542 2
7543 3
7544 1
7545 2
7546 3
7547 5
7548 4
7549 4
7550 2
7551 3
7552 3
7553 4
7554 4
7555 4
7556 5
7557 4
7558 3
7559 5
7560 3
7561 3
7562 0
7563 3
7564 1
7565 2
7566 2
7567 5
7568 4
7569 3
7570 3
7571 3
7572 2
7573 2
7574 3
7575 2
7576 0
7577 2
7578 3
7579 1
7580 3
7581 2
7582 1
7583 3
7584 2
7585 2
7586 3
7587 3
7588 4
7589 4
7590 4
7591 3
7592 3
7593 1
7594 3
7595 2
7596 1
7597 3
7598 3
7599 3
7600 3
7601 2
7602 1
7603 2
7604 3
7605 2
7606 3
7607 3
7608 1
7609 4
7610 1
7611 2
7612 1
7613 1
7614 2
7615 1
7616 2
7617 2
7618 2
7619 2
7620 4
7621 4
7622 3
7623 3
7624 3
7625 4
7626 4
7627 3
7628 3
7629 2
7630 1
7631 3
7632 3
7633 4
7634 2
7635 1
7636 2
7637 3
7638 4
7639 3
7640 3
7641 3
7642 4
7643 2
7644 3
7645 6
7646 5
7647 6
7648 6
7649 8
7650 8
7651 6
7652 6
7653 4
7654 1
7655 4
7656 3
7657 2
7658 1
7659 4
7660 4
7661 4
7662 5
7663 3
7664 2
7665 3
7666 3
7667 2
7668 3
7669 2
7670 2
7671 2
7672 3
7673 1
7674 2
7675 4
7676 3
7677 4
7678 4
7679 2
7680 1
7681 4
7682 3
7683 2
7684 4
7685 6
7686 5
7687 4
7688 4
7689 3
7690 2
7691 2
7692 3
7693 3
7694 3
7695 1
7696 3
7697 5
7698 4
7699 2
7700 2
7701 1
7702 2
7703 3
7704 1
7705 5
7706 4
7707 3
7708 3
7709 2
7710 1
7711 3
7712 2
7713 2
7714 0
7715 2
7716 3
7717 3
7718 1
7719 2
7720 2
7721 2
7722 1
7723 2
7724 3
7725 3
7726 3
7727 2
7728 2
7729 4
7730 5
7731 5
7732 5
7733 3
7734 0
7735 1
7736 1
7737 2
7738 3
7739 3
7740 1
7741 2
7742 1
7743 2
7744 2
7745 3
7746 2
7747 1
7748 3
7749 2
7750 4
7751 4
7752 3
7753 3
7754 3
7755 5
7756 4
7757 2
7758 2
7759 2
7760 2
7761 3
7762 2
7763 2
7764 0
7765 3
7766 2
7767 2
7768 3
7769 4
7770 5
7771 3
7772 5
7773 5
7774 2
7775 1
7776 3
7777 3
7778 2
7779 3
7780 3
7781 4
7782 2
7783 1
7784 2
7785 1
7786 3
7787 2
7788 4
7789 2
7790 2
7791 1
7792 1
7793 4
7794 5
7795 4
7796 1
7797 2
7798 2
7799 2
7800 1
7801 3
7802 3
7803 1
7804 1
7805 3
7806 1
7807 2
7808 3
7809 3
7810 3
7811 2
7812 1
7813 4
7814 2
7815 2
7816 3
7817 4
7818 4
7819 3
7820 2
7821 2
7822 2
7823 3
7824 2
7825 2
7826 3
7827 3
7828 3
7829 2
7830 3
7831 3
7832 5
7833 4
7834 2
7835 2
7836 1
7837 2
7838 1
7839 2
7840 1
7841 1
7842 1
7843 1
7844 1
7845 3
7846 3
7847 2
7848 2
7849 2
7850 1
7851 3
7852 2
7853 1
7854 1
7855 2
7856 3
7857 1
7858 1
7859 1
7860 5
7861 4
7862 3
7863 3
7864 1
7865 2
7866 4
7867 4
7868 3
7869 1
7870 5
7871 5
7872 4
7873 2
7874 1
7875 1
7876 3
7877 2
7878 2
7879 2
7880 2
7881 2
7882 2
7883 3
7884 4
7885 2
7886 3
7887 1
7888 4
7889 2
7890 1
7891 3
7892 2
7893 2
7894 3
7895 2
7896 0
7897 3
7898 3
7899 2
7900 2
7901 2
7902 1
7903 2
7904 2
7905 3
7906 2
7907 3
7908 2
7909 4
7910 3
7911 4
7912 2
7913 2
7914 2
7915 4
7916 3
7917 1
7918 2
7919 1
7920 2
7921 2
7922 2
7923 3
7924 3
7925 3
7926 3
7927 2
7928 2
7929 0
7930 0
7931 1
7932 0
7933 4
7934 2
7935 4
7936 2
7937 1
7938 4
7939 4
7940 2
7941 2
7942 3
7943 1
7944 4
7945 3
7946 3
7947 1
7948 1
7949 3
7950 5
7951 5
7952 3
7953 3
7954 2
7955 1
7956 2
7957 2
7958 2
7959 0
7960 4
7961 3
7962 3
7963 2
7964 2
7965 0
7966 3
7967 2
7968 4
7969 2
7970 2
7971 3
7972 4
7973 1
7974 1
7975 1
7976 0
7977 4
7978 3
7979 1
7980 3
7981 3
7982 3
7983 4
7984 2
7985 1
7986 4
7987 5
7988 4
7989 4
7990 3
7991 2
7992 2
7993 1
7994 3
7995 5
7996 3
7997 2
7998 0
7999 3
8000 1
8001 2
8002 2
8003 0
8004 2
8005 2
8006 2
8007 3
8008 2
8009 1
8010 0
8011 3
8012 1
8013 2
8014 2
8015 4
8016 3
8017 3
8018 1
8019 1
8020 2
8021 1
8022 3
8023 2
8024 3
8025 3
8026 1
8027 4
8028 3
8029 2
8030 4
8031 4
8032 4
8033 5
8034 4
8035 4
8036 1
8037 2
8038 4
8039 2
8040 1
8041 0
8042 2
8043 3
8044 3
8045 2
8046 4
8047 3
8048 5
8049 4
8050 2
8051 3
8052 4
8053 2
8054 2
8055 2
8056 2
8057 1
8058 3
8059 2
8060 1
8061 1
8062 4
8063 2
8064 3
8065 3
8066 3
8067 5
8068 5
8069 3
8070 2
8071 2
8072 3
8073 4
8074 2
8075 3
8076 3
8077 3
8078 3
8079 3
8080 1
8081 2
8082 1
8083 2
8084 2
8085 3
8086 1
8087 3
8088 3
8089 2
8090 1
8091 4
8092 4
8093 2
8094 3
8095 3
8096 1
8097 0
8098 0
8099 2
8100 2
8101 1
8102 3
8103 2
8104 3
8105 1
8106 2
8107 3
8108 1
8109 2
8110 1
8111 3
8112 3
8113 2
8114 2
8115 2
8116 4
8117 2
8118 2
8119 3
8120 2
8121 3
8122 3
8123 2
8124 1
8125 2
8126 4
8127 2
8128 5
8129 4
8130 5
8131 4
8132 4
8133 2
8134 4
8135 6
8136 7
8137 7
8138 7
8139 6
8140 5
8141 5
8142 5
8143 5
8144 6
8145 6
8146 6
8147 6
8148 4
8149 6
8150 6
8151 3
8152 2
8153 2
8154 0
8155 0
8156 3
8157 3
8158 2
8159 2
8160 3
8161 3
8162 2
8163 3
8164 1
8165 4
8166 5
8167 4
8168 4
8169 2
8170 4
8171 2
8172 1
8173 3
8174 2
8175 3
8176 2
8177 1
8178 4
8179 2
8180 1
8181 3
8182 6
8183 4
8184 4
8185 6
8186 5
8187 4
8188 3
8189 2
8190 3
8191 2
8192 4
8193 5
8194 6
8195 4
8196 3
8197 3
8198 3
8199 3
8200 1
8201 3
8202 2
8203 3
8204 2
8205 2
8206 3
8207 0
8208 2
8209 2
8210 2
8211 3
8212 4
8213 4
8214 6
8215 5
8216 4
8217 3
8218 3
8219 5
8220 2
8221 2
8222 0
8223 2
8224 3
8225 2
8226 2
8227 2
8228 2
8229 2
8230 4
8231 2
8232 1
8233 1
8234 4
8235 2
8236 1
8237 4
8238 3
8239 4
8240 2
8241 2
8242 4
8243 5
8244 5
8245 5
8246 4
8247 3
8248 4
8249 3
8250 4
8251 2
8252 2
8253 4
8254 4
8255 3
8256 1
8257 1
8258 3
8259 2
8260 1
8261 3
8262 2
8263 0
8264 3
8265 1
8266 1
8267 0
8268 1
8269 5
8270 4
8271 4
8272 4
8273 4
8274 3
8275 1
8276 3
8277 2
8278 2
8279 3
8280 2
8281 1
8282 1
8283 3
8284 1
8285 1
8286 5
8287 3
8288 1
8289 1
8290 2
8291 2
8292 3
8293 2
8294 1
8295 2
8296 1
8297 0
8298 2
8299 1
8300 2
8301 3
8302 0
8303 3
8304 3
8305 3
8306 2
8307 1
8308 2
8309 4
8310 2
8311 1
8312 2
8313 2
8314 4
8315 3
8316 2
8317 2
8318 3
8319 1
8320 2
8321 2
8322 3
8323 2
8324 1
8325 3
8326 2
8327 2
8328 4
8329 4
8330 4
8331 4
8332 2
8333 4
8334 2
8335 2
8336 2
8337 2
8338 3
8339 1
8340 1
8341 3
8342 2
8343 2
8344 0
8345 3
8346 1
8347 1
8348 3
8349 3
8350 5
8351 4
8352 5
8353 3
8354 2
8355 2
8356 1
8357 3
8358 3
8359 2
8360 1
8361 3
8362 2
8363 1
8364 2
8365 2
8366 2
8367 0
8368 0
8369 3
8370 3
8371 4
8372 2
8373 2
8374 2
8375 2
8376 1
8377 4
8378 4
8379 2
8380 2
8381 2
8382 2
8383 0
8384 1
8385 1
8386 4
8387 3
8388 3
8389 3
8390 5
8391 4
8392 2
8393 2
8394 2
8395 6
8396 4
8397 3
8398 2
8399 2
8400 1
8401 3
8402 3
8403 2
8404 1
8405 3
8406 3
8407 2
8408 2
8409 3
8410 2
8411 4
8412 4
8413 5
8414 5
8415 5
8416 5
8417 3
8418 1
8419 1
8420 4
8421 6
8422 5
8423 3
8424 1
8425 1
8426 2
8427 4
8428 4
8429 5
8430 2
8431 3
8432 0
8433 4
8434 2
8435 1
8436 0
8437 1
8438 0
8439 2
8440 4
8441 3
8442 3
8443 2
8444 1
8445 2
8446 3
8447 1
8448 2
8449 0
8450 2
8451 1
8452 2
8453 1
8454 3
8455 2
8456 3
8457 2
8458 1
8459 5
8460 3
8461 2
8462 2
8463 1
8464 3
8465 3
8466 1
8467 2
8468 4
8469 2
8470 1
8471 4
8472 3
8473 1
8474 0
8475 2
8476 3
8477 2
8478 5
8479 5
8480 4
8481 5
8482 3
8483 3
8484 4
8485 2
8486 4
8487 3
8488 1
8489 2
8490 1
8491 2
8492 1
8493 3
8494 2
8495 3
8496 1
8497 2
8498 3
8499 4
8500 5
8501 5
8502 5
8503 6
8504 6
8505 6
8506 5
8507 4
8508 4
8509 3
8510 1
8511 2
8512 3
8513 3
8514 4
8515 2
8516 1
8517 1
8518 1
8519 2
8520 3
8521 3
8522 1
8523 5
8524 6
8525 7
8526 6
8527 5
8528 4
8529 3
8530 1
8531 1
8532 3
8533 3
8534 2
8535 2
8536 3
8537 2
8538 3
8539 3
8540 2
8541 4
8542 3
8543 3
8544 3
8545 1
8546 2
8547 2
8548 3
8549 1
8550 0
8551 4
8552 3
8553 2
8554 2
8555 4
8556 6
8557 5
8558 4
8559 3
8560 2
8561 0
8562 2
8563 0
8564 2
8565 3
8566 4
8567 3
8568 1
8569 5
8570 4
8571 4
8572 2
8573 4
8574 2
8575 1
8576 2
8577 2
8578 4
8579 4
8580 3
8581 0
8582 2
8583 2
8584 0
8585 0
8586 3
8587 2
8588 2
8589 5
8590 5
8591 3
8592 1
8593 2
8594 5
8595 6
8596 6
8597 6
8598 4
8599 2
8600 3
8601 2
8602 2
8603 2
8604 2
8605 3
8606 2
8607 4
8608 2
8609 2
8610 1
8611 3
8612 4
8613 3
8614 3
8615 3
8616 1
8617 3
8618 1
8619 2
8620 2
8621 3
8622 2
8623 2
8624 3
8625 3
8626 3
8627 1
8628 2
8629 2
8630 3
8631 3
8632 2
8633 1
8634 2
8635 0
8636 2
8637 2
8638 2
8639 6
8640 4
8641 2
8642 3
8643 3
8644 3
8645 2
8646 1
8647 3
8648 4
8649 4
8650 3
8651 0
8652 3
8653 1
8654 1
8655 3
8656 2
8657 4
8658 3
8659 1
8660 2
8661 3
8662 4
8663 3
8664 2
8665 3
8666 3
8667 4
8668 2
8669 1
8670 1
8671 1
8672 1
8673 0
8674 2
8675 3
8676 0
8677 0
8678 2
8679 3
8680 5
8681 5
8682 4
8683 2
8684 4
8685 2
8686 3
8687 2
8688 2
8689 2
8690 1
8691 1
8692 2
8693 4
8694 3
8695 2
8696 2
8697 4
8698 2
8699 3
8700 2
8701 1
8702 1
8703 4
8704 4
8705 3
8706 4
8707 3
8708 4
8709 5
8710 5
8711 5
8712 6
8713 5
8714 3
8715 2
8716 3
8717 3
8718 2
8719 3
8720 2
8721 3
8722 3
8723 2
8724 2
8725 1
8726 3
8727 2
8728 4
8729 3
8730 1
8731 3
8732 3
8733 1
8734 1
8735 2
8736 4
8737 4
8738 2
8739 2
8740 0
8741 1
8742 1
8743 2
8744 0
8745 2
8746 3
8747 4
8748 3
8749 0
8750 1
8751 4
8752 3
8753 3
8754 2
8755 2
8756 2
8757 4
8758 2
8759 3
8760 0
8761 3
8762 2
8763 2
8764 4
8765 2
8766 3
8767 2
8768 3
8769 3
8770 1
8771 3
8772 1
8773 3
8774 3
8775 0
8776 4
8777 2
8778 2
8779 4
8780 4
8781 6
8782 6
8783 6
8784 6
8785 6
8786 5
8787 5
8788 3
8789 1
8790 3
8791 1
8792 3
8793 3
8794 2
8795 5
8796 4
8797 4
8798 3
8799 1
8800 3
8801 0
8802 1
8803 1
8804 2
8805 3
8806 1
8807 3
8808 2
8809 0
8810 4
8811 3
8812 0
8813 1
8814 0
8815 3
8816 3
8817 2
8818 2
8819 1
8820 2
8821 2
8822 1
8823 1
8824 1
8825 1
8826 2
8827 5
8828 7
8829 6
8830 5
8831 3
8832 1
8833 0
8834 3
8835 2
8836 2
8837 2
8838 4
8839 4
8840 6
8841 7
8842 8
8843 8
8844 7
8845 5
8846 4
8847 2
8848 4
8849 4
8850 2
8851 2
8852 4
8853 2
8854 4
8855 2
8856 1
8857 5
8858 3
8859 2
8860 4
8861 4
8862 1
8863 3
8864 2
8865 4
8866 3
8867 0
8868 4
8869 2
8870 1
8871 3
8872 5
8873 5
8874 4
8875 4
8876 4
8877 4
8878 3
8879 2
8880 2
8881 3
8882 2
8883 4
8884 2
8885 4
8886 4
8887 3
8888 3
8889 3
8890 5
8891 2
8892 2
8893 3
8894 1
8895 2
8896 3
8897 4
8898 4
8899 5
8900 5
8901 4
8902 1
8903 1
8904 3
8905 2
8906 4
8907 3
8908 5
8909 5
8910 4
8911 1
8912 3
8913 3
8914 3
8915 1
8916 3
8917 1
8918 1
8919 3
8920 1
8921 1
8922 3
8923 3
8924 4
8925 4
8926 3
8927 2
8928 3
8929 1
8930 2
8931 3
8932 2
8933 1
8934 4
8935 2
8936 2
8937 4
8938 5
8939 4
8940 3
8941 4
8942 5
8943 5
8944 7
8945 6
8946 5
8947 7
8948 7
8949 9
8950 13
8951 12
8952 12
8953 9
8954 8
8955 9
8956 7
8957 5
8958 3
8959 2
8960 2
8961 3
8962 4
8963 5
8964 5
8965 4
8966 4
8967 3
8968 2
8969 1
8970 3
8971 3
8972 4
8973 2
8974 1
8975 3
8976 2
8977 3
8978 4
8979 3
8980 3
8981 3
8982 1
8983 0
8984 1
8985 1
8986 2
8987 1
8988 2
8989 2
8990 1
8991 1
8992 3
8993 1
8994 4
8995 4
8996 4
8997 3
8998 1
8999 4
9000 4
9001 4
9002 4
9003 4
9004 4
9005 2
9006 3
9007 2
9008 3
9009 3
9010 5
9011 4
9012 3
9013 2
9014 2
9015 3
9016 1
9017 2
9018 4
9019 5
9020 3
9021 3
9022 2
9023 4
9024 3
9025 3
9026 2
9027 4
9028 2
9029 5
9030 5
9031 5
9032 4
9033 2
9034 2
9035 2
9036 2
9037 3
9038 2
9039 3
9040 4
9041 3
9042 2
9043 2
9044 4
9045 2
9046 2
9047 0
9048 4
9049 1
9050 3
9051 3
9052 1
9053 3
9054 1
9055 3
9056 2
9057 1
9058 3
9059 2
9060 3
9061 2
9062 3
9063 2
9064 1
9065 2
9066 2
9067 1
9068 2
9069 3
9070 1
9071 2
9072 4
9073 2
9074 3
9075 1
9076 2
9077 3
9078 3
9079 1
9080 2
9081 2
9082 3
9083 2
9084 1
9085 3
9086 3
9087 2
9088 2
9089 1
9090 2
9091 2
9092 2
9093 2
9094 4
9095 3
9096 1
9097 1
9098 2
9099 3
9100 2
9101 5
9102 4
9103 4
9104 1
9105 2
9106 4
9107 3
9108 3
9109 3
9110 3
9111 2
9112 3
9113 1
9114 3
9115 2
9116 1
9117 2
9118 2
9119 1
9120 2
9121 3
9122 2
9123 3
9124 3
9125 2
9126 3
9127 4
9128 7
9129 4
9130 2
9131 2
9132 3
9133 2
9134 2
9135 2
9136 2
9137 5
9138 7
9139 4
9140 2
9141 2
9142 2
9143 1
9144 0
9145 4
9146 3
9147 2
9148 2
9149 0
9150 4
9151 4
9152 3
9153 2
9154 3
9155 3
9156 3
9157 3
9158 1
9159 2
9160 4
9161 4
9162 2
9163 3
9164 5
9165 4
9166 2
9167 2
9168 1
9169 1
9170 2
9171 1
9172 1
9173 4
9174 4
9175 2
9176 1
9177 2
9178 1
9179 2
9180 3
9181 2
9182 2
9183 4
9184 2
9185 1
9186 1
9187 2
9188 0
9189 2
9190 2
9191 2
9192 2
9193 0
9194 2
9195 4
9196 4
9197 4
9198 5
9199 5
9200 4
9201 2
9202 3
9203 3
9204 2
9205 2
9206 2
9207 2
9208 1
9209 3
9210 3
9211 2
9212 0
9213 3
9214 2
9215 3
9216 2
9217 1
9218 3
9219 3
9220 4
9221 3
9222 3
9223 1
9224 2
9225 2
9226 2
9227 1
9228 1
9229 2
9230 1
9231 2
9232 3
9233 2
9234 1
9235 1
9236 3
9237 1
9238 3
9239 1
9240 2
9241 3
9242 3
9243 2
9244 0
9245 3
9246 3
9247 2
9248 2
9249 2
9250 3
9251 3
9252 0
9253 2
9254 4
9255 3
9256 2
9257 0
9258 2
9259 2
9260 2
9261 2
9262 3
9263 2
9264 2
9265 1
9266 3
9267 3
9268 4
9269 5
9270 5
9271 3
9272 2
9273 3
9274 2
9275 2
9276 4
9277 1
9278 3
9279 2
9280 2
9281 2
9282 1
9283 3
9284 4
9285 3
9286 1
9287 2
9288 2
9289 1
9290 2
9291 2
9292 1
9293 0
9294 2
9295 1
9296 2
9297 3
9298 2
9299 2
9300 3
9301 2
9302 3
9303 1
9304 2
9305 3
9306 1
9307 3
9308 2
9309 0
9310 4
9311 4
9312 3
9313 2
9314 4
9315 3
9316 3
9317 4
9318 4
9319 2
9320 0
9321 2
9322 2
9323 2
9324 2
9325 4
9326 5
9327 3
9328 4
9329 4
9330 4
9331 4
9332 4
9333 3
9334 1
9335 3
9336 1
9337 2
9338 2
9339 1
9340 1
9341 0
9342 2
9343 2
9344 0
9345 0
9346 1
9347 0
9348 2
9349 1
9350 2
9351 5
9352 4
9353 3
9354 1
9355 2
9356 4
9357 2
9358 2
9359 1
9360 2
9361 1
9362 3
9363 2
9364 2
9365 2
9366 1
9367 3
9368 3
9369 2
9370 2
9371 2
9372 2
9373 4
9374 3
9375 3
9376 1
9377 2
9378 3
9379 0
9380 1
9381 0
9382 3
9383 1
9384 2
9385 2
9386 2
9387 2
9388 1
9389 1
9390 0
9391 2
9392 1
9393 3
9394 2
9395 3
9396 4
9397 2
9398 2
9399 1
9400 3
9401 2
9402 1
9403 3
9404 2
9405 4
9406 2
9407 2
9408 2
9409 3
9410 4
9411 1
9412 2
9413 2
9414 2
9415 2
9416 1
9417 1
9418 1
9419 2
9420 4
9421 2
9422 1
9423 1
9424 2
9425 2
9426 4
9427 6
9428 4
9429 4
9430 5
9431 4
9432 3
9433 3
9434 4
9435 3
9436 1
9437 3
9438 1
9439 1
9440 1
9441 0
9442 2
9443 1
9444 1
9445 4
9446 4
9447 3
9448 4
9449 4
9450 3
9451 3
9452 0
9453 1
9454 3
9455 1
9456 1
9457 2
9458 2
9459 0
9460 0
9461 2
9462 2
9463 2
9464 3
9465 2
9466 3
9467 4
9468 4
9469 3
9470 4
9471 4
9472 4
9473 4
9474 3
9475 2
9476 3
9477 2
9478 1
9479 2
9480 3
9481 4
9482 3
9483 2
9484 0
9485 1
9486 3
9487 1
9488 2
9489 2
9490 3
9491 1
9492 4
9493 4
9494 1
9495 4
9496 7
9497 7
9498 7
9499 7
9500 6
9501 6
9502 5
9503 4
9504 3
9505 4
9506 3
9507 2
9508 4
9509 4
9510 6
9511 6
9512 4
9513 3
9514 2
9515 3
9516 4
9517 1
9518 2
9519 2
9520 2
9521 4
9522 5
9523 5
9524 6
9525 4
9526 3
9527 2
9528 3
9529 2
9530 1
9531 2
9532 2
9533 1
9534 1
9535 3
9536 3
9537 3
9538 3
9539 2
9540 0
9541 2
9542 2
9543 2
9544 1
9545 1
9546 2
9547 2
9548 4
9549 7
9550 6
9551 5
9552 3
9553 2
9554 3
9555 2
9556 1
9557 2
9558 1
9559 3
9560 2
9561 2
9562 4
9563 3
9564 3
9565 2
9566 1
9567 3
9568 4
9569 3
9570 3
9571 1
9572 4
9573 4
9574 5
9575 4
9576 3
9577 2
9578 2
9579 1
9580 3
9581 3
9582 4
9583 3
9584 2
9585 2
9586 3
9587 1
9588 4
9589 4
9590 6
9591 5
9592 3
9593 1
9594 4
9595 5
9596 5
9597 5
9598 3
9599 5
9600 4
9601 3
9602 2
9603 2
9604 1
9605 2
9606 3
9607 3
9608 2
9609 3
9610 5
9611 3
9612 5
9613 5
9614 5
9615 3
9616 2
9617 4
9618 3
9619 3
9620 1
9621 2
9622 4
9623 3
9624 3
9625 1
9626 2
9627 2
9628 1
9629 3
9630 2
9631 1
9632 2
9633 1
9634 1
9635 3
9636 0
9637 2
9638 2
9639 3
9640 3
9641 2
9642 1
9643 4
9644 2
9645 1
9646 2
9647 2
9648 3
9649 6
9650 5
9651 4
9652 2
9653 3
9654 2
9655 3
9656 2
9657 3
9658 3
9659 3
9660 0
9661 1
9662 1
9663 2
9664 1
9665 2
9666 2
9667 1
9668 2
9669 1
9670 3
9671 0
9672 2
9673 2
9674 2
9675 3
9676 4
9677 4
9678 3
9679 3
9680 3
9681 3
9682 3
9683 1
9684 3
9685 1
9686 1
9687 3
9688 2
9689 3
9690 2
9691 5
9692 3
9693 3
9694 2
9695 1
9696 2
9697 3
9698 2
9699 2
9700 2
9701 3
9702 1
9703 2
9704 2
9705 4
9706 2
9707 3
9708 2
9709 2
9710 1
9711 2
9712 2
9713 4
9714 3
9715 2
9716 2
9717 2
9718 4
9719 3
9720 2
9721 2
9722 2
9723 2
9724 4
9725 1
9726 2
9727 3
9728 2
9729 1
9730 2
9731 3
9732 3
9733 2
9734 1
9735 2
9736 3
9737 2
9738 3
9739 3
9740 2
9741 1
9742 1
9743 4
9744 4
9745 3
9746 3
9747 2
9748 2
9749 3
9750 2
9751 2
9752 2
9753 3
9754 2
9755 4
9756 3
9757 1
9758 2
9759 4
9760 2
9761 2
9762 4
9763 4
9764 4
9765 4
9766 4
9767 2
9768 1
9769 4
9770 3
9771 3
9772 2
9773 2
9774 1
9775 1
9776 4
9777 4
9778 2
9779 3
9780 4
9781 3
9782 1
9783 5
9784 3
9785 2
9786 1
9787 3
9788 2
9789 4
9790 1
9791 5
9792 4
9793 2
9794 4
9795 5
9796 5
9797 3
9798 2
9799 2
9800 1
9801 3
9802 2
9803 2
9804 2
9805 4
9806 4
9807 3
9808 2
9809 4
9810 4
9811 6
9812 4
9813 4
9814 2
9815 4
9816 3
9817 3
9818 2
9819 2
9820 3
9821 2
9822 1
9823 1
9824 2
9825 1
9826 3
9827 3
9828 1
9829 0
9830 3
9831 1
9832 2
9833 2
9834 2
9835 1
9836 2
9837 3
9838 1
9839 3
9840 2
9841 1
9842 2
9843 2
9844 5
9845 5
9846 4
9847 1
9848 2
9849 2
9850 1
9851 2
9852 3
9853 2
9854 2
9855 1
9856 3
9857 2
9858 1
9859 2
9860 3
9861 3
9862 2
9863 2
9864 2
9865 2
9866 2
9867 2
9868 3
9869 1
9870 1
9871 2
9872 2
9873 2
9874 2
9875 2
9876 4
9877 2
9878 2
9879 1
9880 4
9881 2
9882 2
9883 2
9884 1
9885 3
9886 4
9887 5
9888 5
9889 4
9890 2
9891 2
9892 1
9893 2
9894 5
9895 4
9896 7
9897 7
9898 5
9899 3
9900 1
9901 1
9902 2
9903 3
9904 3
9905 2
9906 2
9907 3
9908 2
9909 2
9910 1
9911 3
9912 3
9913 3
9914 2
9915 3
9916 4
9917 3
9918 1
9919 2
9920 3
9921 3
9922 3
9923 2
9924 1
9925 3
9926 3
9927 3
9928 2
9929 2
9930 1
9931 3
9932 2
9933 1
9934 3
9935 2
9936 2
9937 2
9938 0
9939 1
9940 3
9941 3
9942 3
9943 1
9944 4
9945 3
9946 3
9947 2
9948 1
9949 0
9950 2
9951 2
9952 2
9953 3
9954 3
9955 4
9956 3
9957 3
9958 3
9959 2
9960 2
9961 2
9962 3
9963 1
9964 4
9965 6
9966 4
9967 6
9968 6
9969 4
9970 4
9971 4
9972 3
9973 2
9974 2
9975 3
9976 4
9977 2
9978 0
9979 2
9980 3
9981 2
9982 2
9983 2
9984 1
9985 2
9986 3
9987 0
9988 1
9989 3
9990 2
9991 4
9992 2
9993 2
9994 4
9995 4
9996 6
9997 5
9998 4
9999 5
