0 1
1 2
2 3
3 1
4 4
5 2
6 1
7 3
8 4
9 2
10 3
11 3
12 2
13 2
14 2
15 3
16 2
17 4
18 3
19 1
20 3
21 3
22 0
23 2
24 3
25 2
26 1
27 3
28 4
29 2
30 2
31 3
32 1
33 2
34 4
35 6
36 5
37 6
38 3
39 3
40 0
41 2
42 4
43 5
44 5
45 4
46 2
47 2
48 0
49 2
50 2
51 2
52 3
53 4
54 3
55 4
56 3
57 3
58 2
59 3
60 2
61 4
62 4
63 4
64 4
65 4
66 1
67 1
68 3
69 2
70 1
71 1
72 5
73 5
74 4
75 4
76 4
77 3
78 2
79 3
80 2
81 3
82 4
83 4
84 4
85 4
86 5
87 4
88 4
89 3
90 0
91 1
92 2
93 1
94 2
95 2
96 6
97 5
98 5
99 5
100 4
101 3
102 4
103 2
104 4
105 3
106 4
107 3
108 6
109 3
110 2
111 2
112 3
113 2
114 2
115 3
116 2
117 4
118 3
119 1
120 0
121 4
122 3
123 1
124 2
125 2
126 4
127 2
128 2
129 3
130 1
131 3
132 1
133 4
134 5
135 4
136 3
137 3
138 2
139 4
140 4
141 4
142 4
143 1
144 2
145 3
146 4
147 4
148 5
149 4
150 1
151 2
152 3
153 3
154 2
155 2
156 1
157 0
158 2
159 4
160 3
161 1
162 3
163 1
164 4
165 1
166 2
167 1
168 1
169 2
170 4
171 6
172 6
173 3
174 1
175 3
176 0
177 4
178 5
179 2
180 2
181 4
182 5
183 3
184 4
185 3
186 2
187 1
188 2
189 2
190 4
191 3
192 2
193 4
194 3
195 1
196 3
197 2
198 2
199 3
200 2
201 1
202 1
203 4
204 3
205 2
206 2
207 2
208 3
209 3
210 3
211 3
212 1
213 2
214 0
215 2
216 2
217 2
218 2
219 3
220 3
221 1
222 4
223 3
224 3
225 2
226 5
227 4
228 3
229 4
230 4
231 2
232 1
233 4
234 4
235 4
236 3
237 1
238 2
239 3
240 0
241 2
242 1
243 4
244 2
245 3
246 1
247 3
248 4
249 4
250 4
251 6
252 5
253 6
254 8
255 6
256 6
257 4
258 4
259 3
260 2
261 2
262 5
263 5
264 7
265 7
266 7
267 5
268 2
269 1
270 2
271 2
272 2
273 3
274 4
275 3
276 2
277 1
278 3
279 3
280 1
281 4
282 2
283 2
284 3
285 0
286 4
287 2
288 2
289 6
290 4
291 4
292 4
293 6
294 5
295 3
296 3
297 4
298 2
299 1
300 0
301 3
302 3
303 2
304 1
305 4
306 3
307 3
308 4
309 2
310 3
311 1
312 1
313 3
314 0
315 1
316 2
317 1
318 1
319 3
320 3
321 3
322 2
323 3
324 2
325 4
326 7
327 7
328 5
329 4
330 4
331 6
332 7
333 4
334 2
335 2
336 1
337 2
338 3
339 2
340 2
341 1
342 2
343 0
344 0
345 4
346 4
347 2
348 1
349 3
350 1
351 4
352 4
353 2
354 2
355 3
356 1
357 3
358 4
359 6
360 4
361 4
362 2
363 3
364 4
365 2
366 1
367 1
368 3
369 3
370 0
371 0
372 3
373 3
374 0
375 2
376 2
377 1
378 1
379 1
380 1
381 3
382 4
383 3
384 2
385 0
386 1
387 2
388 2
389 3
390 2
391 1
392 3
393 2
394 3
395 3
396 1
397 1
398 1
399 3
400 0
401 0
402 1
403 3
404 2
405 1
406 1
407 3
408 2
409 2
410 2
411 3
412 3
413 0
414 2
415 2
416 1
417 4
418 6
419 5
420 4
421 4
422 1
423 4
424 2
425 2
426 0
427 4
428 2
429 5
430 4
431 4
432 3
433 2
434 4
435 3
436 1
437 2
438 2
439 2
440 2
441 3
442 3
443 1
444 3
445 1
446 3
447 3
448 1
449 2
450 2
451 2
452 2
453 2
454 3
455 2
456 2
457 3
458 5
459 3
460 2
461 2
462 4
463 3
464 2
465 1
466 2
467 0
468 2
469 1
470 2
471 3
472 4
473 2
474 0
475 1
476 3
477 5
478 6
479 4
480 3
481 2
482 5
483 3
484 1
485 1
486 4
487 4
488 2
489 3
490 2
491 1
492 2
493 3
494 2
495 4
496 4
497 6
498 6
499 7
500 6
501 3
502 2
503 2
504 3
505 2
506 3
507 3
508 2
509 0
510 2
511 3
512 1
513 2
514 1
515 2
516 3
517 1
518 1
519 4
520 3
521 2
522 4
523 4
524 5
525 6
526 6
527 3
528 1
529 6
530 6
531 6
532 7
533 7
534 7
535 5
536 5
537 7
538 7
539 6
540 5
541 5
542 3
543 2
544 1
545 3
546 5
547 4
548 2
549 4
550 4
551 2
552 1
553 1
554 4
555 6
556 3
557 2
558 1
559 1
560 1
561 3
562 4
563 3
564 2
565 0
566 2
567 2
568 0
569 2
570 3
571 3
572 2
573 4
574 2
575 1
576 2
577 2
578 3
579 4
580 4
581 2
582 1
583 3
584 3
585 3
586 3
587 3
588 1
589 2
590 5
591 5
592 6
593 8
594 8
595 6
596 6
597 4
598 3
599 2
600 2
601 3
602 2
603 2
604 0
605 1
606 2
607 1
608 2
609 3
610 2
611 1
612 2
613 1
614 2
615 1
616 3
617 2
618 1
619 4
620 5
621 3
622 3
623 3
624 3
625 1
626 4
627 2
628 3
629 2
630 1
631 2
632 1
633 0
634 3
635 3
636 2
637 1
638 3
639 3
640 2
641 2
642 3
643 1
644 5
645 4
646 5
647 3
648 1
649 0
650 1
651 1
652 3
653 1
654 3
655 0
656 1
657 1
658 1
659 4
660 4
661 2
662 1
663 2
664 1
665 2
666 1
667 2
668 3
669 3
670 2
671 3
672 2
673 0
674 5
675 6
676 7
677 6
678 3
679 3
680 1
681 2
682 2
683 1
684 2
685 3
686 0
687 1
688 3
689 1
690 4
691 3
692 0
693 2
694 5
695 3
696 1
697 3
698 3
699 3
700 3
701 2
702 5
703 8
704 7
705 8
706 8
707 8
708 8
709 8
710 7
711 7
712 5
713 4
714 3
715 3
716 3
717 1
718 2
719 3
720 4
721 3
722 3
723 2
724 2
725 1
726 1
727 2
728 0
729 2
730 3
731 1
732 3
733 4
734 3
735 3
736 4
737 3
738 3
739 1
740 2
741 1
742 3
743 3
744 2
745 2
746 3
747 3
748 3
749 1
750 3
751 0
752 2
753 4
754 2
755 4
756 3
757 1
758 3
759 1
760 1
761 2
762 1
763 2
764 2
765 4
766 3
767 3
768 3
769 2
770 2
771 1
772 2
773 4
774 3
775 1
776 0
777 2
778 1
779 1
780 0
781 3
782 3
783 3
784 1
785 1
786 1
787 3
788 2
789 2
790 3
791 2
792 2
793 0
794 2
795 1
796 3
797 2
798 3
799 1
800 1
801 3
802 2
803 2
804 2
805 1
806 1
807 2
808 1
809 4
810 4
811 3
812 2
813 3
814 2
815 1
816 2
817 2
818 2
819 3
820 2
821 1
822 2
823 2
824 2
825 1
826 3
827 2
828 2
829 1
830 3
831 3
832 2
833 1
834 0
835 1
836 4
837 3
838 2
839 3
840 3
841 3
842 1
843 3
844 1
845 3
846 1
847 1
848 5
849 5
850 4
851 3
852 3
853 2
854 3
855 1
856 1
857 3
858 2
859 2
860 3
861 4
862 4
863 4
864 3
865 3
866 1
867 5
868 3
869 1
870 0
871 3
872 3
873 2
874 0
875 3
876 2
877 2
878 2
879 3
880 4
881 2
882 1
883 3
884 4
885 3
886 2
887 2
888 2
889 2
890 3
891 3
892 1
893 1
894 3
895 2
896 3
897 3
898 4
899 6
900 6
901 6
902 6
903 5
904 3
905 4
906 2
907 3
908 3
909 5
910 4
911 3
912 3
913 2
914 2
915 2
916 4
917 3
918 0
919 2
920 6
921 4
922 4
923 2
924 1
925 2
926 2
927 4
928 4
929 4
930 5
931 6
932 7
933 7
934 7
935 7
936 6
937 6
938 5
939 6
940 5
941 4
942 3
943 2
944 1
945 1
946 4
947 3
948 3
949 4
950 4
951 3
952 2
953 1
954 2
955 2
956 3
957 5
958 4
959 4
960 2
961 2
962 2
963 1
964 3
965 3
966 1
967 0
968 2
969 3
970 2
971 1
972 2
973 2
974 1
975 3
976 1
977 3
978 3
979 2
980 2
981 3
982 0
983 4
984 1
985 3
986 3
987 3
988 1
989 3
990 2
991 0
992 2
993 4
994 1
995 2
996 4
997 3
998 4
999 4
1000 4
1001 5
1002 3
1003 0
1004 4
1005 3
1006 1
1007 3
1008 3
1009 4
1010 4
1011 5
1012 3
1013 4
1014 4
1015 2
1016 1
1017 1
1018 2
1019 3
1020 1
1021 1
1022 2
1023 1
1024 1
1025 3
1026 4
1027 3
1028 2
1029 2
1030 3
1031 2
1032 3
1033 3
1034 1
1035 3
1036 2
1037 3
1038 0
1039 2
1040 1
1041 2
1042 3
1043 2
1044 2
1045 1
1046 3
1047 1
1048 3
1049 2
1050 2
1051 4
1052 2
1053 3
1054 3
1055 3
1056 2
1057 2
1058 2
1059 4
1060 1
1061 5
1062 5
1063 5
1064 5
1065 5
1066 4
1067 4
1068 4
1069 3
1070 2
1071 2
1072 4
1073 1
1074 2
1075 0
1076 2
1077 2
1078 1
1079 3
1080 1
1081 1
1082 2
1083 2
1084 2
1085 3
1086 3
1087 2
1088 4
1089 2
1090 3
1091 0
1092 5
1093 4
1094 4
1095 3
1096 3
1097 1
1098 4
1099 6
1100 5
1101 6
1102 5
1103 3
1104 2
1105 3
1106 2
1107 1
1108 2
1109 2
1110 3
1111 2
1112 2
1113 1
1114 1
1115 4
1116 4
1117 2
1118 3
1119 4
1120 3
1121 0
1122 7
1123 7
1124 6
1125 6
1126 5
1127 3
1128 4
1129 4
1130 7
1131 8
1132 7
1133 9
1134 10
1135 7
1136 5
1137 5
1138 4
1139 5
1140 6
1141 7
1142 6
1143 5
1144 6
1145 8
1146 8
1147 6
1148 3
1149 2
1150 3
1151 2
1152 3
1153 3
1154 2
1155 2
1156 0
1157 1
1158 3
1159 2
1160 2
1161 1
1162 2
1163 3
1164 3
1165 3
1166 4
1167 4
1168 1
1169 2
1170 1
1171 2
1172 1
1173 1
1174 2
1175 2
1176 4
1177 3
1178 3
1179 3
1180 3
1181 2
1182 1
1183 1
1184 2
1185 3
1186 2
1187 2
1188 3
1189 4
1190 5
1191 3
1192 2
1193 1
1194 1
1195 2
1196 5
1197 3
1198 1
1199 1
1200 3
1201 3
1202 2
1203 2
1204 1
1205 3
1206 2
1207 0
1208 2
1209 2
1210 0
1211 3
1212 3
1213 2
1214 4
1215 4
1216 2
1217 3
1218 1
1219 1
1220 1
1221 3
1222 1
1223 4
1224 4
1225 3
1226 1
1227 1
1228 2
1229 2
1230 0
1231 1
1232 2
1233 1
1234 3
1235 2
1236 4
1237 3
1238 2
1239 3
1240 2
1241 2
1242 1
1243 4
1244 4
1245 3
1246 4
1247 3
1248 1
1249 1
1250 2
1251 4
1252 3
1253 1
1254 3
1255 2
1256 3
1257 3
1258 1
1259 3
1260 2
1261 1
1262 5
1263 5
1264 4
1265 5
1266 5
1267 5
1268 6
1269 8
1270 8
1271 8
1272 7
1273 6
1274 3
1275 3
1276 4
1277 4
1278 4
1279 3
1280 3
1281 4
1282 5
1283 3
1284 0
1285 2
1286 2
1287 0
1288 3
1289 2
1290 1
1291 1
1292 0
1293 2
1294 2
1295 1
1296 3
1297 2
1298 1
1299 3
1300 2
1301 3
1302 3
1303 3
1304 3
1305 4
1306 4
1307 4
1308 2
1309 3
1310 3
1311 1
1312 2
1313 3
1314 3
1315 3
1316 1
1317 2
1318 3
1319 3
1320 2
1321 2
1322 3
1323 1
1324 3
1325 2
1326 2
1327 2
1328 3
1329 2
1330 3
1331 2
1332 2
1333 3
1334 3
1335 3
1336 1
1337 1
1338 4
1339 5
1340 2
1341 0
1342 2
1343 2
1344 4
1345 3
1346 3
1347 2
1348 2
1349 2
1350 0
1351 1
1352 0
1353 2
1354 3
1355 4
1356 2
1357 2
1358 5
1359 7
1360 6
1361 6
1362 3
1363 2
1364 0
1365 3
1366 0
1367 1
1368 3
1369 2
1370 1
1371 2
1372 0
1373 0
1374 0
1375 3
1376 3
1377 1
1378 4
1379 1
1380 2
1381 1
1382 2
1383 3
1384 2
1385 1
1386 1
1387 2
1388 4
1389 3
1390 2
1391 5
1392 4
1393 2
1394 2
1395 1
1396 2
1397 1
1398 3
1399 3
1400 1
1401 4
1402 1
1403 0
1404 0
1405 3
1406 3
1407 1
1408 0
1409 1
1410 0
1411 1
1412 2
1413 2
1414 3
1415 2
1416 3
1417 1
1418 4
1419 2
1420 5
1421 3
1422 2
1423 3
1424 0
1425 2
1426 1
1427 0
1428 0
1429 6
1430 5
1431 4
1432 2
1433 2
1434 2
1435 1
1436 2
1437 1
1438 2
1439 1
1440 2
1441 2
1442 4
1443 4
1444 5
1445 4
1446 5
1447 3
1448 2
1449 3
1450 1
1451 3
1452 2
1453 3
1454 3
1455 4
1456 5
1457 4
1458 2
1459 0
1460 3
1461 4
1462 5
1463 5
1464 3
1465 4
1466 5
1467 4
1468 4
1469 3
1470 2
1471 1
1472 4
1473 2
1474 1
1475 4
1476 5
1477 5
1478 3
1479 2
1480 4
1481 2
1482 2
1483 2
1484 1
1485 5
1486 4
1487 2
1488 2
1489 3
1490 2
1491 1
1492 2
1493 2
1494 1
1495 0
1496 3
1497 3
1498 3
1499 3
1500 1
1501 3
1502 5
1503 4
1504 3
1505 4
1506 2
1507 0
1508 0
1509 3
1510 2
1511 1
1512 2
1513 1
1514 2
1515 0
1516 4
1517 4
1518 4
1519 3
1520 4
1521 4
1522 4
1523 3
1524 3
1525 3
1526 3
1527 2
1528 2
1529 2
1530 3
1531 2
1532 4
1533 4
1534 3
1535 4
1536 6
1537 3
1538 3
1539 1
1540 4
1541 4
1542 2
1543 0
1544 1
1545 4
1546 2
1547 4
1548 2
1549 3
1550 2
1551 2
1552 0
1553 2
1554 3
1555 2
1556 2
1557 1
1558 1
1559 2
1560 0
1561 3
1562 4
1563 5
1564 4
1565 4
1566 2
1567 3
1568 3
1569 2
1570 4
1571 4
1572 3
1573 4
1574 5
1575 3
1576 3
1577 2
1578 5
1579 5
1580 4
1581 4
1582 4
1583 3
1584 1
1585 1
1586 4
1587 2
1588 4
1589 3
1590 2
1591 4
1592 4
1593 2
1594 0
1595 1
1596 2
1597 4
1598 3
1599 3
1600 3
1601 3
1602 5
1603 3
1604 3
1605 4
1606 4
1607 3
1608 1
1609 1
1610 2
1611 6
1612 6
1613 8
1614 9
1615 10
1616 11
1617 9
1618 9
1619 8
1620 7
1621 9
1622 8
1623 9
1624 8
1625 5
1626 7
1627 6
1628 5
1629 5
1630 6
1631 5
1632 3
1633 4
1634 4
1635 4
1636 5
1637 4
1638 3
1639 1
1640 1
1641 3
1642 1
1643 2
1644 1
1645 2
1646 3
1647 2
1648 1
1649 2
1650 3
1651 2
1652 4
1653 2
1654 1
1655 4
1656 2
1657 4
1658 4
1659 4
1660 5
1661 3
1662 4
1663 3
1664 4
1665 3
1666 4
1667 5
1668 7
1669 6
1670 8
1671 8
1672 5
1673 4
1674 3
1675 3
1676 1
1677 3
1678 1
1679 4
1680 1
1681 3
1682 2
1683 1
1684 0
1685 3
1686 5
1687 4
1688 2
1689 1
1690 2
1691 2
1692 0
1693 3
1694 2
1695 3
1696 2
1697 3
1698 2
1699 2
1700 2
1701 4
1702 5
1703 5
1704 4
1705 3
1706 1
1707 1
1708 0
1709 2
1710 2
1711 3
1712 3
1713 0
1714 4
1715 2
1716 0
1717 3
1718 4
1719 5
1720 4
1721 3
1722 4
1723 4
1724 3
1725 2
1726 0
1727 2
1728 3
1729 3
1730 1
1731 1
1732 1
1733 0
1734 3
1735 3
1736 1
1737 3
1738 2
1739 1
1740 2
1741 2
1742 1
1743 3
1744 1
1745 1
1746 3
1747 2
1748 2
1749 2
1750 3
1751 3
1752 3
1753 3
1754 4
1755 3
1756 5
1757 2
1758 3
1759 2
1760 2
1761 4
1762 4
1763 3
1764 4
1765 2
1766 3
1767 1
1768 3
1769 2
1770 4
1771 6
1772 8
1773 6
1774 7
1775 7
1776 6
1777 5
1778 5
1779 5
1780 4
1781 6
1782 5
1783 4
1784 3
1785 2
1786 4
1787 3
1788 3
1789 2
1790 5
1791 4
1792 1
1793 3
1794 2
1795 1
1796 3
1797 2
1798 1
1799 1
1800 1
1801 3
1802 4
1803 2
1804 2
1805 2
1806 1
1807 1
1808 2
1809 5
1810 3
1811 3
1812 3
1813 1
1814 2
1815 0
1816 2
1817 2
1818 2
1819 2
1820 1
1821 2
1822 2
1823 2
1824 0
1825 1
1826 2
1827 1
1828 3
1829 3
1830 2
1831 1
1832 3
1833 3
1834 1
1835 2
1836 1
1837 3
1838 2
1839 4
1840 1
1841 3
1842 1
1843 3
1844 3
1845 3
1846 3
1847 3
1848 3
1849 4
1850 3
1851 3
1852 3
1853 3
1854 3
1855 3
1856 3
1857 4
1858 2
1859 2
1860 2
1861 3
1862 3
1863 2
1864 4
1865 2
1866 4
1867 2
1868 2
1869 2
1870 3
1871 3
1872 2
1873 2
1874 1
1875 4
1876 3
1877 1
1878 4
1879 2
1880 4
1881 2
1882 2
1883 3
1884 4
1885 4
1886 5
1887 4
1888 4
1889 3
1890 1
1891 3
1892 2
1893 1
1894 4
1895 5
1896 5
1897 5
1898 4
1899 3
1900 2
1901 1
1902 4
1903 3
1904 2
1905 2
1906 3
1907 1
1908 2
1909 4
1910 2
1911 2
1912 5
1913 4
1914 2
1915 2
1916 2
1917 3
1918 4
1919 3
1920 4
1921 2
1922 4
1923 3
1924 3
1925 4
1926 3
1927 1
1928 3
1929 2
1930 3
1931 3
1932 2
1933 3
1934 3
1935 3
1936 2
1937 2
1938 2
1939 3
1940 0
1941 3
1942 1
1943 4
1944 5
1945 6
1946 4
1947 1
1948 1
1949 4
1950 3
1951 3
1952 3
1953 2
1954 3
1955 5
1956 4
1957 4
1958 5
1959 6
1960 5
1961 4
1962 5
1963 2
1964 3
1965 3
1966 4
1967 3
1968 1
1969 3
1970 4
1971 4
1972 4
1973 1
1974 3
1975 3
1976 4
1977 2
1978 4
1979 5
1980 5
1981 7
1982 5
1983 4
1984 5
1985 7
1986 8
1987 5
1988 5
1989 3
1990 1
1991 2
1992 2
1993 0
1994 1
1995 1
1996 1
1997 3
1998 3
1999 1
2000 3
2001 2
2002 2
2003 3
2004 3
2005 5
2006 4
2007 2
2008 2
2009 4
2010 5
2011 5
2012 4
2013 3
2014 2
2015 3
2016 1
2017 1
2018 3
2019 3
2020 1
2021 2
2022 4
2023 3
2024 1
2025 1
2026 1
2027 2
2028 1
2029 5
2030 3
2031 4
2032 2
2033 1
2034 2
2035 4
2036 2
2037 2
2038 3
2039 2
2040 1
2041 1
2042 2
2043 3
2044 0
2045 3
2046 4
2047 2
2048 3
2049 2
2050 2
2051 1
2052 1
2053 2
2054 2
2055 1
2056 1
2057 2
2058 3
2059 1
2060 2
2061 3
2062 1
2063 4
2064 2
2065 4
2066 4
2067 4
2068 3
2069 2
2070 0
2071 2
2072 3
2073 4
2074 5
2075 4
2076 1
2077 4
2078 3
2079 2
2080 2
2081 1
2082 2
2083 3
2084 3
2085 2
2086 1
2087 3
2088 1
2089 2
2090 1
2091 1
2092 3
2093 1
2094 3
2095 3
2096 1
2097 3
2098 0
2099 4
2100 3
2101 2
2102 4
2103 4
2104 2
2105 1
2106 2
2107 1
2108 1
2109 2
2110 2
2111 2
2112 3
2113 2
2114 3
2115 2
2116 1
2117 4
2118 4
2119 2
2120 3
2121 0
2122 1
2123 2
2124 1
2125 5
2126 6
2127 5
2128 4
2129 3
2130 1
2131 1
2132 3
2133 4
2134 4
2135 4
2136 2
2137 2
2138 3
2139 2
2140 2
2141 3
2142 3
2143 3
2144 2
2145 1
2146 2
2147 1
2148 3
2149 2
2150 2
2151 5
2152 4
2153 4
2154 1
2155 3
2156 5
2157 5
2158 4
2159 3
2160 4
2161 3
2162 1
2163 4
2164 5
2165 4
2166 5
2167 6
2168 6
2169 6
2170 7
2171 7
2172 8
2173 9
2174 9
2175 8
2176 7
2177 7
2178 8
2179 6
2180 6
2181 4
2182 3
2183 1
2184 2
2185 1
2186 1
2187 0
2188 3
2189 1
2190 2
2191 1
2192 1
2193 1
2194 3
2195 1
2196 2
2197 1
2198 3
2199 1
2200 2
2201 3
2202 2
2203 2
2204 4
2205 2
2206 2
2207 3
2208 1
2209 2
2210 2
2211 4
2212 3
2213 4
2214 4
2215 3
2216 5
2217 5
2218 6
2219 7
2220 8
2221 8
2222 9
2223 8
2224 8
2225 7
2226 8
2227 7
2228 6
2229 8
2230 5
2231 5
2232 5
2233 4
2234 4
2235 4
2236 6
2237 5
2238 2
2239 1
2240 4
2241 4
2242 3
2243 2
2244 3
2245 2
2246 2
2247 3
2248 2
2249 4
2250 2
2251 5
2252 3
2253 0
2254 2
2255 3
2256 3
2257 3
2258 2
2259 1
2260 4
2261 3
2262 1
2263 5
2264 4
2265 3
2266 2
2267 2
2268 3
2269 0
2270 0
2271 3
2272 2
2273 3
2274 1
2275 3
2276 2
2277 2
2278 3
2279 3
2280 5
2281 3
2282 5
2283 6
2284 7
2285 8
2286 8
2287 6
2288 4
2289 2
2290 3
2291 3
2292 4
2293 4
2294 2
2295 2
2296 3
2297 8
2298 9
2299 8
2300 7
2301 6
2302 4
2303 3
2304 3
2305 2
2306 0
2307 1
2308 1
2309 1
2310 1
2311 2
2312 2
2313 2
2314 4
2315 3
2316 3
2317 2
2318 2
2319 1
2320 1
2321 2
2322 5
2323 5
2324 4
2325 4
2326 3
2327 1
2328 1
2329 0
2330 1
2331 2
2332 2
2333 4
2334 5
2335 6
2336 4
2337 5
2338 5
2339 5
2340 8
2341 6
2342 7
2343 7
2344 6
2345 7
2346 6
2347 5
2348 4
2349 4
2350 4
2351 3
2352 0
2353 3
2354 2
2355 3
2356 3
2357 1
2358 5
2359 2
2360 1
2361 4
2362 1
2363 5
2364 3
2365 1
2366 2
2367 2
2368 3
2369 3
2370 4
2371 1
2372 2
2373 2
2374 1
2375 4
2376 2
2377 2
2378 3
2379 1
2380 1
2381 3
2382 1
2383 3
2384 2
2385 3
2386 1
2387 1
2388 4
2389 2
2390 3
2391 2
2392 3
2393 1
2394 3
2395 2
2396 2
2397 5
2398 3
2399 0
2400 0
2401 1
2402 1
2403 3
2404 1
2405 3
2406 3
2407 2
2408 1
2409 1
2410 2
2411 3
2412 2
2413 2
2414 1
2415 2
2416 3
2417 2
2418 2
2419 4
2420 2
2421 1
2422 1
2423 2
2424 2
2425 4
2426 3
2427 3
2428 2
2429 2
2430 1
2431 2
2432 3
2433 1
2434 1
2435 1
2436 1
2437 1
2438 4
2439 3
2440 2
2441 2
2442 2
2443 3
2444 4
2445 3
2446 4
2447 2
2448 3
2449 4
2450 4
2451 5
2452 3
2453 1
2454 4
2455 2
2456 3
2457 3
2458 3
2459 3
2460 1
2461 3
2462 4
2463 5
2464 3
2465 1
2466 3
2467 4
2468 5
2469 2
2470 2
2471 2
2472 3
2473 2
2474 5
2475 3
2476 3
2477 2
2478 4
2479 3
2480 3
2481 3
2482 2
2483 1
2484 1
2485 5
2486 4
2487 3
2488 1
2489 1
2490 2
2491 3
2492 2
2493 2
2494 3
2495 2
2496 2
2497 2
2498 1
2499 1
2500 1
2501 4
2502 4
2503 5
2504 4
2505 4
2506 1
2507 3
2508 3
2509 2
2510 3
2511 1
2512 3
2513 2
2514 3
2515 3
2516 1
2517 3
2518 4
2519 3
2520 3
2521 4
2522 5
2523 6
2524 6
2525 4
2526 4
2527 5
2528 4
2529 3
2530 4
2531 3
2532 3
2533 2
2534 3
2535 4
2536 2
2537 1
2538 1
2539 2
2540 3
2541 1
2542 3
2543 2
2544 2
2545 3
2546 3
2547 4
2548 4
2549 3
2550 3
2551 2
2552 2
2553 2
2554 4
2555 4
2556 2
2557 3
2558 2
2559 3
2560 3
2561 0
2562 2
2563 1
2564 1
2565 4
2566 3
2567 2
2568 2
2569 3
2570 1
2571 2
2572 2
2573 3
2574 2
2575 3
2576 2
2577 3
2578 2
2579 1
2580 3
2581 2
2582 3
2583 1
2584 3
2585 2
2586 1
2587 4
2588 4
2589 3
2590 2
2591 3
2592 1
2593 1
2594 2
2595 2
2596 1
2597 3
2598 2
2599 4
2600 3
2601 1
2602 0
2603 3
2604 3
2605 2
2606 3
2607 3
2608 3
2609 3
2610 3
2611 2
2612 6
2613 5
2614 5
2615 5
2616 2
2617 2
2618 2
2619 0
2620 3
2621 3
2622 3
2623 1
2624 2
2625 1
2626 3
2627 3
2628 3
2629 1
2630 3
2631 2
2632 4
2633 4
2634 3
2635 2
2636 2
2637 3
2638 3
2639 1
2640 4
2641 3
2642 4
2643 4
2644 2
2645 3
2646 1
2647 4
2648 2
2649 3
2650 2
2651 4
2652 2
2653 2
2654 0
2655 1
2656 3
2657 2
2658 3
2659 1
2660 1
2661 4
2662 4
2663 3
2664 2
2665 2
2666 2
2667 4
2668 2
2669 3
2670 2
2671 1
2672 2
2673 1
2674 2
2675 3
2676 3
2677 3
2678 2
2679 2
2680 2
2681 0
2682 1
2683 3
2684 4
2685 2
2686 2
2687 4
2688 2
2689 1
2690 1
2691 1
2692 3
2693 3
2694 5
2695 5
2696 3
2697 3
2698 2
2699 4
2700 5
2701 6
2702 4
2703 3
2704 2
2705 2
2706 2
2707 2
2708 3
2709 2
2710 0
2711 5
2712 4
2713 5
2714 4
2715 4
2716 3
2717 2
2718 1
2719 3
2720 2
2721 2
2722 1
2723 1
2724 1
2725 3
2726 0
2727 2
2728 3
2729 1
2730 1
2731 1
2732 2
2733 4
2734 4
2735 3
2736 3
2737 4
2738 1
2739 5
2740 3
2741 3
2742 2
2743 2
2744 4
2745 4
2746 3
2747 2
2748 4
2749 2
2750 3
2751 1
2752 0
2753 1
2754 1
2755 2
2756 3
2757 3
2758 1
2759 1
2760 3
2761 1
2762 3
2763 3
2764 4
2765 5
2766 8
2767 7
2768 5
2769 5
2770 3
2771 1
2772 1
2773 3
2774 3
2775 3
2776 2
2777 2
2778 2
2779 4
2780 4
2781 4
2782 3
2783 2
2784 3
2785 2
2786 2
2787 1
2788 3
2789 3
2790 1
2791 2
2792 2
2793 1
2794 6
2795 5
2796 5
2797 6
2798 7
2799 7
2800 8
2801 9
2802 7
2803 7
2804 8
2805 7
2806 7
2807 4
2808 2
2809 4
2810 2
2811 2
2812 1
2813 0
2814 2
2815 1
2816 1
2817 4
2818 4
2819 4
2820 3
2821 1
2822 3
2823 4
2824 5
2825 5
2826 3
2827 4
2828 4
2829 3
2830 4
2831 3
2832 2
2833 3
2834 0
2835 0
2836 2
2837 3
2838 2
2839 2
2840 2
2841 3
2842 1
2843 2
2844 2
2845 3
2846 2
2847 2
2848 3
2849 2
2850 2
2851 0
2852 2
2853 3
2854 2
2855 2
2856 4
2857 2
2858 3
2859 2
2860 2
2861 3
2862 4
2863 3
2864 2
2865 2
2866 5
2867 4
2868 3
2869 3
2870 2
2871 3
2872 2
2873 0
2874 0
2875 6
2876 4
2877 5
2878 5
2879 4
2880 5
2881 2
2882 0
2883 2
2884 2
2885 3
2886 3
2887 1
2888 2
2889 1
2890 2
2891 2
2892 0
2893 2
2894 2
2895 0
2896 2
2897 3
2898 4
2899 4
2900 4
2901 2
2902 3
2903 4
2904 3
2905 2
2906 3
2907 4
2908 2
2909 3
2910 4
2911 6
2912 4
2913 3
2914 3
2915 2
2916 1
2917 1
2918 3
2919 3
2920 0
2921 1
2922 2
2923 2
2924 3
2925 2
2926 3
2927 4
2928 3
2929 5
2930 5
2931 4
2932 5
2933 5
2934 6
2935 7
2936 6
2937 5
2938 5
2939 5
2940 4
2941 4
2942 2
2943 4
2944 4
2945 3
2946 2
2947 4
2948 1
2949 1
2950 2
2951 3
2952 4
2953 3
2954 2
2955 2
2956 2
2957 0
2958 1
2959 1
2960 4
2961 4
2962 3
2963 1
2964 2
2965 1
2966 1
2967 4
2968 3
2969 1
2970 0
2971 5
2972 4
2973 4
2974 3
2975 3
2976 1
2977 2
2978 1
2979 1
2980 4
2981 3
2982 3
2983 2
2984 2
2985 1
2986 4
2987 3
2988 1
2989 1
2990 1
2991 3
2992 3
2993 1
2994 1
2995 2
2996 1
2997 2
2998 1
2999 3
3000 0
3001 3
3002 3
3003 0
3004 2
3005 1
3006 3
3007 2
3008 2
3009 5
3010 4
3011 3
3012 2
3013 2
3014 2
3015 2
3016 3
3017 1
3018 2
3019 2
3020 3
3021 1
3022 3
3023 2
3024 1
3025 3
3026 2
3027 2
3028 3
3029 2
3030 3
3031 2
3032 4
3033 5
3034 4
3035 4
3036 2
3037 4
3038 6
3039 5
3040 5
3041 5
3042 4
3043 3
3044 3
3045 4
3046 2
3047 2
3048 3
3049 2
3050 3
3051 1
3052 3
3053 3
3054 0
3055 2
3056 2
3057 2
3058 1
3059 5
3060 4
3061 3
3062 2
3063 3
3064 3
3065 2
3066 1
3067 2
3068 3
3069 2
3070 2
3071 4
3072 1
3073 2
3074 1
3075 4
3076 3
3077 2
3078 2
3079 3
3080 2
3081 2
3082 1
3083 1
3084 3
3085 2
3086 2
3087 0
3088 2
3089 1
3090 3
3091 2
3092 2
3093 2
3094 1
3095 2
3096 1
3097 0
3098 1
3099 1
3100 3
3101 1
3102 2
3103 2
3104 4
3105 4
3106 2
3107 1
3108 1
3109 2
3110 3
3111 3
3112 2
3113 3
3114 1
3115 2
3116 5
3117 5
3118 4
3119 1
3120 2
3121 2
3122 2
3123 1
3124 4
3125 2
3126 2
3127 2
3128 2
3129 2
3130 3
3131 4
3132 4
3133 4
3134 4
3135 3
3136 5
3137 3
3138 0
3139 3
3140 1
3141 2
3142 4
3143 3
3144 1
3145 2
3146 5
3147 6
3148 5
3149 3
3150 4
3151 1
3152 3
3153 2
3154 2
3155 3
3156 2
3157 4
3158 4
3159 2
3160 2
3161 2
3162 0
3163 4
3164 5
3165 4
3166 3
3167 3
3168 2
3169 3
3170 1
3171 0
3172 2
3173 3
3174 3
3175 1
3176 3
3177 3
3178 1
3179 2
3180 2
3181 4
3182 5
3183 4
3184 4
3185 3
3186 1
3187 5
3188 5
3189 4
3190 2
3191 1
3192 4
3193 2
3194 1
3195 2
3196 2
3197 2
3198 2
3199 2
3200 5
3201 3
3202 1
3203 3
3204 3
3205 2
3206 4
3207 3
3208 4
3209 3
3210 3
3211 2
3212 3
3213 0
3214 3
3215 4
3216 4
3217 3
3218 1
3219 4
3220 2
3221 2
3222 2
3223 1
3224 4
3225 3
3226 0
3227 3
3228 0
3229 3
3230 2
3231 2
3232 0
3233 1
3234 2
3235 3
3236 3
3237 2
3238 4
3239 3
3240 4
3241 3
3242 1
3243 2
3244 0
3245 1
3246 3
3247 1
3248 3
3249 2
3250 1
3251 4
3252 4
3253 3
3254 3
3255 3
3256 0
3257 3
3258 1
3259 2
3260 2
3261 2
3262 3
3263 1
3264 1
3265 2
3266 4
3267 3
3268 3
3269 4
3270 5
3271 5
3272 4
3273 1
3274 2
3275 2
3276 2
3277 2
3278 2
3279 2
3280 2
3281 2
3282 3
3283 3
3284 3
3285 3
3286 2
3287 2
3288 0
3289 3
3290 3
3291 2
3292 0
3293 1
3294 1
3295 1
3296 6
3297 6
3298 3
3299 1
3300 2
3301 3
3302 3
3303 2
3304 2
3305 2
3306 2
3307 4
3308 3
3309 4
3310 4
3311 4
3312 6
3313 5
3314 5
3315 5
3316 5
3317 4
3318 4
3319 3
3320 1
3321 3
3322 3
3323 1
3324 2
3325 2
3326 5
3327 9
3328 7
3329 6
3330 4
3331 2
3332 2
3333 3
3334 1
3335 5
3336 5
3337 6
3338 6
3339 4
3340 6
3341 5
3342 6
3343 6
3344 5
3345 6
3346 5
3347 5
3348 3
3349 2
3350 3
3351 4
3352 6
3353 5
3354 4
3355 2
3356 3
3357 1
3358 2
3359 1
3360 1
3361 2
3362 1
3363 1
3364 2
3365 2
3366 1
3367 1
3368 1
3369 1
3370 3
3371 1
3372 2
3373 0
3374 2
3375 3
3376 3
3377 1
3378 2
3379 0
3380 2
3381 3
3382 3
3383 3
3384 2
3385 2
3386 0
3387 3
3388 4
3389 3
3390 1
3391 3
3392 1
3393 2
3394 2
3395 3
3396 1
3397 3
3398 0
3399 5
3400 3
3401 5
3402 3
3403 2
3404 3
3405 4
3406 3
3407 2
3408 3
3409 2
3410 4
3411 3
3412 3
3413 2
3414 0
3415 3
3416 3
3417 1
3418 1
3419 0
3420 4
3421 2
3422 2
3423 3
3424 2
3425 3
3426 5
3427 3
3428 3
3429 2
3430 3
3431 3
3432 2
3433 1
3434 1
3435 2
3436 3
3437 2
3438 4
3439 5
3440 4
3441 3
3442 2
3443 3
3444 1
3445 2
3446 3
3447 3
3448 3
3449 3
3450 2
3451 2
3452 1
3453 0
3454 0
3455 4
3456 2
3457 2
3458 0
3459 0
3460 1
3461 0
3462 3
3463 0
3464 2
3465 3
3466 1
3467 1
3468 3
3469 2
3470 4
3471 3
3472 0
3473 3
3474 2
3475 3
3476 5
3477 4
3478 3
3479 3
3480 2
3481 3
3482 4
3483 4
3484 2
3485 1
3486 4
3487 6
3488 5
3489 3
3490 2
3491 2
3492 0
3493 3
3494 1
3495 2
3496 1
3497 4
3498 1
3499 2
3500 4
3501 4
3502 3
3503 2
3504 2
3505 2
3506 0
3507 2
3508 4
3509 4
3510 1
3511 3
3512 1
3513 4
3514 6
3515 5
3516 5
3517 5
3518 5
3519 3
3520 0
3521 2
3522 3
3523 3
3524 3
3525 4
3526 2
3527 3
3528 1
3529 3
3530 2
3531 3
3532 1
3533 4
3534 1
3535 1
3536 1
3537 3
3538 2
3539 3
3540 2
3541 1
3542 5
3543 5
3544 3
3545 4
3546 3
3547 3
3548 3
3549 3
3550 5
3551 3
3552 5
3553 3
3554 2
3555 2
3556 1
3557 4
3558 2
3559 3
3560 2
3561 1
3562 2
3563 2
3564 1
3565 2
3566 3
3567 2
3568 2
3569 2
3570 3
3571 2
3572 5
3573 5
3574 3
3575 4
3576 5
3577 4
3578 4
3579 3
3580 3
3581 3
3582 2
3583 3
3584 2
3585 1
3586 3
3587 1
3588 2
3589 2
3590 2
3591 1
3592 2
3593 2
3594 2
3595 4
3596 3
3597 2
3598 1
3599 2
3600 7
3601 4
3602 2
3603 2
3604 1
3605 4
3606 5
3607 3
3608 3
3609 2
3610 2
3611 1
3612 2
3613 5
3614 6
3615 6
3616 6
3617 5
3618 4
3619 4
3620 2
3621 2
3622 5
3623 4
3624 2
3625 2
3626 0
3627 3
3628 3
3629 3
3630 2
3631 4
3632 1
3633 2
3634 2
3635 2
3636 4
3637 4
3638 3
3639 0
3640 2
3641 3
3642 1
3643 2
3644 2
3645 2
3646 2
3647 1
3648 3
3649 3
3650 3
3651 0
3652 0
3653 4
3654 3
3655 2
3656 1
3657 2
3658 4
3659 3
3660 2
3661 1
3662 2
3663 2
3664 4
3665 3
3666 4
3667 3
3668 5
3669 2
3670 3
3671 5
3672 3
3673 3
3674 1
3675 2
3676 2
3677 1
3678 1
3679 0
3680 2
3681 1
3682 2
3683 0
3684 3
3685 4
3686 5
3687 7
3688 8
3689 8
3690 7
3691 7
3692 7
3693 6
3694 5
3695 8
3696 6
3697 7
3698 6
3699 3
3700 2
3701 1
3702 2
3703 1
3704 4
3705 6
3706 3
3707 5
3708 2
3709 3
3710 2
3711 1
3712 4
3713 2
3714 2
3715 3
3716 1
3717 4
3718 3
3719 4
3720 3
3721 2
3722 2
3723 3
3724 3
3725 4
3726 4
3727 2
3728 3
3729 3
3730 3
3731 0
3732 2
3733 1
3734 3
3735 3
3736 2
3737 4
3738 6
3739 6
3740 5
3741 7
3742 5
3743 4
3744 2
3745 1
3746 2
3747 2
3748 4
3749 3
3750 0
3751 5
3752 4
3753 4
3754 6
3755 5
3756 4
3757 3
3758 1
3759 1
3760 0
3761 3
3762 4
3763 2
3764 4
3765 3
3766 2
3767 3
3768 3
3769 2
3770 4
3771 4
3772 3
3773 2
3774 1
3775 0
3776 1
3777 3
3778 3
3779 1
3780 4
3781 4
3782 3
3783 2
3784 0
3785 1
3786 1
3787 0
3788 2
3789 3
3790 3
3791 0
3792 2
3793 1
3794 2
3795 5
3796 6
3797 5
3798 5
3799 5
3800 2
3801 3
3802 2
3803 2
3804 0
3805 2
3806 3
3807 2
3808 3
3809 4
3810 4
3811 2
3812 2
3813 2
3814 1
3815 4
3816 4
3817 5
3818 5
3819 4
3820 1
3821 3
3822 2
3823 1
3824 1
3825 0
3826 3
3827 2
3828 2
3829 3
3830 3
3831 2
3832 2
3833 3
3834 3
3835 4
3836 2
3837 2
3838 4
3839 4
3840 4
3841 4
3842 2
3843 5
3844 4
3845 3
3846 3
3847 2
3848 2
3849 1
3850 2
3851 1
3852 1
3853 1
3854 4
3855 1
3856 4
3857 2
3858 3
3859 3
3860 3
3861 3
3862 3
3863 3
3864 5
3865 4
3866 3
3867 6
3868 6
3869 4
3870 3
3871 2
3872 3
3873 2
3874 4
3875 1
3876 1
3877 5
3878 5
3879 5
3880 4
3881 5
3882 4
3883 5
3884 5
3885 3
3886 4
3887 5
3888 5
3889 5
3890 7
3891 7
3892 8
3893 8
3894 7
3895 8
3896 8
3897 7
3898 8
3899 7
3900 6
3901 5
3902 5
3903 6
3904 3
3905 2
3906 4
3907 3
3908 2
3909 3
3910 0
3911 1
3912 3
3913 1
3914 1
3915 0
3916 1
3917 2
3918 2
3919 1
3920 2
3921 3
3922 3
3923 1
3924 2
3925 1
3926 2
3927 1
3928 2
3929 2
3930 3
3931 2
3932 4
3933 4
3934 5
3935 4
3936 3
3937 2
3938 1
3939 2
3940 2
3941 2
3942 4
3943 2
3944 4
3945 3
3946 2
3947 1
3948 2
3949 3
3950 0
3951 2
3952 3
3953 5
3954 4
3955 4
3956 3
3957 3
3958 1
3959 2
3960 2
3961 1
3962 2
3963 4
3964 4
3965 1
3966 2
3967 3
3968 2
3969 1
3970 0
3971 1
3972 2
3973 4
3974 4
3975 2
3976 1
3977 3
3978 2
3979 2
3980 1
3981 5
3982 2
3983 3
3984 1
3985 1
3986 3
3987 3
3988 2
3989 4
3990 2
3991 1
3992 2
3993 1
3994 1
3995 1
3996 1
3997 6
3998 5
3999 6
4000 6
4001 6
4002 4
4003 4
4004 4
4005 2
4006 1
4007 4
4008 6
4009 6
4010 4
4011 5
4012 5
4013 3
4014 2
4015 3
4016 0
4017 4
4018 3
4019 4
4020 2
4021 1
4022 2
4023 1
4024 2
4025 2
4026 3
4027 3
4028 3
4029 2
4030 2
4031 2
4032 1
4033 4
4034 2
4035 4
4036 2
4037 2
4038 2
4039 2
4040 3
4041 2
4042 5
4043 2
4044 2
4045 2
4046 3
4047 1
4048 3
4049 2
4050 4
4051 4
4052 4
4053 3
4054 1
4055 0
4056 2
4057 3
4058 3
4059 3
4060 2
4061 3
4062 3
4063 0
4064 1
4065 1
4066 1
4067 2
4068 0
4069 3
4070 3
4071 2
4072 5
4073 4
4074 2
4075 3
4076 1
4077 1
4078 3
4079 1
4080 2
4081 2
4082 3
4083 2
4084 2
4085 4
4086 6
4087 5
4088 6
4089 5
4090 3
4091 1
4092 2
4093 2
4094 2
4095 2
4096 4
4097 2
4098 1
4099 1
4100 2
4101 3
4102 0
4103 5
4104 8
4105 9
4106 9
4107 7
4108 7
4109 7
4110 8
4111 6
4112 6
4113 4
4114 3
4115 0
4116 1
4117 2
4118 4
4119 3
4120 1
4121 0
4122 0
4123 1
4124 2
4125 4
4126 1
4127 2
4128 3
4129 1
4130 2
4131 1
4132 5
4133 6
4134 6
4135 7
4136 7
4137 6
4138 5
4139 5
4140 6
4141 7
4142 6
4143 5
4144 2
4145 4
4146 3
4147 1
4148 1
4149 5
4150 4
4151 3
4152 2
4153 3
4154 3
4155 1
4156 0
4157 2
4158 2
4159 4
4160 5
4161 2
4162 1
4163 4
4164 3
4165 2
4166 4
4167 3
4168 4
4169 3
4170 5
4171 6
4172 4
4173 3
4174 4
4175 2
4176 2
4177 4
4178 3
4179 1
4180 1
4181 4
4182 2
4183 3
4184 1
4185 1
4186 0
4187 3
4188 6
4189 6
4190 6
4191 6
4192 4
4193 5
4194 4
4195 2
4196 3
4197 1
4198 3
4199 2
4200 3
4201 4
4202 3
4203 1
4204 3
4205 2
4206 3
4207 3
4208 4
4209 2
4210 2
4211 5
4212 4
4213 3
4214 3
4215 2
4216 3
4217 2
4218 4
4219 4
4220 4
4221 4
4222 2
4223 4
4224 4
4225 3
4226 5
4227 4
4228 3
4229 4
4230 2
4231 5
4232 5
4233 3
4234 0
4235 4
4236 4
4237 3
4238 4
4239 2
4240 2
4241 2
4242 1
4243 1
4244 4
4245 4
4246 7
4247 7
4248 7
4249 8
4250 6
4251 6
4252 4
4253 2
4254 3
4255 3
4256 2
4257 3
4258 1
4259 1
4260 2
4261 3
4262 2
4263 1
4264 3
4265 1
4266 3
4267 2
4268 0
4269 1
4270 2
4271 4
4272 3
4273 2
4274 1
4275 1
4276 2
4277 2
4278 1
4279 0
4280 3
4281 3
4282 1
4283 2
4284 2
4285 2
4286 3
4287 4
4288 5
4289 3
4290 1
4291 2
4292 3
4293 3
4294 2
4295 3
4296 5
4297 2
4298 2
4299 1
4300 2
4301 2
4302 2
4303 1
4304 2
4305 3
4306 3
4307 2
4308 3
4309 2
4310 4
4311 3
4312 2
4313 1
4314 1
4315 2
4316 2
4317 3
4318 2
4319 2
4320 2
4321 2
4322 2
4323 3
4324 4
4325 3
4326 2
4327 3
4328 3
4329 2
4330 3
4331 0
4332 1
4333 3
4334 4
4335 2
4336 1
4337 4
4338 3
4339 3
4340 2
4341 2
4342 3
4343 2
4344 1
4345 0
4346 3
4347 2
4348 1
4349 1
4350 0
4351 4
4352 5
4353 3
4354 2
4355 5
4356 4
4357 5
4358 5
4359 2
4360 1
4361 2
4362 3
4363 4
4364 3
4365 1
4366 2
4367 3
4368 2
4369 0
4370 1
4371 2
4372 2
4373 4
4374 3
4375 2
4376 3
4377 4
4378 3
4379 4
4380 3
4381 3
4382 4
4383 4
4384 3
4385 2
4386 2
4387 1
4388 1
4389 2
4390 1
4391 1
4392 1
4393 4
4394 3
4395 0
4396 1
4397 1
4398 3
4399 3
4400 3
4401 2
4402 4
4403 2
4404 3
4405 2
4406 3
4407 2
4408 2
4409 4
4410 3
4411 2
4412 3
4413 2
4414 4
4415 2
4416 3
4417 2
4418 3
4419 2
4420 1
4421 3
4422 2
4423 2
4424 2
4425 4
4426 3
4427 2
4428 6
4429 4
4430 1
4431 2
4432 4
4433 2
4434 3
4435 5
4436 4
4437 3
4438 2
4439 4
4440 2
4441 4
4442 3
4443 1
4444 1
4445 3
4446 2
4447 3
4448 2
4449 3
4450 1
4451 2
4452 2
4453 1
4454 4
4455 4
4456 2
4457 0
4458 1
4459 2
4460 3
4461 1
4462 2
4463 4
4464 4
4465 1
4466 1
4467 3
4468 3
4469 1
4470 2
4471 1
4472 2
4473 0
4474 5
4475 6
4476 7
4477 7
4478 8
4479 7
4480 6
4481 4
4482 4
4483 4
4484 4
4485 5
4486 5
4487 2
4488 2
4489 2
4490 4
4491 2
4492 3
4493 2
4494 1
4495 1
4496 0
4497 2
4498 1
4499 2
4500 4
4501 5
4502 2
4503 6
4504 5
4505 3
4506 3
4507 2
4508 3
4509 2
4510 2
4511 2
4512 3
4513 4
4514 5
4515 4
4516 2
4517 2
4518 3
4519 2
4520 2
4521 3
4522 3
4523 2
4524 2
4525 2
4526 2
4527 1
4528 0
4529 1
4530 0
4531 1
4532 1
4533 1
4534 1
4535 3
4536 1
4537 4
4538 1
4539 4
4540 6
4541 7
4542 7
4543 5
4544 3
4545 2
4546 2
4547 3
4548 2
4549 1
4550 4
4551 3
4552 0
4553 4
4554 2
4555 3
4556 4
4557 5
4558 4
4559 3
4560 2
4561 4
4562 4
4563 2
4564 1
4565 2
4566 2
4567 2
4568 4
4569 4
4570 2
4571 4
4572 2
4573 1
4574 3
4575 2
4576 3
4577 2
4578 4
4579 4
4580 3
4581 0
4582 1
4583 1
4584 2
4585 2
4586 6
4587 6
4588 5
4589 3
4590 2
4591 3
4592 1
4593 1
4594 2
4595 3
4596 3
4597 3
4598 0
4599 3
4600 1
4601 2
4602 4
4603 6
4604 4
4605 2
4606 4
4607 3
4608 3
4609 4
4610 4
4611 3
4612 2
4613 1
4614 0
4615 3
4616 3
4617 2
4618 3
4619 2
4620 4
4621 4
4622 5
4623 5
4624 3
4625 3
4626 3
4627 0
4628 3
4629 3
4630 4
4631 4
4632 4
4633 3
4634 2
4635 0
4636 0
4637 3
4638 0
4639 2
4640 2
4641 1
4642 3
4643 3
4644 0
4645 4
4646 4
4647 3
4648 2
4649 4
4650 4
4651 2
4652 1
4653 2
4654 1
4655 6
4656 4
4657 3
4658 2
4659 2
4660 3
4661 2
4662 2
4663 2
4664 0
4665 1
4666 2
4667 2
4668 1
4669 2
4670 2
4671 4
4672 4
4673 5
4674 2
4675 3
4676 2
4677 2
4678 2
4679 1
4680 3
4681 1
4682 2
4683 1
4684 3
4685 1
4686 1
4687 3
4688 1
4689 2
4690 2
4691 2
4692 3
4693 5
4694 3
4695 2
4696 3
4697 2
4698 0
4699 0
4700 0
4701 2
4702 2
4703 2
4704 3
4705 2
4706 2
4707 1
4708 2
4709 3
4710 3
4711 2
4712 4
4713 3
4714 3
4715 2
4716 1
4717 2
4718 2
4719 2
4720 1
4721 3
4722 2
4723 1
4724 0
4725 1
4726 5
4727 7
4728 7
4729 7
4730 5
4731 5
4732 6
4733 4
4734 2
4735 3
4736 2
4737 2
4738 4
4739 3
4740 4
4741 5
4742 5
4743 5
4744 4
4745 3
4746 3
4747 4
4748 3
4749 3
4750 1
4751 2
4752 2
4753 4
4754 5
4755 6
4756 6
4757 5
4758 3
4759 5
4760 3
4761 2
4762 3
4763 5
4764 6
4765 7
4766 6
4767 7
4768 6
4769 4
4770 4
4771 3
4772 4
4773 3
4774 3
4775 1
4776 1
4777 1
4778 2
4779 3
4780 0
4781 2
4782 2
4783 3
4784 1
4785 3
4786 1
4787 2
4788 2
4789 2
4790 2
4791 4
4792 3
4793 1
4794 2
4795 1
4796 0
4797 2
4798 1
4799 1
4800 4
4801 3
4802 1
4803 2
4804 1
4805 1
4806 2
4807 3
4808 4
4809 3
4810 0
4811 3
4812 0
4813 1
4814 0
4815 4
4816 2
4817 4
4818 2
4819 3
4820 2
4821 3
4822 3
4823 4
4824 5
4825 4
4826 5
4827 4
4828 5
4829 7
4830 6
4831 5
4832 4
4833 3
4834 4
4835 3
4836 2
4837 4
4838 3
4839 3
4840 1
4841 2
4842 2
4843 2
4844 3
4845 0
4846 2
4847 3
4848 1
4849 5
4850 4
4851 3
4852 2
4853 1
4854 1
4855 3
4856 3
4857 3
4858 1
4859 4
4860 4
4861 3
4862 2
4863 3
4864 1
4865 2
4866 2
4867 1
4868 2
4869 3
4870 2
4871 2
4872 1
4873 2
4874 1
4875 3
4876 2
4877 0
4878 4
4879 2
4880 3
4881 0
4882 0
4883 0
4884 1
4885 4
4886 3
4887 2
4888 3
4889 2
4890 3
4891 2
4892 0
4893 2
4894 2
4895 1
4896 5
4897 3
4898 0
4899 5
4900 5
4901 4
4902 4
4903 3
4904 2
4905 6
4906 5
4907 2
4908 3
4909 2
4910 3
4911 2
4912 2
4913 3
4914 2
4915 1
4916 3
4917 1
4918 1
4919 5
4920 7
4921 9
4922 10
4923 9
4924 8
4925 8
4926 8
4927 7
4928 5
4929 5
4930 3
4931 2
4932 4
4933 2
4934 2
4935 1
4936 1
4937 1
4938 2
4939 1
4940 1
4941 2
4942 1
4943 2
4944 3
4945 3
4946 4
4947 2
4948 1
4949 1
4950 2
4951 2
4952 3
4953 1
4954 1
4955 2
4956 1
4957 1
4958 4
4959 3
4960 2
4961 3
4962 3
4963 1
4964 2
4965 2
4966 3
4967 4
4968 4
4969 3
4970 2
4971 2
4972 0
4973 2
4974 1
4975 2
4976 1
4977 4
4978 6
4979 5
4980 3
4981 3
4982 3
4983 2
4984 1
4985 2
4986 4
4987 4
4988 2
4989 3
4990 2
4991 2
4992 2
4993 2
4994 1
4995 2
4996 0
4997 1
4998 4
4999 4
5000 3
5001 3
5002 4
5003 3
5004 1
5005 2
5006 3
5007 2
5008 4
5009 3
5010 2
5011 2
5012 3
5013 0
5014 4
5015 2
5016 4
5017 5
5018 4
5019 4
5020 3
5021 3
5022 2
5023 1
5024 2
5025 3
5026 4
5027 2
5028 2
5029 1
5030 2
5031 3
5032 1
5033 3
5034 4
5035 3
5036 1
5037 1
5038 2
5039 2
5040 2
5041 3
5042 1
5043 2
5044 1
5045 2
5046 1
5047 1
5048 2
5049 0
5050 3
5051 0
5052 2
5053 1
5054 5
5055 5
5056 5
5057 4
5058 3
5059 2
5060 2
5061 5
5062 5
5063 4
5064 3
5065 3
5066 2
5067 3
5068 2
5069 2
5070 2
5071 1
5072 2
5073 1
5074 3
5075 0
5076 4
5077 3
5078 4
5079 1
5080 3
5081 3
5082 1
5083 0
5084 2
5085 1
5086 3
5087 1
5088 4
5089 2
5090 3
5091 2
5092 1
5093 2
5094 4
5095 2
5096 1
5097 5
5098 3
5099 4
5100 3
5101 0
5102 3
5103 4
5104 3
5105 2
5106 2
5107 3
5108 1
5109 1
5110 2
5111 4
5112 1
5113 2
5114 2
5115 5
5116 7
5117 7
5118 6
5119 5
5120 3
5121 2
5122 1
5123 2
5124 2
5125 4
5126 4
5127 3
5128 1
5129 1
5130 4
5131 2
5132 3
5133 2
5134 3
5135 2
5136 4
5137 2
5138 2
5139 0
5140 3
5141 1
5142 2
5143 3
5144 0
5145 3
5146 1
5147 3
5148 2
5149 1
5150 3
5151 2
5152 2
5153 1
5154 2
5155 3
5156 1
5157 1
5158 3
5159 2
5160 1
5161 3
5162 2
5163 0
5164 1
5165 2
5166 3
5167 0
5168 5
5169 5
5170 5
5171 5
5172 4
5173 3
5174 1
5175 3
5176 1
5177 1
5178 6
5179 5
5180 3
5181 2
5182 1
5183 2
5184 3
5185 3
5186 2
5187 3
5188 4
5189 2
5190 2
5191 2
5192 2
5193 3
5194 3
5195 2
5196 2
5197 1
5198 2
5199 3
5200 3
5201 2
5202 2
5203 2
5204 3
5205 0
5206 3
5207 3
5208 2
5209 5
5210 4
5211 2
5212 0
5213 2
5214 4
5215 3
5216 3
5217 2
5218 2
5219 3
5220 3
5221 0
5222 1
5223 4
5224 5
5225 5
5226 4
5227 3
5228 2
5229 1
5230 4
5231 5
5232 5
5233 3
5234 1
5235 1
5236 2
5237 2
5238 3
5239 2
5240 1
5241 2
5242 1
5243 0
5244 3
5245 3
5246 3
5247 4
5248 3
5249 2
5250 3
5251 2
5252 1
5253 2
5254 1
5255 3
5256 1
5257 3
5258 2
5259 1
5260 1
5261 3
5262 4
5263 3
5264 1
5265 3
5266 4
5267 3
5268 3
5269 3
5270 2
5271 0
5272 2
5273 2
5274 3
5275 2
5276 2
5277 2
5278 2
5279 2
5280 2
5281 6
5282 7
5283 8
5284 8
5285 7
5286 6
5287 5
5288 3
5289 5
5290 5
5291 4
5292 5
5293 4
5294 2
5295 3
5296 2
5297 1
5298 4
5299 3
5300 3
5301 1
5302 1
5303 3
5304 3
5305 2
5306 2
5307 0
5308 3
5309 0
5310 3
5311 2
5312 2
5313 3
5314 4
5315 5
5316 5
5317 3
5318 2
5319 2
5320 1
5321 1
5322 2
5323 2
5324 1
5325 3
5326 2
5327 1
5328 3
5329 1
5330 5
5331 5
5332 6
5333 5
5334 5
5335 5
5336 4
5337 2
5338 4
5339 2
5340 1
5341 3
5342 1
5343 2
5344 1
5345 3
5346 3
5347 2
5348 1
5349 5
5350 7
5351 6
5352 5
5353 4
5354 3
5355 2
5356 2
5357 2
5358 1
5359 2
5360 2
5361 2
5362 1
5363 3
5364 4
5365 3
5366 3
5367 3
5368 0
5369 2
5370 1
5371 2
5372 1
5373 3
5374 3
5375 3
5376 4
5377 5
5378 3
5379 4
5380 3
5381 1
5382 3
5383 3
5384 1
5385 2
5386 1
5387 2
5388 2
5389 3
5390 2
5391 2
5392 3
5393 1
5394 3
5395 3
5396 2
5397 2
5398 1
5399 2
5400 4
5401 3
5402 2
5403 0
5404 1
5405 2
5406 2
5407 2
5408 1
5409 1
5410 3
5411 4
5412 5
5413 2
5414 2
5415 4
5416 5
5417 4
5418 1
5419 2
5420 2
5421 1
5422 1
5423 1
5424 2
5425 3
5426 1
5427 4
5428 5
5429 4
5430 2
5431 4
5432 3
5433 3
5434 3
5435 2
5436 2
5437 2
5438 1
5439 3
5440 2
5441 2
5442 2
5443 0
5444 4
5445 5
5446 4
5447 2
5448 2
5449 4
5450 3
5451 2
5452 1
5453 1
5454 2
5455 0
5456 2
5457 3
5458 1
5459 0
5460 2
5461 2
5462 2
5463 4
5464 4
5465 3
5466 2
5467 1
5468 2
5469 3
5470 2
5471 2
5472 3
5473 1
5474 2
5475 0
5476 4
5477 4
5478 3
5479 1
5480 2
5481 1
5482 1
5483 3
5484 4
5485 3
5486 3
5487 1
5488 2
5489 5
5490 2
5491 0
5492 1
5493 2
5494 2
5495 2
5496 1
5497 0
5498 1
5499 2
5500 1
5501 1
5502 2
5503 1
5504 1
5505 3
5506 4
5507 3
5508 1
5509 0
5510 1
5511 2
5512 4
5513 4
5514 4
5515 2
5516 2
5517 2
5518 3
5519 3
5520 1
5521 1
5522 0
5523 3
5524 1
5525 4
5526 2
5527 1
5528 5
5529 6
5530 7
5531 5
5532 4
5533 3
5534 2
5535 2
5536 3
5537 2
5538 5
5539 4
5540 3
5541 3
5542 4
5543 4
5544 4
5545 2
5546 2
5547 2
5548 1
5549 3
5550 3
5551 3
5552 2
5553 1
5554 1
5555 2
5556 1
5557 4
5558 3
5559 2
5560 3
5561 2
5562 1
5563 4
5564 3
5565 2
5566 2
5567 1
5568 1
5569 1
5570 2
5571 2
5572 4
5573 5
5574 4
5575 4
5576 2
5577 1
5578 1
5579 3
5580 3
5581 1
5582 4
5583 5
5584 3
5585 3
5586 3
5587 2
5588 3
5589 1
5590 3
5591 3
5592 1
5593 4
5594 3
5595 1
5596 1
5597 1
5598 3
5599 2
5600 4
5601 4
5602 5
5603 2
5604 0
5605 2
5606 5
5607 5
5608 6
5609 5
5610 6
5611 6
5612 4
5613 4
5614 1
5615 1
5616 1
5617 2
5618 0
5619 4
5620 7
5621 8
5622 7
5623 4
5624 3
5625 2
5626 2
5627 2
5628 0
5629 2
5630 1
5631 4
5632 5
5633 4
5634 2
5635 3
5636 2
5637 4
5638 4
5639 4
5640 4
5641 2
5642 2
5643 2
5644 2
5645 0
5646 2
5647 2
5648 1
5649 5
5650 6
5651 5
5652 4
5653 3
5654 3
5655 0
5656 1
5657 2
5658 1
5659 1
5660 2
5661 0
5662 1
5663 1
5664 3
5665 0
5666 3
5667 2
5668 1
5669 3
5670 2
5671 1
5672 2
5673 3
5674 2
5675 2
5676 1
5677 1
5678 4
5679 2
5680 1
5681 0
5682 4
5683 4
5684 3
5685 1
5686 2
5687 0
5688 1
5689 1
5690 3
5691 3
5692 0
5693 3
5694 1
5695 2
5696 1
5697 1
5698 2
5699 3
5700 0
5701 2
5702 1
5703 3
5704 4
5705 4
5706 4
5707 3
5708 3
5709 1
5710 4
5711 3
5712 2
5713 3
5714 1
5715 3
5716 3
5717 1
5718 1
5719 2
5720 3
5721 3
5722 1
5723 1
5724 2
5725 2
5726 0
5727 3
5728 3
5729 1
5730 0
5731 4
5732 5
5733 4
5734 1
5735 4
5736 3
5737 1
5738 3
5739 3
5740 2
5741 0
5742 3
5743 2
5744 2
5745 2
5746 3
5747 1
5748 2
5749 2
5750 0
5751 4
5752 3
5753 4
5754 5
5755 5
5756 7
5757 5
5758 6
5759 7
5760 6
5761 7
5762 8
5763 7
5764 6
5765 7
5766 7
5767 7
5768 6
5769 4
5770 3
5771 0
5772 4
5773 4
5774 4
5775 3
5776 1
5777 2
5778 1
5779 2
5780 1
5781 2
5782 2
5783 1
5784 4
5785 3
5786 1
5787 2
5788 4
5789 5
5790 4
5791 2
5792 3
5793 2
5794 4
5795 4
5796 3
5797 1
5798 3
5799 1
5800 3
5801 2
5802 2
5803 2
5804 4
5805 1
5806 2
5807 3
5808 1
5809 2
5810 3
5811 4
5812 5
5813 4
5814 3
5815 4
5816 3
5817 4
5818 5
5819 3
5820 2
5821 3
5822 3
5823 3
5824 5
5825 5
5826 3
5827 2
5828 2
5829 0
5830 3
5831 1
5832 0
5833 1
5834 2
5835 2
5836 0
5837 2
5838 0
5839 2
5840 1
5841 2
5842 1
5843 2
5844 2
5845 5
5846 7
5847 7
5848 6
5849 3
5850 2
5851 2
5852 2
5853 3
5854 1
5855 1
5856 1
5857 0
5858 2
5859 2
5860 2
5861 2
5862 2
5863 3
5864 1
5865 5
5866 5
5867 2
5868 1
5869 2
5870 3
5871 1
5872 2
5873 5
5874 2
5875 2
5876 1
5877 1
5878 3
5879 3
5880 2
5881 1
5882 4
5883 4
5884 3
5885 1
5886 0
5887 0
5888 1
5889 2
5890 2
5891 4
5892 2
5893 1
5894 2
5895 4
5896 3
5897 1
5898 1
5899 3
5900 1
5901 1
5902 2
5903 3
5904 2
5905 3
5906 3
5907 0
5908 2
5909 1
5910 2
5911 2
5912 1
5913 2
5914 2
5915 2
5916 2
5917 1
5918 3
5919 0
5920 3
5921 1
5922 1
5923 6
5924 7
5925 6
5926 6
5927 6
5928 5
5929 5
5930 2
5931 2
5932 3
5933 1
5934 0
5935 4
5936 1
5937 3
5938 1
5939 2
5940 3
5941 1
5942 2
5943 4
5944 2
5945 2
5946 3
5947 5
5948 4
5949 4
5950 4
5951 5
5952 3
5953 2
5954 0
5955 1
5956 4
5957 4
5958 3
5959 1
5960 2
5961 3
5962 2
5963 1
5964 1
5965 1
5966 2
5967 1
5968 3
5969 4
5970 2
5971 3
5972 2
5973 4
5974 2
5975 3
5976 1
5977 2
5978 4
5979 4
5980 5
5981 2
5982 2
5983 4
5984 4
5985 3
5986 4
5987 6
5988 4
5989 1
5990 2
5991 3
5992 1
5993 0
5994 2
5995 5
5996 3
5997 4
5998 3
5999 3
6000 1
6001 1
6002 0
6003 2
6004 2
6005 0
6006 2
6007 1
6008 3
6009 2
6010 2
6011 1
6012 2
6013 1
6014 3
6015 1
6016 2
6017 2
6018 2
6019 1
6020 5
6021 3
6022 4
6023 3
6024 3
6025 1
6026 4
6027 3
6028 1
6029 1
6030 3
6031 1
6032 0
6033 3
6034 0
6035 1
6036 1
6037 4
6038 3
6039 2
6040 2
6041 1
6042 5
6043 4
6044 2
6045 1
6046 4
6047 2
6048 4
6049 5
6050 3
6051 4
6052 4
6053 3
6054 2
6055 2
6056 4
6057 3
6058 1
6059 2
6060 3
6061 4
6062 4
6063 1
6064 2
6065 1
6066 3
6067 2
6068 2
6069 1
6070 2
6071 1
6072 2
6073 2
6074 1
6075 2
6076 3
6077 4
6078 1
6079 2
6080 5
6081 5
6082 3
6083 1
6084 3
6085 0
6086 5
6087 4
6088 3
6089 1
6090 4
6091 2
6092 3
6093 3
6094 2
6095 2
6096 4
6097 1
6098 2
6099 4
6100 3
6101 3
6102 2
6103 1
6104 7
6105 5
6106 3
6107 5
6108 5
6109 4
6110 2
6111 4
6112 3
6113 4
6114 3
6115 2
6116 2
6117 3
6118 2
6119 3
6120 2
6121 1
6122 3
6123 3
6124 5
6125 4
6126 2
6127 0
6128 1
6129 2
6130 3
6131 2
6132 3
6133 2
6134 2
6135 1
6136 2
6137 2
6138 3
6139 3
6140 3
6141 2
6142 4
6143 4
6144 3
6145 4
6146 4
6147 5
6148 3
6149 2
6150 3
6151 2
6152 1
6153 3
6154 2
6155 3
6156 2
6157 3
6158 1
6159 0
6160 2
6161 1
6162 3
6163 2
6164 3
6165 3
6166 3
6167 1
6168 2
6169 3
6170 4
6171 4
6172 5
6173 6
6174 5
6175 6
6176 7
6177 5
6178 2
6179 2
6180 3
6181 4
6182 3
6183 2
6184 3
6185 1
6186 0
6187 4
6188 3
6189 3
6190 1
6191 0
6192 3
6193 2
6194 1
6195 3
6196 2
6197 0
6198 1
6199 4
6200 4
6201 3
6202 2
6203 4
6204 3
6205 2
6206 3
6207 3
6208 1
6209 0
6210 3
6211 3
6212 4
6213 1
6214 2
6215 2
6216 0
6217 2
6218 3
6219 1
6220 1
6221 2
6222 0
6223 2
6224 1
6225 4
6226 3
6227 1
6228 1
6229 2
6230 1
6231 2
6232 1
6233 2
6234 3
6235 1
6236 2
6237 3
6238 5
6239 4
6240 2
6241 4
6242 5
6243 5
6244 4
6245 4
6246 5
6247 3
6248 3
6249 2
6250 2
6251 3
6252 2
6253 3
6254 5
6255 6
6256 6
6257 3
6258 1
6259 2
6260 4
6261 3
6262 2
6263 3
6264 1
6265 1
6266 3
6267 1
6268 2
6269 3
6270 2
6271 4
6272 2
6273 1
6274 2
6275 3
6276 1
6277 2
6278 4
6279 2
6280 5
6281 5
6282 5
6283 4
6284 4
6285 3
6286 4
6287 3
6288 1
6289 4
6290 4
6291 3
6292 1
6293 1
6294 4
6295 4
6296 3
6297 2
6298 3
6299 1
6300 2
6301 4
6302 3
6303 3
6304 3
6305 3
6306 0
6307 2
6308 4
6309 3
6310 2
6311 4
6312 1
6313 1
6314 2
6315 1
6316 3
6317 2
6318 2
6319 2
6320 4
6321 1
6322 2
6323 1
6324 4
6325 5
6326 3
6327 1
6328 2
6329 2
6330 2
6331 3
6332 3
6333 3
6334 3
6335 2
6336 3
6337 2
6338 4
6339 3
6340 1
6341 3
6342 3
6343 1
6344 3
6345 1
6346 4
6347 4
6348 2
6349 2
6350 2
6351 2
6352 2
6353 0
6354 0
6355 1
6356 2
6357 1
6358 2
6359 1
6360 1
6361 3
6362 1
6363 1
6364 1
6365 4
6366 3
6367 3
6368 3
6369 0
6370 0
6371 1
6372 2
6373 2
6374 2
6375 3
6376 2
6377 2
6378 3
6379 4
6380 4
6381 1
6382 3
6383 3
6384 2
6385 2
6386 1
6387 3
6388 3
6389 2
6390 2
6391 3
6392 1
6393 2
6394 2
6395 3
6396 1
6397 0
6398 3
6399 3
6400 0
6401 2
6402 3
6403 2
6404 3
6405 2
6406 3
6407 3
6408 2
6409 3
6410 3
6411 2
6412 4
6413 1
6414 1
6415 2
6416 3
6417 3
6418 2
6419 2
6420 3
6421 1
6422 2
6423 4
6424 2
6425 2
6426 0
6427 2
6428 1
6429 3
6430 3
6431 1
6432 2
6433 5
6434 5
6435 4
6436 4
6437 4
6438 5
6439 5
6440 5
6441 5
6442 4
6443 5
6444 5
6445 4
6446 3
6447 0
6448 2
6449 2
6450 1
6451 3
6452 3
6453 3
6454 3
6455 0
6456 3
6457 2
6458 2
6459 4
6460 2
6461 3
6462 2
6463 1
6464 2
6465 0
6466 2
6467 4
6468 5
6469 4
6470 2
6471 3
6472 2
6473 2
6474 0
6475 1
6476 2
6477 0
6478 1
6479 1
6480 2
6481 2
6482 3
6483 5
6484 4
6485 3
6486 1
6487 1
6488 2
6489 1
6490 3
6491 3
6492 4
6493 2
6494 2
6495 3
6496 4
6497 3
6498 2
6499 5
6500 3
6501 3
6502 2
6503 1
6504 4
6505 1
6506 3
6507 2
6508 1
6509 4
6510 2
6511 4
6512 4
6513 5
6514 3
6515 2
6516 4
6517 3
6518 2
6519 4
6520 1
6521 4
6522 2
6523 3
6524 2
6525 5
6526 2
6527 2
6528 3
6529 2
6530 2
6531 1
6532 2
6533 4
6534 4
6535 2
6536 1
6537 5
6538 3
6539 2
6540 3
6541 2
6542 3
6543 1
6544 0
6545 1
6546 5
6547 7
6548 5
6549 3
6550 1
6551 2
6552 3
6553 2
6554 4
6555 5
6556 4
6557 2
6558 1
6559 2
6560 0
6561 2
6562 3
6563 3
6564 2
6565 2
6566 1
6567 3
6568 3
6569 2
6570 1
6571 3
6572 2
6573 1
6574 0
6575 3
6576 3
6577 2
6578 3
6579 4
6580 6
6581 6
6582 3
6583 1
6584 1
6585 2
6586 2
6587 3
6588 1
6589 4
6590 5
6591 4
6592 1
6593 2
6594 2
6595 1
6596 3
6597 2
6598 6
6599 6
6600 6
6601 5
6602 3
6603 2
6604 4
6605 3
6606 3
6607 1
6608 2
6609 2
6610 1
6611 2
6612 2
6613 3
6614 1
6615 1
6616 4
6617 5
6618 4
6619 6
6620 6
6621 7
6622 6
6623 5
6624 3
6625 1
6626 3
6627 2
6628 0
6629 0
6630 0
6631 1
6632 2
6633 1
6634 2
6635 2
6636 1
6637 1
6638 0
6639 3
6640 1
6641 2
6642 3
6643 0
6644 2
6645 0
6646 1
6647 3
6648 6
6649 5
6650 5
6651 3
6652 2
6653 1
6654 2
6655 1
6656 0
6657 2
6658 0
6659 0
6660 2
6661 1
6662 2
6663 1
6664 1
6665 1
6666 3
6667 4
6668 3
6669 3
6670 2
6671 0
6672 3
6673 2
6674 0
6675 2
6676 4
6677 3
6678 3
6679 2
6680 2
6681 3
6682 5
6683 4
6684 3
6685 1
6686 2
6687 2
6688 3
6689 1
6690 3
6691 4
6692 3
6693 3
6694 0
6695 1
6696 3
6697 2
6698 2
6699 3
6700 2
6701 4
6702 4
6703 5
6704 5
6705 5
6706 6
6707 7
6708 6
6709 6
6710 4
6711 4
6712 5
6713 4
6714 4
6715 1
6716 1
6717 2
6718 2
6719 1
6720 2
6721 3
6722 2
6723 1
6724 3
6725 2
6726 1
6727 2
6728 3
6729 3
6730 6
6731 5
6732 4
6733 2
6734 2
6735 3
6736 2
6737 1
6738 2
6739 1
6740 1
6741 1
6742 4
6743 2
6744 2
6745 3
6746 2
6747 2
6748 3
6749 2
6750 1
6751 4
6752 3
6753 1
6754 2
6755 1
6756 2
6757 2
6758 2
6759 2
6760 3
6761 2
6762 3
6763 4
6764 6
6765 5
6766 6
6767 6
6768 5
6769 4
6770 2
6771 3
6772 2
6773 1
6774 3
6775 4
6776 5
6777 4
6778 6
6779 7
6780 5
6781 3
6782 2
6783 2
6784 2
6785 4
6786 3
6787 4
6788 3
6789 3
6790 4
6791 4
6792 4
6793 6
6794 6
6795 5
6796 3
6797 2
6798 4
6799 4
6800 4
6801 6
6802 5
6803 3
6804 2
6805 2
6806 1
6807 0
6808 2
6809 1
6810 3
6811 2
6812 0
6813 3
6814 1
6815 2
6816 1
6817 1
6818 4
6819 2
6820 2
6821 2
6822 4
6823 3
6824 2
6825 1
6826 1
6827 3
6828 2
6829 3
6830 4
6831 2
6832 1
6833 1
6834 2
6835 3
6836 0
6837 4
6838 3
6839 0
6840 1
6841 4
6842 4
6843 3
6844 2
6845 4
6846 3
6847 3
6848 0
6849 4
6850 3
6851 2
6852 3
6853 3
6854 1
6855 2
6856 4
6857 1
6858 1
6859 5
6860 2
6861 2
6862 3
6863 1
6864 4
6865 4
6866 4
6867 3
6868 2
6869 3
6870 2
6871 0
6872 1
6873 1
6874 1
6875 3
6876 4
6877 4
6878 1
6879 1
6880 1
6881 5
6882 4
6883 4
6884 2
6885 1
6886 2
6887 2
6888 2
6889 2
6890 3
6891 4
6892 4
6893 5
6894 4
6895 2
6896 4
6897 2
6898 2
6899 4
6900 3
6901 4
6902 2
6903 2
6904 0
6905 1
6906 2
6907 2
6908 3
6909 0
6910 2
6911 3
6912 3
6913 4
6914 2
6915 3
6916 4
6917 4
6918 1
6919 7
6920 8
6921 7
6922 6
6923 4
6924 2
6925 3
6926 1
6927 1
6928 2
6929 1
6930 3
6931 3
6932 1
6933 4
6934 2
6935 2
6936 1
6937 2
6938 1
6939 1
6940 1
6941 3
6942 1
6943 4
6944 1
6945 3
6946 0
6947 2
6948 4
6949 5
6950 3
6951 2
6952 4
6953 4
6954 2
6955 2
6956 2
6957 3
6958 4
6959 2
6960 3
6961 2
6962 4
6963 5
6964 3
6965 5
6966 3
6967 4
6968 3
6969 2
6970 4
6971 3
6972 1
6973 1
6974 1
6975 0
6976 0
6977 3
6978 4
6979 2
6980 1
6981 1
6982 4
6983 5
6984 6
6985 6
6986 3
6987 2
6988 2
6989 2
6990 4
6991 5
6992 5
6993 5
6994 4
6995 6
6996 7
6997 5
6998 5
6999 3
7000 3
7001 0
7002 3
7003 2
7004 2
7005 1
7006 3
7007 5
7008 5
7009 3
7010 2
7011 2
7012 2
7013 4
7014 2
7015 1
7016 3
7017 1
7018 2
7019 1
7020 4
7021 1
7022 2
7023 3
7024 3
7025 2
7026 2
7027 4
7028 3
7029 3
7030 4
7031 3
7032 3
7033 4
7034 6
7035 6
7036 6
7037 3
7038 1
7039 3
7040 2
7041 2
7042 2
7043 3
7044 4
7045 5
7046 2
7047 2
7048 1
7049 2
7050 1
7051 3
7052 2
7053 3
7054 3
7055 3
7056 2
7057 2
7058 1
7059 1
7060 2
7061 1
7062 2
7063 0
7064 2
7065 3
7066 2
7067 2
7068 2
7069 2
7070 0
7071 3
7072 2
7073 3
7074 1
7075 2
7076 0
7077 3
7078 2
7079 1
7080 3
7081 3
7082 3
7083 4
7084 2
7085 3
7086 3
7087 3
7088 2
7089 2
7090 2
7091 1
7092 2
7093 4
7094 4
7095 4
7096 3
7097 3
7098 1
7099 4
7100 3
7101 2
7102 1
7103 3
7104 1
7105 1
7106 3
7107 3
7108 4
7109 5
7110 5
7111 2
7112 4
7113 4
7114 5
7115 5
7116 3
7117 2
7118 5
7119 5
7120 5
7121 5
7122 6
7123 5
7124 2
7125 2
7126 2
7127 2
7128 5
7129 6
7130 4
7131 3
7132 2
7133 4
7134 2
7135 2
7136 1
7137 0
7138 4
7139 5
7140 4
7141 5
7142 6
7143 6
7144 5
7145 4
7146 5
7147 7
7148 6
7149 4
7150 5
7151 3
7152 3
7153 3
7154 2
7155 2
7156 1
7157 2
7158 3
7159 4
7160 4
7161 3
7162 3
7163 1
7164 2
7165 2
7166 3
7167 2
7168 3
7169 3
7170 2
7171 1
7172 5
7173 4
7174 3
7175 2
7176 2
7177 4
7178 4
7179 3
7180 4
7181 2
7182 1
7183 2
7184 2
7185 1
7186 2
7187 4
7188 2
7189 1
7190 4
7191 4
7192 2
7193 3
7194 3
7195 1
7196 2
7197 1
7198 3
7199 2
7200 3
7201 4
7202 5
7203 5
7204 5
7205 6
7206 6
7207 6
7208 5
7209 4
7210 1
7211 4
7212 3
7213 3
7214 1
7215 2
7216 2
7217 0
7218 5
7219 3
7220 3
7221 3
7222 1
7223 3
7224 2
7225 2
7226 2
7227 2
7228 3
7229 3
7230 3
7231 1
7232 4
7233 4
7234 5
7235 5
7236 4
7237 3
7238 1
7239 1
7240 2
7241 1
7242 1
7243 0
7244 2
7245 2
7246 1
7247 2
7248 1
7249 2
7250 1
7251 4
7252 2
7253 2
7254 1
7255 2
7256 3
7257 2
7258 3
7259 0
7260 2
7261 2
7262 2
7263 1
7264 1
7265 1
7266 3
7267 3
7268 1
7269 3
7270 4
7271 2
7272 0
7273 3
7274 3
7275 3
7276 0
7277 0
7278 1
7279 1
7280 1
7281 1
7282 2
7283 3
7284 0
7285 1
7286 1
7287 3
7288 3
7289 0
7290 5
7291 3
7292 0
7293 3
7294 7
7295 8
7296 8
7297 7
7298 6
7299 6
7300 4
7301 3
7302 2
7303 3
7304 2
7305 1
7306 4
7307 6
7308 5
7309 3
7310 2
7311 6
7312 6
7313 4
7314 2
7315 2
7316 3
7317 3
7318 1
7319 1
7320 2
7321 2
7322 1
7323 2
7324 0
7325 2
7326 2
7327 3
7328 2
7329 3
7330 3
7331 4
7332 5
7333 4
7334 2
7335 0
7336 4
7337 3
7338 2
7339 3
7340 2
7341 2
7342 3
7343 2
7344 1
7345 3
7346 3
7347 0
7348 3
7349 4
7350 4
7351 4
7352 6
7353 7
7354 7
7355 7
7356 6
7357 4
7358 2
7359 3
7360 3
7361 2
7362 2
7363 2
7364 1
7365 2
7366 2
7367 3
7368 3
7369 0
7370 3
7371 3
7372 2
7373 0
7374 1
7375 3
7376 3
7377 4
7378 3
7379 3
7380 2
7381 2
7382 0
7383 3
7384 1
7385 3
7386 2
7387 2
7388 3
7389 4
7390 3
7391 2
7392 1
7393 3
7394 3
7395 3
7396 3
7397 3
7398 3
7399 1
7400 0
7401 1
7402 4
7403 3
7404 2
7405 1
7406 2
7407 3
7408 1
7409 3
7410 2
7411 1
7412 3
7413 0
7414 4
7415 2
7416 1
7417 2
7418 1
7419 5
7420 4
7421 3
7422 2
7423 4
7424 4
7425 5
7426 6
7427 7
7428 6
7429 6
7430 5
7431 6
7432 6
7433 4
7434 4
7435 3
7436 1
7437 3
7438 3
7439 2
7440 3
7441 4
7442 6
7443 3
7444 4
7445 6
7446 5
7447 4
7448 2
7449 4
7450 5
7451 4
7452 2
7453 1
7454 1
7455 2
7456 4
7457 2
7458 3
7459 2
7460 2
7461 1
7462 1
7463 2
7464 2
7465 3
7466 2
7467 3
7468 2
7469 5
7470 4
7471 4
7472 2
7473 2
7474 0
7475 5
7476 6
7477 5
7478 4
7479 2
7480 3
7481 3
7482 2
7483 3
7484 3
7485 5
7486 4
7487 3
7488 0
7489 4
7490 6
7491 8
7492 8
7493 7
7494 9
7495 9
7496 9
7497 10
7498 10
7499 10
7500 8
7501 8
7502 8
7503 7
7504 5
7505 5
7506 4
7507 4
7508 3
7509 1
7510 4
7511 4
7512 5
7513 5
7514 5
7515 6
7516 3
7517 2
7518 2
7519 1
7520 0
7521 2
7522 3
7523 1
7524 1
7525 2
7526 3
7527 2
7528 2
7529 3
7530 1
7531 3
7532 3
7533 2
7534 4
7535 1
7536 2
7537 2
7538 1
7539 4
7540 4
7541 3
7542 1
7543 0
7544 1
7545 2
7546 1
7547 1
7548 2
7549 0
7550 2
7551 2
7552 4
7553 4
7554 1
7555 1
7556 3
7557 2
7558 0
7559 2
7560 3
7561 2
7562 3
7563 3
7564 1
7565 0
7566 1
7567 3
7568 2
7569 3
7570 4
7571 3
7572 1
7573 1
7574 3
7575 1
7576 4
7577 5
7578 4
7579 6
7580 5
7581 4
7582 2
7583 2
7584 2
7585 3
7586 2
7587 4
7588 6
7589 5
7590 8
7591 8
7592 8
7593 7
7594 7
7595 6
7596 5
7597 5
7598 4
7599 2
7600 1
7601 2
7602 2
7603 2
7604 4
7605 4
7606 3
7607 2
7608 1
7609 2
7610 2
7611 3
7612 1
7613 4
7614 3
7615 2
7616 3
7617 2
7618 4
7619 4
7620 3
7621 4
7622 5
7623 3
7624 1
7625 2
7626 2
7627 5
7628 4
7629 4
7630 2
7631 3
7632 3
7633 1
7634 1
7635 2
7636 2
7637 2
7638 2
7639 3
7640 1
7641 5
7642 3
7643 4
7644 3
7645 2
7646 1
7647 3
7648 3
7649 1
7650 3
7651 2
7652 1
7653 3
7654 2
7655 1
7656 5
7657 5
7658 5
7659 6
7660 4
7661 4
7662 5
7663 5
7664 6
7665 6
7666 6
7667 3
7668 3
7669 1
7670 2
7671 3
7672 2
7673 2
7674 4
7675 2
7676 1
7677 4
7678 1
7679 1
7680 0
7681 1
7682 2
7683 3
7684 2
7685 3
7686 2
7687 0
7688 1
7689 4
7690 5
7691 4
7692 1
7693 2
7694 3
7695 3
7696 5
7697 3
7698 3
7699 4
7700 3
7701 2
7702 4
7703 6
7704 7
7705 7
7706 8
7707 6
7708 6
7709 5
7710 6
7711 7
7712 8
7713 6
7714 6
7715 5
7716 5
7717 4
7718 3
7719 1
7720 2
7721 1
7722 2
7723 3
7724 4
7725 3
7726 1
7727 4
7728 2
7729 1
7730 3
7731 0
7732 1
7733 3
7734 0
7735 5
7736 3
7737 4
7738 3
7739 2
7740 2
7741 3
7742 3
7743 2
7744 5
7745 4
7746 3
7747 1
7748 3
7749 4
7750 2
7751 1
7752 3
7753 2
7754 3
7755 3
7756 2
7757 1
7758 3
7759 6
7760 7
7761 5
7762 6
7763 4
7764 2
7765 3
7766 1
7767 4
7768 4
7769 4
7770 3
7771 3
7772 3
7773 1
7774 3
7775 3
7776 3
7777 1
7778 3
7779 2
7780 1
7781 4
7782 4
7783 1
7784 1
7785 4
7786 4
7787 2
7788 3
7789 3
7790 3
7791 3
7792 1
7793 2
7794 3
7795 1
7796 2
7797 3
7798 5
7799 4
7800 2
7801 3
7802 4
7803 5
7804 2
7805 3
7806 3
7807 4
7808 3
7809 3
7810 2
7811 2
7812 4
7813 5
7814 5
7815 4
7816 3
7817 3
7818 2
7819 1
7820 3
7821 1
7822 2
7823 3
7824 1
7825 2
7826 2
7827 1
7828 2
7829 3
7830 5
7831 3
7832 0
7833 3
7834 3
7835 2
7836 2
7837 5
7838 3
7839 2
7840 1
7841 4
7842 2
7843 1
7844 4
7845 3
7846 4
7847 3
7848 2
7849 3
7850 2
7851 2
7852 3
7853 2
7854 3
7855 2
7856 0
7857 2
7858 0
7859 2
7860 2
7861 2
7862 2
7863 4
7864 5
7865 4
7866 1
7867 2
7868 2
7869 0
7870 3
7871 3
7872 1
7873 1
7874 4
7875 1
7876 3
7877 2
7878 3
7879 4
7880 1
7881 4
7882 3
7883 0
7884 2
7885 2
7886 4
7887 3
7888 2
7889 3
7890 2
7891 4
7892 1
7893 2
7894 2
7895 2
7896 3
7897 3
7898 3
7899 1
7900 3
7901 2
7902 2
7903 4
7904 3
7905 1
7906 2
7907 5
7908 3
7909 4
7910 4
7911 2
7912 3
7913 3
7914 2
7915 3
7916 2
7917 1
7918 2
7919 3
7920 4
7921 3
7922 5
7923 5
7924 6
7925 4
7926 5
7927 4
7928 6
7929 6
7930 5
7931 4
7932 3
7933 2
7934 1
7935 2
7936 3
7937 3
7938 0
7939 0
7940 2
7941 2
7942 3
7943 3
7944 4
7945 4
7946 4
7947 4
7948 5
7949 5
7950 7
7951 6
7952 8
7953 7
7954 6
7955 7
7956 4
7957 3
7958 1
7959 3
7960 4
7961 2
7962 3
7963 3
7964 3
7965 2
7966 3
7967 3
7968 1
7969 4
7970 4
7971 2
7972 3
7973 5
7974 4
7975 1
7976 3
7977 3
7978 3
7979 2
7980 3
7981 3
7982 1
7983 3
7984 3
7985 1
7986 1
7987 0
7988 2
7989 2
7990 2
7991 2
7992 2
7993 2
7994 1
7995 3
7996 1
7997 3
7998 2
7999 1
8000 2
8001 1
8002 2
8003 3
8004 4
8005 4
8006 4
8007 5
8008 5
8009 3
8010 2
8011 4
8012 4
8013 4
8014 3
8015 1
8016 2
8017 1
8018 1
8019 2
8020 4
8021 3
8022 4
8023 3
8024 2
8025 1
8026 4
8027 3
8028 2
8029 3
8030 3
8031 0
8032 2
8033 2
8034 2
8035 2
8036 4
8037 3
8038 3
8039 4
8040 3
8041 4
8042 2
8043 1
8044 3
8045 4
8046 3
8047 1
8048 1
8049 2
8050 3
8051 2
8052 3
8053 4
8054 4
8055 4
8056 5
8057 4
8058 2
8059 1
8060 2
8061 3
8062 2
8063 1
8064 2
8065 2
8066 2
8067 4
8068 2
8069 3
8070 2
8071 1
8072 1
8073 2
8074 1
8075 2
8076 2
8077 2
8078 3
8079 0
8080 0
8081 3
8082 3
8083 1
8084 1
8085 1
8086 2
8087 0
8088 4
8089 3
8090 1
8091 0
8092 5
8093 4
8094 2
8095 1
8096 2
8097 2
8098 1
8099 3
8100 3
8101 3
8102 1
8103 2
8104 2
8105 2
8106 1
8107 5
8108 6
8109 5
8110 4
8111 3
8112 2
8113 0
8114 4
8115 3
8116 4
8117 4
8118 5
8119 5
8120 4
8121 2
8122 0
8123 2
8124 3
8125 0
8126 3
8127 2
8128 2
8129 3
8130 2
8131 5
8132 5
8133 3
8134 2
8135 2
8136 3
8137 3
8138 5
8139 5
8140 3
8141 2
8142 3
8143 0
8144 2
8145 3
8146 4
8147 1
8148 2
8149 1
8150 3
8151 4
8152 4
8153 3
8154 1
8155 3
8156 2
8157 1
8158 3
8159 3
8160 2
8161 3
8162 3
8163 5
8164 5
8165 5
8166 3
8167 4
8168 3
8169 1
8170 1
8171 1
8172 0
8173 3
8174 2
8175 2
8176 1
8177 4
8178 2
8179 2
8180 2
8181 2
8182 2
8183 5
8184 2
8185 2
8186 3
8187 4
8188 1
8189 3
8190 3
8191 0
8192 1
8193 3
8194 2
8195 4
8196 2
8197 4
8198 5
8199 4
8200 3
8201 4
8202 3
8203 3
8204 5
8205 5
8206 3
8207 1
8208 1
8209 3
8210 3
8211 0
8212 4
8213 3
8214 2
8215 3
8216 2
8217 2
8218 4
8219 3
8220 1
8221 5
8222 6
8223 3
8224 3
8225 2
8226 4
8227 1
8228 3
8229 3
8230 2
8231 3
8232 2
8233 2
8234 0
8235 1
8236 4
8237 4
8238 4
8239 6
8240 4
8241 2
8242 4
8243 4
8244 3
8245 1
8246 4
8247 3
8248 3
8249 1
8250 3
8251 3
8252 2
8253 3
8254 2
8255 3
8256 4
8257 3
8258 2
8259 1
8260 1
8261 1
8262 3
8263 0
8264 2
8265 0
8266 2
8267 2
8268 2
8269 3
8270 2
8271 2
8272 0
8273 3
8274 1
8275 2
8276 1
8277 2
8278 4
8279 2
8280 4
8281 3
8282 2
8283 2
8284 2
8285 4
8286 3
8287 1
8288 2
8289 2
8290 3
8291 1
8292 4
8293 3
8294 4
8295 4
8296 2
8297 4
8298 4
8299 6
8300 5
8301 6
8302 4
8303 1
8304 3
8305 1
8306 2
8307 1
8308 0
8309 3
8310 0
8311 3
8312 4
8313 4
8314 2
8315 3
8316 2
8317 2
8318 2
8319 2
8320 0
8321 3
8322 2
8323 0
8324 3
8325 0
8326 3
8327 1
8328 2
8329 1
8330 3
8331 1
8332 2
8333 2
8334 0
8335 1
8336 2
8337 2
8338 2
8339 1
8340 3
8341 3
8342 2
8343 2
8344 2
8345 3
8346 1
8347 3
8348 4
8349 4
8350 5
8351 4
8352 3
8353 1
8354 2
8355 2
8356 4
8357 3
8358 1
8359 3
8360 3
8361 4
8362 7
8363 5
8364 5
8365 5
8366 6
8367 7
8368 7
8369 6
8370 5
8371 3
8372 2
8373 1
8374 1
8375 3
8376 3
8377 1
8378 1
8379 0
8380 3
8381 4
8382 5
8383 6
8384 5
8385 6
8386 7
8387 7
8388 6
8389 5
8390 5
8391 6
8392 5
8393 4
8394 3
8395 2
8396 1
8397 2
8398 4
8399 1
8400 2
8401 4
8402 2
8403 4
8404 4
8405 4
8406 4
8407 1
8408 3
8409 6
8410 5
8411 6
8412 6
8413 4
8414 2
8415 4
8416 4
8417 3
8418 3
8419 3
8420 2
8421 3
8422 3
8423 2
8424 3
8425 4
8426 4
8427 4
8428 4
8429 3
8430 2
8431 1
8432 4
8433 3
8434 3
8435 1
8436 2
8437 2
8438 0
8439 1
8440 2
8441 3
8442 2
8443 3
8444 2
8445 3
8446 1
8447 2
8448 2
8449 3
8450 5
8451 6
8452 3
8453 1
8454 3
8455 0
8456 1
8457 3
8458 4
8459 6
8460 5
8461 5
8462 6
8463 6
8464 6
8465 7
8466 8
8467 7
8468 5
8469 4
8470 2
8471 2
8472 3
8473 1
8474 1
8475 5
8476 4
8477 3
8478 3
8479 2
8480 3
8481 5
8482 4
8483 2
8484 4
8485 4
8486 4
8487 4
8488 4
8489 1
8490 2
8491 2
8492 3
8493 4
8494 3
8495 1
8496 3
8497 1
8498 2
8499 2
8500 2
8501 0
8502 4
8503 3
8504 0
8505 0
8506 2
8507 3
8508 2
8509 2
8510 2
8511 2
8512 1
8513 2
8514 2
8515 2
8516 1
8517 3
8518 2
8519 5
8520 3
8521 4
8522 3
8523 3
8524 2
8525 1
8526 5
8527 3
8528 0
8529 3
8530 4
8531 2
8532 2
8533 2
8534 2
8535 2
8536 2
8537 2
8538 2
8539 4
8540 3
8541 0
8542 1
8543 6
8544 3
8545 3
8546 2
8547 1
8548 4
8549 2
8550 2
8551 3
8552 3
8553 1
8554 4
8555 3
8556 0
8557 3
8558 3
8559 3
8560 4
8561 4
8562 4
8563 3
8564 5
8565 4
8566 5
8567 5
8568 5
8569 4
8570 4
8571 3
8572 1
8573 2
8574 0
8575 3
8576 4
8577 2
8578 3
8579 2
8580 1
8581 3
8582 2
8583 4
8584 3
8585 3
8586 5
8587 3
8588 0
8589 2
8590 2
8591 2
8592 3
8593 1
8594 2
8595 2
8596 2
8597 2
8598 3
8599 1
8600 1
8601 0
8602 2
8603 1
8604 1
8605 5
8606 3
8607 2
8608 2
8609 2
8610 2
8611 2
8612 4
8613 2
8614 2
8615 2
8616 2
8617 1
8618 1
8619 0
8620 1
8621 2
8622 1
8623 2
8624 4
8625 4
8626 3
8627 3
8628 1
8629 2
8630 1
8631 2
8632 1
8633 4
8634 3
8635 2
8636 2
8637 2
8638 2
8639 1
8640 2
8641 2
8642 2
8643 2
8644 3
8645 4
8646 1
8647 2
8648 1
8649 3
8650 4
8651 3
8652 3
8653 5
8654 4
8655 5
8656 5
8657 4
8658 3
8659 1
8660 1
8661 0
8662 1
8663 2
8664 2
8665 1
8666 3
8667 3
8668 0
8669 4
8670 5
8671 3
8672 3
8673 1
8674 1
8675 4
8676 5
8677 4
8678 2
8679 1
8680 3
8681 2
8682 2
8683 3
8684 0
8685 2
8686 2
8687 3
8688 1
8689 2
8690 1
8691 3
8692 3
8693 2
8694 3
8695 1
8696 2
8697 2
8698 4
8699 3
8700 0
8701 3
8702 1
8703 3
8704 3
8705 1
8706 3
8707 3
8708 3
8709 2
8710 3
8711 3
8712 2
8713 1
8714 4
8715 4
8716 4
8717 2
8718 1
8719 2
8720 2
8721 3
8722 3
8723 5
8724 4
8725 3
8726 1
8727 1
8728 2
8729 4
8730 5
8731 4
8732 2
8733 3
8734 2
8735 1
8736 2
8737 1
8738 2
8739 0
8740 2
8741 5
8742 4
8743 2
8744 4
8745 3
8746 5
8747 3
8748 5
8749 3
8750 0
8751 0
8752 0
8753 5
8754 5
8755 5
8756 2
8757 1
8758 1
8759 4
8760 6
8761 5
8762 5
8763 4
8764 3
8765 2
8766 6
8767 6
8768 7
8769 7
8770 6
8771 5
8772 3
8773 2
8774 2
8775 3
8776 1
8777 2
8778 2
8779 3
8780 1
8781 2
8782 3
8783 2
8784 2
8785 2
8786 2
8787 2
8788 4
8789 1
8790 3
8791 1
8792 1
8793 2
8794 2
8795 3
8796 2
8797 3
8798 3
8799 2
8800 4
8801 3
8802 3
8803 3
8804 4
8805 4
8806 2
8807 3
8808 1
8809 3
8810 2
8811 1
8812 4
8813 3
8814 3
8815 2
8816 3
8817 1
8818 1
8819 3
8820 4
8821 2
8822 4
8823 5
8824 5
8825 3
8826 3
8827 1
8828 4
8829 3
8830 2
8831 1
8832 1
8833 3
8834 2
8835 2
8836 1
8837 2
8838 3
8839 2
8840 0
8841 3
8842 2
8843 2
8844 2
8845 1
8846 3
8847 1
8848 1
8849 1
8850 5
8851 3
8852 2
8853 1
8854 2
8855 1
8856 4
8857 4
8858 3
8859 2
8860 1
8861 2
8862 1
8863 2
8864 2
8865 5
8866 4
8867 4
8868 4
8869 5
8870 4
8871 1
8872 3
8873 1
8874 3
8875 0
8876 1
8877 2
8878 1
8879 4
8880 2
8881 2
8882 1
8883 3
8884 3
8885 3
8886 2
8887 1
8888 2
8889 1
8890 3
8891 1
8892 3
8893 0
8894 1
8895 3
8896 4
8897 5
8898 5
8899 4
8900 4
8901 5
8902 4
8903 3
8904 5
8905 3
8906 2
8907 1
8908 4
8909 2
8910 4
8911 4
8912 1
8913 2
8914 1
8915 2
8916 3
8917 1
8918 2
8919 0
8920 2
8921 2
8922 3
8923 2
8924 0
8925 2
8926 1
8927 5
8928 5
8929 3
8930 0
8931 4
8932 3
8933 2
8934 2
8935 4
8936 6
8937 6
8938 7
8939 8
8940 7
8941 6
8942 6
8943 4
8944 2
8945 1
8946 2
8947 2
8948 1
8949 1
8950 2
8951 2
8952 1
8953 2
8954 2
8955 2
8956 2
8957 1
8958 1
8959 2
8960 2
8961 2
8962 3
8963 0
8964 2
8965 2
8966 2
8967 3
8968 1
8969 1
8970 4
8971 3
8972 3
8973 1
8974 3
8975 2
8976 2
8977 4
8978 3
8979 1
8980 2
8981 5
8982 5
8983 4
8984 2
8985 3
8986 1
8987 7
8988 8
8989 7
8990 6
8991 6
8992 5
8993 4
8994 4
8995 1
8996 3
8997 2
8998 5
8999 4
9000 2
9001 1
9002 3
9003 2
9004 2
9005 2
9006 0
9007 2
9008 4
9009 6
9010 5
9011 6
9012 6
9013 5
9014 3
9015 2
9016 1
9017 1
9018 2
9019 3
9020 0
9021 2
9022 1
9023 1
9024 3
9025 2
9026 0
9027 2
9028 1
9029 0
9030 1
9031 1
9032 1
9033 1
9034 2
9035 1
9036 3
9037 1
9038 2
9039 2
9040 2
9041 0
9042 5
9043 6
9044 4
9045 2
9046 1
9047 2
9048 2
9049 3
9050 3
9051 3
9052 3
9053 1
9054 3
9055 4
9056 4
9057 3
9058 3
9059 2
9060 1
9061 0
9062 5
9063 4
9064 3
9065 2
9066 2
9067 2
9068 4
9069 4
9070 5
9071 5
9072 2
9073 3
9074 5
9075 3
9076 3
9077 2
9078 1
9079 2
9080 2
9081 2
9082 3
9083 3
9084 1
9085 1
9086 4
9087 3
9088 3
9089 2
9090 1
9091 4
9092 3
9093 1
9094 3
9095 4
9096 4
9097 5
9098 6
9099 5
9100 5
9101 5
9102 4
9103 5
9104 4
9105 5
9106 4
9107 2
9108 3
9109 2
9110 3
9111 4
9112 3
9113 0
9114 2
9115 2
9116 0
9117 3
9118 2
9119 1
9120 3
9121 3
9122 2
9123 1
9124 4
9125 3
9126 2
9127 2
9128 1
9129 1
9130 3
9131 5
9132 3
9133 3
9134 4
9135 5
9136 4
9137 2
9138 2
9139 4
9140 5
9141 4
9142 4
9143 6
9144 5
9145 3
9146 3
9147 2
9148 3
9149 3
9150 3
9151 4
9152 4
9153 4
9154 2
9155 4
9156 3
9157 2
9158 3
9159 3
9160 2
9161 6
9162 5
9163 6
9164 5
9165 5
9166 3
9167 3
9168 2
9169 3
9170 4
9171 3
9172 1
9173 1
9174 2
9175 1
9176 2
9177 4
9178 4
9179 4
9180 2
9181 2
9182 3
9183 2
9184 1
9185 5
9186 5
9187 5
9188 4
9189 5
9190 4
9191 2
9192 5
9193 4
9194 4
9195 3
9196 3
9197 2
9198 1
9199 1
9200 1
9201 1
9202 1
9203 2
9204 3
9205 4
9206 3
9207 3
9208 3
9209 1
9210 0
9211 3
9212 2
9213 1
9214 2
9215 0
9216 3
9217 1
9218 2
9219 4
9220 3
9221 2
9222 4
9223 2
9224 3
9225 5
9226 5
9227 4
9228 3
9229 3
9230 2
9231 0
9232 1
9233 4
9234 3
9235 1
9236 5
9237 6
9238 4
9239 3
9240 1
9241 1
9242 4
9243 5
9244 3
9245 3
9246 1
9247 1
9248 5
9249 3
9250 3
9251 2
9252 2
9253 2
9254 2
9255 0
9256 4
9257 4
9258 5
9259 5
9260 2
9261 4
9262 2
9263 2
9264 2
9265 3
9266 2
9267 2
9268 3
9269 0
9270 3
9271 2
9272 2
9273 2
9274 0
9275 1
9276 2
9277 2
9278 3
9279 3
9280 2
9281 2
9282 2
9283 3
9284 1
9285 3
9286 3
9287 1
9288 2
9289 0
9290 4
9291 4
9292 2
9293 3
9294 2
9295 2
9296 3
9297 1
9298 4
9299 2
9300 4
9301 3
9302 1
9303 2
9304 1
9305 1
9306 4
9307 5
9308 6
9309 4
9310 2
9311 3
9312 1
9313 1
9314 4
9315 6
9316 5
9317 3
9318 2
9319 3
9320 3
9321 4
9322 3
9323 4
9324 3
9325 4
9326 2
9327 2
9328 2
9329 4
9330 2
9331 5
9332 5
9333 3
9334 3
9335 2
9336 3
9337 2
9338 0
9339 3
9340 3
9341 3
9342 3
9343 4
9344 1
9345 2
9346 2
9347 3
9348 4
9349 6
9350 4
9351 5
9352 6
9353 5
9354 3
9355 2
9356 2
9357 0
9358 1
9359 3
9360 2
9361 4
9362 3
9363 4
9364 5
9365 4
9366 2
9367 1
9368 3
9369 2
9370 4
9371 2
9372 2
9373 3
9374 4
9375 4
9376 7
9377 8
9378 6
9379 7
9380 7
9381 7
9382 6
9383 5
9384 4
9385 4
9386 2
9387 2
9388 2
9389 2
9390 1
9391 4
9392 4
9393 4
9394 2
9395 3
9396 2
9397 2
9398 4
9399 2
9400 3
9401 2
9402 1
9403 5
9404 2
9405 2
9406 3
9407 1
9408 1
9409 3
9410 3
9411 1
9412 4
9413 5
9414 4
9415 3
9416 1
9417 4
9418 6
9419 7
9420 8
9421 7
9422 5
9423 6
9424 6
9425 5
9426 3
9427 4
9428 3
9429 3
9430 2
9431 3
9432 3
9433 4
9434 3
9435 0
9436 3
9437 2
9438 1
9439 4
9440 5
9441 3
9442 4
9443 4
9444 2
9445 2
9446 3
9447 4
9448 1
9449 3
9450 3
9451 2
9452 3
9453 2
9454 3
9455 0
9456 3
9457 4
9458 4
9459 2
9460 3
9461 3
9462 3
9463 1
9464 2
9465 3
9466 2
9467 2
9468 1
9469 2
9470 1
9471 3
9472 2
9473 3
9474 5
9475 4
9476 2
9477 4
9478 3
9479 2
9480 2
9481 4
9482 3
9483 4
9484 3
9485 3
9486 2
9487 2
9488 3
9489 4
9490 4
9491 5
9492 5
9493 4
9494 1
9495 3
9496 1
9497 3
9498 2
9499 3
9500 3
9501 4
9502 4
9503 4
9504 4
9505 3
9506 3
9507 2
9508 4
9509 2
9510 2
9511 2
9512 3
9513 2
9514 3
9515 4
9516 1
9517 2
9518 3
9519 3
9520 4
9521 4
9522 5
9523 4
9524 4
9525 3
9526 1
9527 3
9528 2
9529 3
9530 1
9531 3
9532 3
9533 1
9534 2
9535 1
9536 3
9537 3
9538 4
9539 4
9540 4
9541 5
9542 5
9543 3
9544 2
9545 4
9546 4
9547 3
9548 0
9549 2
9550 2
9551 3
9552 2
9553 3
9554 4
9555 5
9556 3
9557 4
9558 4
9559 5
9560 4
9561 6
9562 5
9563 4
9564 2
9565 3
9566 1
9567 2
9568 2
9569 1
9570 3
9571 6
9572 7
9573 8
9574 6
9575 6
9576 7
9577 4
9578 4
9579 4
9580 5
9581 3
9582 3
9583 1
9584 3
9585 2
9586 3
9587 2
9588 2
9589 2
9590 2
9591 4
9592 4
9593 3
9594 1
9595 4
9596 4
9597 2
9598 1
9599 4
9600 2
9601 0
9602 2
9603 2
9604 4
9605 2
9606 4
9607 2
9608 3
9609 2
9610 1
9611 1
9612 4
9613 1
9614 3
9615 3
9616 3
9617 1
9618 2
9619 0
9620 3
9621 2
9622 2
9623 1
9624 2
9625 5
9626 4
9627 3
9628 3
9629 3
9630 2
9631 3
9632 2
9633 1
9634 1
9635 3
9636 2
9637 2
9638 3
9639 3
9640 4
9641 1
9642 6
9643 5
9644 2
9645 3
9646 4
9647 5
9648 4
9649 2
9650 2
9651 4
9652 3
9653 3
9654 3
9655 4
9656 4
9657 2
9658 1
9659 2
9660 4
9661 5
9662 6
9663 6
9664 6
9665 8
9666 8
9667 6
9668 7
9669 5
9670 4
9671 3
9672 3
9673 1
9674 1
9675 3
9676 1
9677 2
9678 2
9679 1
9680 3
9681 2
9682 1
9683 3
9684 3
9685 3
9686 2
9687 2
9688 1
9689 3
9690 1
9691 3
9692 2
9693 1
9694 5
9695 5
9696 4
9697 2
9698 2
9699 1
9700 0
9701 2
9702 1
9703 3
9704 1
9705 1
9706 3
9707 4
9708 1
9709 3
9710 4
9711 3
9712 5
9713 4
9714 2
9715 3
9716 2
9717 3
9718 3
9719 1
9720 4
9721 2
9722 0
9723 2
9724 2
9725 1
9726 1
9727 2
9728 1
9729 3
9730 3
9731 3
9732 2
9733 2
9734 3
9735 3
9736 4
9737 2
9738 2
9739 2
9740 1
9741 3
9742 2
9743 2
9744 3
9745 1
9746 2
9747 2
9748 2
9749 2
9750 1
9751 0
9752 3
9753 3
9754 3
9755 4
9756 2
9757 2
9758 4
9759 4
9760 4
9761 5
9762 5
9763 4
9764 6
9765 6
9766 7
9767 7
9768 7
9769 5
9770 5
9771 6
9772 6
9773 4
9774 1
9775 4
9776 4
9777 1
9778 4
9779 5
9780 4
9781 2
9782 3
9783 2
9784 4
9785 3
9786 2
9787 4
9788 3
9789 2
9790 5
9791 3
9792 2
9793 4
9794 4
9795 2
9796 3
9797 4
9798 3
9799 3
9800 2
9801 1
9802 4
9803 7
9804 5
9805 4
9806 5
9807 4
9808 3
9809 2
9810 3
9811 0
9812 1
9813 2
9814 4
9815 3
9816 3
9817 1
9818 2
9819 3
9820 2
9821 1
9822 3
9823 3
9824 5
9825 3
9826 3
9827 6
9828 3
9829 3
9830 3
9831 3
9832 1
9833 2
9834 2
9835 5
9836 4
9837 3
9838 0
9839 3
9840 2
9841 1
9842 2
9843 2
9844 5
9845 5
9846 7
9847 6
9848 5
9849 3
9850 2
9851 1
9852 3
9853 2
9854 2
9855 3
9856 3
9857 1
9858 2
9859 2
9860 3
9861 6
9862 6
9863 4
9864 2
9865 2
9866 2
9867 2
9868 1
9869 2
9870 4
9871 4
9872 2
9873 2
9874 1
9875 2
9876 4
9877 4
9878 2
9879 1
9880 2
9881 3
9882 2
9883 2
9884 3
9885 3
9886 2
9887 2
9888 2
9889 2
9890 4
9891 2
9892 4
9893 2
9894 3
9895 1
9896 2
9897 2
9898 2
9899 2
9900 2
9901 3
9902 2
9903 3
9904 4
9905 4
9906 2
9907 5
9908 6
9909 4
9910 2
9911 4
9912 3
9913 3
9914 3
9915 2
9916 1
9917 1
9918 4
9919 2
9920 1
9921 1
9922 4
9923 3
9924 0
9925 3
9926 0
9927 2
9928 2
9929 1
9930 0
9931 3
9932 2
9933 2
9934 4
9935 4
9936 4
9937 2
9938 3
9939 1
9940 4
9941 3
9942 2
9943 2
9944 2
9945 4
9946 4
9947 2
9948 1
9949 4
9950 2
9951 3
9952 4
9953 4
9954 4
9955 3
9956 1
9957 3
9958 2
9959 1
9960 2
9961 0
9962 1
9963 1
9964 3
9965 0
9966 2
9967 1
9968 1
9969 2
9970 3
9971 1
9972 4
9973 4
9974 1
9975 2
9976 2
9977 3
9978 3
9979 1
9980 1
9981 2
9982 1
9983 2
9984 6
9985 7
9986 5
9987 3
9988 0
9989 2
9990 4
9991 4
9992 4
9993 3
9994 1
9995 2
9996 3
9997 1
9998 2
9999 6
