0 3
1 3
2 1
3 2
4 0
5 2
6 3
7 2
8 3
9 5
10 5
11 6
12 5
13 3
14 1
15 2
16 4
17 2
18 1
19 2
20 2
21 3
22 2
23 3
24 4
25 3
26 2
27 3
28 3
29 2
30 4
31 3
32 3
33 2
34 0
35 3
36 3
37 1
38 3
39 1
40 2
41 2
42 2
43 3
44 2
45 1
46 2
47 2
48 1
49 2
50 0
51 3
52 2
53 3
54 5
55 4
56 4
57 6
58 6
59 4
60 5
61 5
62 7
63 7
64 5
65 4
66 3
67 2
68 1
69 2
70 1
71 4
72 5
73 5
74 6
75 4
76 4
77 4
78 4
79 4
80 4
81 4
82 5
83 4
84 4
85 5
86 4
87 6
88 7
89 7
90 6
91 6
92 4
93 3
94 3
95 4
96 6
97 5
98 4
99 3
100 4
101 6
102 5
103 4
104 6
105 6
106 7
107 9
108 9
109 10
110 9
111 8
112 9
113 6
114 6
115 6
116 5
117 7
118 5
119 7
120 6
121 9
122 7
123 8
124 9
125 11
126 12
127 10
128 11
129 9
130 8
131 9
132 10
133 11
134 11
135 12
136 12
137 11
138 9
139 8
140 7
141 7
142 5
143 5
144 5
145 5
146 6
147 5
148 4
149 4
150 4
151 3
152 4
153 3
154 3
155 3
156 2
157 2
158 5
159 4
160 4
161 4
162 6
163 6
164 7
165 4
166 2
167 3
168 1
169 4
170 3
171 1
172 4
173 6
174 4
175 5
176 8
177 7
178 4
179 4
180 4
181 3
182 0
183 0
184 3
185 4
186 3
187 3
188 3
189 6
190 6
191 6
192 5
193 6
194 6
195 6
196 7
197 7
198 7
199 8
200 9
201 8
202 9
203 8
204 7
205 4
206 5
207 4
208 4
209 6
210 6
211 5
212 4
213 2
214 0
215 1
216 6
217 5
218 6
219 4
220 3
221 3
222 4
223 3
224 3
225 0
226 1
227 3
228 1
229 3
230 3
231 3
232 3
233 2
234 4
235 3
236 3
237 4
238 5
239 6
240 6
241 7
242 8
243 8
244 8
245 9
246 11
247 9
248 7
249 7
250 6
251 6
252 8
253 8
254 8
255 6
256 7
257 7
258 9
259 9
260 8
261 7
262 6
263 3
264 3
265 3
266 2
267 1
268 2
269 4
270 3
271 1
272 1
273 2
274 5
275 6
276 7
277 5
278 7
279 7
280 6
281 4
282 3
283 3
284 3
285 2
286 3
287 2
288 3
289 4
290 4
291 3
292 1
293 0
294 1
295 1
296 3
297 4
298 2
299 1
300 4
301 4
302 2
303 3
304 3
305 2
306 4
307 6
308 5
309 3
310 5
311 2
312 0
313 4
314 6
315 4
316 2
317 3
318 2
319 2
320 5
321 10
322 10
323 10
324 10
325 10
326 10
327 10
328 9
329 6
330 7
331 7
332 4
333 4
334 4
335 2
336 4
337 3
338 3
339 3
340 2
341 4
342 4
343 4
344 3
345 3
346 4
347 4
348 5
349 4
350 2
351 3
352 2
353 2
354 3
355 2
356 5
357 6
358 5
359 5
360 5
361 3
362 3
363 4
364 3
365 2
366 3
367 5
368 7
369 6
370 4
371 6
372 7
373 6
374 4
375 5
376 2
377 1
378 1
379 1
380 3
381 3
382 1
383 4
384 3
385 3
386 1
387 3
388 4
389 6
390 6
391 4
392 4
393 4
394 2
395 5
396 6
397 5
398 3
399 3
400 5
401 4
402 6
403 6
404 6
405 8
406 7
407 8
408 8
409 9
410 8
411 9
412 9
413 12
414 11
415 9
416 10
417 7
418 8
419 7
420 8
421 10
422 11
423 8
424 9
425 9
426 8
427 7
428 8
429 7
430 6
431 6
432 8
433 6
434 5
435 3
436 2
437 3
438 5
439 4
440 6
441 7
442 10
443 9
444 7
445 6
446 6
447 7
448 5
449 5
450 4
451 3
452 4
453 4
454 3
455 5
456 5
457 6
458 8
459 8
460 5
461 5
462 6
463 5
464 7
465 6
466 4
467 7
468 8
469 5
470 4
471 3
472 6
473 6
474 5
475 8
476 8
477 7
478 9
479 11
480 10
481 12
482 11
483 11
484 11
485 13
486 11
487 11
488 8
489 11
490 13
491 15
492 12
493 12
494 11
495 12
496 13
497 11
498 10
499 10
500 10
501 8
502 8
503 8
504 8
505 7
506 5
507 6
508 5
509 6
510 7
511 8
512 7
513 7
514 6
515 7
516 7
517 7
518 7
519 6
520 11
521 11
522 9
523 9
524 10
525 11
526 11
527 8
528 8
529 5
530 3
531 1
532 2
533 2
534 4
535 2
536 4
537 3
538 5
539 4
540 7
541 7
542 6
543 5
544 3
545 1
546 3
547 2
548 3
549 6
550 6
551 5
552 5
553 4
554 4
555 4
556 4
557 4
558 4
559 3
560 3
561 5
562 5
563 7
564 6
565 6
566 5
567 4
568 3
569 1
570 5
571 4
572 3
573 3
574 3
575 1
576 1
577 2
578 2
579 1
580 2
581 3
582 4
583 1
584 0
585 3
586 5
587 3
588 3
589 4
590 3
591 2
592 4
593 4
594 5
595 5
596 6
597 4
598 3
599 5
600 7
601 5
602 5
603 7
604 5
605 4
606 5
607 7
608 5
609 5
610 5
611 6
612 6
613 5
614 5
615 4
616 4
617 4
618 3
619 2
620 2
621 4
622 2
623 4
624 3
625 2
626 4
627 5
628 7
629 5
630 6
631 9
632 7
633 6
634 5
635 2
636 5
637 5
638 4
639 3
640 1
641 5
642 5
643 5
644 5
645 3
646 0
647 2
648 2
649 3
650 4
651 5
652 5
653 3
654 2
655 4
656 3
657 3
658 4
659 2
660 4
661 3
662 1
663 3
664 4
665 3
666 1
667 2
668 1
669 1
670 3
671 3
672 0
673 5
674 6
675 8
676 6
677 6
678 6
679 7
680 6
681 8
682 7
683 6
684 5
685 4
686 7
687 8
688 10
689 10
690 11
691 9
692 8
693 9
694 10
695 8
696 7
697 5
698 4
699 5
700 6
701 8
702 7
703 5
704 4
705 7
706 9
707 6
708 3
709 1
710 4
711 2
712 3
713 3
714 2
715 2
716 2
717 0
718 2
719 3
720 5
721 3
722 1
723 3
724 2
725 4
726 4
727 4
728 2
729 4
730 2
731 5
732 5
733 6
734 4
735 1
736 2
737 4
738 2
739 3
740 2
741 1
742 1
743 4
744 2
745 3
746 4
747 2
748 0
749 2
750 2
751 3
752 1
753 4
754 4
755 3
756 3
757 2
758 2
759 2
760 3
761 4
762 3
763 1
764 4
765 4
766 5
767 7
768 6
769 6
770 7
771 4
772 4
773 3
774 4
775 4
776 5
777 5
778 2
779 5
780 2
781 5
782 2
783 4
784 3
785 1
786 1
787 5
788 6
789 5
790 4
791 2
792 1
793 6
794 4
795 5
796 5
797 6
798 9
799 8
800 8
801 9
802 7
803 4
804 5
805 7
806 7
807 4
808 5
809 6
810 5
811 4
812 2
813 2
814 1
815 3
816 1
817 1
818 1
819 2
820 2
821 4
822 6
823 5
824 5
825 5
826 4
827 4
828 6
829 7
830 9
831 10
832 10
833 12
834 13
835 12
836 13
837 15
838 12
839 11
840 9
841 7
842 9
843 8
844 6
845 6
846 6
847 3
848 4
849 4
850 6
851 6
852 7
853 6
854 4
855 2
856 2
857 0
858 2
859 0
860 5
861 5
862 3
863 2
864 3
865 2
866 3
867 4
868 4
869 4
870 5
871 4
872 3
873 3
874 3
875 4
876 3
877 4
878 3
879 3
880 4
881 4
882 2
883 1
884 2
885 4
886 4
887 3
888 1
889 2
890 0
891 1
892 4
893 3
894 5
895 3
896 3
897 3
898 2
899 3
900 4
901 1
902 4
903 5
904 5
905 6
906 7
907 6
908 6
909 5
910 2
911 5
912 3
913 4
914 7
915 6
916 5
917 4
918 6
919 7
920 8
921 7
922 7
923 6
924 4
925 3
926 3
927 2
928 3
929 4
930 4
931 6
932 8
933 10
934 9
935 10
936 11
937 11
938 8
939 9
940 10
941 8
942 6
943 6
944 7
945 10
946 11
947 9
948 11
949 14
950 15
951 12
952 16
953 13
954 16
955 13
956 13
957 13
958 13
959 15
960 12
961 11
962 10
963 9
964 13
965 13
966 14
967 13
968 11
969 11
970 10
971 9
972 10
973 10
974 9
975 9
976 6
977 5
978 5
979 5
980 9
981 11
982 11
983 9
984 9
985 8
986 8
987 8
988 8
989 7
990 9
991 10
992 12
993 13
994 17
995 14
996 11
997 10
998 11
999 9
1000 8
1001 10
1002 10
1003 13
1004 13
1005 13
1006 13
1007 13
1008 13
1009 15
1010 12
1011 11
1012 9
1013 10
1014 10
1015 9
1016 11
1017 9
1018 8
1019 11
1020 11
1021 8
1022 8
1023 8
1024 7
1025 7
1026 9
1027 10
1028 10
1029 11
1030 10
1031 10
1032 10
1033 9
1034 9
1035 11
1036 12
1037 12
1038 12
1039 15
1040 12
1041 10
1042 11
1043 10
1044 11
1045 12
1046 10
1047 7
1048 6
1049 6
1050 5
1051 5
1052 7
1053 6
1054 6
1055 5
1056 5
1057 5
1058 4
1059 5
1060 6
1061 7
1062 5
1063 7
1064 9
1065 8
1066 9
1067 10
1068 11
1069 11
1070 10
1071 8
1072 8
1073 8
1074 9
1075 11
1076 10
1077 12
1078 12
1079 12
1080 11
1081 11
1082 10
1083 10
1084 11
1085 11
1086 10
1087 12
1088 13
1089 14
1090 11
1091 8
1092 8
1093 9
1094 10
1095 10
1096 8
1097 10
1098 8
1099 11
1100 8
1101 8
1102 8
1103 7
1104 5
1105 6
1106 6
1107 5
1108 3
1109 3
1110 2
1111 2
1112 0
1113 2
1114 2
1115 3
1116 3
1117 3
1118 2
1119 2
1120 2
1121 3
1122 3
1123 2
1124 2
1125 4
1126 4
1127 2
1128 2
1129 2
1130 3
1131 3
1132 3
1133 1
1134 2
1135 2
1136 3
1137 3
1138 4
1139 2
1140 4
1141 2
1142 3
1143 2
1144 5
1145 5
1146 6
1147 4
1148 2
1149 1
1150 5
1151 4
1152 4
1153 3
1154 2
1155 1
1156 2
1157 4
1158 5
1159 5
1160 4
1161 4
1162 4
1163 2
1164 3
1165 3
1166 3
1167 4
1168 2
1169 4
1170 1
1171 3
1172 2
1173 3
1174 4
1175 5
1176 6
1177 7
1178 5
1179 8
1180 7
1181 6
1182 5
1183 4
1184 6
1185 5
1186 5
1187 5
1188 8
1189 7
1190 7
1191 6
1192 5
1193 5
1194 3
1195 3
1196 4
1197 2
1198 2
1199 4
1200 3
1201 2
1202 2
1203 5
1204 3
1205 3
1206 3
1207 2
1208 4
1209 2
1210 2
1211 3
1212 3
1213 2
1214 3
1215 5
1216 4
1217 3
1218 2
1219 3
1220 3
1221 2
1222 1
1223 3
1224 2
1225 2
1226 2
1227 3
1228 1
1229 3
1230 1
1231 2
1232 3
1233 4
1234 2
1235 1
1236 3
1237 1
1238 5
1239 3
1240 2
1241 2
1242 5
1243 5
1244 2
1245 2
1246 2
1247 0
1248 3
1249 0
1250 3
1251 4
1252 2
1253 3
1254 4
1255 2
1256 2
1257 0
1258 1
1259 2
1260 4
1261 5
1262 3
1263 3
1264 1
1265 2
1266 4
1267 6
1268 5
1269 5
1270 3
1271 3
1272 5
1273 4
1274 5
1275 6
1276 9
1277 10
1278 7
1279 6
1280 5
1281 2
1282 1
1283 4
1284 2
1285 2
1286 2
1287 1
1288 1
1289 4
1290 6
1291 7
1292 5
1293 5
1294 3
1295 4
1296 5
1297 4
1298 4
1299 2
1300 4
1301 3
1302 2
1303 3
1304 2
1305 4
1306 5
1307 5
1308 4
1309 5
1310 3
1311 4
1312 3
1313 1
1314 2
1315 2
1316 2
1317 4
1318 5
1319 5
1320 4
1321 5
1322 3
1323 4
1324 4
1325 3
1326 5
1327 5
1328 6
1329 4
1330 4
1331 4
1332 6
1333 9
1334 9
1335 10
1336 10
1337 11
1338 12
1339 12
1340 14
1341 14
1342 14
1343 13
1344 11
1345 10
1346 11
1347 11
1348 9
1349 9
1350 10
1351 8
1352 13
1353 12
1354 12
1355 11
1356 12
1357 11
1358 10
1359 9
1360 9
1361 8
1362 7
1363 7
1364 8
1365 8
1366 7
1367 9
1368 10
1369 10
1370 9
1371 8
1372 8
1373 6
1374 5
1375 6
1376 4
1377 3
1378 2
1379 3
1380 4
1381 5
1382 3
1383 5
1384 6
1385 5
1386 6
1387 6
1388 6
1389 6
1390 6
1391 6
1392 5
1393 6
1394 7
1395 7
1396 9
1397 9
1398 9
1399 9
1400 9
1401 9
1402 8
1403 6
1404 6
1405 6
1406 4
1407 2
1408 1
1409 2
1410 1
1411 2
1412 0
1413 2
1414 4
1415 4
1416 3
1417 2
1418 2
1419 1
1420 3
1421 5
1422 6
1423 4
1424 6
1425 5
1426 4
1427 3
1428 6
1429 7
1430 7
1431 7
1432 5
1433 7
1434 6
1435 7
1436 5
1437 3
1438 1
1439 3
1440 5
1441 4
1442 4
1443 2
1444 3
1445 1
1446 5
1447 4
1448 2
1449 4
1450 4
1451 3
1452 4
1453 4
1454 4
1455 6
1456 6
1457 8
1458 10
1459 10
1460 10
1461 10
1462 9
1463 10
1464 9
1465 10
1466 9
1467 7
1468 7
1469 7
1470 7
1471 7
1472 6
1473 7
1474 6
1475 6
1476 6
1477 5
1478 4
1479 3
1480 5
1481 6
1482 4
1483 5
1484 7
1485 9
1486 6
1487 6
1488 4
1489 4
1490 4
1491 3
1492 3
1493 2
1494 2
1495 5
1496 6
1497 5
1498 7
1499 6
1500 9
1501 8
1502 6
1503 4
1504 1
1505 1
1506 1
1507 0
1508 3
1509 1
1510 2
1511 3
1512 3
1513 2
1514 1
1515 1
1516 3
1517 4
1518 2
1519 2
1520 3
1521 5
1522 6
1523 5
1524 3
1525 5
1526 6
1527 6
1528 7
1529 6
1530 7
1531 5
1532 6
1533 5
1534 7
1535 7
1536 7
1537 5
1538 4
1539 4
1540 6
1541 7
1542 8
1543 9
1544 9
1545 12
1546 12
1547 12
1548 13
1549 13
1550 13
1551 15
1552 12
1553 12
1554 10
1555 13
1556 11
1557 10
1558 10
1559 12
1560 10
1561 14
1562 16
1563 13
1564 14
1565 15
1566 12
1567 12
1568 11
1569 11
1570 10
1571 13
1572 12
1573 13
1574 11
1575 11
1576 9
1577 12
1578 13
1579 11
1580 11
1581 11
1582 10
1583 10
1584 7
1585 7
1586 8
1587 6
1588 9
1589 8
1590 7
1591 5
1592 5
1593 5
1594 3
1595 3
1596 2
1597 3
1598 0
1599 2
1600 1
1601 4
1602 5
1603 6
1604 7
1605 8
1606 6
1607 5
1608 5
1609 4
1610 1
1611 5
1612 4
1613 3
1614 5
1615 3
1616 4
1617 1
1618 2
1619 2
1620 4
1621 6
1622 6
1623 5
1624 6
1625 5
1626 3
1627 3
1628 3
1629 4
1630 5
1631 3
1632 4
1633 4
1634 2
1635 5
1636 5
1637 5
1638 3
1639 1
1640 3
1641 1
1642 0
1643 3
1644 3
1645 1
1646 2
1647 1
1648 5
1649 3
1650 1
1651 3
1652 3
1653 3
1654 4
1655 7
1656 6
1657 4
1658 4
1659 5
1660 6
1661 7
1662 8
1663 7
1664 5
1665 5
1666 5
1667 3
1668 4
1669 5
1670 4
1671 7
1672 8
1673 9
1674 8
1675 5
1676 4
1677 3
1678 3
1679 1
1680 1
1681 4
1682 5
1683 7
1684 8
1685 6
1686 5
1687 4
1688 3
1689 2
1690 3
1691 4
1692 5
1693 6
1694 6
1695 7
1696 7
1697 7
1698 6
1699 5
1700 5
1701 5
1702 5
1703 4
1704 2
1705 2
1706 6
1707 5
1708 4
1709 5
1710 4
1711 4
1712 2
1713 3
1714 1
1715 4
1716 8
1717 9
1718 11
1719 11
1720 12
1721 12
1722 11
1723 11
1724 11
1725 10
1726 10
1727 8
1728 7
1729 8
1730 8
1731 5
1732 4
1733 3
1734 2
1735 1
1736 2
1737 6
1738 6
1739 8
1740 10
1741 8
1742 8
1743 6
1744 7
1745 8
1746 9
1747 11
1748 11
1749 10
1750 9
1751 9
1752 8
1753 5
1754 6
1755 4
1756 5
1757 5
1758 5
1759 5
1760 6
1761 7
1762 6
1763 8
1764 7
1765 8
1766 9
1767 7
1768 6
1769 6
1770 6
1771 6
1772 7
1773 6
1774 5
1775 3
1776 4
1777 4
1778 4
1779 5
1780 3
1781 3
1782 4
1783 3
1784 3
1785 2
1786 3
1787 2
1788 3
1789 2
1790 1
1791 6
1792 7
1793 6
1794 5
1795 6
1796 6
1797 7
1798 7
1799 6
1800 9
1801 8
1802 7
1803 7
1804 8
1805 9
1806 9
1807 12
1808 12
1809 12
1810 14
1811 15
1812 12
1813 11
1814 13
1815 16
1816 13
1817 12
1818 10
1819 8
1820 7
1821 7
1822 11
1823 10
1824 12
1825 11
1826 9
1827 11
1828 10
1829 7
1830 7
1831 6
1832 7
1833 7
1834 5
1835 5
1836 6
1837 7
1838 8
1839 9
1840 8
1841 9
1842 8
1843 7
1844 5
1845 5
1846 5
1847 4
1848 6
1849 8
1850 9
1851 8
1852 7
1853 8
1854 5
1855 5
1856 5
1857 3
1858 2
1859 3
1860 5
1861 5
1862 5
1863 6
1864 7
1865 9
1866 9
1867 9
1868 11
1869 10
1870 8
1871 11
1872 14
1873 14
1874 12
1875 12
1876 12
1877 12
1878 12
1879 14
1880 13
1881 14
1882 14
1883 15
1884 12
1885 15
1886 12
1887 11
1888 12
1889 12
1890 11
1891 11
1892 9
1893 10
1894 9
1895 8
1896 6
1897 6
1898 5
1899 5
1900 3
1901 3
1902 2
1903 3
1904 1
1905 5
1906 5
1907 3
1908 3
1909 3
1910 1
1911 5
1912 7
1913 8
1914 8
1915 6
1916 8
1917 8
1918 9
1919 10
1920 10
1921 9
1922 11
1923 12
1924 14
1925 15
1926 12
1927 11
1928 11
1929 12
1930 13
1931 13
1932 10
1933 9
1934 7
1935 4
1936 3
1937 3
1938 1
1939 1
1940 5
1941 4
1942 5
1943 3
1944 2
1945 3
1946 0
1947 2
1948 2
1949 3
1950 2
1951 3
1952 3
1953 3
1954 4
1955 5
1956 2
1957 0
1958 1
1959 1
1960 0
1961 3
1962 4
1963 2
1964 2
1965 1
1966 3
1967 1
1968 2
1969 6
1970 7
1971 9
1972 10
1973 11
1974 10
1975 10
1976 9
1977 10
1978 11
1979 10
1980 8
1981 9
1982 8
1983 9
1984 9
1985 8
1986 7
1987 8
1988 8
1989 7
1990 6
1991 7
1992 6
1993 6
1994 5
1995 5
1996 3
1997 4
1998 4
1999 4
2000 3
2001 4
2002 5
2003 5
2004 5
2005 5
2006 7
2007 5
2008 6
2009 5
2010 4
2011 4
2012 3
2013 5
2014 3
2015 2
2016 0
2017 2
2018 4
2019 2
2020 2
2021 3
2022 1
2023 1
2024 2
2025 2
2026 5
2027 6
2028 5
2029 4
2030 3
2031 3
2032 2
2033 3
2034 3
2035 2
2036 2
2037 0
2038 2
2039 2
2040 4
2041 6
2042 6
2043 9
2044 11
2045 11
2046 12
2047 12
2048 12
2049 11
2050 13
2051 13
2052 11
2053 12
2054 13
2055 15
2056 12
2057 9
2058 8
2059 10
2060 10
2061 10
2062 10
2063 11
2064 12
2065 12
2066 14
2067 12
2068 13
2069 10
2070 9
2071 7
2072 6
2073 6
2074 7
2075 7
2076 6
2077 4
2078 7
2079 7
2080 7
2081 5
2082 6
2083 4
2084 6
2085 8
2086 5
2087 8
2088 7
2089 7
2090 6
2091 6
2092 6
2093 7
2094 8
2095 8
2096 6
2097 6
2098 6
2099 7
2100 6
2101 5
2102 5
2103 5
2104 4
2105 3
2106 5
2107 6
2108 4
2109 5
2110 8
2111 7
2112 8
2113 10
2114 9
2115 7
2116 6
2117 5
2118 3
2119 3
2120 4
2121 5
2122 3
2123 2
2124 1
2125 1
2126 1
2127 2
2128 4
2129 3
2130 4
2131 5
2132 6
2133 3
2134 0
2135 2
2136 3
2137 0
2138 5
2139 4
2140 4
2141 3
2142 0
2143 2
2144 1
2145 6
2146 4
2147 4
2148 1
2149 4
2150 5
2151 7
2152 9
2153 10
2154 12
2155 11
2156 11
2157 11
2158 10
2159 11
2160 12
2161 13
2162 14
2163 12
2164 12
2165 11
2166 11
2167 9
2168 7
2169 6
2170 4
2171 2
2172 2
2173 3
2174 4
2175 3
2176 4
2177 3
2178 4
2179 7
2180 9
2181 9
2182 11
2183 12
2184 12
2185 12
2186 13
2187 14
2188 12
2189 11
2190 11
2191 11
2192 13
2193 11
2194 12
2195 11
2196 11
2197 12
2198 15
2199 12
2200 12
2201 13
2202 10
2203 10
2204 9
2205 9
2206 10
2207 7
2208 7
2209 9
2210 10
2211 8
2212 6
2213 4
2214 5
2215 5
2216 4
2217 2
2218 2
2219 3
2220 3
2221 2
2222 1
2223 2
2224 2
2225 2
2226 3
2227 1
2228 2
2229 4
2230 6
2231 5
2232 6
2233 6
2234 5
2235 4
2236 4
2237 5
2238 6
2239 4
2240 3
2241 2
2242 6
2243 3
2244 3
2245 2
2246 2
2247 4
2248 1
2249 3
2250 1
2251 0
2252 1
2253 3
2254 4
2255 1
2256 3
2257 3
2258 2
2259 2
2260 3
2261 6
2262 5
2263 4
2264 4
2265 5
2266 5
2267 3
2268 2
2269 2
2270 3
2271 4
2272 4
2273 3
2274 4
2275 4
2276 2
2277 1
2278 2
2279 3
2280 1
2281 4
2282 4
2283 1
2284 4
2285 5
2286 5
2287 7
2288 9
2289 9
2290 11
2291 9
2292 10
2293 9
2294 9
2295 7
2296 8
2297 10
2298 9
2299 11
2300 10
2301 11
2302 14
2303 14
2304 14
2305 15
2306 12
2307 10
2308 11
2309 10
2310 9
2311 9
2312 8
2313 6
2314 5
2315 5
2316 4
2317 2
2318 2
2319 1
2320 3
2321 3
2322 2
2323 2
2324 3
2325 4
2326 5
2327 3
2328 2
2329 1
2330 2
2331 3
2332 3
2333 2
2334 1
2335 1
2336 3
2337 2
2338 2
2339 6
2340 4
2341 5
2342 3
2343 3
2344 1
2345 7
2346 6
2347 6
2348 5
2349 5
2350 7
2351 8
2352 8
2353 8
2354 7
2355 7
2356 10
2357 10
2358 9
2359 7
2360 9
2361 10
2362 10
2363 11
2364 12
2365 11
2366 11
2367 13
2368 11
2369 10
2370 13
2371 13
2372 11
2373 10
2374 8
2375 8
2376 5
2377 6
2378 5
2379 5
2380 5
2381 6
2382 5
2383 6
2384 6
2385 6
2386 5
2387 4
2388 4
2389 5
2390 4
2391 1
2392 4
2393 4
2394 2
2395 1
2396 2
2397 2
2398 0
2399 3
2400 3
2401 2
2402 2
2403 4
2404 4
2405 4
2406 3
2407 4
2408 3
2409 4
2410 5
2411 5
2412 4
2413 2
2414 3
2415 4
2416 2
2417 4
2418 3
2419 2
2420 3
2421 1
2422 2
2423 2
2424 3
2425 5
2426 3
2427 2
2428 1
2429 5
2430 4
2431 4
2432 4
2433 2
2434 3
2435 2
2436 1
2437 2
2438 2
2439 3
2440 4
2441 2
2442 3
2443 2
2444 1
2445 2
2446 2
2447 2
2448 3
2449 2
2450 3
2451 2
2452 2
2453 6
2454 4
2455 2
2456 4
2457 6
2458 6
2459 6
2460 6
2461 4
2462 6
2463 7
2464 7
2465 6
2466 7
2467 8
2468 9
2469 10
2470 10
2471 9
2472 11
2473 12
2474 10
2475 10
2476 8
2477 9
2478 8
2479 7
2480 6
2481 6
2482 8
2483 8
2484 7
2485 5
2486 4
2487 3
2488 0
2489 2
2490 3
2491 2
2492 3
2493 1
2494 4
2495 3
2496 1
2497 2
2498 4
2499 5
2500 8
2501 7
2502 8
2503 8
2504 5
2505 4
2506 2
2507 3
2508 2
2509 2
2510 3
2511 2
2512 2
2513 5
2514 3
2515 1
2516 2
2517 1
2518 1
2519 5
2520 3
2521 4
2522 1
2523 2
2524 6
2525 5
2526 4
2527 3
2528 1
2529 3
2530 4
2531 4
2532 4
2533 3
2534 2
2535 2
2536 3
2537 2
2538 2
2539 4
2540 7
2541 6
2542 3
2543 2
2544 3
2545 3
2546 2
2547 1
2548 3
2549 2
2550 4
2551 3
2552 2
2553 1
2554 2
2555 3
2556 4
2557 3
2558 3
2559 2
2560 6
2561 7
2562 8
2563 11
2564 10
2565 10
2566 9
2567 10
2568 8
2569 9
2570 7
2571 5
2572 6
2573 7
2574 8
2575 7
2576 8
2577 7
2578 6
2579 7
2580 9
2581 9
2582 8
2583 9
2584 9
2585 11
2586 11
2587 9
2588 6
2589 4
2590 6
2591 8
2592 9
2593 12
2594 13
2595 14
2596 12
2597 14
2598 17
2599 14
2600 14
2601 14
2602 13
2603 13
2604 14
2605 15
2606 12
2607 10
2608 10
2609 9
2610 9
2611 8
2612 6
2613 8
2614 8
2615 10
2616 8
2617 7
2618 9
2619 9
2620 9
2621 8
2622 6
2623 5
2624 5
2625 4
2626 5
2627 2
2628 2
2629 4
2630 5
2631 4
2632 2
2633 2
2634 3
2635 2
2636 2
2637 2
2638 3
2639 3
2640 4
2641 6
2642 7
2643 8
2644 7
2645 7
2646 5
2647 4
2648 3
2649 4
2650 5
2651 5
2652 8
2653 8
2654 8
2655 8
2656 7
2657 7
2658 7
2659 9
2660 11
2661 11
2662 12
2663 13
2664 11
2665 13
2666 11
2667 11
2668 11
2669 11
2670 12
2671 12
2672 13
2673 13
2674 13
2675 13
2676 11
2677 10
2678 11
2679 10
2680 10
2681 10
2682 13
2683 13
2684 15
2685 12
2686 12
2687 10
2688 7
2689 5
2690 5
2691 5
2692 5
2693 5
2694 5
2695 7
2696 7
2697 6
2698 4
2699 6
2700 4
2701 6
2702 7
2703 6
2704 5
2705 5
2706 4
2707 5
2708 6
2709 6
2710 6
2711 8
2712 6
2713 5
2714 5
2715 8
2716 6
2717 4
2718 4
2719 4
2720 2
2721 6
2722 6
2723 5
2724 4
2725 4
2726 6
2727 7
2728 7
2729 8
2730 8
2731 8
2732 6
2733 7
2734 6
2735 6
2736 9
2737 8
2738 11
2739 9
2740 10
2741 9
2742 7
2743 8
2744 7
2745 7
2746 7
2747 8
2748 8
2749 8
2750 8
2751 6
2752 5
2753 6
2754 8
2755 6
2756 4
2757 2
2758 2
2759 3
2760 1
2761 2
2762 4
2763 3
2764 2
2765 2
2766 2
2767 2
2768 3
2769 3
2770 3
2771 3
2772 2
2773 2
2774 2
2775 0
2776 6
2777 6
2778 6
2779 8
2780 9
2781 7
2782 5
2783 2
2784 3
2785 1
2786 5
2787 6
2788 5
2789 4
2790 5
2791 5
2792 3
2793 5
2794 3
2795 1
2796 0
2797 4
2798 5
2799 5
2800 6
2801 5
2802 5
2803 4
2804 4
2805 1
2806 3
2807 3
2808 2
2809 3
2810 4
2811 2
2812 1
2813 2
2814 3
2815 2
2816 3
2817 3
2818 3
2819 3
2820 2
2821 4
2822 3
2823 2
2824 2
2825 4
2826 2
2827 2
2828 4
2829 5
2830 5
2831 4
2832 6
2833 7
2834 6
2835 6
2836 5
2837 6
2838 6
2839 5
2840 2
2841 0
2842 3
2843 3
2844 4
2845 4
2846 3
2847 4
2848 3
2849 4
2850 4
2851 2
2852 1
2853 4
2854 4
2855 5
2856 3
2857 0
2858 2
2859 1
2860 3
2861 0
2862 4
2863 4
2864 4
2865 3
2866 0
2867 1
2868 2
2869 2
2870 4
2871 5
2872 5
2873 5
2874 4
2875 5
2876 4
2877 2
2878 3
2879 3
2880 3
2881 3
2882 2
2883 0
2884 4
2885 6
2886 6
2887 7
2888 6
2889 7
2890 7
2891 8
2892 9
2893 8
2894 9
2895 9
2896 10
2897 11
2898 9
2899 9
2900 10
2901 9
2902 8
2903 7
2904 7
2905 8
2906 10
2907 9
2908 10
2909 10
2910 8
2911 9
2912 8
2913 8
2914 9
2915 6
2916 7
2917 5
2918 4
2919 7
2920 7
2921 8
2922 8
2923 9
2924 8
2925 9
2926 8
2927 7
2928 6
2929 9
2930 8
2931 7
2932 8
2933 8
2934 7
2935 6
2936 4
2937 5
2938 6
2939 6
2940 6
2941 6
2942 8
2943 10
2944 10
2945 8
2946 8
2947 6
2948 8
2949 10
2950 10
2951 10
2952 9
2953 10
2954 9
2955 8
2956 8
2957 9
2958 8
2959 10
2960 9
2961 9
2962 8
2963 9
2964 7
2965 5
2966 6
2967 5
2968 6
2969 7
2970 7
2971 6
2972 6
2973 5
2974 6
2975 6
2976 5
2977 3
2978 5
2979 4
2980 2
2981 1
2982 3
2983 1
2984 2
2985 3
2986 6
2987 6
2988 8
2989 8
2990 10
2991 9
2992 11
2993 12
2994 11
2995 11
2996 11
2997 8
2998 8
2999 5
3000 4
3001 7
3002 5
3003 4
3004 3
3005 4
3006 5
3007 4
3008 2
3009 1
3010 3
3011 2
3012 2
3013 2
3014 1
3015 2
3016 6
3017 3
3018 4
3019 3
3020 4
3021 3
3022 3
3023 4
3024 3
3025 2
3026 2
3027 4
3028 5
3029 5
3030 5
3031 4
3032 6
3033 7
3034 9
3035 7
3036 4
3037 4
3038 3
3039 7
3040 9
3041 9
3042 9
3043 10
3044 8
3045 9
3046 8
3047 10
3048 13
3049 13
3050 15
3051 12
3052 10
3053 8
3054 8
3055 9
3056 7
3057 6
3058 6
3059 3
3060 2
3061 4
3062 1
3063 3
3064 1
3065 3
3066 2
3067 3
3068 3
3069 1
3070 4
3071 2
3072 3
3073 4
3074 2
3075 1
3076 3
3077 3
3078 3
3079 5
3080 4
3081 4
3082 3
3083 1
3084 2
3085 1
3086 1
3087 2
3088 1
3089 4
3090 5
3091 5
3092 4
3093 5
3094 5
3095 7
3096 6
3097 6
3098 5
3099 5
3100 5
3101 6
3102 5
3103 5
3104 3
3105 4
3106 4
3107 4
3108 4
3109 3
3110 5
3111 4
3112 3
3113 4
3114 5
3115 3
3116 6
3117 5
3118 5
3119 5
3120 4
3121 5
3122 4
3123 5
3124 6
3125 3
3126 3
3127 4
3128 1
3129 3
3130 4
3131 3
3132 3
3133 3
3134 1
3135 1
3136 1
3137 4
3138 5
3139 5
3140 4
3141 3
3142 2
3143 2
3144 5
3145 4
3146 4
3147 2
3148 3
3149 3
3150 4
3151 4
3152 4
3153 6
3154 4
3155 2
3156 6
3157 7
3158 6
3159 4
3160 3
3161 3
3162 3
3163 2
3164 4
3165 5
3166 4
3167 4
3168 3
3169 3
3170 2
3171 1
3172 3
3173 1
3174 3
3175 2
3176 4
3177 3
3178 5
3179 3
3180 3
3181 3
3182 1
3183 4
3184 3
3185 1
3186 2
3187 3
3188 2
3189 3
3190 4
3191 5
3192 3
3193 3
3194 3
3195 2
3196 2
3197 3
3198 4
3199 4
3200 7
3201 7
3202 6
3203 4
3204 3
3205 0
3206 2
3207 2
3208 4
3209 3
3210 4
3211 4
3212 6
3213 6
3214 8
3215 9
3216 8
3217 7
3218 8
3219 8
3220 8
3221 8
3222 9
3223 7
3224 7
3225 5
3226 5
3227 7
3228 7
3229 7
3230 9
3231 11
3232 11
3233 10
3234 10
3235 10
3236 7
3237 9
3238 7
3239 6
3240 7
3241 4
3242 3
3243 4
3244 3
3245 2
3246 3
3247 1
3248 1
3249 2
3250 4
3251 2
3252 1
3253 3
3254 2
3255 4
3256 5
3257 5
3258 6
3259 9
3260 7
3261 9
3262 9
3263 8
3264 7
3265 8
3266 6
3267 7
3268 6
3269 7
3270 8
3271 7
3272 7
3273 5
3274 4
3275 3
3276 2
3277 2
3278 3
3279 4
3280 3
3281 4
3282 6
3283 5
3284 4
3285 4
3286 3
3287 2
3288 3
3289 3
3290 3
3291 2
3292 3
3293 3
3294 2
3295 2
3296 2
3297 0
3298 0
3299 5
3300 5
3301 4
3302 3
3303 3
3304 0
3305 3
3306 5
3307 6
3308 7
3309 6
3310 4
3311 4
3312 3
3313 1
3314 5
3315 4
3316 5
3317 2
3318 3
3319 2
3320 5
3321 5
3322 4
3323 3
3324 3
3325 3
3326 3
3327 0
3328 2
3329 4
3330 4
3331 4
3332 4
3333 1
3334 3
3335 2
3336 3
3337 1
3338 3
3339 4
3340 3
3341 2
3342 4
3343 3
3344 3
3345 3
3346 4
3347 3
3348 3
3349 3
3350 3
3351 1
3352 3
3353 1
3354 4
3355 3
3356 3
3357 4
3358 3
3359 4
3360 2
3361 4
3362 3
3363 6
3364 4
3365 3
3366 1
3367 5
3368 5
3369 2
3370 3
3371 1
3372 4
3373 5
3374 6
3375 8
3376 6
3377 5
3378 8
3379 8
3380 9
3381 9
3382 7
3383 6
3384 8
3385 10
3386 8
3387 7
3388 6
3389 6
3390 6
3391 8
3392 6
3393 6
3394 6
3395 6
3396 5
3397 7
3398 6
3399 3
3400 4
3401 5
3402 2
3403 6
3404 5
3405 7
3406 6
3407 7
3408 6
3409 5
3410 5
3411 3
3412 3
3413 2
3414 4
3415 6
3416 10
3417 8
3418 8
3419 6
3420 4
3421 2
3422 3
3423 3
3424 3
3425 3
3426 1
3427 1
3428 2
3429 2
3430 3
3431 0
3432 6
3433 7
3434 6
3435 4
3436 6
3437 5
3438 5
3439 5
3440 3
3441 5
3442 5
3443 7
3444 7
3445 6
3446 7
3447 6
3448 6
3449 6
3450 5
3451 7
3452 7
3453 9
3454 7
3455 4
3456 2
3457 2
3458 1
3459 4
3460 2
3461 3
3462 8
3463 7
3464 8
3465 10
3466 9
3467 10
3468 9
3469 7
3470 7
3471 5
3472 6
3473 6
3474 6
3475 5
3476 4
3477 3
3478 2
3479 3
3480 6
3481 4
3482 4
3483 3
3484 5
3485 6
3486 6
3487 7
3488 8
3489 9
3490 8
3491 9
3492 10
3493 13
3494 12
3495 14
3496 14
3497 12
3498 12
3499 14
3500 12
3501 12
3502 14
3503 15
3504 12
3505 11
3506 10
3507 10
3508 11
3509 9
3510 10
3511 11
3512 12
3513 14
3514 11
3515 11
3516 9
3517 9
3518 8
3519 7
3520 6
3521 4
3522 4
3523 1
3524 2
3525 1
3526 2
3527 4
3528 2
3529 4
3530 5
3531 4
3532 4
3533 4
3534 6
3535 5
3536 6
3537 8
3538 7
3539 7
3540 8
3541 8
3542 9
3543 8
3544 7
3545 8
3546 8
3547 7
3548 7
3549 5
3550 6
3551 7
3552 8
3553 7
3554 6
3555 8
3556 7
3557 6
3558 5
3559 5
3560 5
3561 6
3562 4
3563 1
3564 3
3565 4
3566 2
3567 1
3568 1
3569 3
3570 3
3571 4
3572 2
3573 2
3574 2
3575 5
3576 5
3577 5
3578 3
3579 2
3580 2
3581 5
3582 5
3583 5
3584 6
3585 6
3586 6
3587 5
3588 7
3589 7
3590 9
3591 10
3592 8
3593 8
3594 8
3595 11
3596 11
3597 11
3598 9
3599 8
3600 8
3601 12
3602 12
3603 9
3604 10
3605 11
3606 11
3607 10
3608 12
3609 15
3610 12
3611 13
3612 12
3613 13
3614 12
3615 13
3616 12
3617 11
3618 12
3619 13
3620 13
3621 14
3622 13
3623 15
3624 12
3625 12
3626 12
3627 10
3628 9
3629 8
3630 8
3631 7
3632 7
3633 5
3634 5
3635 6
3636 6
3637 5
3638 6
3639 7
3640 7
3641 8
3642 7
3643 7
3644 9
3645 8
3646 6
3647 10
3648 7
3649 9
3650 6
3651 6
3652 7
3653 7
3654 8
3655 7
3656 6
3657 7
3658 8
3659 8
3660 9
3661 8
3662 6
3663 5
3664 6
3665 4
3666 4
3667 5
3668 5
3669 4
3670 3
3671 5
3672 6
3673 6
3674 7
3675 4
3676 3
3677 3
3678 2
3679 4
3680 4
3681 2
3682 3
3683 2
3684 4
3685 3
3686 2
3687 0
3688 1
3689 5
3690 5
3691 5
3692 5
3693 5
3694 4
3695 4
3696 4
3697 3
3698 0
3699 3
3700 3
3701 3
3702 1
3703 1
3704 5
3705 4
3706 4
3707 5
3708 4
3709 5
3710 4
3711 6
3712 5
3713 4
3714 6
3715 8
3716 9
3717 10
3718 11
3719 12
3720 14
3721 13
3722 13
3723 12
3724 10
3725 12
3726 12
3727 12
3728 12
3729 13
3730 12
3731 11
3732 12
3733 12
3734 9
3735 7
3736 7
3737 9
3738 11
3739 14
3740 15
3741 12
3742 12
3743 10
3744 7
3745 9
3746 6
3747 5
3748 6
3749 6
3750 5
3751 3
3752 3
3753 4
3754 6
3755 7
3756 6
3757 8
3758 10
3759 10
3760 9
3761 7
3762 6
3763 3
3764 2
3765 4
3766 2
3767 8
3768 8
3769 7
3770 7
3771 6
3772 7
3773 8
3774 8
3775 5
3776 4
3777 5
3778 6
3779 6
3780 6
3781 6
3782 8
3783 8
3784 6
3785 8
3786 7
3787 8
3788 5
3789 2
3790 3
3791 2
3792 2
3793 2
3794 4
3795 3
3796 2
3797 2
3798 4
3799 6
3800 6
3801 5
3802 4
3803 1
3804 2
3805 1
3806 0
3807 5
3808 2
3809 4
3810 1
3811 4
3812 4
3813 2
3814 3
3815 2
3816 4
3817 4
3818 5
3819 4
3820 5
3821 3
3822 2
3823 4
3824 4
3825 4
3826 4
3827 2
3828 3
3829 2
3830 3
3831 3
3832 4
3833 2
3834 0
3835 2
3836 3
3837 5
3838 5
3839 7
3840 8
3841 6
3842 7
3843 8
3844 10
3845 12
3846 13
3847 11
3848 11
3849 12
3850 13
3851 13
3852 12
3853 13
3854 12
3855 13
3856 12
3857 13
3858 14
3859 16
3860 13
3861 13
3862 11
3863 12
3864 10
3865 11
3866 10
3867 9
3868 11
3869 12
3870 10
3871 11
3872 9
3873 8
3874 7
3875 9
3876 10
3877 10
3878 10
3879 9
3880 7
3881 6
3882 5
3883 7
3884 7
3885 7
3886 8
3887 7
3888 9
3889 10
3890 9
3891 10
3892 11
3893 12
3894 14
3895 13
3896 13
3897 14
3898 14
3899 14
3900 12
3901 9
3902 10
3903 11
3904 10
3905 8
3906 6
3907 5
3908 4
3909 2
3910 1
3911 2
3912 1
3913 2
3914 3
3915 6
3916 4
3917 3
3918 2
3919 2
3920 1
3921 2
3922 2
3923 3
3924 3
3925 1
3926 2
3927 4
3928 1
3929 3
3930 1
3931 5
3932 4
3933 4
3934 4
3935 7
3936 8
3937 8
3938 8
3939 7
3940 5
3941 7
3942 8
3943 5
3944 3
3945 5
3946 5
3947 3
3948 3
3949 2
3950 4
3951 4
3952 4
3953 6
3954 5
3955 7
3956 8
3957 8
3958 9
3959 9
3960 9
3961 9
3962 9
3963 10
3964 11
3965 11
3966 11
3967 9
3968 8
3969 7
3970 6
3971 5
3972 7
3973 8
3974 7
3975 7
3976 5
3977 3
3978 3
3979 3
3980 5
3981 4
3982 2
3983 2
3984 4
3985 4
3986 5
3987 6
3988 5
3989 5
3990 4
3991 3
3992 2
3993 3
3994 3
3995 2
3996 3
3997 4
3998 4
3999 5
4000 6
4001 8
4002 6
4003 8
4004 7
4005 7
4006 6
4007 7
4008 9
4009 7
4010 9
4011 11
4012 11
4013 15
4014 12
4015 11
4016 10
4017 9
4018 10
4019 11
4020 10
4021 10
4022 10
4023 9
4024 11
4025 11
4026 13
4027 13
4028 14
4029 14
4030 15
4031 12
4032 12
4033 9
4034 9
4035 10
4036 9
4037 7
4038 4
4039 3
4040 3
4041 3
4042 3
4043 2
4044 3
4045 5
4046 5
4047 6
4048 5
4049 6
4050 6
4051 7
4052 7
4053 6
4054 6
4055 5
4056 5
4057 3
4058 4
4059 5
4060 5
4061 4
4062 3
4063 5
4064 5
4065 5
4066 5
4067 5
4068 4
4069 3
4070 3
4071 2
4072 2
4073 3
4074 4
4075 2
4076 1
4077 4
4078 4
4079 5
4080 5
4081 6
4082 4
4083 5
4084 5
4085 4
4086 3
4087 5
4088 6
4089 7
4090 8
4091 12
4092 9
4093 9
4094 9
4095 10
4096 10
4097 11
4098 8
4099 9
4100 8
4101 8
4102 8
4103 7
4104 5
4105 6
4106 5
4107 5
4108 4
4109 3
4110 4
4111 6
4112 5
4113 5
4114 6
4115 6
4116 4
4117 4
4118 3
4119 4
4120 5
4121 5
4122 4
4123 4
4124 6
4125 5
4126 6
4127 4
4128 2
4129 3
4130 5
4131 5
4132 4
4133 4
4134 4
4135 5
4136 5
4137 6
4138 6
4139 5
4140 3
4141 1
4142 2
4143 2
4144 3
4145 3
4146 3
4147 5
4148 5
4149 5
4150 3
4151 2
4152 2
4153 5
4154 6
4155 3
4156 1
4157 4
4158 2
4159 5
4160 5
4161 4
4162 5
4163 5
4164 4
4165 3
4166 4
4167 5
4168 4
4169 5
4170 4
4171 9
4172 10
4173 9
4174 6
4175 8
4176 9
4177 9
4178 9
4179 9
4180 8
4181 7
4182 5
4183 2
4184 1
4185 4
4186 5
4187 3
4188 4
4189 3
4190 3
4191 1
4192 3
4193 2
4194 3
4195 3
4196 5
4197 4
4198 5
4199 8
4200 7
4201 8
4202 5
4203 3
4204 2
4205 2
4206 2
4207 1
4208 7
4209 7
4210 7
4211 5
4212 6
4213 5
4214 6
4215 3
4216 4
4217 6
4218 4
4219 4
4220 3
4221 3
4222 6
4223 4
4224 2
4225 5
4226 4
4227 4
4228 6
4229 4
4230 5
4231 4
4232 4
4233 3
4234 3
4235 4
4236 4
4237 3
4238 2
4239 2
4240 5
4241 6
4242 6
4243 6
4244 4
4245 3
4246 3
4247 2
4248 0
4249 3
4250 3
4251 5
4252 4
4253 4
4254 3
4255 3
4256 3
4257 2
4258 4
4259 4
4260 2
4261 5
4262 5
4263 5
4264 6
4265 8
4266 9
4267 10
4268 9
4269 9
4270 12
4271 12
4272 10
4273 9
4274 9
4275 8
4276 7
4277 10
4278 10
4279 12
4280 10
4281 11
4282 14
4283 12
4284 13
4285 11
4286 12
4287 13
4288 14
4289 14
4290 16
4291 13
4292 12
4293 12
4294 11
4295 13
4296 13
4297 11
4298 11
4299 10
4300 9
4301 8
4302 5
4303 4
4304 1
4305 3
4306 1
4307 1
4308 0
4309 2
4310 1
4311 5
4312 9
4313 10
4314 8
4315 5
4316 4
4317 5
4318 5
4319 7
4320 8
4321 8
4322 11
4323 13
4324 13
4325 12
4326 10
4327 10
4328 8
4329 7
4330 6
4331 8
4332 7
4333 8
4334 8
4335 6
4336 8
4337 9
4338 9
4339 7
4340 6
4341 8
4342 6
4343 5
4344 5
4345 2
4346 4
4347 4
4348 4
4349 4
4350 5
4351 3
4352 3
4353 4
4354 4
4355 3
4356 1
4357 2
4358 2
4359 1
4360 3
4361 1
4362 2
4363 4
4364 4
4365 7
4366 9
4367 10
4368 11
4369 14
4370 12
4371 14
4372 13
4373 12
4374 14
4375 13
4376 13
4377 14
4378 13
4379 13
4380 11
4381 14
4382 12
4383 11
4384 11
4385 10
4386 9
4387 8
4388 9
4389 8
4390 8
4391 6
4392 7
4393 6
4394 6
4395 6
4396 5
4397 5
4398 6
4399 5
4400 7
4401 7
4402 5
4403 3
4404 7
4405 5
4406 5
4407 5
4408 4
4409 4
4410 5
4411 3
4412 2
4413 2
4414 3
4415 1
4416 6
4417 4
4418 2
4419 2
4420 1
4421 2
4422 2
4423 2
4424 1
4425 4
4426 6
4427 7
4428 7
4429 7
4430 8
4431 11
4432 10
4433 11
4434 9
4435 8
4436 8
4437 7
4438 7
4439 6
4440 5
4441 2
4442 3
4443 3
4444 2
4445 2
4446 7
4447 5
4448 4
4449 5
4450 4
4451 2
4452 4
4453 4
4454 5
4455 4
4456 4
4457 6
4458 7
4459 7
4460 6
4461 5
4462 7
4463 6
4464 3
4465 1
4466 3
4467 4
4468 2
4469 2
4470 6
4471 5
4472 3
4473 4
4474 4
4475 4
4476 3
4477 2
4478 3
4479 3
4480 2
4481 3
4482 3
4483 5
4484 5
4485 5
4486 6
4487 5
4488 5
4489 7
4490 9
4491 8
4492 8
4493 6
4494 8
4495 7
4496 7
4497 5
4498 4
4499 3
4500 1
4501 1
4502 1
4503 4
4504 4
4505 4
4506 4
4507 4
4508 7
4509 6
4510 6
4511 4
4512 7
4513 5
4514 3
4515 2
4516 3
4517 3
4518 5
4519 8
4520 8
4521 9
4522 7
4523 7
4524 7
4525 9
4526 7
4527 8
4528 6
4529 7
4530 8
4531 7
4532 6
4533 7
4534 8
4535 7
4536 8
4537 9
4538 12
4539 12
4540 12
4541 11
4542 12
4543 13
4544 13
4545 13
4546 13
4547 11
4548 10
4549 10
4550 9
4551 8
4552 10
4553 9
4554 8
4555 7
4556 8
4557 10
4558 11
4559 12
4560 10
4561 12
4562 14
4563 13
4564 12
4565 10
4566 10
4567 11
4568 12
4569 12
4570 11
4571 10
4572 11
4573 9
4574 6
4575 5
4576 3
4577 2
4578 2
4579 5
4580 5
4581 4
4582 3
4583 5
4584 4
4585 2
4586 3
4587 4
4588 5
4589 3
4590 1
4591 4
4592 2
4593 2
4594 3
4595 5
4596 5
4597 3
4598 3
4599 3
4600 0
4601 2
4602 3
4603 4
4604 1
4605 1
4606 2
4607 1
4608 4
4609 5
4610 4
4611 3
4612 4
4613 3
4614 3
4615 3
4616 1
4617 2
4618 2
4619 3
4620 3
4621 4
4622 2
4623 3
4624 3
4625 2
4626 2
4627 2
4628 2
4629 4
4630 3
4631 2
4632 3
4633 1
4634 1
4635 2
4636 2
4637 2
4638 2
4639 5
4640 10
4641 11
4642 10
4643 10
4644 9
4645 7
4646 6
4647 7
4648 6
4649 5
4650 5
4651 3
4652 6
4653 6
4654 3
4655 2
4656 4
4657 5
4658 3
4659 3
4660 4
4661 2
4662 2
4663 3
4664 6
4665 5
4666 3
4667 5
4668 3
4669 3
4670 3
4671 4
4672 5
4673 5
4674 4
4675 4
4676 6
4677 5
4678 6
4679 5
4680 4
4681 5
4682 4
4683 5
4684 5
4685 6
4686 5
4687 4
4688 1
4689 3
4690 4
4691 4
4692 3
4693 2
4694 4
4695 5
4696 5
4697 8
4698 5
4699 5
4700 3
4701 2
4702 4
4703 4
4704 5
4705 5
4706 4
4707 3
4708 2
4709 1
4710 1
4711 1
4712 3
4713 4
4714 3
4715 2
4716 2
4717 2
4718 2
4719 2
4720 1
4721 3
4722 2
4723 2
4724 2
4725 4
4726 5
4727 5
4728 6
4729 9
4730 6
4731 4
4732 3
4733 2
4734 3
4735 3
4736 1
4737 5
4738 3
4739 3
4740 1
4741 3
4742 3
4743 0
4744 2
4745 1
4746 4
4747 4
4748 4
4749 4
4750 4
4751 4
4752 3
4753 2
4754 3
4755 5
4756 5
4757 6
4758 4
4759 2
4760 4
4761 3
4762 0
4763 3
4764 5
4765 4
4766 2
4767 4
4768 2
4769 6
4770 8
4771 8
4772 10
4773 7
4774 7
4775 6
4776 5
4777 7
4778 7
4779 9
4780 9
4781 9
4782 11
4783 14
4784 14
4785 13
4786 14
4787 15
4788 12
4789 14
4790 14
4791 14
4792 13
4793 13
4794 12
4795 10
4796 10
4797 10
4798 7
4799 6
4800 8
4801 7
4802 11
4803 8
4804 8
4805 10
4806 10
4807 9
4808 8
4809 6
4810 5
4811 7
4812 5
4813 5
4814 4
4815 3
4816 2
4817 3
4818 4
4819 5
4820 6
4821 5
4822 6
4823 5
4824 5
4825 3
4826 3
4827 4
4828 5
4829 5
4830 6
4831 6
4832 7
4833 7
4834 7
4835 7
4836 4
4837 4
4838 2
4839 2
4840 3
4841 2
4842 1
4843 4
4844 5
4845 7
4846 6
4847 4
4848 5
4849 7
4850 6
4851 7
4852 8
4853 10
4854 12
4855 11
4856 10
4857 11
4858 12
4859 12
4860 10
4861 12
4862 11
4863 11
4864 11
4865 12
4866 12
4867 11
4868 9
4869 6
4870 4
4871 4
4872 4
4873 4
4874 3
4875 4
4876 3
4877 4
4878 3
4879 1
4880 2
4881 4
4882 5
4883 3
4884 2
4885 1
4886 3
4887 2
4888 5
4889 5
4890 6
4891 8
4892 9
4893 8
4894 8
4895 8
4896 8
4897 6
4898 9
4899 9
4900 8
4901 8
4902 9
4903 8
4904 6
4905 6
4906 6
4907 9
4908 10
4909 9
4910 8
4911 8
4912 8
4913 8
4914 9
4915 9
4916 7
4917 6
4918 8
4919 7
4920 6
4921 6
4922 6
4923 7
4924 5
4925 4
4926 7
4927 7
4928 6
4929 6
4930 4
4931 6
4932 5
4933 7
4934 7
4935 7
4936 7
4937 6
4938 6
4939 6
4940 5
4941 4
4942 3
4943 2
4944 1
4945 2
4946 5
4947 6
4948 8
4949 6
4950 4
4951 2
4952 4
4953 2
4954 2
4955 0
4956 4
4957 7
4958 7
4959 7
4960 7
4961 6
4962 4
4963 2
4964 2
4965 3
4966 2
4967 4
4968 4
4969 4
4970 3
4971 3
4972 2
4973 3
4974 4
4975 4
4976 4
4977 4
4978 3
4979 3
4980 2
4981 5
4982 4
4983 5
4984 6
4985 5
4986 4
4987 5
4988 7
4989 7
4990 8
4991 8
4992 7
4993 7
4994 9
4995 10
4996 10
4997 9
4998 10
4999 8
5000 7
5001 7
5002 9
5003 9
5004 9
5005 10
5006 10
5007 9
5008 10
5009 12
5010 13
5011 12
5012 10
5013 10
5014 10
5015 9
5016 11
5017 10
5018 11
5019 12
5020 13
5021 14
5022 15
5023 12
5024 12
5025 13
5026 12
5027 13
5028 11
5029 8
5030 7
5031 6
5032 6
5033 5
5034 3
5035 5
5036 5
5037 5
5038 5
5039 6
5040 5
5041 5
5042 6
5043 8
5044 5
5045 4
5046 3
5047 1
5048 2
5049 3
5050 3
5051 3
5052 2
5053 3
5054 1
5055 4
5056 4
5057 4
5058 5
5059 4
5060 4
5061 1
5062 1
5063 2
5064 2
5065 3
5066 3
5067 3
5068 2
5069 4
5070 6
5071 4
5072 3
5073 2
5074 2
5075 5
5076 5
5077 3
5078 2
5079 2
5080 3
5081 3
5082 4
5083 4
5084 3
5085 3
5086 3
5087 4
5088 5
5089 7
5090 9
5091 10
5092 9
5093 10
5094 7
5095 6
5096 3
5097 4
5098 3
5099 4
5100 4
5101 4
5102 2
5103 4
5104 5
5105 5
5106 6
5107 6
5108 5
5109 6
5110 8
5111 9
5112 10
5113 11
5114 9
5115 9
5116 10
5117 8
5118 9
5119 7
5120 8
5121 6
5122 5
5123 7
5124 5
5125 6
5126 6
5127 6
5128 5
5129 5
5130 3
5131 5
5132 5
5133 5
5134 4
5135 2
5136 2
5137 0
5138 2
5139 4
5140 4
5141 3
5142 5
5143 6
5144 6
5145 4
5146 3
5147 4
5148 3
5149 3
5150 1
5151 4
5152 6
5153 3
5154 2
5155 2
5156 2
5157 2
5158 4
5159 3
5160 1
5161 4
5162 3
5163 5
5164 6
5165 5
5166 4
5167 3
5168 5
5169 7
5170 6
5171 5
5172 6
5173 6
5174 6
5175 8
5176 5
5177 4
5178 3
5179 4
5180 3
5181 2
5182 3
5183 2
5184 2
5185 0
5186 2
5187 2
5188 4
5189 4
5190 3
5191 2
5192 2
5193 4
5194 5
5195 6
5196 5
5197 5
5198 5
5199 4
5200 4
5201 2
5202 3
5203 6
5204 5
5205 3
5206 2
5207 3
5208 1
5209 6
5210 5
5211 4
5212 2
5213 5
5214 6
5215 5
5216 3
5217 6
5218 5
5219 5
5220 7
5221 8
5222 7
5223 6
5224 5
5225 2
5226 3
5227 3
5228 3
5229 3
5230 0
5231 5
5232 4
5233 5
5234 6
5235 6
5236 6
5237 5
5238 4
5239 5
5240 5
5241 7
5242 7
5243 7
5244 9
5245 10
5246 9
5247 10
5248 11
5249 11
5250 11
5251 9
5252 9
5253 9
5254 10
5255 11
5256 9
5257 8
5258 7
5259 8
5260 9
5261 11
5262 15
5263 12
5264 13
5265 11
5266 10
5267 9
5268 7
5269 7
5270 4
5271 2
5272 2
5273 4
5274 2
5275 3
5276 1
5277 5
5278 2
5279 0
5280 2
5281 2
5282 4
5283 3
5284 5
5285 6
5286 5
5287 5
5288 3
5289 5
5290 7
5291 8
5292 7
5293 6
5294 3
5295 2
5296 1
5297 1
5298 1
5299 2
5300 1
5301 4
5302 3
5303 4
5304 3
5305 4
5306 3
5307 1
5308 4
5309 7
5310 6
5311 9
5312 8
5313 9
5314 7
5315 6
5316 6
5317 7
5318 6
5319 6
5320 6
5321 8
5322 6
5323 6
5324 7
5325 6
5326 4
5327 5
5328 6
5329 7
5330 8
5331 7
5332 7
5333 8
5334 6
5335 6
5336 6
5337 4
5338 2
5339 4
5340 5
5341 5
5342 6
5343 7
5344 6
5345 4
5346 3
5347 4
5348 3
5349 4
5350 5
5351 8
5352 9
5353 8
5354 6
5355 5
5356 4
5357 2
5358 4
5359 1
5360 0
5361 3
5362 1
5363 3
5364 3
5365 4
5366 4
5367 5
5368 4
5369 1
5370 5
5371 5
5372 4
5373 4
5374 4
5375 4
5376 3
5377 4
5378 5
5379 4
5380 2
5381 2
5382 3
5383 1
5384 3
5385 1
5386 1
5387 2
5388 2
5389 4
5390 4
5391 3
5392 4
5393 4
5394 3
5395 6
5396 5
5397 6
5398 4
5399 4
5400 5
5401 8
5402 8
5403 8
5404 7
5405 9
5406 6
5407 6
5408 6
5409 4
5410 1
5411 2
5412 2
5413 0
5414 4
5415 4
5416 5
5417 3
5418 2
5419 3
5420 2
5421 4
5422 2
5423 2
5424 0
5425 4
5426 2
5427 1
5428 1
5429 3
5430 3
5431 3
5432 3
5433 0
5434 3
5435 1
5436 2
5437 3
5438 0
5439 1
5440 4
5441 4
5442 2
5443 1
5444 2
5445 1
5446 1
5447 2
5448 4
5449 6
5450 5
5451 5
5452 5
5453 5
5454 6
5455 5
5456 3
5457 5
5458 4
5459 6
5460 7
5461 7
5462 8
5463 7
5464 6
5465 7
5466 6
5467 7
5468 9
5469 8
5470 6
5471 5
5472 3
5473 4
5474 2
5475 3
5476 2
5477 1
5478 2
5479 3
5480 3
5481 0
5482 2
5483 5
5484 5
5485 3
5486 2
5487 4
5488 4
5489 3
5490 3
5491 2
5492 1
5493 4
5494 4
5495 5
5496 6
5497 4
5498 4
5499 3
5500 3
5501 3
5502 4
5503 5
5504 5
5505 5
5506 2
5507 2
5508 3
5509 2
5510 1
5511 3
5512 1
5513 1
5514 4
5515 4
5516 2
5517 1
5518 1
5519 2
5520 2
5521 2
5522 2
5523 3
5524 1
5525 4
5526 3
5527 5
5528 3
5529 3
5530 4
5531 3
5532 2
5533 2
5534 3
5535 2
5536 1
5537 6
5538 5
5539 6
5540 4
5541 3
5542 5
5543 6
5544 8
5545 6
5546 3
5547 3
5548 2
5549 3
5550 1
5551 1
5552 5
5553 4
5554 4
5555 5
5556 8
5557 6
5558 5
5559 3
5560 3
5561 4
5562 4
5563 3
5564 2
5565 1
5566 1
5567 2
5568 3
5569 2
5570 0
5571 0
5572 2
5573 2
5574 1
5575 3
5576 2
5577 3
5578 3
5579 2
5580 3
5581 2
5582 3
5583 3
5584 2
5585 2
5586 4
5587 5
5588 4
5589 3
5590 2
5591 1
5592 3
5593 4
5594 4
5595 6
5596 6
5597 5
5598 3
5599 4
5600 5
5601 8
5602 7
5603 8
5604 7
5605 6
5606 6
5607 5
5608 6
5609 5
5610 5
5611 5
5612 6
5613 7
5614 8
5615 8
5616 7
5617 7
5618 10
5619 10
5620 8
5621 9
5622 11
5623 10
5624 11
5625 12
5626 13
5627 11
5628 10
5629 9
5630 8
5631 10
5632 7
5633 7
5634 8
5635 7
5636 6
5637 8
5638 7
5639 5
5640 7
5641 7
5642 6
5643 8
5644 7
5645 8
5646 8
5647 8
5648 10
5649 8
5650 8
5651 8
5652 6
5653 7
5654 5
5655 5
5656 4
5657 4
5658 3
5659 3
5660 5
5661 5
5662 6
5663 5
5664 5
5665 3
5666 4
5667 6
5668 6
5669 4
5670 5
5671 3
5672 0
5673 2
5674 2
5675 3
5676 3
5677 2
5678 3
5679 2
5680 1
5681 4
5682 3
5683 4
5684 5
5685 3
5686 1
5687 4
5688 7
5689 7
5690 8
5691 8
5692 9
5693 11
5694 9
5695 10
5696 12
5697 12
5698 13
5699 13
5700 12
5701 11
5702 13
5703 10
5704 12
5705 12
5706 10
5707 8
5708 5
5709 8
5710 9
5711 10
5712 11
5713 10
5714 9
5715 8
5716 9
5717 12
5718 11
5719 12
5720 13
5721 12
5722 12
5723 11
5724 14
5725 14
5726 15
5727 12
5728 14
5729 14
5730 14
5731 14
5732 13
5733 13
5734 15
5735 12
5736 11
5737 10
5738 10
5739 11
5740 9
5741 9
5742 9
5743 10
5744 9
5745 9
5746 9
5747 8
5748 7
5749 8
5750 10
5751 9
5752 8
5753 7
5754 8
5755 8
5756 9
5757 9
5758 8
5759 5
5760 3
5761 2
5762 2
5763 3
5764 3
5765 4
5766 5
5767 5
5768 5
5769 7
5770 8
5771 8
5772 8
5773 8
5774 9
5775 6
5776 6
5777 3
5778 2
5779 6
5780 4
5781 4
5782 1
5783 1
5784 0
5785 0
5786 5
5787 4
5788 5
5789 4
5790 2
5791 0
5792 2
5793 6
5794 6
5795 6
5796 4
5797 4
5798 7
5799 5
5800 7
5801 7
5802 7
5803 6
5804 7
5805 7
5806 4
5807 3
5808 2
5809 2
5810 0
5811 1
5812 1
5813 5
5814 5
5815 4
5816 5
5817 5
5818 7
5819 5
5820 6
5821 5
5822 3
5823 4
5824 2
5825 2
5826 4
5827 1
5828 4
5829 4
5830 2
5831 4
5832 5
5833 6
5834 5
5835 4
5836 3
5837 3
5838 2
5839 4
5840 8
5841 6
5842 6
5843 6
5844 6
5845 7
5846 7
5847 7
5848 8
5849 8
5850 8
5851 9
5852 9
5853 7
5854 6
5855 5
5856 4
5857 4
5858 3
5859 1
5860 4
5861 3
5862 5
5863 5
5864 5
5865 3
5866 2
5867 3
5868 4
5869 3
5870 3
5871 2
5872 2
5873 1
5874 5
5875 3
5876 4
5877 2
5878 3
5879 6
5880 5
5881 4
5882 2
5883 4
5884 3
5885 5
5886 3
5887 2
5888 5
5889 6
5890 5
5891 3
5892 4
5893 3
5894 2
5895 3
5896 0
5897 3
5898 6
5899 4
5900 5
5901 4
5902 4
5903 6
5904 5
5905 3
5906 2
5907 6
5908 6
5909 6
5910 6
5911 9
5912 7
5913 9
5914 9
5915 8
5916 10
5917 11
5918 9
5919 7
5920 7
5921 7
5922 10
5923 9
5924 8
5925 7
5926 9
5927 10
5928 9
5929 7
5930 6
5931 6
5932 4
5933 4
5934 5
5935 4
5936 3
5937 1
5938 4
5939 2
5940 5
5941 5
5942 6
5943 8
5944 10
5945 10
5946 10
5947 8
5948 7
5949 8
5950 9
5951 8
5952 8
5953 11
5954 8
5955 7
5956 6
5957 3
5958 2
5959 4
5960 3
5961 2
5962 2
5963 2
5964 1
5965 4
5966 3
5967 1
5968 4
5969 3
5970 3
5971 1
5972 4
5973 4
5974 1
5975 3
5976 3
5977 3
5978 3
5979 3
5980 4
5981 2
5982 4
5983 5
5984 3
5985 5
5986 2
5987 1
5988 3
5989 1
5990 3
5991 4
5992 4
5993 5
5994 5
5995 5
5996 5
5997 3
5998 5
5999 4
6000 4
6001 3
6002 3
6003 3
6004 4
6005 2
6006 3
6007 5
6008 4
6009 1
6010 3
6011 4
6012 5
6013 5
6014 4
6015 4
6016 5
6017 4
6018 3
6019 2
6020 3
6021 4
6022 4
6023 6
6024 4
6025 3
6026 2
6027 2
6028 3
6029 3
6030 6
6031 5
6032 3
6033 4
6034 2
6035 5
6036 4
6037 2
6038 1
6039 3
6040 2
6041 1
6042 3
6043 3
6044 2
6045 0
6046 7
6047 7
6048 9
6049 9
6050 8
6051 9
6052 11
6053 9
6054 7
6055 8
6056 8
6057 6
6058 5
6059 7
6060 6
6061 6
6062 4
6063 5
6064 5
6065 4
6066 8
6067 7
6068 8
6069 8
6070 6
6071 6
6072 9
6073 8
6074 9
6075 11
6076 12
6077 12
6078 13
6079 15
6080 12
6081 12
6082 11
6083 10
6084 10
6085 11
6086 11
6087 10
6088 9
6089 9
6090 8
6091 10
6092 11
6093 10
6094 11
6095 10
6096 11
6097 10
6098 12
6099 11
6100 10
6101 9
6102 9
6103 8
6104 9
6105 10
6106 8
6107 9
6108 7
6109 5
6110 3
6111 4
6112 3
6113 4
6114 5
6115 5
6116 6
6117 4
6118 4
6119 3
6120 4
6121 3
6122 3
6123 3
6124 4
6125 3
6126 2
6127 6
6128 4
6129 6
6130 7
6131 8
6132 10
6133 12
6134 11
6135 11
6136 9
6137 9
6138 11
6139 11
6140 10
6141 9
6142 8
6143 7
6144 9
6145 8
6146 9
6147 10
6148 10
6149 10
6150 12
6151 11
6152 11
6153 11
6154 13
6155 14
6156 13
6157 18
6158 15
6159 12
6160 12
6161 10
6162 10
6163 9
6164 8
6165 9
6166 11
6167 8
6168 5
6169 5
6170 6
6171 5
6172 5
6173 4
6174 4
6175 3
6176 2
6177 3
6178 6
6179 7
6180 12
6181 11
6182 8
6183 8
6184 7
6185 7
6186 6
6187 4
6188 2
6189 0
6190 2
6191 2
6192 1
6193 2
6194 2
6195 3
6196 2
6197 3
6198 3
6199 4
6200 5
6201 4
6202 3
6203 1
6204 4
6205 4
6206 3
6207 3
6208 2
6209 2
6210 3
6211 2
6212 5
6213 7
6214 5
6215 8
6216 10
6217 8
6218 6
6219 8
6220 7
6221 6
6222 5
6223 5
6224 5
6225 5
6226 4
6227 3
6228 1
6229 3
6230 3
6231 2
6232 1
6233 0
6234 4
6235 3
6236 3
6237 0
6238 1
6239 4
6240 4
6241 3
6242 3
6243 2
6244 3
6245 4
6246 4
6247 5
6248 5
6249 6
6250 4
6251 4
6252 5
6253 5
6254 5
6255 3
6256 2
6257 5
6258 3
6259 2
6260 3
6261 2
6262 4
6263 7
6264 7
6265 8
6266 9
6267 9
6268 10
6269 10
6270 9
6271 10
6272 11
6273 10
6274 10
6275 9
6276 10
6277 8
6278 11
6279 11
6280 11
6281 9
6282 9
6283 9
6284 9
6285 8
6286 6
6287 6
6288 5
6289 7
6290 7
6291 9
6292 8
6293 8
6294 7
6295 11
6296 10
6297 8
6298 8
6299 8
6300 6
6301 8
6302 6
6303 7
6304 7
6305 5
6306 5
6307 4
6308 4
6309 3
6310 5
6311 4
6312 4
6313 5
6314 5
6315 3
6316 1
6317 3
6318 0
6319 2
6320 3
6321 1
6322 2
6323 2
6324 2
6325 4
6326 5
6327 6
6328 7
6329 7
6330 8
6331 9
6332 10
6333 11
6334 11
6335 10
6336 10
6337 9
6338 8
6339 8
6340 11
6341 9
6342 10
6343 10
6344 10
6345 9
6346 8
6347 9
6348 7
6349 5
6350 4
6351 4
6352 2
6353 1
6354 0
6355 5
6356 3
6357 3
6358 2
6359 3
6360 4
6361 5
6362 7
6363 5
6364 6
6365 6
6366 5
6367 5
6368 5
6369 6
6370 6
6371 5
6372 4
6373 5
6374 8
6375 9
6376 9
6377 8
6378 9
6379 9
6380 9
6381 8
6382 6
6383 5
6384 4
6385 1
6386 6
6387 4
6388 5
6389 4
6390 6
6391 6
6392 6
6393 4
6394 1
6395 2
6396 3
6397 2
6398 3
6399 1
6400 5
6401 4
6402 3
6403 4
6404 3
6405 2
6406 4
6407 5
6408 5
6409 4
6410 2
6411 3
6412 4
6413 5
6414 5
6415 6
6416 7
6417 7
6418 6
6419 7
6420 7
6421 6
6422 4
6423 4
6424 3
6425 5
6426 2
6427 2
6428 1
6429 2
6430 2
6431 3
6432 0
6433 4
6434 3
6435 2
6436 1
6437 0
6438 2
6439 3
6440 1
6441 6
6442 4
6443 3
6444 3
6445 5
6446 4
6447 2
6448 4
6449 5
6450 6
6451 4
6452 7
6453 7
6454 7
6455 6
6456 6
6457 4
6458 2
6459 4
6460 2
6461 4
6462 4
6463 5
6464 4
6465 6
6466 4
6467 4
6468 4
6469 4
6470 4
6471 6
6472 5
6473 2
6474 5
6475 7
6476 7
6477 8
6478 8
6479 9
6480 8
6481 10
6482 9
6483 7
6484 7
6485 6
6486 5
6487 2
6488 4
6489 3
6490 2
6491 1
6492 7
6493 6
6494 4
6495 7
6496 6
6497 3
6498 2
6499 5
6500 5
6501 3
6502 2
6503 2
6504 5
6505 6
6506 4
6507 4
6508 3
6509 4
6510 5
6511 3
6512 4
6513 3
6514 4
6515 4
6516 5
6517 6
6518 5
6519 4
6520 4
6521 3
6522 3
6523 0
6524 2
6525 3
6526 3
6527 4
6528 4
6529 3
6530 3
6531 3
6532 1
6533 4
6534 4
6535 2
6536 1
6537 4
6538 4
6539 4
6540 3
6541 3
6542 4
6543 3
6544 4
6545 3
6546 2
6547 3
6548 4
6549 4
6550 4
6551 5
6552 6
6553 6
6554 6
6555 6
6556 7
6557 9
6558 11
6559 13
6560 14
6561 15
6562 12
6563 11
6564 10
6565 9
6566 9
6567 8
6568 6
6569 5
6570 4
6571 2
6572 6
6573 7
6574 7
6575 7
6576 6
6577 9
6578 10
6579 9
6580 10
6581 9
6582 9
6583 10
6584 10
6585 10
6586 10
6587 11
6588 12
6589 12
6590 11
6591 11
6592 10
6593 11
6594 11
6595 10
6596 10
6597 10
6598 10
6599 9
6600 10
6601 10
6602 9
6603 8
6604 10
6605 11
6606 10
6607 10
6608 11
6609 10
6610 10
6611 8
6612 8
6613 8
6614 10
6615 12
6616 11
6617 12
6618 15
6619 12
6620 13
6621 13
6622 14
6623 12
6624 10
6625 10
6626 12
6627 11
6628 10
6629 11
6630 9
6631 12
6632 12
6633 12
6634 13
6635 15
6636 12
6637 13
6638 15
6639 12
6640 12
6641 12
6642 10
6643 8
6644 7
6645 5
6646 5
6647 7
6648 8
6649 10
6650 11
6651 11
6652 12
6653 11
6654 8
6655 8
6656 7
6657 6
6658 7
6659 11
6660 12
6661 12
6662 14
6663 14
6664 12
6665 11
6666 9
6667 11
6668 10
6669 9
6670 10
6671 9
6672 8
6673 8
6674 7
6675 7
6676 7
6677 8
6678 9
6679 8
6680 9
6681 8
6682 9
6683 7
6684 7
6685 6
6686 5
6687 4
6688 3
6689 5
6690 5
6691 5
6692 2
6693 2
6694 2
6695 1
6696 3
6697 3
6698 2
6699 4
6700 3
6701 3
6702 4
6703 6
6704 6
6705 6
6706 5
6707 3
6708 3
6709 2
6710 1
6711 5
6712 3
6713 4
6714 2
6715 3
6716 2
6717 1
6718 3
6719 2
6720 2
6721 2
6722 6
6723 8
6724 6
6725 6
6726 5
6727 4
6728 4
6729 3
6730 1
6731 3
6732 3
6733 2
6734 2
6735 1
6736 2
6737 3
6738 5
6739 6
6740 7
6741 6
6742 5
6743 4
6744 6
6745 5
6746 5
6747 6
6748 6
6749 5
6750 8
6751 6
6752 5
6753 4
6754 6
6755 5
6756 6
6757 6
6758 5
6759 6
6760 7
6761 7
6762 6
6763 5
6764 5
6765 6
6766 5
6767 4
6768 4
6769 3
6770 4
6771 5
6772 3
6773 6
6774 4
6775 3
6776 3
6777 3
6778 3
6779 3
6780 2
6781 3
6782 4
6783 5
6784 3
6785 1
6786 2
6787 1
6788 3
6789 4
6790 4
6791 4
6792 3
6793 6
6794 8
6795 7
6796 6
6797 4
6798 2
6799 3
6800 3
6801 3
6802 2
6803 2
6804 3
6805 3
6806 3
6807 0
6808 4
6809 6
6810 5
6811 5
6812 2
6813 3
6814 1
6815 5
6816 4
6817 5
6818 7
6819 8
6820 6
6821 4
6822 4
6823 4
6824 4
6825 2
6826 2
6827 4
6828 4
6829 4
6830 4
6831 2
6832 4
6833 3
6834 5
6835 5
6836 5
6837 5
6838 4
6839 3
6840 2
6841 1
6842 5
6843 3
6844 5
6845 3
6846 3
6847 2
6848 5
6849 4
6850 4
6851 5
6852 4
6853 6
6854 5
6855 3
6856 4
6857 5
6858 5
6859 4
6860 2
6861 2
6862 1
6863 2
6864 2
6865 1
6866 4
6867 7
6868 7
6869 9
6870 8
6871 8
6872 7
6873 6
6874 6
6875 5
6876 6
6877 3
6878 2
6879 1
6880 4
6881 2
6882 2
6883 3
6884 2
6885 1
6886 2
6887 4
6888 5
6889 5
6890 5
6891 4
6892 2
6893 5
6894 3
6895 3
6896 1
6897 3
6898 0
6899 1
6900 3
6901 0
6902 3
6903 0
6904 3
6905 1
6906 3
6907 1
6908 3
6909 2
6910 4
6911 3
6912 4
6913 4
6914 4
6915 4
6916 1
6917 5
6918 3
6919 8
6920 7
6921 5
6922 4
6923 3
6924 2
6925 3
6926 1
6927 1
6928 3
6929 5
6930 4
6931 4
6932 4
6933 6
6934 4
6935 6
6936 8
6937 8
6938 6
6939 5
6940 5
6941 4
6942 3
6943 2
6944 2
6945 4
6946 5
6947 5
6948 5
6949 6
6950 5
6951 4
6952 6
6953 5
6954 4
6955 4
6956 3
6957 2
6958 2
6959 3
6960 1
6961 2
6962 6
6963 3
6964 1
6965 1
6966 1
6967 2
6968 1
6969 3
6970 2
6971 4
6972 4
6973 5
6974 5
6975 5
6976 2
6977 2
6978 0
6979 1
6980 3
6981 2
6982 2
6983 5
6984 5
6985 5
6986 6
6987 4
6988 3
6989 3
6990 2
6991 1
6992 1
6993 3
6994 3
6995 3
6996 2
6997 3
6998 4
6999 4
7000 3
7001 1
7002 1
7003 5
7004 2
7005 2
7006 1
7007 5
7008 4
7009 4
7010 2
7011 2
7012 1
7013 1
7014 3
7015 3
7016 2
7017 1
7018 1
7019 4
7020 7
7021 8
7022 7
7023 7
7024 7
7025 6
7026 6
7027 5
7028 6
7029 7
7030 5
7031 7
7032 8
7033 7
7034 7
7035 6
7036 7
7037 7
7038 5
7039 6
7040 6
7041 5
7042 7
7043 7
7044 6
7045 6
7046 7
7047 8
7048 8
7049 7
7050 5
7051 4
7052 6
7053 4
7054 3
7055 4
7056 4
7057 4
7058 4
7059 3
7060 5
7061 4
7062 3
7063 6
7064 9
7065 6
7066 6
7067 5
7068 5
7069 6
7070 7
7071 7
7072 8
7073 8
7074 11
7075 11
7076 11
7077 10
7078 8
7079 10
7080 13
7081 13
7082 12
7083 12
7084 11
7085 12
7086 11
7087 12
7088 12
7089 11
7090 10
7091 9
7092 7
7093 7
7094 6
7095 6
7096 3
7097 4
7098 4
7099 4
7100 2
7101 2
7102 3
7103 2
7104 1
7105 3
7106 1
7107 2
7108 3
7109 3
7110 4
7111 4
7112 3
7113 3
7114 1
7115 2
7116 3
7117 4
7118 3
7119 3
7120 3
7121 2
7122 2
7123 2
7124 3
7125 0
7126 2
7127 5
7128 5
7129 6
7130 9
7131 10
7132 12
7133 13
7134 11
7135 10
7136 9
7137 11
7138 13
7139 12
7140 13
7141 11
7142 10
7143 11
7144 10
7145 10
7146 10
7147 10
7148 9
7149 9
7150 9
7151 9
7152 8
7153 6
7154 6
7155 7
7156 6
7157 6
7158 6
7159 5
7160 6
7161 7
7162 9
7163 7
7164 5
7165 5
7166 9
7167 7
7168 8
7169 10
7170 10
7171 8
7172 8
7173 11
7174 10
7175 10
7176 12
7177 11
7178 10
7179 9
7180 6
7181 6
7182 5
7183 3
7184 3
7185 3
7186 2
7187 2
7188 5
7189 5
7190 5
7191 6
7192 4
7193 3
7194 4
7195 3
7196 4
7197 5
7198 6
7199 5
7200 4
7201 5
7202 5
7203 7
7204 5
7205 5
7206 3
7207 2
7208 1
7209 2
7210 3
7211 4
7212 2
7213 1
7214 5
7215 4
7216 3
7217 3
7218 3
7219 3
7220 6
7221 5
7222 3
7223 4
7224 4
7225 4
7226 4
7227 3
7228 1
7229 5
7230 5
7231 6
7232 7
7233 7
7234 8
7235 7
7236 8
7237 7
7238 6
7239 8
7240 7
7241 5
7242 4
7243 6
7244 8
7245 10
7246 10
7247 9
7248 12
7249 12
7250 11
7251 11
7252 11
7253 10
7254 11
7255 10
7256 9
7257 12
7258 11
7259 12
7260 11
7261 13
7262 14
7263 13
7264 11
7265 12
7266 12
7267 12
7268 9
7269 11
7270 10
7271 10
7272 11
7273 10
7274 11
7275 13
7276 12
7277 10
7278 11
7279 9
7280 7
7281 9
7282 9
7283 9
7284 10
7285 9
7286 10
7287 9
7288 10
7289 12
7290 11
7291 11
7292 12
7293 12
7294 9
7295 11
7296 10
7297 10
7298 8
7299 9
7300 8
7301 9
7302 7
7303 8
7304 7
7305 6
7306 6
7307 5
7308 3
7309 2
7310 3
7311 2
7312 4
7313 6
7314 7
7315 5
7316 3
7317 4
7318 5
7319 3
7320 3
7321 6
7322 10
7323 11
7324 10
7325 7
7326 6
7327 8
7328 8
7329 10
7330 8
7331 9
7332 8
7333 11
7334 10
7335 9
7336 7
7337 8
7338 9
7339 9
7340 10
7341 10
7342 9
7343 7
7344 6
7345 6
7346 5
7347 6
7348 7
7349 6
7350 8
7351 10
7352 11
7353 12
7354 12
7355 10
7356 11
7357 12
7358 12
7359 10
7360 9
7361 10
7362 10
7363 12
7364 11
7365 11
7366 12
7367 12
7368 9
7369 8
7370 6
7371 5
7372 3
7373 4
7374 5
7375 6
7376 8
7377 9
7378 11
7379 12
7380 10
7381 10
7382 12
7383 13
7384 12
7385 11
7386 10
7387 9
7388 7
7389 8
7390 7
7391 8
7392 6
7393 5
7394 3
7395 2
7396 3
7397 3
7398 2
7399 3
7400 1
7401 0
7402 2
7403 2
7404 2
7405 2
7406 1
7407 1
7408 1
7409 4
7410 3
7411 3
7412 3
7413 2
7414 6
7415 4
7416 6
7417 8
7418 10
7419 9
7420 7
7421 9
7422 8
7423 9
7424 9
7425 7
7426 7
7427 7
7428 5
7429 2
7430 8
7431 7
7432 7
7433 6
7434 7
7435 7
7436 6
7437 5
7438 5
7439 4
7440 3
7441 2
7442 3
7443 3
7444 1
7445 2
7446 4
7447 2
7448 1
7449 2
7450 6
7451 5
7452 5
7453 7
7454 10
7455 9
7456 8
7457 5
7458 6
7459 6
7460 7
7461 7
7462 9
7463 7
7464 6
7465 5
7466 7
7467 6
7468 6
7469 6
7470 6
7471 5
7472 6
7473 7
7474 8
7475 11
7476 12
7477 10
7478 12
7479 12
7480 11
7481 12
7482 12
7483 10
7484 12
7485 12
7486 12
7487 11
7488 10
7489 10
7490 10
7491 8
7492 6
7493 7
7494 6
7495 6
7496 5
7497 2
7498 2
7499 2
7500 2
7501 3
7502 4
7503 7
7504 8
7505 7
7506 5
7507 3
7508 3
7509 4
7510 3
7511 2
7512 0
7513 5
7514 3
7515 2
7516 3
7517 2
7518 2
7519 2
7520 3
7521 2
7522 4
7523 4
7524 3
7525 4
7526 3
7527 4
7528 4
7529 4
7530 2
7531 3
7532 2
7533 2
7534 1
7535 3
7536 5
7537 5
7538 2
7539 3
7540 2
7541 2
7542 0
7543 3
7544 3
7545 0
7546 4
7547 7
7548 6
7549 5
7550 5
7551 4
7552 5
7553 5
7554 3
7555 2
7556 2
7557 3
7558 3
7559 1
7560 5
7561 5
7562 6
7563 6
7564 8
7565 7
7566 6
7567 8
7568 9
7569 8
7570 8
7571 7
7572 6
7573 5
7574 4
7575 2
7576 4
7577 2
7578 4
7579 4
7580 3
7581 0
7582 3
7583 5
7584 5
7585 5
7586 6
7587 7
7588 9
7589 11
7590 11
7591 10
7592 10
7593 8
7594 8
7595 9
7596 7
7597 8
7598 7
7599 6
7600 6
7601 7
7602 6
7603 5
7604 7
7605 6
7606 6
7607 5
7608 8
7609 9
7610 8
7611 7
7612 8
7613 7
7614 10
7615 10
7616 10
7617 10
7618 9
7619 8
7620 8
7621 11
7622 11
7623 13
7624 13
7625 15
7626 12
7627 13
7628 12
7629 12
7630 13
7631 11
7632 11
7633 9
7634 6
7635 7
7636 8
7637 9
7638 8
7639 7
7640 7
7641 6
7642 5
7643 7
7644 8
7645 7
7646 7
7647 9
7648 8
7649 8
7650 10
7651 9
7652 10
7653 8
7654 9
7655 10
7656 9
7657 11
7658 12
7659 11
7660 8
7661 7
7662 6
7663 6
7664 6
7665 6
7666 6
7667 6
7668 5
7669 7
7670 7
7671 5
7672 5
7673 4
7674 2
7675 2
7676 1
7677 3
7678 2
7679 2
7680 5
7681 6
7682 8
7683 9
7684 8
7685 8
7686 6
7687 6
7688 4
7689 4
7690 5
7691 6
7692 6
7693 6
7694 5
7695 3
7696 4
7697 3
7698 2
7699 2
7700 4
7701 5
7702 3
7703 2
7704 3
7705 6
7706 5
7707 4
7708 5
7709 4
7710 2
7711 1
7712 0
7713 1
7714 1
7715 4
7716 4
7717 6
7718 3
7719 6
7720 6
7721 7
7722 7
7723 9
7724 11
7725 10
7726 9
7727 8
7728 8
7729 9
7730 10
7731 10
7732 9
7733 10
7734 8
7735 8
7736 10
7737 8
7738 8
7739 6
7740 4
7741 4
7742 3
7743 3
7744 3
7745 3
7746 2
7747 4
7748 5
7749 8
7750 6
7751 6
7752 6
7753 4
7754 5
7755 5
7756 5
7757 5
7758 8
7759 9
7760 9
7761 7
7762 7
7763 6
7764 5
7765 8
7766 6
7767 6
7768 7
7769 7
7770 7
7771 8
7772 9
7773 10
7774 7
7775 6
7776 5
7777 3
7778 5
7779 4
7780 2
7781 2
7782 1
7783 1
7784 2
7785 1
7786 4
7787 2
7788 2
7789 4
7790 4
7791 4
7792 5
7793 4
7794 2
7795 3
7796 4
7797 4
7798 4
7799 3
7800 1
7801 5
7802 6
7803 6
7804 6
7805 7
7806 5
7807 5
7808 6
7809 6
7810 9
7811 8
7812 7
7813 9
7814 9
7815 9
7816 9
7817 9
7818 12
7819 12
7820 11
7821 11
7822 11
7823 11
7824 12
7825 12
7826 11
7827 11
7828 11
7829 11
7830 12
7831 10
7832 11
7833 11
7834 10
7835 9
7836 10
7837 10
7838 8
7839 9
7840 8
7841 6
7842 7
7843 5
7844 5
7845 4
7846 5
7847 4
7848 4
7849 1
7850 4
7851 4
7852 2
7853 1
7854 0
7855 0
7856 2
7857 3
7858 2
7859 1
7860 4
7861 2
7862 6
7863 7
7864 7
7865 4
7866 5
7867 4
7868 3
7869 3
7870 1
7871 4
7872 4
7873 4
7874 3
7875 3
7876 4
7877 6
7878 4
7879 3
7880 3
7881 1
7882 4
7883 5
7884 7
7885 7
7886 8
7887 8
7888 8
7889 7
7890 5
7891 4
7892 4
7893 4
7894 2
7895 3
7896 3
7897 6
7898 5
7899 5
7900 6
7901 5
7902 4
7903 4
7904 4
7905 6
7906 5
7907 5
7908 3
7909 3
7910 3
7911 2
7912 4
7913 3
7914 3
7915 3
7916 2
7917 3
7918 4
7919 6
7920 6
7921 5
7922 5
7923 6
7924 8
7925 5
7926 4
7927 4
7928 1
7929 2
7930 1
7931 4
7932 2
7933 2
7934 0
7935 4
7936 4
7937 4
7938 3
7939 1
7940 3
7941 1
7942 2
7943 4
7944 5
7945 4
7946 5
7947 4
7948 4
7949 3
7950 4
7951 2
7952 1
7953 2
7954 0
7955 4
7956 4
7957 3
7958 1
7959 1
7960 1
7961 4
7962 4
7963 2
7964 3
7965 1
7966 2
7967 3
7968 0
7969 2
7970 3
7971 3
7972 4
7973 7
7974 9
7975 8
7976 8
7977 8
7978 6
7979 6
7980 6
7981 7
7982 5
7983 4
7984 4
7985 3
7986 4
7987 2
7988 3
7989 4
7990 3
7991 1
7992 4
7993 4
7994 5
7995 6
7996 5
7997 5
7998 3
7999 2
8000 1
8001 2
8002 2
8003 3
8004 4
8005 4
8006 4
8007 5
8008 6
8009 6
8010 8
8011 8
8012 7
8013 4
8014 4
8015 5
8016 3
8017 0
8018 3
8019 1
8020 2
8021 1
8022 2
8023 2
8024 1
8025 5
8026 4
8027 3
8028 2
8029 4
8030 3
8031 1
8032 3
8033 2
8034 4
8035 5
8036 4
8037 1
8038 7
8039 6
8040 5
8041 7
8042 6
8043 7
8044 9
8045 8
8046 8
8047 9
8048 12
8049 13
8050 12
8051 10
8052 10
8053 11
8054 11
8055 11
8056 13
8057 14
8058 14
8059 12
8060 11
8061 10
8062 12
8063 12
8064 14
8065 14
8066 16
8067 13
8068 14
8069 15
8070 12
8071 14
8072 15
8073 12
8074 12
8075 9
8076 11
8077 11
8078 11
8079 12
8080 13
8081 12
8082 11
8083 10
8084 9
8085 9
8086 7
8087 6
8088 6
8089 6
8090 5
8091 4
8092 4
8093 5
8094 4
8095 3
8096 2
8097 1
8098 2
8099 4
8100 3
8101 2
8102 4
8103 4
8104 3
8105 0
8106 2
8107 5
8108 6
8109 9
8110 9
8111 9
8112 10
8113 10
8114 8
8115 8
8116 8
8117 6
8118 5
8119 6
8120 6
8121 6
8122 7
8123 8
8124 6
8125 5
8126 6
8127 5
8128 5
8129 5
8130 4
8131 4
8132 4
8133 5
8134 4
8135 3
8136 2
8137 1
8138 1
8139 2
8140 2
8141 1
8142 4
8143 4
8144 3
8145 2
8146 3
8147 2
8148 4
8149 5
8150 3
8151 1
8152 5
8153 7
8154 9
8155 8
8156 8
8157 8
8158 9
8159 9
8160 9
8161 8
8162 7
8163 6
8164 5
8165 7
8166 5
8167 3
8168 3
8169 2
8170 3
8171 2
8172 3
8173 2
8174 2
8175 1
8176 4
8177 4
8178 3
8179 3
8180 2
8181 4
8182 3
8183 4
8184 4
8185 4
8186 3
8187 3
8188 3
8189 1
8190 4
8191 3
8192 5
8193 5
8194 4
8195 2
8196 3
8197 1
8198 3
8199 3
8200 2
8201 2
8202 4
8203 2
8204 1
8205 1
8206 5
8207 3
8208 4
8209 3
8210 3
8211 2
8212 4
8213 5
8214 7
8215 7
8216 7
8217 6
8218 4
8219 5
8220 5
8221 4
8222 2
8223 2
8224 3
8225 1
8226 2
8227 2
8228 2
8229 3
8230 4
8231 5
8232 5
8233 7
8234 7
8235 8
8236 6
8237 6
8238 6
8239 7
8240 7
8241 8
8242 7
8243 8
8244 7
8245 8
8246 8
8247 7
8248 8
8249 10
8250 10
8251 9
8252 7
8253 8
8254 5
8255 3
8256 1
8257 5
8258 6
8259 4
8260 3
8261 2
8262 4
8263 4
8264 4
8265 4
8266 4
8267 5
8268 6
8269 5
8270 5
8271 5
8272 4
8273 3
8274 0
8275 3
8276 4
8277 6
8278 7
8279 8
8280 6
8281 4
8282 4
8283 3
8284 4
8285 3
8286 5
8287 4
8288 2
8289 3
8290 3
8291 2
8292 4
8293 2
8294 3
8295 2
8296 1
8297 2
8298 4
8299 4
8300 5
8301 6
8302 3
8303 5
8304 4
8305 3
8306 2
8307 2
8308 2
8309 1
8310 4
8311 4
8312 4
8313 4
8314 7
8315 8
8316 7
8317 6
8318 5
8319 7
8320 9
8321 11
8322 11
8323 10
8324 7
8325 6
8326 6
8327 3
8328 2
8329 2
8330 0
8331 1
8332 3
8333 0
8334 5
8335 8
8336 8
8337 8
8338 8
8339 8
8340 8
8341 5
8342 4
8343 5
8344 3
8345 2
8346 4
8347 4
8348 5
8349 3
8350 5
8351 3
8352 5
8353 4
8354 2
8355 3
8356 2
8357 3
8358 4
8359 4
8360 3
8361 6
8362 6
8363 6
8364 8
8365 8
8366 8
8367 6
8368 5
8369 4
8370 4
8371 2
8372 1
8373 1
8374 1
8375 1
8376 2
8377 3
8378 4
8379 6
8380 3
8381 3
8382 2
8383 4
8384 5
8385 6
8386 7
8387 8
8388 10
8389 10
8390 10
8391 10
8392 11
8393 10
8394 9
8395 9
8396 7
8397 10
8398 12
8399 12
8400 11
8401 8
8402 9
8403 8
8404 7
8405 8
8406 8
8407 9
8408 10
8409 9
8410 8
8411 10
8412 9
8413 9
8414 13
8415 13
8416 11
8417 11
8418 10
8419 8
8420 5
8421 5
8422 4
8423 5
8424 6
8425 5
8426 4
8427 5
8428 5
8429 5
8430 5
8431 6
8432 5
8433 3
8434 3
8435 5
8436 4
8437 2
8438 1
8439 2
8440 2
8441 3
8442 4
8443 5
8444 5
8445 4
8446 7
8447 7
8448 7
8449 5
8450 4
8451 5
8452 2
8453 3
8454 2
8455 3
8456 5
8457 6
8458 7
8459 5
8460 5
8461 7
8462 9
8463 8
8464 5
8465 6
8466 6
8467 6
8468 5
8469 8
8470 7
8471 5
8472 3
8473 1
8474 1
8475 1
8476 1
8477 2
8478 1
8479 2
8480 1
8481 3
8482 5
8483 4
8484 5
8485 7
8486 7
8487 6
8488 6
8489 7
8490 8
8491 11
8492 8
8493 8
8494 7
8495 7
8496 5
8497 5
8498 6
8499 5
8500 5
8501 8
8502 7
8503 6
8504 6
8505 6
8506 7
8507 9
8508 7
8509 10
8510 9
8511 8
8512 7
8513 6
8514 5
8515 4
8516 3
8517 4
8518 4
8519 3
8520 6
8521 6
8522 6
8523 8
8524 6
8525 7
8526 8
8527 7
8528 5
8529 5
8530 6
8531 6
8532 9
8533 9
8534 10
8535 8
8536 9
8537 9
8538 11
8539 10
8540 7
8541 7
8542 7
8543 6
8544 6
8545 7
8546 6
8547 4
8548 3
8549 4
8550 4
8551 1
8552 2
8553 4
8554 3
8555 3
8556 6
8557 7
8558 9
8559 6
8560 6
8561 7
8562 7
8563 4
8564 3
8565 1
8566 2
8567 1
8568 6
8569 5
8570 5
8571 6
8572 6
8573 6
8574 7
8575 6
8576 7
8577 6
8578 7
8579 9
8580 8
8581 8
8582 8
8583 6
8584 5
8585 3
8586 4
8587 4
8588 6
8589 5
8590 5
8591 4
8592 3
8593 4
8594 4
8595 2
8596 2
8597 3
8598 3
8599 2
8600 3
8601 3
8602 4
8603 4
8604 5
8605 6
8606 8
8607 7
8608 8
8609 10
8610 8
8611 6
8612 6
8613 7
8614 7
8615 8
8616 8
8617 6
8618 7
8619 6
8620 6
8621 6
8622 5
8623 5
8624 4
8625 6
8626 8
8627 8
8628 9
8629 7
8630 6
8631 8
8632 7
8633 6
8634 10
8635 9
8636 9
8637 9
8638 8
8639 7
8640 7
8641 5
8642 8
8643 6
8644 3
8645 3
8646 3
8647 1
8648 2
8649 5
8650 6
8651 6
8652 7
8653 6
8654 7
8655 6
8656 9
8657 10
8658 11
8659 9
8660 9
8661 9
8662 12
8663 11
8664 9
8665 7
8666 4
8667 5
8668 3
8669 1
8670 3
8671 7
8672 7
8673 7
8674 6
8675 6
8676 6
8677 5
8678 4
8679 4
8680 4
8681 3
8682 2
8683 4
8684 6
8685 10
8686 9
8687 7
8688 5
8689 6
8690 5
8691 7
8692 7
8693 6
8694 7
8695 5
8696 6
8697 6
8698 5
8699 4
8700 7
8701 6
8702 6
8703 4
8704 3
8705 1
8706 5
8707 10
8708 10
8709 10
8710 8
8711 6
8712 5
8713 8
8714 10
8715 11
8716 9
8717 8
8718 8
8719 5
8720 5
8721 4
8722 2
8723 1
8724 3
8725 4
8726 4
8727 6
8728 7
8729 7
8730 8
8731 9
8732 8
8733 10
8734 9
8735 10
8736 7
8737 6
8738 7
8739 6
8740 8
8741 10
8742 13
8743 12
8744 15
8745 12
8746 13
8747 14
8748 12
8749 11
8750 9
8751 7
8752 7
8753 9
8754 7
8755 7
8756 6
8757 7
8758 11
8759 12
8760 12
8761 11
8762 12
8763 12
8764 14
8765 12
8766 13
8767 11
8768 8
8769 9
8770 10
8771 10
8772 10
8773 12
8774 11
8775 11
8776 11
8777 10
8778 10
8779 9
8780 10
8781 11
8782 12
8783 11
8784 9
8785 9
8786 7
8787 7
8788 6
8789 6
8790 4
8791 4
8792 5
8793 6
8794 5
8795 4
8796 4
8797 1
8798 3
8799 2
8800 3
8801 5
8802 6
8803 5
8804 5
8805 5
8806 4
8807 6
8808 10
8809 10
8810 7
8811 5
8812 5
8813 8
8814 7
8815 7
8816 8
8817 8
8818 5
8819 4
8820 5
8821 2
8822 3
8823 2
8824 2
8825 1
8826 1
8827 4
8828 3
8829 3
8830 4
8831 6
8832 6
8833 8
8834 8
8835 7
8836 6
8837 5
8838 6
8839 8
8840 9
8841 8
8842 5
8843 6
8844 4
8845 5
8846 3
8847 3
8848 1
8849 3
8850 4
8851 8
8852 8
8853 6
8854 5
8855 7
8856 6
8857 9
8858 9
8859 10
8860 10
8861 10
8862 9
8863 10
8864 10
8865 10
8866 10
8867 8
8868 9
8869 8
8870 9
8871 10
8872 13
8873 14
8874 13
8875 14
8876 12
8877 9
8878 9
8879 8
8880 7
8881 7
8882 5
8883 5
8884 6
8885 5
8886 7
8887 7
8888 8
8889 6
8890 6
8891 5
8892 6
8893 7
8894 10
8895 11
8896 13
8897 12
8898 14
8899 14
8900 16
8901 13
8902 13
8903 12
8904 13
8905 13
8906 15
8907 12
8908 12
8909 12
8910 10
8911 12
8912 12
8913 12
8914 10
8915 9
8916 11
8917 11
8918 9
8919 10
8920 11
8921 10
8922 10
8923 8
8924 6
8925 8
8926 8
8927 10
8928 11
8929 13
8930 13
8931 12
8932 12
8933 12
8934 13
8935 12
8936 9
8937 9
8938 10
8939 8
8940 7
8941 4
8942 6
8943 6
8944 4
8945 5
8946 6
8947 6
8948 9
8949 9
8950 8
8951 7
8952 11
8953 13
8954 11
8955 10
8956 9
8957 10
8958 10
8959 11
8960 10
8961 8
8962 10
8963 10
8964 9
8965 9
8966 10
8967 9
8968 9
8969 7
8970 9
8971 9
8972 9
8973 9
8974 10
8975 8
8976 8
8977 9
8978 9
8979 9
8980 11
8981 10
8982 7
8983 6
8984 8
8985 7
8986 7
8987 7
8988 8
8989 8
8990 6
8991 6
8992 7
8993 8
8994 7
8995 5
8996 7
8997 7
8998 6
8999 6
9000 3
9001 4
9002 7
9003 5
9004 5
9005 7
9006 6
9007 7
9008 8
9009 7
9010 6
9011 8
9012 7
9013 10
9014 9
9015 8
9016 8
9017 8
9018 8
9019 6
9020 5
9021 5
9022 5
9023 4
9024 5
9025 5
9026 6
9027 6
9028 7
9029 8
9030 8
9031 9
9032 9
9033 7
9034 6
9035 7
9036 6
9037 5
9038 5
9039 4
9040 1
9041 1
9042 5
9043 5
9044 3
9045 2
9046 3
9047 3
9048 2
9049 4
9050 3
9051 0
9052 3
9053 5
9054 6
9055 7
9056 10
9057 10
9058 9
9059 8
9060 9
9061 8
9062 8
9063 8
9064 7
9065 7
9066 9
9067 8
9068 11
9069 11
9070 11
9071 9
9072 9
9073 7
9074 8
9075 7
9076 8
9077 6
9078 6
9079 5
9080 5
9081 7
9082 8
9083 10
9084 9
9085 10
9086 8
9087 11
9088 10
9089 7
9090 4
9091 6
9092 5
9093 4
9094 1
9095 1
9096 4
9097 8
9098 5
9099 6
9100 4
9101 2
9102 7
9103 5
9104 6
9105 5
9106 3
9107 4
9108 3
9109 2
9110 3
9111 4
9112 4
9113 4
9114 5
9115 4
9116 3
9117 2
9118 3
9119 2
9120 1
9121 0
9122 2
9123 3
9124 1
9125 4
9126 4
9127 1
9128 3
9129 2
9130 2
9131 1
9132 8
9133 8
9134 8
9135 8
9136 9
9137 12
9138 10
9139 9
9140 10
9141 9
9142 8
9143 8
9144 12
9145 12
9146 11
9147 13
9148 10
9149 8
9150 8
9151 8
9152 8
9153 7
9154 8
9155 8
9156 6
9157 5
9158 4
9159 5
9160 5
9161 7
9162 7
9163 9
9164 7
9165 6
9166 6
9167 7
9168 7
9169 6
9170 7
9171 5
9172 6
9173 4
9174 1
9175 1
9176 3
9177 5
9178 7
9179 6
9180 5
9181 7
9182 8
9183 6
9184 5
9185 6
9186 7
9187 6
9188 5
9189 4
9190 4
9191 3
9192 5
9193 6
9194 5
9195 6
9196 5
9197 5
9198 3
9199 3
9200 2
9201 1
9202 3
9203 2
9204 4
9205 4
9206 5
9207 7
9208 7
9209 8
9210 6
9211 6
9212 5
9213 5
9214 4
9215 4
9216 4
9217 5
9218 4
9219 4
9220 1
9221 4
9222 4
9223 2
9224 3
9225 5
9226 2
9227 3
9228 5
9229 5
9230 5
9231 3
9232 2
9233 2
9234 4
9235 4
9236 3
9237 4
9238 2
9239 4
9240 6
9241 5
9242 3
9243 2
9244 5
9245 6
9246 6
9247 5
9248 4
9249 2
9250 4
9251 5
9252 5
9253 10
9254 8
9255 5
9256 5
9257 5
9258 6
9259 6
9260 4
9261 6
9262 6
9263 9
9264 10
9265 9
9266 7
9267 7
9268 7
9269 7
9270 6
9271 7
9272 7
9273 6
9274 8
9275 7
9276 9
9277 8
9278 8
9279 7
9280 8
9281 6
9282 6
9283 7
9284 6
9285 6
9286 5
9287 5
9288 6
9289 5
9290 6
9291 5
9292 6
9293 5
9294 7
9295 6
9296 5
9297 4
9298 4
9299 5
9300 4
9301 6
9302 6
9303 6
9304 4
9305 3
9306 4
9307 2
9308 0
9309 5
9310 3
9311 2
9312 5
9313 6
9314 8
9315 10
9316 10
9317 10
9318 9
9319 8
9320 6
9321 7
9322 4
9323 5
9324 3
9325 2
9326 2
9327 2
9328 6
9329 4
9330 3
9331 3
9332 2
9333 2
9334 3
9335 2
9336 4
9337 6
9338 7
9339 6
9340 5
9341 7
9342 6
9343 6
9344 7
9345 6
9346 6
9347 6
9348 5
9349 7
9350 7
9351 6
9352 8
9353 7
9354 7
9355 7
9356 9
9357 7
9358 5
9359 5
9360 4
9361 3
9362 3
9363 3
9364 2
9365 3
9366 2
9367 4
9368 4
9369 5
9370 5
9371 5
9372 4
9373 5
9374 4
9375 4
9376 2
9377 4
9378 4
9379 5
9380 5
9381 8
9382 7
9383 6
9384 7
9385 6
9386 5
9387 4
9388 7
9389 7
9390 10
9391 9
9392 6
9393 4
9394 2
9395 3
9396 5
9397 4
9398 3
9399 5
9400 3
9401 3
9402 3
9403 2
9404 5
9405 5
9406 4
9407 4
9408 5
9409 6
9410 8
9411 7
9412 6
9413 6
9414 4
9415 4
9416 1
9417 3
9418 3
9419 3
9420 1
9421 3
9422 0
9423 2
9424 4
9425 4
9426 5
9427 4
9428 3
9429 2
9430 4
9431 4
9432 3
9433 3
9434 2
9435 4
9436 3
9437 5
9438 7
9439 6
9440 4
9441 2
9442 2
9443 2
9444 3
9445 4
9446 6
9447 7
9448 8
9449 7
9450 7
9451 7
9452 5
9453 2
9454 2
9455 2
9456 1
9457 2
9458 3
9459 2
9460 3
9461 1
9462 0
9463 4
9464 3
9465 3
9466 6
9467 4
9468 5
9469 6
9470 6
9471 6
9472 3
9473 0
9474 3
9475 1
9476 3
9477 2
9478 2
9479 1
9480 2
9481 3
9482 5
9483 6
9484 8
9485 6
9486 7
9487 8
9488 8
9489 8
9490 5
9491 6
9492 6
9493 5
9494 8
9495 7
9496 8
9497 12
9498 13
9499 12
9500 13
9501 12
9502 12
9503 12
9504 9
9505 6
9506 6
9507 6
9508 5
9509 4
9510 4
9511 1
9512 0
9513 2
9514 3
9515 4
9516 5
9517 8
9518 6
9519 6
9520 7
9521 5
9522 7
9523 7
9524 7
9525 10
9526 11
9527 11
9528 9
9529 12
9530 14
9531 14
9532 15
9533 12
9534 12
9535 14
9536 15
9537 12
9538 9
9539 9
9540 9
9541 11
9542 10
9543 8
9544 9
9545 7
9546 8
9547 9
9548 7
9549 8
9550 9
9551 8
9552 8
9553 7
9554 6
9555 6
9556 6
9557 6
9558 8
9559 7
9560 9
9561 10
9562 10
9563 11
9564 11
9565 10
9566 14
9567 12
9568 10
9569 11
9570 11
9571 12
9572 11
9573 10
9574 11
9575 14
9576 12
9577 13
9578 15
9579 12
9580 11
9581 13
9582 11
9583 12
9584 12
9585 14
9586 16
9587 13
9588 12
9589 12
9590 11
9591 11
9592 10
9593 9
9594 9
9595 7
9596 6
9597 6
9598 6
9599 6
9600 6
9601 6
9602 5
9603 3
9604 1
9605 2
9606 3
9607 4
9608 3
9609 5
9610 6
9611 6
9612 5
9613 5
9614 4
9615 3
9616 0
9617 2
9618 3
9619 1
9620 5
9621 5
9622 6
9623 6
9624 4
9625 5
9626 8
9627 7
9628 9
9629 9
9630 7
9631 8
9632 9
9633 9
9634 8
9635 9
9636 9
9637 10
9638 9
9639 9
9640 8
9641 8
9642 8
9643 8
9644 6
9645 4
9646 4
9647 8
9648 5
9649 9
9650 10
9651 13
9652 12
9653 15
9654 12
9655 11
9656 10
9657 7
9658 4
9659 2
9660 2
9661 3
9662 4
9663 6
9664 4
9665 3
9666 4
9667 7
9668 9
9669 7
9670 8
9671 8
9672 7
9673 6
9674 7
9675 6
9676 3
9677 1
9678 4
9679 5
9680 5
9681 3
9682 4
9683 3
9684 2
9685 2
9686 5
9687 4
9688 2
9689 3
9690 4
9691 1
9692 2
9693 1
9694 2
9695 1
9696 3
9697 2
9698 3
9699 3
9700 4
9701 3
9702 1
9703 3
9704 1
9705 4
9706 4
9707 5
9708 4
9709 4
9710 5
9711 4
9712 2
9713 0
9714 2
9715 3
9716 4
9717 3
9718 1
9719 4
9720 3
9721 2
9722 4
9723 2
9724 3
9725 3
9726 4
9727 3
9728 2
9729 2
9730 7
9731 5
9732 5
9733 6
9734 7
9735 5
9736 3
9737 4
9738 3
9739 4
9740 6
9741 7
9742 9
9743 8
9744 9
9745 6
9746 5
9747 5
9748 6
9749 5
9750 3
9751 1
9752 5
9753 5
9754 9
9755 10
9756 12
9757 15
9758 12
9759 11
9760 9
9761 10
9762 10
9763 8
9764 9
9765 9
9766 11
9767 10
9768 8
9769 5
9770 4
9771 4
9772 3
9773 2
9774 3
9775 2
9776 4
9777 4
9778 1
9779 2
9780 2
9781 2
9782 3
9783 1
9784 3
9785 3
9786 6
9787 8
9788 6
9789 6
9790 6
9791 7
9792 6
9793 5
9794 4
9795 1
9796 2
9797 4
9798 2
9799 1
9800 5
9801 7
9802 7
9803 8
9804 8
9805 8
9806 6
9807 6
9808 4
9809 5
9810 5
9811 5
9812 5
9813 4
9814 3
9815 1
9816 3
9817 4
9818 4
9819 4
9820 1
9821 1
9822 4
9823 5
9824 4
9825 3
9826 5
9827 4
9828 5
9829 7
9830 7
9831 6
9832 7
9833 9
9834 10
9835 8
9836 8
9837 8
9838 9
9839 7
9840 9
9841 10
9842 12
9843 12
9844 11
9845 11
9846 13
9847 13
9848 13
9849 11
9850 13
9851 14
9852 16
9853 13
9854 13
9855 10
9856 9
9857 11
9858 12
9859 12
9860 12
9861 10
9862 8
9863 8
9864 7
9865 7
9866 8
9867 7
9868 7
9869 8
9870 9
9871 7
9872 8
9873 7
9874 7
9875 4
9876 4
9877 5
9878 5
9879 5
9880 7
9881 6
9882 5
9883 3
9884 2
9885 0
9886 0
9887 2
9888 4
9889 2
9890 4
9891 2
9892 3
9893 2
9894 3
9895 6
9896 5
9897 7
9898 6
9899 8
9900 9
9901 10
9902 8
9903 7
9904 7
9905 6
9906 7
9907 7
9908 9
9909 8
9910 8
9911 8
9912 8
9913 9
9914 9
9915 7
9916 5
9917 6
9918 5
9919 7
9920 6
9921 8
9922 8
9923 8
9924 11
9925 11
9926 9
9927 13
9928 12
9929 12
9930 13
9931 12
9932 10
9933 9
9934 7
9935 8
9936 8
9937 9
9938 9
9939 9
9940 9
9941 8
9942 7
9943 7
9944 4
9945 3
9946 3
9947 3
9948 1
9949 2
9950 2
9951 5
9952 4
9953 6
9954 6
9955 6
9956 6
9957 6
9958 6
9959 8
9960 7
9961 8
9962 9
9963 8
9964 7
9965 5
9966 4
9967 4
9968 6
9969 6
9970 6
9971 5
9972 4
9973 3
9974 3
9975 3
9976 3
9977 2
9978 4
9979 3
9980 2
9981 4
9982 5
9983 5
9984 4
9985 5
9986 5
9987 4
9988 3
9989 3
9990 4
9991 4
9992 6
9993 5
9994 5
9995 4
9996 4
9997 3
9998 4
9999 4
