0 9
1 8
2 7
3 7
4 8
5 8
6 9
7 10
8 10
9 7
10 5
11 4
12 2
13 2
14 2
15 2
16 2
17 3
18 4
19 5
20 6
21 5
22 4
23 2
24 2
25 4
26 3
27 2
28 2
29 2
30 4
31 5
32 3
33 3
34 0
35 3
36 1
37 2
38 2
39 4
40 5
41 6
42 7
43 6
44 3
45 5
46 5
47 5
48 4
49 3
50 1
51 1
52 3
53 3
54 5
55 5
56 6
57 7
58 7
59 6
60 6
61 4
62 4
63 4
64 2
65 2
66 1
67 3
68 3
69 1
70 1
71 3
72 3
73 3
74 0
75 2
76 3
77 3
78 3
79 4
80 1
81 0
82 4
83 4
84 4
85 3
86 6
87 5
88 5
89 6
90 6
91 4
92 3
93 3
94 5
95 6
96 5
97 3
98 1
99 2
100 3
101 5
102 5
103 5
104 5
105 5
106 6
107 6
108 7
109 4
110 3
111 3
112 1
113 3
114 1
115 3
116 1
117 4
118 6
119 5
120 4
121 5
122 5
123 4
124 4
125 3
126 1
127 2
128 1
129 4
130 2
131 5
132 5
133 5
134 6
135 4
136 2
137 2
138 2
139 2
140 3
141 3
142 1
143 2
144 2
145 4
146 3
147 4
148 5
149 7
150 8
151 8
152 9
153 10
154 7
155 5
156 3
157 3
158 4
159 6
160 5
161 4
162 4
163 3
164 4
165 4
166 5
167 7
168 9
169 9
170 8
171 7
172 6
173 5
174 4
175 6
176 6
177 5
178 5
179 3
180 3
181 4
182 5
183 4
184 4
185 1
186 3
187 3
188 3
189 1
190 3
191 2
192 3
193 3
194 3
195 2
196 2
197 2
198 2
199 2
200 3
201 1
202 4
203 5
204 6
205 5
206 3
207 3
208 0
209 3
210 4
211 2
212 3
213 3
214 1
215 2
216 1
217 3
218 4
219 4
220 4
221 2
222 3
223 1
224 1
225 1
226 2
227 3
228 2
229 4
230 4
231 3
232 4
233 5
234 5
235 5
236 7
237 8
238 8
239 8
240 8
241 9
242 10
243 9
244 10
245 10
246 8
247 9
248 9
249 9
250 8
251 9
252 8
253 6
254 9
255 9
256 8
257 5
258 5
259 5
260 3
261 2
262 2
263 3
264 3
265 1
266 3
267 3
268 4
269 3
270 1
271 2
272 3
273 1
274 3
275 2
276 0
277 3
278 4
279 3
280 2
281 2
282 0
283 2
284 2
285 3
286 4
287 5
288 4
289 3
290 0
291 3
292 4
293 2
294 1
295 3
296 4
297 4
298 2
299 3
300 5
301 5
302 5
303 6
304 6
305 5
306 4
307 2
308 1
309 2
310 2
311 4
312 4
313 4
314 3
315 2
316 5
317 4
318 2
319 2
320 3
321 3
322 4
323 4
324 3
325 4
326 2
327 6
328 5
329 4
330 3
331 3
332 1
333 3
334 2
335 0
336 4
337 3
338 2
339 2
340 2
341 4
342 5
343 5
344 3
345 4
346 5
347 4
348 5
349 5
350 6
351 5
352 3
353 2
354 4
355 2
356 4
357 3
358 3
359 3
360 1
361 4
362 4
363 5
364 5
365 4
366 5
367 3
368 4
369 4
370 4
371 5
372 7
373 7
374 7
375 7
376 8
377 8
378 10
379 7
380 6
381 4
382 3
383 1
384 2
385 3
386 3
387 2
388 3
389 1
390 2
391 3
392 3
393 4
394 3
395 3
396 1
397 3
398 3
399 5
400 4
401 3
402 3
403 2
404 2
405 2
406 2
407 2
408 2
409 2
410 3
411 1
412 2
413 4
414 4
415 3
416 4
417 5
418 3
419 0
420 1
421 3
422 5
423 5
424 6
425 5
426 4
427 3
428 2
429 3
430 3
431 3
432 1
433 4
434 5
435 3
436 3
437 2
438 2
439 3
440 2
441 0
442 1
443 3
444 1
445 1
446 3
447 4
448 4
449 3
450 0
451 2
452 2
453 2
454 4
455 5
456 5
457 3
458 3
459 2
460 2
461 2
462 3
463 3
464 2
465 2
466 6
467 5
468 4
469 5
470 6
471 6
472 3
473 1
474 2
475 2
476 3
477 4
478 2
479 3
480 2
481 2
482 2
483 3
484 4
485 4
486 4
487 4
488 4
489 4
490 2
491 2
492 2
493 2
494 2
495 3
496 3
497 1
498 1
499 2
500 2
501 2
502 4
503 2
504 3
505 4
506 5
507 5
508 3
509 3
510 3
511 2
512 2
513 1
514 1
515 2
516 2
517 2
518 1
519 3
520 2
521 1
522 3
523 3
524 3
525 3
526 4
527 4
528 2
529 2
530 4
531 3
532 0
533 0
534 1
535 1
536 0
537 2
538 3
539 4
540 3
541 3
542 1
543 3
544 5
545 5
546 5
547 5
548 5
549 6
550 4
551 4
552 2
553 0
554 2
555 2
556 2
557 4
558 4
559 4
560 3
561 2
562 4
563 4
564 3
565 2
566 3
567 4
568 4
569 3
570 3
571 3
572 3
573 2
574 3
575 3
576 2
577 3
578 2
579 4
580 3
581 1
582 2
583 3
584 4
585 5
586 4
587 5
588 4
589 2
590 3
591 2
592 0
593 2
594 3
595 2
596 2
597 2
598 4
599 3
600 3
601 3
602 1
603 3
604 2
605 4
606 4
607 2
608 2
609 3
610 2
611 2
612 3
613 1
614 1
615 1
616 0
617 2
618 4
619 4
620 5
621 4
622 5
623 6
624 5
625 4
626 3
627 5
628 8
629 7
630 6
631 4
632 4
633 2
634 3
635 3
636 6
637 5
638 3
639 2
640 3
641 2
642 2
643 2
644 3
645 3
646 3
647 2
648 2
649 4
650 3
651 4
652 4
653 4
654 4
655 5
656 5
657 4
658 4
659 4
660 3
661 2
662 1
663 5
664 6
665 6
666 7
667 7
668 6
669 5
670 4
671 5
672 5
673 5
674 5
675 4
676 5
677 5
678 5
679 4
680 5
681 4
682 6
683 5
684 6
685 4
686 5
687 5
688 3
689 1
690 1
691 3
692 5
693 3
694 3
695 2
696 1
697 6
698 5
699 5
700 2
701 3
702 3
703 5
704 6
705 8
706 9
707 9
708 8
709 9
710 8
711 8
712 7
713 6
714 7
715 5
716 3
717 2
718 4
719 2
720 3
721 3
722 3
723 3
724 1
725 3
726 2
727 3
728 2
729 3
730 2
731 5
732 6
733 6
734 7
735 7
736 7
737 7
738 6
739 7
740 7
741 7
742 7
743 6
744 5
745 2
746 2
747 1
748 5
749 4
750 2
751 6
752 5
753 3
754 2
755 1
756 3
757 4
758 4
759 3
760 3
761 1
762 4
763 3
764 3
765 3
766 4
767 1
768 3
769 3
770 3
771 3
772 3
773 1
774 4
775 5
776 3
777 1
778 2
779 1
780 2
781 3
782 1
783 3
784 2
785 3
786 2
787 2
788 3
789 2
790 1
791 1
792 3
793 5
794 4
795 1
796 2
797 1
798 2
799 4
800 4
801 6
802 6
803 5
804 5
805 5
806 5
807 4
808 3
809 3
810 3
811 4
812 6
813 5
814 4
815 3
816 2
817 4
818 2
819 1
820 1
821 4
822 2
823 4
824 6
825 4
826 2
827 3
828 3
829 1
830 1
831 2
832 3
833 5
834 3
835 4
836 2
837 1
838 2
839 3
840 3
841 2
842 1
843 2
844 4
845 3
846 2
847 0
848 3
849 2
850 1
851 1
852 2
853 3
854 3
855 2
856 3
857 1
858 5
859 5
860 3
861 2
862 2
863 2
864 1
865 2
866 2
867 2
868 2
869 4
870 5
871 5
872 3
873 4
874 4
875 3
876 3
877 3
878 4
879 3
880 3
881 4
882 1
883 1
884 3
885 2
886 1
887 2
888 3
889 2
890 1
891 1
892 1
893 3
894 2
895 3
896 1
897 2
898 5
899 4
900 3
901 2
902 1
903 3
904 2
905 5
906 4
907 2
908 5
909 4
910 4
911 4
912 3
913 2
914 3
915 4
916 3
917 2
918 4
919 5
920 3
921 3
922 2
923 4
924 4
925 6
926 5
927 4
928 5
929 5
930 4
931 2
932 2
933 3
934 1
935 2
936 2
937 3
938 1
939 0
940 4
941 4
942 4
943 2
944 4
945 4
946 3
947 2
948 5
949 7
950 5
951 7
952 5
953 5
954 3
955 3
956 4
957 2
958 3
959 3
960 1
961 3
962 2
963 3
964 5
965 4
966 3
967 2
968 3
969 3
970 0
971 2
972 3
973 0
974 1
975 3
976 3
977 2
978 1
979 4
980 4
981 6
982 6
983 5
984 6
985 8
986 7
987 5
988 3
989 4
990 3
991 3
992 3
993 3
994 5
995 4
996 5
997 6
998 6
999 5
1000 6
1001 6
1002 6
1003 5
1004 7
1005 6
1006 5
1007 4
1008 3
1009 4
1010 6
1011 4
1012 2
1013 3
1014 1
1015 1
1016 0
1017 5
1018 4
1019 4
1020 2
1021 1
1022 1
1023 1
1024 2
1025 1
1026 2
1027 2
1028 4
1029 2
1030 2
1031 2
1032 6
1033 6
1034 6
1035 5
1036 3
1037 2
1038 2
1039 2
1040 1
1041 2
1042 3
1043 3
1044 5
1045 7
1046 7
1047 8
1048 8
1049 8
1050 8
1051 8
1052 5
1053 4
1054 5
1055 4
1056 4
1057 3
1058 2
1059 2
1060 3
1061 1
1062 2
1063 4
1064 5
1065 5
1066 5
1067 9
1068 8
1069 6
1070 7
1071 5
1072 5
1073 3
1074 3
1075 2
1076 1
1077 5
1078 6
1079 7
1080 5
1081 3
1082 3
1083 1
1084 4
1085 1
1086 4
1087 4
1088 2
1089 3
1090 2
1091 4
1092 4
1093 2
1094 3
1095 1
1096 4
1097 3
1098 3
1099 3
1100 2
1101 2
1102 4
1103 2
1104 5
1105 4
1106 5
1107 5
1108 4
1109 1
1110 5
1111 4
1112 2
1113 4
1114 2
1115 4
1116 5
1117 4
1118 4
1119 3
1120 3
1121 4
1122 4
1123 5
1124 7
1125 6
1126 6
1127 5
1128 5
1129 5
1130 4
1131 3
1132 2
1133 1
1134 1
1135 6
1136 4
1137 1
1138 1
1139 3
1140 1
1141 0
1142 3
1143 2
1144 3
1145 2
1146 3
1147 0
1148 1
1149 5
1150 4
1151 2
1152 0
1153 4
1154 4
1155 2
1156 4
1157 7
1158 6
1159 6
1160 3
1161 3
1162 0
1163 0
1164 2
1165 4
1166 4
1167 4
1168 7
1169 8
1170 9
1171 9
1172 8
1173 7
1174 6
1175 4
1176 2
1177 1
1178 3
1179 5
1180 7
1181 6
1182 4
1183 1
1184 2
1185 3
1186 0
1187 2
1188 1
1189 1
1190 1
1191 4
1192 5
1193 2
1194 4
1195 4
1196 5
1197 4
1198 3
1199 2
1200 3
1201 3
1202 2
1203 3
1204 2
1205 3
1206 2
1207 3
1208 4
1209 6
1210 3
1211 2
1212 2
1213 1
1214 3
1215 2
1216 3
1217 4
1218 1
1219 3
1220 2
1221 3
1222 3
1223 5
1224 4
1225 2
1226 2
1227 1
1228 2
1229 5
1230 5
1231 5
1232 4
1233 4
1234 3
1235 1
1236 1
1237 3
1238 4
1239 4
1240 2
1241 2
1242 3
1243 2
1244 2
1245 3
1246 1
1247 1
1248 2
1249 3
1250 3
1251 0
1252 5
1253 4
1254 6
1255 4
1256 3
1257 2
1258 2
1259 2
1260 3
1261 4
1262 3
1263 4
1264 5
1265 5
1266 5
1267 2
1268 1
1269 3
1270 3
1271 3
1272 3
1273 3
1274 3
1275 0
1276 1
1277 4
1278 4
1279 4
1280 3
1281 3
1282 3
1283 2
1284 2
1285 3
1286 3
1287 4
1288 4
1289 4
1290 5
1291 6
1292 5
1293 3
1294 2
1295 2
1296 1
1297 2
1298 2
1299 0
1300 1
1301 3
1302 1
1303 5
1304 4
1305 3
1306 3
1307 3
1308 3
1309 4
1310 6
1311 6
1312 5
1313 6
1314 8
1315 8
1316 8
1317 7
1318 6
1319 6
1320 7
1321 7
1322 8
1323 8
1324 7
1325 8
1326 5
1327 4
1328 2
1329 2
1330 2
1331 2
1332 5
1333 4
1334 2
1335 2
1336 1
1337 4
1338 2
1339 2
1340 4
1341 5
1342 3
1343 0
1344 3
1345 3
1346 3
1347 4
1348 2
1349 1
1350 2
1351 2
1352 2
1353 2
1354 3
1355 4
1356 4
1357 5
1358 4
1359 5
1360 5
1361 5
1362 2
1363 2
1364 2
1365 3
1366 3
1367 2
1368 2
1369 3
1370 5
1371 5
1372 5
1373 5
1374 5
1375 5
1376 5
1377 3
1378 0
1379 2
1380 1
1381 3
1382 2
1383 1
1384 3
1385 1
1386 3
1387 3
1388 5
1389 4
1390 4
1391 4
1392 4
1393 3
1394 3
1395 3
1396 4
1397 2
1398 1
1399 4
1400 3
1401 4
1402 4
1403 4
1404 6
1405 5
1406 5
1407 6
1408 7
1409 7
1410 7
1411 6
1412 7
1413 5
1414 3
1415 3
1416 2
1417 1
1418 4
1419 2
1420 2
1421 3
1422 2
1423 1
1424 2
1425 3
1426 1
1427 1
1428 2
1429 4
1430 4
1431 4
1432 5
1433 4
1434 4
1435 3
1436 1
1437 3
1438 1
1439 2
1440 4
1441 2
1442 4
1443 5
1444 6
1445 6
1446 5
1447 5
1448 5
1449 3
1450 2
1451 1
1452 2
1453 4
1454 4
1455 3
1456 3
1457 5
1458 4
1459 4
1460 5
1461 7
1462 6
1463 4
1464 4
1465 3
1466 2
1467 4
1468 1
1469 1
1470 0
1471 4
1472 3
1473 5
1474 4
1475 3
1476 2
1477 1
1478 3
1479 5
1480 4
1481 3
1482 4
1483 5
1484 4
1485 3
1486 2
1487 2
1488 3
1489 4
1490 6
1491 5
1492 5
1493 4
1494 4
1495 1
1496 3
1497 5
1498 3
1499 5
1500 6
1501 4
1502 3
1503 0
1504 2
1505 1
1506 1
1507 1
1508 0
1509 0
1510 3
1511 4
1512 3
1513 3
1514 1
1515 0
1516 4
1517 3
1518 1
1519 2
1520 0
1521 2
1522 3
1523 2
1524 1
1525 2
1526 1
1527 0
1528 2
1529 1
1530 3
1531 2
1532 3
1533 2
1534 1
1535 2
1536 1
1537 4
1538 4
1539 2
1540 1
1541 1
1542 1
1543 3
1544 2
1545 1
1546 3
1547 2
1548 4
1549 4
1550 3
1551 2
1552 0
1553 4
1554 5
1555 7
1556 5
1557 3
1558 1
1559 2
1560 2
1561 3
1562 1
1563 2
1564 2
1565 3
1566 3
1567 2
1568 1
1569 2
1570 3
1571 2
1572 1
1573 4
1574 3
1575 2
1576 4
1577 3
1578 4
1579 3
1580 4
1581 5
1582 5
1583 5
1584 6
1585 3
1586 2
1587 3
1588 1
1589 2
1590 3
1591 4
1592 2
1593 5
1594 4
1595 4
1596 5
1597 3
1598 3
1599 2
1600 1
1601 1
1602 3
1603 1
1604 1
1605 2
1606 2
1607 3
1608 1
1609 3
1610 2
1611 1
1612 2
1613 2
1614 2
1615 3
1616 2
1617 0
1618 5
1619 3
1620 3
1621 3
1622 2
1623 5
1624 6
1625 7
1626 5
1627 6
1628 4
1629 3
1630 6
1631 7
1632 6
1633 3
1634 1
1635 3
1636 2
1637 3
1638 2
1639 3
1640 1
1641 1
1642 5
1643 2
1644 2
1645 1
1646 3
1647 3
1648 2
1649 3
1650 2
1651 3
1652 2
1653 3
1654 3
1655 3
1656 1
1657 5
1658 4
1659 4
1660 1
1661 3
1662 3
1663 2
1664 2
1665 2
1666 2
1667 3
1668 4
1669 5
1670 5
1671 5
1672 4
1673 2
1674 1
1675 1
1676 2
1677 3
1678 4
1679 3
1680 3
1681 2
1682 3
1683 5
1684 2
1685 2
1686 2
1687 1
1688 1
1689 4
1690 2
1691 2
1692 4
1693 4
1694 5
1695 2
1696 1
1697 3
1698 1
1699 1
1700 2
1701 3
1702 2
1703 2
1704 2
1705 1
1706 2
1707 2
1708 3
1709 1
1710 3
1711 3
1712 1
1713 2
1714 1
1715 2
1716 3
1717 3
1718 1
1719 2
1720 4
1721 5
1722 3
1723 0
1724 3
1725 5
1726 5
1727 3
1728 2
1729 3
1730 3
1731 3
1732 0
1733 5
1734 2
1735 2
1736 2
1737 0
1738 1
1739 3
1740 1
1741 1
1742 3
1743 1
1744 1
1745 2
1746 3
1747 2
1748 2
1749 2
1750 3
1751 3
1752 2
1753 3
1754 3
1755 3
1756 1
1757 2
1758 2
1759 2
1760 4
1761 3
1762 3
1763 2
1764 2
1765 2
1766 1
1767 2
1768 5
1769 5
1770 3
1771 2
1772 4
1773 4
1774 1
1775 3
1776 2
1777 2
1778 0
1779 2
1780 0
1781 0
1782 3
1783 3
1784 2
1785 3
1786 3
1787 3
1788 3
1789 2
1790 2
1791 2
1792 1
1793 1
1794 3
1795 0
1796 1
1797 4
1798 4
1799 4
1800 3
1801 2
1802 4
1803 2
1804 3
1805 4
1806 4
1807 3
1808 2
1809 2
1810 3
1811 2
1812 3
1813 2
1814 4
1815 2
1816 1
1817 2
1818 5
1819 4
1820 4
1821 4
1822 3
1823 4
1824 3
1825 3
1826 2
1827 3
1828 2
1829 3
1830 5
1831 6
1832 6
1833 7
1834 6
1835 5
1836 2
1837 2
1838 2
1839 2
1840 1
1841 2
1842 3
1843 3
1844 5
1845 2
1846 2
1847 3
1848 2
1849 2
1850 1
1851 2
1852 0
1853 0
1854 3
1855 5
1856 6
1857 9
1858 9
1859 10
1860 10
1861 10
1862 10
1863 10
1864 11
1865 11
1866 10
1867 11
1868 10
1869 9
1870 10
1871 12
1872 13
1873 13
1874 13
1875 17
1876 14
1877 14
1878 14
1879 12
1880 13
1881 13
1882 14
1883 14
1884 13
1885 10
1886 8
1887 6
1888 4
1889 5
1890 6
1891 6
1892 7
1893 7
1894 7
1895 5
1896 3
1897 3
1898 2
1899 1
1900 2
1901 3
1902 5
1903 5
1904 6
1905 4
1906 3
1907 3
1908 3
1909 2
1910 4
1911 6
1912 5
1913 7
1914 4
1915 4
1916 4
1917 4
1918 3
1919 1
1920 3
1921 3
1922 5
1923 5
1924 5
1925 5
1926 5
1927 4
1928 4
1929 5
1930 6
1931 7
1932 4
1933 6
1934 3
1935 2
1936 2
1937 2
1938 1
1939 3
1940 0
1941 3
1942 4
1943 3
1944 1
1945 2
1946 3
1947 2
1948 3
1949 3
1950 3
1951 2
1952 3
1953 3
1954 4
1955 4
1956 4
1957 3
1958 2
1959 2
1960 2
1961 0
1962 1
1963 2
1964 2
1965 1
1966 0
1967 4
1968 2
1969 3
1970 4
1971 1
1972 1
1973 2
1974 2
1975 2
1976 0
1977 5
1978 3
1979 1
1980 1
1981 0
1982 1
1983 1
1984 2
1985 1
1986 0
1987 4
1988 6
1989 4
1990 4
1991 4
1992 2
1993 0
1994 5
1995 4
1996 3
1997 3
1998 3
1999 2
2000 4
2001 4
2002 2
2003 4
2004 3
2005 2
2006 5
2007 5
2008 3
2009 2
2010 5
2011 5
2012 4
2013 4
2014 2
2015 5
2016 5
2017 6
2018 4
2019 3
2020 2
2021 4
2022 4
2023 4
2024 3
2025 3
2026 2
2027 2
2028 1
2029 4
2030 4
2031 5
2032 5
2033 3
2034 3
2035 2
2036 3
2037 3
2038 4
2039 5
2040 4
2041 2
2042 2
2043 4
2044 2
2045 2
2046 2
2047 4
2048 5
2049 5
2050 7
2051 7
2052 5
2053 5
2054 3
2055 4
2056 4
2057 2
2058 2
2059 2
2060 3
2061 2
2062 3
2063 3
2064 3
2065 2
2066 2
2067 3
2068 2
2069 4
2070 3
2071 1
2072 3
2073 4
2074 5
2075 5
2076 5
2077 5
2078 4
2079 3
2080 3
2081 4
2082 2
2083 1
2084 1
2085 2
2086 1
2087 2
2088 6
2089 8
2090 8
2091 9
2092 9
2093 9
2094 6
2095 5
2096 4
2097 3
2098 2
2099 4
2100 3
2101 4
2102 4
2103 3
2104 3
2105 3
2106 1
2107 0
2108 2
2109 5
2110 5
2111 5
2112 4
2113 3
2114 1
2115 3
2116 2
2117 3
2118 2
2119 2
2120 2
2121 3
2122 2
2123 1
2124 2
2125 2
2126 5
2127 5
2128 4
2129 3
2130 4
2131 6
2132 6
2133 4
2134 3
2135 2
2136 3
2137 3
2138 2
2139 1
2140 6
2141 7
2142 6
2143 7
2144 8
2145 7
2146 5
2147 6
2148 6
2149 5
2150 5
2151 5
2152 4
2153 4
2154 7
2155 6
2156 8
2157 6
2158 6
2159 5
2160 4
2161 2
2162 4
2163 3
2164 3
2165 2
2166 4
2167 6
2168 6
2169 4
2170 4
2171 4
2172 4
2173 3
2174 3
2175 3
2176 3
2177 3
2178 1
2179 3
2180 4
2181 4
2182 5
2183 4
2184 6
2185 7
2186 6
2187 8
2188 9
2189 10
2190 10
2191 9
2192 8
2193 8
2194 9
2195 9
2196 9
2197 6
2198 4
2199 3
2200 5
2201 6
2202 5
2203 7
2204 7
2205 7
2206 6
2207 6
2208 5
2209 5
2210 6
2211 4
2212 4
2213 2
2214 5
2215 3
2216 2
2217 2
2218 3
2219 3
2220 3
2221 1
2222 2
2223 4
2224 3
2225 2
2226 3
2227 4
2228 3
2229 4
2230 6
2231 5
2232 5
2233 6
2234 4
2235 6
2236 4
2237 3
2238 3
2239 1
2240 5
2241 4
2242 3
2243 2
2244 3
2245 1
2246 0
2247 2
2248 2
2249 1
2250 3
2251 1
2252 5
2253 5
2254 5
2255 4
2256 4
2257 2
2258 4
2259 2
2260 2
2261 1
2262 2
2263 2
2264 2
2265 1
2266 2
2267 4
2268 2
2269 2
2270 4
2271 5
2272 6
2273 5
2274 4
2275 4
2276 4
2277 4
2278 4
2279 4
2280 3
2281 2
2282 2
2283 3
2284 1
2285 3
2286 1
2287 0
2288 2
2289 1
2290 4
2291 2
2292 2
2293 1
2294 0
2295 2
2296 3
2297 2
2298 4
2299 4
2300 5
2301 4
2302 5
2303 5
2304 6
2305 5
2306 4
2307 3
2308 2
2309 1
2310 4
2311 3
2312 4
2313 4
2314 3
2315 3
2316 3
2317 1
2318 1
2319 3
2320 1
2321 2
2322 2
2323 1
2324 2
2325 1
2326 1
2327 1
2328 2
2329 4
2330 3
2331 2
2332 3
2333 2
2334 1
2335 3
2336 4
2337 2
2338 1
2339 0
2340 2
2341 3
2342 3
2343 1
2344 1
2345 3
2346 0
2347 3
2348 5
2349 4
2350 3
2351 2
2352 3
2353 1
2354 3
2355 3
2356 3
2357 3
2358 3
2359 2
2360 2
2361 3
2362 2
2363 0
2364 2
2365 0
2366 3
2367 2
2368 4
2369 5
2370 3
2371 2
2372 1
2373 2
2374 1
2375 2
2376 3
2377 2
2378 3
2379 1
2380 3
2381 2
2382 3
2383 3
2384 2
2385 4
2386 4
2387 2
2388 3
2389 3
2390 2
2391 3
2392 5
2393 3
2394 1
2395 2
2396 3
2397 4
2398 5
2399 6
2400 4
2401 6
2402 5
2403 6
2404 3
2405 1
2406 2
2407 3
2408 3
2409 3
2410 2
2411 2
2412 3
2413 2
2414 2
2415 1
2416 1
2417 2
2418 3
2419 4
2420 4
2421 5
2422 3
2423 2
2424 3
2425 2
2426 2
2427 1
2428 4
2429 3
2430 3
2431 2
2432 2
2433 4
2434 3
2435 3
2436 1
2437 2
2438 2
2439 3
2440 6
2441 5
2442 3
2443 3
2444 6
2445 7
2446 9
2447 11
2448 10
2449 7
2450 6
2451 7
2452 8
2453 8
2454 7
2455 4
2456 4
2457 3
2458 3
2459 4
2460 3
2461 3
2462 2
2463 4
2464 3
2465 2
2466 3
2467 4
2468 4
2469 4
2470 4
2471 2
2472 2
2473 5
2474 4
2475 5
2476 6
2477 4
2478 7
2479 6
2480 6
2481 5
2482 4
2483 3
2484 3
2485 3
2486 3
2487 2
2488 3
2489 1
2490 5
2491 3
2492 2
2493 4
2494 6
2495 4
2496 2
2497 6
2498 7
2499 4
2500 2
2501 3
2502 3
2503 0
2504 2
2505 2
2506 5
2507 5
2508 4
2509 2
2510 3
2511 2
2512 3
2513 2
2514 3
2515 3
2516 2
2517 2
2518 1
2519 4
2520 3
2521 3
2522 2
2523 5
2524 5
2525 8
2526 6
2527 7
2528 8
2529 7
2530 9
2531 9
2532 7
2533 8
2534 7
2535 6
2536 6
2537 5
2538 5
2539 8
2540 7
2541 6
2542 6
2543 5
2544 2
2545 2
2546 4
2547 5
2548 5
2549 3
2550 3
2551 3
2552 2
2553 3
2554 3
2555 2
2556 1
2557 1
2558 3
2559 2
2560 4
2561 2
2562 2
2563 1
2564 4
2565 3
2566 1
2567 2
2568 0
2569 4
2570 3
2571 1
2572 3
2573 2
2574 4
2575 4
2576 5
2577 4
2578 3
2579 1
2580 3
2581 1
2582 3
2583 3
2584 3
2585 2
2586 4
2587 6
2588 4
2589 3
2590 3
2591 3
2592 4
2593 3
2594 2
2595 1
2596 1
2597 2
2598 3
2599 1
2600 3
2601 2
2602 5
2603 5
2604 3
2605 1
2606 2
2607 5
2608 6
2609 6
2610 4
2611 5
2612 4
2613 5
2614 4
2615 5
2616 5
2617 5
2618 4
2619 3
2620 3
2621 4
2622 3
2623 2
2624 4
2625 6
2626 6
2627 7
2628 9
2629 7
2630 9
2631 11
2632 12
2633 12
2634 13
2635 12
2636 13
2637 11
2638 11
2639 12
2640 12
2641 12
2642 10
2643 9
2644 9
2645 10
2646 11
2647 11
2648 9
2649 9
2650 6
2651 4
2652 5
2653 4
2654 3
2655 1
2656 1
2657 3
2658 4
2659 3
2660 1
2661 3
2662 3
2663 2
2664 2
2665 2
2666 3
2667 3
2668 3
2669 2
2670 4
2671 4
2672 2
2673 4
2674 4
2675 5
2676 5
2677 3
2678 3
2679 2
2680 2
2681 1
2682 3
2683 2
2684 4
2685 3
2686 3
2687 3
2688 3
2689 4
2690 6
2691 6
2692 6
2693 7
2694 8
2695 11
2696 11
2697 11
2698 10
2699 10
2700 10
2701 9
2702 9
2703 10
2704 8
2705 8
2706 8
2707 8
2708 6
2709 6
2710 6
2711 6
2712 8
2713 9
2714 8
2715 9
2716 10
2717 12
2718 10
2719 10
2720 9
2721 7
2722 6
2723 6
2724 8
2725 8
2726 8
2727 9
2728 10
2729 8
2730 8
2731 8
2732 6
2733 7
2734 7
2735 6
2736 6
2737 5
2738 4
2739 3
2740 5
2741 2
2742 1
2743 1
2744 1
2745 4
2746 6
2747 7
2748 10
2749 9
2750 9
2751 8
2752 8
2753 7
2754 7
2755 7
2756 8
2757 6
2758 7
2759 8
2760 9
2761 8
2762 6
2763 7
2764 5
2765 8
2766 7
2767 6
2768 3
2769 2
2770 2
2771 4
2772 4
2773 5
2774 7
2775 7
2776 6
2777 7
2778 8
2779 8
2780 5
2781 6
2782 5
2783 5
2784 6
2785 6
2786 5
2787 5
2788 4
2789 3
2790 2
2791 3
2792 2
2793 3
2794 0
2795 1
2796 3
2797 1
2798 4
2799 3
2800 2
2801 3
2802 3
2803 4
2804 6
2805 7
2806 8
2807 7
2808 8
2809 8
2810 6
2811 5
2812 7
2813 7
2814 6
2815 6
2816 7
2817 8
2818 5
2819 5
2820 3
2821 2
2822 4
2823 4
2824 4
2825 3
2826 5
2827 5
2828 4
2829 2
2830 5
2831 6
2832 5
2833 6
2834 5
2835 5
2836 4
2837 5
2838 3
2839 1
2840 3
2841 3
2842 3
2843 3
2844 2
2845 2
2846 3
2847 0
2848 3
2849 3
2850 3
2851 3
2852 1
2853 2
2854 2
2855 2
2856 1
2857 3
2858 2
2859 1
2860 3
2861 1
2862 2
2863 3
2864 2
2865 1
2866 1
2867 1
2868 2
2869 5
2870 4
2871 3
2872 3
2873 3
2874 1
2875 3
2876 3
2877 2
2878 3
2879 2
2880 3
2881 2
2882 3
2883 3
2884 2
2885 2
2886 2
2887 2
2888 4
2889 3
2890 2
2891 3
2892 5
2893 4
2894 2
2895 2
2896 4
2897 4
2898 2
2899 2
2900 1
2901 4
2902 4
2903 2
2904 1
2905 0
2906 3
2907 1
2908 3
2909 4
2910 3
2911 3
2912 2
2913 4
2914 3
2915 2
2916 3
2917 2
2918 4
2919 2
2920 2
2921 5
2922 4
2923 2
2924 2
2925 3
2926 1
2927 2
2928 3
2929 4
2930 2
2931 5
2932 5
2933 3
2934 3
2935 2
2936 4
2937 4
2938 5
2939 6
2940 3
2941 2
2942 2
2943 2
2944 5
2945 5
2946 6
2947 5
2948 7
2949 7
2950 5
2951 4
2952 2
2953 0
2954 2
2955 2
2956 3
2957 0
2958 5
2959 5
2960 4
2961 6
2962 7
2963 6
2964 8
2965 9
2966 11
2967 10
2968 10
2969 9
2970 9
2971 7
2972 5
2973 3
2974 3
2975 4
2976 3
2977 4
2978 3
2979 3
2980 2
2981 1
2982 3
2983 2
2984 3
2985 4
2986 2
2987 3
2988 2
2989 2
2990 4
2991 1
2992 3
2993 2
2994 2
2995 1
2996 3
2997 1
2998 1
2999 4
3000 5
3001 6
3002 7
3003 5
3004 3
3005 2
3006 3
3007 3
3008 1
3009 3
3010 2
3011 4
3012 3
3013 2
3014 2
3015 2
3016 1
3017 3
3018 3
3019 3
3020 2
3021 4
3022 2
3023 3
3024 2
3025 1
3026 2
3027 3
3028 2
3029 3
3030 2
3031 2
3032 3
3033 1
3034 3
3035 3
3036 3
3037 1
3038 3
3039 1
3040 2
3041 3
3042 2
3043 1
3044 3
3045 4
3046 5
3047 6
3048 6
3049 5
3050 5
3051 4
3052 2
3053 3
3054 3
3055 4
3056 2
3057 4
3058 4
3059 5
3060 5
3061 3
3062 2
3063 2
3064 2
3065 4
3066 2
3067 0
3068 3
3069 3
3070 2
3071 3
3072 1
3073 1
3074 2
3075 1
3076 2
3077 1
3078 3
3079 4
3080 3
3081 2
3082 3
3083 2
3084 2
3085 3
3086 2
3087 2
3088 1
3089 1
3090 1
3091 4
3092 2
3093 4
3094 3
3095 3
3096 4
3097 4
3098 4
3099 4
3100 4
3101 2
3102 2
3103 1
3104 2
3105 4
3106 4
3107 3
3108 1
3109 2
3110 3
3111 0
3112 4
3113 3
3114 3
3115 0
3116 5
3117 4
3118 4
3119 5
3120 6
3121 4
3122 5
3123 6
3124 5
3125 3
3126 5
3127 3
3128 4
3129 2
3130 3
3131 3
3132 3
3133 3
3134 3
3135 3
3136 1
3137 4
3138 4
3139 3
3140 2
3141 4
3142 7
3143 7
3144 6
3145 3
3146 1
3147 2
3148 0
3149 3
3150 5
3151 3
3152 3
3153 3
3154 1
3155 1
3156 2
3157 2
3158 2
3159 3
3160 2
3161 1
3162 7
3163 6
3164 7
3165 4
3166 4
3167 3
3168 2
3169 1
3170 5
3171 8
3172 9
3173 10
3174 8
3175 8
3176 6
3177 4
3178 2
3179 2
3180 4
3181 4
3182 2
3183 3
3184 2
3185 1
3186 3
3187 3
3188 3
3189 3
3190 2
3191 2
3192 3
3193 3
3194 3
3195 2
3196 2
3197 2
3198 2
3199 4
3200 5
3201 7
3202 6
3203 5
3204 5
3205 4
3206 4
3207 4
3208 3
3209 2
3210 4
3211 4
3212 6
3213 7
3214 7
3215 8
3216 7
3217 5
3218 7
3219 6
3220 6
3221 6
3222 6
3223 6
3224 5
3225 4
3226 4
3227 4
3228 2
3229 4
3230 5
3231 5
3232 3
3233 2
3234 5
3235 6
3236 3
3237 0
3238 4
3239 1
3240 1
3241 1
3242 4
3243 2
3244 4
3245 2
3246 1
3247 2
3248 0
3249 1
3250 0
3251 3
3252 3
3253 3
3254 4
3255 3
3256 2
3257 4
3258 6
3259 5
3260 5
3261 3
3262 2
3263 4
3264 4
3265 3
3266 2
3267 2
3268 2
3269 2
3270 3
3271 2
3272 3
3273 3
3274 2
3275 6
3276 3
3277 1
3278 3
3279 4
3280 5
3281 5
3282 5
3283 4
3284 4
3285 6
3286 5
3287 4
3288 6
3289 8
3290 8
3291 6
3292 7
3293 7
3294 4
3295 2
3296 2
3297 3
3298 1
3299 2
3300 3
3301 2
3302 3
3303 2
3304 2
3305 3
3306 2
3307 4
3308 2
3309 4
3310 3
3311 1
3312 1
3313 2
3314 1
3315 3
3316 3
3317 3
3318 2
3319 1
3320 1
3321 1
3322 4
3323 3
3324 3
3325 2
3326 2
3327 1
3328 3
3329 4
3330 3
3331 2
3332 3
3333 1
3334 6
3335 5
3336 3
3337 2
3338 3
3339 3
3340 2
3341 5
3342 5
3343 5
3344 5
3345 4
3346 2
3347 3
3348 3
3349 4
3350 3
3351 0
3352 0
3353 1
3354 3
3355 2
3356 3
3357 2
3358 1
3359 1
3360 2
3361 2
3362 4
3363 4
3364 3
3365 2
3366 2
3367 2
3368 1
3369 1
3370 0
3371 2
3372 0
3373 1
3374 3
3375 2
3376 3
3377 1
3378 1
3379 0
3380 4
3381 3
3382 4
3383 2
3384 2
3385 1
3386 1
3387 3
3388 2
3389 4
3390 4
3391 5
3392 4
3393 5
3394 2
3395 1
3396 2
3397 2
3398 3
3399 3
3400 0
3401 2
3402 3
3403 2
3404 5
3405 4
3406 2
3407 1
3408 5
3409 5
3410 4
3411 2
3412 2
3413 5
3414 2
3415 2
3416 4
3417 3
3418 3
3419 3
3420 6
3421 5
3422 3
3423 2
3424 2
3425 4
3426 3
3427 2
3428 5
3429 3
3430 1
3431 2
3432 2
3433 3
3434 0
3435 2
3436 1
3437 0
3438 3
3439 2
3440 1
3441 1
3442 2
3443 3
3444 2
3445 1
3446 2
3447 2
3448 2
3449 4
3450 4
3451 6
3452 7
3453 8
3454 9
3455 7
3456 4
3457 4
3458 2
3459 2
3460 2
3461 3
3462 1
3463 2
3464 2
3465 1
3466 4
3467 4
3468 4
3469 4
3470 2
3471 1
3472 1
3473 2
3474 1
3475 4
3476 5
3477 5
3478 5
3479 7
3480 7
3481 4
3482 4
3483 2
3484 3
3485 5
3486 5
3487 4
3488 4
3489 3
3490 2
3491 1
3492 2
3493 0
3494 3
3495 4
3496 2
3497 3
3498 2
3499 3
3500 2
3501 4
3502 4
3503 3
3504 4
3505 5
3506 5
3507 5
3508 5
3509 6
3510 4
3511 6
3512 5
3513 5
3514 6
3515 4
3516 2
3517 3
3518 2
3519 1
3520 2
3521 3
3522 0
3523 1
3524 3
3525 1
3526 2
3527 2
3528 2
3529 2
3530 2
3531 5
3532 4
3533 5
3534 5
3535 3
3536 4
3537 4
3538 2
3539 1
3540 1
3541 4
3542 4
3543 2
3544 3
3545 4
3546 4
3547 3
3548 4
3549 3
3550 3
3551 2
3552 4
3553 4
3554 2
3555 4
3556 4
3557 3
3558 3
3559 3
3560 3
3561 2
3562 2
3563 2
3564 3
3565 2
3566 1
3567 4
3568 6
3569 5
3570 4
3571 4
3572 5
3573 5
3574 6
3575 4
3576 3
3577 2
3578 1
3579 2
3580 2
3581 1
3582 4
3583 1
3584 3
3585 4
3586 6
3587 6
3588 5
3589 6
3590 6
3591 6
3592 6
3593 5
3594 4
3595 3
3596 2
3597 3
3598 3
3599 4
3600 6
3601 6
3602 7
3603 9
3604 9
3605 8
3606 7
3607 5
3608 6
3609 3
3610 4
3611 3
3612 2
3613 1
3614 1
3615 2
3616 2
3617 1
3618 1
3619 1
3620 3
3621 4
3622 4
3623 5
3624 3
3625 1
3626 2
3627 4
3628 4
3629 2
3630 6
3631 3
3632 3
3633 3
3634 1
3635 2
3636 3
3637 1
3638 1
3639 3
3640 4
3641 3
3642 1
3643 3
3644 3
3645 2
3646 3
3647 1
3648 2
3649 2
3650 3
3651 5
3652 3
3653 6
3654 6
3655 6
3656 5
3657 4
3658 3
3659 5
3660 6
3661 4
3662 3
3663 2
3664 3
3665 3
3666 3
3667 4
3668 4
3669 5
3670 5
3671 4
3672 3
3673 3
3674 3
3675 2
3676 3
3677 2
3678 2
3679 2
3680 2
3681 0
3682 3
3683 1
3684 3
3685 3
3686 3
3687 3
3688 4
3689 4
3690 4
3691 1
3692 3
3693 3
3694 1
3695 4
3696 2
3697 1
3698 3
3699 2
3700 3
3701 1
3702 3
3703 1
3704 3
3705 4
3706 5
3707 3
3708 2
3709 2
3710 3
3711 2
3712 2
3713 3
3714 2
3715 2
3716 3
3717 5
3718 5
3719 4
3720 3
3721 1
3722 2
3723 2
3724 3
3725 3
3726 2
3727 3
3728 2
3729 1
3730 0
3731 4
3732 4
3733 4
3734 3
3735 2
3736 1
3737 2
3738 3
3739 4
3740 3
3741 4
3742 2
3743 3
3744 1
3745 1
3746 3
3747 3
3748 3
3749 5
3750 4
3751 3
3752 2
3753 3
3754 2
3755 2
3756 1
3757 2
3758 2
3759 1
3760 3
3761 3
3762 2
3763 5
3764 5
3765 9
3766 7
3767 5
3768 5
3769 4
3770 3
3771 4
3772 3
3773 4
3774 5
3775 7
3776 8
3777 8
3778 7
3779 7
3780 5
3781 5
3782 6
3783 4
3784 3
3785 3
3786 2
3787 1
3788 2
3789 3
3790 2
3791 1
3792 1
3793 5
3794 5
3795 4
3796 4
3797 4
3798 3
3799 3
3800 3
3801 2
3802 3
3803 3
3804 5
3805 6
3806 4
3807 4
3808 4
3809 6
3810 6
3811 6
3812 4
3813 3
3814 3
3815 1
3816 2
3817 3
3818 0
3819 4
3820 2
3821 2
3822 2
3823 1
3824 1
3825 3
3826 4
3827 3
3828 2
3829 1
3830 2
3831 2
3832 3
3833 1
3834 1
3835 1
3836 1
3837 3
3838 1
3839 3
3840 2
3841 4
3842 3
3843 2
3844 1
3845 0
3846 1
3847 3
3848 1
3849 2
3850 4
3851 4
3852 4
3853 3
3854 3
3855 1
3856 3
3857 3
3858 1
3859 1
3860 1
3861 3
3862 2
3863 3
3864 2
3865 1
3866 3
3867 2
3868 2
3869 3
3870 0
3871 4
3872 2
3873 1
3874 3
3875 3
3876 2
3877 3
3878 4
3879 4
3880 4
3881 4
3882 3
3883 2
3884 6
3885 6
3886 7
3887 7
3888 8
3889 7
3890 10
3891 9
3892 10
3893 10
3894 9
3895 8
3896 8
3897 7
3898 5
3899 3
3900 2
3901 5
3902 6
3903 5
3904 5
3905 2
3906 3
3907 1
3908 1
3909 3
3910 3
3911 2
3912 2
3913 3
3914 1
3915 3
3916 3
3917 2
3918 2
3919 2
3920 4
3921 5
3922 2
3923 4
3924 3
3925 3
3926 2
3927 2
3928 3
3929 3
3930 2
3931 3
3932 2
3933 4
3934 4
3935 3
3936 2
3937 3
3938 2
3939 3
3940 1
3941 2
3942 4
3943 3
3944 3
3945 3
3946 3
3947 4
3948 5
3949 3
3950 3
3951 3
3952 2
3953 2
3954 2
3955 3
3956 2
3957 1
3958 2
3959 3
3960 3
3961 4
3962 2
3963 3
3964 3
3965 2
3966 3
3967 2
3968 2
3969 2
3970 2
3971 1
3972 1
3973 1
3974 3
3975 1
3976 2
3977 3
3978 1
3979 3
3980 2
3981 3
3982 3
3983 2
3984 5
3985 5
3986 4
3987 2
3988 2
3989 4
3990 5
3991 2
3992 0
3993 4
3994 4
3995 4
3996 7
3997 6
3998 5
3999 5
4000 4
4001 2
4002 1
4003 5
4004 5
4005 5
4006 5
4007 5
4008 8
4009 8
4010 8
4011 7
4012 7
4013 5
4014 3
4015 5
4016 6
4017 6
4018 7
4019 7
4020 8
4021 8
4022 6
4023 7
4024 7
4025 5
4026 5
4027 5
4028 4
4029 3
4030 4
4031 4
4032 4
4033 2
4034 2
4035 3
4036 1
4037 3
4038 2
4039 3
4040 3
4041 3
4042 3
4043 2
4044 4
4045 3
4046 1
4047 1
4048 4
4049 3
4050 2
4051 3
4052 1
4053 3
4054 1
4055 2
4056 3
4057 3
4058 1
4059 2
4060 2
4061 2
4062 1
4063 3
4064 4
4065 3
4066 2
4067 3
4068 6
4069 5
4070 3
4071 1
4072 6
4073 6
4074 3
4075 0
4076 0
4077 4
4078 1
4079 1
4080 2
4081 3
4082 1
4083 6
4084 4
4085 8
4086 7
4087 7
4088 6
4089 6
4090 7
4091 7
4092 5
4093 5
4094 4
4095 3
4096 4
4097 5
4098 3
4099 1
4100 2
4101 2
4102 1
4103 3
4104 1
4105 3
4106 3
4107 3
4108 2
4109 3
4110 2
4111 2
4112 3
4113 3
4114 2
4115 3
4116 2
4117 1
4118 4
4119 3
4120 0
4121 2
4122 3
4123 1
4124 4
4125 4
4126 5
4127 3
4128 1
4129 1
4130 0
4131 4
4132 3
4133 1
4134 1
4135 4
4136 5
4137 5
4138 5
4139 5
4140 4
4141 3
4142 3
4143 2
4144 0
4145 3
4146 2
4147 4
4148 6
4149 6
4150 5
4151 4
4152 2
4153 2
4154 1
4155 3
4156 2
4157 4
4158 3
4159 4
4160 4
4161 4
4162 2
4163 2
4164 1
4165 3
4166 3
4167 5
4168 6
4169 5
4170 5
4171 4
4172 2
4173 1
4174 3
4175 2
4176 3
4177 2
4178 3
4179 2
4180 4
4181 3
4182 6
4183 5
4184 3
4185 1
4186 4
4187 4
4188 4
4189 4
4190 2
4191 0
4192 2
4193 0
4194 3
4195 1
4196 3
4197 2
4198 2
4199 4
4200 6
4201 5
4202 4
4203 4
4204 3
4205 4
4206 3
4207 3
4208 2
4209 2
4210 3
4211 2
4212 1
4213 2
4214 3
4215 2
4216 3
4217 0
4218 2
4219 1
4220 4
4221 3
4222 4
4223 2
4224 2
4225 1
4226 3
4227 2
4228 2
4229 2
4230 2
4231 2
4232 3
4233 4
4234 5
4235 2
4236 1
4237 2
4238 3
4239 4
4240 6
4241 6
4242 3
4243 2
4244 0
4245 4
4246 6
4247 5
4248 4
4249 3
4250 2
4251 5
4252 6
4253 7
4254 8
4255 7
4256 5
4257 5
4258 4
4259 3
4260 3
4261 1
4262 3
4263 2
4264 2
4265 2
4266 2
4267 1
4268 5
4269 4
4270 4
4271 3
4272 2
4273 0
4274 4
4275 3
4276 1
4277 3
4278 5
4279 4
4280 5
4281 7
4282 6
4283 4
4284 2
4285 3
4286 2
4287 3
4288 2
4289 4
4290 3
4291 3
4292 2
4293 3
4294 2
4295 2
4296 1
4297 2
4298 0
4299 2
4300 2
4301 3
4302 2
4303 2
4304 2
4305 2
4306 1
4307 2
4308 2
4309 1
4310 2
4311 2
4312 2
4313 1
4314 2
4315 2
4316 3
4317 4
4318 2
4319 3
4320 3
4321 1
4322 1
4323 3
4324 2
4325 0
4326 2
4327 2
4328 1
4329 3
4330 1
4331 3
4332 2
4333 2
4334 1
4335 2
4336 0
4337 1
4338 3
4339 3
4340 3
4341 3
4342 2
4343 2
4344 0
4345 4
4346 3
4347 1
4348 3
4349 3
4350 4
4351 3
4352 2
4353 3
4354 2
4355 2
4356 1
4357 3
4358 4
4359 2
4360 2
4361 4
4362 5
4363 7
4364 7
4365 5
4366 7
4367 8
4368 8
4369 8
4370 6
4371 5
4372 5
4373 3
4374 3
4375 4
4376 6
4377 6
4378 4
4379 4
4380 3
4381 4
4382 5
4383 5
4384 5
4385 4
4386 3
4387 3
4388 2
4389 1
4390 3
4391 2
4392 3
4393 2
4394 5
4395 4
4396 7
4397 8
4398 10
4399 8
4400 8
4401 7
4402 8
4403 6
4404 7
4405 5
4406 3
4407 3
4408 4
4409 4
4410 3
4411 3
4412 3
4413 4
4414 4
4415 5
4416 2
4417 3
4418 5
4419 5
4420 4
4421 3
4422 2
4423 1
4424 4
4425 2
4426 2
4427 3
4428 3
4429 3
4430 2
4431 2
4432 3
4433 4
4434 3
4435 3
4436 0
4437 3
4438 3
4439 3
4440 1
4441 3
4442 2
4443 2
4444 1
4445 3
4446 1
4447 3
4448 2
4449 0
4450 2
4451 2
4452 2
4453 3
4454 1
4455 2
4456 3
4457 4
4458 2
4459 2
4460 2
4461 3
4462 0
4463 4
4464 2
4465 4
4466 4
4467 3
4468 4
4469 3
4470 1
4471 2
4472 1
4473 2
4474 2
4475 0
4476 2
4477 3
4478 1
4479 2
4480 2
4481 3
4482 2
4483 1
4484 4
4485 2
4486 2
4487 3
4488 2
4489 3
4490 3
4491 3
4492 1
4493 4
4494 2
4495 2
4496 3
4497 2
4498 1
4499 3
4500 3
4501 4
4502 6
4503 5
4504 4
4505 2
4506 3
4507 5
4508 5
4509 5
4510 3
4511 2
4512 1
4513 1
4514 2
4515 1
4516 4
4517 3
4518 3
4519 1
4520 1
4521 2
4522 2
4523 1
4524 2
4525 3
4526 2
4527 4
4528 3
4529 2
4530 2
4531 0
4532 4
4533 6
4534 7
4535 7
4536 7
4537 7
4538 6
4539 7
4540 6
4541 5
4542 6
4543 4
4544 4
4545 4
4546 3
4547 4
4548 2
4549 0
4550 5
4551 4
4552 2
4553 4
4554 3
4555 2
4556 2
4557 2
4558 1
4559 3
4560 1
4561 1
4562 3
4563 2
4564 3
4565 3
4566 2
4567 1
4568 3
4569 1
4570 0
4571 2
4572 4
4573 5
4574 4
4575 4
4576 4
4577 3
4578 4
4579 4
4580 3
4581 3
4582 1
4583 3
4584 2
4585 3
4586 2
4587 3
4588 3
4589 3
4590 2
4591 1
4592 3
4593 3
4594 1
4595 3
4596 0
4597 1
4598 3
4599 4
4600 3
4601 2
4602 3
4603 2
4604 2
4605 5
4606 4
4607 4
4608 2
4609 5
4610 5
4611 5
4612 2
4613 4
4614 2
4615 3
4616 2
4617 2
4618 3
4619 4
4620 2
4621 1
4622 4
4623 5
4624 5
4625 2
4626 2
4627 2
4628 3
4629 0
4630 3
4631 3
4632 2
4633 3
4634 4
4635 3
4636 4
4637 4
4638 4
4639 2
4640 1
4641 3
4642 4
4643 4
4644 2
4645 1
4646 3
4647 1
4648 3
4649 4
4650 4
4651 2
4652 2
4653 2
4654 2
4655 1
4656 4
4657 4
4658 4
4659 3
4660 3
4661 4
4662 4
4663 3
4664 1
4665 1
4666 2
4667 1
4668 4
4669 4
4670 4
4671 1
4672 1
4673 3
4674 2
4675 0
4676 1
4677 1
4678 3
4679 2
4680 1
4681 2
4682 0
4683 1
4684 2
4685 1
4686 1
4687 3
4688 2
4689 1
4690 1
4691 1
4692 0
4693 1
4694 4
4695 3
4696 3
4697 4
4698 5
4699 2
4700 3
4701 4
4702 2
4703 3
4704 3
4705 2
4706 5
4707 5
4708 3
4709 3
4710 1
4711 3
4712 1
4713 3
4714 0
4715 1
4716 5
4717 5
4718 5
4719 3
4720 4
4721 3
4722 3
4723 2
4724 3
4725 4
4726 3
4727 1
4728 2
4729 1
4730 3
4731 2
4732 3
4733 2
4734 1
4735 4
4736 4
4737 5
4738 5
4739 6
4740 6
4741 8
4742 8
4743 7
4744 7
4745 7
4746 5
4747 5
4748 6
4749 4
4750 2
4751 3
4752 0
4753 1
4754 2
4755 2
4756 2
4757 0
4758 2
4759 0
4760 2
4761 3
4762 2
4763 3
4764 1
4765 2
4766 2
4767 3
4768 4
4769 2
4770 2
4771 0
4772 0
4773 2
4774 3
4775 3
4776 3
4777 1
4778 3
4779 3
4780 2
4781 3
4782 1
4783 1
4784 1
4785 4
4786 2
4787 5
4788 5
4789 5
4790 4
4791 1
4792 5
4793 6
4794 4
4795 4
4796 3
4797 4
4798 3
4799 3
4800 3
4801 1
4802 3
4803 2
4804 4
4805 3
4806 3
4807 2
4808 2
4809 6
4810 4
4811 3
4812 0
4813 3
4814 2
4815 3
4816 3
4817 2
4818 4
4819 4
4820 2
4821 3
4822 1
4823 2
4824 3
4825 3
4826 2
4827 1
4828 2
4829 1
4830 2
4831 0
4832 1
4833 1
4834 3
4835 1
4836 2
4837 4
4838 6
4839 8
4840 7
4841 8
4842 7
4843 7
4844 9
4845 9
4846 10
4847 7
4848 6
4849 4
4850 1
4851 3
4852 0
4853 1
4854 1
4855 0
4856 2
4857 5
4858 4
4859 4
4860 4
4861 6
4862 6
4863 5
4864 3
4865 2
4866 1
4867 2
4868 4
4869 4
4870 3
4871 2
4872 2
4873 3
4874 3
4875 3
4876 1
4877 2
4878 2
4879 3
4880 3
4881 6
4882 7
4883 6
4884 6
4885 5
4886 5
4887 5
4888 6
4889 5
4890 3
4891 3
4892 3
4893 1
4894 3
4895 3
4896 1
4897 1
4898 2
4899 0
4900 3
4901 1
4902 4
4903 2
4904 2
4905 4
4906 3
4907 3
4908 3
4909 2
4910 2
4911 4
4912 3
4913 1
4914 3
4915 2
4916 3
4917 1
4918 2
4919 3
4920 2
4921 1
4922 0
4923 0
4924 2
4925 2
4926 3
4927 1
4928 2
4929 3
4930 2
4931 1
4932 2
4933 0
4934 0
4935 5
4936 6
4937 4
4938 4
4939 4
4940 4
4941 3
4942 4
4943 5
4944 5
4945 3
4946 3
4947 2
4948 1
4949 3
4950 3
4951 1
4952 2
4953 3
4954 2
4955 5
4956 6
4957 4
4958 4
4959 2
4960 2
4961 1
4962 1
4963 3
4964 2
4965 3
4966 0
4967 1
4968 3
4969 1
4970 4
4971 2
4972 3
4973 2
4974 2
4975 4
4976 5
4977 4
4978 6
4979 6
4980 7
4981 8
4982 9
4983 10
4984 8
4985 9
4986 10
4987 9
4988 11
4989 10
4990 7
4991 10
4992 11
4993 10
4994 8
4995 10
4996 10
4997 9
4998 9
4999 7
5000 7
5001 8
5002 8
5003 7
5004 6
5005 7
5006 7
5007 7
5008 9
5009 7
5010 6
5011 5
5012 5
5013 4
5014 2
5015 2
5016 2
5017 6
5018 5
5019 5
5020 3
5021 3
5022 3
5023 1
5024 5
5025 6
5026 5
5027 3
5028 3
5029 2
5030 1
5031 4
5032 4
5033 4
5034 5
5035 4
5036 2
5037 2
5038 4
5039 4
5040 4
5041 4
5042 2
5043 3
5044 2
5045 1
5046 3
5047 2
5048 2
5049 0
5050 2
5051 3
5052 1
5053 2
5054 1
5055 3
5056 2
5057 5
5058 5
5059 4
5060 4
5061 3
5062 2
5063 2
5064 1
5065 4
5066 5
5067 6
5068 6
5069 5
5070 5
5071 5
5072 6
5073 7
5074 5
5075 4
5076 3
5077 3
5078 1
5079 4
5080 5
5081 4
5082 3
5083 0
5084 2
5085 3
5086 2
5087 2
5088 3
5089 4
5090 4
5091 4
5092 2
5093 3
5094 2
5095 0
5096 2
5097 1
5098 1
5099 1
5100 2
5101 4
5102 7
5103 7
5104 6
5105 6
5106 6
5107 6
5108 4
5109 5
5110 4
5111 5
5112 3
5113 2
5114 1
5115 4
5116 5
5117 7
5118 5
5119 5
5120 5
5121 5
5122 5
5123 6
5124 8
5125 7
5126 8
5127 9
5128 7
5129 7
5130 7
5131 8
5132 7
5133 5
5134 4
5135 4
5136 3
5137 2
5138 1
5139 1
5140 3
5141 3
5142 1
5143 2
5144 1
5145 2
5146 1
5147 1
5148 3
5149 1
5150 3
5151 2
5152 2
5153 2
5154 2
5155 1
5156 2
5157 4
5158 4
5159 2
5160 2
5161 1
5162 2
5163 2
5164 4
5165 3
5166 2
5167 1
5168 2
5169 3
5170 5
5171 4
5172 2
5173 4
5174 5
5175 5
5176 5
5177 4
5178 3
5179 1
5180 4
5181 6
5182 6
5183 4
5184 3
5185 2
5186 4
5187 4
5188 2
5189 1
5190 3
5191 4
5192 4
5193 4
5194 6
5195 6
5196 7
5197 6
5198 4
5199 4
5200 5
5201 5
5202 5
5203 3
5204 1
5205 3
5206 2
5207 1
5208 2
5209 2
5210 2
5211 3
5212 1
5213 3
5214 1
5215 2
5216 1
5217 3
5218 2
5219 1
5220 0
5221 1
5222 3
5223 3
5224 2
5225 1
5226 3
5227 0
5228 4
5229 2
5230 2
5231 5
5232 5
5233 6
5234 6
5235 7
5236 7
5237 7
5238 6
5239 5
5240 5
5241 5
5242 5
5243 6
5244 5
5245 5
5246 4
5247 2
5248 2
5249 0
5250 5
5251 3
5252 4
5253 2
5254 1
5255 2
5256 2
5257 3
5258 2
5259 4
5260 4
5261 4
5262 4
5263 2
5264 1
5265 2
5266 1
5267 2
5268 2
5269 4
5270 4
5271 3
5272 5
5273 6
5274 7
5275 9
5276 8
5277 8
5278 5
5279 6
5280 5
5281 6
5282 5
5283 7
5284 6
5285 8
5286 9
5287 9
5288 9
5289 6
5290 4
5291 3
5292 2
5293 3
5294 2
5295 3
5296 4
5297 5
5298 5
5299 4
5300 4
5301 3
5302 1
5303 4
5304 4
5305 4
5306 3
5307 1
5308 3
5309 4
5310 3
5311 2
5312 2
5313 2
5314 3
5315 4
5316 3
5317 2
5318 3
5319 2
5320 4
5321 4
5322 2
5323 1
5324 3
5325 3
5326 4
5327 3
5328 1
5329 2
5330 4
5331 6
5332 4
5333 6
5334 4
5335 4
5336 2
5337 4
5338 1
5339 1
5340 2
5341 3
5342 3
5343 2
5344 3
5345 4
5346 2
5347 1
5348 1
5349 2
5350 2
5351 3
5352 2
5353 2
5354 1
5355 2
5356 0
5357 1
5358 3
5359 4
5360 4
5361 5
5362 4
5363 3
5364 5
5365 6
5366 4
5367 2
5368 2
5369 1
5370 4
5371 5
5372 4
5373 4
5374 6
5375 5
5376 5
5377 7
5378 5
5379 5
5380 4
5381 2
5382 1
5383 3
5384 1
5385 2
5386 2
5387 2
5388 0
5389 3
5390 2
5391 3
5392 2
5393 3
5394 2
5395 4
5396 4
5397 5
5398 5
5399 3
5400 2
5401 2
5402 2
5403 2
5404 2
5405 4
5406 3
5407 5
5408 4
5409 4
5410 4
5411 4
5412 3
5413 2
5414 0
5415 3
5416 2
5417 0
5418 2
5419 2
5420 3
5421 4
5422 3
5423 2
5424 2
5425 1
5426 5
5427 4
5428 3
5429 0
5430 2
5431 1
5432 1
5433 1
5434 0
5435 1
5436 2
5437 3
5438 1
5439 1
5440 3
5441 1
5442 2
5443 2
5444 2
5445 3
5446 2
5447 5
5448 5
5449 6
5450 5
5451 4
5452 2
5453 3
5454 3
5455 3
5456 1
5457 4
5458 5
5459 2
5460 4
5461 2
5462 2
5463 2
5464 2
5465 2
5466 3
5467 1
5468 5
5469 3
5470 2
5471 1
5472 2
5473 1
5474 3
5475 3
5476 3
5477 2
5478 3
5479 4
5480 3
5481 3
5482 4
5483 5
5484 3
5485 2
5486 4
5487 5
5488 7
5489 6
5490 7
5491 7
5492 7
5493 5
5494 4
5495 3
5496 1
5497 2
5498 2
5499 4
5500 3
5501 3
5502 1
5503 2
5504 1
5505 2
5506 3
5507 4
5508 4
5509 4
5510 2
5511 2
5512 3
5513 2
5514 3
5515 1
5516 1
5517 0
5518 3
5519 4
5520 4
5521 2
5522 4
5523 3
5524 1
5525 2
5526 2
5527 3
5528 2
5529 3
5530 3
5531 1
5532 3
5533 1
5534 4
5535 3
5536 2
5537 2
5538 3
5539 3
5540 4
5541 3
5542 2
5543 2
5544 1
5545 3
5546 1
5547 3
5548 2
5549 4
5550 4
5551 4
5552 4
5553 6
5554 4
5555 4
5556 5
5557 5
5558 3
5559 3
5560 2
5561 3
5562 2
5563 3
5564 1
5565 3
5566 5
5567 7
5568 8
5569 8
5570 7
5571 7
5572 4
5573 5
5574 4
5575 4
5576 1
5577 0
5578 2
5579 1
5580 3
5581 2
5582 3
5583 3
5584 2
5585 2
5586 2
5587 3
5588 2
5589 4
5590 5
5591 5
5592 5
5593 3
5594 0
5595 3
5596 3
5597 3
5598 2
5599 6
5600 4
5601 3
5602 2
5603 2
5604 2
5605 4
5606 5
5607 4
5608 4
5609 6
5610 4
5611 2
5612 0
5613 2
5614 4
5615 3
5616 4
5617 4
5618 3
5619 4
5620 1
5621 4
5622 1
5623 3
5624 1
5625 1
5626 3
5627 3
5628 3
5629 1
5630 1
5631 3
5632 2
5633 2
5634 1
5635 5
5636 5
5637 4
5638 1
5639 1
5640 3
5641 2
5642 4
5643 4
5644 5
5645 5
5646 4
5647 2
5648 3
5649 2
5650 0
5651 2
5652 3
5653 2
5654 4
5655 2
5656 1
5657 2
5658 3
5659 4
5660 4
5661 3
5662 3
5663 3
5664 2
5665 0
5666 3
5667 1
5668 3
5669 2
5670 3
5671 3
5672 3
5673 4
5674 4
5675 3
5676 4
5677 3
5678 2
5679 3
5680 4
5681 3
5682 6
5683 5
5684 5
5685 6
5686 3
5687 2
5688 4
5689 3
5690 2
5691 2
5692 1
5693 1
5694 3
5695 1
5696 0
5697 2
5698 2
5699 1
5700 0
5701 2
5702 1
5703 3
5704 3
5705 5
5706 4
5707 4
5708 4
5709 3
5710 3
5711 0
5712 2
5713 5
5714 6
5715 6
5716 7
5717 5
5718 4
5719 5
5720 7
5721 6
5722 6
5723 7
5724 8
5725 8
5726 8
5727 6
5728 5
5729 5
5730 6
5731 6
5732 5
5733 4
5734 3
5735 3
5736 1
5737 5
5738 5
5739 2
5740 2
5741 1
5742 2
5743 2
5744 2
5745 4
5746 3
5747 3
5748 2
5749 2
5750 3
5751 2
5752 2
5753 0
5754 0
5755 2
5756 3
5757 2
5758 2
5759 0
5760 3
5761 2
5762 3
5763 1
5764 1
5765 1
5766 3
5767 1
5768 1
5769 0
5770 2
5771 5
5772 6
5773 6
5774 3
5775 1
5776 4
5777 1
5778 2
5779 3
5780 3
5781 3
5782 1
5783 3
5784 3
5785 2
5786 3
5787 4
5788 4
5789 3
5790 2
5791 5
5792 6
5793 4
5794 3
5795 2
5796 3
5797 3
5798 3
5799 0
5800 3
5801 2
5802 1
5803 2
5804 1
5805 4
5806 4
5807 3
5808 3
5809 3
5810 2
5811 2
5812 2
5813 3
5814 1
5815 2
5816 5
5817 4
5818 4
5819 2
5820 2
5821 1
5822 2
5823 1
5824 3
5825 3
5826 2
5827 3
5828 2
5829 3
5830 2
5831 1
5832 4
5833 4
5834 3
5835 2
5836 2
5837 1
5838 2
5839 3
5840 2
5841 4
5842 4
5843 5
5844 6
5845 6
5846 6
5847 8
5848 10
5849 9
5850 8
5851 9
5852 9
5853 9
5854 7
5855 7
5856 7
5857 6
5858 4
5859 3
5860 1
5861 2
5862 3
5863 1
5864 3
5865 3
5866 4
5867 4
5868 6
5869 6
5870 4
5871 3
5872 2
5873 2
5874 1
5875 4
5876 4
5877 4
5878 3
5879 4
5880 1
5881 1
5882 3
5883 3
5884 2
5885 3
5886 3
5887 3
5888 3
5889 1
5890 3
5891 1
5892 1
5893 2
5894 4
5895 3
5896 1
5897 1
5898 4
5899 6
5900 6
5901 4
5902 7
5903 6
5904 4
5905 2
5906 3
5907 1
5908 3
5909 4
5910 4
5911 4
5912 3
5913 3
5914 4
5915 2
5916 3
5917 2
5918 4
5919 4
5920 3
5921 3
5922 4
5923 3
5924 5
5925 4
5926 5
5927 2
5928 3
5929 2
5930 4
5931 1
5932 3
5933 4
5934 5
5935 4
5936 2
5937 2
5938 3
5939 3
5940 3
5941 2
5942 3
5943 3
5944 3
5945 3
5946 4
5947 2
5948 1
5949 4
5950 3
5951 3
5952 2
5953 4
5954 3
5955 3
5956 3
5957 3
5958 4
5959 4
5960 3
5961 3
5962 1
5963 3
5964 2
5965 3
5966 3
5967 2
5968 3
5969 5
5970 5
5971 7
5972 7
5973 6
5974 6
5975 3
5976 3
5977 5
5978 4
5979 1
5980 2
5981 3
5982 1
5983 3
5984 1
5985 4
5986 4
5987 3
5988 4
5989 4
5990 2
5991 3
5992 3
5993 1
5994 3
5995 4
5996 1
5997 4
5998 2
5999 0
6000 3
6001 2
6002 0
6003 3
6004 1
6005 2
6006 3
6007 2
6008 0
6009 3
6010 3
6011 2
6012 2
6013 1
6014 3
6015 3
6016 3
6017 2
6018 2
6019 3
6020 3
6021 3
6022 4
6023 3
6024 2
6025 4
6026 2
6027 0
6028 5
6029 5
6030 4
6031 2
6032 1
6033 2
6034 2
6035 1
6036 0
6037 2
6038 5
6039 6
6040 6
6041 6
6042 7
6043 6
6044 4
6045 5
6046 3
6047 1
6048 4
6049 3
6050 3
6051 4
6052 3
6053 2
6054 1
6055 2
6056 5
6057 5
6058 5
6059 3
6060 0
6061 2
6062 5
6063 5
6064 4
6065 1
6066 3
6067 1
6068 4
6069 3
6070 1
6071 2
6072 4
6073 3
6074 1
6075 3
6076 2
6077 2
6078 1
6079 2
6080 5
6081 6
6082 5
6083 3
6084 4
6085 3
6086 1
6087 4
6088 4
6089 5
6090 5
6091 3
6092 3
6093 2
6094 4
6095 3
6096 3
6097 2
6098 2
6099 3
6100 2
6101 4
6102 3
6103 3
6104 1
6105 1
6106 2
6107 3
6108 4
6109 4
6110 4
6111 3
6112 1
6113 1
6114 2
6115 2
6116 4
6117 3
6118 4
6119 3
6120 0
6121 3
6122 1
6123 3
6124 1
6125 3
6126 1
6127 3
6128 1
6129 2
6130 2
6131 0
6132 2
6133 5
6134 3
6135 3
6136 1
6137 2
6138 3
6139 4
6140 5
6141 4
6142 4
6143 1
6144 3
6145 0
6146 1
6147 1
6148 3
6149 2
6150 3
6151 3
6152 3
6153 2
6154 2
6155 3
6156 2
6157 2
6158 4
6159 1
6160 3
6161 1
6162 2
6163 2
6164 3
6165 1
6166 2
6167 1
6168 2
6169 1
6170 3
6171 3
6172 3
6173 0
6174 2
6175 2
6176 2
6177 5
6178 6
6179 7
6180 6
6181 4
6182 2
6183 1
6184 2
6185 2
6186 2
6187 2
6188 3
6189 3
6190 4
6191 3
6192 2
6193 3
6194 3
6195 3
6196 3
6197 1
6198 4
6199 3
6200 1
6201 6
6202 7
6203 8
6204 6
6205 5
6206 4
6207 6
6208 7
6209 8
6210 8
6211 8
6212 8
6213 8
6214 7
6215 7
6216 7
6217 8
6218 7
6219 7
6220 5
6221 3
6222 2
6223 3
6224 1
6225 1
6226 3
6227 4
6228 3
6229 1
6230 3
6231 3
6232 3
6233 1
6234 3
6235 2
6236 5
6237 3
6238 2
6239 3
6240 1
6241 2
6242 2
6243 3
6244 2
6245 2
6246 1
6247 3
6248 1
6249 4
6250 2
6251 2
6252 2
6253 2
6254 4
6255 4
6256 6
6257 4
6258 3
6259 1
6260 3
6261 1
6262 3
6263 0
6264 3
6265 3
6266 4
6267 4
6268 2
6269 2
6270 3
6271 1
6272 1
6273 3
6274 3
6275 3
6276 1
6277 0
6278 0
6279 2
6280 2
6281 3
6282 3
6283 1
6284 3
6285 3
6286 3
6287 2
6288 3
6289 2
6290 2
6291 0
6292 3
6293 2
6294 3
6295 2
6296 4
6297 4
6298 4
6299 2
6300 1
6301 4
6302 2
6303 3
6304 2
6305 4
6306 2
6307 2
6308 3
6309 2
6310 0
6311 1
6312 5
6313 4
6314 4
6315 3
6316 2
6317 3
6318 3
6319 3
6320 1
6321 1
6322 1
6323 3
6324 1
6325 3
6326 3
6327 3
6328 2
6329 3
6330 3
6331 3
6332 2
6333 3
6334 3
6335 3
6336 5
6337 6
6338 7
6339 7
6340 6
6341 5
6342 4
6343 4
6344 4
6345 5
6346 4
6347 4
6348 5
6349 4
6350 4
6351 4
6352 3
6353 2
6354 1
6355 1
6356 6
6357 4
6358 3
6359 2
6360 1
6361 3
6362 3
6363 3
6364 3
6365 2
6366 3
6367 3
6368 3
6369 3
6370 2
6371 2
6372 1
6373 2
6374 1
6375 2
6376 3
6377 2
6378 3
6379 3
6380 3
6381 2
6382 0
6383 0
6384 2
6385 3
6386 2
6387 2
6388 1
6389 3
6390 0
6391 1
6392 1
6393 3
6394 3
6395 2
6396 3
6397 1
6398 2
6399 4
6400 5
6401 5
6402 5
6403 5
6404 5
6405 2
6406 1
6407 4
6408 3
6409 2
6410 1
6411 4
6412 3
6413 1
6414 3
6415 2
6416 4
6417 4
6418 5
6419 3
6420 3
6421 2
6422 5
6423 4
6424 3
6425 2
6426 3
6427 4
6428 3
6429 2
6430 2
6431 3
6432 1
6433 2
6434 2
6435 4
6436 5
6437 6
6438 3
6439 5
6440 6
6441 4
6442 4
6443 2
6444 2
6445 2
6446 4
6447 4
6448 5
6449 3
6450 3
6451 3
6452 2
6453 3
6454 3
6455 2
6456 4
6457 3
6458 3
6459 5
6460 4
6461 4
6462 4
6463 2
6464 3
6465 2
6466 2
6467 2
6468 1
6469 3
6470 5
6471 7
6472 6
6473 7
6474 5
6475 4
6476 2
6477 3
6478 6
6479 6
6480 4
6481 3
6482 4
6483 5
6484 3
6485 3
6486 1
6487 1
6488 3
6489 1
6490 2
6491 1
6492 3
6493 3
6494 3
6495 2
6496 4
6497 2
6498 3
6499 2
6500 2
6501 3
6502 2
6503 2
6504 4
6505 2
6506 3
6507 3
6508 3
6509 2
6510 2
6511 2
6512 2
6513 2
6514 4
6515 4
6516 5
6517 5
6518 2
6519 3
6520 4
6521 3
6522 2
6523 2
6524 3
6525 2
6526 1
6527 1
6528 3
6529 2
6530 2
6531 3
6532 2
6533 0
6534 2
6535 5
6536 6
6537 6
6538 6
6539 6
6540 7
6541 8
6542 9
6543 8
6544 8
6545 7
6546 5
6547 4
6548 5
6549 4
6550 4
6551 2
6552 2
6553 3
6554 4
6555 3
6556 3
6557 2
6558 3
6559 4
6560 1
6561 4
6562 4
6563 5
6564 5
6565 3
6566 2
6567 4
6568 5
6569 4
6570 3
6571 2
6572 2
6573 3
6574 2
6575 4
6576 2
6577 4
6578 3
6579 3
6580 2
6581 5
6582 5
6583 5
6584 4
6585 2
6586 3
6587 3
6588 3
6589 4
6590 4
6591 6
6592 7
6593 6
6594 5
6595 6
6596 5
6597 5
6598 5
6599 6
6600 6
6601 5
6602 5
6603 3
6604 2
6605 3
6606 4
6607 3
6608 3
6609 2
6610 2
6611 5
6612 4
6613 5
6614 4
6615 2
6616 2
6617 2
6618 4
6619 1
6620 3
6621 3
6622 2
6623 0
6624 3
6625 2
6626 2
6627 1
6628 3
6629 3
6630 1
6631 1
6632 3
6633 2
6634 1
6635 1
6636 1
6637 2
6638 3
6639 3
6640 4
6641 5
6642 4
6643 2
6644 2
6645 1
6646 1
6647 1
6648 4
6649 5
6650 5
6651 5
6652 5
6653 3
6654 3
6655 3
6656 2
6657 4
6658 3
6659 2
6660 2
6661 1
6662 2
6663 2
6664 4
6665 2
6666 4
6667 5
6668 5
6669 5
6670 4
6671 3
6672 1
6673 1
6674 3
6675 1
6676 3
6677 2
6678 2
6679 3
6680 3
6681 2
6682 3
6683 4
6684 5
6685 6
6686 6
6687 6
6688 5
6689 3
6690 3
6691 3
6692 0
6693 2
6694 1
6695 4
6696 4
6697 4
6698 5
6699 4
6700 4
6701 3
6702 2
6703 0
6704 2
6705 0
6706 3
6707 2
6708 5
6709 6
6710 9
6711 9
6712 8
6713 8
6714 7
6715 6
6716 5
6717 3
6718 3
6719 1
6720 2
6721 3
6722 3
6723 2
6724 3
6725 4
6726 5
6727 5
6728 5
6729 5
6730 5
6731 4
6732 5
6733 5
6734 4
6735 5
6736 5
6737 7
6738 7
6739 7
6740 7
6741 7
6742 6
6743 4
6744 4
6745 2
6746 2
6747 2
6748 3
6749 4
6750 3
6751 2
6752 1
6753 3
6754 1
6755 2
6756 2
6757 1
6758 2
6759 2
6760 2
6761 2
6762 2
6763 1
6764 2
6765 4
6766 4
6767 2
6768 1
6769 0
6770 5
6771 5
6772 5
6773 3
6774 2
6775 1
6776 2
6777 2
6778 3
6779 2
6780 3
6781 1
6782 3
6783 4
6784 4
6785 4
6786 7
6787 8
6788 6
6789 7
6790 7
6791 7
6792 7
6793 6
6794 5
6795 4
6796 3
6797 1
6798 2
6799 2
6800 3
6801 2
6802 1
6803 2
6804 1
6805 3
6806 3
6807 3
6808 1
6809 1
6810 1
6811 3
6812 0
6813 2
6814 5
6815 2
6816 3
6817 3
6818 0
6819 1
6820 4
6821 3
6822 1
6823 2
6824 5
6825 6
6826 3
6827 2
6828 2
6829 2
6830 3
6831 4
6832 4
6833 5
6834 5
6835 3
6836 2
6837 2
6838 3
6839 3
6840 4
6841 5
6842 3
6843 4
6844 3
6845 1
6846 1
6847 2
6848 3
6849 1
6850 2
6851 3
6852 3
6853 3
6854 2
6855 4
6856 3
6857 2
6858 2
6859 3
6860 2
6861 3
6862 0
6863 5
6864 4
6865 2
6866 2
6867 1
6868 2
6869 2
6870 3
6871 3
6872 3
6873 1
6874 3
6875 1
6876 1
6877 1
6878 4
6879 3
6880 1
6881 2
6882 3
6883 3
6884 2
6885 2
6886 2
6887 2
6888 5
6889 6
6890 6
6891 5
6892 4
6893 2
6894 3
6895 3
6896 2
6897 3
6898 2
6899 4
6900 5
6901 6
6902 5
6903 3
6904 3
6905 0
6906 5
6907 4
6908 5
6909 4
6910 2
6911 3
6912 1
6913 1
6914 4
6915 4
6916 3
6917 0
6918 2
6919 2
6920 4
6921 3
6922 2
6923 1
6924 2
6925 3
6926 2
6927 3
6928 2
6929 2
6930 2
6931 1
6932 4
6933 5
6934 5
6935 4
6936 4
6937 5
6938 4
6939 3
6940 2
6941 3
6942 2
6943 2
6944 4
6945 2
6946 1
6947 4
6948 3
6949 3
6950 2
6951 2
6952 3
6953 3
6954 3
6955 2
6956 3
6957 1
6958 3
6959 1
6960 3
6961 3
6962 5
6963 5
6964 3
6965 2
6966 3
6967 2
6968 4
6969 6
6970 6
6971 5
6972 3
6973 1
6974 1
6975 3
6976 3
6977 0
6978 1
6979 4
6980 3
6981 1
6982 1
6983 1
6984 3
6985 2
6986 2
6987 4
6988 2
6989 1
6990 2
6991 3
6992 3
6993 2
6994 4
6995 4
6996 2
6997 2
6998 1
6999 5
7000 6
7001 5
7002 6
7003 5
7004 4
7005 4
7006 4
7007 3
7008 3
7009 1
7010 3
7011 2
7012 3
7013 1
7014 5
7015 6
7016 5
7017 4
7018 3
7019 1
7020 3
7021 1
7022 1
7023 2
7024 5
7025 6
7026 4
7027 4
7028 5
7029 4
7030 3
7031 0
7032 6
7033 7
7034 8
7035 5
7036 6
7037 5
7038 4
7039 4
7040 6
7041 5
7042 5
7043 5
7044 4
7045 3
7046 2
7047 3
7048 2
7049 3
7050 4
7051 5
7052 3
7053 3
7054 3
7055 2
7056 2
7057 1
7058 1
7059 3
7060 3
7061 3
7062 1
7063 3
7064 3
7065 0
7066 2
7067 3
7068 2
7069 1
7070 1
7071 3
7072 2
7073 4
7074 1
7075 4
7076 5
7077 8
7078 7
7079 5
7080 5
7081 6
7082 6
7083 4
7084 1
7085 3
7086 2
7087 0
7088 3
7089 2
7090 3
7091 1
7092 1
7093 3
7094 4
7095 2
7096 1
7097 3
7098 1
7099 2
7100 0
7101 2
7102 1
7103 3
7104 5
7105 3
7106 1
7107 2
7108 4
7109 3
7110 2
7111 3
7112 3
7113 4
7114 4
7115 5
7116 4
7117 2
7118 0
7119 2
7120 2
7121 1
7122 2
7123 3
7124 2
7125 1
7126 3
7127 4
7128 3
7129 4
7130 4
7131 4
7132 5
7133 3
7134 0
7135 1
7136 3
7137 4
7138 6
7139 5
7140 3
7141 3
7142 2
7143 4
7144 4
7145 6
7146 4
7147 4
7148 3
7149 1
7150 2
7151 3
7152 2
7153 5
7154 5
7155 5
7156 4
7157 5
7158 5
7159 6
7160 6
7161 6
7162 5
7163 5
7164 5
7165 7
7166 7
7167 7
7168 6
7169 4
7170 5
7171 4
7172 4
7173 2
7174 4
7175 4
7176 2
7177 4
7178 4
7179 2
7180 2
7181 1
7182 1
7183 3
7184 3
7185 3
7186 2
7187 2
7188 4
7189 2
7190 4
7191 3
7192 2
7193 0
7194 2
7195 2
7196 1
7197 1
7198 3
7199 3
7200 3
7201 2
7202 2
7203 3
7204 2
7205 3
7206 3
7207 2
7208 3
7209 3
7210 0
7211 1
7212 3
7213 2
7214 2
7215 2
7216 2
7217 1
7218 2
7219 1
7220 3
7221 3
7222 5
7223 5
7224 4
7225 3
7226 3
7227 1
7228 2
7229 1
7230 3
7231 5
7232 4
7233 7
7234 6
7235 5
7236 5
7237 6
7238 6
7239 6
7240 5
7241 5
7242 5
7243 3
7244 2
7245 3
7246 4
7247 5
7248 4
7249 3
7250 2
7251 3
7252 3
7253 1
7254 4
7255 5
7256 6
7257 5
7258 4
7259 2
7260 3
7261 2
7262 3
7263 2
7264 4
7265 2
7266 4
7267 2
7268 2
7269 1
7270 3
7271 1
7272 1
7273 4
7274 4
7275 3
7276 0
7277 4
7278 3
7279 4
7280 2
7281 3
7282 2
7283 4
7284 4
7285 1
7286 1
7287 3
7288 3
7289 5
7290 6
7291 4
7292 2
7293 2
7294 2
7295 2
7296 4
7297 6
7298 6
7299 6
7300 4
7301 4
7302 2
7303 2
7304 2
7305 1
7306 4
7307 2
7308 2
7309 4
7310 4
7311 5
7312 5
7313 6
7314 5
7315 3
7316 3
7317 3
7318 3
7319 1
7320 2
7321 4
7322 4
7323 2
7324 1
7325 3
7326 2
7327 2
7328 4
7329 2
7330 3
7331 3
7332 3
7333 1
7334 0
7335 3
7336 0
7337 1
7338 2
7339 2
7340 3
7341 4
7342 4
7343 3
7344 2
7345 3
7346 4
7347 4
7348 3
7349 3
7350 1
7351 4
7352 5
7353 4
7354 4
7355 6
7356 6
7357 5
7358 6
7359 6
7360 6
7361 9
7362 10
7363 9
7364 9
7365 9
7366 10
7367 8
7368 7
7369 7
7370 5
7371 3
7372 5
7373 5
7374 6
7375 7
7376 8
7377 7
7378 5
7379 5
7380 3
7381 2
7382 2
7383 0
7384 4
7385 2
7386 1
7387 3
7388 2
7389 3
7390 3
7391 3
7392 2
7393 3
7394 3
7395 2
7396 3
7397 2
7398 2
7399 3
7400 3
7401 2
7402 2
7403 4
7404 5
7405 4
7406 2
7407 2
7408 3
7409 3
7410 2
7411 0
7412 3
7413 4
7414 4
7415 4
7416 4
7417 3
7418 3
7419 3
7420 1
7421 4
7422 2
7423 4
7424 4
7425 3
7426 4
7427 2
7428 3
7429 3
7430 2
7431 4
7432 4
7433 4
7434 4
7435 4
7436 3
7437 3
7438 3
7439 4
7440 5
7441 4
7442 3
7443 2
7444 2
7445 2
7446 2
7447 1
7448 2
7449 1
7450 3
7451 3
7452 2
7453 2
7454 2
7455 3
7456 3
7457 4
7458 5
7459 4
7460 3
7461 1
7462 4
7463 4
7464 5
7465 5
7466 5
7467 4
7468 3
7469 0
7470 2
7471 3
7472 6
7473 4
7474 4
7475 3
7476 4
7477 4
7478 5
7479 4
7480 3
7481 5
7482 6
7483 6
7484 4
7485 2
7486 5
7487 4
7488 3
7489 3
7490 5
7491 5
7492 3
7493 1
7494 1
7495 1
7496 3
7497 4
7498 4
7499 2
7500 4
7501 3
7502 3
7503 3
7504 2
7505 0
7506 3
7507 1
7508 4
7509 2
7510 2
7511 2
7512 2
7513 3
7514 2
7515 2
7516 3
7517 4
7518 2
7519 1
7520 2
7521 1
7522 3
7523 3
7524 2
7525 1
7526 2
7527 3
7528 2
7529 3
7530 3
7531 2
7532 1
7533 2
7534 1
7535 1
7536 1
7537 3
7538 0
7539 4
7540 5
7541 2
7542 2
7543 1
7544 4
7545 3
7546 1
7547 5
7548 3
7549 4
7550 5
7551 5
7552 3
7553 1
7554 2
7555 1
7556 4
7557 3
7558 0
7559 4
7560 3
7561 1
7562 3
7563 2
7564 0
7565 2
7566 2
7567 2
7568 2
7569 0
7570 2
7571 2
7572 3
7573 2
7574 4
7575 4
7576 3
7577 3
7578 2
7579 3
7580 1
7581 2
7582 2
7583 5
7584 5
7585 4
7586 4
7587 2
7588 4
7589 3
7590 3
7591 1
7592 1
7593 3
7594 2
7595 3
7596 3
7597 2
7598 2
7599 2
7600 1
7601 2
7602 5
7603 5
7604 3
7605 2
7606 5
7607 5
7608 4
7609 4
7610 4
7611 3
7612 3
7613 3
7614 2
7615 2
7616 2
7617 2
7618 4
7619 2
7620 3
7621 0
7622 2
7623 3
7624 2
7625 3
7626 2
7627 3
7628 4
7629 4
7630 3
7631 2
7632 3
7633 2
7634 2
7635 3
7636 2
7637 1
7638 4
7639 3
7640 3
7641 1
7642 1
7643 3
7644 4
7645 4
7646 4
7647 3
7648 6
7649 6
7650 6
7651 6
7652 5
7653 5
7654 3
7655 1
7656 4
7657 1
7658 2
7659 3
7660 3
7661 1
7662 2
7663 4
7664 4
7665 4
7666 2
7667 5
7668 2
7669 1
7670 4
7671 3
7672 2
7673 1
7674 1
7675 1
7676 2
7677 2
7678 2
7679 1
7680 2
7681 6
7682 7
7683 9
7684 12
7685 10
7686 9
7687 7
7688 8
7689 7
7690 9
7691 8
7692 6
7693 7
7694 6
7695 4
7696 5
7697 5
7698 4
7699 3
7700 2
7701 4
7702 4
7703 3
7704 2
7705 1
7706 1
7707 3
7708 2
7709 2
7710 2
7711 1
7712 2
7713 1
7714 1
7715 3
7716 1
7717 0
7718 2
7719 2
7720 3
7721 3
7722 5
7723 4
7724 2
7725 2
7726 2
7727 2
7728 1
7729 5
7730 6
7731 6
7732 4
7733 3
7734 4
7735 1
7736 2
7737 4
7738 4
7739 2
7740 1
7741 1
7742 4
7743 3
7744 3
7745 5
7746 5
7747 4
7748 4
7749 2
7750 2
7751 3
7752 3
7753 3
7754 3
7755 2
7756 4
7757 4
7758 2
7759 1
7760 1
7761 5
7762 5
7763 5
7764 5
7765 3
7766 2
7767 3
7768 4
7769 5
7770 5
7771 6
7772 4
7773 5
7774 5
7775 5
7776 4
7777 4
7778 5
7779 4
7780 5
7781 4
7782 5
7783 5
7784 6
7785 6
7786 4
7787 4
7788 4
7789 3
7790 1
7791 3
7792 2
7793 1
7794 2
7795 3
7796 3
7797 1
7798 2
7799 2
7800 3
7801 2
7802 3
7803 1
7804 1
7805 1
7806 2
7807 3
7808 2
7809 2
7810 3
7811 2
7812 2
7813 1
7814 2
7815 3
7816 2
7817 2
7818 1
7819 4
7820 2
7821 2
7822 0
7823 3
7824 3
7825 3
7826 2
7827 3
7828 3
7829 2
7830 2
7831 1
7832 3
7833 6
7834 7
7835 6
7836 7
7837 7
7838 6
7839 5
7840 5
7841 7
7842 6
7843 6
7844 5
7845 5
7846 4
7847 6
7848 6
7849 5
7850 4
7851 5
7852 5
7853 4
7854 1
7855 2
7856 3
7857 4
7858 4
7859 5
7860 4
7861 4
7862 1
7863 3
7864 2
7865 0
7866 2
7867 2
7868 3
7869 2
7870 5
7871 5
7872 3
7873 2
7874 5
7875 4
7876 3
7877 5
7878 3
7879 2
7880 1
7881 3
7882 5
7883 4
7884 5
7885 6
7886 7
7887 5
7888 6
7889 5
7890 2
7891 2
7892 3
7893 3
7894 1
7895 2
7896 2
7897 3
7898 4
7899 4
7900 4
7901 5
7902 6
7903 5
7904 3
7905 5
7906 6
7907 5
7908 6
7909 6
7910 3
7911 0
7912 2
7913 2
7914 4
7915 2
7916 1
7917 2
7918 4
7919 3
7920 2
7921 5
7922 4
7923 6
7924 4
7925 4
7926 4
7927 7
7928 6
7929 5
7930 4
7931 3
7932 2
7933 2
7934 3
7935 0
7936 3
7937 3
7938 2
7939 2
7940 3
7941 5
7942 6
7943 5
7944 5
7945 5
7946 4
7947 5
7948 6
7949 7
7950 6
7951 6
7952 7
7953 8
7954 9
7955 10
7956 10
7957 9
7958 9
7959 8
7960 7
7961 8
7962 11
7963 8
7964 5
7965 3
7966 4
7967 3
7968 2
7969 1
7970 1
7971 4
7972 3
7973 4
7974 4
7975 3
7976 2
7977 3
7978 2
7979 3
7980 3
7981 1
7982 3
7983 4
7984 3
7985 2
7986 5
7987 5
7988 3
7989 3
7990 2
7991 3
7992 2
7993 0
7994 4
7995 1
7996 4
7997 2
7998 3
7999 1
8000 1
8001 2
8002 1
8003 3
8004 3
8005 1
8006 3
8007 3
8008 3
8009 4
8010 5
8011 4
8012 3
8013 1
8014 3
8015 2
8016 4
8017 3
8018 3
8019 1
8020 2
8021 2
8022 1
8023 3
8024 1
8025 3
8026 4
8027 5
8028 5
8029 4
8030 4
8031 4
8032 2
8033 4
8034 3
8035 2
8036 3
8037 1
8038 4
8039 3
8040 1
8041 5
8042 3
8043 2
8044 4
8045 6
8046 5
8047 4
8048 6
8049 6
8050 4
8051 4
8052 2
8053 3
8054 3
8055 1
8056 2
8057 3
8058 1
8059 2
8060 3
8061 3
8062 2
8063 1
8064 2
8065 3
8066 3
8067 2
8068 0
8069 4
8070 5
8071 3
8072 1
8073 1
8074 0
8075 4
8076 5
8077 3
8078 3
8079 2
8080 3
8081 2
8082 3
8083 1
8084 1
8085 2
8086 0
8087 4
8088 1
8089 4
8090 3
8091 1
8092 1
8093 4
8094 1
8095 2
8096 3
8097 3
8098 0
8099 1
8100 1
8101 4
8102 3
8103 1
8104 0
8105 4
8106 2
8107 2
8108 3
8109 3
8110 1
8111 4
8112 5
8113 5
8114 6
8115 6
8116 5
8117 4
8118 3
8119 0
8120 0
8121 4
8122 3
8123 2
8124 2
8125 2
8126 3
8127 3
8128 2
8129 0
8130 3
8131 2
8132 2
8133 2
8134 2
8135 2
8136 3
8137 2
8138 1
8139 2
8140 3
8141 4
8142 5
8143 4
8144 4
8145 2
8146 4
8147 3
8148 2
8149 3
8150 5
8151 3
8152 5
8153 5
8154 4
8155 3
8156 4
8157 6
8158 5
8159 5
8160 4
8161 4
8162 5
8163 5
8164 6
8165 6
8166 8
8167 7
8168 7
8169 7
8170 10
8171 10
8172 9
8173 10
8174 9
8175 12
8176 12
8177 12
8178 12
8179 11
8180 11
8181 11
8182 10
8183 9
8184 8
8185 6
8186 7
8187 5
8188 5
8189 4
8190 3
8191 1
8192 0
8193 2
8194 4
8195 6
8196 6
8197 4
8198 3
8199 2
8200 3
8201 2
8202 3
8203 6
8204 6
8205 5
8206 5
8207 6
8208 6
8209 6
8210 5
8211 4
8212 5
8213 4
8214 3
8215 1
8216 1
8217 3
8218 2
8219 3
8220 2
8221 2
8222 2
8223 3
8224 3
8225 3
8226 4
8227 2
8228 4
8229 3
8230 3
8231 4
8232 6
8233 5
8234 5
8235 6
8236 5
8237 5
8238 4
8239 4
8240 3
8241 3
8242 3
8243 2
8244 1
8245 3
8246 3
8247 6
8248 4
8249 4
8250 4
8251 5
8252 3
8253 2
8254 3
8255 2
8256 2
8257 2
8258 4
8259 5
8260 6
8261 5
8262 5
8263 3
8264 4
8265 4
8266 3
8267 4
8268 3
8269 3
8270 3
8271 2
8272 1
8273 0
8274 3
8275 4
8276 3
8277 3
8278 1
8279 2
8280 3
8281 3
8282 1
8283 2
8284 2
8285 3
8286 3
8287 2
8288 4
8289 2
8290 5
8291 5
8292 4
8293 5
8294 5
8295 4
8296 2
8297 4
8298 3
8299 2
8300 2
8301 1
8302 2
8303 4
8304 5
8305 5
8306 5
8307 6
8308 6
8309 4
8310 3
8311 3
8312 3
8313 2
8314 4
8315 3
8316 5
8317 5
8318 4
8319 2
8320 4
8321 3
8322 5
8323 6
8324 5
8325 4
8326 4
8327 2
8328 4
8329 3
8330 1
8331 1
8332 5
8333 3
8334 3
8335 4
8336 2
8337 4
8338 4
8339 3
8340 3
8341 3
8342 5
8343 3
8344 1
8345 1
8346 4
8347 3
8348 4
8349 4
8350 4
8351 1
8352 1
8353 1
8354 3
8355 3
8356 3
8357 5
8358 5
8359 4
8360 4
8361 3
8362 2
8363 2
8364 2
8365 2
8366 4
8367 5
8368 5
8369 3
8370 1
8371 2
8372 2
8373 1
8374 1
8375 3
8376 4
8377 4
8378 2
8379 3
8380 2
8381 2
8382 3
8383 3
8384 4
8385 4
8386 4
8387 6
8388 6
8389 3
8390 2
8391 3
8392 2
8393 1
8394 2
8395 1
8396 1
8397 2
8398 1
8399 3
8400 2
8401 1
8402 2
8403 3
8404 3
8405 3
8406 3
8407 3
8408 1
8409 3
8410 2
8411 4
8412 3
8413 4
8414 4
8415 4
8416 3
8417 2
8418 3
8419 4
8420 4
8421 4
8422 5
8423 4
8424 3
8425 3
8426 5
8427 5
8428 5
8429 3
8430 3
8431 2
8432 3
8433 3
8434 2
8435 3
8436 3
8437 4
8438 5
8439 3
8440 2
8441 4
8442 4
8443 4
8444 3
8445 1
8446 4
8447 4
8448 3
8449 2
8450 2
8451 4
8452 2
8453 3
8454 1
8455 1
8456 2
8457 1
8458 2
8459 2
8460 2
8461 1
8462 1
8463 4
8464 1
8465 2
8466 4
8467 3
8468 4
8469 4
8470 2
8471 3
8472 3
8473 3
8474 4
8475 5
8476 6
8477 5
8478 5
8479 5
8480 7
8481 6
8482 7
8483 7
8484 9
8485 8
8486 9
8487 8
8488 7
8489 5
8490 4
8491 4
8492 3
8493 0
8494 3
8495 3
8496 3
8497 2
8498 1
8499 1
8500 2
8501 3
8502 3
8503 0
8504 1
8505 0
8506 3
8507 2
8508 4
8509 5
8510 7
8511 7
8512 8
8513 7
8514 7
8515 7
8516 5
8517 5
8518 6
8519 8
8520 6
8521 7
8522 8
8523 9
8524 10
8525 11
8526 13
8527 10
8528 10
8529 8
8530 6
8531 6
8532 5
8533 6
8534 7
8535 8
8536 6
8537 6
8538 8
8539 5
8540 5
8541 4
8542 4
8543 2
8544 2
8545 3
8546 1
8547 2
8548 1
8549 0
8550 1
8551 3
8552 3
8553 3
8554 2
8555 0
8556 5
8557 5
8558 3
8559 3
8560 2
8561 0
8562 3
8563 1
8564 2
8565 0
8566 2
8567 2
8568 2
8569 2
8570 4
8571 2
8572 4
8573 5
8574 5
8575 5
8576 4
8577 2
8578 2
8579 2
8580 3
8581 2
8582 4
8583 5
8584 3
8585 3
8586 2
8587 3
8588 2
8589 2
8590 3
8591 2
8592 1
8593 1
8594 2
8595 2
8596 3
8597 3
8598 1
8599 1
8600 3
8601 1
8602 2
8603 2
8604 4
8605 3
8606 2
8607 3
8608 3
8609 2
8610 1
8611 2
8612 0
8613 3
8614 5
8615 3
8616 3
8617 4
8618 1
8619 0
8620 1
8621 3
8622 3
8623 3
8624 3
8625 1
8626 3
8627 4
8628 3
8629 3
8630 3
8631 2
8632 0
8633 1
8634 3
8635 3
8636 2
8637 2
8638 1
8639 1
8640 2
8641 2
8642 0
8643 3
8644 2
8645 3
8646 0
8647 4
8648 7
8649 5
8650 4
8651 3
8652 1
8653 1
8654 2
8655 1
8656 5
8657 6
8658 6
8659 8
8660 6
8661 5
8662 3
8663 6
8664 5
8665 2
8666 4
8667 4
8668 4
8669 4
8670 2
8671 3
8672 3
8673 2
8674 3
8675 3
8676 2
8677 3
8678 5
8679 4
8680 4
8681 2
8682 3
8683 1
8684 4
8685 1
8686 4
8687 4
8688 4
8689 2
8690 2
8691 2
8692 1
8693 1
8694 5
8695 7
8696 10
8697 12
8698 12
8699 11
8700 10
8701 8
8702 6
8703 6
8704 7
8705 7
8706 5
8707 3
8708 3
8709 3
8710 1
8711 1
8712 3
8713 1
8714 2
8715 2
8716 3
8717 2
8718 2
8719 1
8720 2
8721 3
8722 2
8723 3
8724 4
8725 5
8726 6
8727 5
8728 8
8729 5
8730 6
8731 7
8732 6
8733 5
8734 4
8735 4
8736 3
8737 1
8738 5
8739 5
8740 5
8741 5
8742 5
8743 4
8744 6
8745 5
8746 3
8747 3
8748 2
8749 5
8750 5
8751 5
8752 5
8753 2
8754 3
8755 0
8756 2
8757 5
8758 6
8759 6
8760 5
8761 3
8762 3
8763 4
8764 4
8765 2
8766 0
8767 1
8768 2
8769 2
8770 0
8771 4
8772 3
8773 4
8774 3
8775 2
8776 3
8777 1
8778 4
8779 2
8780 4
8781 5
8782 6
8783 6
8784 4
8785 5
8786 5
8787 2
8788 2
8789 2
8790 3
8791 1
8792 0
8793 3
8794 3
8795 4
8796 4
8797 3
8798 2
8799 3
8800 0
8801 2
8802 3
8803 1
8804 2
8805 4
8806 4
8807 5
8808 3
8809 2
8810 3
8811 3
8812 5
8813 4
8814 4
8815 4
8816 6
8817 5
8818 4
8819 6
8820 5
8821 5
8822 3
8823 3
8824 2
8825 3
8826 3
8827 3
8828 4
8829 5
8830 5
8831 5
8832 2
8833 5
8834 5
8835 4
8836 5
8837 5
8838 5
8839 6
8840 7
8841 5
8842 5
8843 6
8844 7
8845 7
8846 9
8847 9
8848 7
8849 7
8850 5
8851 4
8852 3
8853 1
8854 5
8855 4
8856 2
8857 0
8858 1
8859 2
8860 1
8861 3
8862 2
8863 2
8864 2
8865 2
8866 2
8867 4
8868 2
8869 4
8870 2
8871 3
8872 4
8873 3
8874 2
8875 4
8876 2
8877 3
8878 5
8879 5
8880 5
8881 5
8882 7
8883 7
8884 5
8885 5
8886 3
8887 2
8888 0
8889 2
8890 1
8891 1
8892 4
8893 2
8894 3
8895 2
8896 1
8897 3
8898 1
8899 3
8900 2
8901 2
8902 4
8903 2
8904 2
8905 5
8906 2
8907 3
8908 2
8909 3
8910 4
8911 4
8912 4
8913 4
8914 2
8915 1
8916 3
8917 2
8918 1
8919 4
8920 4
8921 4
8922 4
8923 4
8924 3
8925 3
8926 2
8927 2
8928 0
8929 2
8930 3
8931 2
8932 1
8933 0
8934 4
8935 4
8936 1
8937 4
8938 3
8939 3
8940 4
8941 5
8942 4
8943 2
8944 3
8945 0
8946 1
8947 2
8948 4
8949 4
8950 3
8951 3
8952 2
8953 4
8954 4
8955 3
8956 0
8957 1
8958 2
8959 5
8960 2
8961 2
8962 2
8963 3
8964 3
8965 1
8966 2
8967 4
8968 4
8969 4
8970 3
8971 4
8972 4
8973 5
8974 8
8975 8
8976 8
8977 7
8978 6
8979 6
8980 4
8981 4
8982 4
8983 5
8984 3
8985 2
8986 0
8987 4
8988 3
8989 2
8990 2
8991 2
8992 3
8993 2
8994 3
8995 5
8996 5
8997 5
8998 7
8999 6
9000 6
9001 4
9002 4
9003 3
9004 2
9005 2
9006 1
9007 3
9008 1
9009 3
9010 4
9011 4
9012 3
9013 3
9014 3
9015 1
9016 2
9017 4
9018 4
9019 1
9020 4
9021 5
9022 6
9023 6
9024 6
9025 6
9026 6
9027 5
9028 3
9029 0
9030 2
9031 1
9032 2
9033 2
9034 1
9035 5
9036 7
9037 8
9038 7
9039 6
9040 7
9041 7
9042 8
9043 6
9044 5
9045 4
9046 1
9047 4
9048 4
9049 3
9050 2
9051 1
9052 3
9053 1
9054 1
9055 2
9056 2
9057 3
9058 0
9059 4
9060 3
9061 1
9062 3
9063 3
9064 4
9065 3
9066 4
9067 4
9068 3
9069 2
9070 2
9071 1
9072 2
9073 3
9074 0
9075 2
9076 4
9077 5
9078 5
9079 4
9080 2
9081 3
9082 0
9083 3
9084 2
9085 2
9086 3
9087 3
9088 4
9089 2
9090 1
9091 4
9092 2
9093 2
9094 3
9095 4
9096 4
9097 5
9098 4
9099 2
9100 5
9101 5
9102 6
9103 5
9104 2
9105 2
9106 2
9107 2
9108 2
9109 4
9110 3
9111 3
9112 3
9113 3
9114 2
9115 2
9116 2
9117 2
9118 3
9119 5
9120 6
9121 4
9122 4
9123 5
9124 6
9125 6
9126 3
9127 3
9128 1
9129 4
9130 5
9131 4
9132 4
9133 4
9134 4
9135 2
9136 1
9137 2
9138 3
9139 1
9140 3
9141 2
9142 3
9143 3
9144 2
9145 3
9146 3
9147 4
9148 4
9149 4
9150 3
9151 4
9152 3
9153 4
9154 2
9155 3
9156 3
9157 3
9158 4
9159 4
9160 4
9161 2
9162 3
9163 2
9164 3
9165 2
9166 2
9167 1
9168 0
9169 3
9170 2
9171 0
9172 2
9173 2
9174 1
9175 2
9176 5
9177 5
9178 4
9179 2
9180 3
9181 4
9182 4
9183 4
9184 5
9185 4
9186 3
9187 3
9188 4
9189 4
9190 3
9191 0
9192 3
9193 1
9194 1
9195 1
9196 3
9197 4
9198 5
9199 3
9200 3
9201 1
9202 4
9203 5
9204 6
9205 4
9206 4
9207 4
9208 4
9209 3
9210 2
9211 2
9212 3
9213 2
9214 2
9215 2
9216 1
9217 1
9218 3
9219 5
9220 5
9221 2
9222 4
9223 4
9224 3
9225 1
9226 1
9227 3
9228 3
9229 3
9230 2
9231 2
9232 4
9233 4
9234 1
9235 2
9236 1
9237 4
9238 5
9239 5
9240 5
9241 5
9242 4
9243 3
9244 2
9245 4
9246 2
9247 3
9248 2
9249 2
9250 2
9251 3
9252 2
9253 1
9254 2
9255 2
9256 3
9257 3
9258 0
9259 5
9260 5
9261 5
9262 3
9263 1
9264 2
9265 2
9266 2
9267 2
9268 4
9269 3
9270 5
9271 5
9272 4
9273 2
9274 2
9275 3
9276 3
9277 5
9278 5
9279 5
9280 6
9281 5
9282 5
9283 4
9284 3
9285 1
9286 2
9287 4
9288 2
9289 3
9290 0
9291 1
9292 1
9293 0
9294 2
9295 5
9296 6
9297 5
9298 3
9299 2
9300 2
9301 3
9302 2
9303 3
9304 2
9305 2
9306 3
9307 2
9308 2
9309 0
9310 2
9311 2
9312 3
9313 0
9314 1
9315 1
9316 1
9317 0
9318 4
9319 3
9320 4
9321 3
9322 5
9323 5
9324 5
9325 3
9326 2
9327 2
9328 2
9329 2
9330 0
9331 4
9332 3
9333 3
9334 0
9335 1
9336 2
9337 4
9338 4
9339 4
9340 2
9341 2
9342 2
9343 1
9344 4
9345 2
9346 2
9347 3
9348 3
9349 2
9350 1
9351 1
9352 2
9353 4
9354 2
9355 0
9356 2
9357 3
9358 2
9359 3
9360 3
9361 3
9362 3
9363 3
9364 3
9365 2
9366 3
9367 2
9368 1
9369 1
9370 2
9371 2
9372 2
9373 1
9374 0
9375 1
9376 1
9377 1
9378 1
9379 5
9380 5
9381 4
9382 5
9383 6
9384 5
9385 4
9386 5
9387 5
9388 6
9389 7
9390 6
9391 7
9392 6
9393 6
9394 7
9395 6
9396 5
9397 4
9398 5
9399 4
9400 6
9401 5
9402 6
9403 7
9404 8
9405 8
9406 7
9407 6
9408 6
9409 5
9410 5
9411 5
9412 5
9413 4
9414 3
9415 2
9416 2
9417 1
9418 3
9419 3
9420 3
9421 6
9422 4
9423 2
9424 3
9425 2
9426 4
9427 6
9428 7
9429 6
9430 8
9431 7
9432 8
9433 8
9434 7
9435 6
9436 8
9437 6
9438 7
9439 8
9440 10
9441 8
9442 10
9443 8
9444 7
9445 7
9446 6
9447 6
9448 6
9449 4
9450 2
9451 1
9452 1
9453 3
9454 3
9455 4
9456 4
9457 6
9458 6
9459 6
9460 7
9461 7
9462 7
9463 7
9464 6
9465 7
9466 8
9467 7
9468 9
9469 8
9470 6
9471 6
9472 6
9473 8
9474 7
9475 4
9476 4
9477 3
9478 4
9479 4
9480 4
9481 2
9482 2
9483 2
9484 1
9485 2
9486 3
9487 2
9488 2
9489 2
9490 2
9491 4
9492 3
9493 2
9494 2
9495 3
9496 3
9497 3
9498 2
9499 0
9500 4
9501 2
9502 7
9503 6
9504 7
9505 5
9506 6
9507 5
9508 4
9509 4
9510 2
9511 3
9512 0
9513 4
9514 3
9515 4
9516 2
9517 3
9518 4
9519 4
9520 5
9521 4
9522 6
9523 9
9524 7
9525 9
9526 9
9527 7
9528 5
9529 5
9530 5
9531 7
9532 7
9533 6
9534 3
9535 4
9536 4
9537 6
9538 8
9539 9
9540 8
9541 7
9542 8
9543 6
9544 5
9545 3
9546 2
9547 2
9548 1
9549 3
9550 2
9551 2
9552 5
9553 3
9554 3
9555 4
9556 3
9557 3
9558 2
9559 2
9560 3
9561 1
9562 1
9563 3
9564 2
9565 3
9566 4
9567 5
9568 7
9569 7
9570 8
9571 6
9572 8
9573 11
9574 10
9575 12
9576 11
9577 10
9578 10
9579 9
9580 11
9581 8
9582 8
9583 7
9584 6
9585 5
9586 4
9587 3
9588 4
9589 6
9590 7
9591 8
9592 7
9593 7
9594 5
9595 5
9596 4
9597 3
9598 2
9599 3
9600 1
9601 3
9602 4
9603 2
9604 1
9605 0
9606 2
9607 1
9608 1
9609 2
9610 4
9611 3
9612 2
9613 2
9614 2
9615 3
9616 4
9617 4
9618 3
9619 0
9620 1
9621 2
9622 2
9623 2
9624 4
9625 4
9626 2
9627 3
9628 2
9629 1
9630 2
9631 3
9632 5
9633 7
9634 4
9635 4
9636 2
9637 1
9638 5
9639 5
9640 4
9641 5
9642 6
9643 5
9644 5
9645 6
9646 4
9647 3
9648 3
9649 4
9650 4
9651 2
9652 4
9653 5
9654 7
9655 9
9656 7
9657 6
9658 7
9659 6
9660 6
9661 5
9662 3
9663 3
9664 0
9665 4
9666 1
9667 2
9668 3
9669 4
9670 5
9671 4
9672 2
9673 1
9674 2
9675 3
9676 3
9677 3
9678 3
9679 3
9680 4
9681 4
9682 2
9683 3
9684 3
9685 3
9686 2
9687 3
9688 4
9689 4
9690 3
9691 3
9692 3
9693 2
9694 4
9695 2
9696 1
9697 4
9698 3
9699 2
9700 1
9701 0
9702 2
9703 3
9704 3
9705 3
9706 3
9707 2
9708 3
9709 3
9710 1
9711 3
9712 1
9713 2
9714 0
9715 1
9716 2
9717 3
9718 2
9719 2
9720 1
9721 3
9722 2
9723 3
9724 3
9725 4
9726 3
9727 3
9728 3
9729 3
9730 2
9731 2
9732 5
9733 4
9734 3
9735 2
9736 5
9737 6
9738 5
9739 3
9740 3
9741 2
9742 2
9743 2
9744 2
9745 2
9746 3
9747 2
9748 2
9749 1
9750 2
9751 0
9752 1
9753 2
9754 3
9755 3
9756 2
9757 2
9758 1
9759 3
9760 0
9761 3
9762 3
9763 2
9764 2
9765 5
9766 2
9767 3
9768 4
9769 3
9770 2
9771 3
9772 0
9773 1
9774 4
9775 3
9776 2
9777 1
9778 3
9779 0
9780 2
9781 3
9782 2
9783 1
9784 3
9785 2
9786 0
9787 2
9788 3
9789 4
9790 3
9791 1
9792 2
9793 4
9794 2
9795 2
9796 2
9797 1
9798 2
9799 3
9800 1
9801 2
9802 5
9803 5
9804 4
9805 3
9806 1
9807 2
9808 1
9809 3
9810 2
9811 1
9812 3
9813 4
9814 4
9815 6
9816 4
9817 3
9818 2
9819 1
9820 1
9821 2
9822 2
9823 3
9824 2
9825 0
9826 2
9827 1
9828 3
9829 1
9830 3
9831 4
9832 2
9833 2
9834 1
9835 0
9836 1
9837 0
9838 1
9839 5
9840 7
9841 7
9842 7
9843 6
9844 6
9845 7
9846 5
9847 6
9848 5
9849 7
9850 8
9851 9
9852 11
9853 9
9854 8
9855 8
9856 7
9857 6
9858 6
9859 6
9860 6
9861 5
9862 4
9863 5
9864 4
9865 2
9866 3
9867 3
9868 5
9869 5
9870 5
9871 4
9872 5
9873 4
9874 3
9875 2
9876 3
9877 4
9878 1
9879 4
9880 5
9881 4
9882 2
9883 0
9884 3
9885 2
9886 4
9887 3
9888 2
9889 3
9890 2
9891 0
9892 2
9893 2
9894 0
9895 5
9896 5
9897 3
9898 3
9899 2
9900 3
9901 2
9902 3
9903 2
9904 2
9905 3
9906 3
9907 1
9908 1
9909 3
9910 1
9911 1
9912 4
9913 5
9914 4
9915 2
9916 3
9917 1
9918 4
9919 1
9920 2
9921 4
9922 3
9923 3
9924 2
9925 1
9926 1
9927 3
9928 3
9929 2
9930 2
9931 3
9932 4
9933 2
9934 3
9935 2
9936 1
9937 2
9938 1
9939 4
9940 3
9941 2
9942 1
9943 5
9944 7
9945 8
9946 7
9947 7
9948 5
9949 3
9950 4
9951 3
9952 1
9953 3
9954 2
9955 3
9956 0
9957 3
9958 4
9959 6
9960 4
9961 2
9962 5
9963 4
9964 2
9965 1
9966 3
9967 1
9968 0
9969 1
9970 2
9971 3
9972 3
9973 2
9974 1
9975 4
9976 4
9977 2
9978 4
9979 3
9980 3
9981 3
9982 3
9983 1
9984 3
9985 3
9986 4
9987 3
9988 4
9989 5
9990 6
9991 5
9992 6
9993 4
9994 5
9995 3
9996 4
9997 3
9998 2
9999 3
