0 4
1 4
2 6
3 6
4 6
5 8
6 7
7 9
8 8
9 7
10 7
11 6
12 6
13 5
14 5
15 4
16 2
17 5
18 8
19 9
20 9
21 7
22 5
23 4
24 6
25 8
26 8
27 9
28 8
29 7
30 5
31 4
32 5
33 4
34 2
35 2
36 2
37 2
38 2
39 4
40 7
41 8
42 7
43 9
44 9
45 10
46 9
47 10
48 9
49 8
50 8
51 9
52 6
53 6
54 4
55 4
56 6
57 6
58 7
59 6
60 7
61 6
62 6
63 6
64 6
65 3
66 5
67 6
68 4
69 2
70 3
71 5
72 5
73 5
74 4
75 5
76 3
77 2
78 4
79 5
80 7
81 7
82 7
83 5
84 6
85 6
86 6
87 4
88 5
89 3
90 3
91 5
92 4
93 2
94 2
95 4
96 3
97 3
98 4
99 5
100 7
101 5
102 4
103 4
104 5
105 3
106 6
107 5
108 6
109 7
110 8
111 7
112 8
113 9
114 8
115 9
116 8
117 8
118 7
119 7
120 10
121 9
122 8
123 8
124 12
125 10
126 12
127 11
128 10
129 12
130 12
131 16
132 13
133 12
134 9
135 8
136 12
137 11
138 12
139 13
140 13
141 12
142 11
143 9
144 8
145 8
146 5
147 7
148 10
149 7
150 7
151 9
152 7
153 6
154 8
155 9
156 9
157 9
158 9
159 10
160 9
161 9
162 12
163 13
164 12
165 15
166 12
167 12
168 11
169 10
170 10
171 10
172 11
173 9
174 11
175 9
176 10
177 11
178 11
179 11
180 12
181 12
182 11
183 9
184 9
185 9
186 12
187 11
188 11
189 11
190 11
191 10
192 11
193 14
194 13
195 12
196 12
197 11
198 9
199 12
200 11
201 12
202 9
203 9
204 9
205 11
206 11
207 11
208 12
209 13
210 12
211 12
212 11
213 14
214 14
215 14
216 14
217 15
218 12
219 11
220 11
221 11
222 13
223 14
224 14
225 15
226 12
227 11
228 9
229 11
230 15
231 12
232 11
233 11
234 8
235 9
236 8
237 11
238 10
239 10
240 14
241 18
242 15
243 12
244 12
245 11
246 10
247 10
248 10
249 8
250 9
251 9
252 8
253 11
254 10
255 9
256 10
257 9
258 7
259 8
260 5
261 4
262 5
263 7
264 7
265 7
266 7
267 7
268 11
269 10
270 8
271 6
272 8
273 8
274 9
275 11
276 12
277 11
278 12
279 12
280 14
281 15
282 12
283 9
284 9
285 11
286 11
287 10
288 10
289 10
290 9
291 7
292 6
293 7
294 6
295 5
296 5
297 5
298 4
299 3
300 2
301 3
302 4
303 3
304 1
305 1
306 5
307 4
308 4
309 8
310 8
311 8
312 6
313 5
314 4
315 2
316 4
317 8
318 8
319 9
320 8
321 11
322 8
323 8
324 7
325 8
326 8
327 7
328 7
329 7
330 6
331 7
332 8
333 8
334 11
335 12
336 12
337 12
338 12
339 9
340 6
341 6
342 5
343 4
344 3
345 5
346 2
347 3
348 5
349 4
350 3
351 3
352 6
353 6
354 6
355 7
356 9
357 9
358 8
359 7
360 6
361 7
362 8
363 9
364 9
365 8
366 7
367 4
368 3
369 5
370 6
371 6
372 6
373 3
374 2
375 6
376 7
377 7
378 7
379 7
380 6
381 6
382 4
383 5
384 5
385 5
386 5
387 4
388 2
389 3
390 4
391 7
392 8
393 8
394 8
395 9
396 10
397 10
398 7
399 8
400 9
401 8
402 10
403 9
404 10
405 9
406 6
407 10
408 10
409 8
410 8
411 7
412 9
413 8
414 7
415 7
416 7
417 7
418 10
419 11
420 13
421 12
422 10
423 10
424 9
425 8
426 11
427 14
428 14
429 14
430 13
431 15
432 12
433 12
434 11
435 11
436 12
437 12
438 13
439 13
440 15
441 12
442 10
443 7
444 8
445 7
446 6
447 5
448 4
449 3
450 4
451 2
452 2
453 1
454 2
455 3
456 4
457 3
458 2
459 2
460 3
461 4
462 4
463 2
464 3
465 4
466 4
467 4
468 6
469 8
470 9
471 6
472 5
473 6
474 6
475 6
476 8
477 6
478 8
479 8
480 9
481 11
482 12
483 9
484 9
485 9
486 11
487 12
488 12
489 13
490 15
491 12
492 11
493 10
494 10
495 11
496 9
497 11
498 9
499 8
500 8
501 8
502 10
503 8
504 8
505 8
506 9
507 9
508 8
509 9
510 6
511 4
512 4
513 3
514 0
515 3
516 3
517 3
518 0
519 4
520 3
521 6
522 4
523 5
524 9
525 9
526 12
527 14
528 15
529 12
530 11
531 13
532 12
533 13
534 12
535 12
536 13
537 13
538 12
539 12
540 10
541 12
542 11
543 10
544 10
545 13
546 14
547 11
548 11
549 9
550 11
551 11
552 11
553 14
554 17
555 14
556 15
557 12
558 11
559 11
560 12
561 13
562 13
563 10
564 10
565 10
566 10
567 9
568 7
569 9
570 9
571 10
572 9
573 9
574 10
575 10
576 8
577 8
578 7
579 8
580 5
581 4
582 2
583 6
584 6
585 10
586 10
587 12
588 12
589 12
590 14
591 13
592 16
593 13
594 12
595 13
596 15
597 12
598 11
599 11
600 13
601 14
602 13
603 13
604 14
605 14
606 12
607 12
608 13
609 15
610 12
611 11
612 9
613 12
614 11
615 8
616 8
617 8
618 8
619 6
620 4
621 3
622 2
623 1
624 2
625 0
626 2
627 4
628 5
629 6
630 7
631 6
632 6
633 8
634 7
635 6
636 5
637 5
638 5
639 5
640 3
641 5
642 3
643 2
644 3
645 3
646 5
647 7
648 5
649 2
650 5
651 4
652 3
653 4
654 6
655 5
656 5
657 4
658 6
659 4
660 4
661 5
662 4
663 7
664 4
665 4
666 4
667 4
668 1
669 2
670 3
671 3
672 4
673 7
674 7
675 6
676 6
677 6
678 8
679 8
680 7
681 5
682 4
683 2
684 3
685 3
686 4
687 4
688 3
689 3
690 7
691 9
692 9
693 9
694 9
695 10
696 13
697 14
698 13
699 11
700 11
701 12
702 14
703 12
704 11
705 14
706 16
707 13
708 13
709 12
710 12
711 10
712 12
713 12
714 15
715 12
716 11
717 12
718 9
719 11
720 10
721 11
722 12
723 10
724 10
725 10
726 9
727 8
728 8
729 8
730 7
731 6
732 7
733 6
734 5
735 4
736 5
737 4
738 5
739 5
740 5
741 4
742 7
743 9
744 8
745 9
746 9
747 11
748 12
749 9
750 9
751 7
752 6
753 8
754 6
755 7
756 7
757 9
758 7
759 9
760 11
761 11
762 12
763 12
764 11
765 9
766 11
767 10
768 8
769 9
770 11
771 15
772 12
773 12
774 11
775 13
776 12
777 11
778 9
779 6
780 4
781 4
782 2
783 2
784 3
785 2
786 1
787 1
788 2
789 6
790 5
791 7
792 4
793 1
794 5
795 4
796 5
797 5
798 4
799 5
800 6
801 4
802 3
803 3
804 2
805 2
806 2
807 1
808 3
809 0
810 2
811 2
812 2
813 1
814 3
815 1
816 2
817 3
818 3
819 2
820 2
821 4
822 1
823 3
824 2
825 5
826 6
827 7
828 8
829 10
830 9
831 10
832 9
833 11
834 10
835 10
836 12
837 14
838 13
839 13
840 12
841 13
842 15
843 12
844 13
845 12
846 12
847 12
848 13
849 13
850 13
851 12
852 10
853 9
854 8
855 8
856 8
857 6
858 6
859 10
860 8
861 8
862 10
863 9
864 11
865 12
866 9
867 7
868 6
869 5
870 6
871 9
872 7
873 6
874 7
875 5
876 4
877 3
878 3
879 2
880 3
881 4
882 5
883 4
884 6
885 6
886 5
887 7
888 7
889 5
890 7
891 6
892 5
893 5
894 5
895 7
896 6
897 5
898 6
899 6
900 5
901 6
902 5
903 3
904 1
905 5
906 7
907 8
908 10
909 10
910 10
911 12
912 13
913 10
914 12
915 13
916 14
917 16
918 13
919 15
920 12
921 16
922 13
923 14
924 13
925 14
926 13
927 13
928 12
929 12
930 11
931 11
932 10
933 13
934 12
935 14
936 13
937 16
938 13
939 13
940 13
941 11
942 11
943 10
944 10
945 11
946 10
947 9
948 8
949 8
950 9
951 10
952 12
953 11
954 12
955 11
956 9
957 8
958 6
959 5
960 5
961 3
962 4
963 3
964 2
965 2
966 5
967 5
968 4
969 3
970 4
971 6
972 5
973 8
974 7
975 5
976 3
977 0
978 4
979 5
980 8
981 9
982 9
983 8
984 6
985 5
986 7
987 7
988 8
989 7
990 5
991 6
992 8
993 5
994 4
995 4
996 6
997 3
998 1
999 2
1000 2
1001 3
1002 2
1003 2
1004 1
1005 1
1006 3
1007 2
1008 4
1009 3
1010 3
1011 4
1012 2
1013 4
1014 6
1015 7
1016 9
1017 10
1018 8
1019 8
1020 6
1021 6
1022 7
1023 8
1024 7
1025 6
1026 6
1027 7
1028 6
1029 5
1030 5
1031 4
1032 4
1033 6
1034 8
1035 7
1036 5
1037 5
1038 3
1039 1
1040 3
1041 5
1042 5
1043 5
1044 5
1045 6
1046 7
1047 5
1048 3
1049 4
1050 3
1051 2
1052 3
1053 5
1054 3
1055 3
1056 2
1057 3
1058 3
1059 1
1060 4
1061 8
1062 7
1063 9
1064 9
1065 9
1066 8
1067 6
1068 6
1069 5
1070 6
1071 7
1072 10
1073 8
1074 7
1075 6
1076 10
1077 9
1078 6
1079 8
1080 8
1081 8
1082 7
1083 7
1084 9
1085 7
1086 6
1087 6
1088 6
1089 6
1090 5
1091 6
1092 7
1093 5
1094 7
1095 9
1096 7
1097 7
1098 8
1099 9
1100 8
1101 7
1102 7
1103 7
1104 5
1105 4
1106 5
1107 5
1108 4
1109 5
1110 3
1111 6
1112 6
1113 8
1114 8
1115 8
1116 7
1117 8
1118 7
1119 8
1120 7
1121 6
1122 4
1123 3
1124 2
1125 5
1126 4
1127 5
1128 5
1129 5
1130 7
1131 7
1132 5
1133 5
1134 4
1135 6
1136 5
1137 4
1138 5
1139 6
1140 5
1141 4
1142 5
1143 6
1144 6
1145 4
1146 5
1147 4
1148 4
1149 3
1150 1
1151 1
1152 2
1153 2
1154 1
1155 3
1156 3
1157 3
1158 3
1159 3
1160 3
1161 5
1162 5
1163 4
1164 5
1165 5
1166 4
1167 2
1168 5
1169 4
1170 4
1171 3
1172 1
1173 3
1174 1
1175 4
1176 3
1177 4
1178 4
1179 5
1180 8
1181 10
1182 9
1183 7
1184 6
1185 5
1186 5
1187 6
1188 6
1189 7
1190 8
1191 8
1192 7
1193 7
1194 6
1195 5
1196 6
1197 7
1198 6
1199 5
1200 5
1201 4
1202 3
1203 1
1204 1
1205 4
1206 6
1207 6
1208 8
1209 7
1210 7
1211 4
1212 3
1213 3
1214 2
1215 1
1216 2
1217 2
1218 4
1219 3
1220 1
1221 4
1222 4
1223 6
1224 6
1225 4
1226 5
1227 8
1228 7
1229 5
1230 6
1231 6
1232 7
1233 6
1234 6
1235 5
1236 4
1237 5
1238 5
1239 3
1240 4
1241 6
1242 6
1243 8
1244 8
1245 9
1246 8
1247 9
1248 10
1249 9
1250 9
1251 10
1252 8
1253 10
1254 11
1255 8
1256 5
1257 4
1258 3
1259 2
1260 1
1261 3
1262 2
1263 5
1264 4
1265 6
1266 6
1267 4
1268 3
1269 2
1270 3
1271 3
1272 1
1273 2
1274 5
1275 4
1276 4
1277 2
1278 4
1279 6
1280 5
1281 6
1282 6
1283 8
1284 10
1285 12
1286 12
1287 12
1288 10
1289 11
1290 10
1291 12
1292 11
1293 13
1294 13
1295 12
1296 11
1297 11
1298 11
1299 11
1300 12
1301 11
1302 12
1303 10
1304 10
1305 11
1306 14
1307 13
1308 13
1309 13
1310 11
1311 10
1312 8
1313 7
1314 7
1315 8
1316 7
1317 8
1318 8
1319 7
1320 8
1321 6
1322 6
1323 8
1324 11
1325 11
1326 11
1327 13
1328 12
1329 13
1330 13
1331 14
1332 15
1333 12
1334 12
1335 15
1336 12
1337 14
1338 13
1339 13
1340 12
1341 14
1342 17
1343 14
1344 12
1345 13
1346 12
1347 13
1348 12
1349 12
1350 13
1351 11
1352 12
1353 9
1354 10
1355 11
1356 8
1357 7
1358 6
1359 4
1360 3
1361 3
1362 2
1363 3
1364 3
1365 4
1366 3
1367 0
1368 1
1369 4
1370 7
1371 5
1372 3
1373 6
1374 5
1375 4
1376 6
1377 5
1378 2
1379 2
1380 3
1381 2
1382 2
1383 4
1384 4
1385 4
1386 4
1387 2
1388 2
1389 5
1390 6
1391 4
1392 6
1393 7
1394 8
1395 6
1396 6
1397 8
1398 6
1399 7
1400 7
1401 6
1402 5
1403 6
1404 4
1405 4
1406 3
1407 4
1408 5
1409 7
1410 6
1411 5
1412 5
1413 3
1414 3
1415 3
1416 1
1417 2
1418 2
1419 2
1420 3
1421 3
1422 4
1423 2
1424 5
1425 4
1426 3
1427 1
1428 3
1429 3
1430 5
1431 4
1432 3
1433 2
1434 0
1435 4
1436 4
1437 3
1438 3
1439 0
1440 2
1441 2
1442 2
1443 2
1444 5
1445 4
1446 4
1447 2
1448 2
1449 2
1450 3
1451 2
1452 5
1453 8
1454 8
1455 7
1456 5
1457 6
1458 3
1459 3
1460 6
1461 5
1462 6
1463 8
1464 8
1465 9
1466 7
1467 6
1468 6
1469 5
1470 5
1471 4
1472 6
1473 5
1474 3
1475 2
1476 2
1477 4
1478 5
1479 5
1480 5
1481 3
1482 4
1483 2
1484 3
1485 5
1486 3
1487 3
1488 3
1489 2
1490 2
1491 5
1492 4
1493 4
1494 3
1495 5
1496 6
1497 9
1498 10
1499 9
1500 7
1501 6
1502 6
1503 6
1504 4
1505 6
1506 6
1507 5
1508 4
1509 5
1510 4
1511 4
1512 7
1513 9
1514 10
1515 11
1516 12
1517 11
1518 11
1519 14
1520 14
1521 15
1522 12
1523 10
1524 9
1525 9
1526 9
1527 11
1528 13
1529 12
1530 12
1531 9
1532 10
1533 8
1534 8
1535 7
1536 7
1537 7
1538 5
1539 4
1540 5
1541 5
1542 7
1543 7
1544 7
1545 5
1546 4
1547 2
1548 3
1549 1
1550 4
1551 6
1552 7
1553 7
1554 6
1555 6
1556 5
1557 4
1558 4
1559 5
1560 6
1561 6
1562 7
1563 6
1564 6
1565 4
1566 4
1567 2
1568 2
1569 6
1570 5
1571 5
1572 5
1573 4
1574 2
1575 3
1576 3
1577 1
1578 3
1579 3
1580 5
1581 4
1582 4
1583 3
1584 4
1585 3
1586 3
1587 4
1588 2
1589 2
1590 3
1591 3
1592 3
1593 3
1594 1
1595 5
1596 3
1597 3
1598 4
1599 3
1600 4
1601 4
1602 6
1603 7
1604 7
1605 8
1606 9
1607 9
1608 9
1609 10
1610 11
1611 13
1612 13
1613 13
1614 14
1615 14
1616 12
1617 12
1618 12
1619 12
1620 12
1621 12
1622 12
1623 13
1624 16
1625 13
1626 12
1627 13
1628 11
1629 10
1630 9
1631 8
1632 6
1633 5
1634 4
1635 2
1636 2
1637 2
1638 6
1639 9
1640 9
1641 11
1642 11
1643 9
1644 8
1645 8
1646 8
1647 9
1648 7
1649 8
1650 8
1651 8
1652 7
1653 5
1654 4
1655 4
1656 4
1657 4
1658 5
1659 3
1660 3
1661 2
1662 3
1663 3
1664 3
1665 3
1666 2
1667 3
1668 3
1669 3
1670 4
1671 4
1672 2
1673 4
1674 3
1675 1
1676 4
1677 4
1678 4
1679 2
1680 3
1681 1
1682 5
1683 5
1684 6
1685 9
1686 10
1687 9
1688 9
1689 7
1690 6
1691 5
1692 6
1693 6
1694 6
1695 6
1696 7
1697 7
1698 4
1699 6
1700 6
1701 5
1702 5
1703 3
1704 2
1705 4
1706 6
1707 3
1708 4
1709 3
1710 1
1711 8
1712 11
1713 9
1714 12
1715 10
1716 10
1717 10
1718 9
1719 9
1720 10
1721 11
1722 13
1723 15
1724 12
1725 12
1726 12
1727 14
1728 14
1729 13
1730 12
1731 12
1732 13
1733 15
1734 12
1735 10
1736 9
1737 7
1738 8
1739 8
1740 6
1741 3
1742 2
1743 1
1744 3
1745 6
1746 7
1747 8
1748 10
1749 11
1750 14
1751 17
1752 14
1753 12
1754 11
1755 8
1756 10
1757 9
1758 6
1759 5
1760 4
1761 7
1762 4
1763 4
1764 6
1765 4
1766 3
1767 2
1768 2
1769 3
1770 1
1771 4
1772 3
1773 1
1774 1
1775 3
1776 5
1777 5
1778 5
1779 6
1780 7
1781 9
1782 8
1783 12
1784 13
1785 12
1786 11
1787 11
1788 12
1789 12
1790 11
1791 10
1792 10
1793 10
1794 9
1795 10
1796 10
1797 9
1798 10
1799 10
1800 8
1801 9
1802 10
1803 10
1804 9
1805 11
1806 9
1807 6
1808 6
1809 5
1810 4
1811 1
1812 5
1813 3
1814 4
1815 3
1816 2
1817 4
1818 3
1819 5
1820 5
1821 5
1822 7
1823 8
1824 7
1825 5
1826 5
1827 5
1828 6
1829 13
1830 13
1831 13
1832 12
1833 12
1834 13
1835 14
1836 12
1837 11
1838 12
1839 11
1840 11
1841 11
1842 11
1843 12
1844 12
1845 12
1846 12
1847 9
1848 12
1849 11
1850 12
1851 14
1852 15
1853 12
1854 14
1855 15
1856 12
1857 11
1858 9
1859 8
1860 8
1861 10
1862 9
1863 9
1864 8
1865 6
1866 5
1867 5
1868 4
1869 7
1870 6
1871 7
1872 8
1873 7
1874 9
1875 10
1876 9
1877 9
1878 12
1879 15
1880 12
1881 15
1882 12
1883 12
1884 10
1885 9
1886 11
1887 13
1888 16
1889 13
1890 13
1891 13
1892 12
1893 13
1894 10
1895 9
1896 10
1897 9
1898 8
1899 7
1900 7
1901 8
1902 8
1903 6
1904 8
1905 8
1906 13
1907 13
1908 12
1909 11
1910 8
1911 5
1912 3
1913 4
1914 4
1915 2
1916 4
1917 2
1918 4
1919 4
1920 5
1921 4
1922 5
1923 3
1924 3
1925 4
1926 3
1927 1
1928 4
1929 4
1930 3
1931 2
1932 2
1933 2
1934 2
1935 4
1936 5
1937 7
1938 6
1939 6
1940 5
1941 7
1942 5
1943 3
1944 1
1945 5
1946 4
1947 3
1948 5
1949 4
1950 2
1951 2
1952 5
1953 6
1954 7
1955 9
1956 8
1957 7
1958 6
1959 4
1960 4
1961 5
1962 3
1963 2
1964 6
1965 5
1966 7
1967 7
1968 9
1969 9
1970 11
1971 10
1972 11
1973 11
1974 12
1975 12
1976 10
1977 10
1978 12
1979 13
1980 12
1981 13
1982 13
1983 13
1984 11
1985 11
1986 9
1987 8
1988 6
1989 5
1990 7
1991 7
1992 6
1993 5
1994 6
1995 6
1996 7
1997 5
1998 5
1999 6
2000 8
2001 7
2002 6
2003 6
2004 4
2005 2
2006 5
2007 6
2008 6
2009 8
2010 7
2011 8
2012 8
2013 9
2014 10
2015 11
2016 9
2017 7
2018 6
2019 5
2020 5
2021 3
2022 3
2023 3
2024 2
2025 2
2026 2
2027 3
2028 4
2029 4
2030 6
2031 7
2032 8
2033 9
2034 10
2035 10
2036 13
2037 15
2038 12
2039 14
2040 17
2041 14
2042 14
2043 15
2044 12
2045 13
2046 12
2047 13
2048 15
2049 12
2050 10
2051 10
2052 8
2053 11
2054 11
2055 10
2056 8
2057 6
2058 7
2059 6
2060 6
2061 6
2062 6
2063 6
2064 6
2065 7
2066 7
2067 9
2068 9
2069 7
2070 8
2071 6
2072 6
2073 5
2074 7
2075 9
2076 9
2077 9
2078 6
2079 6
2080 5
2081 3
2082 2
2083 4
2084 7
2085 7
2086 6
2087 4
2088 3
2089 3
2090 5
2091 4
2092 5
2093 5
2094 5
2095 7
2096 7
2097 8
2098 9
2099 7
2100 6
2101 7
2102 7
2103 8
2104 9
2105 8
2106 11
2107 10
2108 11
2109 11
2110 11
2111 10
2112 8
2113 8
2114 7
2115 6
2116 7
2117 7
2118 9
2119 8
2120 8
2121 8
2122 7
2123 7
2124 6
2125 5
2126 7
2127 10
2128 10
2129 12
2130 14
2131 15
2132 12
2133 10
2134 11
2135 14
2136 17
2137 14
2138 13
2139 10
2140 13
2141 12
2142 12
2143 15
2144 12
2145 12
2146 11
2147 11
2148 11
2149 9
2150 8
2151 6
2152 9
2153 9
2154 10
2155 8
2156 10
2157 10
2158 10
2159 8
2160 10
2161 8
2162 9
2163 7
2164 7
2165 7
2166 7
2167 8
2168 9
2169 8
2170 8
2171 8
2172 9
2173 9
2174 10
2175 9
2176 10
2177 12
2178 11
2179 10
2180 10
2181 9
2182 9
2183 8
2184 8
2185 8
2186 8
2187 8
2188 7
2189 9
2190 7
2191 8
2192 5
2193 3
2194 4
2195 3
2196 3
2197 4
2198 6
2199 6
2200 4
2201 5
2202 6
2203 3
2204 3
2205 3
2206 3
2207 3
2208 4
2209 4
2210 4
2211 3
2212 1
2213 3
2214 2
2215 5
2216 5
2217 6
2218 3
2219 2
2220 3
2221 6
2222 8
2223 5
2224 5
2225 3
2226 4
2227 9
2228 11
2229 10
2230 8
2231 8
2232 7
2233 6
2234 6
2235 7
2236 6
2237 3
2238 4
2239 3
2240 4
2241 2
2242 4
2243 5
2244 5
2245 7
2246 7
2247 6
2248 5
2249 6
2250 5
2251 7
2252 4
2253 3
2254 2
2255 2
2256 0
2257 5
2258 4
2259 3
2260 6
2261 7
2262 10
2263 11
2264 12
2265 10
2266 9
2267 9
2268 8
2269 7
2270 8
2271 7
2272 5
2273 7
2274 7
2275 6
2276 5
2277 2
2278 4
2279 3
2280 6
2281 4
2282 5
2283 2
2284 2
2285 2
2286 4
2287 3
2288 1
2289 3
2290 2
2291 2
2292 1
2293 5
2294 4
2295 4
2296 4
2297 1
2298 3
2299 2
2300 3
2301 5
2302 5
2303 8
2304 7
2305 7
2306 9
2307 10
2308 9
2309 9
2310 8
2311 9
2312 9
2313 9
2314 10
2315 11
2316 10
2317 9
2318 9
2319 10
2320 10
2321 12
2322 10
2323 8
2324 7
2325 4
2326 4
2327 4
2328 2
2329 2
2330 5
2331 3
2332 2
2333 7
2334 6
2335 5
2336 3
2337 4
2338 1
2339 2
2340 3
2341 2
2342 2
2343 4
2344 2
2345 2
2346 3
2347 3
2348 2
2349 5
2350 5
2351 4
2352 3
2353 2
2354 4
2355 4
2356 2
2357 4
2358 3
2359 3
2360 2
2361 2
2362 3
2363 2
2364 5
2365 4
2366 3
2367 3
2368 2
2369 4
2370 3
2371 4
2372 5
2373 5
2374 8
2375 7
2376 6
2377 5
2378 3
2379 3
2380 2
2381 3
2382 1
2383 3
2384 4
2385 3
2386 3
2387 6
2388 6
2389 4
2390 4
2391 2
2392 3
2393 3
2394 5
2395 5
2396 5
2397 6
2398 5
2399 5
2400 4
2401 3
2402 3
2403 1
2404 4
2405 2
2406 3
2407 3
2408 3
2409 4
2410 4
2411 5
2412 5
2413 5
2414 5
2415 3
2416 3
2417 2
2418 1
2419 1
2420 6
2421 6
2422 4
2423 4
2424 4
2425 1
2426 2
2427 6
2428 8
2429 9
2430 10
2431 9
2432 8
2433 8
2434 7
2435 7
2436 7
2437 6
2438 6
2439 6
2440 8
2441 6
2442 4
2443 2
2444 3
2445 5
2446 7
2447 8
2448 8
2449 11
2450 12
2451 11
2452 14
2453 14
2454 14
2455 13
2456 12
2457 10
2458 10
2459 10
2460 11
2461 9
2462 8
2463 8
2464 9
2465 9
2466 9
2467 9
2468 9
2469 9
2470 10
2471 8
2472 8
2473 8
2474 9
2475 8
2476 10
2477 11
2478 9
2479 6
2480 5
2481 3
2482 2
2483 4
2484 3
2485 3
2486 3
2487 2
2488 5
2489 4
2490 4
2491 2
2492 3
2493 2
2494 3
2495 3
2496 2
2497 4
2498 6
2499 6
2500 4
2501 5
2502 4
2503 3
2504 3
2505 3
2506 3
2507 2
2508 1
2509 4
2510 4
2511 3
2512 7
2513 7
2514 4
2515 7
2516 6
2517 6
2518 5
2519 5
2520 5
2521 6
2522 6
2523 6
2524 7
2525 7
2526 7
2527 8
2528 8
2529 8
2530 11
2531 11
2532 9
2533 8
2534 12
2535 11
2536 11
2537 12
2538 15
2539 12
2540 13
2541 11
2542 13
2543 13
2544 13
2545 11
2546 10
2547 9
2548 11
2549 10
2550 11
2551 12
2552 12
2553 9
2554 8
2555 7
2556 6
2557 6
2558 6
2559 6
2560 6
2561 5
2562 5
2563 4
2564 3
2565 2
2566 2
2567 2
2568 3
2569 3
2570 4
2571 3
2572 6
2573 8
2574 8
2575 7
2576 6
2577 7
2578 10
2579 11
2580 12
2581 11
2582 11
2583 10
2584 9
2585 11
2586 10
2587 8
2588 9
2589 10
2590 10
2591 12
2592 11
2593 12
2594 12
2595 10
2596 9
2597 11
2598 13
2599 15
2600 12
2601 12
2602 16
2603 13
2604 12
2605 14
2606 13
2607 14
2608 14
2609 14
2610 12
2611 10
2612 9
2613 8
2614 7
2615 8
2616 11
2617 10
2618 8
2619 6
2620 7
2621 5
2622 3
2623 3
2624 1
2625 3
2626 0
2627 1
2628 2
2629 2
2630 4
2631 6
2632 5
2633 4
2634 3
2635 2
2636 2
2637 4
2638 2
2639 5
2640 7
2641 8
2642 7
2643 6
2644 6
2645 4
2646 4
2647 4
2648 6
2649 5
2650 4
2651 3
2652 1
2653 2
2654 2
2655 7
2656 5
2657 4
2658 2
2659 0
2660 3
2661 1
2662 3
2663 2
2664 2
2665 3
2666 1
2667 0
2668 1
2669 3
2670 2
2671 2
2672 1
2673 2
2674 0
2675 5
2676 6
2677 4
2678 3
2679 2
2680 4
2681 2
2682 4
2683 3
2684 1
2685 1
2686 3
2687 3
2688 2
2689 1
2690 3
2691 2
2692 2
2693 3
2694 5
2695 6
2696 7
2697 9
2698 7
2699 6
2700 6
2701 4
2702 6
2703 5
2704 4
2705 4
2706 4
2707 3
2708 5
2709 6
2710 5
2711 5
2712 4
2713 3
2714 3
2715 6
2716 6
2717 6
2718 4
2719 1
2720 1
2721 2
2722 5
2723 7
2724 9
2725 7
2726 5
2727 5
2728 6
2729 7
2730 7
2731 6
2732 5
2733 6
2734 5
2735 3
2736 5
2737 4
2738 6
2739 6
2740 3
2741 5
2742 7
2743 7
2744 5
2745 3
2746 5
2747 5
2748 7
2749 6
2750 7
2751 7
2752 9
2753 6
2754 6
2755 7
2756 7
2757 7
2758 6
2759 4
2760 4
2761 3
2762 4
2763 6
2764 6
2765 6
2766 6
2767 5
2768 6
2769 5
2770 6
2771 7
2772 8
2773 7
2774 5
2775 4
2776 4
2777 5
2778 5
2779 5
2780 6
2781 4
2782 2
2783 5
2784 4
2785 4
2786 3
2787 3
2788 3
2789 1
2790 3
2791 2
2792 2
2793 1
2794 6
2795 7
2796 7
2797 9
2798 11
2799 11
2800 9
2801 9
2802 10
2803 13
2804 11
2805 13
2806 13
2807 13
2808 13
2809 12
2810 13
2811 14
2812 13
2813 13
2814 13
2815 13
2816 13
2817 14
2818 13
2819 12
2820 15
2821 12
2822 15
2823 12
2824 10
2825 11
2826 10
2827 9
2828 10
2829 10
2830 11
2831 13
2832 15
2833 12
2834 10
2835 10
2836 11
2837 10
2838 9
2839 10
2840 8
2841 8
2842 11
2843 10
2844 9
2845 8
2846 11
2847 9
2848 12
2849 14
2850 14
2851 11
2852 15
2853 12
2854 11
2855 12
2856 12
2857 17
2858 14
2859 13
2860 12
2861 10
2862 9
2863 8
2864 7
2865 7
2866 6
2867 5
2868 3
2869 5
2870 3
2871 3
2872 7
2873 5
2874 3
2875 1
2876 1
2877 5
2878 5
2879 5
2880 9
2881 9
2882 8
2883 9
2884 8
2885 7
2886 5
2887 6
2888 7
2889 7
2890 5
2891 5
2892 3
2893 6
2894 6
2895 5
2896 2
2897 3
2898 2
2899 1
2900 4
2901 2
2902 3
2903 5
2904 5
2905 5
2906 7
2907 7
2908 7
2909 6
2910 4
2911 3
2912 3
2913 3
2914 5
2915 3
2916 3
2917 3
2918 2
2919 3
2920 4
2921 6
2922 4
2923 4
2924 4
2925 4
2926 4
2927 3
2928 2
2929 3
2930 2
2931 3
2932 2
2933 2
2934 2
2935 3
2936 3
2937 6
2938 7
2939 8
2940 8
2941 11
2942 9
2943 9
2944 7
2945 9
2946 11
2947 10
2948 11
2949 14
2950 12
2951 10
2952 9
2953 11
2954 12
2955 11
2956 9
2957 6
2958 6
2959 4
2960 3
2961 3
2962 2
2963 4
2964 4
2965 3
2966 5
2967 4
2968 5
2969 5
2970 7
2971 8
2972 6
2973 5
2974 6
2975 8
2976 9
2977 7
2978 6
2979 6
2980 5
2981 3
2982 4
2983 5
2984 3
2985 2
2986 4
2987 4
2988 6
2989 7
2990 6
2991 6
2992 8
2993 7
2994 5
2995 4
2996 4
2997 4
2998 2
2999 4
3000 4
3001 7
3002 5
3003 5
3004 5
3005 8
3006 5
3007 4
3008 5
3009 7
3010 8
3011 8
3012 5
3013 5
3014 8
3015 9
3016 8
3017 8
3018 6
3019 5
3020 3
3021 4
3022 4
3023 4
3024 3
3025 4
3026 5
3027 4
3028 2
3029 3
3030 2
3031 5
3032 7
3033 7
3034 6
3035 6
3036 4
3037 4
3038 4
3039 5
3040 4
3041 4
3042 7
3043 7
3044 5
3045 7
3046 6
3047 7
3048 8
3049 9
3050 8
3051 7
3052 5
3053 5
3054 3
3055 2
3056 4
3057 7
3058 6
3059 8
3060 9
3061 9
3062 8
3063 5
3064 5
3065 7
3066 7
3067 6
3068 4
3069 4
3070 4
3071 5
3072 3
3073 4
3074 4
3075 4
3076 4
3077 3
3078 2
3079 4
3080 3
3081 6
3082 7
3083 10
3084 9
3085 7
3086 8
3087 8
3088 5
3089 5
3090 3
3091 2
3092 2
3093 4
3094 5
3095 6
3096 4
3097 6
3098 6
3099 5
3100 4
3101 2
3102 3
3103 3
3104 6
3105 6
3106 5
3107 6
3108 4
3109 5
3110 4
3111 3
3112 3
3113 1
3114 1
3115 5
3116 4
3117 2
3118 4
3119 5
3120 4
3121 3
3122 5
3123 5
3124 6
3125 8
3126 7
3127 7
3128 8
3129 10
3130 10
3131 12
3132 11
3133 10
3134 11
3135 11
3136 10
3137 8
3138 9
3139 8
3140 10
3141 10
3142 11
3143 12
3144 11
3145 9
3146 10
3147 10
3148 9
3149 10
3150 10
3151 8
3152 7
3153 6
3154 6
3155 6
3156 6
3157 8
3158 7
3159 6
3160 6
3161 7
3162 6
3163 6
3164 4
3165 3
3166 1
3167 2
3168 4
3169 5
3170 5
3171 4
3172 5
3173 8
3174 8
3175 8
3176 6
3177 9
3178 8
3179 10
3180 12
3181 11
3182 12
3183 13
3184 13
3185 11
3186 12
3187 12
3188 12
3189 13
3190 11
3191 9
3192 9
3193 8
3194 6
3195 7
3196 9
3197 8
3198 9
3199 8
3200 9
3201 7
3202 8
3203 7
3204 5
3205 5
3206 5
3207 5
3208 3
3209 1
3210 3
3211 2
3212 3
3213 2
3214 5
3215 3
3216 5
3217 5
3218 3
3219 8
3220 9
3221 7
3222 5
3223 6
3224 8
3225 8
3226 7
3227 6
3228 5
3229 5
3230 8
3231 9
3232 8
3233 7
3234 9
3235 7
3236 8
3237 9
3238 8
3239 10
3240 10
3241 9
3242 12
3243 15
3244 12
3245 14
3246 16
3247 13
3248 16
3249 13
3250 11
3251 10
3252 12
3253 15
3254 12
3255 12
3256 13
3257 13
3258 13
3259 15
3260 12
3261 12
3262 13
3263 12
3264 12
3265 13
3266 16
3267 13
3268 12
3269 13
3270 13
3271 13
3272 13
3273 15
3274 12
3275 16
3276 13
3277 11
3278 12
3279 12
3280 14
3281 13
3282 14
3283 14
3284 16
3285 13
3286 13
3287 14
3288 12
3289 11
3290 9
3291 9
3292 6
3293 8
3294 6
3295 7
3296 6
3297 6
3298 6
3299 7
3300 8
3301 9
3302 10
3303 10
3304 10
3305 11
3306 12
3307 12
3308 14
3309 13
3310 14
3311 11
3312 14
3313 13
3314 10
3315 9
3316 12
3317 11
3318 11
3319 12
3320 13
3321 12
3322 11
3323 14
3324 15
3325 12
3326 10
3327 11
3328 9
3329 11
3330 11
3331 12
3332 11
3333 11
3334 10
3335 9
3336 7
3337 6
3338 8
3339 9
3340 8
3341 6
3342 9
3343 10
3344 11
3345 9
3346 8
3347 8
3348 8
3349 6
3350 7
3351 4
3352 3
3353 2
3354 2
3355 0
3356 1
3357 4
3358 5
3359 3
3360 7
3361 7
3362 8
3363 8
3364 7
3365 5
3366 8
3367 7
3368 8
3369 6
3370 8
3371 9
3372 9
3373 9
3374 8
3375 9
3376 11
3377 12
3378 14
3379 14
3380 17
3381 14
3382 14
3383 16
3384 13
3385 14
3386 14
3387 14
3388 15
3389 12
3390 10
3391 10
3392 8
3393 8
3394 11
3395 10
3396 9
3397 10
3398 10
3399 10
3400 12
3401 10
3402 8
3403 6
3404 9
3405 7
3406 7
3407 5
3408 4
3409 3
3410 4
3411 3
3412 3
3413 4
3414 4
3415 3
3416 4
3417 3
3418 2
3419 4
3420 4
3421 4
3422 5
3423 4
3424 9
3425 10
3426 9
3427 6
3428 6
3429 8
3430 8
3431 7
3432 10
3433 11
3434 11
3435 12
3436 12
3437 12
3438 11
3439 12
3440 11
3441 12
3442 13
3443 14
3444 14
3445 13
3446 12
3447 11
3448 8
3449 7
3450 7
3451 6
3452 7
3453 8
3454 7
3455 8
3456 7
3457 9
3458 11
3459 9
3460 9
3461 9
3462 9
3463 9
3464 8
3465 6
3466 3
3467 4
3468 3
3469 3
3470 3
3471 2
3472 3
3473 5
3474 4
3475 5
3476 6
3477 5
3478 7
3479 6
3480 7
3481 5
3482 3
3483 3
3484 2
3485 5
3486 5
3487 4
3488 6
3489 3
3490 2
3491 3
3492 2
3493 3
3494 3
3495 3
3496 2
3497 5
3498 5
3499 5
3500 4
3501 2
3502 2
3503 1
3504 1
3505 4
3506 4
3507 3
3508 2
3509 1
3510 2
3511 5
3512 4
3513 3
3514 1
3515 0
3516 2
3517 5
3518 3
3519 4
3520 1
3521 7
3522 9
3523 6
3524 5
3525 5
3526 5
3527 5
3528 7
3529 6
3530 7
3531 7
3532 5
3533 5
3534 6
3535 5
3536 4
3537 2
3538 2
3539 5
3540 4
3541 5
3542 2
3543 5
3544 8
3545 7
3546 9
3547 8
3548 9
3549 11
3550 11
3551 10
3552 10
3553 10
3554 9
3555 7
3556 7
3557 4
3558 7
3559 7
3560 7
3561 9
3562 7
3563 9
3564 10
3565 9
3566 10
3567 11
3568 13
3569 14
3570 14
3571 14
3572 13
3573 17
3574 14
3575 14
3576 15
3577 12
3578 12
3579 11
3580 9
3581 10
3582 12
3583 10
3584 8
3585 8
3586 8
3587 5
3588 4
3589 6
3590 6
3591 8
3592 6
3593 6
3594 5
3595 5
3596 5
3597 9
3598 9
3599 8
3600 8
3601 8
3602 8
3603 8
3604 11
3605 9
3606 11
3607 13
3608 13
3609 13
3610 14
3611 13
3612 14
3613 12
3614 10
3615 10
3616 11
3617 13
3618 10
3619 9
3620 9
3621 10
3622 12
3623 13
3624 13
3625 15
3626 12
3627 11
3628 11
3629 10
3630 12
3631 13
3632 15
3633 12
3634 10
3635 11
3636 13
3637 11
3638 11
3639 10
3640 10
3641 9
3642 9
3643 11
3644 10
3645 8
3646 7
3647 8
3648 8
3649 10
3650 8
3651 9
3652 8
3653 8
3654 6
3655 7
3656 6
3657 5
3658 6
3659 8
3660 6
3661 3
3662 3
3663 6
3664 3
3665 2
3666 3
3667 4
3668 4
3669 6
3670 7
3671 7
3672 5
3673 4
3674 2
3675 4
3676 3
3677 2
3678 2
3679 4
3680 3
3681 2
3682 2
3683 3
3684 5
3685 4
3686 3
3687 1
3688 2
3689 3
3690 3
3691 2
3692 2
3693 4
3694 4
3695 5
3696 7
3697 6
3698 6
3699 5
3700 6
3701 7
3702 9
3703 9
3704 8
3705 7
3706 8
3707 10
3708 10
3709 9
3710 8
3711 7
3712 6
3713 5
3714 3
3715 6
3716 5
3717 3
3718 4
3719 3
3720 2
3721 4
3722 4
3723 3
3724 4
3725 3
3726 4
3727 4
3728 3
3729 3
3730 5
3731 5
3732 6
3733 5
3734 5
3735 5
3736 5
3737 5
3738 6
3739 5
3740 5
3741 5
3742 4
3743 6
3744 5
3745 7
3746 8
3747 6
3748 7
3749 6
3750 6
3751 8
3752 11
3753 12
3754 12
3755 12
3756 13
3757 14
3758 16
3759 13
3760 12
3761 11
3762 10
3763 9
3764 8
3765 8
3766 10
3767 10
3768 9
3769 8
3770 7
3771 7
3772 7
3773 9
3774 10
3775 10
3776 10
3777 10
3778 7
3779 7
3780 6
3781 7
3782 4
3783 4
3784 5
3785 5
3786 6
3787 6
3788 6
3789 5
3790 5
3791 4
3792 3
3793 3
3794 1
3795 5
3796 4
3797 3
3798 3
3799 3
3800 5
3801 4
3802 4
3803 1
3804 5
3805 6
3806 7
3807 8
3808 7
3809 6
3810 3
3811 3
3812 4
3813 3
3814 5
3815 5
3816 4
3817 5
3818 3
3819 3
3820 5
3821 8
3822 7
3823 6
3824 7
3825 8
3826 5
3827 5
3828 4
3829 2
3830 3
3831 3
3832 2
3833 5
3834 4
3835 1
3836 5
3837 6
3838 6
3839 5
3840 6
3841 7
3842 7
3843 8
3844 5
3845 5
3846 5
3847 6
3848 8
3849 6
3850 5
3851 3
3852 3
3853 4
3854 4
3855 7
3856 5
3857 6
3858 6
3859 3
3860 2
3861 3
3862 3
3863 3
3864 2
3865 1
3866 2
3867 4
3868 2
3869 2
3870 1
3871 4
3872 3
3873 1
3874 2
3875 3
3876 2
3877 3
3878 5
3879 4
3880 3
3881 2
3882 2
3883 5
3884 5
3885 8
3886 10
3887 11
3888 13
3889 13
3890 11
3891 12
3892 13
3893 14
3894 13
3895 13
3896 12
3897 13
3898 10
3899 8
3900 6
3901 7
3902 5
3903 4
3904 4
3905 3
3906 1
3907 2
3908 5
3909 5
3910 7
3911 6
3912 5
3913 2
3914 3
3915 6
3916 6
3917 6
3918 5
3919 4
3920 2
3921 3
3922 2
3923 5
3924 3
3925 2
3926 4
3927 4
3928 5
3929 4
3930 4
3931 4
3932 5
3933 4
3934 4
3935 2
3936 2
3937 3
3938 1
3939 2
3940 4
3941 4
3942 3
3943 2
3944 2
3945 1
3946 1
3947 3
3948 2
3949 3
3950 2
3951 1
3952 5
3953 5
3954 6
3955 8
3956 9
3957 8
3958 8
3959 9
3960 9
3961 10
3962 11
3963 11
3964 14
3965 14
3966 14
3967 15
3968 12
3969 12
3970 11
3971 11
3972 9
3973 12
3974 11
3975 13
3976 15
3977 12
3978 10
3979 8
3980 7
3981 5
3982 4
3983 4
3984 2
3985 1
3986 3
3987 2
3988 3
3989 2
3990 5
3991 4
3992 4
3993 3
3994 2
3995 3
3996 6
3997 5
3998 5
3999 3
4000 4
4001 5
4002 4
4003 3
4004 1
4005 1
4006 3
4007 1
4008 2
4009 2
4010 1
4011 3
4012 1
4013 3
4014 4
4015 6
4016 4
4017 3
4018 3
4019 2
4020 5
4021 3
4022 3
4023 1
4024 1
4025 4
4026 5
4027 6
4028 6
4029 4
4030 2
4031 2
4032 3
4033 4
4034 3
4035 2
4036 4
4037 3
4038 3
4039 3
4040 4
4041 3
4042 2
4043 1
4044 5
4045 3
4046 1
4047 2
4048 1
4049 2
4050 1
4051 3
4052 4
4053 4
4054 4
4055 3
4056 2
4057 4
4058 1
4059 3
4060 2
4061 4
4062 4
4063 3
4064 5
4065 3
4066 3
4067 1
4068 5
4069 5
4070 5
4071 3
4072 2
4073 3
4074 3
4075 4
4076 3
4077 3
4078 2
4079 3
4080 3
4081 2
4082 1
4083 3
4084 2
4085 2
4086 3
4087 5
4088 5
4089 6
4090 7
4091 7
4092 5
4093 4
4094 3
4095 2
4096 3
4097 3
4098 4
4099 4
4100 3
4101 5
4102 5
4103 4
4104 3
4105 2
4106 5
4107 7
4108 6
4109 7
4110 7
4111 8
4112 7
4113 7
4114 4
4115 4
4116 6
4117 7
4118 5
4119 3
4120 1
4121 4
4122 5
4123 6
4124 4
4125 4
4126 4
4127 3
4128 3
4129 3
4130 3
4131 3
4132 4
4133 3
4134 3
4135 3
4136 2
4137 1
4138 3
4139 5
4140 6
4141 5
4142 4
4143 5
4144 6
4145 5
4146 2
4147 2
4148 2
4149 2
4150 5
4151 4
4152 5
4153 3
4154 2
4155 2
4156 3
4157 2
4158 5
4159 5
4160 4
4161 6
4162 5
4163 4
4164 6
4165 7
4166 5
4167 4
4168 3
4169 3
4170 4
4171 4
4172 3
4173 4
4174 5
4175 6
4176 7
4177 4
4178 6
4179 5
4180 4
4181 8
4182 8
4183 6
4184 8
4185 8
4186 7
4187 7
4188 8
4189 7
4190 5
4191 5
4192 6
4193 4
4194 3
4195 3
4196 3
4197 1
4198 1
4199 2
4200 3
4201 1
4202 3
4203 3
4204 3
4205 1
4206 4
4207 4
4208 6
4209 5
4210 5
4211 6
4212 6
4213 4
4214 4
4215 4
4216 6
4217 3
4218 5
4219 4
4220 3
4221 3
4222 4
4223 2
4224 4
4225 6
4226 5
4227 6
4228 6
4229 4
4230 4
4231 9
4232 9
4233 10
4234 12
4235 11
4236 13
4237 10
4238 10
4239 12
4240 12
4241 12
4242 11
4243 11
4244 12
4245 10
4246 7
4247 6
4248 7
4249 4
4250 4
4251 5
4252 4
4253 2
4254 5
4255 4
4256 2
4257 2
4258 2
4259 3
4260 0
4261 1
4262 4
4263 4
4264 3
4265 4
4266 3
4267 3
4268 3
4269 6
4270 6
4271 8
4272 9
4273 9
4274 10
4275 11
4276 9
4277 10
4278 8
4279 6
4280 5
4281 4
4282 7
4283 4
4284 7
4285 9
4286 8
4287 9
4288 10
4289 11
4290 14
4291 12
4292 12
4293 11
4294 10
4295 10
4296 10
4297 10
4298 11
4299 10
4300 11
4301 11
4302 12
4303 9
4304 12
4305 12
4306 10
4307 12
4308 11
4309 12
4310 12
4311 11
4312 12
4313 12
4314 13
4315 10
4316 9
4317 10
4318 13
4319 15
4320 12
4321 10
4322 9
4323 10
4324 11
4325 11
4326 12
4327 11
4328 12
4329 12
4330 10
4331 10
4332 8
4333 8
4334 6
4335 4
4336 2
4337 3
4338 4
4339 4
4340 7
4341 7
4342 5
4343 7
4344 10
4345 11
4346 14
4347 13
4348 12
4349 12
4350 11
4351 10
4352 9
4353 9
4354 8
4355 8
4356 9
4357 12
4358 13
4359 13
4360 13
4361 12
4362 11
4363 9
4364 9
4365 7
4366 9
4367 9
4368 11
4369 9
4370 9
4371 10
4372 10
4373 10
4374 10
4375 14
4376 12
4377 10
4378 10
4379 12
4380 13
4381 13
4382 13
4383 12
4384 12
4385 13
4386 12
4387 14
4388 14
4389 18
4390 15
4391 12
4392 10
4393 12
4394 11
4395 9
4396 8
4397 7
4398 6
4399 6
4400 7
4401 10
4402 8
4403 10
4404 10
4405 12
4406 11
4407 11
4408 12
4409 13
4410 11
4411 9
4412 11
4413 12
4414 13
4415 14
4416 15
4417 12
4418 11
4419 12
4420 14
4421 15
4422 12
4423 11
4424 11
4425 11
4426 10
4427 11
4428 10
4429 10
4430 11
4431 12
4432 12
4433 9
4434 6
4435 6
4436 4
4437 4
4438 5
4439 5
4440 3
4441 2
4442 4
4443 4
4444 2
4445 3
4446 3
4447 2
4448 2
4449 2
4450 2
4451 3
4452 3
4453 3
4454 2
4455 7
4456 5
4457 6
4458 9
4459 7
4460 7
4461 9
4462 8
4463 8
4464 9
4465 9
4466 7
4467 6
4468 7
4469 10
4470 9
4471 8
4472 10
4473 11
4474 12
4475 11
4476 11
4477 11
4478 9
4479 10
4480 10
4481 12
4482 13
4483 15
4484 12
4485 11
4486 9
4487 11
4488 14
4489 14
4490 15
4491 12
4492 12
4493 11
4494 9
4495 10
4496 10
4497 10
4498 12
4499 9
4500 8
4501 7
4502 6
4503 4
4504 4
4505 2
4506 3
4507 2
4508 3
4509 3
4510 2
4511 3
4512 5
4513 5
4514 8
4515 7
4516 7
4517 5
4518 6
4519 6
4520 6
4521 4
4522 2
4523 3
4524 2
4525 4
4526 2
4527 5
4528 6
4529 5
4530 4
4531 2
4532 4
4533 5
4534 4
4535 2
4536 3
4537 1
4538 4
4539 5
4540 6
4541 5
4542 7
4543 6
4544 3
4545 5
4546 5
4547 8
4548 7
4549 7
4550 6
4551 4
4552 3
4553 4
4554 3
4555 1
4556 3
4557 4
4558 5
4559 5
4560 4
4561 4
4562 7
4563 8
4564 10
4565 9
4566 6
4567 4
4568 4
4569 3
4570 2
4571 1
4572 4
4573 5
4574 4
4575 6
4576 5
4577 5
4578 4
4579 5
4580 4
4581 4
4582 5
4583 6
4584 8
4585 9
4586 8
4587 6
4588 8
4589 7
4590 7
4591 5
4592 6
4593 7
4594 6
4595 4
4596 3
4597 5
4598 5
4599 2
4600 5
4601 4
4602 6
4603 5
4604 5
4605 3
4606 2
4607 1
4608 2
4609 6
4610 3
4611 4
4612 6
4613 4
4614 5
4615 8
4616 8
4617 10
4618 12
4619 12
4620 14
4621 14
4622 13
4623 15
4624 12
4625 11
4626 12
4627 11
4628 12
4629 10
4630 10
4631 12
4632 12
4633 10
4634 10
4635 10
4636 9
4637 10
4638 11
4639 11
4640 10
4641 11
4642 13
4643 13
4644 10
4645 8
4646 6
4647 5
4648 3
4649 3
4650 3
4651 2
4652 4
4653 4
4654 2
4655 3
4656 4
4657 1
4658 2
4659 0
4660 4
4661 3
4662 3
4663 6
4664 8
4665 7
4666 7
4667 8
4668 7
4669 5
4670 5
4671 8
4672 9
4673 6
4674 7
4675 5
4676 8
4677 7
4678 9
4679 11
4680 10
4681 10
4682 9
4683 9
4684 6
4685 5
4686 5
4687 2
4688 1
4689 3
4690 0
4691 4
4692 4
4693 4
4694 3
4695 3
4696 3
4697 2
4698 1
4699 1
4700 1
4701 4
4702 4
4703 5
4704 4
4705 4
4706 5
4707 4
4708 2
4709 3
4710 2
4711 5
4712 3
4713 4
4714 5
4715 7
4716 6
4717 6
4718 5
4719 4
4720 5
4721 7
4722 8
4723 7
4724 8
4725 6
4726 7
4727 5
4728 6
4729 6
4730 4
4731 3
4732 3
4733 4
4734 6
4735 5
4736 6
4737 5
4738 6
4739 5
4740 4
4741 2
4742 5
4743 8
4744 7
4745 7
4746 8
4747 11
4748 11
4749 11
4750 12
4751 12
4752 12
4753 12
4754 12
4755 11
4756 11
4757 12
4758 12
4759 13
4760 14
4761 12
4762 9
4763 9
4764 10
4765 8
4766 6
4767 6
4768 5
4769 6
4770 6
4771 6
4772 7
4773 6
4774 7
4775 6
4776 5
4777 5
4778 6
4779 7
4780 7
4781 8
4782 6
4783 6
4784 7
4785 9
4786 12
4787 14
4788 12
4789 11
4790 11
4791 11
4792 9
4793 8
4794 10
4795 8
4796 8
4797 8
4798 6
4799 5
4800 6
4801 6
4802 4
4803 3
4804 4
4805 3
4806 2
4807 2
4808 3
4809 1
4810 3
4811 2
4812 2
4813 3
4814 6
4815 5
4816 7
4817 6
4818 5
4819 3
4820 2
4821 2
4822 3
4823 6
4824 6
4825 8
4826 8
4827 8
4828 7
4829 6
4830 8
4831 7
4832 5
4833 3
4834 4
4835 6
4836 5
4837 4
4838 5
4839 3
4840 2
4841 3
4842 4
4843 3
4844 4
4845 4
4846 4
4847 4
4848 5
4849 4
4850 6
4851 5
4852 5
4853 4
4854 5
4855 4
4856 4
4857 3
4858 3
4859 2
4860 3
4861 1
4862 3
4863 3
4864 5
4865 4
4866 3
4867 4
4868 3
4869 5
4870 4
4871 5
4872 5
4873 6
4874 8
4875 9
4876 10
4877 11
4878 11
4879 10
4880 9
4881 9
4882 11
4883 16
4884 13
4885 13
4886 15
4887 12
4888 13
4889 12
4890 12
4891 13
4892 13
4893 12
4894 11
4895 13
4896 12
4897 11
4898 10
4899 12
4900 11
4901 10
4902 10
4903 9
4904 10
4905 9
4906 8
4907 7
4908 7
4909 6
4910 5
4911 7
4912 7
4913 7
4914 5
4915 6
4916 5
4917 7
4918 5
4919 6
4920 6
4921 8
4922 9
4923 6
4924 4
4925 3
4926 5
4927 4
4928 3
4929 3
4930 3
4931 2
4932 1
4933 6
4934 4
4935 3
4936 3
4937 2
4938 1
4939 2
4940 3
4941 3
4942 4
4943 4
4944 6
4945 6
4946 8
4947 6
4948 4
4949 5
4950 4
4951 3
4952 2
4953 2
4954 4
4955 5
4956 3
4957 2
4958 4
4959 6
4960 8
4961 7
4962 8
4963 7
4964 5
4965 4
4966 5
4967 6
4968 7
4969 8
4970 9
4971 11
4972 12
4973 12
4974 12
4975 11
4976 9
4977 9
4978 10
4979 12
4980 11
4981 11
4982 10
4983 14
4984 13
4985 13
4986 16
4987 13
4988 12
4989 12
4990 13
4991 13
4992 14
4993 14
4994 14
4995 15
4996 12
4997 11
4998 11
4999 13
5000 13
5001 11
5002 11
5003 8
5004 8
5005 5
5006 2
5007 6
5008 6
5009 5
5010 3
5011 2
5012 3
5013 5
5014 4
5015 1
5016 2
5017 4
5018 4
5019 4
5020 3
5021 3
5022 5
5023 6
5024 6
5025 6
5026 7
5027 7
5028 8
5029 9
5030 9
5031 9
5032 8
5033 8
5034 9
5035 11
5036 11
5037 11
5038 12
5039 12
5040 11
5041 11
5042 11
5043 11
5044 11
5045 11
5046 12
5047 11
5048 9
5049 9
5050 7
5051 9
5052 9
5053 8
5054 7
5055 9
5056 8
5057 8
5058 6
5059 9
5060 12
5061 11
5062 12
5063 13
5064 13
5065 14
5066 15
5067 12
5068 13
5069 12
5070 13
5071 13
5072 15
5073 12
5074 15
5075 12
5076 11
5077 9
5078 7
5079 7
5080 7
5081 9
5082 8
5083 5
5084 3
5085 5
5086 5
5087 3
5088 3
5089 4
5090 6
5091 5
5092 6
5093 6
5094 6
5095 7
5096 8
5097 8
5098 9
5099 10
5100 10
5101 9
5102 10
5103 13
5104 11
5105 10
5106 9
5107 8
5108 8
5109 8
5110 8
5111 9
5112 8
5113 10
5114 8
5115 6
5116 6
5117 4
5118 4
5119 5
5120 6
5121 7
5122 6
5123 4
5124 1
5125 3
5126 3
5127 5
5128 4
5129 3
5130 1
5131 3
5132 2
5133 3
5134 3
5135 4
5136 4
5137 5
5138 2
5139 2
5140 3
5141 5
5142 4
5143 5
5144 3
5145 2
5146 4
5147 2
5148 1
5149 3
5150 2
5151 2
5152 3
5153 2
5154 0
5155 4
5156 3
5157 5
5158 4
5159 4
5160 4
5161 3
5162 2
5163 3
5164 1
5165 2
5166 1
5167 2
5168 1
5169 4
5170 5
5171 5
5172 5
5173 6
5174 6
5175 4
5176 4
5177 3
5178 5
5179 9
5180 12
5181 13
5182 12
5183 14
5184 14
5185 12
5186 12
5187 11
5188 10
5189 11
5190 9
5191 8
5192 8
5193 7
5194 9
5195 9
5196 10
5197 12
5198 12
5199 12
5200 13
5201 13
5202 14
5203 12
5204 11
5205 14
5206 15
5207 12
5208 11
5209 14
5210 13
5211 12
5212 12
5213 11
5214 13
5215 13
5216 13
5217 11
5218 8
5219 12
5220 13
5221 14
5222 16
5223 13
5224 11
5225 11
5226 9
5227 7
5228 7
5229 9
5230 10
5231 10
5232 7
5233 7
5234 4
5235 3
5236 7
5237 6
5238 5
5239 2
5240 2
5241 5
5242 4
5243 6
5244 8
5245 6
5246 9
5247 10
5248 10
5249 8
5250 7
5251 8
5252 9
5253 9
5254 10
5255 11
5256 9
5257 8
5258 6
5259 3
5260 5
5261 2
5262 4
5263 6
5264 6
5265 6
5266 6
5267 5
5268 5
5269 6
5270 4
5271 1
5272 3
5273 2
5274 0
5275 3
5276 4
5277 7
5278 9
5279 8
5280 7
5281 7
5282 8
5283 7
5284 6
5285 4
5286 7
5287 10
5288 8
5289 6
5290 4
5291 4
5292 2
5293 0
5294 4
5295 4
5296 3
5297 1
5298 3
5299 2
5300 3
5301 3
5302 3
5303 3
5304 3
5305 3
5306 5
5307 5
5308 6
5309 8
5310 8
5311 7
5312 5
5313 8
5314 9
5315 7
5316 6
5317 7
5318 5
5319 5
5320 6
5321 8
5322 9
5323 9
5324 11
5325 10
5326 10
5327 10
5328 13
5329 12
5330 11
5331 12
5332 14
5333 15
5334 12
5335 11
5336 12
5337 14
5338 15
5339 12
5340 11
5341 12
5342 13
5343 14
5344 15
5345 12
5346 9
5347 7
5348 7
5349 7
5350 7
5351 6
5352 8
5353 9
5354 9
5355 8
5356 7
5357 5
5358 3
5359 1
5360 2
5361 1
5362 3
5363 2
5364 6
5365 8
5366 9
5367 12
5368 13
5369 13
5370 12
5371 14
5372 15
5373 12
5374 13
5375 16
5376 13
5377 14
5378 11
5379 13
5380 14
5381 12
5382 16
5383 13
5384 14
5385 15
5386 12
5387 10
5388 8
5389 8
5390 8
5391 8
5392 8
5393 9
5394 8
5395 7
5396 11
5397 15
5398 12
5399 9
5400 9
5401 8
5402 8
5403 7
5404 7
5405 7
5406 7
5407 7
5408 9
5409 7
5410 8
5411 8
5412 9
5413 9
5414 8
5415 7
5416 8
5417 8
5418 6
5419 8
5420 6
5421 5
5422 7
5423 5
5424 4
5425 6
5426 6
5427 3
5428 1
5429 1
5430 0
5431 2
5432 4
5433 5
5434 6
5435 5
5436 4
5437 5
5438 6
5439 4
5440 6
5441 6
5442 4
5443 1
5444 2
5445 2
5446 4
5447 4
5448 5
5449 4
5450 1
5451 5
5452 6
5453 4
5454 5
5455 3
5456 0
5457 2
5458 1
5459 3
5460 2
5461 2
5462 2
5463 3
5464 3
5465 1
5466 3
5467 4
5468 2
5469 5
5470 7
5471 6
5472 5
5473 6
5474 6
5475 8
5476 9
5477 9
5478 11
5479 11
5480 10
5481 11
5482 12
5483 13
5484 13
5485 13
5486 13
5487 11
5488 11
5489 11
5490 12
5491 11
5492 12
5493 14
5494 15
5495 12
5496 14
5497 13
5498 12
5499 13
5500 12
5501 12
5502 10
5503 10
5504 10
5505 14
5506 13
5507 14
5508 12
5509 13
5510 12
5511 12
5512 11
5513 9
5514 12
5515 12
5516 14
5517 14
5518 15
5519 12
5520 10
5521 12
5522 12
5523 13
5524 16
5525 13
5526 12
5527 11
5528 10
5529 8
5530 7
5531 8
5532 11
5533 12
5534 12
5535 15
5536 12
5537 9
5538 7
5539 6
5540 5
5541 6
5542 9
5543 8
5544 5
5545 4
5546 6
5547 6
5548 6
5549 7
5550 8
5551 9
5552 8
5553 8
5554 8
5555 6
5556 7
5557 5
5558 3
5559 1
5560 6
5561 4
5562 4
5563 3
5564 1
5565 2
5566 2
5567 1
5568 4
5569 3
5570 5
5571 4
5572 4
5573 5
5574 5
5575 5
5576 6
5577 8
5578 8
5579 8
5580 7
5581 6
5582 6
5583 4
5584 6
5585 9
5586 8
5587 8
5588 11
5589 10
5590 13
5591 15
5592 12
5593 12
5594 12
5595 13
5596 13
5597 14
5598 12
5599 13
5600 13
5601 16
5602 13
5603 13
5604 13
5605 12
5606 13
5607 12
5608 10
5609 12
5610 13
5611 15
5612 12
5613 13
5614 11
5615 13
5616 15
5617 12
5618 15
5619 12
5620 14
5621 17
5622 14
5623 13
5624 12
5625 12
5626 13
5627 12
5628 11
5629 11
5630 11
5631 10
5632 9
5633 9
5634 10
5635 9
5636 9
5637 8
5638 7
5639 6
5640 4
5641 2
5642 1
5643 3
5644 5
5645 3
5646 6
5647 6
5648 7
5649 8
5650 8
5651 7
5652 8
5653 9
5654 9
5655 11
5656 9
5657 7
5658 5
5659 5
5660 7
5661 8
5662 8
5663 9
5664 10
5665 8
5666 8
5667 9
5668 9
5669 9
5670 8
5671 9
5672 9
5673 8
5674 8
5675 7
5676 5
5677 4
5678 4
5679 2
5680 0
5681 3
5682 2
5683 3
5684 5
5685 2
5686 1
5687 3
5688 2
5689 2
5690 2
5691 3
5692 6
5693 6
5694 8
5695 9
5696 9
5697 9
5698 10
5699 11
5700 8
5701 8
5702 6
5703 7
5704 11
5705 10
5706 8
5707 7
5708 6
5709 5
5710 6
5711 5
5712 5
5713 4
5714 5
5715 7
5716 7
5717 6
5718 4
5719 4
5720 6
5721 5
5722 2
5723 2
5724 3
5725 4
5726 3
5727 5
5728 3
5729 6
5730 6
5731 7
5732 6
5733 6
5734 6
5735 7
5736 6
5737 6
5738 6
5739 7
5740 5
5741 3
5742 3
5743 2
5744 4
5745 2
5746 4
5747 4
5748 3
5749 2
5750 4
5751 5
5752 5
5753 6
5754 4
5755 4
5756 3
5757 3
5758 6
5759 8
5760 5
5761 5
5762 4
5763 2
5764 1
5765 4
5766 4
5767 4
5768 4
5769 6
5770 9
5771 8
5772 8
5773 8
5774 10
5775 11
5776 12
5777 10
5778 11
5779 13
5780 12
5781 15
5782 12
5783 15
5784 12
5785 14
5786 14
5787 12
5788 13
5789 13
5790 13
5791 12
5792 11
5793 11
5794 10
5795 10
5796 9
5797 9
5798 10
5799 10
5800 8
5801 8
5802 9
5803 8
5804 8
5805 7
5806 6
5807 5
5808 4
5809 3
5810 5
5811 3
5812 0
5813 4
5814 2
5815 4
5816 1
5817 5
5818 2
5819 1
5820 3
5821 1
5822 2
5823 3
5824 4
5825 6
5826 7
5827 7
5828 8
5829 8
5830 8
5831 6
5832 8
5833 7
5834 6
5835 5
5836 6
5837 8
5838 5
5839 5
5840 6
5841 6
5842 6
5843 8
5844 8
5845 7
5846 6
5847 5
5848 7
5849 9
5850 10
5851 10
5852 13
5853 13
5854 14
5855 13
5856 11
5857 13
5858 15
5859 12
5860 12
5861 12
5862 12
5863 11
5864 9
5865 10
5866 9
5867 9
5868 10
5869 10
5870 10
5871 10
5872 10
5873 11
5874 10
5875 11
5876 11
5877 13
5878 13
5879 11
5880 14
5881 11
5882 10
5883 9
5884 11
5885 16
5886 13
5887 11
5888 13
5889 11
5890 12
5891 12
5892 14
5893 15
5894 12
5895 11
5896 11
5897 12
5898 14
5899 14
5900 16
5901 13
5902 14
5903 15
5904 12
5905 13
5906 14
5907 17
5908 14
5909 16
5910 13
5911 12
5912 14
5913 12
5914 14
5915 15
5916 12
5917 12
5918 11
5919 11
5920 11
5921 12
5922 13
5923 12
5924 12
5925 11
5926 11
5927 11
5928 10
5929 9
5930 10
5931 8
5932 7
5933 6
5934 9
5935 9
5936 7
5937 10
5938 9
5939 10
5940 11
5941 9
5942 9
5943 8
5944 10
5945 10
5946 10
5947 10
5948 12
5949 11
5950 11
5951 10
5952 10
5953 9
5954 10
5955 11
5956 12
5957 12
5958 12
5959 11
5960 12
5961 12
5962 11
5963 12
5964 13
5965 14
5966 15
5967 12
5968 13
5969 11
5970 9
5971 9
5972 10
5973 11
5974 9
5975 12
5976 10
5977 12
5978 13
5979 13
5980 13
5981 12
5982 10
5983 9
5984 6
5985 6
5986 5
5987 5
5988 5
5989 3
5990 3
5991 5
5992 5
5993 5
5994 6
5995 7
5996 10
5997 9
5998 10
5999 8
6000 6
6001 6
6002 4
6003 3
6004 3
6005 6
6006 6
6007 6
6008 8
6009 9
6010 7
6011 8
6012 11
6013 10
6014 11
6015 13
6016 15
6017 12
6018 15
6019 12
6020 9
6021 11
6022 12
6023 13
6024 13
6025 11
6026 13
6027 12
6028 12
6029 13
6030 13
6031 11
6032 11
6033 14
6034 14
6035 13
6036 14
6037 14
6038 13
6039 12
6040 14
6041 13
6042 12
6043 10
6044 10
6045 8
6046 11
6047 11
6048 12
6049 12
6050 13
6051 13
6052 13
6053 11
6054 10
6055 12
6056 13
6057 12
6058 11
6059 10
6060 11
6061 11
6062 14
6063 14
6064 13
6065 12
6066 13
6067 14
6068 14
6069 16
6070 13
6071 12
6072 11
6073 10
6074 8
6075 5
6076 6
6077 4
6078 3
6079 5
6080 5
6081 5
6082 3
6083 2
6084 3
6085 3
6086 2
6087 3
6088 1
6089 2
6090 2
6091 5
6092 3
6093 3
6094 0
6095 4
6096 3
6097 1
6098 4
6099 5
6100 6
6101 4
6102 6
6103 5
6104 3
6105 7
6106 6
6107 5
6108 5
6109 4
6110 7
6111 5
6112 6
6113 5
6114 5
6115 5
6116 4
6117 5
6118 5
6119 6
6120 4
6121 4
6122 7
6123 4
6124 6
6125 4
6126 6
6127 6
6128 8
6129 9
6130 9
6131 6
6132 10
6133 10
6134 8
6135 11
6136 11
6137 12
6138 14
6139 14
6140 11
6141 10
6142 8
6143 5
6144 3
6145 4
6146 2
6147 3
6148 4
6149 6
6150 4
6151 4
6152 4
6153 4
6154 6
6155 7
6156 6
6157 7
6158 8
6159 11
6160 11
6161 10
6162 9
6163 11
6164 11
6165 11
6166 9
6167 9
6168 11
6169 9
6170 10
6171 10
6172 13
6173 12
6174 10
6175 11
6176 13
6177 13
6178 13
6179 12
6180 14
6181 14
6182 13
6183 12
6184 10
6185 8
6186 10
6187 8
6188 9
6189 9
6190 9
6191 9
6192 9
6193 8
6194 8
6195 8
6196 7
6197 8
6198 10
6199 9
6200 10
6201 11
6202 11
6203 12
6204 12
6205 13
6206 15
6207 12
6208 12
6209 12
6210 14
6211 15
6212 12
6213 10
6214 8
6215 9
6216 8
6217 8
6218 6
6219 6
6220 5
6221 4
6222 5
6223 2
6224 2
6225 2
6226 4
6227 3
6228 4
6229 4
6230 4
6231 3
6232 5
6233 6
6234 5
6235 6
6236 6
6237 7
6238 7
6239 10
6240 11
6241 12
6242 10
6243 11
6244 11
6245 11
6246 13
6247 12
6248 12
6249 11
6250 8
6251 6
6252 5
6253 2
6254 1
6255 3
6256 4
6257 4
6258 2
6259 3
6260 1
6261 3
6262 1
6263 1
6264 6
6265 5
6266 4
6267 4
6268 3
6269 2
6270 5
6271 6
6272 7
6273 5
6274 6
6275 6
6276 8
6277 9
6278 10
6279 8
6280 10
6281 8
6282 7
6283 5
6284 6
6285 5
6286 6
6287 7
6288 6
6289 5
6290 7
6291 6
6292 8
6293 8
6294 10
6295 8
6296 11
6297 14
6298 15
6299 12
6300 13
6301 12
6302 14
6303 15
6304 12
6305 12
6306 12
6307 13
6308 13
6309 12
6310 11
6311 11
6312 12
6313 11
6314 9
6315 9
6316 11
6317 11
6318 11
6319 13
6320 14
6321 15
6322 12
6323 11
6324 14
6325 15
6326 12
6327 12
6328 11
6329 13
6330 14
6331 13
6332 14
6333 12
6334 12
6335 14
6336 14
6337 14
6338 14
6339 15
6340 12
6341 14
6342 15
6343 12
6344 11
6345 10
6346 10
6347 11
6348 11
6349 13
6350 13
6351 12
6352 11
6353 10
6354 9
6355 9
6356 9
6357 8
6358 9
6359 7
6360 8
6361 7
6362 6
6363 4
6364 7
6365 6
6366 4
6367 3
6368 5
6369 6
6370 7
6371 6
6372 9
6373 10
6374 10
6375 11
6376 10
6377 10
6378 9
6379 7
6380 7
6381 7
6382 5
6383 6
6384 6
6385 5
6386 4
6387 3
6388 3
6389 3
6390 6
6391 5
6392 5
6393 4
6394 3
6395 4
6396 4
6397 6
6398 5
6399 8
6400 10
6401 9
6402 6
6403 6
6404 5
6405 7
6406 7
6407 9
6408 7
6409 5
6410 5
6411 5
6412 7
6413 5
6414 4
6415 5
6416 8
6417 6
6418 6
6419 6
6420 5
6421 4
6422 6
6423 6
6424 6
6425 8
6426 6
6427 7
6428 8
6429 9
6430 9
6431 9
6432 10
6433 12
6434 12
6435 13
6436 12
6437 14
6438 15
6439 12
6440 12
6441 14
6442 13
6443 13
6444 14
6445 14
6446 14
6447 13
6448 13
6449 14
6450 15
6451 12
6452 11
6453 10
6454 12
6455 11
6456 10
6457 9
6458 9
6459 7
6460 6
6461 4
6462 4
6463 1
6464 2
6465 1
6466 1
6467 1
6468 5
6469 4
6470 4
6471 2
6472 3
6473 5
6474 4
6475 5
6476 4
6477 6
6478 6
6479 8
6480 7
6481 7
6482 7
6483 7
6484 9
6485 9
6486 9
6487 11
6488 11
6489 9
6490 9
6491 9
6492 10
6493 11
6494 9
6495 7
6496 7
6497 6
6498 5
6499 4
6500 6
6501 5
6502 6
6503 6
6504 3
6505 4
6506 3
6507 3
6508 5
6509 5
6510 5
6511 5
6512 4
6513 1
6514 4
6515 3
6516 6
6517 5
6518 4
6519 3
6520 1
6521 2
6522 4
6523 7
6524 7
6525 6
6526 4
6527 4
6528 4
6529 4
6530 4
6531 5
6532 7
6533 6
6534 5
6535 6
6536 4
6537 6
6538 5
6539 5
6540 3
6541 4
6542 2
6543 4
6544 4
6545 5
6546 4
6547 4
6548 4
6549 3
6550 2
6551 2
6552 1
6553 1
6554 3
6555 1
6556 3
6557 3
6558 2
6559 4
6560 5
6561 3
6562 2
6563 2
6564 1
6565 2
6566 4
6567 2
6568 2
6569 4
6570 2
6571 1
6572 1
6573 3
6574 4
6575 5
6576 5
6577 5
6578 4
6579 5
6580 5
6581 6
6582 10
6583 7
6584 8
6585 7
6586 8
6587 6
6588 5
6589 4
6590 6
6591 5
6592 6
6593 9
6594 10
6595 8
6596 10
6597 9
6598 8
6599 9
6600 8
6601 9
6602 8
6603 8
6604 7
6605 7
6606 8
6607 5
6608 6
6609 9
6610 8
6611 7
6612 8
6613 6
6614 6
6615 5
6616 5
6617 7
6618 7
6619 6
6620 4
6621 7
6622 7
6623 8
6624 8
6625 10
6626 9
6627 8
6628 7
6629 10
6630 10
6631 12
6632 13
6633 11
6634 12
6635 12
6636 10
6637 9
6638 8
6639 10
6640 9
6641 6
6642 4
6643 1
6644 1
6645 3
6646 3
6647 2
6648 3
6649 4
6650 6
6651 6
6652 4
6653 5
6654 4
6655 1
6656 4
6657 2
6658 3
6659 3
6660 0
6661 1
6662 3
6663 7
6664 6
6665 6
6666 4
6667 4
6668 5
6669 6
6670 5
6671 5
6672 6
6673 7
6674 6
6675 6
6676 4
6677 7
6678 8
6679 8
6680 6
6681 4
6682 3
6683 1
6684 3
6685 3
6686 2
6687 5
6688 7
6689 6
6690 8
6691 6
6692 5
6693 3
6694 4
6695 4
6696 5
6697 5
6698 4
6699 3
6700 4
6701 3
6702 5
6703 5
6704 7
6705 7
6706 8
6707 9
6708 10
6709 10
6710 10
6711 9
6712 8
6713 8
6714 10
6715 12
6716 13
6717 12
6718 11
6719 13
6720 11
6721 9
6722 10
6723 8
6724 6
6725 8
6726 7
6727 5
6728 4
6729 4
6730 5
6731 5
6732 5
6733 5
6734 3
6735 3
6736 4
6737 5
6738 5
6739 5
6740 5
6741 6
6742 4
6743 3
6744 4
6745 8
6746 8
6747 8
6748 9
6749 7
6750 9
6751 6
6752 6
6753 5
6754 5
6755 5
6756 5
6757 7
6758 8
6759 8
6760 6
6761 7
6762 7
6763 8
6764 9
6765 11
6766 12
6767 13
6768 12
6769 12
6770 15
6771 12
6772 10
6773 11
6774 10
6775 7
6776 7
6777 7
6778 11
6779 9
6780 6
6781 5
6782 2
6783 4
6784 4
6785 5
6786 4
6787 5
6788 2
6789 3
6790 3
6791 6
6792 5
6793 4
6794 4
6795 3
6796 4
6797 4
6798 3
6799 4
6800 5
6801 6
6802 7
6803 6
6804 6
6805 7
6806 5
6807 4
6808 3
6809 2
6810 3
6811 2
6812 2
6813 2
6814 3
6815 3
6816 4
6817 2
6818 3
6819 6
6820 5
6821 6
6822 8
6823 9
6824 11
6825 10
6826 10
6827 13
6828 13
6829 14
6830 14
6831 13
6832 11
6833 12
6834 11
6835 11
6836 9
6837 9
6838 9
6839 9
6840 8
6841 10
6842 12
6843 11
6844 10
6845 11
6846 10
6847 11
6848 11
6849 10
6850 13
6851 13
6852 14
6853 16
6854 13
6855 10
6856 11
6857 10
6858 9
6859 10
6860 9
6861 9
6862 11
6863 13
6864 11
6865 11
6866 10
6867 11
6868 10
6869 10
6870 11
6871 9
6872 9
6873 8
6874 6
6875 7
6876 7
6877 6
6878 6
6879 6
6880 5
6881 4
6882 3
6883 3
6884 5
6885 3
6886 3
6887 4
6888 4
6889 4
6890 4
6891 4
6892 4
6893 3
6894 1
6895 5
6896 5
6897 4
6898 5
6899 5
6900 6
6901 4
6902 3
6903 2
6904 5
6905 6
6906 6
6907 8
6908 7
6909 7
6910 9
6911 10
6912 11
6913 11
6914 11
6915 9
6916 11
6917 12
6918 10
6919 9
6920 9
6921 8
6922 8
6923 8
6924 8
6925 7
6926 4
6927 3
6928 3
6929 3
6930 2
6931 5
6932 6
6933 9
6934 8
6935 8
6936 8
6937 9
6938 7
6939 8
6940 10
6941 7
6942 7
6943 8
6944 8
6945 11
6946 11
6947 9
6948 8
6949 8
6950 5
6951 4
6952 2
6953 2
6954 0
6955 2
6956 2
6957 4
6958 2
6959 2
6960 1
6961 1
6962 1
6963 5
6964 6
6965 5
6966 6
6967 8
6968 10
6969 9
6970 7
6971 8
6972 8
6973 9
6974 9
6975 9
6976 8
6977 8
6978 8
6979 8
6980 8
6981 7
6982 7
6983 8
6984 7
6985 6
6986 5
6987 5
6988 5
6989 5
6990 6
6991 7
6992 5
6993 8
6994 8
6995 8
6996 7
6997 6
6998 6
6999 8
7000 8
7001 10
7002 9
7003 9
7004 9
7005 9
7006 8
7007 6
7008 6
7009 3
7010 3
7011 3
7012 2
7013 4
7014 5
7015 6
7016 6
7017 7
7018 6
7019 8
7020 7
7021 9
7022 9
7023 10
7024 9
7025 10
7026 7
7027 6
7028 7
7029 8
7030 6
7031 9
7032 10
7033 10
7034 11
7035 10
7036 10
7037 8
7038 8
7039 6
7040 6
7041 5
7042 6
7043 8
7044 10
7045 9
7046 9
7047 9
7048 9
7049 11
7050 13
7051 14
7052 16
7053 13
7054 11
7055 10
7056 10
7057 10
7058 10
7059 8
7060 8
7061 6
7062 7
7063 7
7064 6
7065 5
7066 7
7067 6
7068 5
7069 6
7070 7
7071 5
7072 5
7073 3
7074 2
7075 4
7076 5
7077 5
7078 4
7079 4
7080 5
7081 5
7082 5
7083 3
7084 2
7085 4
7086 5
7087 5
7088 3
7089 5
7090 6
7091 7
7092 5
7093 4
7094 4
7095 4
7096 4
7097 4
7098 6
7099 7
7100 5
7101 3
7102 4
7103 4
7104 4
7105 5
7106 6
7107 10
7108 11
7109 11
7110 13
7111 12
7112 13
7113 12
7114 12
7115 11
7116 10
7117 10
7118 8
7119 8
7120 7
7121 9
7122 7
7123 7
7124 6
7125 5
7126 4
7127 5
7128 4
7129 6
7130 4
7131 3
7132 5
7133 3
7134 4
7135 5
7136 5
7137 5
7138 3
7139 1
7140 1
7141 1
7142 2
7143 4
7144 3
7145 0
7146 3
7147 2
7148 2
7149 4
7150 5
7151 4
7152 2
7153 1
7154 3
7155 0
7156 3
7157 2
7158 3
7159 2
7160 3
7161 5
7162 3
7163 1
7164 5
7165 9
7166 10
7167 10
7168 11
7169 11
7170 12
7171 10
7172 12
7173 13
7174 12
7175 9
7176 9
7177 8
7178 7
7179 6
7180 4
7181 4
7182 3
7183 2
7184 3
7185 3
7186 2
7187 1
7188 4
7189 6
7190 8
7191 11
7192 12
7193 12
7194 12
7195 12
7196 12
7197 11
7198 9
7199 9
7200 9
7201 10
7202 11
7203 9
7204 10
7205 11
7206 12
7207 12
7208 9
7209 7
7210 7
7211 4
7212 3
7213 2
7214 2
7215 5
7216 6
7217 5
7218 6
7219 5
7220 3
7221 1
7222 3
7223 4
7224 4
7225 4
7226 5
7227 4
7228 6
7229 5
7230 4
7231 6
7232 4
7233 2
7234 3
7235 2
7236 2
7237 5
7238 3
7239 3
7240 2
7241 2
7242 3
7243 1
7244 1
7245 2
7246 6
7247 8
7248 8
7249 7
7250 8
7251 9
7252 11
7253 10
7254 11
7255 8
7256 8
7257 6
7258 8
7259 9
7260 9
7261 12
7262 11
7263 13
7264 15
7265 12
7266 10
7267 13
7268 11
7269 12
7270 13
7271 14
7272 12
7273 11
7274 12
7275 13
7276 14
7277 14
7278 13
7279 12
7280 11
7281 10
7282 9
7283 10
7284 10
7285 11
7286 13
7287 12
7288 10
7289 10
7290 8
7291 6
7292 6
7293 7
7294 6
7295 8
7296 10
7297 8
7298 7
7299 5
7300 5
7301 3
7302 3
7303 0
7304 5
7305 4
7306 2
7307 7
7308 7
7309 8
7310 7
7311 5
7312 4
7313 5
7314 2
7315 0
7316 1
7317 2
7318 4
7319 5
7320 5
7321 6
7322 5
7323 5
7324 6
7325 8
7326 10
7327 11
7328 9
7329 6
7330 6
7331 6
7332 8
7333 8
7334 8
7335 6
7336 5
7337 7
7338 7
7339 8
7340 10
7341 8
7342 12
7343 11
7344 11
7345 12
7346 12
7347 12
7348 11
7349 11
7350 8
7351 6
7352 4
7353 2
7354 4
7355 5
7356 5
7357 7
7358 5
7359 6
7360 9
7361 11
7362 11
7363 11
7364 11
7365 10
7366 11
7367 9
7368 11
7369 12
7370 12
7371 13
7372 13
7373 13
7374 15
7375 12
7376 11
7377 10
7378 10
7379 12
7380 11
7381 10
7382 11
7383 9
7384 9
7385 8
7386 11
7387 9
7388 9
7389 6
7390 4
7391 3
7392 3
7393 4
7394 4
7395 6
7396 5
7397 5
7398 5
7399 7
7400 7
7401 7
7402 8
7403 10
7404 7
7405 6
7406 9
7407 8
7408 8
7409 8
7410 8
7411 8
7412 8
7413 7
7414 7
7415 6
7416 6
7417 5
7418 4
7419 2
7420 2
7421 1
7422 3
7423 3
7424 6
7425 7
7426 7
7427 9
7428 9
7429 11
7430 11
7431 11
7432 12
7433 10
7434 8
7435 9
7436 7
7437 9
7438 9
7439 8
7440 10
7441 9
7442 7
7443 4
7444 6
7445 6
7446 7
7447 8
7448 7
7449 5
7450 7
7451 6
7452 6
7453 7
7454 9
7455 10
7456 10
7457 11
7458 9
7459 7
7460 6
7461 5
7462 6
7463 4
7464 2
7465 3
7466 4
7467 2
7468 4
7469 5
7470 5
7471 4
7472 3
7473 2
7474 4
7475 2
7476 5
7477 4
7478 6
7479 5
7480 6
7481 4
7482 5
7483 4
7484 6
7485 7
7486 7
7487 7
7488 6
7489 7
7490 9
7491 8
7492 7
7493 5
7494 2
7495 4
7496 7
7497 5
7498 5
7499 3
7500 2
7501 2
7502 2
7503 4
7504 3
7505 0
7506 1
7507 4
7508 4
7509 3
7510 2
7511 1
7512 2
7513 1
7514 2
7515 1
7516 2
7517 2
7518 5
7519 6
7520 9
7521 10
7522 10
7523 9
7524 8
7525 10
7526 11
7527 12
7528 14
7529 15
7530 12
7531 14
7532 18
7533 15
7534 12
7535 12
7536 10
7537 9
7538 8
7539 9
7540 11
7541 10
7542 8
7543 6
7544 4
7545 2
7546 1
7547 2
7548 5
7549 5
7550 3
7551 2
7552 5
7553 5
7554 3
7555 3
7556 3
7557 5
7558 3
7559 2
7560 4
7561 2
7562 2
7563 3
7564 5
7565 5
7566 5
7567 7
7568 8
7569 8
7570 7
7571 9
7572 12
7573 13
7574 13
7575 18
7576 15
7577 12
7578 14
7579 15
7580 12
7581 12
7582 12
7583 12
7584 13
7585 15
7586 12
7587 11
7588 10
7589 11
7590 12
7591 12
7592 11
7593 11
7594 12
7595 13
7596 10
7597 9
7598 10
7599 12
7600 13
7601 13
7602 12
7603 12
7604 12
7605 16
7606 13
7607 13
7608 13
7609 11
7610 9
7611 9
7612 8
7613 6
7614 6
7615 7
7616 5
7617 7
7618 7
7619 7
7620 4
7621 3
7622 3
7623 4
7624 3
7625 6
7626 6
7627 7
7628 6
7629 6
7630 7
7631 8
7632 9
7633 7
7634 9
7635 10
7636 12
7637 15
7638 12
7639 11
7640 9
7641 9
7642 13
7643 13
7644 16
7645 13
7646 15
7647 12
7648 12
7649 13
7650 12
7651 16
7652 13
7653 13
7654 11
7655 10
7656 10
7657 9
7658 9
7659 9
7660 10
7661 10
7662 8
7663 8
7664 5
7665 3
7666 1
7667 3
7668 2
7669 3
7670 2
7671 3
7672 2
7673 5
7674 7
7675 6
7676 5
7677 4
7678 6
7679 5
7680 3
7681 1
7682 2
7683 4
7684 4
7685 6
7686 4
7687 4
7688 5
7689 5
7690 5
7691 6
7692 6
7693 5
7694 9
7695 9
7696 7
7697 4
7698 5
7699 5
7700 5
7701 5
7702 5
7703 4
7704 4
7705 5
7706 8
7707 8
7708 7
7709 4
7710 4
7711 3
7712 5
7713 3
7714 3
7715 3
7716 4
7717 5
7718 7
7719 9
7720 8
7721 9
7722 10
7723 12
7724 15
7725 12
7726 11
7727 11
7728 9
7729 10
7730 10
7731 11
7732 13
7733 11
7734 10
7735 11
7736 10
7737 10
7738 9
7739 9
7740 7
7741 6
7742 6
7743 6
7744 6
7745 7
7746 6
7747 5
7748 4
7749 5
7750 7
7751 7
7752 5
7753 4
7754 3
7755 1
7756 2
7757 3
7758 4
7759 3
7760 3
7761 3
7762 3
7763 3
7764 0
7765 3
7766 2
7767 1
7768 3
7769 4
7770 5
7771 5
7772 7
7773 7
7774 6
7775 4
7776 6
7777 8
7778 12
7779 11
7780 12
7781 11
7782 8
7783 8
7784 9
7785 8
7786 8
7787 6
7788 3
7789 3
7790 2
7791 2
7792 4
7793 2
7794 0
7795 3
7796 1
7797 4
7798 4
7799 6
7800 6
7801 7
7802 9
7803 12
7804 11
7805 13
7806 12
7807 10
7808 8
7809 8
7810 6
7811 7
7812 6
7813 6
7814 8
7815 6
7816 8
7817 7
7818 5
7819 10
7820 10
7821 10
7822 12
7823 12
7824 10
7825 10
7826 8
7827 7
7828 6
7829 9
7830 7
7831 7
7832 5
7833 4
7834 6
7835 9
7836 7
7837 8
7838 9
7839 11
7840 13
7841 12
7842 17
7843 14
7844 13
7845 15
7846 12
7847 12
7848 12
7849 13
7850 15
7851 12
7852 10
7853 9
7854 8
7855 7
7856 8
7857 6
7858 7
7859 5
7860 3
7861 2
7862 4
7863 5
7864 7
7865 8
7866 9
7867 7
7868 10
7869 10
7870 14
7871 16
7872 13
7873 15
7874 12
7875 12
7876 10
7877 11
7878 9
7879 11
7880 11
7881 12
7882 10
7883 10
7884 10
7885 10
7886 10
7887 10
7888 10
7889 11
7890 14
7891 14
7892 13
7893 14
7894 13
7895 15
7896 12
7897 13
7898 10
7899 8
7900 6
7901 6
7902 4
7903 2
7904 2
7905 1
7906 3
7907 5
7908 6
7909 5
7910 5
7911 4
7912 2
7913 4
7914 3
7915 2
7916 0
7917 5
7918 3
7919 5
7920 6
7921 3
7922 4
7923 4
7924 4
7925 5
7926 6
7927 6
7928 7
7929 6
7930 5
7931 4
7932 4
7933 3
7934 2
7935 4
7936 3
7937 3
7938 2
7939 0
7940 1
7941 1
7942 3
7943 5
7944 5
7945 5
7946 6
7947 7
7948 7
7949 4
7950 2
7951 3
7952 7
7953 7
7954 6
7955 6
7956 5
7957 6
7958 7
7959 7
7960 9
7961 10
7962 14
7963 15
7964 12
7965 12
7966 10
7967 8
7968 9
7969 11
7970 10
7971 9
7972 9
7973 11
7974 11
7975 12
7976 10
7977 10
7978 11
7979 13
7980 13
7981 15
7982 12
7983 12
7984 11
7985 11
7986 10
7987 12
7988 12
7989 10
7990 9
7991 7
7992 7
7993 8
7994 8
7995 7
7996 8
7997 9
7998 11
7999 8
8000 8
8001 9
8002 11
8003 11
8004 11
8005 10
8006 10
8007 11
8008 11
8009 15
8010 12
8011 13
8012 14
8013 13
8014 11
8015 11
8016 11
8017 11
8018 11
8019 12
8020 11
8021 11
8022 10
8023 11
8024 11
8025 10
8026 10
8027 10
8028 10
8029 9
8030 9
8031 10
8032 8
8033 9
8034 9
8035 7
8036 5
8037 5
8038 5
8039 2
8040 4
8041 4
8042 4
8043 5
8044 5
8045 4
8046 6
8047 4
8048 3
8049 3
8050 5
8051 7
8052 11
8053 12
8054 11
8055 9
8056 9
8057 8
8058 7
8059 10
8060 10
8061 9
8062 8
8063 10
8064 10
8065 12
8066 14
8067 11
8068 10
8069 7
8070 7
8071 6
8072 5
8073 6
8074 7
8075 6
8076 8
8077 7
8078 7
8079 6
8080 8
8081 7
8082 7
8083 7
8084 8
8085 8
8086 8
8087 9
8088 11
8089 9
8090 11
8091 13
8092 12
8093 13
8094 14
8095 15
8096 12
8097 14
8098 14
8099 14
8100 16
8101 13
8102 12
8103 13
8104 11
8105 10
8106 9
8107 7
8108 5
8109 7
8110 9
8111 9
8112 10
8113 10
8114 10
8115 10
8116 9
8117 10
8118 10
8119 9
8120 8
8121 7
8122 8
8123 9
8124 8
8125 7
8126 6
8127 6
8128 4
8129 2
8130 0
8131 1
8132 1
8133 4
8134 3
8135 4
8136 4
8137 6
8138 7
8139 5
8140 4
8141 4
8142 5
8143 5
8144 6
8145 7
8146 5
8147 6
8148 5
8149 8
8150 8
8151 8
8152 10
8153 11
8154 12
8155 11
8156 9
8157 7
8158 5
8159 3
8160 2
8161 4
8162 3
8163 1
8164 3
8165 4
8166 2
8167 3
8168 2
8169 2
8170 9
8171 7
8172 6
8173 5
8174 5
8175 4
8176 3
8177 2
8178 1
8179 2
8180 3
8181 5
8182 4
8183 7
8184 10
8185 8
8186 8
8187 9
8188 6
8189 5
8190 5
8191 6
8192 4
8193 3
8194 4
8195 2
8196 2
8197 3
8198 5
8199 6
8200 4
8201 4
8202 5
8203 4
8204 5
8205 5
8206 4
8207 3
8208 3
8209 4
8210 3
8211 5
8212 5
8213 3
8214 3
8215 2
8216 2
8217 2
8218 4
8219 6
8220 7
8221 7
8222 5
8223 5
8224 7
8225 6
8226 8
8227 8
8228 9
8229 12
8230 12
8231 10
8232 9
8233 11
8234 8
8235 10
8236 11
8237 11
8238 10
8239 10
8240 11
8241 8
8242 8
8243 10
8244 9
8245 6
8246 5
8247 3
8248 5
8249 4
8250 4
8251 5
8252 5
8253 7
8254 7
8255 8
8256 11
8257 11
8258 10
8259 10
8260 10
8261 11
8262 11
8263 8
8264 9
8265 9
8266 10
8267 9
8268 12
8269 11
8270 8
8271 7
8272 6
8273 9
8274 10
8275 10
8276 8
8277 7
8278 7
8279 8
8280 8
8281 8
8282 6
8283 7
8284 5
8285 5
8286 4
8287 3
8288 4
8289 4
8290 3
8291 3
8292 3
8293 2
8294 1
8295 5
8296 3
8297 5
8298 5
8299 7
8300 8
8301 9
8302 8
8303 9
8304 10
8305 11
8306 11
8307 11
8308 9
8309 8
8310 7
8311 9
8312 10
8313 9
8314 8
8315 7
8316 6
8317 7
8318 8
8319 6
8320 6
8321 6
8322 5
8323 6
8324 7
8325 6
8326 7
8327 7
8328 7
8329 6
8330 4
8331 4
8332 5
8333 8
8334 9
8335 14
8336 13
8337 14
8338 11
8339 10
8340 10
8341 9
8342 8
8343 6
8344 7
8345 6
8346 5
8347 5
8348 4
8349 4
8350 2
8351 4
8352 4
8353 4
8354 6
8355 6
8356 3
8357 8
8358 5
8359 8
8360 10
8361 9
8362 7
8363 6
8364 6
8365 5
8366 6
8367 9
8368 11
8369 11
8370 11
8371 10
8372 10
8373 10
8374 8
8375 6
8376 6
8377 7
8378 6
8379 8
8380 9
8381 8
8382 5
8383 4
8384 3
8385 4
8386 5
8387 4
8388 4
8389 3
8390 3
8391 2
8392 2
8393 1
8394 2
8395 3
8396 1
8397 1
8398 3
8399 3
8400 5
8401 5
8402 2
8403 2
8404 3
8405 3
8406 3
8407 4
8408 3
8409 4
8410 4
8411 2
8412 2
8413 4
8414 4
8415 4
8416 4
8417 4
8418 4
8419 5
8420 3
8421 5
8422 6
8423 10
8424 8
8425 9
8426 9
8427 8
8428 7
8429 7
8430 7
8431 5
8432 7
8433 8
8434 8
8435 6
8436 5
8437 5
8438 7
8439 5
8440 2
8441 4
8442 5
8443 5
8444 4
8445 6
8446 8
8447 8
8448 10
8449 11
8450 12
8451 11
8452 9
8453 10
8454 11
8455 12
8456 12
8457 12
8458 13
8459 14
8460 13
8461 13
8462 16
8463 13
8464 11
8465 10
8466 9
8467 8
8468 6
8469 6
8470 6
8471 3
8472 3
8473 4
8474 4
8475 4
8476 4
8477 4
8478 3
8479 5
8480 4
8481 3
8482 4
8483 5
8484 5
8485 3
8486 6
8487 5
8488 4
8489 2
8490 2
8491 4
8492 3
8493 4
8494 3
8495 4
8496 2
8497 5
8498 6
8499 8
8500 7
8501 5
8502 6
8503 4
8504 2
8505 3
8506 4
8507 4
8508 2
8509 3
8510 0
8511 3
8512 3
8513 0
8514 7
8515 6
8516 8
8517 9
8518 10
8519 10
8520 9
8521 10
8522 7
8523 8
8524 10
8525 9
8526 10
8527 9
8528 7
8529 8
8530 5
8531 5
8532 4
8533 4
8534 3
8535 3
8536 1
8537 5
8538 4
8539 5
8540 4
8541 3
8542 4
8543 1
8544 1
8545 3
8546 1
8547 4
8548 4
8549 3
8550 1
8551 3
8552 5
8553 7
8554 9
8555 8
8556 7
8557 5
8558 4
8559 6
8560 6
8561 5
8562 6
8563 6
8564 7
8565 8
8566 6
8567 6
8568 6
8569 8
8570 6
8571 5
8572 3
8573 5
8574 7
8575 8
8576 6
8577 8
8578 10
8579 9
8580 11
8581 12
8582 10
8583 11
8584 14
8585 13
8586 13
8587 16
8588 13
8589 12
8590 12
8591 13
8592 11
8593 11
8594 12
8595 12
8596 11
8597 14
8598 14
8599 15
8600 12
8601 12
8602 12
8603 11
8604 11
8605 11
8606 10
8607 11
8608 11
8609 11
8610 9
8611 10
8612 10
8613 11
8614 10
8615 13
8616 12
8617 12
8618 13
8619 12
8620 13
8621 11
8622 11
8623 11
8624 14
8625 15
8626 12
8627 14
8628 12
8629 14
8630 14
8631 13
8632 14
8633 14
8634 14
8635 11
8636 10
8637 9
8638 9
8639 10
8640 9
8641 7
8642 6
8643 5
8644 4
8645 3
8646 0
8647 2
8648 2
8649 2
8650 4
8651 3
8652 6
8653 5
8654 7
8655 9
8656 11
8657 10
8658 12
8659 13
8660 11
8661 11
8662 11
8663 14
8664 16
8665 13
8666 11
8667 10
8668 12
8669 11
8670 9
8671 10
8672 9
8673 11
8674 11
8675 11
8676 10
8677 10
8678 9
8679 8
8680 10
8681 12
8682 13
8683 12
8684 14
8685 13
8686 14
8687 14
8688 14
8689 13
8690 11
8691 11
8692 10
8693 9
8694 9
8695 9
8696 7
8697 6
8698 5
8699 4
8700 5
8701 5
8702 5
8703 4
8704 3
8705 2
8706 1
8707 1
8708 4
8709 4
8710 5
8711 5
8712 4
8713 4
8714 6
8715 5
8716 7
8717 8
8718 6
8719 6
8720 6
8721 6
8722 6
8723 7
8724 8
8725 6
8726 5
8727 3
8728 3
8729 1
8730 3
8731 5
8732 5
8733 4
8734 5
8735 6
8736 7
8737 5
8738 4
8739 4
8740 3
8741 2
8742 4
8743 5
8744 5
8745 5
8746 6
8747 4
8748 3
8749 2
8750 3
8751 3
8752 2
8753 3
8754 3
8755 4
8756 4
8757 6
8758 7
8759 6
8760 4
8761 1
8762 0
8763 0
8764 2
8765 3
8766 2
8767 1
8768 3
8769 2
8770 3
8771 4
8772 4
8773 2
8774 1
8775 2
8776 2
8777 5
8778 6
8779 6
8780 3
8781 2
8782 3
8783 6
8784 5
8785 4
8786 6
8787 8
8788 9
8789 9
8790 10
8791 10
8792 11
8793 12
8794 13
8795 12
8796 10
8797 9
8798 7
8799 4
8800 4
8801 4
8802 3
8803 4
8804 6
8805 5
8806 5
8807 6
8808 5
8809 3
8810 1
8811 1
8812 3
8813 3
8814 4
8815 3
8816 2
8817 4
8818 4
8819 3
8820 2
8821 3
8822 5
8823 6
8824 5
8825 6
8826 5
8827 3
8828 1
8829 2
8830 3
8831 3
8832 3
8833 4
8834 3
8835 2
8836 5
8837 2
8838 3
8839 4
8840 5
8841 7
8842 5
8843 4
8844 2
8845 3
8846 2
8847 4
8848 4
8849 3
8850 1
8851 3
8852 4
8853 5
8854 2
8855 6
8856 6
8857 6
8858 4
8859 2
8860 4
8861 3
8862 4
8863 4
8864 5
8865 3
8866 2
8867 3
8868 0
8869 5
8870 6
8871 6
8872 5
8873 2
8874 1
8875 3
8876 5
8877 6
8878 6
8879 5
8880 4
8881 4
8882 4
8883 4
8884 4
8885 4
8886 5
8887 5
8888 6
8889 6
8890 7
8891 6
8892 6
8893 6
8894 6
8895 5
8896 3
8897 3
8898 4
8899 6
8900 8
8901 8
8902 8
8903 8
8904 9
8905 8
8906 9
8907 9
8908 8
8909 9
8910 8
8911 8
8912 8
8913 10
8914 10
8915 8
8916 7
8917 5
8918 7
8919 6
8920 4
8921 3
8922 3
8923 4
8924 3
8925 5
8926 4
8927 5
8928 6
8929 6
8930 7
8931 8
8932 6
8933 8
8934 11
8935 9
8936 8
8937 7
8938 9
8939 8
8940 9
8941 9
8942 9
8943 11
8944 13
8945 12
8946 14
8947 14
8948 15
8949 12
8950 14
8951 13
8952 13
8953 12
8954 12
8955 12
8956 10
8957 9
8958 8
8959 8
8960 9
8961 8
8962 10
8963 9
8964 11
8965 11
8966 10
8967 10
8968 9
8969 9
8970 13
8971 16
8972 13
8973 12
8974 12
8975 14
8976 16
8977 13
8978 13
8979 12
8980 11
8981 10
8982 11
8983 10
8984 9
8985 9
8986 10
8987 10
8988 9
8989 8
8990 8
8991 7
8992 7
8993 7
8994 5
8995 5
8996 7
8997 5
8998 6
8999 6
9000 6
9001 5
9002 3
9003 2
9004 2
9005 4
9006 5
9007 6
9008 6
9009 7
9010 7
9011 7
9012 6
9013 7
9014 7
9015 6
9016 6
9017 6
9018 5
9019 6
9020 6
9021 6
9022 8
9023 9
9024 11
9025 10
9026 9
9027 7
9028 9
9029 12
9030 12
9031 11
9032 10
9033 8
9034 7
9035 6
9036 5
9037 3
9038 6
9039 3
9040 2
9041 3
9042 4
9043 1
9044 3
9045 2
9046 3
9047 1
9048 2
9049 2
9050 2
9051 4
9052 2
9053 5
9054 8
9055 6
9056 4
9057 4
9058 1
9059 3
9060 1
9061 4
9062 5
9063 4
9064 5
9065 2
9066 2
9067 2
9068 1
9069 3
9070 4
9071 7
9072 7
9073 7
9074 5
9075 4
9076 5
9077 5
9078 6
9079 6
9080 6
9081 5
9082 6
9083 5
9084 5
9085 5
9086 3
9087 3
9088 1
9089 5
9090 5
9091 5
9092 7
9093 7
9094 7
9095 8
9096 11
9097 9
9098 9
9099 7
9100 6
9101 5
9102 6
9103 8
9104 8
9105 8
9106 9
9107 9
9108 9
9109 7
9110 5
9111 5
9112 6
9113 9
9114 7
9115 7
9116 6
9117 6
9118 7
9119 6
9120 6
9121 7
9122 6
9123 5
9124 5
9125 3
9126 5
9127 6
9128 5
9129 7
9130 7
9131 5
9132 3
9133 1
9134 2
9135 3
9136 4
9137 3
9138 5
9139 6
9140 7
9141 6
9142 6
9143 7
9144 7
9145 7
9146 7
9147 5
9148 3
9149 2
9150 3
9151 5
9152 4
9153 3
9154 1
9155 4
9156 6
9157 6
9158 5
9159 3
9160 2
9161 3
9162 3
9163 2
9164 0
9165 4
9166 2
9167 3
9168 1
9169 1
9170 5
9171 6
9172 6
9173 6
9174 9
9175 8
9176 8
9177 8
9178 6
9179 5
9180 7
9181 7
9182 8
9183 9
9184 8
9185 6
9186 5
9187 3
9188 3
9189 4
9190 3
9191 3
9192 1
9193 2
9194 1
9195 1
9196 2
9197 2
9198 4
9199 3
9200 1
9201 1
9202 3
9203 4
9204 5
9205 3
9206 1
9207 3
9208 2
9209 1
9210 6
9211 6
9212 6
9213 6
9214 5
9215 4
9216 5
9217 6
9218 6
9219 5
9220 6
9221 4
9222 3
9223 1
9224 4
9225 3
9226 2
9227 2
9228 3
9229 1
9230 4
9231 2
9232 5
9233 5
9234 5
9235 9
9236 10
9237 12
9238 12
9239 10
9240 9
9241 10
9242 9
9243 7
9244 5
9245 3
9246 3
9247 3
9248 3
9249 4
9250 1
9251 1
9252 3
9253 4
9254 2
9255 4
9256 3
9257 3
9258 1
9259 5
9260 3
9261 2
9262 4
9263 4
9264 3
9265 0
9266 5
9267 5
9268 8
9269 9
9270 9
9271 10
9272 12
9273 10
9274 7
9275 5
9276 4
9277 3
9278 2
9279 4
9280 6
9281 6
9282 5
9283 6
9284 7
9285 7
9286 7
9287 9
9288 8
9289 11
9290 11
9291 10
9292 11
9293 14
9294 17
9295 14
9296 13
9297 12
9298 13
9299 14
9300 13
9301 13
9302 12
9303 15
9304 12
9305 12
9306 11
9307 11
9308 11
9309 13
9310 13
9311 13
9312 13
9313 14
9314 15
9315 12
9316 11
9317 11
9318 11
9319 10
9320 8
9321 11
9322 10
9323 10
9324 11
9325 11
9326 9
9327 10
9328 11
9329 12
9330 11
9331 10
9332 12
9333 14
9334 13
9335 11
9336 8
9337 8
9338 8
9339 7
9340 6
9341 5
9342 4
9343 5
9344 7
9345 8
9346 8
9347 8
9348 6
9349 5
9350 7
9351 5
9352 6
9353 7
9354 8
9355 9
9356 8
9357 9
9358 11
9359 9
9360 8
9361 9
9362 10
9363 11
9364 12
9365 13
9366 13
9367 14
9368 14
9369 11
9370 10
9371 11
9372 10
9373 8
9374 7
9375 8
9376 9
9377 9
9378 10
9379 11
9380 10
9381 11
9382 12
9383 12
9384 13
9385 15
9386 12
9387 14
9388 11
9389 13
9390 11
9391 9
9392 12
9393 11
9394 8
9395 5
9396 6
9397 7
9398 8
9399 7
9400 5
9401 5
9402 3
9403 4
9404 5
9405 6
9406 9
9407 8
9408 8
9409 8
9410 9
9411 11
9412 11
9413 10
9414 11
9415 10
9416 11
9417 11
9418 11
9419 13
9420 11
9421 10
9422 9
9423 10
9424 10
9425 9
9426 10
9427 9
9428 8
9429 7
9430 9
9431 10
9432 7
9433 5
9434 4
9435 3
9436 2
9437 0
9438 4
9439 5
9440 4
9441 5
9442 6
9443 6
9444 5
9445 6
9446 4
9447 4
9448 5
9449 5
9450 7
9451 7
9452 5
9453 4
9454 3
9455 3
9456 2
9457 2
9458 3
9459 2
9460 4
9461 6
9462 5
9463 4
9464 3
9465 4
9466 6
9467 6
9468 5
9469 4
9470 2
9471 3
9472 3
9473 2
9474 1
9475 5
9476 5
9477 7
9478 6
9479 7
9480 6
9481 5
9482 4
9483 3
9484 3
9485 3
9486 3
9487 4
9488 8
9489 7
9490 7
9491 6
9492 6
9493 6
9494 7
9495 7
9496 9
9497 8
9498 8
9499 8
9500 6
9501 7
9502 6
9503 5
9504 6
9505 7
9506 8
9507 7
9508 5
9509 4
9510 7
9511 8
9512 9
9513 10
9514 8
9515 11
9516 10
9517 11
9518 11
9519 12
9520 11
9521 13
9522 14
9523 16
9524 13
9525 14
9526 15
9527 12
9528 11
9529 13
9530 13
9531 15
9532 12
9533 13
9534 14
9535 14
9536 13
9537 12
9538 13
9539 16
9540 13
9541 16
9542 13
9543 14
9544 17
9545 14
9546 15
9547 12
9548 10
9549 9
9550 6
9551 6
9552 7
9553 8
9554 8
9555 7
9556 9
9557 8
9558 7
9559 7
9560 8
9561 7
9562 8
9563 9
9564 9
9565 9
9566 9
9567 7
9568 8
9569 8
9570 7
9571 7
9572 7
9573 8
9574 7
9575 7
9576 6
9577 6
9578 8
9579 9
9580 8
9581 7
9582 7
9583 6
9584 5
9585 7
9586 5
9587 4
9588 4
9589 4
9590 6
9591 3
9592 3
9593 3
9594 5
9595 7
9596 6
9597 7
9598 6
9599 6
9600 7
9601 7
9602 4
9603 4
9604 4
9605 2
9606 4
9607 2
9608 4
9609 3
9610 5
9611 4
9612 5
9613 6
9614 6
9615 4
9616 4
9617 2
9618 2
9619 1
9620 4
9621 3
9622 1
9623 2
9624 1
9625 1
9626 2
9627 3
9628 5
9629 5
9630 5
9631 5
9632 5
9633 5
9634 3
9635 2
9636 1
9637 2
9638 2
9639 4
9640 5
9641 6
9642 5
9643 6
9644 7
9645 6
9646 5
9647 6
9648 5
9649 4
9650 4
9651 2
9652 3
9653 2
9654 1
9655 2
9656 4
9657 4
9658 3
9659 1
9660 4
9661 5
9662 5
9663 3
9664 2
9665 2
9666 4
9667 3
9668 2
9669 4
9670 5
9671 5
9672 9
9673 8
9674 8
9675 6
9676 7
9677 4
9678 3
9679 2
9680 4
9681 5
9682 5
9683 3
9684 2
9685 3
9686 4
9687 7
9688 6
9689 8
9690 8
9691 8
9692 8
9693 11
9694 10
9695 9
9696 11
9697 11
9698 12
9699 11
9700 12
9701 11
9702 10
9703 9
9704 7
9705 8
9706 8
9707 10
9708 9
9709 11
9710 11
9711 12
9712 10
9713 9
9714 8
9715 9
9716 10
9717 8
9718 9
9719 8
9720 7
9721 6
9722 5
9723 6
9724 5
9725 6
9726 5
9727 3
9728 2
9729 2
9730 1
9731 4
9732 4
9733 4
9734 2
9735 3
9736 0
9737 6
9738 4
9739 6
9740 6
9741 8
9742 7
9743 9
9744 8
9745 6
9746 5
9747 2
9748 0
9749 1
9750 4
9751 5
9752 6
9753 4
9754 5
9755 6
9756 7
9757 6
9758 9
9759 11
9760 9
9761 8
9762 10
9763 13
9764 11
9765 12
9766 13
9767 16
9768 13
9769 15
9770 12
9771 10
9772 10
9773 12
9774 12
9775 11
9776 12
9777 11
9778 9
9779 9
9780 7
9781 8
9782 7
9783 9
9784 7
9785 5
9786 5
9787 5
9788 7
9789 6
9790 8
9791 8
9792 8
9793 9
9794 9
9795 10
9796 9
9797 10
9798 8
9799 10
9800 8
9801 6
9802 6
9803 5
9804 7
9805 9
9806 9
9807 10
9808 8
9809 8
9810 9
9811 9
9812 9
9813 9
9814 7
9815 4
9816 1
9817 3
9818 2
9819 4
9820 2
9821 2
9822 2
9823 1
9824 6
9825 5
9826 4
9827 5
9828 5
9829 6
9830 4
9831 3
9832 5
9833 6
9834 4
9835 4
9836 4
9837 6
9838 4
9839 2
9840 4
9841 2
9842 2
9843 2
9844 3
9845 5
9846 5
9847 9
9848 10
9849 8
9850 11
9851 11
9852 12
9853 12
9854 12
9855 14
9856 16
9857 13
9858 13
9859 13
9860 12
9861 11
9862 11
9863 11
9864 12
9865 13
9866 17
9867 14
9868 15
9869 12
9870 11
9871 11
9872 9
9873 7
9874 5
9875 5
9876 5
9877 4
9878 6
9879 8
9880 9
9881 10
9882 11
9883 10
9884 9
9885 9
9886 11
9887 14
9888 14
9889 16
9890 13
9891 11
9892 10
9893 12
9894 12
9895 10
9896 8
9897 9
9898 10
9899 11
9900 11
9901 10
9902 8
9903 8
9904 10
9905 8
9906 7
9907 6
9908 7
9909 11
9910 11
9911 13
9912 13
9913 14
9914 13
9915 14
9916 12
9917 12
9918 12
9919 14
9920 14
9921 13
9922 14
9923 13
9924 13
9925 11
9926 10
9927 11
9928 12
9929 12
9930 13
9931 16
9932 13
9933 14
9934 16
9935 13
9936 12
9937 13
9938 14
9939 12
9940 12
9941 13
9942 11
9943 12
9944 10
9945 8
9946 7
9947 5
9948 7
9949 7
9950 6
9951 7
9952 7
9953 7
9954 7
9955 6
9956 7
9957 5
9958 6
9959 6
9960 7
9961 5
9962 7
9963 7
9964 4
9965 4
9966 3
9967 6
9968 6
9969 4
9970 2
9971 4
9972 7
9973 7
9974 9
9975 9
9976 9
9977 10
9978 10
9979 10
9980 9
9981 9
9982 8
9983 10
9984 11
9985 8
9986 9
9987 8
9988 7
9989 8
9990 7
9991 6
9992 9
9993 7
9994 7
9995 7
9996 6
9997 6
9998 9
9999 7
