0 6
1 6
2 5
3 3
4 2
5 3
6 4
7 4
8 4
9 5
10 5
11 4
12 5
13 7
14 7
15 6
16 5
17 3
18 2
19 1
20 0
21 3
22 5
23 5
24 4
25 3
26 3
27 3
28 5
29 5
30 4
31 5
32 6
33 5
34 5
35 2
36 1
37 1
38 4
39 5
40 4
41 2
42 2
43 0
44 4
45 1
46 3
47 3
48 3
49 3
50 2
51 1
52 1
53 2
54 0
55 2
56 0
57 0
58 2
59 3
60 2
61 4
62 6
63 5
64 5
65 6
66 6
67 5
68 5
69 2
70 0
71 3
72 1
73 2
74 0
75 3
76 2
77 2
78 5
79 4
80 6
81 5
82 2
83 1
84 4
85 5
86 3
87 2
88 4
89 3
90 3
91 5
92 4
93 4
94 6
95 6
96 7
97 6
98 5
99 5
100 3
101 4
102 2
103 2
104 4
105 5
106 6
107 7
108 8
109 6
110 4
111 3
112 2
113 5
114 6
115 7
116 8
117 6
118 5
119 4
120 3
121 2
122 3
123 5
124 5
125 5
126 6
127 5
128 3
129 4
130 2
131 4
132 5
133 4
134 3
135 4
136 3
137 3
138 3
139 2
140 5
141 6
142 6
143 5
144 4
145 4
146 6
147 9
148 9
149 10
150 10
151 8
152 7
153 8
154 8
155 8
156 8
157 8
158 8
159 8
160 9
161 10
162 9
163 8
164 8
165 10
166 12
167 12
168 11
169 8
170 8
171 9
172 7
173 10
174 10
175 9
176 8
177 8
178 7
179 6
180 4
181 4
182 4
183 2
184 0
185 5
186 5
187 4
188 2
189 5
190 7
191 7
192 4
193 3
194 4
195 5
196 5
197 4
198 3
199 2
200 4
201 6
202 7
203 8
204 9
205 6
206 5
207 5
208 4
209 5
210 6
211 5
212 6
213 4
214 3
215 1
216 0
217 2
218 4
219 3
220 2
221 2
222 1
223 4
224 5
225 4
226 2
227 1
228 3
229 1
230 3
231 4
232 3
233 5
234 3
235 3
236 3
237 1
238 2
239 2
240 4
241 4
242 5
243 6
244 5
245 6
246 4
247 4
248 3
249 3
250 3
251 5
252 4
253 4
254 4
255 3
256 3
257 4
258 6
259 5
260 4
261 4
262 5
263 7
264 8
265 8
266 7
267 7
268 6
269 9
270 10
271 11
272 11
273 10
274 8
275 8
276 9
277 9
278 11
279 9
280 8
281 9
282 9
283 8
284 7
285 7
286 5
287 4
288 4
289 6
290 7
291 5
292 5
293 4
294 2
295 1
296 2
297 2
298 4
299 3
300 0
301 2
302 3
303 0
304 4
305 3
306 3
307 4
308 3
309 1
310 2
311 2
312 3
313 1
314 6
315 4
316 3
317 3
318 2
319 4
320 4
321 4
322 1
323 2
324 2
325 4
326 4
327 6
328 5
329 4
330 5
331 6
332 5
333 4
334 4
335 3
336 2
337 1
338 2
339 3
340 4
341 2
342 1
343 3
344 3
345 5
346 5
347 2
348 1
349 5
350 5
351 3
352 4
353 3
354 2
355 5
356 5
357 6
358 7
359 7
360 7
361 7
362 6
363 6
364 5
365 5
366 4
367 4
368 5
369 3
370 7
371 9
372 11
373 10
374 9
375 11
376 13
377 12
378 11
379 9
380 7
381 8
382 7
383 8
384 9
385 9
386 9
387 8
388 8
389 9
390 9
391 8
392 8
393 8
394 8
395 8
396 10
397 12
398 12
399 11
400 13
401 13
402 12
403 14
404 12
405 15
406 12
407 11
408 10
409 10
410 10
411 9
412 7
413 8
414 6
415 6
416 6
417 6
418 6
419 8
420 7
421 7
422 10
423 7
424 6
425 5
426 5
427 3
428 2
429 3
430 2
431 5
432 5
433 5
434 5
435 6
436 6
437 6
438 8
439 8
440 6
441 6
442 5
443 7
444 7
445 8
446 7
447 8
448 7
449 6
450 7
451 7
452 6
453 8
454 8
455 7
456 6
457 5
458 5
459 5
460 5
461 4
462 3
463 5
464 5
465 5
466 6
467 5
468 4
469 6
470 4
471 3
472 1
473 2
474 4
475 3
476 3
477 4
478 1
479 4
480 4
481 4
482 2
483 2
484 3
485 2
486 2
487 2
488 4
489 2
490 4
491 4
492 5
493 2
494 2
495 5
496 3
497 7
498 5
499 6
500 6
501 5
502 5
503 6
504 4
505 4
506 4
507 3
508 2
509 2
510 4
511 4
512 6
513 5
514 2
515 3
516 5
517 5
518 5
519 5
520 4
521 5
522 4
523 3
524 5
525 4
526 3
527 2
528 5
529 5
530 7
531 7
532 8
533 6
534 6
535 6
536 7
537 7
538 7
539 7
540 6
541 5
542 4
543 5
544 5
545 7
546 6
547 7
548 8
549 7
550 7
551 4
552 3
553 3
554 2
555 2
556 1
557 2
558 1
559 2
560 2
561 2
562 4
563 8
564 10
565 8
566 10
567 11
568 10
569 10
570 10
571 7
572 8
573 10
574 13
575 12
576 10
577 9
578 6
579 8
580 6
581 8
582 7
583 7
584 6
585 6
586 4
587 4
588 3
589 2
590 1
591 2
592 2
593 3
594 2
595 3
596 3
597 3
598 3
599 2
600 2
601 6
602 6
603 8
604 8
605 9
606 8
607 10
608 10
609 9
610 9
611 11
612 11
613 11
614 11
615 11
616 10
617 10
618 12
619 11
620 12
621 10
622 10
623 12
624 10
625 8
626 8
627 7
628 6
629 7
630 6
631 6
632 5
633 5
634 5
635 3
636 3
637 1
638 2
639 2
640 1
641 2
642 4
643 2
644 1
645 2
646 5
647 5
648 3
649 3
650 1
651 3
652 3
653 6
654 7
655 6
656 7
657 8
658 7
659 6
660 7
661 7
662 9
663 8
664 7
665 7
666 4
667 2
668 1
669 1
670 1
671 1
672 1
673 1
674 2
675 4
676 3
677 4
678 5
679 6
680 6
681 7
682 7
683 9
684 9
685 10
686 9
687 11
688 10
689 9
690 7
691 7
692 7
693 7
694 5
695 5
696 4
697 5
698 4
699 1
700 3
701 0
702 3
703 4
704 4
705 5
706 7
707 8
708 6
709 7
710 8
711 10
712 9
713 9
714 8
715 7
716 6
717 4
718 1
719 3
720 2
721 2
722 4
723 3
724 1
725 3
726 1
727 4
728 2
729 1
730 3
731 3
732 3
733 2
734 1
735 2
736 3
737 3
738 2
739 3
740 1
741 4
742 2
743 2
744 4
745 4
746 3
747 2
748 3
749 2
750 2
751 2
752 3
753 3
754 3
755 5
756 5
757 7
758 6
759 5
760 6
761 4
762 6
763 7
764 5
765 5
766 5
767 5
768 3
769 2
770 2
771 3
772 4
773 6
774 6
775 7
776 7
777 7
778 4
779 3
780 6
781 8
782 6
783 6
784 5
785 6
786 6
787 6
788 5
789 5
790 4
791 6
792 4
793 2
794 1
795 3
796 2
797 2
798 6
799 8
800 9
801 7
802 7
803 6
804 6
805 5
806 6
807 6
808 6
809 6
810 6
811 4
812 6
813 7
814 6
815 7
816 9
817 7
818 7
819 7
820 7
821 5
822 5
823 4
824 5
825 4
826 3
827 4
828 3
829 3
830 5
831 6
832 5
833 6
834 6
835 5
836 6
837 6
838 7
839 9
840 11
841 9
842 9
843 6
844 6
845 6
846 6
847 5
848 5
849 6
850 6
851 7
852 6
853 8
854 8
855 8
856 8
857 7
858 4
859 4
860 2
861 4
862 4
863 3
864 2
865 4
866 2
867 3
868 1
869 2
870 2
871 2
872 2
873 3
874 1
875 4
876 3
877 2
878 3
879 2
880 3
881 6
882 8
883 8
884 7
885 5
886 5
887 6
888 6
889 5
890 3
891 2
892 1
893 3
894 3
895 3
896 3
897 3
898 1
899 0
900 2
901 3
902 4
903 4
904 4
905 3
906 1
907 3
908 4
909 3
910 2
911 4
912 3
913 3
914 3
915 3
916 3
917 2
918 3
919 3
920 2
921 5
922 6
923 4
924 4
925 4
926 3
927 3
928 3
929 2
930 4
931 4
932 4
933 5
934 8
935 7
936 6
937 4
938 4
939 3
940 3
941 1
942 3
943 4
944 4
945 4
946 4
947 4
948 7
949 4
950 5
951 5
952 5
953 5
954 7
955 8
956 7
957 7
958 7
959 9
960 8
961 8
962 8
963 7
964 9
965 10
966 10
967 11
968 9
969 10
970 9
971 9
972 9
973 10
974 11
975 10
976 10
977 9
978 9
979 9
980 7
981 6
982 7
983 8
984 8
985 10
986 11
987 12
988 10
989 10
990 10
991 10
992 10
993 11
994 8
995 5
996 4
997 4
998 2
999 2
1000 2
1001 3
1002 1
1003 1
1004 4
1005 4
1006 2
1007 4
1008 2
1009 4
1010 7
1011 7
1012 10
1013 10
1014 11
1015 12
1016 11
1017 9
1018 8
1019 6
1020 4
1021 3
1022 4
1023 5
1024 4
1025 5
1026 4
1027 3
1028 2
1029 4
1030 4
1031 3
1032 3
1033 2
1034 4
1035 5
1036 4
1037 4
1038 5
1039 4
1040 3
1041 3
1042 2
1043 1
1044 3
1045 5
1046 6
1047 4
1048 5
1049 4
1050 4
1051 5
1052 6
1053 5
1054 5
1055 5
1056 4
1057 5
1058 5
1059 5
1060 7
1061 6
1062 5
1063 4
1064 5
1065 5
1066 4
1067 7
1068 8
1069 7
1070 9
1071 7
1072 8
1073 7
1074 6
1075 8
1076 7
1077 6
1078 6
1079 6
1080 6
1081 4
1082 5
1083 5
1084 7
1085 7
1086 7
1087 5
1088 5
1089 7
1090 8
1091 9
1092 8
1093 6
1094 4
1095 3
1096 3
1097 4
1098 3
1099 3
1100 4
1101 3
1102 2
1103 4
1104 7
1105 8
1106 9
1107 9
1108 9
1109 9
1110 9
1111 8
1112 8
1113 6
1114 6
1115 5
1116 5
1117 5
1118 7
1119 6
1120 6
1121 6
1122 4
1123 5
1124 3
1125 4
1126 4
1127 4
1128 5
1129 3
1130 2
1131 3
1132 2
1133 2
1134 3
1135 3
1136 3
1137 4
1138 5
1139 6
1140 6
1141 6
1142 6
1143 7
1144 8
1145 7
1146 7
1147 7
1148 6
1149 4
1150 2
1151 3
1152 3
1153 3
1154 3
1155 3
1156 1
1157 1
1158 1
1159 2
1160 5
1161 4
1162 5
1163 6
1164 7
1165 10
1166 9
1167 9
1168 8
1169 9
1170 8
1171 6
1172 4
1173 3
1174 2
1175 3
1176 2
1177 2
1178 4
1179 3
1180 1
1181 2
1182 6
1183 7
1184 7
1185 6
1186 4
1187 3
1188 4
1189 3
1190 3
1191 3
1192 5
1193 3
1194 5
1195 6
1196 5
1197 6
1198 7
1199 5
1200 6
1201 6
1202 6
1203 7
1204 8
1205 6
1206 7
1207 5
1208 2
1209 3
1210 5
1211 6
1212 7
1213 5
1214 5
1215 4
1216 5
1217 3
1218 3
1219 3
1220 2
1221 2
1222 1
1223 0
1224 3
1225 0
1226 3
1227 4
1228 3
1229 2
1230 3
1231 5
1232 3
1233 2
1234 3
1235 2
1236 1
1237 3
1238 4
1239 6
1240 4
1241 5
1242 3
1243 6
1244 7
1245 6
1246 3
1247 0
1248 1
1249 6
1250 4
1251 2
1252 2
1253 3
1254 3
1255 1
1256 1
1257 1
1258 1
1259 2
1260 3
1261 5
1262 6
1263 4
1264 2
1265 1
1266 0
1267 2
1268 4
1269 3
1270 2
1271 4
1272 5
1273 5
1274 8
1275 8
1276 7
1277 6
1278 5
1279 5
1280 6
1281 5
1282 3
1283 2
1284 2
1285 3
1286 2
1287 2
1288 1
1289 2
1290 3
1291 5
1292 6
1293 5
1294 5
1295 6
1296 7
1297 7
1298 5
1299 5
1300 5
1301 5
1302 6
1303 5
1304 6
1305 6
1306 5
1307 3
1308 3
1309 3
1310 4
1311 4
1312 3
1313 1
1314 1
1315 4
1316 1
1317 0
1318 3
1319 3
1320 3
1321 2
1322 2
1323 2
1324 4
1325 3
1326 6
1327 5
1328 5
1329 4
1330 3
1331 5
1332 5
1333 3
1334 4
1335 4
1336 6
1337 8
1338 6
1339 8
1340 7
1341 8
1342 8
1343 8
1344 9
1345 9
1346 8
1347 10
1348 12
1349 12
1350 12
1351 12
1352 11
1353 12
1354 10
1355 9
1356 10
1357 12
1358 11
1359 11
1360 10
1361 9
1362 8
1363 9
1364 8
1365 8
1366 11
1367 11
1368 9
1369 9
1370 10
1371 11
1372 12
1373 11
1374 10
1375 9
1376 11
1377 10
1378 11
1379 12
1380 13
1381 14
1382 16
1383 13
1384 10
1385 11
1386 10
1387 11
1388 11
1389 11
1390 12
1391 12
1392 13
1393 12
1394 10
1395 11
1396 10
1397 9
1398 9
1399 7
1400 7
1401 7
1402 7
1403 4
1404 4
1405 2
1406 4
1407 2
1408 2
1409 3
1410 1
1411 2
1412 2
1413 1
1414 3
1415 4
1416 3
1417 3
1418 2
1419 3
1420 2
1421 5
1422 5
1423 8
1424 9
1425 10
1426 11
1427 10
1428 11
1429 12
1430 11
1431 9
1432 8
1433 7
1434 7
1435 8
1436 9
1437 9
1438 8
1439 8
1440 8
1441 8
1442 9
1443 9
1444 9
1445 10
1446 9
1447 8
1448 9
1449 9
1450 10
1451 11
1452 14
1453 12
1454 9
1455 7
1456 7
1457 7
1458 6
1459 9
1460 9
1461 8
1462 8
1463 7
1464 6
1465 7
1466 5
1467 7
1468 6
1469 5
1470 7
1471 7
1472 7
1473 6
1474 5
1475 5
1476 4
1477 2
1478 2
1479 6
1480 6
1481 6
1482 6
1483 7
1484 8
1485 8
1486 7
1487 5
1488 4
1489 6
1490 4
1491 6
1492 5
1493 3
1494 3
1495 3
1496 4
1497 2
1498 4
1499 3
1500 4
1501 3
1502 2
1503 4
1504 6
1505 5
1506 5
1507 5
1508 2
1509 4
1510 4
1511 3
1512 2
1513 0
1514 2
1515 1
1516 2
1517 4
1518 3
1519 1
1520 3
1521 4
1522 5
1523 3
1524 3
1525 4
1526 4
1527 3
1528 2
1529 1
1530 3
1531 2
1532 2
1533 4
1534 5
1535 3
1536 2
1537 5
1538 3
1539 4
1540 4
1541 4
1542 3
1543 0
1544 6
1545 8
1546 7
1547 6
1548 4
1549 3
1550 3
1551 2
1552 3
1553 2
1554 3
1555 3
1556 4
1557 4
1558 4
1559 4
1560 3
1561 2
1562 2
1563 4
1564 3
1565 5
1566 3
1567 2
1568 2
1569 2
1570 4
1571 3
1572 2
1573 2
1574 1
1575 3
1576 5
1577 5
1578 5
1579 5
1580 5
1581 5
1582 6
1583 5
1584 6
1585 7
1586 6
1587 6
1588 7
1589 8
1590 8
1591 8
1592 9
1593 9
1594 9
1595 8
1596 7
1597 5
1598 5
1599 3
1600 3
1601 2
1602 5
1603 6
1604 5
1605 3
1606 4
1607 2
1608 3
1609 3
1610 2
1611 1
1612 4
1613 4
1614 4
1615 2
1616 5
1617 5
1618 5
1619 6
1620 6
1621 5
1622 4
1623 3
1624 1
1625 3
1626 3
1627 5
1628 4
1629 6
1630 7
1631 5
1632 4
1633 4
1634 3
1635 4
1636 4
1637 3
1638 1
1639 3
1640 2
1641 1
1642 3
1643 0
1644 3
1645 2
1646 1
1647 2
1648 1
1649 6
1650 4
1651 3
1652 2
1653 3
1654 2
1655 4
1656 3
1657 1
1658 1
1659 3
1660 2
1661 2
1662 4
1663 7
1664 9
1665 8
1666 8
1667 8
1668 9
1669 8
1670 9
1671 6
1672 4
1673 3
1674 2
1675 3
1676 1
1677 5
1678 6
1679 5
1680 5
1681 4
1682 3
1683 5
1684 4
1685 4
1686 3
1687 3
1688 3
1689 4
1690 2
1691 2
1692 3
1693 3
1694 4
1695 4
1696 5
1697 7
1698 8
1699 6
1700 5
1701 4
1702 4
1703 3
1704 2
1705 3
1706 2
1707 1
1708 6
1709 6
1710 8
1711 8
1712 9
1713 8
1714 10
1715 8
1716 5
1717 5
1718 4
1719 3
1720 3
1721 3
1722 4
1723 4
1724 4
1725 5
1726 3
1727 1
1728 2
1729 3
1730 1
1731 1
1732 2
1733 2
1734 2
1735 1
1736 2
1737 1
1738 2
1739 2
1740 0
1741 1
1742 4
1743 4
1744 3
1745 4
1746 4
1747 5
1748 5
1749 5
1750 5
1751 5
1752 4
1753 3
1754 3
1755 5
1756 5
1757 6
1758 6
1759 4
1760 4
1761 2
1762 2
1763 1
1764 1
1765 0
1766 4
1767 6
1768 6
1769 5
1770 4
1771 3
1772 4
1773 4
1774 4
1775 4
1776 5
1777 3
1778 4
1779 5
1780 8
1781 9
1782 10
1783 9
1784 7
1785 6
1786 6
1787 8
1788 7
1789 7
1790 6
1791 4
1792 3
1793 2
1794 3
1795 1
1796 2
1797 3
1798 4
1799 4
1800 4
1801 4
1802 5
1803 4
1804 3
1805 2
1806 0
1807 5
1808 6
1809 4
1810 4
1811 4
1812 3
1813 2
1814 3
1815 2
1816 1
1817 2
1818 2
1819 2
1820 3
1821 4
1822 5
1823 7
1824 5
1825 4
1826 6
1827 7
1828 7
1829 5
1830 6
1831 7
1832 6
1833 5
1834 4
1835 5
1836 5
1837 4
1838 5
1839 5
1840 7
1841 5
1842 5
1843 4
1844 3
1845 3
1846 4
1847 2
1848 1
1849 5
1850 6
1851 7
1852 7
1853 8
1854 8
1855 7
1856 7
1857 7
1858 6
1859 5
1860 7
1861 5
1862 5
1863 5
1864 5
1865 7
1866 5
1867 5
1868 5
1869 5
1870 5
1871 5
1872 5
1873 3
1874 2
1875 3
1876 3
1877 4
1878 3
1879 4
1880 4
1881 3
1882 2
1883 3
1884 0
1885 3
1886 4
1887 7
1888 8
1889 6
1890 7
1891 4
1892 7
1893 6
1894 8
1895 9
1896 9
1897 8
1898 8
1899 8
1900 10
1901 11
1902 13
1903 11
1904 12
1905 11
1906 8
1907 9
1908 9
1909 10
1910 12
1911 12
1912 14
1913 14
1914 12
1915 11
1916 12
1917 12
1918 10
1919 12
1920 12
1921 11
1922 12
1923 10
1924 10
1925 9
1926 9
1927 9
1928 8
1929 8
1930 8
1931 8
1932 9
1933 10
1934 11
1935 9
1936 9
1937 9
1938 8
1939 8
1940 6
1941 5
1942 7
1943 6
1944 7
1945 9
1946 10
1947 7
1948 5
1949 5
1950 4
1951 3
1952 5
1953 5
1954 6
1955 5
1956 4
1957 6
1958 4
1959 5
1960 5
1961 3
1962 3
1963 3
1964 1
1965 4
1966 2
1967 2
1968 3
1969 3
1970 3
1971 3
1972 3
1973 1
1974 3
1975 2
1976 5
1977 6
1978 6
1979 6
1980 7
1981 7
1982 7
1983 4
1984 2
1985 1
1986 5
1987 4
1988 5
1989 5
1990 5
1991 5
1992 6
1993 6
1994 7
1995 7
1996 7
1997 7
1998 7
1999 8
2000 9
2001 8
2002 8
2003 7
2004 7
2005 5
2006 7
2007 7
2008 7
2009 8
2010 9
2011 9
2012 11
2013 11
2014 11
2015 11
2016 9
2017 8
2018 10
2019 9
2020 7
2021 7
2022 5
2023 2
2024 1
2025 4
2026 3
2027 3
2028 4
2029 3
2030 5
2031 3
2032 2
2033 3
2034 2
2035 5
2036 7
2037 6
2038 5
2039 6
2040 4
2041 2
2042 4
2043 5
2044 5
2045 4
2046 4
2047 5
2048 4
2049 5
2050 5
2051 7
2052 9
2053 7
2054 8
2055 8
2056 9
2057 7
2058 6
2059 9
2060 8
2061 7
2062 7
2063 6
2064 6
2065 6
2066 6
2067 6
2068 7
2069 7
2070 7
2071 8
2072 7
2073 8
2074 9
2075 8
2076 8
2077 8
2078 6
2079 6
2080 4
2081 4
2082 2
2083 1
2084 3
2085 2
2086 2
2087 5
2088 6
2089 6
2090 6
2091 3
2092 4
2093 5
2094 6
2095 6
2096 8
2097 9
2098 8
2099 8
2100 6
2101 6
2102 5
2103 8
2104 8
2105 9
2106 11
2107 12
2108 14
2109 12
2110 13
2111 14
2112 15
2113 12
2114 14
2115 15
2116 12
2117 14
2118 16
2119 13
2120 13
2121 13
2122 13
2123 14
2124 11
2125 10
2126 9
2127 7
2128 6
2129 6
2130 4
2131 6
2132 5
2133 5
2134 4
2135 2
2136 4
2137 4
2138 3
2139 6
2140 7
2141 8
2142 9
2143 7
2144 7
2145 5
2146 6
2147 5
2148 5
2149 5
2150 5
2151 5
2152 4
2153 6
2154 7
2155 5
2156 5
2157 6
2158 6
2159 7
2160 8
2161 8
2162 8
2163 9
2164 10
2165 9
2166 9
2167 8
2168 6
2169 7
2170 6
2171 7
2172 6
2173 5
2174 4
2175 4
2176 5
2177 6
2178 3
2179 5
2180 4
2181 3
2182 2
2183 1
2184 3
2185 1
2186 2
2187 3
2188 3
2189 4
2190 2
2191 2
2192 0
2193 3
2194 2
2195 1
2196 4
2197 6
2198 6
2199 5
2200 5
2201 2
2202 2
2203 2
2204 3
2205 5
2206 6
2207 7
2208 6
2209 5
2210 4
2211 4
2212 2
2213 4
2214 4
2215 1
2216 1
2217 2
2218 2
2219 5
2220 6
2221 9
2222 7
2223 5
2224 4
2225 4
2226 6
2227 6
2228 5
2229 5
2230 4
2231 7
2232 6
2233 6
2234 3
2235 4
2236 5
2237 7
2238 7
2239 5
2240 5
2241 4
2242 3
2243 3
2244 4
2245 4
2246 3
2247 4
2248 2
2249 3
2250 5
2251 4
2252 2
2253 3
2254 3
2255 4
2256 2
2257 2
2258 1
2259 2
2260 4
2261 4
2262 3
2263 1
2264 5
2265 4
2266 4
2267 5
2268 5
2269 2
2270 2
2271 2
2272 5
2273 2
2274 4
2275 6
2276 5
2277 4
2278 4
2279 3
2280 5
2281 3
2282 4
2283 3
2284 4
2285 4
2286 4
2287 4
2288 5
2289 7
2290 5
2291 5
2292 5
2293 6
2294 5
2295 4
2296 4
2297 2
2298 1
2299 3
2300 3
2301 2
2302 1
2303 2
2304 1
2305 2
2306 2
2307 2
2308 3
2309 1
2310 3
2311 3
2312 2
2313 5
2314 5
2315 6
2316 7
2317 7
2318 6
2319 3
2320 2
2321 2
2322 4
2323 3
2324 3
2325 4
2326 3
2327 2
2328 3
2329 4
2330 2
2331 3
2332 4
2333 3
2334 2
2335 2
2336 1
2337 5
2338 4
2339 3
2340 4
2341 2
2342 2
2343 2
2344 4
2345 4
2346 2
2347 3
2348 0
2349 4
2350 3
2351 4
2352 4
2353 4
2354 3
2355 3
2356 3
2357 3
2358 3
2359 3
2360 3
2361 3
2362 4
2363 4
2364 3
2365 3
2366 2
2367 1
2368 4
2369 3
2370 4
2371 6
2372 6
2373 7
2374 6
2375 5
2376 4
2377 5
2378 4
2379 4
2380 2
2381 3
2382 2
2383 3
2384 2
2385 2
2386 1
2387 3
2388 1
2389 2
2390 3
2391 1
2392 4
2393 3
2394 1
2395 3
2396 4
2397 3
2398 2
2399 2
2400 5
2401 3
2402 5
2403 5
2404 4
2405 4
2406 3
2407 4
2408 3
2409 4
2410 4
2411 3
2412 2
2413 4
2414 4
2415 2
2416 2
2417 1
2418 3
2419 2
2420 2
2421 3
2422 3
2423 3
2424 1
2425 5
2426 2
2427 2
2428 4
2429 2
2430 4
2431 4
2432 4
2433 3
2434 2
2435 5
2436 4
2437 3
2438 4
2439 2
2440 5
2441 3
2442 2
2443 4
2444 2
2445 2
2446 4
2447 5
2448 4
2449 5
2450 3
2451 3
2452 3
2453 3
2454 3
2455 3
2456 1
2457 2
2458 4
2459 6
2460 5
2461 6
2462 7
2463 5
2464 6
2465 5
2466 4
2467 3
2468 5
2469 4
2470 3
2471 2
2472 5
2473 4
2474 3
2475 3
2476 4
2477 5
2478 5
2479 5
2480 5
2481 6
2482 7
2483 9
2484 10
2485 11
2486 11
2487 12
2488 13
2489 12
2490 13
2491 13
2492 12
2493 12
2494 10
2495 10
2496 10
2497 10
2498 10
2499 10
2500 8
2501 9
2502 8
2503 9
2504 11
2505 12
2506 11
2507 10
2508 11
2509 10
2510 9
2511 10
2512 10
2513 9
2514 7
2515 4
2516 1
2517 4
2518 4
2519 4
2520 4
2521 2
2522 2
2523 1
2524 2
2525 3
2526 3
2527 4
2528 1
2529 3
2530 2
2531 4
2532 1
2533 3
2534 4
2535 4
2536 2
2537 1
2538 2
2539 3
2540 1
2541 2
2542 2
2543 1
2544 3
2545 6
2546 5
2547 5
2548 5
2549 5
2550 3
2551 4
2552 3
2553 2
2554 2
2555 2
2556 2
2557 3
2558 4
2559 3
2560 2
2561 2
2562 4
2563 4
2564 7
2565 7
2566 5
2567 5
2568 6
2569 6
2570 5
2571 5
2572 5
2573 6
2574 7
2575 8
2576 7
2577 8
2578 6
2579 7
2580 5
2581 5
2582 7
2583 7
2584 9
2585 9
2586 8
2587 8
2588 11
2589 10
2590 12
2591 11
2592 11
2593 11
2594 8
2595 6
2596 6
2597 6
2598 5
2599 6
2600 6
2601 6
2602 3
2603 4
2604 4
2605 3
2606 4
2607 3
2608 3
2609 5
2610 5
2611 6
2612 8
2613 8
2614 8
2615 6
2616 7
2617 6
2618 8
2619 9
2620 10
2621 7
2622 7
2623 6
2624 4
2625 4
2626 5
2627 4
2628 3
2629 5
2630 4
2631 2
2632 4
2633 4
2634 5
2635 6
2636 5
2637 4
2638 3
2639 4
2640 3
2641 2
2642 2
2643 2
2644 1
2645 2
2646 4
2647 4
2648 2
2649 2
2650 4
2651 6
2652 7
2653 6
2654 6
2655 5
2656 6
2657 6
2658 7
2659 5
2660 5
2661 6
2662 6
2663 8
2664 9
2665 9
2666 8
2667 7
2668 7
2669 6
2670 4
2671 3
2672 2
2673 2
2674 1
2675 3
2676 5
2677 5
2678 6
2679 10
2680 10
2681 9
2682 7
2683 6
2684 6
2685 6
2686 6
2687 7
2688 7
2689 5
2690 5
2691 5
2692 4
2693 3
2694 3
2695 5
2696 5
2697 3
2698 1
2699 5
2700 5
2701 3
2702 2
2703 2
2704 2
2705 1
2706 2
2707 3
2708 4
2709 3
2710 3
2711 2
2712 3
2713 2
2714 4
2715 5
2716 4
2717 7
2718 6
2719 7
2720 8
2721 9
2722 10
2723 10
2724 10
2725 9
2726 9
2727 10
2728 11
2729 11
2730 10
2731 9
2732 9
2733 10
2734 11
2735 13
2736 14
2737 17
2738 14
2739 13
2740 13
2741 11
2742 12
2743 12
2744 10
2745 8
2746 8
2747 7
2748 6
2749 5
2750 6
2751 5
2752 5
2753 4
2754 3
2755 2
2756 4
2757 3
2758 2
2759 3
2760 4
2761 4
2762 1
2763 2
2764 2
2765 2
2766 3
2767 2
2768 2
2769 1
2770 3
2771 4
2772 3
2773 3
2774 0
2775 3
2776 1
2777 5
2778 3
2779 3
2780 3
2781 5
2782 4
2783 4
2784 4
2785 6
2786 5
2787 5
2788 5
2789 4
2790 5
2791 6
2792 7
2793 8
2794 7
2795 7
2796 6
2797 4
2798 5
2799 8
2800 6
2801 5
2802 6
2803 6
2804 4
2805 3
2806 2
2807 2
2808 4
2809 1
2810 4
2811 7
2812 7
2813 4
2814 5
2815 6
2816 5
2817 3
2818 3
2819 4
2820 4
2821 5
2822 4
2823 4
2824 2
2825 1
2826 5
2827 5
2828 3
2829 3
2830 2
2831 3
2832 2
2833 1
2834 3
2835 4
2836 1
2837 5
2838 4
2839 3
2840 5
2841 4
2842 3
2843 2
2844 1
2845 4
2846 4
2847 3
2848 5
2849 8
2850 7
2851 5
2852 4
2853 5
2854 4
2855 3
2856 3
2857 0
2858 2
2859 4
2860 2
2861 4
2862 5
2863 5
2864 5
2865 6
2866 5
2867 3
2868 3
2869 5
2870 5
2871 4
2872 3
2873 4
2874 4
2875 4
2876 2
2877 3
2878 6
2879 4
2880 6
2881 5
2882 4
2883 5
2884 3
2885 4
2886 4
2887 2
2888 2
2889 3
2890 2
2891 4
2892 3
2893 3
2894 3
2895 3
2896 3
2897 5
2898 7
2899 8
2900 9
2901 10
2902 10
2903 11
2904 12
2905 12
2906 14
2907 13
2908 12
2909 11
2910 12
2911 11
2912 10
2913 11
2914 9
2915 9
2916 12
2917 13
2918 14
2919 14
2920 15
2921 12
2922 13
2923 13
2924 13
2925 12
2926 13
2927 15
2928 12
2929 10
2930 9
2931 8
2932 9
2933 8
2934 8
2935 9
2936 8
2937 6
2938 3
2939 2
2940 3
2941 3
2942 4
2943 4
2944 4
2945 3
2946 3
2947 4
2948 5
2949 5
2950 3
2951 3
2952 2
2953 3
2954 1
2955 3
2956 6
2957 5
2958 4
2959 4
2960 6
2961 4
2962 2
2963 7
2964 7
2965 7
2966 6
2967 6
2968 7
2969 6
2970 8
2971 8
2972 9
2973 7
2974 8
2975 8
2976 11
2977 11
2978 11
2979 10
2980 11
2981 12
2982 12
2983 12
2984 11
2985 8
2986 7
2987 5
2988 4
2989 4
2990 5
2991 6
2992 7
2993 5
2994 6
2995 8
2996 10
2997 11
2998 11
2999 12
3000 11
3001 10
3002 9
3003 10
3004 8
3005 8
3006 10
3007 10
3008 10
3009 11
3010 11
3011 11
3012 11
3013 10
3014 10
3015 9
3016 10
3017 11
3018 13
3019 13
3020 14
3021 12
3022 11
3023 12
3024 10
3025 11
3026 9
3027 8
3028 8
3029 9
3030 9
3031 7
3032 8
3033 8
3034 6
3035 4
3036 5
3037 6
3038 6
3039 4
3040 3
3041 3
3042 1
3043 3
3044 4
3045 4
3046 1
3047 1
3048 4
3049 6
3050 7
3051 5
3052 3
3053 3
3054 1
3055 2
3056 1
3057 3
3058 3
3059 4
3060 4
3061 4
3062 4
3063 1
3064 2
3065 1
3066 2
3067 4
3068 4
3069 3
3070 1
3071 0
3072 1
3073 3
3074 3
3075 3
3076 1
3077 2
3078 2
3079 3
3080 3
3081 3
3082 6
3083 6
3084 4
3085 2
3086 1
3087 2
3088 3
3089 3
3090 2
3091 5
3092 7
3093 7
3094 7
3095 7
3096 6
3097 7
3098 7
3099 9
3100 9
3101 10
3102 9
3103 8
3104 8
3105 7
3106 6
3107 5
3108 5
3109 5
3110 5
3111 7
3112 5
3113 4
3114 2
3115 2
3116 4
3117 6
3118 6
3119 4
3120 2
3121 3
3122 3
3123 3
3124 1
3125 2
3126 2
3127 3
3128 5
3129 4
3130 3
3131 2
3132 1
3133 6
3134 7
3135 6
3136 4
3137 2
3138 6
3139 5
3140 5
3141 3
3142 2
3143 4
3144 5
3145 5
3146 4
3147 4
3148 4
3149 6
3150 5
3151 6
3152 4
3153 3
3154 3
3155 2
3156 2
3157 3
3158 2
3159 3
3160 2
3161 6
3162 4
3163 5
3164 5
3165 6
3166 4
3167 4
3168 5
3169 4
3170 3
3171 2
3172 3
3173 0
3174 2
3175 1
3176 5
3177 4
3178 7
3179 7
3180 11
3181 11
3182 10
3183 10
3184 11
3185 9
3186 6
3187 5
3188 7
3189 6
3190 7
3191 7
3192 6
3193 4
3194 5
3195 5
3196 4
3197 3
3198 4
3199 5
3200 3
3201 2
3202 2
3203 5
3204 6
3205 4
3206 3
3207 2
3208 3
3209 3
3210 1
3211 2
3212 3
3213 2
3214 3
3215 4
3216 5
3217 7
3218 5
3219 5
3220 5
3221 5
3222 6
3223 4
3224 4
3225 5
3226 6
3227 6
3228 8
3229 9
3230 8
3231 10
3232 10
3233 9
3234 9
3235 7
3236 8
3237 9
3238 9
3239 9
3240 10
3241 9
3242 9
3243 8
3244 9
3245 7
3246 6
3247 7
3248 6
3249 6
3250 6
3251 6
3252 5
3253 3
3254 4
3255 4
3256 3
3257 4
3258 3
3259 3
3260 4
3261 3
3262 0
3263 3
3264 4
3265 6
3266 7
3267 5
3268 4
3269 6
3270 6
3271 7
3272 9
3273 8
3274 10
3275 10
3276 12
3277 11
3278 10
3279 8
3280 7
3281 6
3282 8
3283 9
3284 10
3285 12
3286 10
3287 10
3288 10
3289 10
3290 12
3291 12
3292 12
3293 14
3294 14
3295 13
3296 11
3297 10
3298 9
3299 8
3300 8
3301 8
3302 6
3303 5
3304 8
3305 5
3306 6
3307 5
3308 4
3309 2
3310 1
3311 2
3312 6
3313 6
3314 4
3315 3
3316 3
3317 3
3318 3
3319 3
3320 1
3321 2
3322 1
3323 3
3324 3
3325 3
3326 3
3327 3
3328 1
3329 2
3330 4
3331 8
3332 6
3333 7
3334 6
3335 4
3336 5
3337 5
3338 4
3339 4
3340 4
3341 5
3342 6
3343 7
3344 8
3345 10
3346 8
3347 8
3348 7
3349 6
3350 7
3351 5
3352 2
3353 4
3354 3
3355 1
3356 0
3357 0
3358 3
3359 2
3360 3
3361 2
3362 3
3363 3
3364 3
3365 2
3366 2
3367 3
3368 3
3369 2
3370 4
3371 2
3372 2
3373 3
3374 2
3375 0
3376 2
3377 3
3378 4
3379 3
3380 5
3381 5
3382 5
3383 5
3384 3
3385 4
3386 5
3387 3
3388 1
3389 3
3390 3
3391 6
3392 4
3393 3
3394 1
3395 1
3396 4
3397 3
3398 5
3399 3
3400 3
3401 4
3402 6
3403 5
3404 3
3405 3
3406 1
3407 3
3408 4
3409 3
3410 2
3411 2
3412 3
3413 3
3414 4
3415 4
3416 4
3417 5
3418 5
3419 5
3420 5
3421 6
3422 5
3423 3
3424 4
3425 2
3426 3
3427 0
3428 1
3429 3
3430 4
3431 5
3432 3
3433 3
3434 2
3435 3
3436 2
3437 2
3438 5
3439 5
3440 5
3441 8
3442 6
3443 7
3444 8
3445 6
3446 5
3447 5
3448 4
3449 4
3450 5
3451 5
3452 5
3453 5
3454 5
3455 5
3456 6
3457 5
3458 4
3459 3
3460 3
3461 2
3462 2
3463 4
3464 5
3465 7
3466 5
3467 6
3468 8
3469 7
3470 8
3471 9
3472 9
3473 11
3474 12
3475 10
3476 9
3477 10
3478 10
3479 10
3480 11
3481 13
3482 10
3483 11
3484 10
3485 9
3486 9
3487 10
3488 11
3489 12
3490 10
3491 9
3492 7
3493 6
3494 8
3495 11
3496 9
3497 7
3498 7
3499 8
3500 8
3501 9
3502 10
3503 10
3504 11
3505 9
3506 10
3507 13
3508 13
3509 11
3510 11
3511 9
3512 9
3513 9
3514 8
3515 9
3516 9
3517 10
3518 11
3519 10
3520 9
3521 7
3522 6
3523 7
3524 6
3525 6
3526 7
3527 7
3528 7
3529 7
3530 6
3531 7
3532 8
3533 7
3534 7
3535 6
3536 6
3537 7
3538 8
3539 8
3540 6
3541 6
3542 5
3543 4
3544 6
3545 5
3546 6
3547 5
3548 4
3549 1
3550 3
3551 3
3552 2
3553 4
3554 2
3555 2
3556 3
3557 1
3558 5
3559 4
3560 5
3561 5
3562 5
3563 6
3564 6
3565 7
3566 8
3567 7
3568 6
3569 5
3570 5
3571 3
3572 3
3573 2
3574 3
3575 3
3576 4
3577 4
3578 6
3579 5
3580 6
3581 7
3582 6
3583 5
3584 6
3585 7
3586 8
3587 8
3588 7
3589 10
3590 8
3591 9
3592 10
3593 13
3594 12
3595 11
3596 12
3597 11
3598 11
3599 12
3600 11
3601 12
3602 13
3603 15
3604 12
3605 11
3606 10
3607 12
3608 12
3609 12
3610 14
3611 15
3612 12
3613 14
3614 15
3615 12
3616 12
3617 12
3618 11
3619 10
3620 9
3621 7
3622 6
3623 4
3624 4
3625 3
3626 5
3627 5
3628 9
3629 11
3630 12
3631 12
3632 12
3633 12
3634 12
3635 9
3636 9
3637 9
3638 9
3639 10
3640 7
3641 9
3642 7
3643 8
3644 6
3645 4
3646 4
3647 6
3648 5
3649 4
3650 3
3651 2
3652 2
3653 3
3654 2
3655 1
3656 6
3657 5
3658 6
3659 4
3660 3
3661 1
3662 2
3663 5
3664 4
3665 7
3666 7
3667 6
3668 7
3669 9
3670 9
3671 7
3672 9
3673 7
3674 8
3675 9
3676 7
3677 7
3678 7
3679 5
3680 4
3681 5
3682 5
3683 5
3684 5
3685 4
3686 3
3687 6
3688 6
3689 4
3690 5
3691 6
3692 9
3693 7
3694 7
3695 6
3696 3
3697 4
3698 4
3699 3
3700 2
3701 2
3702 3
3703 2
3704 4
3705 5
3706 4
3707 5
3708 4
3709 5
3710 3
3711 1
3712 2
3713 4
3714 4
3715 6
3716 4
3717 5
3718 4
3719 5
3720 3
3721 2
3722 3
3723 4
3724 2
3725 0
3726 1
3727 2
3728 2
3729 3
3730 4
3731 3
3732 6
3733 6
3734 7
3735 7
3736 10
3737 9
3738 12
3739 13
3740 15
3741 12
3742 11
3743 11
3744 12
3745 12
3746 11
3747 12
3748 11
3749 11
3750 10
3751 11
3752 9
3753 8
3754 10
3755 9
3756 9
3757 10
3758 11
3759 11
3760 12
3761 13
3762 12
3763 11
3764 11
3765 11
3766 9
3767 7
3768 9
3769 8
3770 7
3771 8
3772 9
3773 11
3774 9
3775 8
3776 6
3777 6
3778 5
3779 7
3780 9
3781 9
3782 7
3783 8
3784 7
3785 5
3786 7
3787 8
3788 7
3789 7
3790 6
3791 6
3792 4
3793 3
3794 2
3795 2
3796 6
3797 6
3798 4
3799 4
3800 3
3801 2
3802 5
3803 5
3804 3
3805 4
3806 3
3807 2
3808 4
3809 3
3810 3
3811 1
3812 3
3813 4
3814 4
3815 3
3816 5
3817 5
3818 6
3819 7
3820 7
3821 7
3822 7
3823 7
3824 7
3825 8
3826 7
3827 8
3828 8
3829 7
3830 6
3831 5
3832 4
3833 3
3834 3
3835 3
3836 3
3837 4
3838 3
3839 3
3840 4
3841 2
3842 2
3843 4
3844 4
3845 5
3846 5
3847 3
3848 4
3849 4
3850 4
3851 3
3852 2
3853 2
3854 2
3855 4
3856 6
3857 5
3858 3
3859 2
3860 4
3861 6
3862 4
3863 5
3864 4
3865 4
3866 4
3867 5
3868 5
3869 4
3870 6
3871 5
3872 6
3873 6
3874 5
3875 4
3876 4
3877 2
3878 2
3879 3
3880 2
3881 2
3882 2
3883 2
3884 2
3885 4
3886 5
3887 4
3888 3
3889 2
3890 1
3891 4
3892 4
3893 3
3894 2
3895 3
3896 5
3897 5
3898 4
3899 3
3900 1
3901 3
3902 3
3903 4
3904 3
3905 4
3906 4
3907 4
3908 1
3909 5
3910 4
3911 5
3912 4
3913 3
3914 2
3915 2
3916 2
3917 3
3918 4
3919 3
3920 3
3921 1
3922 4
3923 4
3924 2
3925 4
3926 4
3927 2
3928 3
3929 1
3930 3
3931 1
3932 4
3933 7
3934 8
3935 7
3936 8
3937 9
3938 9
3939 8
3940 8
3941 10
3942 11
3943 13
3944 15
3945 12
3946 9
3947 11
3948 11
3949 11
3950 9
3951 10
3952 10
3953 9
3954 9
3955 9
3956 12
3957 10
3958 8
3959 7
3960 9
3961 10
3962 10
3963 7
3964 9
3965 9
3966 9
3967 11
3968 10
3969 9
3970 9
3971 8
3972 8
3973 7
3974 8
3975 7
3976 7
3977 5
3978 5
3979 3
3980 3
3981 3
3982 1
3983 2
3984 2
3985 2
3986 2
3987 1
3988 6
3989 5
3990 5
3991 3
3992 6
3993 6
3994 4
3995 5
3996 3
3997 3
3998 1
3999 2
4000 6
4001 5
4002 6
4003 4
4004 2
4005 2
4006 4
4007 6
4008 3
4009 2
4010 5
4011 6
4012 7
4013 7
4014 6
4015 4
4016 5
4017 6
4018 8
4019 6
4020 8
4021 8
4022 10
4023 10
4024 12
4025 14
4026 13
4027 15
4028 12
4029 11
4030 11
4031 10
4032 7
4033 8
4034 9
4035 10
4036 8
4037 8
4038 8
4039 10
4040 11
4041 8
4042 9
4043 10
4044 8
4045 7
4046 6
4047 6
4048 6
4049 6
4050 7
4051 7
4052 6
4053 6
4054 4
4055 5
4056 3
4057 2
4058 3
4059 5
4060 4
4061 4
4062 3
4063 2
4064 3
4065 2
4066 2
4067 3
4068 3
4069 2
4070 2
4071 1
4072 1
4073 3
4074 3
4075 2
4076 1
4077 0
4078 2
4079 3
4080 3
4081 2
4082 0
4083 4
4084 4
4085 6
4086 7
4087 6
4088 4
4089 3
4090 3
4091 1
4092 1
4093 1
4094 1
4095 3
4096 5
4097 3
4098 4
4099 5
4100 5
4101 6
4102 4
4103 3
4104 3
4105 3
4106 2
4107 3
4108 3
4109 2
4110 2
4111 5
4112 6
4113 5
4114 5
4115 5
4116 3
4117 2
4118 2
4119 1
4120 2
4121 3
4122 3
4123 6
4124 5
4125 4
4126 5
4127 6
4128 6
4129 7
4130 5
4131 7
4132 8
4133 8
4134 8
4135 8
4136 5
4137 5
4138 5
4139 3
4140 3
4141 2
4142 1
4143 2
4144 1
4145 3
4146 5
4147 4
4148 2
4149 4
4150 4
4151 5
4152 4
4153 4
4154 3
4155 4
4156 4
4157 1
4158 4
4159 4
4160 3
4161 2
4162 2
4163 3
4164 1
4165 2
4166 4
4167 3
4168 2
4169 3
4170 1
4171 1
4172 2
4173 1
4174 0
4175 2
4176 4
4177 5
4178 8
4179 8
4180 8
4181 8
4182 6
4183 4
4184 3
4185 4
4186 2
4187 3
4188 2
4189 4
4190 4
4191 4
4192 1
4193 1
4194 3
4195 3
4196 4
4197 4
4198 4
4199 3
4200 2
4201 3
4202 3
4203 2
4204 1
4205 3
4206 2
4207 0
4208 2
4209 3
4210 0
4211 4
4212 5
4213 5
4214 5
4215 4
4216 6
4217 4
4218 4
4219 2
4220 3
4221 3
4222 4
4223 3
4224 4
4225 2
4226 0
4227 5
4228 3
4229 3
4230 1
4231 3
4232 3
4233 5
4234 5
4235 4
4236 3
4237 3
4238 1
4239 1
4240 2
4241 3
4242 1
4243 2
4244 1
4245 2
4246 3
4247 1
4248 1
4249 1
4250 5
4251 7
4252 7
4253 6
4254 5
4255 7
4256 6
4257 7
4258 7
4259 8
4260 6
4261 6
4262 5
4263 4
4264 4
4265 2
4266 4
4267 3
4268 4
4269 2
4270 3
4271 5
4272 5
4273 5
4274 5
4275 4
4276 4
4277 5
4278 8
4279 9
4280 10
4281 10
4282 11
4283 10
4284 8
4285 10
4286 11
4287 11
4288 10
4289 9
4290 10
4291 11
4292 10
4293 9
4294 11
4295 9
4296 11
4297 11
4298 11
4299 10
4300 10
4301 12
4302 11
4303 13
4304 12
4305 12
4306 9
4307 9
4308 6
4309 3
4310 2
4311 1
4312 3
4313 3
4314 5
4315 4
4316 3
4317 4
4318 5
4319 7
4320 9
4321 8
4322 9
4323 13
4324 13
4325 15
4326 12
4327 13
4328 15
4329 12
4330 14
4331 11
4332 12
4333 12
4334 11
4335 11
4336 12
4337 10
4338 10
4339 13
4340 15
4341 12
4342 13
4343 10
4344 10
4345 10
4346 12
4347 10
4348 11
4349 12
4350 11
4351 11
4352 13
4353 14
4354 12
4355 11
4356 11
4357 10
4358 10
4359 11
4360 11
4361 11
4362 10
4363 9
4364 8
4365 7
4366 5
4367 3
4368 2
4369 6
4370 7
4371 8
4372 8
4373 8
4374 7
4375 5
4376 5
4377 6
4378 6
4379 7
4380 11
4381 9
4382 9
4383 8
4384 9
4385 10
4386 10
4387 9
4388 9
4389 9
4390 9
4391 8
4392 7
4393 7
4394 7
4395 6
4396 6
4397 6
4398 6
4399 4
4400 5
4401 4
4402 5
4403 3
4404 2
4405 2
4406 3
4407 4
4408 3
4409 4
4410 3
4411 3
4412 3
4413 1
4414 1
4415 3
4416 4
4417 3
4418 2
4419 3
4420 3
4421 1
4422 4
4423 4
4424 3
4425 2
4426 4
4427 4
4428 3
4429 3
4430 4
4431 5
4432 6
4433 7
4434 7
4435 7
4436 6
4437 6
4438 3
4439 2
4440 0
4441 3
4442 1
4443 3
4444 1
4445 1
4446 2
4447 1
4448 4
4449 6
4450 5
4451 7
4452 7
4453 6
4454 5
4455 6
4456 5
4457 5
4458 5
4459 4
4460 6
4461 5
4462 5
4463 5
4464 6
4465 4
4466 3
4467 3
4468 2
4469 2
4470 4
4471 6
4472 6
4473 6
4474 6
4475 7
4476 8
4477 7
4478 6
4479 6
4480 8
4481 7
4482 8
4483 9
4484 8
4485 9
4486 8
4487 9
4488 8
4489 9
4490 11
4491 11
4492 11
4493 13
4494 12
4495 11
4496 11
4497 10
4498 11
4499 11
4500 12
4501 13
4502 13
4503 11
4504 9
4505 7
4506 7
4507 7
4508 6
4509 4
4510 3
4511 5
4512 5
4513 6
4514 8
4515 8
4516 7
4517 6
4518 8
4519 9
4520 9
4521 12
4522 13
4523 10
4524 9
4525 10
4526 10
4527 11
4528 10
4529 11
4530 11
4531 9
4532 7
4533 8
4534 9
4535 10
4536 9
4537 10
4538 11
4539 11
4540 14
4541 13
4542 14
4543 14
4544 14
4545 14
4546 12
4547 10
4548 11
4549 9
4550 11
4551 8
4552 9
4553 10
4554 8
4555 7
4556 8
4557 10
4558 10
4559 11
4560 9
4561 8
4562 8
4563 9
4564 7
4565 6
4566 5
4567 5
4568 7
4569 6
4570 5
4571 5
4572 3
4573 0
4574 3
4575 3
4576 3
4577 5
4578 6
4579 6
4580 6
4581 5
4582 4
4583 2
4584 2
4585 1
4586 2
4587 3
4588 4
4589 2
4590 3
4591 1
4592 4
4593 2
4594 3
4595 4
4596 3
4597 3
4598 3
4599 5
4600 5
4601 3
4602 5
4603 5
4604 5
4605 3
4606 3
4607 4
4608 4
4609 3
4610 4
4611 4
4612 5
4613 2
4614 5
4615 6
4616 6
4617 6
4618 5
4619 3
4620 6
4621 7
4622 6
4623 9
4624 8
4625 7
4626 6
4627 7
4628 6
4629 7
4630 7
4631 8
4632 7
4633 7
4634 7
4635 5
4636 6
4637 3
4638 5
4639 3
4640 3
4641 3
4642 5
4643 5
4644 5
4645 4
4646 5
4647 3
4648 4
4649 6
4650 4
4651 4
4652 4
4653 2
4654 4
4655 5
4656 4
4657 4
4658 2
4659 5
4660 8
4661 8
4662 8
4663 5
4664 7
4665 8
4666 8
4667 9
4668 9
4669 9
4670 10
4671 10
4672 11
4673 9
4674 8
4675 9
4676 7
4677 8
4678 8
4679 8
4680 7
4681 6
4682 6
4683 8
4684 6
4685 9
4686 10
4687 9
4688 8
4689 7
4690 9
4691 9
4692 9
4693 9
4694 10
4695 8
4696 10
4697 13
4698 11
4699 12
4700 12
4701 10
4702 8
4703 9
4704 8
4705 8
4706 5
4707 6
4708 7
4709 5
4710 2
4711 3
4712 3
4713 3
4714 4
4715 6
4716 7
4717 6
4718 5
4719 3
4720 5
4721 5
4722 5
4723 2
4724 2
4725 4
4726 3
4727 1
4728 2
4729 2
4730 2
4731 4
4732 2
4733 2
4734 5
4735 7
4736 7
4737 5
4738 5
4739 3
4740 1
4741 2
4742 5
4743 7
4744 6
4745 6
4746 7
4747 6
4748 6
4749 6
4750 6
4751 5
4752 5
4753 4
4754 3
4755 1
4756 4
4757 3
4758 4
4759 4
4760 5
4761 4
4762 6
4763 6
4764 5
4765 6
4766 6
4767 4
4768 4
4769 2
4770 4
4771 5
4772 2
4773 2
4774 2
4775 3
4776 1
4777 3
4778 4
4779 4
4780 4
4781 2
4782 4
4783 5
4784 6
4785 6
4786 4
4787 7
4788 6
4789 5
4790 3
4791 3
4792 7
4793 8
4794 8
4795 10
4796 9
4797 8
4798 7
4799 6
4800 4
4801 5
4802 5
4803 4
4804 4
4805 6
4806 4
4807 5
4808 4
4809 2
4810 2
4811 3
4812 2
4813 4
4814 4
4815 7
4816 10
4817 9
4818 8
4819 8
4820 10
4821 7
4822 8
4823 7
4824 6
4825 7
4826 8
4827 8
4828 9
4829 10
4830 10
4831 10
4832 9
4833 8
4834 8
4835 8
4836 7
4837 6
4838 6
4839 6
4840 6
4841 8
4842 6
4843 5
4844 5
4845 6
4846 9
4847 10
4848 11
4849 14
4850 14
4851 15
4852 12
4853 15
4854 12
4855 12
4856 12
4857 13
4858 13
4859 13
4860 12
4861 11
4862 11
4863 11
4864 12
4865 12
4866 16
4867 13
4868 14
4869 13
4870 13
4871 11
4872 12
4873 12
4874 12
4875 10
4876 10
4877 10
4878 10
4879 10
4880 9
4881 8
4882 8
4883 8
4884 7
4885 6
4886 4
4887 4
4888 4
4889 6
4890 6
4891 6
4892 7
4893 7
4894 9
4895 9
4896 7
4897 6
4898 7
4899 7
4900 9
4901 7
4902 5
4903 6
4904 7
4905 6
4906 9
4907 9
4908 7
4909 8
4910 9
4911 7
4912 6
4913 7
4914 5
4915 2
4916 4
4917 3
4918 2
4919 2
4920 3
4921 3
4922 4
4923 2
4924 1
4925 3
4926 3
4927 4
4928 7
4929 8
4930 7
4931 7
4932 8
4933 7
4934 8
4935 9
4936 8
4937 9
4938 8
4939 7
4940 10
4941 12
4942 14
4943 17
4944 14
4945 12
4946 13
4947 11
4948 14
4949 13
4950 14
4951 14
4952 11
4953 11
4954 9
4955 8
4956 6
4957 6
4958 7
4959 6
4960 6
4961 8
4962 8
4963 7
4964 6
4965 4
4966 4
4967 3
4968 4
4969 4
4970 4
4971 2
4972 4
4973 4
4974 3
4975 3
4976 3
4977 3
4978 2
4979 3
4980 2
4981 3
4982 3
4983 6
4984 5
4985 4
4986 3
4987 3
4988 4
4989 2
4990 3
4991 3
4992 4
4993 4
4994 5
4995 4
4996 5
4997 5
4998 7
4999 9
5000 9
5001 10
5002 9
5003 8
5004 7
5005 6
5006 8
5007 7
5008 8
5009 8
5010 9
5011 6
5012 4
5013 6
5014 7
5015 7
5016 6
5017 6
5018 5
5019 6
5020 5
5021 6
5022 8
5023 7
5024 6
5025 6
5026 7
5027 6
5028 5
5029 5
5030 3
5031 2
5032 4
5033 3
5034 3
5035 6
5036 5
5037 5
5038 7
5039 9
5040 9
5041 6
5042 3
5043 3
5044 2
5045 2
5046 4
5047 3
5048 3
5049 3
5050 4
5051 4
5052 4
5053 3
5054 4
5055 1
5056 3
5057 3
5058 3
5059 2
5060 4
5061 4
5062 1
5063 2
5064 1
5065 2
5066 4
5067 3
5068 5
5069 4
5070 2
5071 1
5072 5
5073 3
5074 2
5075 4
5076 7
5077 9
5078 10
5079 9
5080 6
5081 9
5082 8
5083 7
5084 9
5085 11
5086 10
5087 9
5088 12
5089 12
5090 10
5091 9
5092 7
5093 8
5094 7
5095 7
5096 8
5097 7
5098 8
5099 6
5100 9
5101 8
5102 7
5103 6
5104 5
5105 6
5106 6
5107 7
5108 8
5109 5
5110 5
5111 6
5112 7
5113 8
5114 6
5115 5
5116 3
5117 3
5118 3
5119 3
5120 2
5121 3
5122 3
5123 3
5124 4
5125 5
5126 3
5127 3
5128 2
5129 3
5130 3
5131 1
5132 5
5133 7
5134 7
5135 8
5136 7
5137 5
5138 3
5139 1
5140 2
5141 4
5142 1
5143 1
5144 0
5145 2
5146 3
5147 3
5148 2
5149 3
5150 4
5151 3
5152 3
5153 3
5154 2
5155 2
5156 0
5157 5
5158 4
5159 2
5160 1
5161 0
5162 3
5163 2
5164 6
5165 7
5166 7
5167 9
5168 9
5169 9
5170 9
5171 7
5172 10
5173 9
5174 9
5175 10
5176 11
5177 9
5178 8
5179 10
5180 7
5181 6
5182 6
5183 7
5184 5
5185 4
5186 1
5187 4
5188 2
5189 1
5190 3
5191 3
5192 1
5193 3
5194 3
5195 3
5196 3
5197 2
5198 3
5199 7
5200 6
5201 6
5202 8
5203 7
5204 7
5205 8
5206 8
5207 6
5208 6
5209 6
5210 6
5211 7
5212 8
5213 8
5214 7
5215 8
5216 7
5217 5
5218 4
5219 5
5220 7
5221 5
5222 4
5223 4
5224 4
5225 2
5226 1
5227 2
5228 4
5229 3
5230 3
5231 0
5232 1
5233 5
5234 6
5235 6
5236 7
5237 8
5238 7
5239 7
5240 7
5241 6
5242 5
5243 5
5244 6
5245 7
5246 6
5247 3
5248 3
5249 2
5250 6
5251 6
5252 5
5253 5
5254 5
5255 3
5256 2
5257 4
5258 2
5259 5
5260 4
5261 1
5262 3
5263 3
5264 3
5265 2
5266 2
5267 2
5268 2
5269 3
5270 0
5271 4
5272 4
5273 4
5274 5
5275 2
5276 3
5277 2
5278 2
5279 4
5280 2
5281 3
5282 4
5283 7
5284 7
5285 6
5286 4
5287 4
5288 2
5289 4
5290 3
5291 2
5292 4
5293 5
5294 4
5295 5
5296 3
5297 2
5298 2
5299 2
5300 2
5301 3
5302 2
5303 3
5304 2
5305 3
5306 4
5307 5
5308 4
5309 3
5310 4
5311 4
5312 4
5313 4
5314 3
5315 3
5316 4
5317 5
5318 4
5319 3
5320 4
5321 6
5322 6
5323 7
5324 8
5325 6
5326 5
5327 5
5328 4
5329 3
5330 4
5331 3
5332 3
5333 1
5334 3
5335 3
5336 4
5337 4
5338 2
5339 1
5340 2
5341 2
5342 1
5343 5
5344 4
5345 2
5346 3
5347 2
5348 3
5349 2
5350 1
5351 3
5352 3
5353 7
5354 5
5355 4
5356 4
5357 4
5358 4
5359 3
5360 0
5361 2
5362 3
5363 2
5364 4
5365 3
5366 4
5367 3
5368 1
5369 2
5370 4
5371 5
5372 5
5373 4
5374 3
5375 1
5376 3
5377 6
5378 6
5379 8
5380 6
5381 7
5382 6
5383 6
5384 6
5385 7
5386 6
5387 4
5388 3
5389 2
5390 5
5391 4
5392 4
5393 2
5394 3
5395 3
5396 4
5397 2
5398 4
5399 5
5400 5
5401 7
5402 6
5403 4
5404 3
5405 3
5406 4
5407 4
5408 5
5409 4
5410 4
5411 3
5412 4
5413 4
5414 2
5415 3
5416 2
5417 2
5418 5
5419 7
5420 6
5421 6
5422 7
5423 6
5424 7
5425 4
5426 4
5427 5
5428 5
5429 3
5430 4
5431 5
5432 8
5433 9
5434 7
5435 8
5436 8
5437 9
5438 9
5439 6
5440 4
5441 4
5442 2
5443 0
5444 0
5445 1
5446 0
5447 2
5448 4
5449 5
5450 4
5451 4
5452 3
5453 2
5454 3
5455 2
5456 3
5457 3
5458 3
5459 3
5460 4
5461 4
5462 4
5463 5
5464 4
5465 2
5466 4
5467 3
5468 3
5469 2
5470 1
5471 2
5472 0
5473 3
5474 2
5475 1
5476 2
5477 1
5478 2
5479 3
5480 2
5481 2
5482 1
5483 1
5484 1
5485 0
5486 1
5487 1
5488 3
5489 2
5490 3
5491 4
5492 4
5493 2
5494 3
5495 3
5496 2
5497 4
5498 5
5499 2
5500 3
5501 2
5502 1
5503 4
5504 5
5505 4
5506 5
5507 3
5508 1
5509 5
5510 5
5511 3
5512 4
5513 2
5514 4
5515 5
5516 7
5517 5
5518 3
5519 1
5520 2
5521 1
5522 3
5523 2
5524 2
5525 1
5526 2
5527 2
5528 2
5529 2
5530 2
5531 1
5532 2
5533 5
5534 6
5535 6
5536 5
5537 5
5538 2
5539 2
5540 3
5541 1
5542 2
5543 1
5544 1
5545 3
5546 1
5547 4
5548 2
5549 1
5550 3
5551 0
5552 2
5553 4
5554 2
5555 5
5556 5
5557 5
5558 4
5559 4
5560 4
5561 3
5562 3
5563 4
5564 4
5565 5
5566 5
5567 5
5568 5
5569 6
5570 6
5571 4
5572 2
5573 2
5574 3
5575 1
5576 4
5577 1
5578 3
5579 3
5580 4
5581 5
5582 4
5583 4
5584 4
5585 3
5586 2
5587 0
5588 0
5589 5
5590 5
5591 5
5592 5
5593 5
5594 5
5595 5
5596 6
5597 7
5598 5
5599 6
5600 5
5601 7
5602 7
5603 9
5604 12
5605 12
5606 12
5607 13
5608 14
5609 15
5610 12
5611 12
5612 12
5613 11
5614 12
5615 11
5616 12
5617 10
5618 10
5619 12
5620 13
5621 11
5622 12
5623 13
5624 14
5625 13
5626 13
5627 14
5628 15
5629 12
5630 13
5631 12
5632 13
5633 13
5634 14
5635 14
5636 15
5637 12
5638 12
5639 11
5640 12
5641 12
5642 12
5643 12
5644 12
5645 11
5646 10
5647 13
5648 11
5649 9
5650 13
5651 13
5652 13
5653 11
5654 11
5655 12
5656 10
5657 10
5658 11
5659 13
5660 13
5661 15
5662 12
5663 11
5664 9
5665 8
5666 9
5667 8
5668 6
5669 7
5670 6
5671 4
5672 4
5673 4
5674 5
5675 4
5676 4
5677 3
5678 2
5679 3
5680 5
5681 4
5682 6
5683 5
5684 6
5685 3
5686 2
5687 2
5688 3
5689 2
5690 1
5691 3
5692 4
5693 4
5694 2
5695 2
5696 4
5697 3
5698 3
5699 1
5700 1
5701 2
5702 3
5703 2
5704 2
5705 4
5706 2
5707 3
5708 4
5709 4
5710 4
5711 4
5712 3
5713 4
5714 5
5715 5
5716 4
5717 4
5718 3
5719 5
5720 4
5721 2
5722 3
5723 4
5724 2
5725 5
5726 4
5727 3
5728 3
5729 4
5730 5
5731 4
5732 4
5733 4
5734 4
5735 4
5736 6
5737 7
5738 8
5739 7
5740 5
5741 6
5742 6
5743 6
5744 8
5745 6
5746 7
5747 5
5748 6
5749 6
5750 7
5751 5
5752 4
5753 5
5754 8
5755 8
5756 8
5757 7
5758 7
5759 5
5760 6
5761 5
5762 6
5763 5
5764 6
5765 5
5766 5
5767 6
5768 8
5769 6
5770 8
5771 9
5772 9
5773 8
5774 8
5775 9
5776 9
5777 10
5778 9
5779 8
5780 8
5781 8
5782 7
5783 6
5784 5
5785 2
5786 2
5787 1
5788 1
5789 0
5790 1
5791 4
5792 2
5793 2
5794 1
5795 3
5796 0
5797 4
5798 4
5799 2
5800 2
5801 3
5802 4
5803 4
5804 5
5805 7
5806 7
5807 8
5808 7
5809 6
5810 4
5811 2
5812 2
5813 2
5814 5
5815 4
5816 5
5817 5
5818 4
5819 2
5820 2
5821 5
5822 5
5823 4
5824 4
5825 5
5826 6
5827 3
5828 0
5829 2
5830 2
5831 3
5832 4
5833 6
5834 7
5835 9
5836 7
5837 7
5838 6
5839 5
5840 5
5841 5
5842 5
5843 6
5844 6
5845 5
5846 3
5847 4
5848 4
5849 3
5850 4
5851 3
5852 3
5853 3
5854 3
5855 3
5856 1
5857 1
5858 2
5859 5
5860 2
5861 2
5862 2
5863 4
5864 4
5865 5
5866 6
5867 5
5868 4
5869 5
5870 4
5871 2
5872 3
5873 3
5874 2
5875 3
5876 4
5877 5
5878 4
5879 4
5880 4
5881 6
5882 8
5883 6
5884 5
5885 5
5886 3
5887 2
5888 3
5889 3
5890 3
5891 5
5892 4
5893 4
5894 5
5895 5
5896 6
5897 4
5898 4
5899 5
5900 6
5901 8
5902 9
5903 9
5904 8
5905 6
5906 7
5907 5
5908 4
5909 4
5910 3
5911 3
5912 4
5913 4
5914 5
5915 6
5916 7
5917 7
5918 7
5919 9
5920 10
5921 11
5922 10
5923 10
5924 12
5925 14
5926 12
5927 12
5928 13
5929 16
5930 13
5931 12
5932 12
5933 15
5934 12
5935 12
5936 9
5937 7
5938 6
5939 7
5940 7
5941 8
5942 8
5943 9
5944 9
5945 8
5946 7
5947 8
5948 9
5949 9
5950 9
5951 8
5952 7
5953 7
5954 7
5955 6
5956 4
5957 3
5958 4
5959 3
5960 1
5961 2
5962 0
5963 1
5964 0
5965 3
5966 4
5967 6
5968 4
5969 2
5970 5
5971 5
5972 3
5973 3
5974 4
5975 4
5976 3
5977 2
5978 3
5979 5
5980 5
5981 3
5982 1
5983 3
5984 1
5985 3
5986 0
5987 2
5988 2
5989 1
5990 3
5991 4
5992 4
5993 3
5994 2
5995 3
5996 3
5997 4
5998 3
5999 2
6000 1
6001 2
6002 4
6003 4
6004 5
6005 5
6006 7
6007 6
6008 4
6009 5
6010 4
6011 6
6012 5
6013 5
6014 7
6015 7
6016 7
6017 8
6018 8
6019 8
6020 9
6021 8
6022 10
6023 9
6024 8
6025 9
6026 8
6027 7
6028 6
6029 4
6030 4
6031 4
6032 5
6033 5
6034 4
6035 3
6036 3
6037 3
6038 2
6039 3
6040 3
6041 5
6042 4
6043 2
6044 3
6045 3
6046 2
6047 3
6048 2
6049 1
6050 2
6051 3
6052 3
6053 4
6054 4
6055 7
6056 6
6057 8
6058 7
6059 6
6060 5
6061 4
6062 6
6063 7
6064 4
6065 3
6066 4
6067 4
6068 4
6069 5
6070 5
6071 6
6072 4
6073 5
6074 7
6075 7
6076 8
6077 6
6078 5
6079 4
6080 3
6081 3
6082 4
6083 5
6084 5
6085 4
6086 6
6087 6
6088 7
6089 5
6090 4
6091 6
6092 5
6093 2
6094 3
6095 5
6096 5
6097 6
6098 4
6099 4
6100 5
6101 2
6102 3
6103 3
6104 1
6105 5
6106 7
6107 6
6108 4
6109 3
6110 1
6111 2
6112 3
6113 5
6114 7
6115 8
6116 7
6117 7
6118 7
6119 5
6120 5
6121 4
6122 4
6123 2
6124 3
6125 5
6126 5
6127 4
6128 5
6129 8
6130 8
6131 5
6132 6
6133 5
6134 5
6135 2
6136 2
6137 0
6138 2
6139 3
6140 3
6141 4
6142 3
6143 1
6144 5
6145 5
6146 7
6147 6
6148 6
6149 4
6150 1
6151 3
6152 3
6153 1
6154 6
6155 6
6156 6
6157 8
6158 7
6159 8
6160 9
6161 11
6162 10
6163 9
6164 10
6165 10
6166 11
6167 12
6168 12
6169 12
6170 10
6171 10
6172 11
6173 13
6174 14
6175 13
6176 15
6177 12
6178 10
6179 10
6180 12
6181 12
6182 10
6183 10
6184 10
6185 10
6186 12
6187 11
6188 13
6189 12
6190 11
6191 10
6192 8
6193 7
6194 6
6195 4
6196 5
6197 3
6198 2
6199 1
6200 1
6201 3
6202 3
6203 4
6204 1
6205 5
6206 2
6207 4
6208 5
6209 6
6210 5
6211 5
6212 5
6213 4
6214 3
6215 3
6216 2
6217 2
6218 5
6219 4
6220 7
6221 4
6222 4
6223 2
6224 2
6225 2
6226 5
6227 5
6228 4
6229 2
6230 3
6231 2
6232 2
6233 3
6234 3
6235 3
6236 3
6237 1
6238 4
6239 4
6240 7
6241 7
6242 7
6243 9
6244 6
6245 4
6246 5
6247 6
6248 7
6249 5
6250 2
6251 2
6252 4
6253 4
6254 4
6255 4
6256 4
6257 2
6258 3
6259 1
6260 3
6261 4
6262 4
6263 3
6264 2
6265 1
6266 4
6267 2
6268 3
6269 1
6270 1
6271 4
6272 4
6273 3
6274 2
6275 6
6276 7
6277 8
6278 10
6279 10
6280 9
6281 7
6282 7
6283 10
6284 11
6285 11
6286 10
6287 12
6288 11
6289 12
6290 12
6291 12
6292 11
6293 10
6294 8
6295 7
6296 6
6297 5
6298 3
6299 3
6300 3
6301 1
6302 6
6303 5
6304 4
6305 6
6306 5
6307 5
6308 5
6309 5
6310 4
6311 3
6312 3
6313 1
6314 5
6315 2
6316 4
6317 2
6318 6
6319 3
6320 3
6321 2
6322 3
6323 1
6324 2
6325 2
6326 1
6327 0
6328 4
6329 4
6330 5
6331 4
6332 3
6333 3
6334 4
6335 5
6336 5
6337 7
6338 6
6339 5
6340 4
6341 6
6342 7
6343 8
6344 8
6345 9
6346 8
6347 9
6348 9
6349 9
6350 11
6351 11
6352 13
6353 12
6354 12
6355 11
6356 13
6357 13
6358 14
6359 13
6360 15
6361 12
6362 12
6363 12
6364 12
6365 16
6366 13
6367 16
6368 13
6369 13
6370 10
6371 10
6372 9
6373 10
6374 9
6375 10
6376 10
6377 11
6378 11
6379 11
6380 12
6381 13
6382 14
6383 13
6384 11
6385 8
6386 7
6387 6
6388 6
6389 6
6390 5
6391 3
6392 4
6393 3
6394 8
6395 6
6396 3
6397 0
6398 1
6399 3
6400 0
6401 3
6402 3
6403 5
6404 7
6405 6
6406 6
6407 7
6408 9
6409 8
6410 10
6411 9
6412 8
6413 10
6414 12
6415 13
6416 13
6417 14
6418 15
6419 12
6420 11
6421 10
6422 10
6423 11
6424 10
6425 12
6426 14
6427 13
6428 13
6429 12
6430 10
6431 10
6432 9
6433 10
6434 11
6435 11
6436 10
6437 9
6438 9
6439 10
6440 8
6441 5
6442 4
6443 3
6444 4
6445 3
6446 2
6447 6
6448 8
6449 8
6450 8
6451 8
6452 8
6453 7
6454 6
6455 4
6456 4
6457 6
6458 5
6459 4
6460 5
6461 5
6462 4
6463 3
6464 2
6465 3
6466 3
6467 2
6468 2
6469 4
6470 4
6471 5
6472 6
6473 3
6474 1
6475 4
6476 3
6477 1
6478 4
6479 4
6480 3
6481 2
6482 1
6483 2
6484 3
6485 1
6486 2
6487 3
6488 1
6489 3
6490 2
6491 3
6492 3
6493 3
6494 1
6495 2
6496 3
6497 2
6498 4
6499 3
6500 4
6501 4
6502 5
6503 3
6504 3
6505 3
6506 2
6507 4
6508 7
6509 8
6510 6
6511 5
6512 3
6513 3
6514 5
6515 4
6516 5
6517 4
6518 3
6519 2
6520 4
6521 3
6522 2
6523 2
6524 2
6525 3
6526 5
6527 4
6528 2
6529 2
6530 3
6531 5
6532 6
6533 4
6534 3
6535 3
6536 3
6537 2
6538 3
6539 4
6540 4
6541 6
6542 6
6543 5
6544 4
6545 3
6546 3
6547 0
6548 4
6549 5
6550 7
6551 7
6552 7
6553 5
6554 5
6555 5
6556 5
6557 4
6558 3
6559 4
6560 2
6561 5
6562 9
6563 10
6564 10
6565 7
6566 6
6567 7
6568 8
6569 8
6570 7
6571 6
6572 7
6573 7
6574 7
6575 5
6576 4
6577 4
6578 3
6579 2
6580 2
6581 5
6582 5
6583 5
6584 5
6585 5
6586 4
6587 4
6588 2
6589 2
6590 4
6591 3
6592 3
6593 1
6594 1
6595 3
6596 2
6597 2
6598 4
6599 1
6600 3
6601 3
6602 4
6603 3
6604 4
6605 4
6606 2
6607 3
6608 2
6609 4
6610 6
6611 4
6612 3
6613 3
6614 3
6615 5
6616 3
6617 2
6618 4
6619 6
6620 6
6621 8
6622 7
6623 8
6624 9
6625 10
6626 9
6627 8
6628 7
6629 5
6630 5
6631 5
6632 7
6633 9
6634 10
6635 10
6636 10
6637 9
6638 10
6639 8
6640 7
6641 6
6642 5
6643 5
6644 4
6645 6
6646 4
6647 4
6648 2
6649 5
6650 3
6651 3
6652 4
6653 5
6654 3
6655 1
6656 1
6657 2
6658 4
6659 5
6660 4
6661 4
6662 6
6663 8
6664 8
6665 6
6666 5
6667 6
6668 5
6669 4
6670 3
6671 3
6672 4
6673 5
6674 7
6675 5
6676 5
6677 5
6678 5
6679 3
6680 1
6681 2
6682 4
6683 4
6684 5
6685 5
6686 6
6687 6
6688 4
6689 2
6690 2
6691 4
6692 6
6693 6
6694 3
6695 2
6696 1
6697 6
6698 5
6699 5
6700 4
6701 5
6702 5
6703 6
6704 6
6705 7
6706 7
6707 6
6708 6
6709 4
6710 3
6711 2
6712 3
6713 5
6714 7
6715 7
6716 7
6717 4
6718 6
6719 8
6720 6
6721 6
6722 3
6723 3
6724 4
6725 4
6726 5
6727 6
6728 6
6729 7
6730 7
6731 6
6732 8
6733 8
6734 8
6735 8
6736 7
6737 7
6738 5
6739 2
6740 4
6741 2
6742 4
6743 4
6744 6
6745 6
6746 6
6747 4
6748 4
6749 4
6750 1
6751 3
6752 3
6753 1
6754 2
6755 3
6756 3
6757 2
6758 4
6759 3
6760 2
6761 5
6762 5
6763 6
6764 7
6765 7
6766 6
6767 5
6768 7
6769 7
6770 8
6771 8
6772 6
6773 5
6774 5
6775 2
6776 2
6777 3
6778 2
6779 3
6780 5
6781 4
6782 2
6783 3
6784 4
6785 3
6786 3
6787 6
6788 5
6789 5
6790 4
6791 5
6792 5
6793 6
6794 4
6795 3
6796 3
6797 3
6798 3
6799 4
6800 6
6801 5
6802 9
6803 9
6804 9
6805 8
6806 7
6807 5
6808 3
6809 3
6810 1
6811 1
6812 1
6813 4
6814 3
6815 2
6816 3
6817 3
6818 5
6819 5
6820 8
6821 7
6822 7
6823 5
6824 5
6825 5
6826 2
6827 2
6828 2
6829 3
6830 2
6831 3
6832 3
6833 6
6834 3
6835 2
6836 3
6837 2
6838 2
6839 1
6840 1
6841 1
6842 3
6843 4
6844 3
6845 1
6846 3
6847 4
6848 3
6849 2
6850 4
6851 3
6852 3
6853 4
6854 7
6855 7
6856 8
6857 10
6858 8
6859 10
6860 10
6861 10
6862 9
6863 8
6864 6
6865 5
6866 4
6867 5
6868 7
6869 9
6870 10
6871 11
6872 12
6873 11
6874 10
6875 11
6876 11
6877 11
6878 13
6879 12
6880 11
6881 9
6882 10
6883 9
6884 10
6885 10
6886 9
6887 10
6888 11
6889 12
6890 13
6891 15
6892 12
6893 10
6894 9
6895 8
6896 10
6897 8
6898 8
6899 8
6900 7
6901 9
6902 7
6903 6
6904 4
6905 4
6906 5
6907 6
6908 3
6909 0
6910 1
6911 2
6912 3
6913 5
6914 5
6915 5
6916 5
6917 3
6918 4
6919 5
6920 6
6921 6
6922 6
6923 9
6924 8
6925 9
6926 9
6927 8
6928 7
6929 6
6930 7
6931 7
6932 6
6933 4
6934 2
6935 3
6936 2
6937 1
6938 2
6939 2
6940 2
6941 2
6942 4
6943 5
6944 6
6945 7
6946 8
6947 11
6948 11
6949 9
6950 8
6951 8
6952 9
6953 9
6954 8
6955 7
6956 6
6957 6
6958 6
6959 5
6960 3
6961 4
6962 4
6963 4
6964 5
6965 5
6966 5
6967 4
6968 4
6969 1
6970 3
6971 4
6972 4
6973 5
6974 7
6975 7
6976 8
6977 6
6978 7
6979 5
6980 4
6981 5
6982 3
6983 1
6984 1
6985 3
6986 5
6987 8
6988 6
6989 5
6990 4
6991 2
6992 0
6993 2
6994 4
6995 5
6996 5
6997 5
6998 5
6999 4
7000 4
7001 4
7002 3
7003 3
7004 2
7005 3
7006 1
7007 2
7008 1
7009 3
7010 5
7011 5
7012 4
7013 1
7014 2
7015 3
7016 1
7017 3
7018 2
7019 1
7020 4
7021 4
7022 3
7023 3
7024 4
7025 2
7026 2
7027 3
7028 1
7029 2
7030 2
7031 1
7032 4
7033 3
7034 3
7035 4
7036 3
7037 3
7038 4
7039 3
7040 6
7041 6
7042 4
7043 2
7044 1
7045 7
7046 5
7047 6
7048 9
7049 10
7050 7
7051 6
7052 4
7053 5
7054 5
7055 5
7056 7
7057 9
7058 11
7059 10
7060 10
7061 10
7062 14
7063 13
7064 11
7065 12
7066 10
7067 10
7068 11
7069 12
7070 12
7071 14
7072 14
7073 15
7074 12
7075 9
7076 10
7077 10
7078 11
7079 11
7080 12
7081 11
7082 11
7083 11
7084 10
7085 10
7086 9
7087 10
7088 8
7089 8
7090 6
7091 4
7092 3
7093 1
7094 3
7095 4
7096 3
7097 4
7098 4
7099 7
7100 6
7101 5
7102 5
7103 3
7104 1
7105 2
7106 1
7107 2
7108 2
7109 2
7110 5
7111 5
7112 4
7113 6
7114 8
7115 9
7116 8
7117 8
7118 10
7119 10
7120 9
7121 11
7122 9
7123 10
7124 7
7125 7
7126 4
7127 5
7128 5
7129 5
7130 6
7131 7
7132 7
7133 7
7134 6
7135 5
7136 7
7137 8
7138 6
7139 8
7140 9
7141 9
7142 10
7143 11
7144 11
7145 9
7146 10
7147 11
7148 12
7149 10
7150 12
7151 11
7152 12
7153 12
7154 13
7155 13
7156 11
7157 13
7158 14
7159 14
7160 14
7161 13
7162 13
7163 12
7164 13
7165 16
7166 13
7167 11
7168 10
7169 11
7170 10
7171 9
7172 9
7173 9
7174 10
7175 8
7176 6
7177 6
7178 6
7179 6
7180 7
7181 8
7182 6
7183 7
7184 7
7185 6
7186 5
7187 4
7188 4
7189 5
7190 5
7191 5
7192 5
7193 4
7194 3
7195 5
7196 4
7197 5
7198 6
7199 7
7200 7
7201 7
7202 7
7203 10
7204 9
7205 8
7206 8
7207 7
7208 7
7209 7
7210 5
7211 3
7212 0
7213 3
7214 4
7215 5
7216 4
7217 4
7218 3
7219 3
7220 2
7221 4
7222 6
7223 4
7224 4
7225 3
7226 2
7227 6
7228 6
7229 3
7230 2
7231 5
7232 5
7233 7
7234 4
7235 3
7236 1
7237 3
7238 3
7239 2
7240 1
7241 2
7242 2
7243 4
7244 6
7245 5
7246 7
7247 9
7248 9
7249 11
7250 10
7251 10
7252 12
7253 12
7254 12
7255 14
7256 14
7257 13
7258 12
7259 10
7260 10
7261 10
7262 10
7263 9
7264 9
7265 9
7266 8
7267 8
7268 7
7269 7
7270 6
7271 5
7272 5
7273 4
7274 3
7275 3
7276 1
7277 2
7278 2
7279 3
7280 4
7281 5
7282 5
7283 4
7284 6
7285 5
7286 5
7287 4
7288 4
7289 1
7290 6
7291 5
7292 5
7293 4
7294 3
7295 4
7296 3
7297 2
7298 6
7299 3
7300 2
7301 2
7302 2
7303 3
7304 3
7305 1
7306 3
7307 4
7308 5
7309 4
7310 2
7311 4
7312 2
7313 2
7314 6
7315 7
7316 8
7317 10
7318 8
7319 7
7320 6
7321 5
7322 2
7323 0
7324 4
7325 4
7326 7
7327 7
7328 8
7329 7
7330 6
7331 4
7332 6
7333 4
7334 5
7335 6
7336 6
7337 3
7338 2
7339 1
7340 2
7341 3
7342 4
7343 8
7344 7
7345 8
7346 6
7347 8
7348 8
7349 5
7350 4
7351 4
7352 4
7353 5
7354 2
7355 3
7356 4
7357 4
7358 4
7359 5
7360 5
7361 6
7362 6
7363 6
7364 5
7365 4
7366 5
7367 5
7368 3
7369 3
7370 3
7371 5
7372 5
7373 4
7374 4
7375 4
7376 6
7377 6
7378 7
7379 4
7380 3
7381 3
7382 2
7383 6
7384 6
7385 5
7386 5
7387 6
7388 6
7389 6
7390 6
7391 8
7392 7
7393 7
7394 7
7395 6
7396 7
7397 5
7398 5
7399 4
7400 2
7401 2
7402 2
7403 3
7404 3
7405 2
7406 5
7407 5
7408 3
7409 3
7410 3
7411 3
7412 4
7413 4
7414 1
7415 3
7416 1
7417 1
7418 3
7419 3
7420 1
7421 2
7422 2
7423 3
7424 4
7425 6
7426 7
7427 6
7428 5
7429 5
7430 5
7431 5
7432 5
7433 4
7434 3
7435 3
7436 3
7437 3
7438 4
7439 6
7440 5
7441 5
7442 4
7443 3
7444 3
7445 2
7446 0
7447 3
7448 4
7449 2
7450 2
7451 3
7452 3
7453 3
7454 2
7455 3
7456 3
7457 2
7458 2
7459 1
7460 3
7461 7
7462 9
7463 8
7464 5
7465 5
7466 5
7467 7
7468 4
7469 4
7470 3
7471 1
7472 2
7473 4
7474 5
7475 6
7476 6
7477 3
7478 4
7479 3
7480 1
7481 3
7482 3
7483 3
7484 3
7485 3
7486 4
7487 3
7488 3
7489 4
7490 2
7491 4
7492 6
7493 5
7494 5
7495 4
7496 4
7497 3
7498 0
7499 1
7500 3
7501 2
7502 2
7503 5
7504 6
7505 5
7506 4
7507 4
7508 5
7509 5
7510 8
7511 6
7512 6
7513 6
7514 4
7515 4
7516 4
7517 4
7518 4
7519 3
7520 4
7521 2
7522 4
7523 4
7524 5
7525 4
7526 5
7527 6
7528 6
7529 6
7530 8
7531 7
7532 10
7533 12
7534 10
7535 12
7536 11
7537 10
7538 9
7539 8
7540 9
7541 10
7542 9
7543 8
7544 7
7545 6
7546 4
7547 5
7548 3
7549 6
7550 7
7551 7
7552 9
7553 9
7554 9
7555 9
7556 8
7557 9
7558 9
7559 9
7560 6
7561 5
7562 5
7563 6
7564 5
7565 5
7566 6
7567 7
7568 10
7569 11
7570 9
7571 10
7572 10
7573 9
7574 9
7575 9
7576 6
7577 5
7578 4
7579 5
7580 6
7581 6
7582 5
7583 3
7584 5
7585 5
7586 4
7587 4
7588 5
7589 6
7590 6
7591 4
7592 3
7593 3
7594 1
7595 3
7596 0
7597 3
7598 3
7599 3
7600 2
7601 4
7602 5
7603 7
7604 8
7605 7
7606 7
7607 7
7608 7
7609 7
7610 7
7611 8
7612 8
7613 7
7614 7
7615 8
7616 9
7617 9
7618 9
7619 10
7620 10
7621 9
7622 9
7623 9
7624 10
7625 9
7626 11
7627 9
7628 7
7629 5
7630 7
7631 7
7632 9
7633 10
7634 12
7635 15
7636 12
7637 11
7638 14
7639 13
7640 12
7641 14
7642 14
7643 14
7644 12
7645 12
7646 12
7647 12
7648 11
7649 10
7650 9
7651 8
7652 8
7653 8
7654 9
7655 9
7656 7
7657 7
7658 7
7659 5
7660 4
7661 4
7662 4
7663 3
7664 3
7665 0
7666 3
7667 5
7668 4
7669 2
7670 2
7671 2
7672 3
7673 2
7674 4
7675 2
7676 3
7677 2
7678 3
7679 1
7680 4
7681 3
7682 3
7683 6
7684 6
7685 7
7686 7
7687 7
7688 8
7689 5
7690 5
7691 7
7692 6
7693 8
7694 9
7695 10
7696 10
7697 9
7698 10
7699 11
7700 10
7701 10
7702 10
7703 10
7704 9
7705 8
7706 8
7707 7
7708 7
7709 6
7710 6
7711 6
7712 6
7713 4
7714 5
7715 4
7716 4
7717 5
7718 5
7719 4
7720 4
7721 3
7722 2
7723 1
7724 2
7725 4
7726 4
7727 4
7728 3
7729 2
7730 2
7731 2
7732 5
7733 6
7734 6
7735 7
7736 6
7737 7
7738 6
7739 6
7740 5
7741 3
7742 1
7743 1
7744 2
7745 4
7746 5
7747 6
7748 7
7749 10
7750 8
7751 8
7752 7
7753 8
7754 9
7755 9
7756 9
7757 9
7758 9
7759 9
7760 8
7761 7
7762 7
7763 7
7764 7
7765 8
7766 8
7767 6
7768 5
7769 4
7770 4
7771 3
7772 1
7773 4
7774 5
7775 7
7776 7
7777 7
7778 6
7779 6
7780 6
7781 6
7782 5
7783 5
7784 3
7785 1
7786 1
7787 3
7788 1
7789 2
7790 2
7791 2
7792 3
7793 5
7794 5
7795 3
7796 3
7797 4
7798 4
7799 4
7800 2
7801 2
7802 5
7803 4
7804 3
7805 4
7806 2
7807 3
7808 3
7809 3
7810 3
7811 5
7812 6
7813 6
7814 4
7815 3
7816 3
7817 2
7818 4
7819 4
7820 3
7821 3
7822 2
7823 0
7824 3
7825 6
7826 6
7827 8
7828 7
7829 7
7830 7
7831 5
7832 4
7833 2
7834 5
7835 3
7836 1
7837 2
7838 3
7839 2
7840 3
7841 2
7842 6
7843 4
7844 3
7845 4
7846 4
7847 5
7848 5
7849 5
7850 5
7851 3
7852 4
7853 6
7854 7
7855 6
7856 5
7857 4
7858 1
7859 2
7860 3
7861 1
7862 2
7863 2
7864 3
7865 2
7866 5
7867 3
7868 3
7869 3
7870 3
7871 3
7872 2
7873 4
7874 4
7875 6
7876 6
7877 6
7878 8
7879 7
7880 5
7881 3
7882 1
7883 5
7884 5
7885 5
7886 4
7887 4
7888 5
7889 5
7890 4
7891 6
7892 4
7893 3
7894 3
7895 2
7896 5
7897 6
7898 5
7899 6
7900 5
7901 5
7902 4
7903 4
7904 5
7905 6
7906 6
7907 4
7908 4
7909 3
7910 5
7911 3
7912 3
7913 4
7914 4
7915 4
7916 3
7917 2
7918 3
7919 6
7920 5
7921 5
7922 4
7923 2
7924 2
7925 3
7926 3
7927 5
7928 5
7929 4
7930 4
7931 3
7932 2
7933 2
7934 4
7935 4
7936 5
7937 6
7938 6
7939 6
7940 6
7941 5
7942 2
7943 3
7944 4
7945 5
7946 5
7947 5
7948 2
7949 3
7950 1
7951 4
7952 4
7953 3
7954 4
7955 3
7956 2
7957 2
7958 5
7959 2
7960 1
7961 1
7962 5
7963 3
7964 3
7965 5
7966 3
7967 2
7968 4
7969 2
7970 4
7971 4
7972 5
7973 7
7974 6
7975 7
7976 5
7977 7
7978 7
7979 7
7980 6
7981 6
7982 10
7983 9
7984 9
7985 7
7986 7
7987 9
7988 8
7989 8
7990 8
7991 8
7992 6
7993 7
7994 6
7995 7
7996 6
7997 7
7998 7
7999 8
8000 7
8001 4
8002 6
8003 7
8004 8
8005 7
8006 8
8007 8
8008 10
8009 11
8010 8
8011 5
8012 4
8013 5
8014 4
8015 5
8016 4
8017 5
8018 3
8019 3
8020 4
8021 4
8022 2
8023 1
8024 2
8025 2
8026 2
8027 2
8028 2
8029 1
8030 5
8031 4
8032 4
8033 5
8034 3
8035 1
8036 5
8037 5
8038 3
8039 1
8040 3
8041 3
8042 3
8043 6
8044 5
8045 6
8046 4
8047 6
8048 6
8049 8
8050 6
8051 7
8052 5
8053 5
8054 3
8055 3
8056 1
8057 2
8058 2
8059 2
8060 3
8061 5
8062 5
8063 5
8064 5
8065 4
8066 2
8067 2
8068 3
8069 3
8070 4
8071 4
8072 3
8073 1
8074 3
8075 5
8076 5
8077 3
8078 2
8079 4
8080 4
8081 4
8082 3
8083 5
8084 4
8085 4
8086 3
8087 2
8088 3
8089 3
8090 1
8091 2
8092 5
8093 5
8094 6
8095 6
8096 6
8097 5
8098 3
8099 3
8100 2
8101 1
8102 4
8103 3
8104 2
8105 3
8106 1
8107 4
8108 4
8109 3
8110 2
8111 2
8112 4
8113 3
8114 3
8115 5
8116 4
8117 5
8118 7
8119 8
8120 7
8121 6
8122 6
8123 6
8124 5
8125 5
8126 5
8127 5
8128 7
8129 5
8130 4
8131 2
8132 3
8133 2
8134 5
8135 7
8136 7
8137 6
8138 6
8139 5
8140 6
8141 7
8142 4
8143 5
8144 5
8145 4
8146 3
8147 3
8148 3
8149 4
8150 2
8151 0
8152 3
8153 2
8154 4
8155 1
8156 2
8157 2
8158 4
8159 4
8160 4
8161 3
8162 4
8163 4
8164 4
8165 3
8166 2
8167 2
8168 0
8169 5
8170 6
8171 8
8172 9
8173 12
8174 14
8175 14
8176 12
8177 12
8178 13
8179 10
8180 9
8181 9
8182 9
8183 11
8184 11
8185 11
8186 11
8187 12
8188 12
8189 13
8190 12
8191 10
8192 11
8193 10
8194 8
8195 9
8196 8
8197 6
8198 5
8199 2
8200 5
8201 4
8202 6
8203 6
8204 3
8205 2
8206 3
8207 3
8208 2
8209 1
8210 2
8211 3
8212 1
8213 2
8214 2
8215 3
8216 1
8217 3
8218 2
8219 2
8220 3
8221 5
8222 5
8223 3
8224 2
8225 4
8226 3
8227 4
8228 5
8229 4
8230 4
8231 4
8232 5
8233 5
8234 5
8235 3
8236 1
8237 2
8238 1
8239 4
8240 5
8241 5
8242 3
8243 2
8244 2
8245 2
8246 4
8247 5
8248 4
8249 3
8250 2
8251 3
8252 2
8253 3
8254 2
8255 4
8256 3
8257 2
8258 3
8259 3
8260 2
8261 3
8262 2
8263 3
8264 4
8265 4
8266 3
8267 3
8268 4
8269 5
8270 5
8271 6
8272 6
8273 5
8274 7
8275 7
8276 9
8277 10
8278 10
8279 12
8280 11
8281 10
8282 8
8283 5
8284 3
8285 2
8286 2
8287 3
8288 1
8289 2
8290 3
8291 2
8292 3
8293 2
8294 0
8295 4
8296 2
8297 2
8298 3
8299 2
8300 3
8301 3
8302 0
8303 2
8304 0
8305 1
8306 5
8307 4
8308 6
8309 5
8310 3
8311 2
8312 1
8313 3
8314 3
8315 3
8316 4
8317 3
8318 4
8319 3
8320 3
8321 1
8322 5
8323 5
8324 3
8325 2
8326 2
8327 1
8328 4
8329 6
8330 6
8331 5
8332 4
8333 3
8334 1
8335 4
8336 6
8337 6
8338 7
8339 7
8340 8
8341 8
8342 9
8343 8
8344 8
8345 7
8346 8
8347 8
8348 9
8349 7
8350 6
8351 4
8352 5
8353 6
8354 6
8355 5
8356 7
8357 5
8358 4
8359 2
8360 4
8361 2
8362 2
8363 2
8364 5
8365 4
8366 4
8367 4
8368 3
8369 5
8370 5
8371 4
8372 3
8373 0
8374 2
8375 2
8376 2
8377 1
8378 1
8379 2
8380 3
8381 2
8382 2
8383 3
8384 3
8385 2
8386 2
8387 2
8388 3
8389 5
8390 7
8391 8
8392 9
8393 9
8394 7
8395 8
8396 7
8397 7
8398 5
8399 6
8400 5
8401 5
8402 4
8403 3
8404 3
8405 3
8406 2
8407 1
8408 1
8409 2
8410 3
8411 3
8412 0
8413 1
8414 2
8415 1
8416 3
8417 2
8418 3
8419 0
8420 2
8421 4
8422 4
8423 3
8424 2
8425 1
8426 3
8427 2
8428 4
8429 1
8430 5
8431 5
8432 4
8433 3
8434 3
8435 1
8436 3
8437 3
8438 1
8439 2
8440 1
8441 2
8442 3
8443 1
8444 4
8445 7
8446 8
8447 7
8448 8
8449 8
8450 7
8451 8
8452 8
8453 8
8454 8
8455 7
8456 7
8457 7
8458 6
8459 3
8460 2
8461 2
8462 1
8463 1
8464 0
8465 7
8466 5
8467 6
8468 6
8469 6
8470 4
8471 3
8472 5
8473 2
8474 1
8475 0
8476 1
8477 3
8478 3
8479 0
8480 1
8481 1
8482 3
8483 2
8484 4
8485 4
8486 5
8487 7
8488 8
8489 10
8490 11
8491 11
8492 13
8493 11
8494 13
8495 12
8496 13
8497 13
8498 14
8499 14
8500 15
8501 12
8502 12
8503 13
8504 14
8505 13
8506 10
8507 9
8508 13
8509 13
8510 12
8511 11
8512 10
8513 11
8514 12
8515 12
8516 11
8517 11
8518 10
8519 9
8520 7
8521 5
8522 4
8523 4
8524 3
8525 5
8526 4
8527 5
8528 4
8529 5
8530 7
8531 7
8532 7
8533 6
8534 6
8535 6
8536 5
8537 5
8538 4
8539 3
8540 1
8541 2
8542 2
8543 2
8544 2
8545 2
8546 3
8547 3
8548 2
8549 2
8550 4
8551 6
8552 5
8553 6
8554 8
8555 8
8556 8
8557 8
8558 10
8559 10
8560 8
8561 8
8562 8
8563 8
8564 8
8565 9
8566 8
8567 5
8568 3
8569 1
8570 4
8571 1
8572 3
8573 4
8574 2
8575 2
8576 2
8577 1
8578 3
8579 4
8580 2
8581 3
8582 4
8583 3
8584 3
8585 3
8586 3
8587 6
8588 5
8589 5
8590 6
8591 7
8592 8
8593 11
8594 11
8595 9
8596 6
8597 4
8598 2
8599 1
8600 5
8601 5
8602 5
8603 6
8604 4
8605 4
8606 4
8607 4
8608 3
8609 2
8610 5
8611 5
8612 5
8613 6
8614 6
8615 9
8616 7
8617 9
8618 8
8619 9
8620 8
8621 8
8622 7
8623 7
8624 4
8625 2
8626 2
8627 1
8628 3
8629 5
8630 4
8631 4
8632 3
8633 4
8634 3
8635 2
8636 2
8637 3
8638 5
8639 4
8640 5
8641 2
8642 3
8643 5
8644 6
8645 4
8646 2
8647 3
8648 2
8649 4
8650 3
8651 2
8652 1
8653 4
8654 5
8655 6
8656 8
8657 8
8658 8
8659 8
8660 8
8661 6
8662 4
8663 4
8664 2
8665 3
8666 4
8667 3
8668 2
8669 2
8670 1
8671 2
8672 2
8673 1
8674 3
8675 2
8676 4
8677 3
8678 4
8679 6
8680 6
8681 6
8682 8
8683 9
8684 10
8685 9
8686 9
8687 7
8688 7
8689 7
8690 8
8691 10
8692 9
8693 8
8694 8
8695 9
8696 7
8697 6
8698 4
8699 6
8700 7
8701 5
8702 5
8703 5
8704 5
8705 5
8706 3
8707 2
8708 3
8709 3
8710 1
8711 0
8712 6
8713 7
8714 5
8715 6
8716 5
8717 5
8718 3
8719 2
8720 2
8721 1
8722 4
8723 1
8724 2
8725 1
8726 0
8727 3
8728 2
8729 2
8730 1
8731 1
8732 6
8733 4
8734 4
8735 4
8736 3
8737 5
8738 4
8739 4
8740 5
8741 3
8742 2
8743 4
8744 4
8745 5
8746 5
8747 6
8748 9
8749 10
8750 12
8751 14
8752 12
8753 13
8754 16
8755 13
8756 12
8757 11
8758 9
8759 9
8760 9
8761 7
8762 6
8763 8
8764 7
8765 8
8766 8
8767 6
8768 8
8769 9
8770 11
8771 13
8772 13
8773 12
8774 12
8775 12
8776 11
8777 11
8778 11
8779 9
8780 8
8781 8
8782 9
8783 7
8784 6
8785 7
8786 6
8787 5
8788 4
8789 4
8790 2
8791 5
8792 2
8793 3
8794 3
8795 4
8796 3
8797 2
8798 2
8799 2
8800 3
8801 2
8802 2
8803 3
8804 2
8805 2
8806 4
8807 4
8808 3
8809 5
8810 4
8811 4
8812 1
8813 4
8814 5
8815 5
8816 3
8817 3
8818 3
8819 2
8820 2
8821 2
8822 1
8823 2
8824 2
8825 3
8826 2
8827 2
8828 3
8829 3
8830 0
8831 2
8832 2
8833 2
8834 2
8835 3
8836 3
8837 3
8838 3
8839 3
8840 6
8841 7
8842 6
8843 6
8844 6
8845 8
8846 6
8847 8
8848 8
8849 8
8850 10
8851 9
8852 10
8853 11
8854 10
8855 9
8856 8
8857 6
8858 5
8859 4
8860 2
8861 2
8862 1
8863 3
8864 5
8865 6
8866 6
8867 7
8868 8
8869 7
8870 8
8871 9
8872 9
8873 9
8874 8
8875 10
8876 10
8877 9
8878 7
8879 9
8880 7
8881 7
8882 6
8883 6
8884 8
8885 8
8886 9
8887 8
8888 7
8889 8
8890 9
8891 8
8892 8
8893 6
8894 4
8895 3
8896 3
8897 3
8898 3
8899 3
8900 4
8901 3
8902 4
8903 4
8904 3
8905 3
8906 4
8907 4
8908 4
8909 4
8910 4
8911 3
8912 2
8913 1
8914 1
8915 0
8916 4
8917 5
8918 3
8919 2
8920 3
8921 3
8922 1
8923 4
8924 5
8925 5
8926 5
8927 5
8928 2
8929 3
8930 3
8931 5
8932 6
8933 5
8934 5
8935 7
8936 8
8937 9
8938 10
8939 7
8940 7
8941 7
8942 8
8943 7
8944 5
8945 6
8946 6
8947 7
8948 6
8949 5
8950 5
8951 5
8952 4
8953 2
8954 4
8955 3
8956 4
8957 2
8958 3
8959 3
8960 2
8961 1
8962 4
8963 2
8964 3
8965 0
8966 3
8967 4
8968 4
8969 3
8970 5
8971 6
8972 6
8973 7
8974 6
8975 7
8976 6
8977 7
8978 7
8979 8
8980 7
8981 6
8982 7
8983 7
8984 9
8985 8
8986 10
8987 9
8988 10
8989 9
8990 10
8991 9
8992 9
8993 10
8994 8
8995 5
8996 6
8997 6
8998 7
8999 6
9000 8
9001 8
9002 8
9003 7
9004 6
9005 6
9006 3
9007 2
9008 3
9009 5
9010 3
9011 4
9012 2
9013 3
9014 5
9015 7
9016 8
9017 7
9018 8
9019 7
9020 6
9021 7
9022 5
9023 5
9024 5
9025 2
9026 3
9027 4
9028 4
9029 4
9030 4
9031 4
9032 3
9033 5
9034 5
9035 6
9036 6
9037 9
9038 8
9039 7
9040 8
9041 6
9042 5
9043 3
9044 2
9045 3
9046 2
9047 1
9048 4
9049 2
9050 3
9051 4
9052 4
9053 6
9054 6
9055 8
9056 8
9057 7
9058 8
9059 7
9060 10
9061 9
9062 9
9063 10
9064 8
9065 8
9066 6
9067 8
9068 7
9069 6
9070 8
9071 7
9072 8
9073 9
9074 6
9075 7
9076 6
9077 4
9078 8
9079 7
9080 8
9081 6
9082 4
9083 3
9084 5
9085 3
9086 1
9087 4
9088 5
9089 3
9090 3
9091 4
9092 5
9093 4
9094 3
9095 1
9096 3
9097 3
9098 4
9099 3
9100 5
9101 5
9102 4
9103 5
9104 6
9105 6
9106 5
9107 7
9108 9
9109 11
9110 10
9111 11
9112 10
9113 11
9114 12
9115 12
9116 11
9117 10
9118 10
9119 9
9120 11
9121 10
9122 9
9123 9
9124 8
9125 6
9126 5
9127 5
9128 5
9129 6
9130 6
9131 7
9132 5
9133 6
9134 7
9135 5
9136 4
9137 3
9138 3
9139 1
9140 2
9141 1
9142 4
9143 3
9144 2
9145 3
9146 4
9147 3
9148 4
9149 4
9150 5
9151 5
9152 5
9153 6
9154 7
9155 7
9156 6
9157 6
9158 6
9159 5
9160 5
9161 3
9162 2
9163 4
9164 4
9165 4
9166 4
9167 3
9168 5
9169 5
9170 8
9171 9
9172 8
9173 7
9174 9
9175 7
9176 6
9177 4
9178 3
9179 2
9180 3
9181 1
9182 0
9183 3
9184 3
9185 2
9186 5
9187 4
9188 2
9189 3
9190 4
9191 3
9192 2
9193 1
9194 1
9195 2
9196 3
9197 4
9198 3
9199 2
9200 5
9201 4
9202 1
9203 2
9204 1
9205 3
9206 2
9207 5
9208 4
9209 4
9210 7
9211 7
9212 7
9213 5
9214 3
9215 3
9216 4
9217 2
9218 3
9219 2
9220 1
9221 0
9222 2
9223 1
9224 2
9225 5
9226 4
9227 1
9228 2
9229 3
9230 1
9231 1
9232 2
9233 3
9234 1
9235 4
9236 4
9237 4
9238 6
9239 5
9240 5
9241 4
9242 4
9243 3
9244 2
9245 6
9246 6
9247 7
9248 8
9249 7
9250 4
9251 2
9252 2
9253 4
9254 6
9255 5
9256 5
9257 5
9258 5
9259 4
9260 2
9261 3
9262 1
9263 3
9264 1
9265 3
9266 3
9267 5
9268 7
9269 7
9270 8
9271 9
9272 8
9273 8
9274 9
9275 10
9276 9
9277 8
9278 9
9279 9
9280 9
9281 10
9282 11
9283 11
9284 13
9285 13
9286 12
9287 10
9288 9
9289 9
9290 9
9291 10
9292 9
9293 8
9294 6
9295 7
9296 6
9297 6
9298 6
9299 6
9300 5
9301 4
9302 3
9303 4
9304 6
9305 6
9306 5
9307 7
9308 7
9309 6
9310 5
9311 5
9312 4
9313 1
9314 4
9315 3
9316 1
9317 3
9318 2
9319 3
9320 3
9321 4
9322 4
9323 3
9324 1
9325 1
9326 2
9327 2
9328 2
9329 3
9330 5
9331 4
9332 3
9333 2
9334 2
9335 3
9336 2
9337 5
9338 3
9339 3
9340 2
9341 2
9342 2
9343 1
9344 5
9345 6
9346 6
9347 5
9348 6
9349 5
9350 6
9351 5
9352 6
9353 6
9354 5
9355 4
9356 3
9357 4
9358 4
9359 5
9360 6
9361 7
9362 7
9363 5
9364 4
9365 4
9366 7
9367 7
9368 6
9369 6
9370 11
9371 12
9372 11
9373 11
9374 11
9375 10
9376 13
9377 11
9378 9
9379 8
9380 8
9381 6
9382 6
9383 7
9384 6
9385 6
9386 7
9387 6
9388 6
9389 5
9390 7
9391 7
9392 6
9393 7
9394 6
9395 4
9396 3
9397 3
9398 2
9399 4
9400 3
9401 3
9402 2
9403 3
9404 4
9405 4
9406 6
9407 6
9408 7
9409 6
9410 6
9411 6
9412 7
9413 7
9414 8
9415 7
9416 7
9417 7
9418 10
9419 11
9420 9
9421 7
9422 7
9423 4
9424 2
9425 4
9426 4
9427 6
9428 7
9429 5
9430 5
9431 4
9432 4
9433 3
9434 4
9435 1
9436 4
9437 4
9438 5
9439 5
9440 4
9441 5
9442 7
9443 7
9444 9
9445 7
9446 8
9447 10
9448 10
9449 9
9450 11
9451 12
9452 11
9453 10
9454 10
9455 10
9456 9
9457 7
9458 8
9459 7
9460 6
9461 8
9462 6
9463 5
9464 5
9465 3
9466 3
9467 4
9468 4
9469 6
9470 5
9471 4
9472 5
9473 7
9474 7
9475 7
9476 6
9477 7
9478 8
9479 5
9480 4
9481 4
9482 4
9483 3
9484 5
9485 3
9486 3
9487 3
9488 6
9489 6
9490 4
9491 5
9492 4
9493 6
9494 3
9495 4
9496 3
9497 6
9498 6
9499 6
9500 7
9501 7
9502 7
9503 6
9504 5
9505 3
9506 3
9507 5
9508 5
9509 4
9510 5
9511 4
9512 5
9513 4
9514 1
9515 4
9516 5
9517 4
9518 3
9519 6
9520 5
9521 6
9522 3
9523 0
9524 4
9525 5
9526 4
9527 3
9528 4
9529 3
9530 2
9531 2
9532 4
9533 4
9534 3
9535 2
9536 3
9537 4
9538 3
9539 2
9540 4
9541 6
9542 5
9543 3
9544 2
9545 2
9546 3
9547 2
9548 4
9549 2
9550 2
9551 2
9552 5
9553 6
9554 4
9555 5
9556 4
9557 3
9558 4
9559 4
9560 4
9561 5
9562 3
9563 2
9564 1
9565 2
9566 0
9567 3
9568 4
9569 2
9570 2
9571 4
9572 3
9573 2
9574 3
9575 3
9576 2
9577 4
9578 4
9579 5
9580 9
9581 11
9582 10
9583 9
9584 10
9585 11
9586 10
9587 13
9588 11
9589 12
9590 11
9591 10
9592 11
9593 10
9594 8
9595 8
9596 10
9597 8
9598 8
9599 6
9600 5
9601 5
9602 5
9603 5
9604 5
9605 3
9606 3
9607 3
9608 4
9609 2
9610 4
9611 3
9612 3
9613 3
9614 3
9615 5
9616 4
9617 4
9618 5
9619 5
9620 3
9621 3
9622 3
9623 3
9624 4
9625 4
9626 5
9627 3
9628 3
9629 3
9630 3
9631 2
9632 3
9633 3
9634 4
9635 3
9636 4
9637 3
9638 2
9639 3
9640 2
9641 3
9642 0
9643 2
9644 3
9645 3
9646 4
9647 2
9648 5
9649 6
9650 8
9651 7
9652 6
9653 8
9654 7
9655 4
9656 4
9657 2
9658 3
9659 5
9660 3
9661 4
9662 2
9663 5
9664 4
9665 5
9666 5
9667 3
9668 1
9669 4
9670 3
9671 2
9672 4
9673 7
9674 8
9675 7
9676 9
9677 10
9678 9
9679 7
9680 7
9681 6
9682 7
9683 8
9684 8
9685 6
9686 7
9687 10
9688 11
9689 10
9690 11
9691 12
9692 10
9693 8
9694 8
9695 7
9696 7
9697 10
9698 9
9699 8
9700 10
9701 9
9702 10
9703 9
9704 11
9705 10
9706 12
9707 14
9708 14
9709 13
9710 13
9711 14
9712 14
9713 14
9714 12
9715 12
9716 11
9717 11
9718 11
9719 12
9720 10
9721 10
9722 11
9723 10
9724 11
9725 11
9726 9
9727 10
9728 10
9729 10
9730 9
9731 11
9732 9
9733 11
9734 9
9735 11
9736 11
9737 11
9738 11
9739 11
9740 9
9741 10
9742 12
9743 12
9744 15
9745 12
9746 10
9747 12
9748 10
9749 11
9750 9
9751 9
9752 7
9753 8
9754 8
9755 9
9756 7
9757 6
9758 4
9759 3
9760 1
9761 3
9762 3
9763 2
9764 3
9765 4
9766 5
9767 4
9768 3
9769 0
9770 3
9771 1
9772 2
9773 2
9774 3
9775 0
9776 2
9777 2
9778 3
9779 3
9780 3
9781 1
9782 4
9783 2
9784 3
9785 5
9786 4
9787 5
9788 5
9789 5
9790 4
9791 3
9792 2
9793 2
9794 4
9795 1
9796 2
9797 1
9798 1
9799 2
9800 2
9801 3
9802 3
9803 2
9804 2
9805 4
9806 3
9807 2
9808 3
9809 4
9810 3
9811 3
9812 3
9813 2
9814 2
9815 2
9816 3
9817 4
9818 2
9819 3
9820 5
9821 4
9822 3
9823 2
9824 4
9825 7
9826 5
9827 5
9828 6
9829 6
9830 7
9831 8
9832 7
9833 10
9834 11
9835 11
9836 12
9837 12
9838 13
9839 11
9840 9
9841 11
9842 12
9843 12
9844 9
9845 9
9846 12
9847 13
9848 13
9849 13
9850 12
9851 11
9852 12
9853 12
9854 13
9855 13
9856 13
9857 14
9858 15
9859 12
9860 13
9861 14
9862 14
9863 14
9864 12
9865 12
9866 11
9867 13
9868 12
9869 12
9870 12
9871 13
9872 13
9873 13
9874 13
9875 12
9876 13
9877 14
9878 14
9879 14
9880 13
9881 13
9882 12
9883 11
9884 9
9885 9
9886 9
9887 7
9888 8
9889 10
9890 9
9891 8
9892 10
9893 12
9894 9
9895 12
9896 11
9897 10
9898 7
9899 9
9900 9
9901 9
9902 8
9903 9
9904 9
9905 10
9906 11
9907 13
9908 14
9909 11
9910 11
9911 11
9912 12
9913 11
9914 10
9915 9
9916 9
9917 10
9918 9
9919 7
9920 8
9921 7
9922 5
9923 3
9924 3
9925 2
9926 3
9927 3
9928 2
9929 3
9930 3
9931 3
9932 2
9933 1
9934 3
9935 5
9936 4
9937 5
9938 7
9939 6
9940 6
9941 4
9942 4
9943 3
9944 1
9945 1
9946 5
9947 6
9948 8
9949 5
9950 3
9951 3
9952 2
9953 2
9954 1
9955 2
9956 3
9957 2
9958 4
9959 4
9960 3
9961 3
9962 2
9963 1
9964 2
9965 3
9966 5
9967 3
9968 4
9969 5
9970 5
9971 4
9972 5
9973 3
9974 3
9975 2
9976 5
9977 2
9978 3
9979 1
9980 4
9981 3
9982 5
9983 5
9984 4
9985 4
9986 4
9987 5
9988 5
9989 6
9990 4
9991 5
9992 5
9993 4
9994 4
9995 5
9996 4
9997 4
9998 4
9999 6
