0 4
1 4
2 3
3 1
4 2
5 2
6 1
7 4
8 2
9 1
10 4
11 6
12 5
13 5
14 4
15 4
16 4
17 2
18 1
19 1
20 2
21 1
22 2
23 1
24 1
25 2
26 3
27 1
28 0
29 0
30 2
31 2
32 3
33 1
34 3
35 0
36 1
37 1
38 1
39 0
40 4
41 1
42 1
43 1
44 2
45 1
46 1
47 1
48 0
49 2
50 3
51 1
52 1
53 0
54 3
55 2
56 0
57 2
58 3
59 1
60 3
61 2
62 2
63 2
64 3
65 1
66 0
67 1
68 3
69 2
70 3
71 3
72 0
73 1
74 4
75 1
76 3
77 4
78 3
79 1
80 2
81 1
82 0
83 2
84 3
85 2
86 0
87 0
88 1
89 4
90 5
91 4
92 4
93 3
94 2
95 1
96 0
97 1
98 2
99 1
100 1
101 2
102 1
103 2
104 2
105 0
106 0
107 0
108 2
109 2
110 2
111 2
112 2
113 1
114 1
115 1
116 3
117 1
118 1
119 2
120 1
121 2
122 2
123 2
124 1
125 3
126 2
127 0
128 3
129 1
130 2
131 2
132 3
133 2
134 1
135 1
136 1
137 1
138 2
139 1
140 1
141 1
142 2
143 1
144 0
145 1
146 2
147 4
148 1
149 3
150 2
151 2
152 3
153 4
154 1
155 2
156 0
157 0
158 1
159 3
160 2
161 2
162 3
163 3
164 0
165 4
166 1
167 2
168 2
169 1
170 2
171 2
172 1
173 2
174 3
175 4
176 2
177 4
178 3
179 4
180 3
181 0
182 2
183 1
184 1
185 1
186 1
187 2
188 2
189 0
190 3
191 1
192 0
193 1
194 1
195 2
196 1
197 2
198 2
199 0
200 1
201 1
202 1
203 1
204 0
205 2
206 3
207 2
208 1
209 2
210 1
211 1
212 2
213 2
214 2
215 1
216 0
217 0
218 1
219 2
220 0
221 2
222 0
223 2
224 1
225 1
226 1
227 1
228 3
229 3
230 2
231 3
232 3
233 3
234 0
235 2
236 3
237 4
238 4
239 4
240 2
241 4
242 2
243 0
244 1
245 3
246 2
247 3
248 2
249 2
250 3
251 3
252 2
253 1
254 2
255 1
256 4
257 2
258 0
259 3
260 0
261 1
262 0
263 0
264 0
265 3
266 0
267 3
268 1
269 1
270 2
271 3
272 1
273 4
274 4
275 5
276 4
277 2
278 2
279 1
280 3
281 2
282 1
283 1
284 2
285 3
286 0
287 2
288 0
289 2
290 0
291 2
292 2
293 2
294 1
295 2
296 2
297 1
298 2
299 1
300 0
301 1
302 3
303 2
304 2
305 1
306 4
307 2
308 1
309 2
310 2
311 1
312 0
313 2
314 2
315 2
316 2
317 1
318 4
319 3
320 1
321 4
322 3
323 1
324 2
325 0
326 3
327 1
328 3
329 1
330 4
331 4
332 2
333 1
334 1
335 1
336 0
337 4
338 4
339 3
340 2
341 3
342 2
343 2
344 3
345 3
346 1
347 2
348 2
349 1
350 4
351 2
352 3
353 2
354 1
355 1
356 1
357 0
358 1
359 1
360 2
361 2
362 4
363 2
364 2
365 4
366 5
367 4
368 3
369 3
370 1
371 0
372 1
373 2
374 1
375 2
376 2
377 3
378 3
379 3
380 1
381 3
382 5
383 5
384 2
385 1
386 1
387 3
388 2
389 3
390 0
391 2
392 2
393 3
394 1
395 0
396 3
397 1
398 2
399 1
400 1
401 4
402 2
403 1
404 1
405 1
406 0
407 2
408 1
409 2
410 1
411 2
412 1
413 1
414 4
415 2
416 3
417 2
418 3
419 1
420 2
421 1
422 1
423 2
424 1
425 2
426 3
427 0
428 0
429 1
430 4
431 4
432 4
433 2
434 1
435 2
436 1
437 3
438 2
439 0
440 1
441 1
442 1
443 1
444 5
445 3
446 0
447 1
448 1
449 2
450 3
451 0
452 1
453 2
454 3
455 0
456 1
457 1
458 1
459 4
460 3
461 2
462 0
463 4
464 2
465 3
466 0
467 2
468 3
469 2
470 3
471 2
472 2
473 3
474 1
475 1
476 1
477 2
478 2
479 2
480 2
481 4
482 3
483 1
484 3
485 1
486 2
487 1
488 4
489 2
490 4
491 2
492 3
493 0
494 1
495 1
496 1
497 2
498 0
499 1
500 2
501 1
502 3
503 1
504 1
505 2
506 0
507 3
508 0
509 2
510 2
511 2
512 1
513 1
514 1
515 1
516 1
517 1
518 0
519 1
520 1
521 2
522 0
523 0
524 4
525 2
526 2
527 1
528 2
529 2
530 1
531 2
532 0
533 0
534 1
535 2
536 0
537 0
538 0
539 1
540 4
541 3
542 2
543 2
544 1
545 2
546 2
547 0
548 0
549 1
550 3
551 3
552 3
553 2
554 1
555 1
556 1
557 0
558 4
559 3
560 1
561 2
562 3
563 2
564 1
565 0
566 2
567 2
568 2
569 1
570 4
571 2
572 3
573 2
574 0
575 3
576 1
577 1
578 0
579 0
580 1
581 1
582 3
583 1
584 2
585 2
586 1
587 2
588 0
589 3
590 2
591 2
592 1
593 0
594 1
595 1
596 2
597 0
598 2
599 2
600 2
601 4
602 2
603 2
604 2
605 2
606 0
607 2
608 2
609 2
610 3
611 3
612 2
613 3
614 4
615 3
616 0
617 0
618 1
619 2
620 3
621 0
622 1
623 0
624 1
625 2
626 3
627 0
628 2
629 0
630 3
631 3
632 1
633 0
634 3
635 1
636 3
637 1
638 1
639 2
640 0
641 2
642 1
643 0
644 2
645 3
646 3
647 1
648 2
649 1
650 1
651 0
652 1
653 1
654 1
655 2
656 2
657 2
658 2
659 0
660 1
661 1
662 1
663 1
664 4
665 3
666 1
667 0
668 1
669 1
670 1
671 0
672 1
673 3
674 1
675 3
676 0
677 2
678 5
679 5
680 3
681 0
682 1
683 2
684 2
685 2
686 0
687 3
688 2
689 2
690 1
691 1
692 2
693 1
694 2
695 1
696 3
697 3
698 1
699 2
700 4
701 2
702 2
703 3
704 2
705 4
706 3
707 2
708 2
709 1
710 2
711 1
712 2
713 1
714 3
715 1
716 1
717 1
718 1
719 1
720 2
721 2
722 1
723 3
724 3
725 1
726 4
727 4
728 4
729 3
730 2
731 2
732 2
733 0
734 1
735 1
736 2
737 1
738 2
739 3
740 2
741 3
742 1
743 2
744 1
745 1
746 1
747 3
748 1
749 1
750 2
751 1
752 1
753 2
754 1
755 1
756 1
757 3
758 2
759 2
760 5
761 4
762 3
763 2
764 1
765 3
766 2
767 2
768 0
769 1
770 2
771 2
772 2
773 2
774 0
775 3
776 2
777 1
778 0
779 1
780 1
781 3
782 1
783 2
784 0
785 1
786 1
787 4
788 2
789 1
790 2
791 1
792 1
793 3
794 2
795 2
796 2
797 1
798 1
799 2
800 1
801 3
802 0
803 2
804 1
805 1
806 2
807 2
808 2
809 2
810 2
811 0
812 1
813 3
814 5
815 4
816 4
817 1
818 3
819 2
820 1
821 1
822 0
823 1
824 3
825 1
826 2
827 2
828 3
829 1
830 0
831 1
832 1
833 2
834 3
835 3
836 2
837 2
838 2
839 0
840 2
841 1
842 1
843 0
844 1
845 1
846 3
847 2
848 0
849 2
850 2
851 1
852 2
853 1
854 2
855 3
856 1
857 3
858 1
859 1
860 2
861 1
862 0
863 1
864 2
865 0
866 1
867 1
868 2
869 1
870 2
871 2
872 3
873 3
874 2
875 1
876 3
877 2
878 4
879 4
880 3
881 1
882 2
883 1
884 1
885 3
886 2
887 0
888 2
889 2
890 2
891 2
892 3
893 0
894 1
895 2
896 2
897 1
898 2
899 0
900 1
901 3
902 2
903 1
904 2
905 0
906 1
907 1
908 1
909 0
910 2
911 1
912 2
913 3
914 1
915 0
916 2
917 1
918 3
919 2
920 6
921 5
922 6
923 3
924 1
925 3
926 1
927 2
928 1
929 2
930 2
931 3
932 1
933 1
934 2
935 0
936 1
937 3
938 0
939 2
940 1
941 5
942 4
943 2
944 2
945 2
946 3
947 2
948 0
949 1
950 4
951 5
952 3
953 2
954 2
955 1
956 2
957 0
958 1
959 0
960 3
961 0
962 2
963 2
964 3
965 1
966 2
967 3
968 1
969 2
970 0
971 0
972 1
973 2
974 1
975 0
976 1
977 0
978 0
979 1
980 2
981 2
982 1
983 1
984 2
985 1
986 0
987 1
988 0
989 0
990 2
991 1
992 1
993 3
994 0
995 2
996 2
997 3
998 2
999 3
1000 2
1001 0
1002 1
1003 2
1004 2
1005 0
1006 2
1007 0
1008 3
1009 3
1010 3
1011 4
1012 3
1013 1
1014 1
1015 0
1016 1
1017 0
1018 3
1019 2
1020 3
1021 1
1022 1
1023 1
1024 3
1025 1
1026 2
1027 1
1028 0
1029 2
1030 0
1031 2
1032 1
1033 1
1034 3
1035 1
1036 3
1037 3
1038 1
1039 1
1040 0
1041 1
1042 2
1043 2
1044 1
1045 4
1046 5
1047 3
1048 2
1049 2
1050 3
1051 0
1052 2
1053 2
1054 4
1055 6
1056 7
1057 6
1058 3
1059 1
1060 0
1061 1
1062 1
1063 2
1064 0
1065 3
1066 2
1067 1
1068 0
1069 1
1070 1
1071 1
1072 1
1073 2
1074 4
1075 4
1076 3
1077 0
1078 1
1079 2
1080 3
1081 2
1082 3
1083 2
1084 1
1085 3
1086 1
1087 1
1088 2
1089 1
1090 2
1091 3
1092 3
1093 2
1094 2
1095 2
1096 4
1097 2
1098 2
1099 2
1100 2
1101 0
1102 2
1103 3
1104 0
1105 1
1106 1
1107 4
1108 2
1109 2
1110 1
1111 0
1112 2
1113 0
1114 1
1115 1
1116 1
1117 3
1118 1
1119 4
1120 3
1121 3
1122 2
1123 2
1124 1
1125 1
1126 3
1127 0
1128 3
1129 2
1130 2
1131 1
1132 2
1133 2
1134 2
1135 2
1136 2
1137 0
1138 1
1139 1
1140 4
1141 3
1142 0
1143 1
1144 0
1145 2
1146 0
1147 0
1148 1
1149 2
1150 2
1151 1
1152 1
1153 1
1154 3
1155 1
1156 1
1157 2
1158 4
1159 3
1160 0
1161 1
1162 2
1163 0
1164 1
1165 0
1166 2
1167 1
1168 2
1169 1
1170 1
1171 2
1172 2
1173 1
1174 4
1175 3
1176 1
1177 0
1178 1
1179 2
1180 3
1181 3
1182 2
1183 2
1184 2
1185 1
1186 1
1187 1
1188 2
1189 1
1190 1
1191 1
1192 2
1193 0
1194 1
1195 3
1196 2
1197 3
1198 0
1199 1
1200 3
1201 2
1202 2
1203 1
1204 2
1205 1
1206 3
1207 1
1208 2
1209 2
1210 1
1211 3
1212 1
1213 2
1214 2
1215 2
1216 1
1217 1
1218 2
1219 1
1220 1
1221 3
1222 1
1223 1
1224 1
1225 2
1226 1
1227 1
1228 0
1229 1
1230 2
1231 2
1232 3
1233 3
1234 2
1235 3
1236 0
1237 0
1238 3
1239 3
1240 1
1241 1
1242 3
1243 3
1244 1
1245 3
1246 4
1247 2
1248 1
1249 2
1250 3
1251 1
1252 1
1253 1
1254 3
1255 1
1256 4
1257 2
1258 0
1259 1
1260 0
1261 2
1262 0
1263 1
1264 1
1265 3
1266 2
1267 4
1268 2
1269 0
1270 3
1271 2
1272 1
1273 3
1274 2
1275 1
1276 0
1277 3
1278 2
1279 2
1280 1
1281 1
1282 3
1283 4
1284 2
1285 4
1286 3
1287 0
1288 1
1289 2
1290 2
1291 1
1292 2
1293 3
1294 2
1295 1
1296 1
1297 1
1298 0
1299 3
1300 0
1301 0
1302 2
1303 1
1304 1
1305 2
1306 3
1307 0
1308 3
1309 0
1310 3
1311 1
1312 2
1313 3
1314 2
1315 0
1316 2
1317 2
1318 3
1319 1
1320 3
1321 2
1322 1
1323 3
1324 1
1325 1
1326 2
1327 2
1328 2
1329 3
1330 2
1331 0
1332 2
1333 1
1334 3
1335 0
1336 1
1337 2
1338 2
1339 1
1340 1
1341 1
1342 3
1343 1
1344 0
1345 1
1346 3
1347 2
1348 2
1349 2
1350 1
1351 2
1352 1
1353 2
1354 1
1355 2
1356 1
1357 1
1358 2
1359 1
1360 1
1361 3
1362 3
1363 0
1364 1
1365 0
1366 2
1367 3
1368 0
1369 0
1370 1
1371 5
1372 5
1373 3
1374 0
1375 3
1376 1
1377 4
1378 3
1379 0
1380 1
1381 2
1382 2
1383 1
1384 1
1385 1
1386 2
1387 2
1388 2
1389 2
1390 1
1391 2
1392 1
1393 1
1394 3
1395 2
1396 2
1397 3
1398 3
1399 0
1400 3
1401 2
1402 2
1403 1
1404 1
1405 1
1406 2
1407 3
1408 0
1409 4
1410 4
1411 5
1412 6
1413 3
1414 1
1415 2
1416 3
1417 0
1418 0
1419 2
1420 4
1421 3
1422 3
1423 0
1424 0
1425 0
1426 1
1427 1
1428 1
1429 2
1430 4
1431 4
1432 3
1433 1
1434 2
1435 2
1436 3
1437 1
1438 1
1439 2
1440 1
1441 3
1442 2
1443 0
1444 3
1445 1
1446 2
1447 1
1448 1
1449 3
1450 3
1451 1
1452 1
1453 1
1454 2
1455 1
1456 1
1457 2
1458 2
1459 2
1460 2
1461 3
1462 3
1463 4
1464 3
1465 3
1466 4
1467 3
1468 2
1469 1
1470 1
1471 1
1472 2
1473 3
1474 2
1475 0
1476 3
1477 4
1478 1
1479 0
1480 2
1481 1
1482 3
1483 1
1484 3
1485 1
1486 1
1487 1
1488 2
1489 1
1490 2
1491 2
1492 2
1493 4
1494 3
1495 3
1496 1
1497 2
1498 3
1499 1
1500 3
1501 0
1502 3
1503 2
1504 0
1505 3
1506 0
1507 1
1508 0
1509 2
1510 1
1511 2
1512 2
1513 1
1514 3
1515 0
1516 1
1517 1
1518 3
1519 2
1520 0
1521 0
1522 0
1523 2
1524 0
1525 1
1526 2
1527 1
1528 1
1529 1
1530 1
1531 2
1532 2
1533 3
1534 1
1535 0
1536 0
1537 1
1538 2
1539 2
1540 1
1541 0
1542 2
1543 0
1544 2
1545 1
1546 2
1547 1
1548 2
1549 1
1550 1
1551 4
1552 1
1553 0
1554 3
1555 0
1556 0
1557 1
1558 3
1559 1
1560 3
1561 2
1562 1
1563 1
1564 0
1565 2
1566 0
1567 3
1568 2
1569 1
1570 1
1571 5
1572 2
1573 1
1574 2
1575 3
1576 0
1577 1
1578 2
1579 1
1580 1
1581 2
1582 2
1583 4
1584 2
1585 2
1586 1
1587 2
1588 1
1589 0
1590 1
1591 0
1592 2
1593 2
1594 3
1595 0
1596 1
1597 4
1598 3
1599 1
1600 2
1601 1
1602 0
1603 2
1604 2
1605 1
1606 2
1607 3
1608 1
1609 2
1610 2
1611 2
1612 1
1613 0
1614 1
1615 2
1616 1
1617 2
1618 1
1619 2
1620 3
1621 1
1622 2
1623 0
1624 2
1625 0
1626 4
1627 3
1628 2
1629 1
1630 0
1631 2
1632 0
1633 2
1634 2
1635 1
1636 3
1637 2
1638 2
1639 1
1640 2
1641 1
1642 0
1643 0
1644 3
1645 2
1646 1
1647 1
1648 0
1649 1
1650 1
1651 0
1652 1
1653 3
1654 4
1655 3
1656 1
1657 0
1658 1
1659 2
1660 3
1661 1
1662 0
1663 2
1664 3
1665 2
1666 0
1667 0
1668 2
1669 2
1670 3
1671 3
1672 3
1673 1
1674 2
1675 0
1676 0
1677 2
1678 0
1679 1
1680 3
1681 3
1682 3
1683 1
1684 2
1685 1
1686 3
1687 1
1688 0
1689 1
1690 2
1691 2
1692 2
1693 1
1694 1
1695 4
1696 1
1697 1
1698 1
1699 0
1700 1
1701 2
1702 1
1703 1
1704 1
1705 1
1706 0
1707 2
1708 3
1709 1
1710 1
1711 1
1712 4
1713 2
1714 2
1715 0
1716 1
1717 2
1718 1
1719 0
1720 2
1721 2
1722 1
1723 1
1724 1
1725 2
1726 2
1727 1
1728 1
1729 1
1730 3
1731 3
1732 3
1733 0
1734 2
1735 2
1736 1
1737 3
1738 0
1739 0
1740 4
1741 2
1742 1
1743 3
1744 1
1745 0
1746 0
1747 2
1748 3
1749 0
1750 0
1751 0
1752 3
1753 0
1754 3
1755 1
1756 2
1757 0
1758 1
1759 0
1760 1
1761 1
1762 1
1763 2
1764 3
1765 0
1766 2
1767 0
1768 0
1769 1
1770 2
1771 1
1772 0
1773 3
1774 1
1775 1
1776 1
1777 1
1778 3
1779 0
1780 1
1781 0
1782 0
1783 4
1784 3
1785 0
1786 1
1787 3
1788 0
1789 3
1790 2
1791 1
1792 2
1793 1
1794 1
1795 2
1796 0
1797 2
1798 3
1799 3
1800 1
1801 2
1802 2
1803 1
1804 0
1805 3
1806 2
1807 2
1808 2
1809 4
1810 2
1811 1
1812 1
1813 3
1814 2
1815 3
1816 3
1817 1
1818 2
1819 1
1820 0
1821 1
1822 0
1823 4
1824 3
1825 3
1826 1
1827 3
1828 1
1829 0
1830 3
1831 2
1832 1
1833 3
1834 2
1835 5
1836 3
1837 1
1838 0
1839 1
1840 1
1841 0
1842 2
1843 2
1844 2
1845 4
1846 2
1847 4
1848 3
1849 2
1850 2
1851 0
1852 2
1853 0
1854 0
1855 2
1856 2
1857 2
1858 2
1859 2
1860 2
1861 4
1862 1
1863 1
1864 3
1865 2
1866 1
1867 2
1868 1
1869 3
1870 2
1871 0
1872 3
1873 1
1874 0
1875 2
1876 4
1877 3
1878 3
1879 1
1880 0
1881 3
1882 2
1883 1
1884 4
1885 2
1886 0
1887 2
1888 1
1889 4
1890 2
1891 4
1892 3
1893 3
1894 1
1895 1
1896 3
1897 1
1898 1
1899 2
1900 2
1901 3
1902 1
1903 2
1904 1
1905 1
1906 1
1907 3
1908 2
1909 3
1910 0
1911 2
1912 1
1913 2
1914 1
1915 0
1916 4
1917 5
1918 2
1919 2
1920 0
1921 2
1922 1
1923 1
1924 2
1925 3
1926 2
1927 2
1928 1
1929 1
1930 3
1931 4
1932 4
1933 3
1934 2
1935 4
1936 2
1937 1
1938 1
1939 1
1940 2
1941 0
1942 2
1943 2
1944 0
1945 1
1946 3
1947 3
1948 1
1949 0
1950 1
1951 2
1952 3
1953 3
1954 1
1955 2
1956 1
1957 2
1958 1
1959 2
1960 1
1961 0
1962 2
1963 1
1964 2
1965 0
1966 0
1967 0
1968 1
1969 1
1970 2
1971 0
1972 0
1973 1
1974 1
1975 0
1976 1
1977 0
1978 2
1979 1
1980 1
1981 0
1982 0
1983 1
1984 1
1985 1
1986 3
1987 0
1988 4
1989 2
1990 3
1991 3
1992 2
1993 0
1994 0
1995 1
1996 2
1997 3
1998 1
1999 2
2000 1
2001 1
2002 3
2003 2
2004 1
2005 3
2006 1
2007 1
2008 2
2009 1
2010 1
2011 2
2012 2
2013 0
2014 0
2015 0
2016 2
2017 2
2018 1
2019 2
2020 2
2021 2
2022 1
2023 0
2024 0
2025 2
2026 1
2027 1
2028 3
2029 1
2030 2
2031 2
2032 3
2033 2
2034 2
2035 1
2036 3
2037 0
2038 3
2039 2
2040 0
2041 2
2042 3
2043 1
2044 0
2045 2
2046 1
2047 2
2048 2
2049 1
2050 3
2051 1
2052 3
2053 1
2054 5
2055 3
2056 3
2057 4
2058 4
2059 1
2060 2
2061 3
2062 1
2063 2
2064 4
2065 3
2066 1
2067 2
2068 1
2069 3
2070 2
2071 1
2072 0
2073 2
2074 1
2075 3
2076 4
2077 2
2078 3
2079 4
2080 3
2081 1
2082 1
2083 1
2084 2
2085 1
2086 1
2087 0
2088 2
2089 3
2090 1
2091 1
2092 2
2093 3
2094 3
2095 2
2096 2
2097 1
2098 2
2099 1
2100 3
2101 2
2102 3
2103 2
2104 3
2105 2
2106 2
2107 1
2108 0
2109 0
2110 0
2111 1
2112 3
2113 2
2114 1
2115 2
2116 3
2117 2
2118 4
2119 1
2120 3
2121 4
2122 3
2123 1
2124 1
2125 1
2126 1
2127 0
2128 2
2129 1
2130 3
2131 2
2132 1
2133 3
2134 1
2135 1
2136 0
2137 1
2138 1
2139 2
2140 0
2141 1
2142 1
2143 2
2144 5
2145 5
2146 4
2147 4
2148 2
2149 2
2150 4
2151 2
2152 0
2153 0
2154 1
2155 2
2156 2
2157 1
2158 1
2159 1
2160 2
2161 1
2162 1
2163 3
2164 2
2165 2
2166 1
2167 1
2168 0
2169 2
2170 3
2171 1
2172 4
2173 3
2174 3
2175 2
2176 1
2177 2
2178 1
2179 2
2180 1
2181 1
2182 3
2183 1
2184 5
2185 2
2186 1
2187 1
2188 2
2189 4
2190 3
2191 1
2192 3
2193 4
2194 2
2195 2
2196 3
2197 1
2198 1
2199 0
2200 0
2201 3
2202 1
2203 2
2204 0
2205 1
2206 2
2207 4
2208 1
2209 2
2210 2
2211 0
2212 1
2213 2
2214 3
2215 2
2216 3
2217 3
2218 3
2219 1
2220 4
2221 2
2222 0
2223 2
2224 2
2225 3
2226 2
2227 1
2228 3
2229 2
2230 3
2231 1
2232 3
2233 2
2234 1
2235 2
2236 1
2237 4
2238 3
2239 2
2240 1
2241 0
2242 2
2243 3
2244 1
2245 1
2246 1
2247 1
2248 3
2249 1
2250 1
2251 3
2252 0
2253 2
2254 1
2255 1
2256 1
2257 2
2258 2
2259 1
2260 2
2261 2
2262 1
2263 2
2264 0
2265 0
2266 1
2267 3
2268 3
2269 1
2270 1
2271 1
2272 2
2273 3
2274 2
2275 0
2276 1
2277 3
2278 0
2279 1
2280 5
2281 3
2282 1
2283 1
2284 3
2285 2
2286 2
2287 3
2288 1
2289 0
2290 1
2291 2
2292 3
2293 1
2294 1
2295 3
2296 1
2297 1
2298 2
2299 1
2300 2
2301 2
2302 2
2303 0
2304 2
2305 1
2306 1
2307 2
2308 2
2309 0
2310 2
2311 4
2312 2
2313 2
2314 1
2315 2
2316 1
2317 1
2318 0
2319 0
2320 2
2321 1
2322 1
2323 0
2324 2
2325 2
2326 1
2327 0
2328 0
2329 0
2330 1
2331 2
2332 1
2333 2
2334 2
2335 3
2336 2
2337 3
2338 5
2339 4
2340 1
2341 0
2342 0
2343 2
2344 1
2345 0
2346 2
2347 0
2348 1
2349 2
2350 1
2351 1
2352 0
2353 2
2354 0
2355 1
2356 3
2357 0
2358 1
2359 2
2360 2
2361 2
2362 2
2363 2
2364 0
2365 2
2366 0
2367 2
2368 1
2369 2
2370 2
2371 2
2372 2
2373 1
2374 1
2375 0
2376 2
2377 2
2378 1
2379 2
2380 0
2381 1
2382 2
2383 4
2384 1
2385 0
2386 1
2387 4
2388 2
2389 2
2390 3
2391 0
2392 2
2393 2
2394 3
2395 1
2396 1
2397 2
2398 1
2399 1
2400 1
2401 2
2402 3
2403 0
2404 3
2405 2
2406 0
2407 3
2408 2
2409 4
2410 4
2411 1
2412 2
2413 3
2414 1
2415 2
2416 2
2417 0
2418 2
2419 2
2420 2
2421 2
2422 1
2423 1
2424 0
2425 3
2426 1
2427 1
2428 3
2429 1
2430 3
2431 2
2432 2
2433 0
2434 1
2435 3
2436 3
2437 1
2438 0
2439 0
2440 1
2441 0
2442 1
2443 0
2444 1
2445 2
2446 3
2447 3
2448 2
2449 2
2450 3
2451 3
2452 0
2453 2
2454 2
2455 2
2456 2
2457 0
2458 1
2459 1
2460 0
2461 2
2462 2
2463 2
2464 2
2465 2
2466 1
2467 2
2468 3
2469 0
2470 1
2471 4
2472 1
2473 2
2474 1
2475 4
2476 2
2477 3
2478 1
2479 1
2480 2
2481 2
2482 3
2483 3
2484 2
2485 3
2486 1
2487 3
2488 3
2489 4
2490 2
2491 0
2492 0
2493 1
2494 1
2495 2
2496 1
2497 0
2498 4
2499 3
2500 2
2501 2
2502 2
2503 0
2504 0
2505 1
2506 1
2507 1
2508 1
2509 1
2510 1
2511 1
2512 2
2513 1
2514 2
2515 1
2516 2
2517 2
2518 2
2519 1
2520 1
2521 3
2522 2
2523 0
2524 3
2525 3
2526 2
2527 0
2528 4
2529 2
2530 3
2531 3
2532 0
2533 2
2534 0
2535 4
2536 3
2537 0
2538 1
2539 2
2540 3
2541 1
2542 2
2543 2
2544 1
2545 3
2546 1
2547 2
2548 3
2549 1
2550 4
2551 4
2552 1
2553 3
2554 2
2555 3
2556 2
2557 0
2558 2
2559 0
2560 4
2561 4
2562 3
2563 0
2564 1
2565 1
2566 2
2567 1
2568 2
2569 1
2570 2
2571 3
2572 2
2573 3
2574 2
2575 1
2576 2
2577 4
2578 4
2579 2
2580 2
2581 3
2582 0
2583 3
2584 1
2585 1
2586 2
2587 1
2588 2
2589 5
2590 5
2591 4
2592 1
2593 2
2594 4
2595 2
2596 0
2597 0
2598 1
2599 1
2600 1
2601 3
2602 0
2603 3
2604 4
2605 2
2606 2
2607 3
2608 3
2609 1
2610 1
2611 3
2612 2
2613 2
2614 3
2615 2
2616 2
2617 2
2618 1
2619 2
2620 0
2621 3
2622 1
2623 3
2624 1
2625 2
2626 2
2627 1
2628 2
2629 3
2630 1
2631 0
2632 3
2633 2
2634 3
2635 2
2636 1
2637 3
2638 2
2639 2
2640 3
2641 2
2642 1
2643 4
2644 2
2645 1
2646 2
2647 2
2648 2
2649 1
2650 1
2651 2
2652 2
2653 2
2654 1
2655 2
2656 1
2657 1
2658 1
2659 1
2660 2
2661 1
2662 1
2663 3
2664 3
2665 1
2666 2
2667 3
2668 4
2669 2
2670 0
2671 1
2672 3
2673 2
2674 1
2675 1
2676 2
2677 2
2678 2
2679 1
2680 0
2681 1
2682 3
2683 3
2684 2
2685 2
2686 3
2687 2
2688 2
2689 2
2690 2
2691 2
2692 3
2693 1
2694 1
2695 1
2696 1
2697 2
2698 2
2699 2
2700 3
2701 0
2702 1
2703 2
2704 2
2705 2
2706 1
2707 3
2708 1
2709 3
2710 1
2711 2
2712 1
2713 4
2714 2
2715 1
2716 2
2717 3
2718 2
2719 1
2720 2
2721 2
2722 2
2723 2
2724 3
2725 0
2726 2
2727 1
2728 2
2729 2
2730 2
2731 0
2732 0
2733 2
2734 3
2735 1
2736 1
2737 1
2738 2
2739 3
2740 2
2741 1
2742 2
2743 2
2744 1
2745 1
2746 2
2747 1
2748 3
2749 2
2750 2
2751 2
2752 2
2753 1
2754 0
2755 1
2756 0
2757 1
2758 2
2759 2
2760 0
2761 2
2762 1
2763 1
2764 2
2765 1
2766 3
2767 4
2768 3
2769 1
2770 2
2771 1
2772 2
2773 1
2774 0
2775 4
2776 4
2777 3
2778 2
2779 2
2780 0
2781 1
2782 2
2783 1
2784 3
2785 3
2786 2
2787 3
2788 1
2789 2
2790 2
2791 1
2792 0
2793 2
2794 1
2795 0
2796 2
2797 2
2798 1
2799 2
2800 2
2801 0
2802 2
2803 3
2804 3
2805 1
2806 3
2807 2
2808 3
2809 3
2810 2
2811 2
2812 1
2813 3
2814 2
2815 3
2816 2
2817 0
2818 2
2819 2
2820 2
2821 2
2822 1
2823 1
2824 3
2825 4
2826 4
2827 3
2828 4
2829 4
2830 2
2831 2
2832 1
2833 1
2834 2
2835 2
2836 0
2837 1
2838 2
2839 1
2840 0
2841 2
2842 2
2843 2
2844 3
2845 1
2846 1
2847 3
2848 0
2849 3
2850 3
2851 2
2852 1
2853 0
2854 1
2855 2
2856 1
2857 1
2858 1
2859 4
2860 1
2861 2
2862 1
2863 2
2864 2
2865 1
2866 2
2867 1
2868 0
2869 0
2870 2
2871 3
2872 4
2873 3
2874 0
2875 0
2876 1
2877 2
2878 0
2879 1
2880 3
2881 1
2882 2
2883 0
2884 2
2885 1
2886 2
2887 1
2888 3
2889 5
2890 4
2891 3
2892 3
2893 4
2894 4
2895 3
2896 0
2897 2
2898 1
2899 1
2900 0
2901 1
2902 2
2903 4
2904 2
2905 1
2906 1
2907 2
2908 3
2909 4
2910 3
2911 1
2912 3
2913 2
2914 0
2915 1
2916 0
2917 1
2918 1
2919 2
2920 3
2921 3
2922 2
2923 1
2924 3
2925 1
2926 4
2927 1
2928 0
2929 2
2930 3
2931 1
2932 4
2933 2
2934 2
2935 5
2936 3
2937 4
2938 2
2939 6
2940 3
2941 2
2942 2
2943 2
2944 1
2945 3
2946 1
2947 1
2948 3
2949 3
2950 2
2951 2
2952 2
2953 1
2954 0
2955 0
2956 3
2957 4
2958 2
2959 2
2960 2
2961 1
2962 2
2963 3
2964 3
2965 1
2966 3
2967 2
2968 4
2969 3
2970 1
2971 2
2972 1
2973 1
2974 1
2975 2
2976 2
2977 1
2978 0
2979 3
2980 1
2981 2
2982 1
2983 3
2984 1
2985 2
2986 2
2987 0
2988 2
2989 0
2990 2
2991 2
2992 1
2993 4
2994 1
2995 1
2996 0
2997 3
2998 1
2999 1
3000 0
3001 1
3002 0
3003 0
3004 3
3005 1
3006 1
3007 1
3008 3
3009 0
3010 2
3011 2
3012 3
3013 2
3014 0
3015 1
3016 2
3017 2
3018 1
3019 1
3020 1
3021 0
3022 3
3023 2
3024 1
3025 2
3026 1
3027 0
3028 2
3029 3
3030 1
3031 2
3032 2
3033 1
3034 1
3035 2
3036 1
3037 4
3038 1
3039 2
3040 0
3041 1
3042 2
3043 1
3044 1
3045 0
3046 0
3047 3
3048 3
3049 1
3050 1
3051 0
3052 2
3053 2
3054 1
3055 1
3056 2
3057 1
3058 2
3059 2
3060 1
3061 1
3062 2
3063 5
3064 3
3065 1
3066 1
3067 0
3068 1
3069 2
3070 2
3071 1
3072 1
3073 1
3074 0
3075 0
3076 0
3077 3
3078 1
3079 1
3080 0
3081 3
3082 3
3083 2
3084 1
3085 0
3086 2
3087 2
3088 2
3089 2
3090 1
3091 1
3092 4
3093 2
3094 1
3095 1
3096 4
3097 2
3098 2
3099 2
3100 2
3101 2
3102 0
3103 1
3104 1
3105 2
3106 2
3107 0
3108 3
3109 2
3110 1
3111 2
3112 0
3113 2
3114 3
3115 3
3116 0
3117 2
3118 3
3119 0
3120 2
3121 3
3122 0
3123 3
3124 0
3125 1
3126 4
3127 5
3128 2
3129 1
3130 2
3131 2
3132 1
3133 3
3134 1
3135 1
3136 1
3137 1
3138 1
3139 1
3140 1
3141 1
3142 1
3143 0
3144 2
3145 2
3146 2
3147 1
3148 3
3149 1
3150 1
3151 4
3152 4
3153 3
3154 1
3155 0
3156 1
3157 2
3158 3
3159 2
3160 0
3161 1
3162 0
3163 1
3164 1
3165 3
3166 4
3167 3
3168 1
3169 2
3170 1
3171 1
3172 1
3173 3
3174 1
3175 3
3176 1
3177 2
3178 1
3179 1
3180 1
3181 2
3182 1
3183 3
3184 3
3185 2
3186 2
3187 1
3188 2
3189 0
3190 2
3191 2
3192 2
3193 4
3194 1
3195 3
3196 2
3197 2
3198 4
3199 3
3200 2
3201 1
3202 2
3203 3
3204 2
3205 2
3206 2
3207 3
3208 0
3209 3
3210 1
3211 1
3212 4
3213 3
3214 1
3215 1
3216 0
3217 4
3218 6
3219 6
3220 4
3221 1
3222 2
3223 1
3224 1
3225 1
3226 4
3227 3
3228 4
3229 2
3230 3
3231 1
3232 1
3233 1
3234 0
3235 4
3236 1
3237 1
3238 1
3239 0
3240 2
3241 2
3242 1
3243 1
3244 1
3245 0
3246 0
3247 1
3248 4
3249 1
3250 1
3251 2
3252 4
3253 5
3254 4
3255 1
3256 1
3257 0
3258 2
3259 4
3260 5
3261 4
3262 3
3263 3
3264 3
3265 3
3266 2
3267 2
3268 2
3269 1
3270 1
3271 2
3272 3
3273 2
3274 2
3275 1
3276 5
3277 5
3278 3
3279 2
3280 5
3281 4
3282 3
3283 5
3284 4
3285 3
3286 3
3287 3
3288 1
3289 1
3290 1
3291 1
3292 0
3293 1
3294 2
3295 1
3296 1
3297 1
3298 2
3299 1
3300 2
3301 0
3302 4
3303 4
3304 2
3305 0
3306 1
3307 2
3308 4
3309 2
3310 0
3311 4
3312 2
3313 0
3314 1
3315 0
3316 2
3317 6
3318 3
3319 0
3320 2
3321 0
3322 0
3323 3
3324 3
3325 2
3326 2
3327 2
3328 1
3329 3
3330 2
3331 1
3332 2
3333 3
3334 1
3335 3
3336 3
3337 3
3338 1
3339 2
3340 2
3341 2
3342 3
3343 3
3344 3
3345 1
3346 1
3347 3
3348 3
3349 2
3350 3
3351 2
3352 0
3353 0
3354 1
3355 1
3356 2
3357 1
3358 1
3359 0
3360 0
3361 0
3362 1
3363 3
3364 3
3365 2
3366 2
3367 1
3368 0
3369 0
3370 1
3371 0
3372 1
3373 1
3374 1
3375 4
3376 2
3377 1
3378 3
3379 1
3380 1
3381 0
3382 1
3383 1
3384 1
3385 1
3386 1
3387 1
3388 1
3389 2
3390 1
3391 0
3392 0
3393 2
3394 0
3395 0
3396 1
3397 1
3398 1
3399 1
3400 1
3401 0
3402 1
3403 1
3404 3
3405 1
3406 1
3407 1
3408 0
3409 2
3410 2
3411 3
3412 0
3413 1
3414 1
3415 1
3416 2
3417 2
3418 3
3419 1
3420 3
3421 2
3422 1
3423 4
3424 2
3425 1
3426 1
3427 0
3428 3
3429 4
3430 3
3431 2
3432 1
3433 3
3434 2
3435 0
3436 1
3437 0
3438 0
3439 2
3440 1
3441 1
3442 0
3443 0
3444 2
3445 2
3446 1
3447 2
3448 2
3449 1
3450 2
3451 3
3452 1
3453 2
3454 4
3455 3
3456 3
3457 2
3458 2
3459 3
3460 2
3461 3
3462 2
3463 1
3464 0
3465 2
3466 0
3467 2
3468 3
3469 2
3470 1
3471 2
3472 1
3473 0
3474 1
3475 1
3476 1
3477 2
3478 1
3479 3
3480 1
3481 1
3482 2
3483 2
3484 0
3485 0
3486 3
3487 1
3488 2
3489 3
3490 1
3491 0
3492 1
3493 3
3494 0
3495 3
3496 3
3497 2
3498 3
3499 1
3500 1
3501 1
3502 1
3503 1
3504 3
3505 1
3506 2
3507 1
3508 2
3509 2
3510 5
3511 3
3512 2
3513 2
3514 2
3515 0
3516 2
3517 4
3518 3
3519 0
3520 1
3521 1
3522 1
3523 0
3524 0
3525 2
3526 1
3527 1
3528 1
3529 1
3530 2
3531 1
3532 0
3533 1
3534 2
3535 1
3536 3
3537 3
3538 2
3539 0
3540 0
3541 1
3542 2
3543 1
3544 0
3545 4
3546 6
3547 4
3548 4
3549 3
3550 2
3551 0
3552 2
3553 2
3554 3
3555 1
3556 3
3557 1
3558 1
3559 1
3560 4
3561 1
3562 2
3563 2
3564 0
3565 3
3566 1
3567 1
3568 4
3569 3
3570 3
3571 4
3572 5
3573 6
3574 6
3575 4
3576 2
3577 2
3578 2
3579 1
3580 3
3581 0
3582 0
3583 2
3584 0
3585 1
3586 3
3587 3
3588 3
3589 2
3590 1
3591 3
3592 2
3593 1
3594 1
3595 0
3596 0
3597 0
3598 1
3599 3
3600 2
3601 3
3602 3
3603 3
3604 4
3605 2
3606 0
3607 4
3608 2
3609 2
3610 2
3611 1
3612 0
3613 1
3614 3
3615 0
3616 1
3617 4
3618 1
3619 1
3620 0
3621 0
3622 1
3623 2
3624 3
3625 1
3626 0
3627 1
3628 3
3629 1
3630 1
3631 1
3632 2
3633 3
3634 3
3635 1
3636 1
3637 2
3638 0
3639 0
3640 2
3641 3
3642 2
3643 0
3644 3
3645 3
3646 2
3647 0
3648 1
3649 1
3650 0
3651 1
3652 1
3653 4
3654 2
3655 0
3656 1
3657 0
3658 4
3659 1
3660 3
3661 1
3662 1
3663 1
3664 2
3665 0
3666 2
3667 1
3668 2
3669 3
3670 1
3671 3
3672 2
3673 1
3674 2
3675 3
3676 2
3677 0
3678 2
3679 1
3680 2
3681 1
3682 1
3683 2
3684 1
3685 2
3686 1
3687 3
3688 1
3689 1
3690 0
3691 1
3692 2
3693 4
3694 2
3695 0
3696 1
3697 1
3698 1
3699 1
3700 3
3701 3
3702 1
3703 2
3704 1
3705 2
3706 2
3707 1
3708 1
3709 2
3710 2
3711 3
3712 2
3713 0
3714 0
3715 2
3716 1
3717 1
3718 2
3719 3
3720 1
3721 3
3722 1
3723 3
3724 0
3725 2
3726 2
3727 0
3728 1
3729 1
3730 0
3731 0
3732 2
3733 3
3734 0
3735 3
3736 1
3737 0
3738 2
3739 2
3740 0
3741 4
3742 3
3743 0
3744 1
3745 0
3746 1
3747 1
3748 1
3749 2
3750 1
3751 1
3752 2
3753 1
3754 4
3755 3
3756 1
3757 2
3758 1
3759 1
3760 1
3761 2
3762 2
3763 1
3764 4
3765 3
3766 1
3767 0
3768 3
3769 3
3770 0
3771 3
3772 1
3773 1
3774 2
3775 1
3776 1
3777 0
3778 0
3779 2
3780 1
3781 2
3782 1
3783 0
3784 2
3785 4
3786 2
3787 3
3788 1
3789 0
3790 1
3791 3
3792 3
3793 2
3794 2
3795 3
3796 3
3797 3
3798 3
3799 1
3800 1
3801 1
3802 1
3803 1
3804 0
3805 2
3806 3
3807 3
3808 2
3809 1
3810 2
3811 2
3812 3
3813 0
3814 5
3815 6
3816 3
3817 1
3818 1
3819 0
3820 2
3821 1
3822 1
3823 2
3824 1
3825 1
3826 1
3827 2
3828 2
3829 2
3830 1
3831 1
3832 1
3833 2
3834 0
3835 1
3836 0
3837 1
3838 1
3839 1
3840 0
3841 0
3842 3
3843 1
3844 2
3845 1
3846 0
3847 1
3848 3
3849 1
3850 1
3851 1
3852 2
3853 0
3854 5
3855 2
3856 2
3857 2
3858 2
3859 0
3860 1
3861 1
3862 3
3863 1
3864 3
3865 0
3866 1
3867 2
3868 3
3869 0
3870 3
3871 2
3872 1
3873 2
3874 1
3875 2
3876 1
3877 1
3878 3
3879 1
3880 1
3881 2
3882 2
3883 1
3884 2
3885 0
3886 2
3887 1
3888 2
3889 2
3890 1
3891 1
3892 0
3893 1
3894 1
3895 2
3896 1
3897 0
3898 1
3899 0
3900 2
3901 1
3902 3
3903 2
3904 2
3905 0
3906 1
3907 2
3908 1
3909 1
3910 0
3911 2
3912 3
3913 1
3914 0
3915 2
3916 1
3917 3
3918 3
3919 3
3920 2
3921 1
3922 1
3923 2
3924 0
3925 3
3926 3
3927 1
3928 4
3929 3
3930 2
3931 2
3932 5
3933 3
3934 1
3935 3
3936 2
3937 2
3938 2
3939 0
3940 3
3941 2
3942 2
3943 3
3944 0
3945 2
3946 2
3947 1
3948 1
3949 2
3950 3
3951 2
3952 1
3953 1
3954 0
3955 1
3956 1
3957 3
3958 3
3959 2
3960 2
3961 2
3962 2
3963 0
3964 2
3965 3
3966 0
3967 1
3968 0
3969 0
3970 1
3971 1
3972 1
3973 0
3974 1
3975 0
3976 0
3977 1
3978 1
3979 0
3980 2
3981 0
3982 2
3983 5
3984 3
3985 1
3986 2
3987 1
3988 0
3989 1
3990 2
3991 1
3992 1
3993 0
3994 1
3995 2
3996 1
3997 4
3998 1
3999 2
4000 4
4001 2
4002 1
4003 1
4004 3
4005 1
4006 2
4007 0
4008 1
4009 2
4010 1
4011 4
4012 2
4013 1
4014 2
4015 0
4016 3
4017 2
4018 0
4019 2
4020 2
4021 4
4022 3
4023 2
4024 0
4025 1
4026 2
4027 1
4028 0
4029 2
4030 3
4031 1
4032 2
4033 0
4034 1
4035 1
4036 2
4037 1
4038 0
4039 3
4040 3
4041 2
4042 2
4043 2
4044 0
4045 1
4046 3
4047 1
4048 1
4049 1
4050 1
4051 1
4052 4
4053 2
4054 3
4055 1
4056 1
4057 3
4058 2
4059 2
4060 2
4061 0
4062 2
4063 2
4064 1
4065 2
4066 1
4067 2
4068 2
4069 1
4070 2
4071 2
4072 0
4073 1
4074 4
4075 2
4076 0
4077 2
4078 1
4079 3
4080 0
4081 3
4082 4
4083 4
4084 3
4085 1
4086 2
4087 1
4088 2
4089 1
4090 3
4091 2
4092 1
4093 3
4094 2
4095 1
4096 1
4097 0
4098 1
4099 2
4100 1
4101 0
4102 2
4103 1
4104 1
4105 2
4106 0
4107 2
4108 0
4109 2
4110 0
4111 1
4112 0
4113 2
4114 2
4115 1
4116 1
4117 1
4118 0
4119 2
4120 1
4121 0
4122 1
4123 1
4124 0
4125 0
4126 2
4127 1
4128 3
4129 1
4130 0
4131 1
4132 3
4133 4
4134 2
4135 3
4136 2
4137 4
4138 1
4139 1
4140 1
4141 1
4142 3
4143 4
4144 1
4145 0
4146 4
4147 3
4148 1
4149 3
4150 3
4151 2
4152 2
4153 1
4154 1
4155 0
4156 2
4157 0
4158 0
4159 1
4160 1
4161 0
4162 2
4163 0
4164 1
4165 2
4166 3
4167 0
4168 1
4169 2
4170 2
4171 2
4172 0
4173 2
4174 0
4175 3
4176 0
4177 0
4178 1
4179 2
4180 3
4181 2
4182 2
4183 2
4184 0
4185 2
4186 0
4187 3
4188 2
4189 1
4190 2
4191 0
4192 0
4193 1
4194 0
4195 1
4196 3
4197 2
4198 3
4199 2
4200 3
4201 0
4202 1
4203 0
4204 0
4205 1
4206 2
4207 2
4208 1
4209 1
4210 1
4211 2
4212 1
4213 2
4214 0
4215 3
4216 3
4217 1
4218 1
4219 2
4220 0
4221 1
4222 1
4223 0
4224 1
4225 1
4226 0
4227 2
4228 3
4229 3
4230 2
4231 0
4232 1
4233 2
4234 3
4235 0
4236 2
4237 1
4238 2
4239 1
4240 2
4241 2
4242 2
4243 2
4244 1
4245 0
4246 1
4247 3
4248 2
4249 5
4250 5
4251 3
4252 2
4253 3
4254 2
4255 3
4256 2
4257 2
4258 3
4259 6
4260 4
4261 5
4262 2
4263 2
4264 1
4265 1
4266 0
4267 1
4268 1
4269 2
4270 0
4271 2
4272 3
4273 1
4274 3
4275 1
4276 1
4277 3
4278 1
4279 1
4280 2
4281 1
4282 3
4283 1
4284 4
4285 3
4286 1
4287 0
4288 2
4289 1
4290 1
4291 2
4292 1
4293 1
4294 0
4295 1
4296 1
4297 0
4298 1
4299 0
4300 0
4301 3
4302 1
4303 1
4304 2
4305 1
4306 1
4307 3
4308 3
4309 1
4310 2
4311 2
4312 0
4313 1
4314 0
4315 2
4316 0
4317 1
4318 2
4319 2
4320 3
4321 2
4322 2
4323 0
4324 2
4325 1
4326 1
4327 0
4328 2
4329 0
4330 4
4331 2
4332 3
4333 1
4334 2
4335 2
4336 1
4337 0
4338 0
4339 0
4340 1
4341 2
4342 2
4343 2
4344 1
4345 1
4346 1
4347 1
4348 1
4349 1
4350 2
4351 1
4352 0
4353 1
4354 2
4355 0
4356 3
4357 2
4358 2
4359 1
4360 0
4361 0
4362 0
4363 1
4364 1
4365 2
4366 4
4367 2
4368 1
4369 1
4370 1
4371 2
4372 1
4373 1
4374 0
4375 3
4376 2
4377 4
4378 3
4379 1
4380 2
4381 2
4382 2
4383 2
4384 0
4385 2
4386 2
4387 3
4388 2
4389 2
4390 1
4391 2
4392 1
4393 2
4394 0
4395 3
4396 2
4397 3
4398 0
4399 2
4400 0
4401 1
4402 1
4403 1
4404 1
4405 0
4406 1
4407 2
4408 1
4409 4
4410 3
4411 4
4412 2
4413 1
4414 0
4415 3
4416 4
4417 2
4418 1
4419 2
4420 1
4421 1
4422 1
4423 1
4424 3
4425 3
4426 0
4427 2
4428 0
4429 3
4430 3
4431 1
4432 2
4433 1
4434 3
4435 4
4436 3
4437 0
4438 1
4439 3
4440 2
4441 0
4442 1
4443 0
4444 1
4445 1
4446 0
4447 1
4448 2
4449 2
4450 3
4451 1
4452 2
4453 3
4454 3
4455 0
4456 1
4457 2
4458 1
4459 1
4460 2
4461 1
4462 0
4463 1
4464 2
4465 0
4466 2
4467 2
4468 2
4469 2
4470 1
4471 0
4472 0
4473 0
4474 1
4475 1
4476 1
4477 2
4478 1
4479 2
4480 0
4481 2
4482 1
4483 2
4484 1
4485 2
4486 1
4487 1
4488 2
4489 1
4490 3
4491 3
4492 2
4493 2
4494 1
4495 3
4496 1
4497 1
4498 1
4499 0
4500 3
4501 3
4502 1
4503 2
4504 3
4505 2
4506 0
4507 1
4508 1
4509 0
4510 1
4511 1
4512 1
4513 2
4514 0
4515 2
4516 0
4517 1
4518 3
4519 4
4520 1
4521 0
4522 2
4523 2
4524 0
4525 1
4526 2
4527 2
4528 2
4529 0
4530 0
4531 1
4532 2
4533 2
4534 2
4535 1
4536 2
4537 3
4538 3
4539 0
4540 3
4541 1
4542 1
4543 1
4544 2
4545 1
4546 3
4547 3
4548 1
4549 1
4550 1
4551 2
4552 2
4553 2
4554 1
4555 3
4556 2
4557 0
4558 1
4559 2
4560 1
4561 1
4562 0
4563 1
4564 2
4565 2
4566 2
4567 4
4568 1
4569 3
4570 2
4571 0
4572 1
4573 2
4574 2
4575 0
4576 3
4577 1
4578 0
4579 2
4580 5
4581 3
4582 2
4583 1
4584 3
4585 0
4586 1
4587 3
4588 3
4589 5
4590 4
4591 2
4592 1
4593 2
4594 2
4595 1
4596 4
4597 1
4598 0
4599 5
4600 5
4601 3
4602 3
4603 4
4604 2
4605 2
4606 2
4607 3
4608 2
4609 1
4610 3
4611 4
4612 1
4613 0
4614 1
4615 2
4616 0
4617 0
4618 2
4619 2
4620 0
4621 2
4622 3
4623 1
4624 2
4625 3
4626 1
4627 0
4628 2
4629 2
4630 0
4631 1
4632 3
4633 1
4634 0
4635 2
4636 2
4637 2
4638 1
4639 1
4640 2
4641 1
4642 2
4643 1
4644 1
4645 2
4646 0
4647 2
4648 1
4649 3
4650 1
4651 2
4652 2
4653 1
4654 1
4655 1
4656 0
4657 1
4658 1
4659 2
4660 2
4661 1
4662 1
4663 2
4664 1
4665 1
4666 0
4667 1
4668 0
4669 3
4670 0
4671 3
4672 0
4673 2
4674 1
4675 2
4676 0
4677 1
4678 1
4679 1
4680 1
4681 1
4682 1
4683 0
4684 0
4685 2
4686 0
4687 2
4688 2
4689 1
4690 1
4691 1
4692 1
4693 0
4694 1
4695 1
4696 3
4697 2
4698 1
4699 0
4700 1
4701 2
4702 1
4703 1
4704 1
4705 1
4706 2
4707 1
4708 2
4709 3
4710 3
4711 2
4712 0
4713 0
4714 2
4715 0
4716 0
4717 3
4718 0
4719 0
4720 3
4721 2
4722 0
4723 2
4724 1
4725 3
4726 2
4727 1
4728 2
4729 1
4730 1
4731 3
4732 2
4733 1
4734 4
4735 1
4736 2
4737 3
4738 0
4739 1
4740 1
4741 2
4742 2
4743 2
4744 1
4745 4
4746 2
4747 4
4748 2
4749 4
4750 2
4751 2
4752 4
4753 2
4754 2
4755 1
4756 2
4757 1
4758 2
4759 1
4760 0
4761 1
4762 4
4763 4
4764 2
4765 1
4766 1
4767 1
4768 3
4769 1
4770 0
4771 1
4772 0
4773 1
4774 1
4775 2
4776 2
4777 1
4778 0
4779 2
4780 1
4781 0
4782 0
4783 2
4784 1
4785 1
4786 1
4787 1
4788 1
4789 1
4790 2
4791 3
4792 2
4793 2
4794 0
4795 0
4796 2
4797 1
4798 2
4799 4
4800 1
4801 2
4802 1
4803 2
4804 0
4805 0
4806 0
4807 2
4808 1
4809 1
4810 0
4811 3
4812 3
4813 1
4814 3
4815 1
4816 3
4817 0
4818 0
4819 1
4820 1
4821 2
4822 0
4823 1
4824 2
4825 2
4826 2
4827 2
4828 0
4829 1
4830 2
4831 0
4832 1
4833 2
4834 0
4835 2
4836 1
4837 4
4838 4
4839 2
4840 0
4841 1
4842 2
4843 2
4844 2
4845 3
4846 1
4847 2
4848 2
4849 1
4850 1
4851 0
4852 2
4853 0
4854 1
4855 1
4856 0
4857 1
4858 3
4859 2
4860 2
4861 2
4862 2
4863 2
4864 3
4865 2
4866 3
4867 2
4868 1
4869 4
4870 3
4871 1
4872 1
4873 2
4874 2
4875 2
4876 2
4877 1
4878 2
4879 3
4880 2
4881 3
4882 1
4883 2
4884 0
4885 2
4886 1
4887 2
4888 2
4889 2
4890 2
4891 1
4892 2
4893 0
4894 2
4895 4
4896 3
4897 1
4898 1
4899 2
4900 1
4901 2
4902 1
4903 2
4904 1
4905 0
4906 1
4907 1
4908 2
4909 4
4910 2
4911 0
4912 3
4913 3
4914 1
4915 2
4916 2
4917 1
4918 0
4919 0
4920 5
4921 2
4922 0
4923 1
4924 1
4925 0
4926 2
4927 3
4928 2
4929 0
4930 3
4931 2
4932 1
4933 1
4934 1
4935 0
4936 1
4937 1
4938 1
4939 2
4940 3
4941 5
4942 3
4943 2
4944 3
4945 2
4946 2
4947 1
4948 2
4949 1
4950 5
4951 5
4952 3
4953 1
4954 3
4955 2
4956 0
4957 0
4958 1
4959 5
4960 4
4961 2
4962 0
4963 1
4964 3
4965 1
4966 1
4967 1
4968 1
4969 1
4970 0
4971 3
4972 1
4973 1
4974 2
4975 2
4976 1
4977 1
4978 2
4979 3
4980 2
4981 3
4982 0
4983 2
4984 0
4985 1
4986 2
4987 1
4988 5
4989 4
4990 4
4991 3
4992 2
4993 1
4994 2
4995 3
4996 1
4997 2
4998 0
4999 2
5000 2
5001 2
5002 1
5003 3
5004 1
5005 1
5006 4
5007 2
5008 1
5009 1
5010 2
5011 4
5012 2
5013 2
5014 1
5015 2
5016 0
5017 0
5018 0
5019 2
5020 1
5021 2
5022 3
5023 1
5024 2
5025 2
5026 4
5027 3
5028 2
5029 3
5030 1
5031 1
5032 1
5033 2
5034 2
5035 1
5036 3
5037 1
5038 2
5039 3
5040 4
5041 4
5042 3
5043 3
5044 2
5045 1
5046 1
5047 0
5048 2
5049 0
5050 1
5051 0
5052 1
5053 1
5054 0
5055 0
5056 2
5057 2
5058 1
5059 1
5060 2
5061 0
5062 2
5063 0
5064 2
5065 1
5066 1
5067 3
5068 1
5069 1
5070 3
5071 5
5072 2
5073 2
5074 2
5075 0
5076 1
5077 1
5078 3
5079 0
5080 2
5081 0
5082 1
5083 3
5084 0
5085 0
5086 1
5087 0
5088 1
5089 1
5090 2
5091 5
5092 3
5093 2
5094 2
5095 2
5096 0
5097 1
5098 1
5099 1
5100 2
5101 0
5102 2
5103 3
5104 2
5105 2
5106 3
5107 1
5108 3
5109 3
5110 1
5111 2
5112 1
5113 2
5114 2
5115 1
5116 2
5117 0
5118 3
5119 4
5120 5
5121 3
5122 1
5123 1
5124 1
5125 3
5126 2
5127 1
5128 2
5129 2
5130 1
5131 2
5132 3
5133 3
5134 0
5135 1
5136 2
5137 1
5138 1
5139 1
5140 1
5141 3
5142 0
5143 0
5144 1
5145 1
5146 1
5147 1
5148 2
5149 2
5150 0
5151 0
5152 1
5153 2
5154 1
5155 1
5156 1
5157 1
5158 1
5159 1
5160 4
5161 4
5162 4
5163 3
5164 1
5165 0
5166 3
5167 1
5168 2
5169 2
5170 0
5171 0
5172 3
5173 0
5174 2
5175 3
5176 2
5177 0
5178 0
5179 1
5180 0
5181 1
5182 1
5183 3
5184 1
5185 2
5186 3
5187 3
5188 3
5189 0
5190 1
5191 4
5192 3
5193 2
5194 2
5195 2
5196 2
5197 1
5198 3
5199 4
5200 3
5201 3
5202 3
5203 3
5204 1
5205 0
5206 0
5207 1
5208 2
5209 2
5210 2
5211 1
5212 1
5213 1
5214 2
5215 1
5216 0
5217 0
5218 2
5219 1
5220 1
5221 0
5222 0
5223 1
5224 2
5225 2
5226 1
5227 2
5228 0
5229 1
5230 0
5231 2
5232 3
5233 1
5234 0
5235 0
5236 1
5237 1
5238 1
5239 3
5240 0
5241 1
5242 3
5243 2
5244 3
5245 1
5246 2
5247 2
5248 3
5249 0
5250 0
5251 2
5252 2
5253 2
5254 3
5255 0
5256 3
5257 1
5258 1
5259 3
5260 1
5261 1
5262 3
5263 3
5264 1
5265 1
5266 2
5267 0
5268 1
5269 2
5270 1
5271 0
5272 1
5273 2
5274 1
5275 3
5276 1
5277 0
5278 3
5279 2
5280 1
5281 2
5282 2
5283 2
5284 1
5285 4
5286 3
5287 3
5288 2
5289 1
5290 2
5291 0
5292 1
5293 3
5294 3
5295 1
5296 2
5297 2
5298 2
5299 2
5300 2
5301 2
5302 2
5303 0
5304 1
5305 2
5306 1
5307 2
5308 1
5309 2
5310 2
5311 0
5312 1
5313 0
5314 1
5315 0
5316 1
5317 1
5318 2
5319 4
5320 2
5321 2
5322 2
5323 1
5324 1
5325 1
5326 2
5327 2
5328 1
5329 0
5330 1
5331 2
5332 1
5333 0
5334 2
5335 2
5336 2
5337 3
5338 1
5339 2
5340 1
5341 1
5342 1
5343 2
5344 0
5345 1
5346 1
5347 2
5348 2
5349 2
5350 0
5351 1
5352 2
5353 0
5354 1
5355 1
5356 0
5357 1
5358 1
5359 3
5360 4
5361 4
5362 3
5363 2
5364 4
5365 2
5366 3
5367 1
5368 1
5369 1
5370 1
5371 1
5372 0
5373 2
5374 2
5375 3
5376 2
5377 4
5378 4
5379 4
5380 3
5381 3
5382 2
5383 1
5384 1
5385 1
5386 2
5387 1
5388 1
5389 1
5390 3
5391 2
5392 2
5393 1
5394 2
5395 2
5396 1
5397 1
5398 2
5399 1
5400 2
5401 0
5402 2
5403 1
5404 1
5405 1
5406 2
5407 1
5408 3
5409 1
5410 1
5411 2
5412 2
5413 1
5414 3
5415 1
5416 2
5417 0
5418 0
5419 2
5420 0
5421 2
5422 0
5423 1
5424 0
5425 2
5426 0
5427 0
5428 2
5429 1
5430 0
5431 1
5432 3
5433 1
5434 2
5435 0
5436 1
5437 3
5438 3
5439 1
5440 0
5441 0
5442 0
5443 1
5444 0
5445 1
5446 1
5447 0
5448 1
5449 2
5450 1
5451 2
5452 2
5453 0
5454 1
5455 3
5456 1
5457 2
5458 1
5459 3
5460 2
5461 3
5462 2
5463 3
5464 1
5465 1
5466 0
5467 4
5468 1
5469 2
5470 1
5471 2
5472 2
5473 1
5474 3
5475 4
5476 1
5477 2
5478 0
5479 3
5480 2
5481 3
5482 2
5483 3
5484 2
5485 1
5486 1
5487 2
5488 0
5489 2
5490 0
5491 1
5492 1
5493 1
5494 1
5495 3
5496 1
5497 0
5498 4
5499 2
5500 4
5501 2
5502 2
5503 1
5504 1
5505 1
5506 1
5507 3
5508 4
5509 4
5510 4
5511 2
5512 0
5513 0
5514 3
5515 0
5516 2
5517 1
5518 1
5519 1
5520 1
5521 1
5522 1
5523 2
5524 1
5525 1
5526 2
5527 1
5528 2
5529 0
5530 3
5531 1
5532 0
5533 1
5534 1
5535 0
5536 3
5537 0
5538 4
5539 2
5540 4
5541 2
5542 2
5543 0
5544 0
5545 2
5546 4
5547 1
5548 2
5549 0
5550 2
5551 0
5552 1
5553 3
5554 2
5555 2
5556 4
5557 2
5558 4
5559 3
5560 2
5561 3
5562 2
5563 1
5564 1
5565 0
5566 1
5567 3
5568 4
5569 2
5570 1
5571 1
5572 1
5573 1
5574 1
5575 2
5576 2
5577 0
5578 0
5579 0
5580 1
5581 0
5582 0
5583 0
5584 2
5585 1
5586 1
5587 1
5588 1
5589 3
5590 0
5591 3
5592 2
5593 2
5594 3
5595 0
5596 5
5597 5
5598 5
5599 4
5600 2
5601 2
5602 1
5603 3
5604 0
5605 1
5606 1
5607 2
5608 0
5609 3
5610 0
5611 2
5612 1
5613 1
5614 1
5615 1
5616 2
5617 0
5618 1
5619 1
5620 3
5621 0
5622 2
5623 1
5624 2
5625 2
5626 0
5627 1
5628 4
5629 4
5630 1
5631 3
5632 3
5633 0
5634 3
5635 0
5636 3
5637 2
5638 3
5639 0
5640 0
5641 2
5642 2
5643 2
5644 1
5645 2
5646 1
5647 1
5648 1
5649 0
5650 3
5651 0
5652 1
5653 2
5654 1
5655 1
5656 0
5657 1
5658 2
5659 1
5660 2
5661 2
5662 2
5663 2
5664 4
5665 2
5666 0
5667 2
5668 2
5669 2
5670 1
5671 3
5672 4
5673 3
5674 5
5675 2
5676 1
5677 1
5678 1
5679 1
5680 3
5681 4
5682 2
5683 3
5684 0
5685 4
5686 1
5687 1
5688 1
5689 3
5690 2
5691 1
5692 0
5693 0
5694 1
5695 2
5696 1
5697 0
5698 1
5699 2
5700 0
5701 0
5702 0
5703 0
5704 1
5705 0
5706 1
5707 1
5708 1
5709 2
5710 2
5711 1
5712 1
5713 1
5714 3
5715 2
5716 1
5717 1
5718 3
5719 3
5720 2
5721 3
5722 4
5723 1
5724 0
5725 0
5726 0
5727 1
5728 3
5729 3
5730 1
5731 1
5732 1
5733 1
5734 3
5735 2
5736 2
5737 2
5738 2
5739 2
5740 2
5741 2
5742 1
5743 3
5744 0
5745 2
5746 2
5747 4
5748 2
5749 0
5750 2
5751 1
5752 1
5753 1
5754 2
5755 1
5756 2
5757 1
5758 1
5759 1
5760 0
5761 2
5762 1
5763 2
5764 0
5765 1
5766 1
5767 4
5768 2
5769 0
5770 1
5771 0
5772 1
5773 1
5774 0
5775 0
5776 1
5777 2
5778 1
5779 1
5780 2
5781 3
5782 2
5783 2
5784 1
5785 1
5786 3
5787 0
5788 0
5789 4
5790 4
5791 1
5792 0
5793 2
5794 2
5795 0
5796 2
5797 0
5798 2
5799 1
5800 0
5801 2
5802 4
5803 1
5804 1
5805 1
5806 2
5807 2
5808 3
5809 2
5810 2
5811 2
5812 1
5813 1
5814 3
5815 1
5816 0
5817 3
5818 0
5819 2
5820 3
5821 1
5822 1
5823 3
5824 0
5825 2
5826 3
5827 1
5828 2
5829 1
5830 1
5831 1
5832 2
5833 2
5834 3
5835 0
5836 1
5837 2
5838 0
5839 2
5840 0
5841 0
5842 3
5843 0
5844 1
5845 1
5846 1
5847 2
5848 1
5849 1
5850 1
5851 1
5852 1
5853 1
5854 2
5855 1
5856 2
5857 2
5858 3
5859 1
5860 1
5861 2
5862 2
5863 1
5864 1
5865 1
5866 1
5867 1
5868 1
5869 0
5870 3
5871 1
5872 0
5873 2
5874 1
5875 0
5876 3
5877 3
5878 1
5879 2
5880 4
5881 2
5882 0
5883 2
5884 2
5885 1
5886 1
5887 1
5888 1
5889 3
5890 1
5891 1
5892 2
5893 0
5894 2
5895 4
5896 4
5897 2
5898 1
5899 2
5900 0
5901 0
5902 1
5903 2
5904 4
5905 5
5906 3
5907 2
5908 2
5909 4
5910 2
5911 0
5912 2
5913 0
5914 1
5915 4
5916 1
5917 3
5918 1
5919 3
5920 1
5921 2
5922 1
5923 4
5924 2
5925 2
5926 3
5927 1
5928 1
5929 2
5930 0
5931 2
5932 1
5933 0
5934 0
5935 2
5936 2
5937 2
5938 1
5939 1
5940 2
5941 3
5942 2
5943 4
5944 3
5945 1
5946 2
5947 1
5948 2
5949 1
5950 3
5951 2
5952 2
5953 0
5954 2
5955 2
5956 2
5957 3
5958 3
5959 2
5960 2
5961 4
5962 3
5963 2
5964 2
5965 1
5966 2
5967 2
5968 1
5969 2
5970 2
5971 4
5972 2
5973 1
5974 0
5975 1
5976 1
5977 1
5978 2
5979 3
5980 0
5981 1
5982 3
5983 1
5984 0
5985 0
5986 1
5987 1
5988 2
5989 3
5990 0
5991 2
5992 0
5993 2
5994 1
5995 3
5996 1
5997 0
5998 1
5999 1
6000 0
6001 2
6002 2
6003 0
6004 3
6005 1
6006 2
6007 3
6008 0
6009 0
6010 1
6011 2
6012 3
6013 2
6014 1
6015 2
6016 1
6017 3
6018 0
6019 1
6020 3
6021 3
6022 1
6023 1
6024 3
6025 2
6026 2
6027 2
6028 0
6029 1
6030 3
6031 1
6032 0
6033 1
6034 1
6035 1
6036 0
6037 0
6038 3
6039 4
6040 4
6041 3
6042 1
6043 4
6044 3
6045 1
6046 3
6047 2
6048 2
6049 1
6050 2
6051 1
6052 2
6053 1
6054 4
6055 3
6056 3
6057 0
6058 2
6059 3
6060 1
6061 0
6062 4
6063 2
6064 1
6065 1
6066 2
6067 1
6068 1
6069 4
6070 2
6071 0
6072 2
6073 0
6074 0
6075 1
6076 1
6077 1
6078 2
6079 2
6080 1
6081 1
6082 4
6083 3
6084 3
6085 0
6086 2
6087 2
6088 2
6089 3
6090 0
6091 1
6092 1
6093 1
6094 1
6095 1
6096 3
6097 2
6098 2
6099 1
6100 4
6101 2
6102 2
6103 1
6104 1
6105 1
6106 0
6107 1
6108 2
6109 2
6110 0
6111 3
6112 2
6113 1
6114 2
6115 1
6116 0
6117 3
6118 3
6119 3
6120 4
6121 3
6122 1
6123 0
6124 1
6125 1
6126 2
6127 2
6128 2
6129 1
6130 1
6131 2
6132 0
6133 1
6134 2
6135 1
6136 3
6137 1
6138 4
6139 4
6140 2
6141 1
6142 1
6143 3
6144 3
6145 2
6146 0
6147 1
6148 1
6149 1
6150 1
6151 2
6152 4
6153 3
6154 2
6155 3
6156 2
6157 1
6158 1
6159 3
6160 0
6161 0
6162 1
6163 2
6164 1
6165 1
6166 0
6167 0
6168 1
6169 3
6170 3
6171 0
6172 2
6173 5
6174 3
6175 2
6176 0
6177 2
6178 1
6179 3
6180 4
6181 4
6182 2
6183 1
6184 1
6185 1
6186 1
6187 1
6188 2
6189 2
6190 2
6191 2
6192 2
6193 2
6194 1
6195 3
6196 2
6197 3
6198 1
6199 3
6200 2
6201 2
6202 3
6203 3
6204 2
6205 3
6206 1
6207 3
6208 1
6209 0
6210 0
6211 2
6212 4
6213 3
6214 0
6215 3
6216 0
6217 4
6218 3
6219 2
6220 2
6221 1
6222 3
6223 2
6224 1
6225 1
6226 1
6227 1
6228 2
6229 1
6230 1
6231 1
6232 0
6233 3
6234 1
6235 2
6236 1
6237 1
6238 1
6239 1
6240 2
6241 0
6242 3
6243 1
6244 2
6245 2
6246 0
6247 2
6248 2
6249 1
6250 3
6251 0
6252 2
6253 0
6254 0
6255 1
6256 3
6257 1
6258 0
6259 3
6260 0
6261 1
6262 2
6263 3
6264 2
6265 1
6266 4
6267 4
6268 4
6269 1
6270 1
6271 2
6272 0
6273 0
6274 3
6275 1
6276 3
6277 0
6278 1
6279 1
6280 0
6281 2
6282 1
6283 0
6284 0
6285 1
6286 2
6287 2
6288 3
6289 2
6290 1
6291 1
6292 0
6293 2
6294 2
6295 1
6296 2
6297 1
6298 2
6299 3
6300 0
6301 0
6302 1
6303 3
6304 0
6305 0
6306 1
6307 2
6308 2
6309 1
6310 2
6311 0
6312 1
6313 2
6314 1
6315 2
6316 2
6317 3
6318 0
6319 2
6320 3
6321 1
6322 1
6323 0
6324 1
6325 0
6326 1
6327 1
6328 1
6329 0
6330 2
6331 1
6332 2
6333 1
6334 2
6335 2
6336 2
6337 2
6338 3
6339 1
6340 2
6341 2
6342 3
6343 1
6344 1
6345 4
6346 2
6347 2
6348 2
6349 2
6350 1
6351 2
6352 4
6353 5
6354 4
6355 1
6356 1
6357 0
6358 2
6359 3
6360 2
6361 1
6362 4
6363 2
6364 2
6365 2
6366 4
6367 5
6368 3
6369 2
6370 0
6371 2
6372 1
6373 0
6374 2
6375 1
6376 0
6377 3
6378 2
6379 0
6380 1
6381 3
6382 1
6383 2
6384 1
6385 2
6386 0
6387 1
6388 0
6389 1
6390 3
6391 0
6392 0
6393 1
6394 2
6395 1
6396 2
6397 2
6398 1
6399 2
6400 1
6401 2
6402 0
6403 2
6404 2
6405 3
6406 1
6407 1
6408 2
6409 3
6410 0
6411 2
6412 3
6413 3
6414 0
6415 2
6416 2
6417 3
6418 2
6419 1
6420 1
6421 1
6422 1
6423 3
6424 0
6425 1
6426 3
6427 1
6428 2
6429 2
6430 1
6431 3
6432 5
6433 3
6434 1
6435 0
6436 4
6437 5
6438 4
6439 5
6440 4
6441 4
6442 3
6443 3
6444 1
6445 2
6446 1
6447 0
6448 0
6449 2
6450 2
6451 0
6452 2
6453 1
6454 1
6455 4
6456 2
6457 2
6458 4
6459 3
6460 3
6461 1
6462 2
6463 1
6464 2
6465 2
6466 2
6467 2
6468 3
6469 1
6470 2
6471 2
6472 2
6473 2
6474 1
6475 2
6476 1
6477 3
6478 1
6479 1
6480 3
6481 1
6482 4
6483 2
6484 1
6485 2
6486 1
6487 1
6488 2
6489 3
6490 1
6491 0
6492 0
6493 4
6494 3
6495 4
6496 1
6497 0
6498 2
6499 2
6500 2
6501 1
6502 1
6503 2
6504 3
6505 2
6506 0
6507 3
6508 2
6509 1
6510 1
6511 0
6512 3
6513 2
6514 2
6515 3
6516 4
6517 6
6518 5
6519 4
6520 3
6521 3
6522 2
6523 0
6524 1
6525 1
6526 1
6527 3
6528 2
6529 3
6530 0
6531 2
6532 3
6533 2
6534 1
6535 2
6536 0
6537 3
6538 0
6539 2
6540 2
6541 3
6542 1
6543 2
6544 2
6545 1
6546 1
6547 2
6548 1
6549 2
6550 3
6551 1
6552 1
6553 1
6554 2
6555 3
6556 2
6557 2
6558 1
6559 2
6560 2
6561 0
6562 3
6563 1
6564 3
6565 3
6566 3
6567 1
6568 2
6569 1
6570 2
6571 1
6572 0
6573 0
6574 2
6575 1
6576 1
6577 2
6578 1
6579 0
6580 1
6581 1
6582 2
6583 1
6584 1
6585 2
6586 2
6587 1
6588 3
6589 1
6590 1
6591 1
6592 1
6593 2
6594 1
6595 3
6596 1
6597 2
6598 0
6599 1
6600 3
6601 2
6602 1
6603 1
6604 1
6605 2
6606 1
6607 5
6608 3
6609 1
6610 2
6611 3
6612 0
6613 3
6614 1
6615 2
6616 2
6617 0
6618 1
6619 2
6620 0
6621 2
6622 0
6623 1
6624 1
6625 1
6626 1
6627 2
6628 0
6629 3
6630 4
6631 2
6632 2
6633 2
6634 2
6635 2
6636 1
6637 0
6638 1
6639 1
6640 2
6641 2
6642 2
6643 3
6644 1
6645 4
6646 1
6647 0
6648 2
6649 2
6650 1
6651 0
6652 2
6653 2
6654 1
6655 1
6656 1
6657 2
6658 3
6659 4
6660 2
6661 1
6662 0
6663 3
6664 1
6665 1
6666 1
6667 3
6668 3
6669 3
6670 1
6671 1
6672 2
6673 1
6674 1
6675 2
6676 2
6677 0
6678 2
6679 0
6680 1
6681 2
6682 1
6683 2
6684 5
6685 4
6686 4
6687 3
6688 5
6689 3
6690 3
6691 4
6692 5
6693 4
6694 1
6695 0
6696 1
6697 0
6698 2
6699 0
6700 1
6701 3
6702 1
6703 2
6704 1
6705 2
6706 1
6707 3
6708 1
6709 0
6710 2
6711 1
6712 2
6713 1
6714 2
6715 3
6716 2
6717 2
6718 2
6719 3
6720 4
6721 1
6722 3
6723 4
6724 3
6725 3
6726 2
6727 1
6728 2
6729 1
6730 1
6731 2
6732 2
6733 1
6734 2
6735 0
6736 0
6737 1
6738 1
6739 4
6740 5
6741 5
6742 5
6743 4
6744 3
6745 2
6746 3
6747 1
6748 1
6749 2
6750 0
6751 1
6752 3
6753 2
6754 2
6755 0
6756 1
6757 1
6758 0
6759 1
6760 1
6761 0
6762 0
6763 1
6764 0
6765 2
6766 3
6767 2
6768 3
6769 0
6770 0
6771 3
6772 2
6773 3
6774 4
6775 2
6776 0
6777 2
6778 1
6779 3
6780 0
6781 2
6782 0
6783 4
6784 2
6785 2
6786 0
6787 2
6788 1
6789 1
6790 2
6791 1
6792 2
6793 1
6794 2
6795 0
6796 1
6797 2
6798 2
6799 3
6800 2
6801 1
6802 3
6803 2
6804 0
6805 0
6806 1
6807 2
6808 4
6809 3
6810 2
6811 0
6812 4
6813 1
6814 2
6815 2
6816 3
6817 3
6818 1
6819 0
6820 0
6821 3
6822 3
6823 0
6824 2
6825 3
6826 5
6827 3
6828 2
6829 0
6830 2
6831 3
6832 3
6833 1
6834 3
6835 2
6836 0
6837 2
6838 2
6839 2
6840 2
6841 2
6842 1
6843 3
6844 3
6845 2
6846 1
6847 1
6848 1
6849 2
6850 2
6851 1
6852 1
6853 4
6854 2
6855 2
6856 1
6857 1
6858 1
6859 2
6860 2
6861 2
6862 3
6863 1
6864 2
6865 1
6866 2
6867 1
6868 0
6869 1
6870 2
6871 0
6872 1
6873 2
6874 1
6875 3
6876 1
6877 2
6878 0
6879 2
6880 1
6881 1
6882 1
6883 4
6884 4
6885 1
6886 2
6887 1
6888 1
6889 3
6890 0
6891 2
6892 2
6893 3
6894 2
6895 3
6896 0
6897 2
6898 1
6899 2
6900 2
6901 2
6902 0
6903 3
6904 3
6905 3
6906 0
6907 3
6908 2
6909 3
6910 1
6911 1
6912 3
6913 0
6914 1
6915 0
6916 3
6917 2
6918 0
6919 2
6920 1
6921 3
6922 2
6923 0
6924 1
6925 0
6926 1
6927 0
6928 1
6929 2
6930 0
6931 1
6932 2
6933 1
6934 3
6935 2
6936 3
6937 2
6938 1
6939 1
6940 1
6941 2
6942 2
6943 1
6944 1
6945 1
6946 0
6947 1
6948 1
6949 1
6950 4
6951 4
6952 3
6953 3
6954 0
6955 3
6956 1
6957 0
6958 2
6959 1
6960 1
6961 4
6962 3
6963 2
6964 2
6965 5
6966 4
6967 2
6968 3
6969 4
6970 3
6971 2
6972 1
6973 2
6974 1
6975 1
6976 3
6977 1
6978 0
6979 2
6980 0
6981 2
6982 0
6983 1
6984 2
6985 1
6986 2
6987 0
6988 3
6989 2
6990 0
6991 3
6992 3
6993 0
6994 0
6995 3
6996 2
6997 0
6998 2
6999 1
7000 1
7001 2
7002 2
7003 0
7004 1
7005 3
7006 4
7007 4
7008 1
7009 3
7010 1
7011 2
7012 1
7013 3
7014 2
7015 2
7016 3
7017 1
7018 3
7019 2
7020 1
7021 3
7022 0
7023 1
7024 1
7025 2
7026 0
7027 1
7028 2
7029 4
7030 4
7031 2
7032 0
7033 2
7034 1
7035 1
7036 0
7037 0
7038 1
7039 3
7040 2
7041 3
7042 2
7043 4
7044 3
7045 2
7046 4
7047 3
7048 2
7049 2
7050 1
7051 2
7052 2
7053 4
7054 2
7055 1
7056 2
7057 4
7058 2
7059 0
7060 1
7061 2
7062 1
7063 1
7064 1
7065 0
7066 0
7067 0
7068 2
7069 1
7070 3
7071 1
7072 1
7073 1
7074 2
7075 0
7076 1
7077 2
7078 2
7079 2
7080 2
7081 1
7082 2
7083 2
7084 3
7085 0
7086 3
7087 4
7088 1
7089 2
7090 1
7091 4
7092 3
7093 1
7094 1
7095 3
7096 3
7097 0
7098 0
7099 0
7100 2
7101 0
7102 1
7103 0
7104 3
7105 2
7106 3
7107 1
7108 3
7109 1
7110 2
7111 4
7112 3
7113 2
7114 1
7115 2
7116 2
7117 0
7118 2
7119 0
7120 0
7121 1
7122 3
7123 0
7124 0
7125 3
7126 0
7127 2
7128 2
7129 2
7130 1
7131 2
7132 2
7133 1
7134 1
7135 2
7136 1
7137 4
7138 3
7139 1
7140 1
7141 0
7142 2
7143 1
7144 1
7145 2
7146 2
7147 4
7148 2
7149 3
7150 2
7151 0
7152 2
7153 1
7154 4
7155 2
7156 2
7157 0
7158 1
7159 0
7160 2
7161 2
7162 3
7163 0
7164 2
7165 0
7166 2
7167 0
7168 2
7169 1
7170 0
7171 2
7172 0
7173 2
7174 0
7175 3
7176 2
7177 1
7178 1
7179 3
7180 2
7181 1
7182 0
7183 2
7184 1
7185 2
7186 0
7187 1
7188 1
7189 1
7190 2
7191 0
7192 4
7193 3
7194 1
7195 2
7196 1
7197 0
7198 0
7199 1
7200 0
7201 1
7202 2
7203 0
7204 2
7205 0
7206 2
7207 1
7208 1
7209 1
7210 1
7211 1
7212 1
7213 2
7214 2
7215 2
7216 1
7217 1
7218 0
7219 2
7220 1
7221 3
7222 1
7223 0
7224 2
7225 3
7226 2
7227 2
7228 1
7229 2
7230 1
7231 3
7232 1
7233 4
7234 4
7235 3
7236 1
7237 2
7238 3
7239 3
7240 1
7241 1
7242 2
7243 1
7244 2
7245 3
7246 4
7247 3
7248 2
7249 2
7250 2
7251 1
7252 3
7253 1
7254 1
7255 1
7256 0
7257 2
7258 2
7259 1
7260 3
7261 2
7262 1
7263 4
7264 2
7265 3
7266 1
7267 2
7268 3
7269 2
7270 1
7271 1
7272 3
7273 2
7274 2
7275 2
7276 1
7277 0
7278 2
7279 1
7280 1
7281 1
7282 2
7283 1
7284 0
7285 2
7286 0
7287 0
7288 2
7289 1
7290 0
7291 1
7292 2
7293 1
7294 2
7295 2
7296 0
7297 2
7298 0
7299 4
7300 3
7301 2
7302 2
7303 1
7304 0
7305 2
7306 4
7307 2
7308 2
7309 0
7310 2
7311 2
7312 3
7313 1
7314 2
7315 1
7316 1
7317 1
7318 0
7319 2
7320 1
7321 2
7322 3
7323 1
7324 1
7325 2
7326 4
7327 4
7328 4
7329 4
7330 1
7331 4
7332 1
7333 2
7334 0
7335 0
7336 1
7337 0
7338 1
7339 3
7340 1
7341 3
7342 2
7343 3
7344 3
7345 2
7346 4
7347 2
7348 1
7349 3
7350 2
7351 1
7352 3
7353 1
7354 0
7355 0
7356 2
7357 2
7358 0
7359 2
7360 2
7361 2
7362 2
7363 2
7364 1
7365 2
7366 1
7367 2
7368 2
7369 0
7370 4
7371 4
7372 2
7373 2
7374 1
7375 3
7376 1
7377 1
7378 2
7379 1
7380 0
7381 0
7382 1
7383 2
7384 0
7385 3
7386 3
7387 3
7388 2
7389 3
7390 2
7391 0
7392 1
7393 2
7394 1
7395 1
7396 2
7397 3
7398 0
7399 1
7400 3
7401 4
7402 3
7403 0
7404 1
7405 2
7406 2
7407 1
7408 1
7409 1
7410 4
7411 4
7412 1
7413 1
7414 0
7415 2
7416 2
7417 0
7418 1
7419 6
7420 6
7421 4
7422 3
7423 1
7424 1
7425 1
7426 2
7427 1
7428 2
7429 1
7430 3
7431 2
7432 1
7433 1
7434 2
7435 5
7436 2
7437 2
7438 2
7439 2
7440 1
7441 1
7442 0
7443 0
7444 3
7445 1
7446 2
7447 1
7448 2
7449 1
7450 0
7451 3
7452 2
7453 1
7454 1
7455 1
7456 2
7457 2
7458 4
7459 4
7460 4
7461 3
7462 0
7463 1
7464 2
7465 3
7466 3
7467 3
7468 1
7469 2
7470 0
7471 2
7472 1
7473 2
7474 2
7475 2
7476 2
7477 2
7478 2
7479 2
7480 0
7481 2
7482 3
7483 3
7484 2
7485 2
7486 1
7487 3
7488 2
7489 1
7490 4
7491 3
7492 2
7493 2
7494 1
7495 3
7496 0
7497 2
7498 2
7499 3
7500 1
7501 2
7502 3
7503 3
7504 2
7505 2
7506 1
7507 2
7508 2
7509 2
7510 0
7511 0
7512 1
7513 1
7514 4
7515 4
7516 3
7517 1
7518 2
7519 1
7520 1
7521 3
7522 1
7523 2
7524 2
7525 2
7526 1
7527 1
7528 1
7529 2
7530 2
7531 2
7532 0
7533 3
7534 0
7535 0
7536 1
7537 2
7538 2
7539 1
7540 3
7541 1
7542 2
7543 2
7544 3
7545 0
7546 2
7547 2
7548 1
7549 2
7550 4
7551 2
7552 1
7553 1
7554 1
7555 2
7556 0
7557 1
7558 1
7559 1
7560 1
7561 1
7562 2
7563 4
7564 3
7565 1
7566 2
7567 0
7568 0
7569 2
7570 1
7571 2
7572 2
7573 2
7574 1
7575 4
7576 2
7577 3
7578 0
7579 4
7580 4
7581 2
7582 2
7583 2
7584 1
7585 2
7586 2
7587 2
7588 2
7589 1
7590 3
7591 3
7592 2
7593 0
7594 4
7595 3
7596 3
7597 3
7598 0
7599 1
7600 1
7601 0
7602 0
7603 2
7604 2
7605 3
7606 0
7607 4
7608 4
7609 2
7610 2
7611 1
7612 2
7613 1
7614 2
7615 2
7616 1
7617 2
7618 2
7619 4
7620 2
7621 3
7622 0
7623 1
7624 1
7625 1
7626 4
7627 1
7628 2
7629 0
7630 1
7631 3
7632 0
7633 1
7634 0
7635 2
7636 1
7637 0
7638 1
7639 4
7640 4
7641 4
7642 1
7643 1
7644 2
7645 1
7646 2
7647 1
7648 3
7649 1
7650 0
7651 1
7652 2
7653 2
7654 2
7655 1
7656 1
7657 1
7658 2
7659 1
7660 3
7661 0
7662 0
7663 0
7664 3
7665 3
7666 4
7667 3
7668 2
7669 1
7670 2
7671 0
7672 3
7673 1
7674 0
7675 1
7676 2
7677 0
7678 4
7679 2
7680 0
7681 1
7682 3
7683 2
7684 3
7685 2
7686 3
7687 2
7688 2
7689 1
7690 1
7691 1
7692 1
7693 2
7694 4
7695 4
7696 4
7697 3
7698 0
7699 1
7700 2
7701 1
7702 3
7703 0
7704 3
7705 1
7706 0
7707 1
7708 1
7709 0
7710 1
7711 1
7712 1
7713 3
7714 0
7715 1
7716 2
7717 0
7718 0
7719 1
7720 2
7721 2
7722 1
7723 1
7724 3
7725 1
7726 2
7727 0
7728 1
7729 2
7730 0
7731 1
7732 3
7733 1
7734 1
7735 2
7736 0
7737 1
7738 1
7739 2
7740 1
7741 1
7742 2
7743 3
7744 4
7745 6
7746 3
7747 2
7748 2
7749 1
7750 3
7751 0
7752 2
7753 0
7754 4
7755 2
7756 1
7757 3
7758 1
7759 0
7760 2
7761 1
7762 2
7763 3
7764 3
7765 2
7766 4
7767 4
7768 4
7769 3
7770 0
7771 1
7772 1
7773 1
7774 2
7775 3
7776 1
7777 3
7778 2
7779 3
7780 3
7781 0
7782 3
7783 2
7784 2
7785 2
7786 0
7787 2
7788 3
7789 1
7790 3
7791 0
7792 1
7793 0
7794 0
7795 2
7796 1
7797 1
7798 0
7799 2
7800 1
7801 0
7802 2
7803 3
7804 1
7805 1
7806 1
7807 0
7808 3
7809 2
7810 2
7811 4
7812 2
7813 0
7814 1
7815 0
7816 1
7817 1
7818 1
7819 0
7820 2
7821 2
7822 0
7823 0
7824 1
7825 1
7826 2
7827 1
7828 2
7829 3
7830 2
7831 3
7832 0
7833 1
7834 1
7835 1
7836 1
7837 1
7838 2
7839 3
7840 4
7841 3
7842 1
7843 3
7844 4
7845 3
7846 1
7847 2
7848 2
7849 1
7850 2
7851 0
7852 1
7853 0
7854 0
7855 2
7856 2
7857 3
7858 3
7859 2
7860 2
7861 1
7862 3
7863 1
7864 1
7865 0
7866 1
7867 1
7868 2
7869 2
7870 0
7871 1
7872 2
7873 2
7874 1
7875 1
7876 1
7877 2
7878 3
7879 1
7880 2
7881 1
7882 1
7883 3
7884 0
7885 3
7886 4
7887 2
7888 1
7889 2
7890 1
7891 4
7892 2
7893 1
7894 3
7895 2
7896 2
7897 0
7898 2
7899 2
7900 1
7901 2
7902 3
7903 2
7904 3
7905 3
7906 3
7907 2
7908 3
7909 2
7910 2
7911 3
7912 0
7913 1
7914 1
7915 2
7916 0
7917 0
7918 2
7919 3
7920 5
7921 2
7922 2
7923 2
7924 2
7925 2
7926 4
7927 3
7928 2
7929 2
7930 0
7931 4
7932 4
7933 1
7934 3
7935 3
7936 1
7937 4
7938 2
7939 1
7940 2
7941 1
7942 1
7943 0
7944 4
7945 2
7946 3
7947 4
7948 3
7949 2
7950 4
7951 5
7952 3
7953 1
7954 2
7955 4
7956 3
7957 3
7958 0
7959 2
7960 1
7961 1
7962 2
7963 3
7964 2
7965 1
7966 3
7967 2
7968 2
7969 1
7970 1
7971 2
7972 1
7973 1
7974 2
7975 3
7976 2
7977 0
7978 1
7979 2
7980 2
7981 3
7982 1
7983 3
7984 3
7985 2
7986 1
7987 0
7988 4
7989 3
7990 2
7991 2
7992 1
7993 1
7994 0
7995 1
7996 0
7997 1
7998 2
7999 1
8000 2
8001 2
8002 1
8003 2
8004 2
8005 3
8006 2
8007 3
8008 2
8009 4
8010 2
8011 2
8012 2
8013 3
8014 0
8015 1
8016 2
8017 2
8018 2
8019 0
8020 0
8021 3
8022 3
8023 0
8024 2
8025 3
8026 4
8027 3
8028 1
8029 3
8030 3
8031 1
8032 2
8033 2
8034 2
8035 2
8036 2
8037 3
8038 1
8039 2
8040 2
8041 2
8042 2
8043 0
8044 1
8045 0
8046 2
8047 3
8048 2
8049 4
8050 3
8051 2
8052 2
8053 2
8054 3
8055 1
8056 1
8057 0
8058 2
8059 2
8060 0
8061 5
8062 5
8063 2
8064 0
8065 1
8066 1
8067 2
8068 1
8069 2
8070 4
8071 3
8072 2
8073 2
8074 1
8075 0
8076 2
8077 3
8078 3
8079 2
8080 1
8081 2
8082 0
8083 0
8084 2
8085 2
8086 2
8087 1
8088 3
8089 1
8090 3
8091 3
8092 1
8093 0
8094 0
8095 0
8096 0
8097 2
8098 3
8099 0
8100 2
8101 0
8102 2
8103 1
8104 1
8105 1
8106 3
8107 1
8108 4
8109 4
8110 2
8111 1
8112 1
8113 1
8114 1
8115 2
8116 2
8117 2
8118 5
8119 4
8120 1
8121 1
8122 2
8123 1
8124 1
8125 2
8126 0
8127 3
8128 1
8129 0
8130 0
8131 4
8132 1
8133 2
8134 1
8135 0
8136 1
8137 1
8138 2
8139 2
8140 1
8141 1
8142 4
8143 5
8144 2
8145 3
8146 2
8147 2
8148 3
8149 1
8150 2
8151 1
8152 1
8153 1
8154 0
8155 2
8156 4
8157 3
8158 3
8159 2
8160 2
8161 1
8162 3
8163 1
8164 2
8165 1
8166 2
8167 2
8168 1
8169 2
8170 1
8171 3
8172 0
8173 2
8174 2
8175 4
8176 3
8177 1
8178 3
8179 4
8180 2
8181 1
8182 2
8183 1
8184 2
8185 2
8186 4
8187 2
8188 2
8189 1
8190 1
8191 3
8192 2
8193 0
8194 3
8195 3
8196 2
8197 1
8198 3
8199 2
8200 2
8201 3
8202 1
8203 0
8204 2
8205 1
8206 1
8207 2
8208 1
8209 1
8210 4
8211 4
8212 3
8213 0
8214 3
8215 0
8216 0
8217 0
8218 2
8219 0
8220 1
8221 2
8222 0
8223 1
8224 2
8225 2
8226 1
8227 4
8228 1
8229 2
8230 0
8231 1
8232 4
8233 4
8234 2
8235 3
8236 1
8237 1
8238 2
8239 2
8240 0
8241 4
8242 1
8243 1
8244 2
8245 1
8246 1
8247 1
8248 2
8249 2
8250 1
8251 3
8252 2
8253 2
8254 1
8255 1
8256 1
8257 1
8258 2
8259 2
8260 2
8261 1
8262 1
8263 1
8264 2
8265 2
8266 0
8267 3
8268 4
8269 2
8270 2
8271 1
8272 1
8273 1
8274 1
8275 3
8276 4
8277 3
8278 2
8279 0
8280 2
8281 2
8282 3
8283 1
8284 1
8285 0
8286 1
8287 2
8288 1
8289 1
8290 2
8291 1
8292 4
8293 5
8294 3
8295 2
8296 5
8297 4
8298 2
8299 3
8300 2
8301 2
8302 1
8303 0
8304 2
8305 2
8306 3
8307 2
8308 2
8309 3
8310 0
8311 2
8312 2
8313 1
8314 2
8315 1
8316 2
8317 1
8318 1
8319 2
8320 0
8321 2
8322 1
8323 2
8324 1
8325 2
8326 2
8327 1
8328 1
8329 1
8330 2
8331 0
8332 1
8333 2
8334 2
8335 2
8336 1
8337 1
8338 0
8339 1
8340 3
8341 1
8342 1
8343 2
8344 5
8345 2
8346 1
8347 3
8348 1
8349 1
8350 1
8351 1
8352 3
8353 0
8354 1
8355 3
8356 1
8357 4
8358 4
8359 4
8360 2
8361 1
8362 0
8363 2
8364 2
8365 0
8366 1
8367 2
8368 1
8369 2
8370 2
8371 2
8372 2
8373 0
8374 2
8375 1
8376 2
8377 1
8378 1
8379 0
8380 3
8381 1
8382 2
8383 4
8384 3
8385 3
8386 2
8387 1
8388 1
8389 4
8390 2
8391 4
8392 1
8393 2
8394 1
8395 2
8396 1
8397 1
8398 1
8399 1
8400 1
8401 3
8402 2
8403 0
8404 2
8405 2
8406 2
8407 3
8408 3
8409 0
8410 1
8411 1
8412 1
8413 0
8414 1
8415 1
8416 2
8417 1
8418 0
8419 2
8420 1
8421 1
8422 0
8423 0
8424 3
8425 1
8426 1
8427 0
8428 3
8429 3
8430 1
8431 2
8432 1
8433 1
8434 3
8435 2
8436 1
8437 3
8438 2
8439 1
8440 2
8441 1
8442 2
8443 2
8444 3
8445 2
8446 1
8447 3
8448 2
8449 1
8450 1
8451 2
8452 3
8453 0
8454 2
8455 0
8456 0
8457 3
8458 1
8459 1
8460 2
8461 1
8462 1
8463 0
8464 0
8465 1
8466 0
8467 0
8468 4
8469 2
8470 1
8471 2
8472 1
8473 0
8474 1
8475 1
8476 2
8477 1
8478 1
8479 2
8480 2
8481 2
8482 3
8483 1
8484 1
8485 2
8486 0
8487 0
8488 2
8489 1
8490 2
8491 3
8492 2
8493 1
8494 0
8495 2
8496 2
8497 1
8498 0
8499 1
8500 1
8501 3
8502 1
8503 2
8504 0
8505 1
8506 0
8507 4
8508 3
8509 3
8510 2
8511 2
8512 2
8513 4
8514 4
8515 3
8516 2
8517 2
8518 1
8519 0
8520 1
8521 5
8522 4
8523 4
8524 3
8525 2
8526 1
8527 2
8528 3
8529 1
8530 2
8531 2
8532 3
8533 1
8534 5
8535 4
8536 3
8537 2
8538 1
8539 1
8540 3
8541 2
8542 3
8543 3
8544 2
8545 2
8546 2
8547 1
8548 0
8549 1
8550 0
8551 0
8552 1
8553 2
8554 2
8555 4
8556 2
8557 2
8558 2
8559 2
8560 2
8561 1
8562 0
8563 2
8564 1
8565 2
8566 1
8567 1
8568 2
8569 1
8570 2
8571 3
8572 0
8573 0
8574 1
8575 2
8576 1
8577 1
8578 2
8579 0
8580 2
8581 2
8582 0
8583 1
8584 2
8585 2
8586 2
8587 2
8588 2
8589 2
8590 2
8591 3
8592 0
8593 0
8594 2
8595 1
8596 2
8597 3
8598 2
8599 0
8600 1
8601 2
8602 3
8603 2
8604 1
8605 3
8606 3
8607 3
8608 2
8609 2
8610 2
8611 1
8612 2
8613 0
8614 1
8615 1
8616 1
8617 0
8618 0
8619 1
8620 0
8621 0
8622 1
8623 3
8624 0
8625 0
8626 2
8627 3
8628 2
8629 0
8630 2
8631 0
8632 2
8633 0
8634 2
8635 3
8636 1
8637 1
8638 1
8639 2
8640 0
8641 2
8642 0
8643 0
8644 2
8645 1
8646 1
8647 0
8648 1
8649 4
8650 3
8651 4
8652 3
8653 2
8654 2
8655 4
8656 1
8657 1
8658 0
8659 3
8660 1
8661 0
8662 0
8663 2
8664 2
8665 3
8666 1
8667 2
8668 3
8669 1
8670 3
8671 0
8672 1
8673 0
8674 1
8675 2
8676 1
8677 3
8678 1
8679 0
8680 1
8681 2
8682 1
8683 1
8684 1
8685 1
8686 1
8687 2
8688 1
8689 0
8690 1
8691 2
8692 3
8693 0
8694 0
8695 0
8696 1
8697 2
8698 2
8699 2
8700 1
8701 0
8702 0
8703 1
8704 1
8705 3
8706 0
8707 2
8708 0
8709 0
8710 2
8711 1
8712 0
8713 3
8714 2
8715 3
8716 0
8717 1
8718 0
8719 1
8720 0
8721 1
8722 1
8723 1
8724 1
8725 3
8726 3
8727 1
8728 2
8729 1
8730 2
8731 0
8732 1
8733 2
8734 2
8735 1
8736 2
8737 2
8738 1
8739 1
8740 2
8741 3
8742 0
8743 3
8744 1
8745 2
8746 4
8747 1
8748 1
8749 2
8750 2
8751 2
8752 2
8753 2
8754 2
8755 2
8756 0
8757 1
8758 0
8759 2
8760 2
8761 2
8762 1
8763 1
8764 2
8765 3
8766 2
8767 1
8768 0
8769 1
8770 0
8771 1
8772 0
8773 1
8774 1
8775 2
8776 1
8777 3
8778 1
8779 2
8780 1
8781 3
8782 1
8783 1
8784 1
8785 1
8786 3
8787 0
8788 1
8789 2
8790 2
8791 2
8792 2
8793 1
8794 2
8795 1
8796 2
8797 3
8798 3
8799 2
8800 2
8801 0
8802 0
8803 1
8804 0
8805 3
8806 3
8807 2
8808 3
8809 1
8810 3
8811 1
8812 0
8813 2
8814 1
8815 2
8816 0
8817 2
8818 3
8819 0
8820 2
8821 2
8822 2
8823 1
8824 1
8825 1
8826 2
8827 3
8828 0
8829 2
8830 1
8831 2
8832 1
8833 2
8834 1
8835 3
8836 2
8837 0
8838 3
8839 3
8840 3
8841 2
8842 3
8843 2
8844 2
8845 1
8846 1
8847 3
8848 0
8849 2
8850 1
8851 0
8852 4
8853 1
8854 2
8855 3
8856 0
8857 2
8858 0
8859 1
8860 0
8861 1
8862 1
8863 2
8864 1
8865 3
8866 4
8867 2
8868 2
8869 1
8870 0
8871 1
8872 0
8873 0
8874 1
8875 1
8876 5
8877 2
8878 3
8879 2
8880 4
8881 4
8882 2
8883 2
8884 2
8885 2
8886 3
8887 2
8888 0
8889 1
8890 2
8891 0
8892 0
8893 2
8894 0
8895 2
8896 1
8897 1
8898 4
8899 3
8900 0
8901 2
8902 1
8903 1
8904 1
8905 2
8906 1
8907 2
8908 1
8909 1
8910 3
8911 1
8912 2
8913 1
8914 1
8915 1
8916 1
8917 2
8918 0
8919 0
8920 2
8921 4
8922 1
8923 2
8924 1
8925 2
8926 1
8927 1
8928 0
8929 0
8930 1
8931 4
8932 1
8933 1
8934 1
8935 3
8936 1
8937 0
8938 0
8939 0
8940 4
8941 3
8942 2
8943 0
8944 1
8945 1
8946 1
8947 0
8948 0
8949 1
8950 2
8951 3
8952 3
8953 3
8954 2
8955 3
8956 2
8957 0
8958 0
8959 3
8960 2
8961 1
8962 1
8963 1
8964 1
8965 0
8966 0
8967 1
8968 3
8969 2
8970 2
8971 1
8972 2
8973 3
8974 3
8975 1
8976 4
8977 4
8978 4
8979 3
8980 1
8981 3
8982 1
8983 1
8984 2
8985 1
8986 3
8987 0
8988 3
8989 1
8990 0
8991 1
8992 2
8993 0
8994 0
8995 3
8996 1
8997 0
8998 2
8999 2
9000 3
9001 0
9002 2
9003 1
9004 3
9005 2
9006 1
9007 1
9008 3
9009 1
9010 1
9011 0
9012 1
9013 1
9014 2
9015 2
9016 1
9017 2
9018 2
9019 3
9020 0
9021 3
9022 0
9023 1
9024 4
9025 1
9026 2
9027 2
9028 2
9029 1
9030 0
9031 1
9032 2
9033 0
9034 0
9035 0
9036 1
9037 4
9038 4
9039 2
9040 1
9041 1
9042 1
9043 2
9044 1
9045 2
9046 1
9047 1
9048 2
9049 1
9050 2
9051 1
9052 0
9053 2
9054 1
9055 1
9056 0
9057 1
9058 3
9059 1
9060 2
9061 2
9062 1
9063 1
9064 3
9065 0
9066 1
9067 0
9068 2
9069 0
9070 2
9071 1
9072 1
9073 1
9074 2
9075 0
9076 0
9077 1
9078 1
9079 1
9080 2
9081 0
9082 3
9083 1
9084 2
9085 3
9086 2
9087 1
9088 1
9089 2
9090 1
9091 1
9092 2
9093 3
9094 2
9095 3
9096 2
9097 3
9098 2
9099 4
9100 3
9101 2
9102 2
9103 0
9104 2
9105 0
9106 1
9107 2
9108 2
9109 2
9110 3
9111 2
9112 3
9113 3
9114 1
9115 1
9116 1
9117 1
9118 2
9119 2
9120 2
9121 1
9122 3
9123 2
9124 3
9125 2
9126 0
9127 2
9128 3
9129 0
9130 3
9131 0
9132 1
9133 4
9134 2
9135 0
9136 0
9137 0
9138 1
9139 1
9140 0
9141 2
9142 2
9143 3
9144 2
9145 1
9146 0
9147 3
9148 2
9149 2
9150 1
9151 3
9152 1
9153 3
9154 1
9155 1
9156 3
9157 2
9158 1
9159 3
9160 4
9161 4
9162 3
9163 2
9164 0
9165 2
9166 2
9167 0
9168 1
9169 0
9170 0
9171 2
9172 0
9173 1
9174 2
9175 0
9176 2
9177 4
9178 1
9179 1
9180 1
9181 1
9182 3
9183 0
9184 1
9185 3
9186 2
9187 3
9188 3
9189 2
9190 3
9191 1
9192 0
9193 3
9194 1
9195 1
9196 0
9197 1
9198 1
9199 1
9200 2
9201 1
9202 0
9203 3
9204 2
9205 3
9206 1
9207 2
9208 1
9209 4
9210 1
9211 1
9212 1
9213 1
9214 1
9215 1
9216 4
9217 1
9218 2
9219 2
9220 1
9221 0
9222 1
9223 4
9224 1
9225 3
9226 1
9227 1
9228 2
9229 1
9230 2
9231 1
9232 2
9233 3
9234 0
9235 1
9236 1
9237 1
9238 0
9239 2
9240 0
9241 3
9242 3
9243 2
9244 1
9245 2
9246 2
9247 0
9248 1
9249 3
9250 0
9251 3
9252 3
9253 2
9254 1
9255 0
9256 2
9257 1
9258 1
9259 0
9260 3
9261 2
9262 2
9263 0
9264 1
9265 2
9266 2
9267 2
9268 0
9269 2
9270 2
9271 3
9272 2
9273 2
9274 2
9275 1
9276 1
9277 1
9278 3
9279 1
9280 2
9281 3
9282 1
9283 3
9284 1
9285 0
9286 1
9287 0
9288 1
9289 1
9290 2
9291 0
9292 1
9293 1
9294 0
9295 0
9296 1
9297 2
9298 1
9299 3
9300 1
9301 2
9302 1
9303 2
9304 1
9305 1
9306 2
9307 2
9308 1
9309 1
9310 1
9311 2
9312 2
9313 2
9314 0
9315 1
9316 0
9317 2
9318 0
9319 1
9320 2
9321 3
9322 2
9323 2
9324 3
9325 1
9326 0
9327 1
9328 2
9329 2
9330 3
9331 0
9332 1
9333 2
9334 1
9335 0
9336 1
9337 2
9338 3
9339 1
9340 3
9341 2
9342 1
9343 2
9344 0
9345 2
9346 0
9347 2
9348 1
9349 1
9350 2
9351 0
9352 1
9353 0
9354 0
9355 2
9356 2
9357 1
9358 2
9359 3
9360 0
9361 3
9362 3
9363 1
9364 1
9365 2
9366 0
9367 0
9368 4
9369 1
9370 1
9371 1
9372 1
9373 1
9374 0
9375 0
9376 1
9377 1
9378 1
9379 0
9380 3
9381 0
9382 3
9383 3
9384 2
9385 1
9386 3
9387 3
9388 4
9389 3
9390 2
9391 3
9392 0
9393 3
9394 0
9395 2
9396 1
9397 2
9398 5
9399 4
9400 3
9401 1
9402 1
9403 2
9404 2
9405 2
9406 0
9407 2
9408 0
9409 1
9410 1
9411 0
9412 0
9413 2
9414 2
9415 1
9416 1
9417 2
9418 2
9419 1
9420 2
9421 1
9422 2
9423 2
9424 0
9425 2
9426 2
9427 3
9428 1
9429 2
9430 3
9431 2
9432 1
9433 1
9434 1
9435 3
9436 1
9437 2
9438 3
9439 2
9440 2
9441 2
9442 1
9443 1
9444 2
9445 3
9446 1
9447 2
9448 1
9449 1
9450 2
9451 2
9452 1
9453 0
9454 3
9455 3
9456 2
9457 2
9458 5
9459 3
9460 1
9461 1
9462 2
9463 3
9464 4
9465 4
9466 3
9467 2
9468 4
9469 3
9470 0
9471 3
9472 1
9473 2
9474 3
9475 2
9476 1
9477 2
9478 5
9479 3
9480 1
9481 3
9482 2
9483 2
9484 0
9485 2
9486 2
9487 0
9488 0
9489 1
9490 0
9491 1
9492 3
9493 0
9494 0
9495 1
9496 1
9497 3
9498 1
9499 1
9500 0
9501 2
9502 0
9503 2
9504 3
9505 0
9506 4
9507 4
9508 3
9509 2
9510 1
9511 4
9512 4
9513 1
9514 0
9515 2
9516 2
9517 1
9518 3
9519 2
9520 1
9521 1
9522 2
9523 0
9524 1
9525 1
9526 3
9527 3
9528 1
9529 2
9530 3
9531 0
9532 1
9533 2
9534 4
9535 2
9536 2
9537 2
9538 3
9539 1
9540 4
9541 3
9542 2
9543 2
9544 3
9545 1
9546 2
9547 0
9548 0
9549 1
9550 3
9551 0
9552 0
9553 0
9554 0
9555 5
9556 2
9557 1
9558 2
9559 2
9560 1
9561 1
9562 1
9563 0
9564 2
9565 1
9566 1
9567 1
9568 3
9569 2
9570 1
9571 1
9572 0
9573 2
9574 3
9575 2
9576 3
9577 1
9578 2
9579 2
9580 2
9581 1
9582 1
9583 0
9584 1
9585 2
9586 2
9587 2
9588 0
9589 1
9590 2
9591 4
9592 3
9593 1
9594 1
9595 1
9596 3
9597 2
9598 2
9599 4
9600 4
9601 2
9602 0
9603 0
9604 1
9605 2
9606 1
9607 1
9608 2
9609 1
9610 2
9611 0
9612 1
9613 1
9614 2
9615 1
9616 4
9617 2
9618 2
9619 4
9620 1
9621 0
9622 2
9623 1
9624 1
9625 1
9626 3
9627 2
9628 1
9629 2
9630 0
9631 3
9632 1
9633 2
9634 2
9635 2
9636 1
9637 1
9638 5
9639 3
9640 0
9641 0
9642 3
9643 3
9644 2
9645 2
9646 2
9647 2
9648 4
9649 3
9650 3
9651 1
9652 2
9653 1
9654 1
9655 3
9656 2
9657 1
9658 3
9659 2
9660 0
9661 3
9662 2
9663 1
9664 1
9665 0
9666 0
9667 1
9668 0
9669 1
9670 4
9671 5
9672 4
9673 3
9674 1
9675 0
9676 2
9677 1
9678 1
9679 3
9680 2
9681 0
9682 3
9683 1
9684 1
9685 1
9686 2
9687 1
9688 3
9689 2
9690 2
9691 4
9692 2
9693 1
9694 1
9695 1
9696 2
9697 0
9698 2
9699 1
9700 2
9701 2
9702 0
9703 2
9704 0
9705 3
9706 3
9707 2
9708 3
9709 1
9710 1
9711 1
9712 2
9713 1
9714 2
9715 1
9716 0
9717 1
9718 0
9719 0
9720 1
9721 1
9722 0
9723 2
9724 3
9725 2
9726 2
9727 3
9728 3
9729 1
9730 1
9731 1
9732 3
9733 4
9734 3
9735 1
9736 1
9737 2
9738 1
9739 0
9740 3
9741 1
9742 1
9743 2
9744 0
9745 2
9746 2
9747 0
9748 1
9749 1
9750 0
9751 1
9752 1
9753 2
9754 0
9755 4
9756 3
9757 0
9758 2
9759 1
9760 2
9761 1
9762 2
9763 3
9764 1
9765 1
9766 4
9767 2
9768 2
9769 4
9770 1
9771 1
9772 2
9773 0
9774 2
9775 1
9776 4
9777 1
9778 2
9779 4
9780 1
9781 3
9782 1
9783 2
9784 3
9785 1
9786 2
9787 1
9788 1
9789 4
9790 1
9791 1
9792 0
9793 2
9794 2
9795 1
9796 2
9797 0
9798 1
9799 1
9800 0
9801 2
9802 2
9803 1
9804 1
9805 0
9806 4
9807 1
9808 2
9809 1
9810 2
9811 1
9812 0
9813 0
9814 2
9815 1
9816 3
9817 1
9818 2
9819 0
9820 1
9821 0
9822 2
9823 2
9824 1
9825 1
9826 0
9827 0
9828 1
9829 3
9830 1
9831 2
9832 1
9833 0
9834 2
9835 0
9836 0
9837 1
9838 0
9839 2
9840 2
9841 0
9842 1
9843 3
9844 1
9845 4
9846 5
9847 2
9848 0
9849 3
9850 3
9851 0
9852 1
9853 2
9854 2
9855 1
9856 2
9857 2
9858 1
9859 4
9860 2
9861 4
9862 3
9863 4
9864 3
9865 2
9866 1
9867 3
9868 0
9869 1
9870 2
9871 2
9872 2
9873 2
9874 1
9875 5
9876 2
9877 2
9878 2
9879 2
9880 4
9881 4
9882 3
9883 0
9884 1
9885 3
9886 3
9887 2
9888 1
9889 0
9890 0
9891 1
9892 0
9893 1
9894 3
9895 1
9896 2
9897 2
9898 2
9899 0
9900 1
9901 2
9902 2
9903 1
9904 2
9905 2
9906 2
9907 2
9908 1
9909 0
9910 1
9911 2
9912 1
9913 2
9914 3
9915 0
9916 2
9917 0
9918 1
9919 1
9920 0
9921 2
9922 3
9923 4
9924 2
9925 2
9926 2
9927 1
9928 1
9929 3
9930 2
9931 3
9932 2
9933 2
9934 1
9935 4
9936 3
9937 2
9938 1
9939 0
9940 3
9941 2
9942 2
9943 2
9944 2
9945 1
9946 1
9947 2
9948 1
9949 2
9950 1
9951 1
9952 3
9953 1
9954 3
9955 1
9956 3
9957 0
9958 1
9959 0
9960 3
9961 3
9962 1
9963 3
9964 3
9965 2
9966 1
9967 1
9968 1
9969 1
9970 0
9971 1
9972 3
9973 1
9974 2
9975 2
9976 2
9977 3
9978 1
9979 2
9980 1
9981 3
9982 2
9983 2
9984 3
9985 2
9986 3
9987 1
9988 0
9989 3
9990 3
9991 0
9992 2
9993 2
9994 2
9995 3
9996 2
9997 2
9998 0
9999 2
