0 1
1 0
2 1
3 0
4 1
5 0
6 2
7 1
8 1
9 2
10 1
11 0
12 0
13 0
14 1
15 0
16 0
17 0
18 0
19 1
20 0
21 1
22 0
23 0
24 0
25 1
26 0
27 0
28 0
29 0
30 1
31 1
32 1
33 0
34 0
35 0
36 0
37 1
38 0
39 0
40 1
41 1
42 1
43 0
44 0
45 0
46 1
47 0
48 1
49 0
50 1
51 1
52 0
53 0
54 0
55 0
56 0
57 1
58 0
59 1
60 0
61 1
62 0
63 0
64 0
65 0
66 0
67 0
68 0
69 0
70 1
71 0
72 0
73 0
74 0
75 0
76 0
77 2
78 0
79 0
80 1
81 1
82 0
83 1
84 0
85 1
86 0
87 0
88 0
89 0
90 0
91 2
92 0
93 0
94 1
95 1
96 0
97 0
98 1
99 4
100 2
101 0
102 0
103 0
104 0
105 0
106 1
107 0
108 1
109 0
110 0
111 0
112 0
113 1
114 1
115 0
116 0
117 0
118 1
119 1
120 2
121 0
122 1
123 2
124 0
125 3
126 0
127 0
128 0
129 0
130 1
131 0
132 1
133 0
134 2
135 1
136 0
137 0
138 0
139 0
140 0
141 0
142 4
143 1
144 1
145 0
146 0
147 2
148 0
149 0
150 1
151 0
152 0
153 0
154 0
155 1
156 0
157 2
158 0
159 0
160 2
161 1
162 1
163 0
164 1
165 0
166 1
167 0
168 1
169 0
170 2
171 0
172 1
173 1
174 0
175 0
176 2
177 1
178 0
179 2
180 0
181 0
182 0
183 1
184 1
185 0
186 2
187 2
188 0
189 0
190 0
191 0
192 2
193 0
194 2
195 1
196 1
197 0
198 0
199 1
200 1
201 0
202 0
203 0
204 0
205 0
206 0
207 0
208 1
209 0
210 0
211 0
212 0
213 0
214 0
215 2
216 0
217 0
218 1
219 0
220 0
221 0
222 0
223 0
224 0
225 1
226 0
227 0
228 0
229 0
230 1
231 1
232 1
233 1
234 1
235 1
236 2
237 0
238 0
239 1
240 1
241 0
242 1
243 0
244 0
245 0
246 0
247 0
248 0
249 0
250 0
251 0
252 1
253 1
254 0
255 0
256 0
257 1
258 1
259 0
260 1
261 1
262 1
263 0
264 0
265 0
266 1
267 0
268 2
269 0
270 0
271 0
272 0
273 1
274 1
275 0
276 1
277 0
278 0
279 0
280 1
281 0
282 1
283 0
284 2
285 0
286 1
287 0
288 0
289 0
290 1
291 0
292 1
293 0
294 1
295 0
296 2
297 1
298 0
299 0
300 0
301 0
302 1
303 2
304 0
305 1
306 0
307 1
308 1
309 0
310 0
311 1
312 0
313 1
314 0
315 1
316 0
317 0
318 0
319 0
320 1
321 0
322 0
323 1
324 1
325 1
326 1
327 0
328 0
329 0
330 1
331 0
332 0
333 0
334 1
335 0
336 0
337 1
338 0
339 1
340 3
341 1
342 0
343 1
344 0
345 1
346 1
347 0
348 0
349 1
350 0
351 1
352 0
353 0
354 0
355 0
356 2
357 1
358 0
359 0
360 0
361 1
362 0
363 0
364 0
365 1
366 1
367 0
368 2
369 1
370 0
371 0
372 0
373 0
374 2
375 0
376 0
377 1
378 0
379 0
380 0
381 1
382 2
383 0
384 0
385 1
386 1
387 0
388 2
389 0
390 0
391 1
392 1
393 1
394 0
395 0
396 1
397 1
398 2
399 0
400 0
401 1
402 0
403 0
404 0
405 1
406 0
407 0
408 0
409 0
410 1
411 0
412 0
413 0
414 1
415 0
416 1
417 1
418 1
419 2
420 0
421 0
422 0
423 1
424 2
425 1
426 1
427 0
428 1
429 0
430 4
431 3
432 0
433 1
434 0
435 0
436 0
437 0
438 1
439 1
440 2
441 0
442 2
443 0
444 0
445 0
446 0
447 1
448 0
449 2
450 0
451 1
452 0
453 1
454 0
455 0
456 4
457 1
458 1
459 1
460 1
461 0
462 0
463 1
464 0
465 2
466 0
467 2
468 1
469 0
470 1
471 0
472 0
473 0
474 0
475 0
476 0
477 0
478 1
479 1
480 0
481 0
482 1
483 0
484 1
485 1
486 1
487 0
488 0
489 1
490 0
491 2
492 0
493 1
494 1
495 0
496 1
497 0
498 0
499 0
500 0
501 0
502 2
503 2
504 0
505 0
506 0
507 0
508 2
509 1
510 2
511 1
512 1
513 0
514 0
515 0
516 0
517 0
518 1
519 0
520 0
521 2
522 1
523 0
524 1
525 0
526 1
527 0
528 2
529 0
530 0
531 1
532 1
533 0
534 0
535 0
536 0
537 0
538 1
539 0
540 0
541 0
542 0
543 0
544 1
545 0
546 0
547 0
548 0
549 0
550 0
551 1
552 0
553 0
554 1
555 1
556 1
557 0
558 1
559 1
560 1
561 0
562 1
563 0
564 0
565 0
566 2
567 0
568 1
569 1
570 1
571 0
572 0
573 1
574 1
575 1
576 1
577 1
578 0
579 2
580 1
581 0
582 0
583 2
584 0
585 1
586 1
587 0
588 0
589 0
590 0
591 1
592 0
593 1
594 0
595 0
596 1
597 0
598 0
599 0
600 0
601 0
602 0
603 0
604 0
605 1
606 2
607 0
608 0
609 1
610 0
611 1
612 0
613 0
614 1
615 0
616 1
617 0
618 1
619 0
620 0
621 1
622 0
623 0
624 0
625 4
626 3
627 0
628 1
629 0
630 0
631 1
632 0
633 2
634 0
635 1
636 0
637 1
638 0
639 0
640 0
641 0
642 1
643 0
644 0
645 1
646 0
647 0
648 0
649 0
650 0
651 0
652 0
653 0
654 0
655 0
656 1
657 1
658 0
659 0
660 0
661 0
662 0
663 0
664 0
665 0
666 1
667 1
668 1
669 1
670 0
671 2
672 1
673 1
674 0
675 1
676 0
677 3
678 3
679 0
680 0
681 0
682 0
683 0
684 0
685 0
686 2
687 1
688 1
689 1
690 2
691 0
692 0
693 0
694 1
695 1
696 2
697 0
698 0
699 0
700 1
701 0
702 0
703 2
704 2
705 0
706 0
707 1
708 0
709 1
710 2
711 1
712 0
713 0
714 0
715 0
716 0
717 1
718 1
719 0
720 1
721 0
722 1
723 2
724 0
725 0
726 1
727 1
728 1
729 1
730 0
731 0
732 0
733 2
734 0
735 0
736 0
737 0
738 0
739 0
740 0
741 0
742 0
743 0
744 1
745 0
746 0
747 2
748 0
749 0
750 0
751 0
752 0
753 0
754 0
755 1
756 0
757 2
758 0
759 0
760 0
761 2
762 0
763 0
764 0
765 0
766 0
767 2
768 2
769 1
770 0
771 0
772 1
773 0
774 1
775 1
776 0
777 0
778 0
779 1
780 1
781 0
782 1
783 1
784 2
785 2
786 0
787 0
788 1
789 0
790 1
791 0
792 0
793 0
794 0
795 1
796 0
797 0
798 0
799 1
800 0
801 0
802 0
803 0
804 1
805 1
806 0
807 2
808 0
809 1
810 0
811 1
812 0
813 0
814 1
815 0
816 0
817 0
818 1
819 1
820 0
821 0
822 0
823 1
824 1
825 0
826 1
827 0
828 1
829 2
830 1
831 2
832 0
833 1
834 0
835 0
836 0
837 2
838 1
839 1
840 1
841 0
842 1
843 0
844 1
845 1
846 0
847 0
848 0
849 0
850 0
851 1
852 2
853 2
854 0
855 0
856 0
857 1
858 0
859 0
860 0
861 0
862 1
863 0
864 0
865 0
866 2
867 0
868 1
869 1
870 0
871 1
872 0
873 0
874 0
875 0
876 0
877 0
878 0
879 0
880 2
881 0
882 1
883 0
884 1
885 1
886 1
887 1
888 0
889 0
890 1
891 1
892 2
893 1
894 2
895 0
896 2
897 0
898 0
899 0
900 0
901 1
902 0
903 0
904 0
905 0
906 0
907 0
908 0
909 0
910 0
911 0
912 0
913 1
914 0
915 3
916 1
917 1
918 1
919 1
920 0
921 0
922 1
923 0
924 1
925 0
926 0
927 0
928 0
929 0
930 1
931 1
932 1
933 1
934 1
935 0
936 0
937 1
938 0
939 0
940 0
941 0
942 0
943 0
944 0
945 0
946 0
947 1
948 0
949 1
950 0
951 1
952 1
953 0
954 0
955 1
956 2
957 0
958 0
959 1
960 0
961 0
962 0
963 0
964 0
965 1
966 2
967 3
968 2
969 0
970 0
971 0
972 0
973 0
974 2
975 0
976 0
977 1
978 1
979 0
980 1
981 0
982 2
983 1
984 0
985 1
986 0
987 0
988 1
989 0
990 0
991 0
992 2
993 0
994 2
995 1
996 0
997 0
998 0
999 0
1000 1
1001 0
1002 0
1003 0
1004 1
1005 2
1006 0
1007 1
1008 0
1009 2
1010 1
1011 2
1012 0
1013 1
1014 1
1015 0
1016 0
1017 2
1018 1
1019 0
1020 0
1021 1
1022 1
1023 0
1024 0
1025 1
1026 2
1027 0
1028 1
1029 2
1030 0
1031 1
1032 0
1033 1
1034 0
1035 1
1036 1
1037 0
1038 0
1039 0
1040 1
1041 0
1042 2
1043 0
1044 1
1045 1
1046 0
1047 1
1048 1
1049 0
1050 1
1051 0
1052 0
1053 2
1054 0
1055 1
1056 0
1057 0
1058 1
1059 2
1060 1
1061 0
1062 1
1063 0
1064 0
1065 1
1066 0
1067 1
1068 0
1069 1
1070 0
1071 2
1072 1
1073 0
1074 1
1075 1
1076 0
1077 0
1078 1
1079 0
1080 1
1081 0
1082 2
1083 0
1084 1
1085 0
1086 2
1087 1
1088 0
1089 0
1090 0
1091 0
1092 1
1093 1
1094 1
1095 2
1096 0
1097 1
1098 0
1099 0
1100 0
1101 0
1102 1
1103 0
1104 1
1105 1
1106 0
1107 0
1108 1
1109 1
1110 0
1111 1
1112 0
1113 0
1114 0
1115 0
1116 1
1117 0
1118 0
1119 0
1120 0
1121 0
1122 0
1123 0
1124 1
1125 1
1126 1
1127 0
1128 0
1129 0
1130 0
1131 0
1132 0
1133 2
1134 0
1135 1
1136 0
1137 0
1138 0
1139 1
1140 2
1141 1
1142 0
1143 1
1144 2
1145 0
1146 1
1147 0
1148 0
1149 2
1150 0
1151 0
1152 0
1153 0
1154 2
1155 0
1156 0
1157 0
1158 1
1159 1
1160 0
1161 1
1162 1
1163 0
1164 1
1165 0
1166 1
1167 0
1168 0
1169 0
1170 1
1171 0
1172 0
1173 1
1174 0
1175 0
1176 2
1177 0
1178 0
1179 0
1180 0
1181 1
1182 0
1183 0
1184 0
1185 0
1186 1
1187 1
1188 0
1189 2
1190 2
1191 0
1192 0
1193 0
1194 1
1195 0
1196 1
1197 0
1198 2
1199 1
1200 0
1201 2
1202 2
1203 1
1204 2
1205 1
1206 1
1207 2
1208 0
1209 1
1210 2
1211 0
1212 0
1213 0
1214 0
1215 0
1216 1
1217 0
1218 0
1219 0
1220 1
1221 1
1222 1
1223 2
1224 0
1225 0
1226 0
1227 0
1228 1
1229 2
1230 0
1231 2
1232 0
1233 0
1234 0
1235 0
1236 0
1237 0
1238 0
1239 1
1240 0
1241 0
1242 1
1243 1
1244 1
1245 0
1246 1
1247 0
1248 0
1249 0
1250 1
1251 0
1252 0
1253 0
1254 0
1255 0
1256 0
1257 0
1258 0
1259 2
1260 0
1261 1
1262 0
1263 0
1264 0
1265 0
1266 0
1267 0
1268 1
1269 2
1270 0
1271 0
1272 0
1273 0
1274 3
1275 0
1276 1
1277 0
1278 1
1279 2
1280 0
1281 0
1282 0
1283 3
1284 0
1285 1
1286 0
1287 1
1288 1
1289 3
1290 0
1291 0
1292 1
1293 1
1294 0
1295 0
1296 0
1297 1
1298 0
1299 0
1300 2
1301 1
1302 2
1303 0
1304 1
1305 0
1306 0
1307 0
1308 0
1309 1
1310 0
1311 2
1312 0
1313 0
1314 0
1315 1
1316 1
1317 1
1318 1
1319 0
1320 0
1321 1
1322 1
1323 1
1324 0
1325 1
1326 0
1327 0
1328 0
1329 0
1330 0
1331 3
1332 2
1333 0
1334 1
1335 0
1336 2
1337 1
1338 1
1339 0
1340 1
1341 1
1342 0
1343 2
1344 1
1345 0
1346 0
1347 0
1348 3
1349 1
1350 0
1351 1
1352 3
1353 1
1354 0
1355 1
1356 0
1357 2
1358 0
1359 0
1360 1
1361 0
1362 0
1363 0
1364 1
1365 1
1366 2
1367 0
1368 1
1369 0
1370 0
1371 1
1372 0
1373 0
1374 0
1375 0
1376 0
1377 0
1378 0
1379 0
1380 0
1381 2
1382 0
1383 0
1384 2
1385 1
1386 0
1387 0
1388 0
1389 1
1390 1
1391 0
1392 1
1393 1
1394 0
1395 0
1396 1
1397 0
1398 0
1399 0
1400 0
1401 1
1402 0
1403 1
1404 1
1405 1
1406 0
1407 0
1408 0
1409 0
1410 0
1411 1
1412 4
1413 1
1414 1
1415 1
1416 0
1417 0
1418 1
1419 0
1420 0
1421 1
1422 2
1423 0
1424 1
1425 0
1426 1
1427 0
1428 2
1429 0
1430 0
1431 0
1432 0
1433 0
1434 2
1435 2
1436 1
1437 0
1438 0
1439 0
1440 0
1441 2
1442 1
1443 0
1444 0
1445 0
1446 1
1447 0
1448 0
1449 0
1450 1
1451 0
1452 1
1453 1
1454 1
1455 1
1456 0
1457 0
1458 0
1459 1
1460 0
1461 0
1462 0
1463 0
1464 1
1465 0
1466 1
1467 0
1468 0
1469 0
1470 0
1471 0
1472 1
1473 0
1474 1
1475 0
1476 0
1477 0
1478 1
1479 1
1480 0
1481 0
1482 0
1483 0
1484 1
1485 1
1486 0
1487 0
1488 0
1489 0
1490 1
1491 1
1492 0
1493 1
1494 0
1495 1
1496 0
1497 1
1498 0
1499 1
1500 1
1501 0
1502 0
1503 2
1504 1
1505 0
1506 0
1507 1
1508 1
1509 0
1510 0
1511 1
1512 1
1513 0
1514 0
1515 0
1516 0
1517 0
1518 0
1519 1
1520 0
1521 0
1522 0
1523 2
1524 1
1525 1
1526 0
1527 2
1528 0
1529 0
1530 1
1531 0
1532 0
1533 2
1534 1
1535 0
1536 0
1537 0
1538 0
1539 1
1540 0
1541 1
1542 1
1543 1
1544 1
1545 0
1546 1
1547 0
1548 0
1549 0
1550 1
1551 1
1552 1
1553 1
1554 1
1555 0
1556 1
1557 0
1558 0
1559 0
1560 2
1561 0
1562 2
1563 0
1564 0
1565 0
1566 1
1567 0
1568 0
1569 1
1570 2
1571 1
1572 1
1573 1
1574 0
1575 0
1576 0
1577 1
1578 1
1579 0
1580 2
1581 0
1582 0
1583 0
1584 0
1585 0
1586 0
1587 0
1588 0
1589 1
1590 0
1591 0
1592 1
1593 1
1594 0
1595 1
1596 2
1597 1
1598 0
1599 0
1600 2
1601 1
1602 0
1603 2
1604 0
1605 0
1606 2
1607 0
1608 0
1609 0
1610 0
1611 1
1612 2
1613 1
1614 0
1615 1
1616 0
1617 1
1618 0
1619 0
1620 2
1621 0
1622 1
1623 0
1624 2
1625 2
1626 1
1627 0
1628 0
1629 1
1630 1
1631 0
1632 2
1633 0
1634 2
1635 0
1636 0
1637 0
1638 1
1639 0
1640 0
1641 0
1642 0
1643 1
1644 1
1645 0
1646 2
1647 1
1648 1
1649 1
1650 1
1651 2
1652 2
1653 2
1654 0
1655 0
1656 0
1657 0
1658 0
1659 1
1660 0
1661 0
1662 1
1663 0
1664 0
1665 2
1666 0
1667 0
1668 1
1669 1
1670 1
1671 1
1672 0
1673 0
1674 0
1675 0
1676 2
1677 0
1678 1
1679 0
1680 1
1681 1
1682 0
1683 1
1684 1
1685 0
1686 0
1687 0
1688 3
1689 0
1690 0
1691 0
1692 1
1693 0
1694 0
1695 0
1696 0
1697 0
1698 0
1699 0
1700 0
1701 0
1702 1
1703 0
1704 0
1705 1
1706 2
1707 0
1708 0
1709 0
1710 1
1711 0
1712 0
1713 1
1714 1
1715 1
1716 0
1717 0
1718 0
1719 0
1720 0
1721 0
1722 0
1723 2
1724 0
1725 0
1726 0
1727 0
1728 1
1729 2
1730 1
1731 0
1732 0
1733 0
1734 1
1735 1
1736 2
1737 0
1738 0
1739 0
1740 0
1741 1
1742 0
1743 0
1744 1
1745 0
1746 1
1747 0
1748 0
1749 1
1750 1
1751 0
1752 2
1753 0
1754 1
1755 1
1756 0
1757 1
1758 1
1759 1
1760 0
1761 0
1762 0
1763 0
1764 0
1765 0
1766 0
1767 1
1768 1
1769 0
1770 0
1771 0
1772 0
1773 0
1774 0
1775 1
1776 0
1777 1
1778 2
1779 0
1780 1
1781 2
1782 0
1783 0
1784 1
1785 1
1786 0
1787 1
1788 1
1789 0
1790 0
1791 0
1792 0
1793 1
1794 0
1795 1
1796 2
1797 1
1798 1
1799 1
1800 1
1801 0
1802 1
1803 0
1804 0
1805 1
1806 0
1807 0
1808 1
1809 0
1810 1
1811 0
1812 0
1813 0
1814 0
1815 0
1816 0
1817 0
1818 2
1819 0
1820 1
1821 2
1822 0
1823 0
1824 0
1825 1
1826 2
1827 1
1828 1
1829 2
1830 0
1831 0
1832 1
1833 0
1834 0
1835 0
1836 2
1837 0
1838 1
1839 0
1840 2
1841 0
1842 2
1843 0
1844 0
1845 1
1846 0
1847 1
1848 0
1849 0
1850 2
1851 1
1852 2
1853 0
1854 1
1855 1
1856 1
1857 2
1858 1
1859 0
1860 1
1861 0
1862 1
1863 0
1864 0
1865 0
1866 0
1867 1
1868 0
1869 1
1870 1
1871 2
1872 0
1873 0
1874 1
1875 0
1876 1
1877 0
1878 0
1879 1
1880 0
1881 2
1882 0
1883 1
1884 0
1885 1
1886 1
1887 1
1888 1
1889 0
1890 2
1891 0
1892 2
1893 0
1894 1
1895 0
1896 0
1897 0
1898 1
1899 0
1900 0
1901 1
1902 0
1903 1
1904 1
1905 2
1906 2
1907 0
1908 0
1909 2
1910 0
1911 0
1912 0
1913 0
1914 0
1915 0
1916 0
1917 0
1918 2
1919 0
1920 0
1921 2
1922 0
1923 1
1924 0
1925 1
1926 2
1927 2
1928 1
1929 0
1930 0
1931 0
1932 0
1933 0
1934 0
1935 0
1936 0
1937 0
1938 1
1939 1
1940 1
1941 2
1942 0
1943 1
1944 0
1945 0
1946 1
1947 1
1948 0
1949 0
1950 2
1951 2
1952 0
1953 1
1954 0
1955 1
1956 0
1957 0
1958 1
1959 0
1960 0
1961 1
1962 0
1963 0
1964 1
1965 1
1966 1
1967 0
1968 0
1969 0
1970 0
1971 1
1972 1
1973 2
1974 1
1975 2
1976 1
1977 0
1978 1
1979 0
1980 1
1981 0
1982 1
1983 0
1984 2
1985 0
1986 0
1987 1
1988 0
1989 0
1990 0
1991 0
1992 1
1993 0
1994 0
1995 2
1996 0
1997 0
1998 0
1999 2
2000 0
2001 1
2002 0
2003 0
2004 1
2005 0
2006 0
2007 3
2008 0
2009 1
2010 1
2011 1
2012 0
2013 1
2014 1
2015 1
2016 1
2017 2
2018 0
2019 0
2020 0
2021 0
2022 0
2023 0
2024 0
2025 0
2026 0
2027 0
2028 0
2029 1
2030 1
2031 2
2032 1
2033 0
2034 0
2035 2
2036 0
2037 0
2038 1
2039 0
2040 2
2041 2
2042 0
2043 1
2044 1
2045 0
2046 0
2047 0
2048 1
2049 0
2050 2
2051 1
2052 0
2053 1
2054 0
2055 0
2056 1
2057 0
2058 0
2059 0
2060 1
2061 1
2062 0
2063 0
2064 0
2065 0
2066 0
2067 0
2068 1
2069 0
2070 1
2071 1
2072 1
2073 0
2074 2
2075 1
2076 1
2077 0
2078 0
2079 1
2080 1
2081 1
2082 0
2083 0
2084 1
2085 0
2086 0
2087 0
2088 3
2089 2
2090 1
2091 0
2092 0
2093 0
2094 0
2095 1
2096 0
2097 1
2098 1
2099 0
2100 1
2101 0
2102 0
2103 0
2104 1
2105 0
2106 0
2107 1
2108 1
2109 3
2110 1
2111 1
2112 0
2113 0
2114 2
2115 0
2116 1
2117 1
2118 1
2119 1
2120 0
2121 0
2122 0
2123 0
2124 0
2125 0
2126 0
2127 1
2128 1
2129 0
2130 2
2131 1
2132 1
2133 0
2134 1
2135 0
2136 0
2137 1
2138 0
2139 0
2140 1
2141 3
2142 0
2143 1
2144 0
2145 0
2146 0
2147 0
2148 2
2149 0
2150 1
2151 2
2152 1
2153 0
2154 1
2155 0
2156 0
2157 0
2158 0
2159 0
2160 0
2161 1
2162 1
2163 1
2164 1
2165 2
2166 2
2167 1
2168 1
2169 0
2170 1
2171 3
2172 0
2173 0
2174 0
2175 1
2176 0
2177 0
2178 1
2179 0
2180 0
2181 0
2182 0
2183 0
2184 0
2185 0
2186 0
2187 1
2188 1
2189 0
2190 2
2191 0
2192 2
2193 1
2194 1
2195 1
2196 1
2197 0
2198 0
2199 0
2200 2
2201 2
2202 1
2203 2
2204 0
2205 0
2206 2
2207 0
2208 1
2209 0
2210 2
2211 1
2212 0
2213 0
2214 2
2215 1
2216 1
2217 1
2218 1
2219 0
2220 0
2221 2
2222 0
2223 0
2224 1
2225 2
2226 0
2227 1
2228 1
2229 1
2230 1
2231 1
2232 0
2233 1
2234 0
2235 0
2236 0
2237 1
2238 0
2239 1
2240 1
2241 0
2242 0
2243 0
2244 0
2245 2
2246 0
2247 1
2248 2
2249 0
2250 0
2251 1
2252 0
2253 0
2254 2
2255 0
2256 0
2257 0
2258 0
2259 0
2260 0
2261 0
2262 1
2263 0
2264 1
2265 0
2266 0
2267 1
2268 0
2269 1
2270 0
2271 2
2272 0
2273 0
2274 0
2275 1
2276 0
2277 0
2278 0
2279 0
2280 0
2281 2
2282 0
2283 0
2284 2
2285 2
2286 0
2287 1
2288 1
2289 1
2290 0
2291 0
2292 0
2293 2
2294 1
2295 2
2296 0
2297 0
2298 0
2299 2
2300 1
2301 0
2302 1
2303 0
2304 0
2305 1
2306 2
2307 0
2308 0
2309 0
2310 0
2311 1
2312 1
2313 1
2314 1
2315 2
2316 0
2317 1
2318 0
2319 0
2320 1
2321 0
2322 0
2323 0
2324 0
2325 0
2326 1
2327 2
2328 1
2329 2
2330 1
2331 1
2332 0
2333 1
2334 0
2335 0
2336 1
2337 1
2338 1
2339 0
2340 1
2341 1
2342 1
2343 1
2344 1
2345 1
2346 0
2347 1
2348 0
2349 1
2350 0
2351 0
2352 0
2353 0
2354 1
2355 1
2356 0
2357 0
2358 0
2359 0
2360 0
2361 0
2362 2
2363 1
2364 0
2365 0
2366 1
2367 0
2368 0
2369 1
2370 0
2371 1
2372 0
2373 2
2374 0
2375 1
2376 0
2377 0
2378 2
2379 1
2380 0
2381 0
2382 0
2383 0
2384 0
2385 1
2386 0
2387 2
2388 0
2389 0
2390 0
2391 1
2392 1
2393 0
2394 0
2395 0
2396 0
2397 1
2398 0
2399 0
2400 0
2401 1
2402 1
2403 1
2404 0
2405 1
2406 0
2407 2
2408 2
2409 0
2410 0
2411 0
2412 0
2413 0
2414 0
2415 0
2416 1
2417 0
2418 1
2419 0
2420 0
2421 0
2422 0
2423 0
2424 1
2425 0
2426 0
2427 0
2428 0
2429 0
2430 1
2431 0
2432 0
2433 2
2434 0
2435 2
2436 0
2437 0
2438 0
2439 1
2440 2
2441 1
2442 0
2443 0
2444 1
2445 0
2446 1
2447 1
2448 0
2449 0
2450 0
2451 2
2452 1
2453 0
2454 0
2455 0
2456 0
2457 1
2458 1
2459 0
2460 0
2461 1
2462 0
2463 0
2464 0
2465 1
2466 1
2467 0
2468 0
2469 2
2470 0
2471 0
2472 0
2473 1
2474 0
2475 0
2476 0
2477 1
2478 1
2479 0
2480 1
2481 1
2482 0
2483 2
2484 0
2485 0
2486 0
2487 2
2488 0
2489 0
2490 1
2491 1
2492 1
2493 1
2494 1
2495 0
2496 1
2497 3
2498 0
2499 0
2500 0
2501 0
2502 0
2503 0
2504 1
2505 0
2506 0
2507 0
2508 0
2509 0
2510 0
2511 0
2512 0
2513 0
2514 0
2515 1
2516 1
2517 0
2518 1
2519 1
2520 1
2521 1
2522 2
2523 0
2524 1
2525 0
2526 1
2527 1
2528 0
2529 0
2530 0
2531 1
2532 0
2533 0
2534 1
2535 0
2536 0
2537 0
2538 0
2539 0
2540 0
2541 1
2542 0
2543 0
2544 0
2545 1
2546 0
2547 0
2548 1
2549 3
2550 1
2551 2
2552 1
2553 0
2554 0
2555 0
2556 0
2557 0
2558 0
2559 0
2560 0
2561 1
2562 0
2563 0
2564 0
2565 0
2566 0
2567 1
2568 1
2569 1
2570 1
2571 1
2572 1
2573 0
2574 0
2575 0
2576 1
2577 1
2578 0
2579 0
2580 0
2581 0
2582 0
2583 1
2584 0
2585 1
2586 1
2587 2
2588 0
2589 0
2590 1
2591 0
2592 0
2593 0
2594 1
2595 1
2596 1
2597 1
2598 0
2599 1
2600 0
2601 0
2602 0
2603 0
2604 0
2605 1
2606 0
2607 1
2608 1
2609 0
2610 0
2611 0
2612 1
2613 1
2614 1
2615 1
2616 0
2617 2
2618 0
2619 0
2620 0
2621 1
2622 2
2623 0
2624 0
2625 0
2626 1
2627 0
2628 0
2629 0
2630 0
2631 1
2632 0
2633 0
2634 1
2635 0
2636 1
2637 2
2638 0
2639 0
2640 0
2641 0
2642 1
2643 0
2644 2
2645 0
2646 2
2647 1
2648 0
2649 0
2650 0
2651 0
2652 0
2653 1
2654 0
2655 0
2656 0
2657 1
2658 0
2659 0
2660 0
2661 0
2662 0
2663 0
2664 0
2665 0
2666 0
2667 0
2668 1
2669 1
2670 0
2671 0
2672 0
2673 0
2674 1
2675 0
2676 1
2677 0
2678 0
2679 2
2680 1
2681 0
2682 0
2683 1
2684 1
2685 1
2686 0
2687 0
2688 1
2689 1
2690 1
2691 1
2692 1
2693 0
2694 1
2695 1
2696 0
2697 1
2698 1
2699 0
2700 0
2701 0
2702 0
2703 1
2704 0
2705 0
2706 0
2707 1
2708 1
2709 0
2710 2
2711 0
2712 0
2713 1
2714 2
2715 2
2716 0
2717 0
2718 1
2719 1
2720 0
2721 0
2722 0
2723 0
2724 0
2725 2
2726 1
2727 1
2728 0
2729 0
2730 0
2731 0
2732 3
2733 1
2734 2
2735 0
2736 3
2737 0
2738 1
2739 0
2740 2
2741 0
2742 0
2743 0
2744 2
2745 1
2746 0
2747 0
2748 0
2749 0
2750 0
2751 0
2752 1
2753 0
2754 1
2755 0
2756 0
2757 1
2758 1
2759 0
2760 0
2761 1
2762 0
2763 1
2764 0
2765 1
2766 1
2767 0
2768 0
2769 0
2770 1
2771 0
2772 0
2773 1
2774 2
2775 0
2776 1
2777 0
2778 1
2779 1
2780 1
2781 0
2782 1
2783 1
2784 0
2785 0
2786 1
2787 0
2788 1
2789 0
2790 0
2791 0
2792 1
2793 0
2794 0
2795 1
2796 2
2797 1
2798 0
2799 0
2800 0
2801 1
2802 1
2803 0
2804 0
2805 0
2806 1
2807 0
2808 1
2809 0
2810 0
2811 0
2812 0
2813 0
2814 0
2815 1
2816 1
2817 1
2818 0
2819 0
2820 2
2821 1
2822 0
2823 0
2824 0
2825 0
2826 0
2827 1
2828 1
2829 1
2830 0
2831 0
2832 0
2833 0
2834 0
2835 1
2836 1
2837 1
2838 0
2839 0
2840 0
2841 0
2842 0
2843 1
2844 1
2845 0
2846 1
2847 0
2848 0
2849 1
2850 0
2851 0
2852 0
2853 0
2854 0
2855 0
2856 1
2857 0
2858 0
2859 0
2860 1
2861 0
2862 0
2863 0
2864 1
2865 0
2866 0
2867 1
2868 2
2869 0
2870 1
2871 1
2872 1
2873 0
2874 0
2875 1
2876 0
2877 1
2878 0
2879 0
2880 2
2881 0
2882 1
2883 0
2884 1
2885 0
2886 0
2887 1
2888 0
2889 0
2890 0
2891 2
2892 1
2893 0
2894 1
2895 0
2896 0
2897 1
2898 2
2899 2
2900 1
2901 1
2902 0
2903 0
2904 1
2905 1
2906 0
2907 3
2908 0
2909 0
2910 0
2911 0
2912 0
2913 0
2914 1
2915 1
2916 0
2917 0
2918 0
2919 0
2920 0
2921 0
2922 0
2923 1
2924 0
2925 0
2926 0
2927 2
2928 1
2929 1
2930 0
2931 1
2932 1
2933 0
2934 2
2935 0
2936 1
2937 0
2938 1
2939 0
2940 1
2941 0
2942 1
2943 0
2944 1
2945 4
2946 1
2947 1
2948 0
2949 0
2950 0
2951 0
2952 0
2953 0
2954 0
2955 0
2956 0
2957 1
2958 1
2959 2
2960 3
2961 1
2962 2
2963 0
2964 0
2965 0
2966 0
2967 0
2968 0
2969 0
2970 2
2971 1
2972 1
2973 0
2974 0
2975 2
2976 0
2977 1
2978 0
2979 0
2980 1
2981 0
2982 1
2983 3
2984 0
2985 1
2986 1
2987 0
2988 0
2989 0
2990 1
2991 1
2992 0
2993 0
2994 0
2995 0
2996 0
2997 0
2998 0
2999 1
3000 0
3001 1
3002 1
3003 1
3004 1
3005 1
3006 0
3007 0
3008 1
3009 0
3010 1
3011 0
3012 2
3013 0
3014 0
3015 2
3016 0
3017 0
3018 0
3019 2
3020 0
3021 0
3022 0
3023 0
3024 1
3025 2
3026 2
3027 0
3028 0
3029 0
3030 2
3031 0
3032 0
3033 1
3034 0
3035 1
3036 0
3037 0
3038 1
3039 1
3040 0
3041 1
3042 0
3043 0
3044 1
3045 0
3046 0
3047 0
3048 3
3049 0
3050 0
3051 1
3052 1
3053 1
3054 1
3055 1
3056 0
3057 0
3058 1
3059 0
3060 3
3061 0
3062 0
3063 1
3064 0
3065 0
3066 0
3067 1
3068 1
3069 0
3070 1
3071 0
3072 1
3073 0
3074 1
3075 2
3076 0
3077 0
3078 1
3079 0
3080 0
3081 4
3082 2
3083 2
3084 0
3085 0
3086 0
3087 1
3088 0
3089 0
3090 1
3091 0
3092 1
3093 1
3094 1
3095 0
3096 0
3097 1
3098 1
3099 1
3100 0
3101 0
3102 0
3103 0
3104 1
3105 0
3106 0
3107 1
3108 0
3109 0
3110 0
3111 0
3112 0
3113 1
3114 1
3115 0
3116 1
3117 0
3118 0
3119 0
3120 1
3121 0
3122 0
3123 0
3124 1
3125 0
3126 0
3127 0
3128 1
3129 0
3130 2
3131 0
3132 1
3133 1
3134 2
3135 2
3136 1
3137 1
3138 2
3139 0
3140 1
3141 0
3142 1
3143 1
3144 0
3145 0
3146 1
3147 0
3148 0
3149 0
3150 0
3151 3
3152 0
3153 0
3154 0
3155 1
3156 1
3157 1
3158 2
3159 0
3160 0
3161 0
3162 0
3163 1
3164 0
3165 1
3166 0
3167 0
3168 2
3169 1
3170 3
3171 1
3172 1
3173 0
3174 0
3175 0
3176 3
3177 0
3178 0
3179 0
3180 0
3181 1
3182 1
3183 1
3184 0
3185 0
3186 0
3187 1
3188 1
3189 1
3190 1
3191 0
3192 0
3193 0
3194 0
3195 0
3196 1
3197 2
3198 0
3199 0
3200 1
3201 0
3202 2
3203 1
3204 2
3205 0
3206 0
3207 0
3208 1
3209 1
3210 0
3211 0
3212 1
3213 0
3214 0
3215 0
3216 0
3217 1
3218 2
3219 2
3220 0
3221 1
3222 0
3223 0
3224 1
3225 0
3226 0
3227 2
3228 0
3229 0
3230 0
3231 0
3232 1
3233 0
3234 1
3235 0
3236 0
3237 0
3238 2
3239 0
3240 1
3241 0
3242 0
3243 0
3244 1
3245 1
3246 1
3247 3
3248 0
3249 0
3250 1
3251 1
3252 0
3253 0
3254 0
3255 1
3256 0
3257 0
3258 0
3259 0
3260 2
3261 0
3262 0
3263 0
3264 1
3265 1
3266 0
3267 1
3268 0
3269 0
3270 2
3271 0
3272 1
3273 0
3274 2
3275 1
3276 0
3277 0
3278 0
3279 1
3280 1
3281 0
3282 0
3283 1
3284 0
3285 1
3286 0
3287 0
3288 1
3289 0
3290 2
3291 1
3292 3
3293 0
3294 1
3295 0
3296 0
3297 0
3298 0
3299 0
3300 1
3301 1
3302 1
3303 0
3304 0
3305 0
3306 0
3307 0
3308 0
3309 0
3310 1
3311 0
3312 0
3313 0
3314 2
3315 0
3316 0
3317 1
3318 0
3319 1
3320 0
3321 0
3322 0
3323 0
3324 1
3325 0
3326 1
3327 0
3328 1
3329 1
3330 2
3331 1
3332 3
3333 0
3334 0
3335 1
3336 0
3337 1
3338 1
3339 1
3340 0
3341 1
3342 0
3343 2
3344 0
3345 0
3346 1
3347 0
3348 0
3349 0
3350 0
3351 0
3352 1
3353 1
3354 1
3355 0
3356 1
3357 0
3358 1
3359 0
3360 0
3361 1
3362 2
3363 0
3364 0
3365 1
3366 1
3367 0
3368 0
3369 0
3370 0
3371 0
3372 0
3373 0
3374 0
3375 1
3376 2
3377 0
3378 3
3379 0
3380 0
3381 0
3382 0
3383 1
3384 2
3385 1
3386 2
3387 0
3388 0
3389 1
3390 0
3391 2
3392 0
3393 1
3394 2
3395 0
3396 1
3397 0
3398 1
3399 1
3400 0
3401 0
3402 0
3403 1
3404 0
3405 0
3406 0
3407 0
3408 0
3409 0
3410 0
3411 0
3412 1
3413 0
3414 1
3415 1
3416 1
3417 1
3418 0
3419 0
3420 0
3421 0
3422 2
3423 0
3424 2
3425 1
3426 1
3427 0
3428 1
3429 0
3430 0
3431 0
3432 1
3433 0
3434 0
3435 0
3436 1
3437 0
3438 0
3439 3
3440 2
3441 0
3442 1
3443 1
3444 1
3445 0
3446 1
3447 0
3448 2
3449 0
3450 1
3451 2
3452 1
3453 0
3454 0
3455 1
3456 1
3457 0
3458 0
3459 1
3460 2
3461 0
3462 0
3463 0
3464 0
3465 0
3466 0
3467 1
3468 0
3469 0
3470 2
3471 1
3472 1
3473 1
3474 1
3475 0
3476 1
3477 0
3478 0
3479 0
3480 0
3481 0
3482 0
3483 2
3484 3
3485 0
3486 1
3487 0
3488 1
3489 0
3490 0
3491 1
3492 1
3493 1
3494 1
3495 0
3496 0
3497 0
3498 1
3499 0
3500 0
3501 1
3502 0
3503 2
3504 0
3505 0
3506 0
3507 0
3508 0
3509 0
3510 1
3511 0
3512 1
3513 0
3514 1
3515 1
3516 0
3517 0
3518 1
3519 0
3520 1
3521 0
3522 0
3523 0
3524 2
3525 0
3526 1
3527 1
3528 0
3529 0
3530 0
3531 1
3532 0
3533 0
3534 0
3535 0
3536 1
3537 0
3538 3
3539 0
3540 2
3541 2
3542 1
3543 0
3544 1
3545 0
3546 0
3547 0
3548 0
3549 0
3550 0
3551 0
3552 0
3553 1
3554 0
3555 1
3556 3
3557 0
3558 1
3559 0
3560 1
3561 1
3562 0
3563 0
3564 0
3565 2
3566 0
3567 0
3568 1
3569 0
3570 0
3571 1
3572 0
3573 0
3574 2
3575 0
3576 1
3577 0
3578 0
3579 0
3580 0
3581 1
3582 1
3583 3
3584 1
3585 0
3586 0
3587 0
3588 1
3589 0
3590 1
3591 1
3592 0
3593 0
3594 2
3595 0
3596 0
3597 1
3598 1
3599 2
3600 0
3601 0
3602 0
3603 1
3604 0
3605 1
3606 0
3607 1
3608 0
3609 1
3610 1
3611 1
3612 0
3613 0
3614 0
3615 0
3616 1
3617 1
3618 0
3619 1
3620 3
3621 0
3622 0
3623 0
3624 0
3625 1
3626 1
3627 0
3628 1
3629 0
3630 0
3631 0
3632 0
3633 1
3634 1
3635 1
3636 0
3637 0
3638 2
3639 0
3640 0
3641 1
3642 0
3643 1
3644 1
3645 2
3646 1
3647 1
3648 0
3649 0
3650 0
3651 0
3652 0
3653 3
3654 0
3655 0
3656 0
3657 0
3658 0
3659 0
3660 0
3661 0
3662 0
3663 1
3664 0
3665 1
3666 1
3667 0
3668 1
3669 0
3670 0
3671 0
3672 0
3673 0
3674 2
3675 1
3676 0
3677 0
3678 0
3679 1
3680 3
3681 2
3682 2
3683 1
3684 0
3685 2
3686 0
3687 1
3688 0
3689 0
3690 0
3691 1
3692 0
3693 1
3694 0
3695 0
3696 1
3697 1
3698 0
3699 1
3700 0
3701 1
3702 0
3703 1
3704 1
3705 0
3706 0
3707 0
3708 1
3709 0
3710 1
3711 2
3712 0
3713 2
3714 0
3715 0
3716 0
3717 1
3718 1
3719 0
3720 1
3721 1
3722 0
3723 1
3724 1
3725 0
3726 1
3727 0
3728 0
3729 1
3730 2
3731 2
3732 2
3733 3
3734 0
3735 1
3736 2
3737 1
3738 0
3739 1
3740 2
3741 2
3742 0
3743 0
3744 0
3745 1
3746 1
3747 0
3748 2
3749 2
3750 0
3751 1
3752 0
3753 2
3754 0
3755 0
3756 0
3757 1
3758 0
3759 0
3760 1
3761 2
3762 1
3763 1
3764 0
3765 0
3766 1
3767 0
3768 0
3769 0
3770 0
3771 0
3772 0
3773 3
3774 0
3775 1
3776 1
3777 1
3778 0
3779 0
3780 0
3781 0
3782 0
3783 0
3784 1
3785 1
3786 2
3787 0
3788 2
3789 0
3790 1
3791 0
3792 1
3793 1
3794 1
3795 0
3796 1
3797 0
3798 0
3799 1
3800 1
3801 1
3802 1
3803 1
3804 1
3805 0
3806 0
3807 0
3808 0
3809 0
3810 2
3811 0
3812 0
3813 0
3814 0
3815 1
3816 1
3817 1
3818 1
3819 0
3820 1
3821 0
3822 0
3823 1
3824 0
3825 0
3826 1
3827 0
3828 1
3829 0
3830 1
3831 0
3832 0
3833 1
3834 1
3835 1
3836 1
3837 1
3838 0
3839 0
3840 0
3841 1
3842 0
3843 0
3844 0
3845 0
3846 0
3847 1
3848 1
3849 2
3850 0
3851 1
3852 0
3853 1
3854 1
3855 1
3856 1
3857 0
3858 0
3859 1
3860 0
3861 1
3862 0
3863 1
3864 0
3865 1
3866 0
3867 1
3868 1
3869 0
3870 0
3871 0
3872 0
3873 0
3874 0
3875 0
3876 0
3877 0
3878 0
3879 0
3880 0
3881 1
3882 1
3883 0
3884 0
3885 1
3886 1
3887 2
3888 0
3889 0
3890 1
3891 0
3892 1
3893 1
3894 0
3895 0
3896 0
3897 1
3898 0
3899 0
3900 0
3901 1
3902 2
3903 2
3904 0
3905 1
3906 1
3907 0
3908 0
3909 0
3910 0
3911 0
3912 0
3913 0
3914 0
3915 1
3916 0
3917 0
3918 0
3919 0
3920 1
3921 2
3922 2
3923 1
3924 1
3925 0
3926 0
3927 3
3928 1
3929 0
3930 0
3931 0
3932 2
3933 0
3934 2
3935 0
3936 1
3937 0
3938 1
3939 0
3940 0
3941 0
3942 0
3943 0
3944 0
3945 0
3946 0
3947 0
3948 1
3949 1
3950 1
3951 0
3952 2
3953 1
3954 1
3955 2
3956 0
3957 0
3958 0
3959 0
3960 1
3961 1
3962 0
3963 1
3964 2
3965 1
3966 0
3967 0
3968 1
3969 2
3970 1
3971 1
3972 0
3973 1
3974 0
3975 0
3976 0
3977 0
3978 2
3979 1
3980 0
3981 1
3982 1
3983 1
3984 0
3985 1
3986 1
3987 2
3988 2
3989 1
3990 0
3991 1
3992 2
3993 2
3994 0
3995 0
3996 0
3997 1
3998 0
3999 0
4000 1
4001 1
4002 0
4003 1
4004 0
4005 0
4006 0
4007 0
4008 1
4009 1
4010 0
4011 1
4012 0
4013 1
4014 1
4015 1
4016 0
4017 2
4018 0
4019 0
4020 0
4021 1
4022 1
4023 2
4024 1
4025 0
4026 1
4027 0
4028 1
4029 0
4030 1
4031 0
4032 1
4033 1
4034 0
4035 2
4036 0
4037 0
4038 0
4039 0
4040 0
4041 0
4042 0
4043 0
4044 1
4045 0
4046 0
4047 0
4048 2
4049 0
4050 0
4051 4
4052 1
4053 0
4054 1
4055 0
4056 1
4057 2
4058 1
4059 1
4060 0
4061 0
4062 1
4063 1
4064 0
4065 0
4066 0
4067 0
4068 1
4069 0
4070 1
4071 0
4072 0
4073 0
4074 0
4075 0
4076 0
4077 1
4078 0
4079 0
4080 0
4081 0
4082 1
4083 0
4084 2
4085 1
4086 0
4087 2
4088 1
4089 0
4090 0
4091 2
4092 0
4093 0
4094 0
4095 1
4096 0
4097 0
4098 1
4099 0
4100 2
4101 0
4102 1
4103 1
4104 1
4105 1
4106 1
4107 1
4108 0
4109 0
4110 0
4111 0
4112 0
4113 0
4114 0
4115 0
4116 1
4117 0
4118 0
4119 0
4120 0
4121 0
4122 1
4123 0
4124 0
4125 1
4126 0
4127 2
4128 1
4129 0
4130 2
4131 0
4132 0
4133 0
4134 1
4135 1
4136 0
4137 0
4138 0
4139 1
4140 1
4141 1
4142 1
4143 0
4144 2
4145 0
4146 0
4147 0
4148 1
4149 0
4150 0
4151 1
4152 1
4153 0
4154 1
4155 0
4156 2
4157 0
4158 0
4159 1
4160 0
4161 0
4162 0
4163 0
4164 1
4165 1
4166 0
4167 1
4168 2
4169 1
4170 3
4171 0
4172 0
4173 0
4174 1
4175 1
4176 0
4177 1
4178 1
4179 1
4180 0
4181 0
4182 0
4183 1
4184 0
4185 0
4186 1
4187 1
4188 1
4189 0
4190 0
4191 1
4192 1
4193 0
4194 1
4195 1
4196 0
4197 0
4198 1
4199 3
4200 0
4201 0
4202 0
4203 3
4204 0
4205 0
4206 0
4207 0
4208 0
4209 3
4210 1
4211 0
4212 0
4213 1
4214 0
4215 0
4216 1
4217 0
4218 2
4219 1
4220 0
4221 0
4222 0
4223 0
4224 1
4225 2
4226 0
4227 0
4228 0
4229 0
4230 0
4231 2
4232 0
4233 0
4234 1
4235 1
4236 0
4237 1
4238 0
4239 0
4240 0
4241 3
4242 1
4243 0
4244 0
4245 1
4246 2
4247 0
4248 0
4249 0
4250 4
4251 1
4252 0
4253 0
4254 0
4255 0
4256 0
4257 1
4258 0
4259 0
4260 0
4261 1
4262 0
4263 2
4264 1
4265 2
4266 1
4267 0
4268 1
4269 0
4270 1
4271 0
4272 1
4273 2
4274 2
4275 0
4276 0
4277 0
4278 2
4279 0
4280 0
4281 0
4282 0
4283 0
4284 0
4285 1
4286 1
4287 1
4288 0
4289 0
4290 1
4291 2
4292 1
4293 1
4294 1
4295 1
4296 2
4297 1
4298 1
4299 0
4300 0
4301 0
4302 1
4303 0
4304 1
4305 1
4306 0
4307 1
4308 1
4309 0
4310 1
4311 0
4312 0
4313 0
4314 0
4315 0
4316 1
4317 1
4318 0
4319 2
4320 0
4321 0
4322 0
4323 0
4324 1
4325 0
4326 1
4327 0
4328 0
4329 2
4330 1
4331 1
4332 0
4333 0
4334 3
4335 0
4336 0
4337 0
4338 1
4339 1
4340 2
4341 1
4342 0
4343 1
4344 1
4345 0
4346 3
4347 0
4348 1
4349 1
4350 0
4351 1
4352 1
4353 0
4354 2
4355 0
4356 0
4357 1
4358 0
4359 0
4360 0
4361 1
4362 0
4363 0
4364 0
4365 1
4366 1
4367 0
4368 1
4369 0
4370 0
4371 0
4372 1
4373 0
4374 0
4375 1
4376 1
4377 1
4378 0
4379 0
4380 0
4381 0
4382 0
4383 0
4384 0
4385 1
4386 0
4387 0
4388 1
4389 1
4390 2
4391 1
4392 0
4393 1
4394 1
4395 0
4396 0
4397 0
4398 1
4399 0
4400 0
4401 0
4402 0
4403 0
4404 0
4405 2
4406 1
4407 0
4408 2
4409 1
4410 0
4411 0
4412 0
4413 0
4414 1
4415 0
4416 0
4417 3
4418 1
4419 0
4420 2
4421 0
4422 0
4423 1
4424 0
4425 0
4426 0
4427 0
4428 0
4429 0
4430 1
4431 1
4432 0
4433 0
4434 0
4435 0
4436 0
4437 1
4438 0
4439 0
4440 0
4441 1
4442 0
4443 1
4444 1
4445 0
4446 2
4447 3
4448 1
4449 1
4450 2
4451 0
4452 0
4453 1
4454 3
4455 1
4456 1
4457 0
4458 1
4459 0
4460 1
4461 0
4462 1
4463 2
4464 0
4465 2
4466 0
4467 1
4468 0
4469 0
4470 1
4471 0
4472 0
4473 1
4474 0
4475 2
4476 2
4477 0
4478 1
4479 0
4480 0
4481 0
4482 0
4483 1
4484 0
4485 0
4486 0
4487 1
4488 0
4489 1
4490 1
4491 0
4492 0
4493 2
4494 0
4495 1
4496 3
4497 1
4498 2
4499 0
4500 1
4501 1
4502 0
4503 0
4504 1
4505 0
4506 1
4507 0
4508 0
4509 0
4510 0
4511 1
4512 1
4513 0
4514 0
4515 2
4516 1
4517 0
4518 1
4519 1
4520 2
4521 1
4522 0
4523 1
4524 0
4525 1
4526 1
4527 0
4528 1
4529 0
4530 0
4531 0
4532 0
4533 1
4534 0
4535 1
4536 0
4537 0
4538 1
4539 0
4540 1
4541 0
4542 0
4543 2
4544 1
4545 0
4546 0
4547 2
4548 0
4549 0
4550 0
4551 1
4552 0
4553 1
4554 0
4555 1
4556 3
4557 1
4558 0
4559 0
4560 1
4561 0
4562 1
4563 0
4564 0
4565 1
4566 0
4567 1
4568 0
4569 1
4570 0
4571 2
4572 0
4573 0
4574 0
4575 0
4576 2
4577 0
4578 1
4579 2
4580 2
4581 0
4582 0
4583 0
4584 0
4585 2
4586 0
4587 0
4588 2
4589 1
4590 0
4591 0
4592 2
4593 1
4594 0
4595 0
4596 1
4597 2
4598 1
4599 0
4600 1
4601 1
4602 0
4603 0
4604 1
4605 0
4606 0
4607 0
4608 1
4609 0
4610 0
4611 1
4612 0
4613 0
4614 0
4615 0
4616 0
4617 2
4618 1
4619 1
4620 1
4621 1
4622 1
4623 0
4624 0
4625 0
4626 1
4627 1
4628 1
4629 0
4630 1
4631 1
4632 0
4633 0
4634 1
4635 2
4636 0
4637 1
4638 0
4639 0
4640 2
4641 1
4642 0
4643 2
4644 2
4645 1
4646 0
4647 1
4648 0
4649 0
4650 0
4651 1
4652 0
4653 0
4654 0
4655 0
4656 0
4657 0
4658 1
4659 0
4660 1
4661 3
4662 1
4663 0
4664 0
4665 0
4666 0
4667 0
4668 1
4669 1
4670 1
4671 0
4672 0
4673 0
4674 0
4675 0
4676 0
4677 0
4678 0
4679 0
4680 1
4681 0
4682 0
4683 0
4684 1
4685 0
4686 0
4687 1
4688 0
4689 1
4690 2
4691 0
4692 2
4693 1
4694 1
4695 1
4696 0
4697 1
4698 0
4699 0
4700 0
4701 0
4702 0
4703 1
4704 0
4705 0
4706 0
4707 1
4708 0
4709 0
4710 0
4711 1
4712 1
4713 0
4714 0
4715 0
4716 0
4717 0
4718 0
4719 1
4720 1
4721 0
4722 1
4723 0
4724 1
4725 1
4726 0
4727 2
4728 1
4729 0
4730 0
4731 1
4732 0
4733 0
4734 0
4735 0
4736 1
4737 0
4738 2
4739 2
4740 0
4741 0
4742 1
4743 0
4744 2
4745 0
4746 0
4747 0
4748 0
4749 0
4750 1
4751 0
4752 0
4753 0
4754 1
4755 0
4756 1
4757 0
4758 3
4759 0
4760 2
4761 0
4762 0
4763 0
4764 0
4765 1
4766 0
4767 1
4768 1
4769 2
4770 2
4771 0
4772 0
4773 0
4774 2
4775 0
4776 1
4777 1
4778 0
4779 2
4780 0
4781 0
4782 0
4783 1
4784 0
4785 1
4786 0
4787 0
4788 0
4789 0
4790 0
4791 1
4792 0
4793 2
4794 0
4795 0
4796 1
4797 0
4798 1
4799 1
4800 0
4801 1
4802 2
4803 0
4804 2
4805 0
4806 0
4807 1
4808 0
4809 0
4810 0
4811 1
4812 1
4813 1
4814 0
4815 0
4816 0
4817 0
4818 0
4819 2
4820 0
4821 0
4822 0
4823 1
4824 0
4825 0
4826 0
4827 1
4828 1
4829 0
4830 3
4831 2
4832 2
4833 1
4834 0
4835 0
4836 2
4837 1
4838 2
4839 0
4840 2
4841 1
4842 1
4843 2
4844 0
4845 1
4846 1
4847 1
4848 1
4849 0
4850 1
4851 1
4852 1
4853 0
4854 1
4855 0
4856 0
4857 0
4858 0
4859 1
4860 0
4861 0
4862 0
4863 1
4864 0
4865 0
4866 1
4867 2
4868 1
4869 0
4870 0
4871 2
4872 0
4873 0
4874 2
4875 1
4876 0
4877 2
4878 2
4879 0
4880 0
4881 0
4882 1
4883 0
4884 0
4885 0
4886 1
4887 0
4888 0
4889 1
4890 0
4891 0
4892 1
4893 0
4894 0
4895 1
4896 0
4897 1
4898 0
4899 0
4900 1
4901 0
4902 1
4903 0
4904 0
4905 1
4906 0
4907 1
4908 0
4909 1
4910 0
4911 0
4912 2
4913 1
4914 0
4915 0
4916 0
4917 0
4918 1
4919 0
4920 0
4921 1
4922 0
4923 1
4924 1
4925 2
4926 0
4927 1
4928 1
4929 1
4930 0
4931 0
4932 0
4933 1
4934 0
4935 1
4936 0
4937 0
4938 0
4939 1
4940 1
4941 1
4942 0
4943 1
4944 0
4945 0
4946 0
4947 0
4948 1
4949 0
4950 0
4951 1
4952 0
4953 1
4954 0
4955 2
4956 1
4957 0
4958 0
4959 0
4960 0
4961 0
4962 2
4963 0
4964 0
4965 1
4966 2
4967 1
4968 1
4969 0
4970 1
4971 1
4972 0
4973 0
4974 0
4975 2
4976 1
4977 0
4978 0
4979 1
4980 0
4981 0
4982 0
4983 0
4984 0
4985 2
4986 0
4987 1
4988 0
4989 0
4990 0
4991 1
4992 0
4993 1
4994 1
4995 1
4996 0
4997 0
4998 0
4999 0
5000 0
5001 0
5002 0
5003 1
5004 0
5005 2
5006 0
5007 0
5008 0
5009 0
5010 1
5011 1
5012 0
5013 1
5014 0
5015 0
5016 0
5017 1
5018 0
5019 0
5020 1
5021 1
5022 0
5023 1
5024 1
5025 0
5026 2
5027 1
5028 1
5029 0
5030 0
5031 0
5032 0
5033 1
5034 2
5035 0
5036 0
5037 0
5038 0
5039 0
5040 1
5041 1
5042 0
5043 1
5044 0
5045 0
5046 1
5047 0
5048 0
5049 0
5050 0
5051 0
5052 1
5053 1
5054 0
5055 0
5056 2
5057 2
5058 0
5059 1
5060 0
5061 1
5062 0
5063 1
5064 1
5065 0
5066 0
5067 0
5068 0
5069 1
5070 1
5071 0
5072 0
5073 0
5074 1
5075 0
5076 1
5077 0
5078 1
5079 0
5080 0
5081 0
5082 0
5083 1
5084 0
5085 0
5086 1
5087 0
5088 2
5089 0
5090 1
5091 0
5092 0
5093 1
5094 0
5095 0
5096 0
5097 0
5098 2
5099 1
5100 3
5101 2
5102 0
5103 1
5104 1
5105 0
5106 2
5107 1
5108 0
5109 1
5110 0
5111 0
5112 1
5113 1
5114 0
5115 2
5116 2
5117 0
5118 0
5119 0
5120 1
5121 0
5122 0
5123 1
5124 0
5125 0
5126 0
5127 0
5128 0
5129 2
5130 1
5131 0
5132 0
5133 1
5134 0
5135 0
5136 1
5137 1
5138 1
5139 1
5140 0
5141 2
5142 1
5143 0
5144 1
5145 2
5146 2
5147 0
5148 2
5149 0
5150 1
5151 1
5152 2
5153 1
5154 1
5155 1
5156 0
5157 0
5158 0
5159 1
5160 1
5161 0
5162 0
5163 1
5164 0
5165 1
5166 1
5167 0
5168 2
5169 0
5170 1
5171 0
5172 0
5173 0
5174 0
5175 0
5176 0
5177 0
5178 0
5179 0
5180 1
5181 0
5182 0
5183 0
5184 0
5185 1
5186 0
5187 1
5188 0
5189 2
5190 1
5191 1
5192 1
5193 0
5194 0
5195 2
5196 1
5197 0
5198 0
5199 0
5200 1
5201 0
5202 0
5203 1
5204 0
5205 0
5206 0
5207 0
5208 1
5209 1
5210 1
5211 0
5212 2
5213 0
5214 0
5215 0
5216 0
5217 1
5218 1
5219 1
5220 2
5221 0
5222 1
5223 1
5224 1
5225 0
5226 0
5227 1
5228 2
5229 2
5230 0
5231 0
5232 0
5233 1
5234 1
5235 0
5236 0
5237 0
5238 0
5239 1
5240 0
5241 0
5242 1
5243 1
5244 0
5245 0
5246 2
5247 1
5248 1
5249 1
5250 3
5251 0
5252 0
5253 0
5254 0
5255 0
5256 0
5257 0
5258 0
5259 0
5260 0
5261 0
5262 1
5263 0
5264 1
5265 0
5266 0
5267 2
5268 1
5269 0
5270 0
5271 1
5272 0
5273 0
5274 1
5275 2
5276 0
5277 1
5278 0
5279 0
5280 0
5281 0
5282 0
5283 1
5284 0
5285 0
5286 1
5287 1
5288 0
5289 0
5290 1
5291 1
5292 1
5293 0
5294 1
5295 1
5296 0
5297 1
5298 0
5299 0
5300 0
5301 0
5302 0
5303 1
5304 0
5305 0
5306 0
5307 0
5308 0
5309 0
5310 1
5311 2
5312 0
5313 0
5314 1
5315 0
5316 1
5317 1
5318 1
5319 0
5320 0
5321 2
5322 0
5323 1
5324 1
5325 1
5326 1
5327 0
5328 0
5329 0
5330 0
5331 0
5332 0
5333 1
5334 0
5335 1
5336 1
5337 2
5338 0
5339 0
5340 0
5341 2
5342 0
5343 1
5344 0
5345 1
5346 0
5347 0
5348 2
5349 1
5350 1
5351 1
5352 0
5353 0
5354 0
5355 2
5356 0
5357 1
5358 0
5359 0
5360 0
5361 0
5362 0
5363 1
5364 0
5365 0
5366 0
5367 1
5368 0
5369 0
5370 1
5371 1
5372 0
5373 0
5374 0
5375 0
5376 0
5377 1
5378 0
5379 0
5380 0
5381 0
5382 0
5383 0
5384 0
5385 0
5386 1
5387 1
5388 0
5389 1
5390 0
5391 0
5392 0
5393 0
5394 2
5395 2
5396 0
5397 0
5398 0
5399 0
5400 0
5401 1
5402 0
5403 1
5404 0
5405 0
5406 0
5407 2
5408 0
5409 0
5410 0
5411 1
5412 0
5413 0
5414 1
5415 1
5416 0
5417 0
5418 0
5419 1
5420 0
5421 1
5422 1
5423 0
5424 0
5425 1
5426 1
5427 1
5428 0
5429 0
5430 0
5431 0
5432 1
5433 1
5434 1
5435 0
5436 0
5437 0
5438 1
5439 2
5440 3
5441 1
5442 0
5443 0
5444 3
5445 1
5446 1
5447 2
5448 1
5449 2
5450 1
5451 1
5452 1
5453 1
5454 0
5455 1
5456 1
5457 0
5458 0
5459 0
5460 0
5461 0
5462 0
5463 0
5464 0
5465 0
5466 0
5467 1
5468 0
5469 1
5470 0
5471 1
5472 0
5473 0
5474 1
5475 0
5476 0
5477 0
5478 1
5479 0
5480 0
5481 3
5482 0
5483 0
5484 0
5485 1
5486 1
5487 0
5488 0
5489 0
5490 1
5491 1
5492 1
5493 0
5494 1
5495 1
5496 2
5497 0
5498 1
5499 1
5500 0
5501 0
5502 1
5503 1
5504 0
5505 2
5506 1
5507 0
5508 2
5509 0
5510 0
5511 0
5512 1
5513 0
5514 0
5515 0
5516 1
5517 1
5518 1
5519 3
5520 1
5521 0
5522 0
5523 1
5524 2
5525 1
5526 1
5527 2
5528 3
5529 3
5530 1
5531 0
5532 1
5533 1
5534 1
5535 0
5536 1
5537 2
5538 0
5539 1
5540 0
5541 0
5542 1
5543 1
5544 0
5545 1
5546 0
5547 0
5548 0
5549 0
5550 1
5551 0
5552 1
5553 1
5554 1
5555 0
5556 0
5557 1
5558 0
5559 0
5560 0
5561 0
5562 1
5563 1
5564 0
5565 0
5566 1
5567 0
5568 0
5569 0
5570 4
5571 1
5572 1
5573 1
5574 1
5575 2
5576 1
5577 0
5578 0
5579 0
5580 0
5581 1
5582 1
5583 1
5584 0
5585 1
5586 1
5587 0
5588 1
5589 0
5590 0
5591 1
5592 0
5593 1
5594 1
5595 0
5596 0
5597 0
5598 0
5599 1
5600 1
5601 0
5602 0
5603 1
5604 1
5605 2
5606 2
5607 0
5608 0
5609 0
5610 2
5611 1
5612 1
5613 1
5614 0
5615 1
5616 0
5617 0
5618 0
5619 2
5620 0
5621 1
5622 0
5623 1
5624 0
5625 1
5626 2
5627 1
5628 2
5629 0
5630 0
5631 0
5632 2
5633 1
5634 0
5635 0
5636 0
5637 2
5638 0
5639 0
5640 0
5641 1
5642 0
5643 1
5644 0
5645 1
5646 0
5647 0
5648 0
5649 1
5650 1
5651 0
5652 1
5653 1
5654 0
5655 0
5656 0
5657 0
5658 0
5659 2
5660 1
5661 1
5662 0
5663 0
5664 1
5665 0
5666 0
5667 0
5668 0
5669 0
5670 0
5671 1
5672 0
5673 1
5674 0
5675 0
5676 3
5677 0
5678 0
5679 1
5680 2
5681 0
5682 3
5683 1
5684 0
5685 0
5686 0
5687 0
5688 0
5689 0
5690 0
5691 0
5692 0
5693 0
5694 0
5695 0
5696 0
5697 0
5698 1
5699 0
5700 0
5701 0
5702 1
5703 0
5704 1
5705 2
5706 0
5707 0
5708 0
5709 0
5710 0
5711 0
5712 0
5713 0
5714 2
5715 0
5716 1
5717 0
5718 1
5719 0
5720 1
5721 0
5722 0
5723 1
5724 1
5725 1
5726 1
5727 0
5728 1
5729 0
5730 1
5731 0
5732 2
5733 1
5734 0
5735 0
5736 2
5737 0
5738 1
5739 0
5740 1
5741 0
5742 0
5743 0
5744 1
5745 0
5746 1
5747 0
5748 0
5749 0
5750 0
5751 0
5752 0
5753 2
5754 1
5755 0
5756 0
5757 0
5758 1
5759 2
5760 0
5761 0
5762 3
5763 0
5764 3
5765 1
5766 0
5767 0
5768 0
5769 0
5770 1
5771 0
5772 1
5773 1
5774 0
5775 0
5776 0
5777 1
5778 0
5779 0
5780 0
5781 1
5782 1
5783 0
5784 0
5785 0
5786 1
5787 0
5788 1
5789 0
5790 0
5791 0
5792 0
5793 0
5794 0
5795 0
5796 0
5797 1
5798 1
5799 1
5800 0
5801 0
5802 0
5803 0
5804 0
5805 1
5806 0
5807 1
5808 0
5809 0
5810 2
5811 0
5812 0
5813 1
5814 1
5815 1
5816 0
5817 0
5818 1
5819 1
5820 3
5821 0
5822 0
5823 2
5824 0
5825 0
5826 0
5827 0
5828 0
5829 0
5830 0
5831 0
5832 0
5833 1
5834 0
5835 3
5836 0
5837 1
5838 1
5839 1
5840 0
5841 1
5842 0
5843 1
5844 0
5845 0
5846 1
5847 0
5848 0
5849 0
5850 0
5851 1
5852 0
5853 0
5854 2
5855 0
5856 0
5857 2
5858 0
5859 1
5860 0
5861 1
5862 0
5863 0
5864 1
5865 0
5866 1
5867 0
5868 2
5869 2
5870 1
5871 0
5872 0
5873 1
5874 0
5875 0
5876 0
5877 0
5878 1
5879 0
5880 1
5881 0
5882 0
5883 1
5884 0
5885 3
5886 1
5887 0
5888 0
5889 0
5890 1
5891 2
5892 0
5893 1
5894 2
5895 0
5896 1
5897 0
5898 0
5899 1
5900 1
5901 0
5902 1
5903 0
5904 0
5905 0
5906 0
5907 1
5908 1
5909 0
5910 0
5911 0
5912 0
5913 0
5914 0
5915 0
5916 2
5917 1
5918 1
5919 0
5920 0
5921 0
5922 1
5923 0
5924 0
5925 1
5926 1
5927 2
5928 0
5929 1
5930 1
5931 1
5932 0
5933 0
5934 0
5935 0
5936 0
5937 0
5938 1
5939 1
5940 1
5941 2
5942 1
5943 1
5944 1
5945 2
5946 1
5947 1
5948 1
5949 0
5950 0
5951 0
5952 1
5953 0
5954 1
5955 0
5956 2
5957 1
5958 0
5959 1
5960 0
5961 0
5962 1
5963 0
5964 0
5965 0
5966 0
5967 0
5968 0
5969 0
5970 1
5971 0
5972 1
5973 0
5974 0
5975 0
5976 0
5977 1
5978 0
5979 0
5980 0
5981 0
5982 0
5983 1
5984 1
5985 0
5986 0
5987 0
5988 0
5989 0
5990 0
5991 1
5992 0
5993 0
5994 1
5995 0
5996 0
5997 0
5998 0
5999 0
6000 0
6001 1
6002 1
6003 2
6004 2
6005 0
6006 1
6007 0
6008 1
6009 0
6010 0
6011 0
6012 0
6013 0
6014 0
6015 0
6016 0
6017 1
6018 2
6019 0
6020 0
6021 1
6022 1
6023 2
6024 2
6025 0
6026 0
6027 1
6028 0
6029 1
6030 1
6031 1
6032 0
6033 2
6034 1
6035 2
6036 1
6037 0
6038 0
6039 0
6040 1
6041 1
6042 2
6043 1
6044 1
6045 0
6046 2
6047 1
6048 0
6049 0
6050 0
6051 0
6052 0
6053 0
6054 1
6055 0
6056 0
6057 0
6058 0
6059 1
6060 0
6061 0
6062 0
6063 2
6064 0
6065 2
6066 1
6067 3
6068 0
6069 0
6070 1
6071 1
6072 0
6073 0
6074 1
6075 3
6076 1
6077 0
6078 2
6079 0
6080 0
6081 1
6082 1
6083 0
6084 0
6085 0
6086 0
6087 0
6088 0
6089 0
6090 2
6091 0
6092 0
6093 1
6094 2
6095 0
6096 1
6097 2
6098 1
6099 1
6100 0
6101 1
6102 0
6103 0
6104 0
6105 1
6106 1
6107 0
6108 0
6109 0
6110 0
6111 0
6112 0
6113 0
6114 1
6115 1
6116 0
6117 0
6118 0
6119 0
6120 0
6121 1
6122 1
6123 1
6124 0
6125 0
6126 1
6127 0
6128 1
6129 0
6130 0
6131 2
6132 0
6133 1
6134 0
6135 1
6136 0
6137 0
6138 0
6139 0
6140 1
6141 0
6142 0
6143 0
6144 1
6145 0
6146 1
6147 0
6148 0
6149 0
6150 0
6151 0
6152 0
6153 1
6154 0
6155 0
6156 0
6157 0
6158 0
6159 2
6160 0
6161 0
6162 2
6163 2
6164 0
6165 0
6166 0
6167 0
6168 3
6169 0
6170 1
6171 0
6172 0
6173 1
6174 0
6175 0
6176 0
6177 1
6178 0
6179 1
6180 0
6181 0
6182 1
6183 0
6184 2
6185 0
6186 0
6187 1
6188 1
6189 2
6190 0
6191 0
6192 0
6193 0
6194 1
6195 0
6196 0
6197 0
6198 1
6199 1
6200 2
6201 0
6202 1
6203 0
6204 1
6205 0
6206 0
6207 1
6208 2
6209 1
6210 0
6211 3
6212 1
6213 1
6214 2
6215 2
6216 0
6217 0
6218 0
6219 0
6220 1
6221 1
6222 1
6223 0
6224 1
6225 0
6226 2
6227 0
6228 2
6229 1
6230 0
6231 0
6232 0
6233 0
6234 0
6235 0
6236 1
6237 0
6238 0
6239 0
6240 0
6241 0
6242 0
6243 0
6244 0
6245 2
6246 0
6247 0
6248 1
6249 0
6250 0
6251 1
6252 0
6253 0
6254 0
6255 1
6256 2
6257 0
6258 1
6259 0
6260 1
6261 0
6262 1
6263 0
6264 1
6265 0
6266 1
6267 1
6268 1
6269 1
6270 0
6271 1
6272 0
6273 1
6274 2
6275 1
6276 0
6277 0
6278 0
6279 0
6280 0
6281 1
6282 1
6283 1
6284 1
6285 1
6286 0
6287 1
6288 0
6289 0
6290 0
6291 1
6292 0
6293 0
6294 0
6295 1
6296 1
6297 2
6298 1
6299 0
6300 1
6301 1
6302 1
6303 0
6304 0
6305 1
6306 1
6307 1
6308 0
6309 0
6310 0
6311 0
6312 0
6313 0
6314 1
6315 1
6316 0
6317 0
6318 0
6319 0
6320 2
6321 1
6322 0
6323 1
6324 1
6325 0
6326 0
6327 2
6328 0
6329 0
6330 0
6331 0
6332 1
6333 2
6334 0
6335 1
6336 1
6337 1
6338 0
6339 0
6340 0
6341 0
6342 1
6343 0
6344 0
6345 0
6346 0
6347 0
6348 0
6349 0
6350 1
6351 0
6352 1
6353 1
6354 0
6355 1
6356 1
6357 1
6358 2
6359 2
6360 0
6361 0
6362 0
6363 2
6364 2
6365 0
6366 0
6367 0
6368 0
6369 0
6370 1
6371 0
6372 0
6373 1
6374 0
6375 0
6376 0
6377 0
6378 0
6379 1
6380 0
6381 0
6382 1
6383 1
6384 0
6385 2
6386 1
6387 0
6388 0
6389 0
6390 0
6391 0
6392 3
6393 0
6394 0
6395 0
6396 0
6397 0
6398 0
6399 3
6400 0
6401 0
6402 0
6403 1
6404 0
6405 0
6406 2
6407 0
6408 0
6409 0
6410 1
6411 0
6412 0
6413 0
6414 1
6415 0
6416 0
6417 1
6418 1
6419 1
6420 1
6421 2
6422 0
6423 1
6424 0
6425 0
6426 0
6427 1
6428 1
6429 0
6430 0
6431 2
6432 0
6433 0
6434 0
6435 1
6436 1
6437 0
6438 1
6439 0
6440 0
6441 1
6442 0
6443 1
6444 3
6445 0
6446 0
6447 1
6448 0
6449 1
6450 0
6451 2
6452 0
6453 0
6454 0
6455 1
6456 0
6457 0
6458 0
6459 0
6460 0
6461 0
6462 1
6463 0
6464 1
6465 0
6466 0
6467 0
6468 0
6469 0
6470 1
6471 1
6472 0
6473 1
6474 0
6475 3
6476 1
6477 0
6478 0
6479 0
6480 2
6481 0
6482 0
6483 0
6484 0
6485 0
6486 1
6487 1
6488 1
6489 1
6490 0
6491 0
6492 0
6493 2
6494 1
6495 0
6496 0
6497 0
6498 1
6499 1
6500 2
6501 1
6502 2
6503 1
6504 1
6505 1
6506 1
6507 0
6508 0
6509 0
6510 0
6511 3
6512 0
6513 2
6514 0
6515 1
6516 2
6517 0
6518 1
6519 1
6520 0
6521 0
6522 0
6523 1
6524 0
6525 0
6526 1
6527 1
6528 1
6529 2
6530 0
6531 0
6532 0
6533 1
6534 1
6535 0
6536 0
6537 0
6538 1
6539 1
6540 2
6541 1
6542 1
6543 0
6544 0
6545 1
6546 0
6547 0
6548 0
6549 0
6550 1
6551 0
6552 1
6553 1
6554 1
6555 0
6556 0
6557 0
6558 1
6559 0
6560 1
6561 1
6562 2
6563 1
6564 0
6565 1
6566 0
6567 1
6568 0
6569 0
6570 0
6571 1
6572 0
6573 0
6574 0
6575 0
6576 0
6577 0
6578 2
6579 1
6580 0
6581 2
6582 1
6583 0
6584 0
6585 1
6586 1
6587 0
6588 1
6589 2
6590 1
6591 0
6592 0
6593 0
6594 1
6595 0
6596 0
6597 1
6598 0
6599 1
6600 0
6601 2
6602 1
6603 0
6604 1
6605 0
6606 1
6607 0
6608 2
6609 0
6610 0
6611 0
6612 0
6613 1
6614 0
6615 0
6616 0
6617 0
6618 3
6619 0
6620 0
6621 1
6622 0
6623 0
6624 0
6625 0
6626 0
6627 0
6628 0
6629 0
6630 0
6631 0
6632 0
6633 1
6634 0
6635 0
6636 1
6637 2
6638 0
6639 0
6640 0
6641 1
6642 1
6643 0
6644 1
6645 0
6646 0
6647 4
6648 2
6649 0
6650 1
6651 0
6652 1
6653 0
6654 1
6655 0
6656 0
6657 1
6658 0
6659 0
6660 0
6661 1
6662 1
6663 0
6664 0
6665 0
6666 0
6667 0
6668 0
6669 0
6670 0
6671 2
6672 0
6673 1
6674 0
6675 0
6676 0
6677 0
6678 0
6679 0
6680 0
6681 0
6682 0
6683 0
6684 0
6685 1
6686 1
6687 0
6688 0
6689 1
6690 1
6691 3
6692 1
6693 0
6694 0
6695 0
6696 2
6697 2
6698 1
6699 1
6700 1
6701 3
6702 0
6703 0
6704 0
6705 2
6706 2
6707 0
6708 0
6709 1
6710 0
6711 0
6712 0
6713 0
6714 0
6715 0
6716 0
6717 2
6718 1
6719 0
6720 0
6721 0
6722 1
6723 0
6724 0
6725 2
6726 0
6727 0
6728 1
6729 0
6730 0
6731 1
6732 1
6733 2
6734 1
6735 2
6736 0
6737 1
6738 2
6739 0
6740 0
6741 0
6742 0
6743 1
6744 1
6745 0
6746 0
6747 1
6748 1
6749 1
6750 0
6751 0
6752 2
6753 1
6754 0
6755 1
6756 0
6757 1
6758 0
6759 1
6760 0
6761 0
6762 0
6763 0
6764 1
6765 0
6766 1
6767 0
6768 2
6769 1
6770 0
6771 2
6772 1
6773 0
6774 0
6775 1
6776 1
6777 0
6778 0
6779 0
6780 3
6781 0
6782 1
6783 1
6784 1
6785 1
6786 1
6787 1
6788 0
6789 0
6790 0
6791 1
6792 0
6793 0
6794 2
6795 1
6796 1
6797 1
6798 0
6799 0
6800 0
6801 0
6802 0
6803 2
6804 0
6805 0
6806 2
6807 0
6808 0
6809 0
6810 1
6811 1
6812 0
6813 0
6814 0
6815 0
6816 0
6817 0
6818 0
6819 0
6820 0
6821 0
6822 2
6823 0
6824 0
6825 1
6826 0
6827 1
6828 0
6829 0
6830 0
6831 0
6832 1
6833 0
6834 2
6835 1
6836 0
6837 0
6838 0
6839 0
6840 1
6841 1
6842 1
6843 1
6844 1
6845 0
6846 1
6847 1
6848 0
6849 0
6850 3
6851 0
6852 0
6853 0
6854 1
6855 0
6856 0
6857 1
6858 3
6859 0
6860 2
6861 0
6862 0
6863 0
6864 0
6865 0
6866 1
6867 1
6868 0
6869 0
6870 1
6871 0
6872 1
6873 1
6874 0
6875 1
6876 0
6877 2
6878 1
6879 2
6880 0
6881 0
6882 1
6883 0
6884 1
6885 0
6886 1
6887 2
6888 0
6889 0
6890 1
6891 1
6892 0
6893 1
6894 0
6895 1
6896 0
6897 1
6898 1
6899 0
6900 0
6901 1
6902 0
6903 0
6904 0
6905 3
6906 2
6907 1
6908 0
6909 0
6910 0
6911 1
6912 0
6913 0
6914 0
6915 0
6916 0
6917 0
6918 0
6919 0
6920 1
6921 1
6922 0
6923 2
6924 1
6925 1
6926 0
6927 1
6928 1
6929 2
6930 0
6931 0
6932 0
6933 2
6934 1
6935 0
6936 0
6937 1
6938 0
6939 0
6940 0
6941 0
6942 1
6943 0
6944 0
6945 1
6946 0
6947 2
6948 1
6949 0
6950 2
6951 0
6952 1
6953 1
6954 1
6955 1
6956 0
6957 0
6958 0
6959 1
6960 2
6961 0
6962 0
6963 1
6964 1
6965 0
6966 0
6967 0
6968 0
6969 0
6970 1
6971 1
6972 0
6973 0
6974 2
6975 0
6976 0
6977 0
6978 0
6979 2
6980 0
6981 0
6982 0
6983 2
6984 1
6985 0
6986 1
6987 0
6988 0
6989 1
6990 1
6991 0
6992 0
6993 0
6994 0
6995 2
6996 2
6997 0
6998 1
6999 0
7000 1
7001 2
7002 0
7003 0
7004 0
7005 0
7006 0
7007 1
7008 1
7009 0
7010 2
7011 2
7012 1
7013 1
7014 0
7015 0
7016 0
7017 0
7018 1
7019 1
7020 1
7021 1
7022 0
7023 0
7024 1
7025 0
7026 0
7027 0
7028 1
7029 3
7030 0
7031 0
7032 0
7033 0
7034 1
7035 1
7036 1
7037 1
7038 0
7039 0
7040 0
7041 0
7042 1
7043 1
7044 1
7045 0
7046 0
7047 0
7048 1
7049 1
7050 0
7051 0
7052 2
7053 0
7054 0
7055 1
7056 0
7057 0
7058 0
7059 0
7060 0
7061 1
7062 1
7063 0
7064 0
7065 0
7066 0
7067 0
7068 0
7069 0
7070 0
7071 0
7072 1
7073 0
7074 0
7075 0
7076 1
7077 2
7078 0
7079 2
7080 0
7081 0
7082 0
7083 0
7084 0
7085 1
7086 0
7087 0
7088 0
7089 1
7090 1
7091 2
7092 0
7093 0
7094 0
7095 1
7096 0
7097 0
7098 1
7099 1
7100 0
7101 0
7102 1
7103 2
7104 0
7105 1
7106 1
7107 0
7108 3
7109 0
7110 0
7111 0
7112 0
7113 3
7114 0
7115 0
7116 0
7117 1
7118 0
7119 1
7120 1
7121 0
7122 0
7123 0
7124 0
7125 0
7126 0
7127 2
7128 1
7129 0
7130 0
7131 0
7132 0
7133 0
7134 0
7135 1
7136 1
7137 1
7138 1
7139 1
7140 0
7141 2
7142 2
7143 0
7144 0
7145 0
7146 1
7147 1
7148 0
7149 1
7150 0
7151 0
7152 1
7153 0
7154 0
7155 0
7156 2
7157 1
7158 2
7159 0
7160 0
7161 1
7162 0
7163 0
7164 0
7165 0
7166 0
7167 2
7168 0
7169 2
7170 1
7171 0
7172 0
7173 0
7174 0
7175 2
7176 0
7177 0
7178 0
7179 3
7180 0
7181 0
7182 0
7183 0
7184 0
7185 0
7186 1
7187 0
7188 0
7189 0
7190 1
7191 0
7192 0
7193 0
7194 1
7195 0
7196 1
7197 0
7198 0
7199 0
7200 0
7201 2
7202 0
7203 1
7204 0
7205 1
7206 0
7207 1
7208 0
7209 1
7210 0
7211 0
7212 0
7213 0
7214 0
7215 1
7216 1
7217 1
7218 1
7219 0
7220 2
7221 0
7222 0
7223 0
7224 0
7225 0
7226 0
7227 1
7228 0
7229 1
7230 0
7231 1
7232 1
7233 2
7234 1
7235 0
7236 0
7237 0
7238 0
7239 2
7240 1
7241 0
7242 1
7243 0
7244 0
7245 0
7246 1
7247 0
7248 1
7249 0
7250 1
7251 0
7252 1
7253 0
7254 1
7255 1
7256 0
7257 0
7258 0
7259 2
7260 1
7261 2
7262 0
7263 1
7264 1
7265 1
7266 0
7267 0
7268 0
7269 1
7270 0
7271 1
7272 1
7273 0
7274 0
7275 0
7276 0
7277 1
7278 1
7279 1
7280 1
7281 0
7282 0
7283 1
7284 0
7285 0
7286 0
7287 1
7288 0
7289 0
7290 1
7291 3
7292 0
7293 0
7294 0
7295 0
7296 2
7297 0
7298 1
7299 0
7300 1
7301 1
7302 1
7303 2
7304 2
7305 2
7306 1
7307 1
7308 1
7309 1
7310 0
7311 0
7312 0
7313 0
7314 1
7315 1
7316 0
7317 0
7318 0
7319 1
7320 1
7321 1
7322 0
7323 1
7324 0
7325 0
7326 2
7327 1
7328 3
7329 0
7330 0
7331 1
7332 1
7333 1
7334 0
7335 0
7336 0
7337 1
7338 1
7339 0
7340 1
7341 0
7342 0
7343 1
7344 2
7345 0
7346 0
7347 0
7348 0
7349 0
7350 1
7351 1
7352 0
7353 1
7354 1
7355 1
7356 1
7357 0
7358 3
7359 0
7360 0
7361 1
7362 1
7363 1
7364 0
7365 0
7366 1
7367 1
7368 0
7369 1
7370 0
7371 1
7372 0
7373 1
7374 0
7375 0
7376 0
7377 0
7378 0
7379 1
7380 0
7381 1
7382 0
7383 1
7384 1
7385 2
7386 0
7387 0
7388 1
7389 2
7390 0
7391 3
7392 2
7393 0
7394 0
7395 1
7396 0
7397 0
7398 1
7399 2
7400 1
7401 1
7402 0
7403 0
7404 0
7405 0
7406 0
7407 1
7408 1
7409 0
7410 2
7411 0
7412 0
7413 2
7414 1
7415 0
7416 0
7417 0
7418 0
7419 0
7420 0
7421 2
7422 0
7423 2
7424 1
7425 1
7426 0
7427 0
7428 0
7429 0
7430 0
7431 1
7432 0
7433 2
7434 0
7435 0
7436 2
7437 3
7438 0
7439 0
7440 1
7441 1
7442 2
7443 0
7444 0
7445 0
7446 1
7447 0
7448 1
7449 0
7450 0
7451 1
7452 1
7453 0
7454 0
7455 0
7456 2
7457 1
7458 2
7459 0
7460 0
7461 2
7462 0
7463 0
7464 2
7465 0
7466 1
7467 0
7468 1
7469 0
7470 0
7471 0
7472 0
7473 0
7474 0
7475 0
7476 1
7477 0
7478 1
7479 1
7480 1
7481 1
7482 0
7483 2
7484 0
7485 0
7486 1
7487 0
7488 1
7489 1
7490 0
7491 0
7492 2
7493 2
7494 1
7495 1
7496 0
7497 0
7498 1
7499 2
7500 3
7501 2
7502 0
7503 0
7504 1
7505 0
7506 1
7507 1
7508 0
7509 1
7510 0
7511 1
7512 0
7513 0
7514 1
7515 0
7516 2
7517 0
7518 1
7519 1
7520 0
7521 0
7522 0
7523 0
7524 1
7525 0
7526 0
7527 0
7528 0
7529 1
7530 1
7531 0
7532 0
7533 0
7534 0
7535 2
7536 1
7537 0
7538 1
7539 0
7540 0
7541 0
7542 0
7543 1
7544 0
7545 0
7546 0
7547 0
7548 2
7549 0
7550 1
7551 0
7552 0
7553 1
7554 0
7555 0
7556 0
7557 1
7558 1
7559 1
7560 0
7561 1
7562 2
7563 0
7564 0
7565 0
7566 0
7567 0
7568 3
7569 0
7570 1
7571 0
7572 0
7573 0
7574 0
7575 0
7576 0
7577 0
7578 1
7579 0
7580 1
7581 0
7582 0
7583 1
7584 0
7585 0
7586 0
7587 2
7588 0
7589 1
7590 0
7591 2
7592 1
7593 0
7594 0
7595 1
7596 1
7597 0
7598 0
7599 0
7600 1
7601 1
7602 0
7603 2
7604 2
7605 1
7606 0
7607 1
7608 1
7609 1
7610 0
7611 0
7612 1
7613 1
7614 1
7615 0
7616 0
7617 1
7618 0
7619 1
7620 0
7621 1
7622 1
7623 0
7624 0
7625 0
7626 0
7627 0
7628 2
7629 0
7630 0
7631 0
7632 0
7633 0
7634 0
7635 1
7636 1
7637 0
7638 1
7639 1
7640 1
7641 0
7642 0
7643 0
7644 0
7645 0
7646 0
7647 1
7648 1
7649 0
7650 0
7651 0
7652 2
7653 1
7654 0
7655 0
7656 0
7657 0
7658 1
7659 0
7660 1
7661 1
7662 2
7663 0
7664 0
7665 0
7666 1
7667 1
7668 0
7669 1
7670 0
7671 0
7672 1
7673 0
7674 1
7675 2
7676 1
7677 1
7678 1
7679 1
7680 1
7681 1
7682 0
7683 2
7684 0
7685 1
7686 0
7687 1
7688 1
7689 1
7690 2
7691 0
7692 2
7693 1
7694 1
7695 1
7696 1
7697 0
7698 2
7699 0
7700 0
7701 0
7702 1
7703 0
7704 0
7705 1
7706 1
7707 0
7708 0
7709 0
7710 0
7711 1
7712 3
7713 2
7714 0
7715 0
7716 1
7717 1
7718 0
7719 1
7720 0
7721 0
7722 1
7723 1
7724 0
7725 2
7726 0
7727 1
7728 1
7729 0
7730 0
7731 1
7732 1
7733 0
7734 0
7735 0
7736 1
7737 1
7738 1
7739 1
7740 0
7741 0
7742 1
7743 2
7744 1
7745 0
7746 1
7747 1
7748 0
7749 0
7750 1
7751 0
7752 0
7753 1
7754 0
7755 0
7756 0
7757 0
7758 1
7759 0
7760 0
7761 0
7762 0
7763 1
7764 0
7765 2
7766 1
7767 0
7768 0
7769 0
7770 1
7771 1
7772 1
7773 2
7774 1
7775 2
7776 0
7777 0
7778 1
7779 0
7780 0
7781 1
7782 1
7783 1
7784 2
7785 1
7786 1
7787 0
7788 2
7789 0
7790 0
7791 1
7792 0
7793 0
7794 2
7795 2
7796 0
7797 0
7798 0
7799 0
7800 1
7801 1
7802 0
7803 0
7804 0
7805 0
7806 0
7807 0
7808 0
7809 0
7810 0
7811 0
7812 0
7813 0
7814 1
7815 0
7816 1
7817 0
7818 0
7819 1
7820 0
7821 1
7822 0
7823 0
7824 0
7825 0
7826 0
7827 0
7828 1
7829 0
7830 0
7831 0
7832 0
7833 0
7834 0
7835 1
7836 1
7837 0
7838 1
7839 0
7840 1
7841 3
7842 0
7843 2
7844 0
7845 2
7846 0
7847 2
7848 1
7849 1
7850 3
7851 0
7852 0
7853 1
7854 1
7855 0
7856 0
7857 1
7858 0
7859 1
7860 1
7861 0
7862 2
7863 1
7864 0
7865 1
7866 0
7867 0
7868 0
7869 0
7870 0
7871 1
7872 1
7873 0
7874 1
7875 0
7876 1
7877 2
7878 0
7879 0
7880 0
7881 0
7882 0
7883 0
7884 0
7885 0
7886 0
7887 1
7888 0
7889 0
7890 1
7891 1
7892 1
7893 0
7894 2
7895 1
7896 1
7897 0
7898 1
7899 1
7900 2
7901 1
7902 2
7903 1
7904 1
7905 1
7906 0
7907 2
7908 1
7909 3
7910 2
7911 0
7912 0
7913 2
7914 0
7915 1
7916 1
7917 0
7918 1
7919 1
7920 0
7921 1
7922 1
7923 0
7924 0
7925 0
7926 0
7927 0
7928 1
7929 0
7930 1
7931 1
7932 1
7933 0
7934 1
7935 0
7936 1
7937 1
7938 0
7939 0
7940 2
7941 0
7942 1
7943 1
7944 0
7945 0
7946 0
7947 1
7948 0
7949 0
7950 0
7951 1
7952 1
7953 0
7954 0
7955 1
7956 0
7957 0
7958 0
7959 0
7960 0
7961 0
7962 0
7963 0
7964 0
7965 0
7966 0
7967 0
7968 2
7969 0
7970 0
7971 0
7972 0
7973 0
7974 0
7975 0
7976 0
7977 1
7978 0
7979 2
7980 2
7981 1
7982 0
7983 0
7984 2
7985 0
7986 0
7987 0
7988 1
7989 2
7990 1
7991 0
7992 0
7993 3
7994 0
7995 0
7996 2
7997 1
7998 0
7999 1
8000 0
8001 0
8002 2
8003 1
8004 0
8005 1
8006 1
8007 1
8008 1
8009 1
8010 0
8011 2
8012 0
8013 0
8014 1
8015 3
8016 1
8017 0
8018 0
8019 0
8020 1
8021 0
8022 0
8023 1
8024 0
8025 1
8026 1
8027 2
8028 1
8029 1
8030 0
8031 0
8032 1
8033 1
8034 0
8035 0
8036 1
8037 1
8038 1
8039 0
8040 1
8041 0
8042 1
8043 0
8044 0
8045 3
8046 0
8047 1
8048 0
8049 0
8050 1
8051 0
8052 0
8053 0
8054 0
8055 1
8056 1
8057 1
8058 0
8059 0
8060 1
8061 0
8062 1
8063 0
8064 1
8065 0
8066 0
8067 1
8068 0
8069 0
8070 2
8071 2
8072 2
8073 0
8074 1
8075 0
8076 1
8077 0
8078 1
8079 3
8080 1
8081 0
8082 1
8083 1
8084 0
8085 0
8086 1
8087 0
8088 0
8089 1
8090 0
8091 1
8092 1
8093 0
8094 1
8095 3
8096 0
8097 0
8098 0
8099 0
8100 0
8101 0
8102 1
8103 1
8104 0
8105 0
8106 0
8107 2
8108 1
8109 0
8110 2
8111 0
8112 3
8113 0
8114 0
8115 0
8116 0
8117 0
8118 0
8119 1
8120 0
8121 1
8122 2
8123 0
8124 1
8125 0
8126 0
8127 1
8128 0
8129 0
8130 1
8131 2
8132 0
8133 1
8134 2
8135 0
8136 1
8137 1
8138 0
8139 0
8140 0
8141 0
8142 0
8143 0
8144 0
8145 0
8146 1
8147 1
8148 0
8149 1
8150 0
8151 1
8152 1
8153 1
8154 1
8155 0
8156 0
8157 1
8158 2
8159 0
8160 0
8161 0
8162 1
8163 0
8164 0
8165 4
8166 2
8167 0
8168 2
8169 0
8170 1
8171 0
8172 1
8173 1
8174 2
8175 1
8176 2
8177 0
8178 0
8179 2
8180 0
8181 0
8182 0
8183 0
8184 0
8185 1
8186 0
8187 1
8188 0
8189 0
8190 0
8191 0
8192 1
8193 2
8194 0
8195 0
8196 2
8197 1
8198 0
8199 1
8200 0
8201 0
8202 1
8203 1
8204 0
8205 0
8206 0
8207 1
8208 2
8209 1
8210 0
8211 1
8212 3
8213 0
8214 0
8215 1
8216 1
8217 0
8218 2
8219 1
8220 0
8221 0
8222 1
8223 1
8224 1
8225 1
8226 0
8227 0
8228 0
8229 2
8230 1
8231 1
8232 0
8233 0
8234 1
8235 0
8236 1
8237 0
8238 1
8239 0
8240 1
8241 3
8242 0
8243 0
8244 0
8245 0
8246 1
8247 0
8248 0
8249 2
8250 1
8251 0
8252 0
8253 2
8254 0
8255 1
8256 1
8257 1
8258 0
8259 0
8260 1
8261 0
8262 0
8263 0
8264 1
8265 0
8266 0
8267 0
8268 1
8269 0
8270 0
8271 1
8272 0
8273 1
8274 1
8275 0
8276 1
8277 0
8278 1
8279 0
8280 0
8281 0
8282 1
8283 0
8284 1
8285 1
8286 2
8287 0
8288 0
8289 0
8290 2
8291 0
8292 2
8293 0
8294 2
8295 1
8296 0
8297 0
8298 2
8299 0
8300 0
8301 0
8302 2
8303 1
8304 1
8305 0
8306 0
8307 1
8308 0
8309 1
8310 1
8311 1
8312 1
8313 2
8314 0
8315 0
8316 1
8317 0
8318 1
8319 0
8320 0
8321 0
8322 0
8323 0
8324 0
8325 1
8326 1
8327 1
8328 1
8329 0
8330 1
8331 0
8332 1
8333 0
8334 0
8335 0
8336 1
8337 0
8338 0
8339 1
8340 0
8341 1
8342 0
8343 0
8344 1
8345 0
8346 0
8347 0
8348 0
8349 0
8350 0
8351 0
8352 1
8353 0
8354 2
8355 1
8356 0
8357 1
8358 0
8359 2
8360 0
8361 0
8362 1
8363 0
8364 1
8365 1
8366 0
8367 0
8368 0
8369 0
8370 0
8371 1
8372 1
8373 2
8374 2
8375 1
8376 0
8377 1
8378 0
8379 1
8380 0
8381 0
8382 0
8383 2
8384 0
8385 0
8386 1
8387 2
8388 0
8389 0
8390 0
8391 1
8392 0
8393 1
8394 0
8395 0
8396 1
8397 1
8398 2
8399 1
8400 0
8401 1
8402 0
8403 0
8404 1
8405 2
8406 2
8407 0
8408 1
8409 0
8410 2
8411 1
8412 1
8413 0
8414 1
8415 0
8416 2
8417 1
8418 0
8419 1
8420 0
8421 0
8422 0
8423 0
8424 0
8425 1
8426 0
8427 1
8428 0
8429 1
8430 1
8431 0
8432 0
8433 0
8434 2
8435 0
8436 1
8437 1
8438 0
8439 0
8440 2
8441 0
8442 1
8443 0
8444 0
8445 0
8446 0
8447 1
8448 1
8449 1
8450 1
8451 0
8452 0
8453 1
8454 0
8455 0
8456 0
8457 1
8458 1
8459 0
8460 1
8461 1
8462 0
8463 1
8464 1
8465 0
8466 0
8467 0
8468 1
8469 1
8470 0
8471 0
8472 0
8473 0
8474 1
8475 1
8476 0
8477 2
8478 1
8479 1
8480 0
8481 0
8482 2
8483 1
8484 0
8485 1
8486 0
8487 0
8488 0
8489 0
8490 0
8491 0
8492 1
8493 0
8494 0
8495 0
8496 0
8497 0
8498 1
8499 1
8500 1
8501 1
8502 1
8503 0
8504 0
8505 0
8506 0
8507 2
8508 1
8509 0
8510 0
8511 0
8512 2
8513 1
8514 0
8515 0
8516 1
8517 2
8518 0
8519 0
8520 0
8521 0
8522 0
8523 1
8524 0
8525 1
8526 0
8527 1
8528 1
8529 0
8530 0
8531 2
8532 1
8533 0
8534 0
8535 1
8536 0
8537 0
8538 1
8539 0
8540 2
8541 2
8542 0
8543 0
8544 0
8545 0
8546 2
8547 1
8548 0
8549 0
8550 0
8551 1
8552 1
8553 2
8554 1
8555 1
8556 1
8557 0
8558 1
8559 1
8560 0
8561 2
8562 2
8563 0
8564 0
8565 1
8566 0
8567 0
8568 1
8569 0
8570 0
8571 0
8572 0
8573 1
8574 0
8575 1
8576 0
8577 0
8578 0
8579 0
8580 1
8581 0
8582 1
8583 0
8584 1
8585 2
8586 1
8587 2
8588 0
8589 0
8590 0
8591 1
8592 0
8593 0
8594 0
8595 1
8596 0
8597 0
8598 1
8599 2
8600 1
8601 1
8602 1
8603 0
8604 0
8605 1
8606 0
8607 0
8608 1
8609 0
8610 1
8611 1
8612 0
8613 2
8614 0
8615 1
8616 0
8617 1
8618 0
8619 0
8620 1
8621 0
8622 2
8623 1
8624 2
8625 1
8626 0
8627 0
8628 2
8629 1
8630 0
8631 0
8632 0
8633 1
8634 0
8635 1
8636 0
8637 0
8638 1
8639 0
8640 1
8641 1
8642 2
8643 0
8644 0
8645 0
8646 1
8647 0
8648 0
8649 0
8650 1
8651 1
8652 1
8653 1
8654 1
8655 1
8656 1
8657 1
8658 0
8659 0
8660 1
8661 1
8662 1
8663 0
8664 0
8665 0
8666 0
8667 0
8668 0
8669 1
8670 0
8671 0
8672 0
8673 1
8674 0
8675 0
8676 0
8677 1
8678 0
8679 1
8680 0
8681 0
8682 0
8683 0
8684 2
8685 1
8686 1
8687 0
8688 2
8689 1
8690 0
8691 0
8692 1
8693 0
8694 0
8695 0
8696 0
8697 0
8698 1
8699 0
8700 1
8701 1
8702 0
8703 0
8704 0
8705 0
8706 1
8707 0
8708 1
8709 0
8710 0
8711 0
8712 1
8713 1
8714 0
8715 0
8716 0
8717 0
8718 0
8719 1
8720 1
8721 1
8722 2
8723 0
8724 0
8725 0
8726 2
8727 1
8728 1
8729 0
8730 0
8731 0
8732 0
8733 0
8734 1
8735 1
8736 0
8737 0
8738 1
8739 0
8740 1
8741 0
8742 0
8743 0
8744 0
8745 0
8746 0
8747 0
8748 1
8749 0
8750 0
8751 0
8752 2
8753 0
8754 0
8755 1
8756 0
8757 0
8758 0
8759 2
8760 2
8761 0
8762 1
8763 2
8764 0
8765 1
8766 2
8767 0
8768 0
8769 2
8770 0
8771 0
8772 0
8773 0
8774 0
8775 0
8776 0
8777 0
8778 0
8779 1
8780 0
8781 2
8782 0
8783 0
8784 0
8785 1
8786 0
8787 1
8788 0
8789 0
8790 2
8791 2
8792 1
8793 0
8794 0
8795 0
8796 1
8797 0
8798 1
8799 0
8800 1
8801 2
8802 0
8803 0
8804 1
8805 1
8806 0
8807 0
8808 1
8809 1
8810 1
8811 1
8812 1
8813 2
8814 0
8815 0
8816 0
8817 0
8818 0
8819 1
8820 1
8821 0
8822 0
8823 0
8824 0
8825 0
8826 0
8827 1
8828 1
8829 0
8830 1
8831 0
8832 1
8833 1
8834 0
8835 0
8836 1
8837 0
8838 0
8839 0
8840 1
8841 1
8842 0
8843 0
8844 0
8845 0
8846 1
8847 0
8848 0
8849 0
8850 0
8851 0
8852 0
8853 1
8854 1
8855 1
8856 1
8857 0
8858 1
8859 0
8860 0
8861 1
8862 1
8863 2
8864 1
8865 1
8866 0
8867 0
8868 0
8869 0
8870 1
8871 1
8872 1
8873 2
8874 0
8875 1
8876 1
8877 0
8878 0
8879 0
8880 0
8881 0
8882 0
8883 0
8884 0
8885 0
8886 1
8887 0
8888 1
8889 1
8890 0
8891 0
8892 0
8893 1
8894 3
8895 1
8896 1
8897 1
8898 1
8899 1
8900 1
8901 2
8902 0
8903 0
8904 0
8905 0
8906 2
8907 0
8908 0
8909 1
8910 0
8911 0
8912 1
8913 1
8914 0
8915 2
8916 0
8917 1
8918 0
8919 0
8920 1
8921 0
8922 2
8923 0
8924 0
8925 2
8926 1
8927 0
8928 1
8929 1
8930 0
8931 1
8932 0
8933 0
8934 0
8935 1
8936 0
8937 0
8938 0
8939 1
8940 0
8941 0
8942 2
8943 1
8944 1
8945 2
8946 0
8947 0
8948 1
8949 1
8950 0
8951 0
8952 0
8953 2
8954 0
8955 1
8956 1
8957 2
8958 0
8959 0
8960 1
8961 0
8962 2
8963 2
8964 1
8965 0
8966 2
8967 0
8968 1
8969 0
8970 0
8971 0
8972 1
8973 2
8974 0
8975 2
8976 0
8977 1
8978 1
8979 1
8980 0
8981 1
8982 1
8983 1
8984 0
8985 1
8986 0
8987 2
8988 0
8989 0
8990 0
8991 2
8992 2
8993 0
8994 0
8995 0
8996 0
8997 0
8998 0
8999 0
9000 0
9001 0
9002 0
9003 1
9004 0
9005 0
9006 0
9007 1
9008 0
9009 1
9010 1
9011 0
9012 0
9013 0
9014 2
9015 0
9016 0
9017 0
9018 0
9019 0
9020 0
9021 1
9022 2
9023 0
9024 0
9025 0
9026 1
9027 0
9028 2
9029 0
9030 1
9031 0
9032 0
9033 0
9034 1
9035 1
9036 0
9037 0
9038 1
9039 0
9040 0
9041 1
9042 1
9043 0
9044 2
9045 0
9046 1
9047 1
9048 1
9049 0
9050 0
9051 1
9052 0
9053 1
9054 1
9055 0
9056 0
9057 0
9058 1
9059 1
9060 0
9061 3
9062 1
9063 0
9064 1
9065 0
9066 1
9067 0
9068 0
9069 2
9070 0
9071 0
9072 0
9073 0
9074 0
9075 1
9076 0
9077 1
9078 0
9079 0
9080 2
9081 0
9082 0
9083 0
9084 0
9085 0
9086 2
9087 0
9088 1
9089 1
9090 1
9091 2
9092 1
9093 0
9094 1
9095 0
9096 2
9097 0
9098 1
9099 0
9100 1
9101 0
9102 0
9103 1
9104 0
9105 4
9106 1
9107 1
9108 1
9109 0
9110 1
9111 1
9112 0
9113 0
9114 0
9115 2
9116 0
9117 0
9118 1
9119 1
9120 1
9121 1
9122 0
9123 0
9124 0
9125 1
9126 0
9127 1
9128 0
9129 0
9130 0
9131 1
9132 0
9133 0
9134 2
9135 0
9136 1
9137 2
9138 0
9139 1
9140 1
9141 2
9142 1
9143 2
9144 0
9145 0
9146 0
9147 1
9148 0
9149 0
9150 1
9151 1
9152 0
9153 0
9154 0
9155 0
9156 1
9157 0
9158 0
9159 1
9160 1
9161 0
9162 1
9163 0
9164 0
9165 1
9166 0
9167 0
9168 1
9169 1
9170 0
9171 0
9172 0
9173 1
9174 0
9175 0
9176 0
9177 0
9178 0
9179 1
9180 1
9181 0
9182 0
9183 0
9184 0
9185 0
9186 0
9187 0
9188 1
9189 0
9190 0
9191 0
9192 0
9193 1
9194 1
9195 0
9196 1
9197 1
9198 0
9199 0
9200 0
9201 0
9202 0
9203 1
9204 0
9205 0
9206 0
9207 0
9208 0
9209 1
9210 0
9211 0
9212 0
9213 1
9214 0
9215 1
9216 0
9217 0
9218 0
9219 0
9220 1
9221 0
9222 0
9223 1
9224 2
9225 0
9226 2
9227 0
9228 0
9229 2
9230 0
9231 0
9232 0
9233 0
9234 0
9235 0
9236 1
9237 0
9238 0
9239 0
9240 1
9241 0
9242 0
9243 0
9244 1
9245 4
9246 1
9247 1
9248 1
9249 1
9250 1
9251 0
9252 0
9253 0
9254 0
9255 0
9256 0
9257 1
9258 0
9259 2
9260 0
9261 0
9262 0
9263 0
9264 1
9265 1
9266 1
9267 1
9268 0
9269 4
9270 1
9271 0
9272 0
9273 1
9274 0
9275 1
9276 1
9277 1
9278 0
9279 2
9280 0
9281 0
9282 0
9283 1
9284 0
9285 0
9286 0
9287 0
9288 0
9289 0
9290 0
9291 1
9292 1
9293 0
9294 0
9295 0
9296 0
9297 2
9298 0
9299 0
9300 0
9301 0
9302 1
9303 0
9304 0
9305 1
9306 0
9307 0
9308 0
9309 3
9310 0
9311 1
9312 2
9313 1
9314 0
9315 0
9316 3
9317 1
9318 2
9319 1
9320 1
9321 0
9322 1
9323 0
9324 0
9325 2
9326 0
9327 0
9328 1
9329 0
9330 2
9331 0
9332 2
9333 0
9334 0
9335 0
9336 0
9337 0
9338 0
9339 1
9340 0
9341 0
9342 2
9343 0
9344 0
9345 0
9346 2
9347 0
9348 0
9349 0
9350 2
9351 2
9352 2
9353 0
9354 1
9355 0
9356 2
9357 0
9358 2
9359 1
9360 0
9361 0
9362 1
9363 0
9364 0
9365 0
9366 1
9367 0
9368 0
9369 1
9370 0
9371 0
9372 3
9373 0
9374 0
9375 0
9376 0
9377 0
9378 0
9379 1
9380 1
9381 2
9382 0
9383 1
9384 1
9385 1
9386 0
9387 1
9388 1
9389 0
9390 1
9391 0
9392 0
9393 0
9394 0
9395 0
9396 0
9397 0
9398 0
9399 1
9400 1
9401 0
9402 3
9403 0
9404 0
9405 1
9406 1
9407 2
9408 0
9409 0
9410 0
9411 0
9412 0
9413 0
9414 0
9415 1
9416 3
9417 1
9418 0
9419 1
9420 1
9421 1
9422 1
9423 1
9424 0
9425 1
9426 2
9427 1
9428 2
9429 0
9430 0
9431 0
9432 0
9433 1
9434 0
9435 2
9436 1
9437 0
9438 1
9439 0
9440 0
9441 1
9442 1
9443 0
9444 0
9445 2
9446 0
9447 0
9448 0
9449 1
9450 0
9451 0
9452 1
9453 0
9454 0
9455 0
9456 1
9457 0
9458 1
9459 1
9460 2
9461 0
9462 0
9463 0
9464 2
9465 0
9466 0
9467 0
9468 0
9469 0
9470 3
9471 0
9472 1
9473 0
9474 0
9475 0
9476 0
9477 0
9478 0
9479 0
9480 1
9481 1
9482 1
9483 0
9484 0
9485 1
9486 0
9487 0
9488 1
9489 1
9490 1
9491 1
9492 0
9493 0
9494 0
9495 1
9496 0
9497 0
9498 1
9499 0
9500 1
9501 2
9502 0
9503 3
9504 2
9505 0
9506 0
9507 1
9508 0
9509 2
9510 0
9511 0
9512 1
9513 0
9514 0
9515 0
9516 1
9517 0
9518 0
9519 0
9520 0
9521 0
9522 0
9523 1
9524 1
9525 2
9526 0
9527 0
9528 0
9529 4
9530 1
9531 1
9532 2
9533 1
9534 1
9535 1
9536 0
9537 0
9538 2
9539 0
9540 1
9541 0
9542 0
9543 2
9544 0
9545 1
9546 2
9547 2
9548 0
9549 1
9550 0
9551 0
9552 0
9553 0
9554 0
9555 0
9556 0
9557 0
9558 0
9559 0
9560 0
9561 1
9562 0
9563 1
9564 2
9565 1
9566 1
9567 0
9568 1
9569 1
9570 1
9571 0
9572 0
9573 0
9574 1
9575 0
9576 2
9577 3
9578 1
9579 0
9580 1
9581 0
9582 0
9583 0
9584 1
9585 1
9586 1
9587 0
9588 1
9589 0
9590 1
9591 3
9592 1
9593 1
9594 3
9595 0
9596 1
9597 0
9598 0
9599 0
9600 0
9601 0
9602 2
9603 2
9604 0
9605 0
9606 1
9607 0
9608 0
9609 2
9610 1
9611 2
9612 0
9613 0
9614 0
9615 0
9616 1
9617 1
9618 0
9619 0
9620 0
9621 1
9622 0
9623 0
9624 1
9625 0
9626 0
9627 1
9628 1
9629 0
9630 1
9631 0
9632 1
9633 1
9634 2
9635 0
9636 0
9637 1
9638 0
9639 2
9640 1
9641 1
9642 1
9643 2
9644 1
9645 1
9646 0
9647 1
9648 2
9649 0
9650 1
9651 0
9652 0
9653 0
9654 0
9655 0
9656 1
9657 1
9658 0
9659 0
9660 2
9661 0
9662 2
9663 0
9664 0
9665 2
9666 1
9667 1
9668 1
9669 0
9670 0
9671 0
9672 1
9673 0
9674 0
9675 1
9676 1
9677 1
9678 0
9679 1
9680 1
9681 0
9682 1
9683 0
9684 0
9685 1
9686 1
9687 0
9688 2
9689 1
9690 0
9691 0
9692 0
9693 2
9694 3
9695 0
9696 0
9697 0
9698 0
9699 1
9700 0
9701 2
9702 1
9703 2
9704 0
9705 0
9706 0
9707 1
9708 1
9709 2
9710 0
9711 0
9712 0
9713 0
9714 1
9715 3
9716 0
9717 1
9718 1
9719 1
9720 0
9721 1
9722 1
9723 0
9724 0
9725 0
9726 1
9727 0
9728 1
9729 1
9730 1
9731 0
9732 1
9733 0
9734 1
9735 0
9736 0
9737 0
9738 1
9739 2
9740 1
9741 0
9742 0
9743 0
9744 0
9745 0
9746 0
9747 0
9748 0
9749 1
9750 0
9751 1
9752 1
9753 0
9754 1
9755 0
9756 0
9757 0
9758 1
9759 0
9760 1
9761 0
9762 3
9763 1
9764 1
9765 1
9766 0
9767 2
9768 0
9769 0
9770 1
9771 0
9772 0
9773 0
9774 1
9775 0
9776 0
9777 0
9778 0
9779 0
9780 1
9781 1
9782 0
9783 0
9784 1
9785 2
9786 2
9787 1
9788 1
9789 0
9790 1
9791 0
9792 0
9793 0
9794 0
9795 0
9796 1
9797 0
9798 1
9799 1
9800 0
9801 0
9802 0
9803 0
9804 0
9805 0
9806 1
9807 0
9808 0
9809 0
9810 0
9811 0
9812 0
9813 0
9814 1
9815 0
9816 0
9817 0
9818 1
9819 0
9820 2
9821 0
9822 0
9823 0
9824 0
9825 0
9826 2
9827 1
9828 0
9829 0
9830 0
9831 0
9832 2
9833 0
9834 0
9835 0
9836 1
9837 0
9838 0
9839 0
9840 0
9841 0
9842 0
9843 1
9844 0
9845 0
9846 0
9847 0
9848 0
9849 0
9850 0
9851 0
9852 1
9853 0
9854 0
9855 1
9856 1
9857 0
9858 2
9859 0
9860 1
9861 0
9862 0
9863 0
9864 0
9865 2
9866 0
9867 0
9868 1
9869 0
9870 0
9871 0
9872 0
9873 1
9874 0
9875 0
9876 0
9877 0
9878 0
9879 0
9880 0
9881 1
9882 1
9883 0
9884 0
9885 0
9886 0
9887 0
9888 0
9889 0
9890 0
9891 2
9892 1
9893 0
9894 0
9895 1
9896 0
9897 0
9898 0
9899 0
9900 0
9901 3
9902 0
9903 0
9904 0
9905 1
9906 0
9907 0
9908 1
9909 0
9910 0
9911 1
9912 0
9913 0
9914 0
9915 1
9916 1
9917 0
9918 2
9919 0
9920 0
9921 0
9922 0
9923 0
9924 1
9925 0
9926 1
9927 2
9928 0
9929 0
9930 2
9931 2
9932 0
9933 1
9934 1
9935 0
9936 0
9937 2
9938 0
9939 1
9940 0
9941 0
9942 1
9943 0
9944 0
9945 0
9946 0
9947 2
9948 1
9949 2
9950 2
9951 1
9952 0
9953 0
9954 0
9955 0
9956 0
9957 0
9958 0
9959 1
9960 0
9961 0
9962 0
9963 1
9964 1
9965 1
9966 1
9967 2
9968 0
9969 0
9970 0
9971 0
9972 0
9973 0
9974 0
9975 2
9976 0
9977 0
9978 0
9979 1
9980 1
9981 1
9982 1
9983 2
9984 1
9985 0
9986 0
9987 0
9988 0
9989 3
9990 0
9991 0
9992 0
9993 0
9994 0
9995 0
9996 0
9997 0
9998 1
9999 0
