0 5
1 3
2 1
3 4
4 3
5 4
6 3
7 3
8 2
9 0
10 0
11 3
12 5
13 3
14 1
15 1
16 2
17 2
18 4
19 4
20 5
21 9
22 9
23 10
24 10
25 12
26 13
27 13
28 15
29 12
30 12
31 13
32 14
33 16
34 13
35 15
36 12
37 12
38 11
39 10
40 11
41 12
42 11
43 11
44 11
45 11
46 11
47 9
48 8
49 8
50 8
51 8
52 8
53 8
54 7
55 6
56 7
57 7
58 8
59 9
60 10
61 9
62 8
63 7
64 4
65 3
66 3
67 3
68 3
69 3
70 3
71 5
72 4
73 6
74 3
75 2
76 2
77 3
78 6
79 9
80 8
81 9
82 9
83 9
84 7
85 8
86 9
87 8
88 10
89 9
90 8
91 6
92 6
93 4
94 3
95 3
96 5
97 6
98 5
99 6
100 6
101 4
102 2
103 3
104 4
105 5
106 7
107 5
108 6
109 6
110 5
111 6
112 4
113 8
114 9
115 6
116 6
117 4
118 6
119 5
120 6
121 7
122 7
123 7
124 6
125 4
126 2
127 2
128 6
129 7
130 8
131 7
132 7
133 6
134 3
135 1
136 1
137 3
138 1
139 2
140 1
141 1
142 3
143 1
144 3
145 2
146 2
147 1
148 4
149 2
150 4
151 3
152 0
153 4
154 2
155 1
156 3
157 2
158 4
159 4
160 4
161 3
162 3
163 2
164 3
165 2
166 3
167 6
168 6
169 4
170 4
171 7
172 5
173 5
174 6
175 4
176 6
177 5
178 5
179 3
180 3
181 2
182 1
183 1
184 3
185 1
186 2
187 2
188 4
189 3
190 2
191 0
192 2
193 6
194 7
195 7
196 5
197 5
198 6
199 7
200 8
201 8
202 7
203 5
204 3
205 6
206 4
207 3
208 2
209 5
210 7
211 6
212 9
213 11
214 11
215 11
216 11
217 10
218 10
219 8
220 7
221 4
222 8
223 7
224 6
225 6
226 4
227 6
228 4
229 4
230 2
231 2
232 5
233 4
234 3
235 1
236 4
237 4
238 6
239 4
240 3
241 5
242 2
243 2
244 0
245 0
246 2
247 1
248 1
249 1
250 3
251 5
252 5
253 4
254 5
255 6
256 6
257 3
258 3
259 6
260 8
261 8
262 10
263 10
264 11
265 11
266 13
267 13
268 11
269 13
270 12
271 11
272 11
273 11
274 10
275 11
276 11
277 12
278 11
279 9
280 8
281 6
282 3
283 3
284 4
285 1
286 4
287 7
288 7
289 10
290 9
291 10
292 11
293 9
294 7
295 7
296 6
297 7
298 8
299 7
300 7
301 7
302 6
303 6
304 6
305 5
306 5
307 6
308 8
309 10
310 9
311 7
312 7
313 5
314 3
315 0
316 4
317 7
318 5
319 7
320 7
321 5
322 7
323 7
324 6
325 4
326 5
327 5
328 4
329 4
330 2
331 2
332 4
333 7
334 9
335 7
336 6
337 7
338 7
339 6
340 5
341 6
342 5
343 6
344 5
345 5
346 7
347 8
348 8
349 9
350 8
351 10
352 11
353 9
354 10
355 10
356 11
357 12
358 11
359 10
360 10
361 8
362 9
363 8
364 5
365 6
366 8
367 11
368 9
369 11
370 12
371 9
372 10
373 9
374 9
375 10
376 9
377 6
378 6
379 6
380 7
381 7
382 5
383 3
384 4
385 3
386 1
387 5
388 4
389 2
390 1
391 0
392 4
393 4
394 4
395 5
396 6
397 7
398 4
399 3
400 2
401 1
402 2
403 2
404 2
405 1
406 2
407 3
408 5
409 5
410 5
411 7
412 8
413 8
414 8
415 5
416 5
417 4
418 5
419 4
420 1
421 2
422 3
423 4
424 2
425 1
426 1
427 1
428 0
429 4
430 5
431 5
432 5
433 4
434 4
435 8
436 8
437 8
438 8
439 8
440 8
441 8
442 7
443 6
444 6
445 6
446 5
447 3
448 3
449 1
450 3
451 2
452 3
453 4
454 2
455 0
456 2
457 2
458 1
459 2
460 3
461 4
462 5
463 4
464 5
465 5
466 3
467 1
468 2
469 2
470 2
471 1
472 2
473 4
474 6
475 10
476 8
477 9
478 9
479 8
480 8
481 11
482 14
483 12
484 10
485 10
486 10
487 10
488 12
489 11
490 12
491 11
492 11
493 11
494 11
495 12
496 12
497 11
498 10
499 10
500 10
501 10
502 10
503 10
504 8
505 9
506 10
507 8
508 6
509 5
510 6
511 6
512 9
513 9
514 10
515 8
516 8
517 7
518 10
519 10
520 8
521 9
522 10
523 9
524 8
525 6
526 6
527 4
528 4
529 4
530 2
531 2
532 2
533 2
534 1
535 2
536 4
537 3
538 3
539 3
540 2
541 2
542 2
543 4
544 1
545 4
546 3
547 5
548 6
549 7
550 6
551 7
552 5
553 5
554 6
555 4
556 2
557 0
558 4
559 7
560 8
561 6
562 5
563 6
564 7
565 5
566 5
567 4
568 7
569 7
570 8
571 7
572 7
573 8
574 6
575 6
576 7
577 7
578 5
579 5
580 4
581 4
582 2
583 4
584 4
585 4
586 6
587 3
588 3
589 3
590 1
591 1
592 0
593 2
594 0
595 0
596 3
597 2
598 2
599 2
600 4
601 3
602 0
603 3
604 4
605 6
606 8
607 8
608 8
609 6
610 8
611 7
612 8
613 8
614 7
615 7
616 9
617 10
618 9
619 9
620 7
621 4
622 2
623 4
624 3
625 2
626 3
627 3
628 1
629 3
630 3
631 1
632 2
633 2
634 1
635 4
636 4
637 2
638 3
639 3
640 2
641 4
642 5
643 4
644 4
645 8
646 8
647 7
648 6
649 9
650 14
651 14
652 14
653 14
654 15
655 12
656 12
657 13
658 15
659 12
660 11
661 11
662 11
663 8
664 7
665 7
666 5
667 4
668 4
669 4
670 5
671 4
672 2
673 4
674 3
675 2
676 2
677 3
678 3
679 1
680 3
681 3
682 2
683 2
684 4
685 4
686 2
687 2
688 4
689 3
690 5
691 4
692 4
693 1
694 2
695 3
696 3
697 4
698 4
699 4
700 2
701 1
702 2
703 1
704 1
705 1
706 2
707 2
708 3
709 0
710 1
711 0
712 2
713 2
714 3
715 3
716 4
717 3
718 6
719 9
720 9
721 10
722 9
723 7
724 6
725 4
726 6
727 6
728 7
729 9
730 8
731 7
732 6
733 4
734 3
735 2
736 3
737 2
738 1
739 6
740 6
741 5
742 4
743 5
744 3
745 2
746 4
747 3
748 2
749 1
750 2
751 1
752 4
753 5
754 3
755 2
756 1
757 4
758 1
759 3
760 1
761 3
762 2
763 3
764 3
765 3
766 2
767 1
768 1
769 2
770 0
771 3
772 4
773 3
774 2
775 5
776 4
777 3
778 2
779 6
780 6
781 6
782 7
783 8
784 8
785 10
786 11
787 10
788 11
789 12
790 12
791 12
792 12
793 14
794 13
795 12
796 10
797 11
798 10
799 10
800 10
801 8
802 7
803 8
804 9
805 11
806 11
807 11
808 11
809 9
810 11
811 11
812 11
813 13
814 13
815 13
816 12
817 10
818 10
819 12
820 13
821 12
822 12
823 12
824 13
825 11
826 13
827 16
828 13
829 13
830 15
831 12
832 13
833 13
834 10
835 8
836 8
837 9
838 10
839 10
840 11
841 10
842 12
843 11
844 10
845 10
846 8
847 6
848 5
849 2
850 6
851 3
852 3
853 2
854 0
855 4
856 3
857 7
858 6
859 5
860 4
861 2
862 3
863 4
864 4
865 2
866 4
867 4
868 1
869 3
870 2
871 1
872 3
873 4
874 6
875 4
876 1
877 2
878 6
879 5
880 4
881 4
882 4
883 1
884 3
885 2
886 3
887 4
888 3
889 2
890 4
891 4
892 5
893 4
894 3
895 0
896 4
897 3
898 3
899 3
900 4
901 2
902 4
903 8
904 8
905 10
906 9
907 8
908 8
909 10
910 11
911 10
912 11
913 12
914 11
915 10
916 9
917 10
918 12
919 11
920 12
921 10
922 10
923 9
924 8
925 9
926 9
927 8
928 8
929 5
930 5
931 4
932 6
933 7
934 8
935 7
936 7
937 6
938 7
939 6
940 6
941 6
942 7
943 9
944 9
945 11
946 11
947 11
948 13
949 12
950 10
951 11
952 8
953 7
954 6
955 8
956 8
957 7
958 4
959 4
960 4
961 4
962 4
963 3
964 1
965 2
966 1
967 2
968 2
969 3
970 4
971 2
972 0
973 4
974 2
975 3
976 0
977 6
978 6
979 9
980 7
981 7
982 7
983 6
984 5
985 5
986 5
987 5
988 5
989 3
990 1
991 3
992 4
993 2
994 4
995 4
996 5
997 3
998 2
999 3
1000 1
1001 2
1002 1
1003 3
1004 4
1005 4
1006 4
1007 5
1008 4
1009 6
1010 4
1011 4
1012 4
1013 2
1014 4
1015 4
1016 4
1017 4
1018 5
1019 2
1020 6
1021 9
1022 12
1023 11
1024 12
1025 10
1026 11
1027 12
1028 13
1029 12
1030 11
1031 10
1032 13
1033 13
1034 13
1035 11
1036 10
1037 10
1038 9
1039 8
1040 7
1041 6
1042 6
1043 5
1044 7
1045 6
1046 5
1047 6
1048 6
1049 5
1050 4
1051 4
1052 2
1053 6
1054 3
1055 3
1056 4
1057 3
1058 4
1059 4
1060 3
1061 2
1062 5
1063 5
1064 6
1065 8
1066 6
1067 7
1068 6
1069 6
1070 7
1071 9
1072 9
1073 7
1074 7
1075 8
1076 9
1077 7
1078 9
1079 10
1080 9
1081 8
1082 8
1083 6
1084 5
1085 2
1086 1
1087 6
1088 5
1089 3
1090 5
1091 4
1092 2
1093 7
1094 6
1095 4
1096 5
1097 5
1098 6
1099 7
1100 6
1101 4
1102 2
1103 2
1104 3
1105 1
1106 5
1107 3
1108 6
1109 6
1110 6
1111 5
1112 7
1113 4
1114 4
1115 5
1116 6
1117 6
1118 6
1119 3
1120 2
1121 3
1122 0
1123 1
1124 4
1125 4
1126 3
1127 4
1128 5
1129 7
1130 6
1131 3
1132 2
1133 4
1134 4
1135 5
1136 7
1137 9
1138 9
1139 9
1140 9
1141 7
1142 6
1143 3
1144 3
1145 6
1146 4
1147 4
1148 5
1149 2
1150 4
1151 6
1152 5
1153 6
1154 7
1155 6
1156 6
1157 5
1158 8
1159 12
1160 11
1161 10
1162 9
1163 9
1164 8
1165 7
1166 6
1167 5
1168 4
1169 2
1170 0
1171 3
1172 1
1173 1
1174 4
1175 2
1176 4
1177 4
1178 5
1179 5
1180 3
1181 1
1182 3
1183 2
1184 3
1185 0
1186 1
1187 1
1188 4
1189 3
1190 3
1191 2
1192 2
1193 0
1194 1
1195 4
1196 5
1197 6
1198 6
1199 6
1200 5
1201 5
1202 3
1203 3
1204 4
1205 4
1206 6
1207 4
1208 4
1209 3
1210 2
1211 1
1212 2
1213 5
1214 4
1215 2
1216 2
1217 4
1218 5
1219 4
1220 5
1221 4
1222 5
1223 5
1224 6
1225 6
1226 6
1227 4
1228 4
1229 4
1230 3
1231 5
1232 4
1233 4
1234 2
1235 2
1236 3
1237 4
1238 5
1239 2
1240 4
1241 4
1242 3
1243 3
1244 4
1245 4
1246 6
1247 4
1248 2
1249 4
1250 3
1251 3
1252 2
1253 4
1254 5
1255 3
1256 2
1257 4
1258 2
1259 5
1260 5
1261 7
1262 7
1263 10
1264 10
1265 9
1266 11
1267 11
1268 10
1269 9
1270 11
1271 9
1272 10
1273 7
1274 6
1275 6
1276 7
1277 6
1278 4
1279 2
1280 2
1281 1
1282 1
1283 1
1284 3
1285 3
1286 3
1287 1
1288 4
1289 4
1290 3
1291 1
1292 2
1293 3
1294 2
1295 5
1296 4
1297 2
1298 6
1299 3
1300 0
1301 3
1302 2
1303 5
1304 4
1305 7
1306 5
1307 5
1308 5
1309 6
1310 5
1311 4
1312 2
1313 3
1314 3
1315 5
1316 3
1317 3
1318 2
1319 5
1320 6
1321 6
1322 6
1323 6
1324 7
1325 6
1326 6
1327 6
1328 5
1329 4
1330 4
1331 2
1332 2
1333 0
1334 3
1335 2
1336 3
1337 2
1338 2
1339 4
1340 4
1341 7
1342 5
1343 4
1344 2
1345 5
1346 5
1347 6
1348 7
1349 6
1350 8
1351 8
1352 9
1353 7
1354 8
1355 6
1356 5
1357 7
1358 8
1359 9
1360 12
1361 10
1362 8
1363 9
1364 8
1365 7
1366 8
1367 6
1368 6
1369 7
1370 7
1371 5
1372 4
1373 4
1374 3
1375 7
1376 7
1377 6
1378 6
1379 6
1380 7
1381 6
1382 6
1383 4
1384 5
1385 6
1386 4
1387 2
1388 3
1389 2
1390 2
1391 2
1392 1
1393 4
1394 4
1395 3
1396 2
1397 1
1398 1
1399 0
1400 2
1401 1
1402 3
1403 3
1404 1
1405 2
1406 1
1407 4
1408 3
1409 4
1410 2
1411 3
1412 3
1413 4
1414 5
1415 4
1416 6
1417 5
1418 7
1419 11
1420 9
1421 10
1422 9
1423 11
1424 10
1425 10
1426 11
1427 13
1428 13
1429 14
1430 13
1431 15
1432 12
1433 14
1434 13
1435 12
1436 11
1437 11
1438 12
1439 13
1440 16
1441 13
1442 10
1443 11
1444 9
1445 10
1446 8
1447 9
1448 9
1449 10
1450 7
1451 6
1452 6
1453 5
1454 5
1455 6
1456 6
1457 5
1458 3
1459 2
1460 4
1461 3
1462 3
1463 1
1464 1
1465 4
1466 3
1467 5
1468 2
1469 2
1470 3
1471 1
1472 4
1473 4
1474 3
1475 2
1476 7
1477 8
1478 6
1479 7
1480 6
1481 4
1482 2
1483 3
1484 2
1485 3
1486 3
1487 4
1488 5
1489 7
1490 8
1491 9
1492 8
1493 10
1494 11
1495 13
1496 10
1497 8
1498 5
1499 4
1500 4
1501 4
1502 3
1503 3
1504 3
1505 0
1506 1
1507 1
1508 0
1509 3
1510 1
1511 4
1512 2
1513 0
1514 3
1515 3
1516 3
1517 1
1518 4
1519 4
1520 8
1521 8
1522 8
1523 9
1524 10
1525 11
1526 10
1527 9
1528 8
1529 7
1530 6
1531 6
1532 5
1533 6
1534 4
1535 3
1536 3
1537 1
1538 2
1539 6
1540 6
1541 7
1542 7
1543 6
1544 6
1545 4
1546 3
1547 2
1548 3
1549 4
1550 4
1551 4
1552 4
1553 7
1554 5
1555 6
1556 7
1557 6
1558 5
1559 5
1560 5
1561 6
1562 5
1563 5
1564 5
1565 7
1566 8
1567 10
1568 8
1569 9
1570 11
1571 11
1572 10
1573 9
1574 9
1575 10
1576 8
1577 6
1578 4
1579 5
1580 2
1581 1
1582 2
1583 2
1584 2
1585 5
1586 6
1587 3
1588 3
1589 4
1590 3
1591 2
1592 4
1593 3
1594 1
1595 2
1596 3
1597 3
1598 2
1599 3
1600 1
1601 4
1602 2
1603 3
1604 3
1605 3
1606 3
1607 3
1608 3
1609 4
1610 5
1611 7
1612 7
1613 7
1614 6
1615 6
1616 5
1617 5
1618 4
1619 2
1620 2
1621 4
1622 4
1623 6
1624 4
1625 3
1626 3
1627 4
1628 4
1629 5
1630 6
1631 7
1632 9
1633 8
1634 8
1635 10
1636 10
1637 8
1638 8
1639 7
1640 5
1641 2
1642 1
1643 4
1644 3
1645 4
1646 1
1647 3
1648 2
1649 0
1650 4
1651 7
1652 7
1653 9
1654 7
1655 5
1656 6
1657 5
1658 5
1659 3
1660 0
1661 1
1662 4
1663 4
1664 3
1665 4
1666 2
1667 2
1668 6
1669 6
1670 5
1671 5
1672 4
1673 3
1674 5
1675 5
1676 5
1677 4
1678 3
1679 4
1680 4
1681 4
1682 5
1683 5
1684 6
1685 5
1686 4
1687 4
1688 2
1689 3
1690 2
1691 4
1692 9
1693 9
1694 10
1695 14
1696 14
1697 12
1698 12
1699 11
1700 11
1701 11
1702 10
1703 7
1704 5
1705 5
1706 3
1707 4
1708 5
1709 4
1710 2
1711 3
1712 1
1713 5
1714 6
1715 8
1716 6
1717 7
1718 6
1719 5
1720 5
1721 4
1722 5
1723 6
1724 7
1725 7
1726 5
1727 5
1728 4
1729 4
1730 5
1731 2
1732 3
1733 3
1734 5
1735 7
1736 8
1737 7
1738 10
1739 10
1740 10
1741 9
1742 9
1743 8
1744 8
1745 7
1746 6
1747 6
1748 7
1749 7
1750 6
1751 6
1752 7
1753 6
1754 7
1755 7
1756 8
1757 7
1758 7
1759 8
1760 5
1761 6
1762 8
1763 9
1764 7
1765 6
1766 6
1767 7
1768 7
1769 7
1770 6
1771 7
1772 8
1773 10
1774 13
1775 15
1776 12
1777 15
1778 12
1779 11
1780 10
1781 12
1782 11
1783 10
1784 7
1785 8
1786 7
1787 7
1788 8
1789 7
1790 7
1791 7
1792 9
1793 10
1794 13
1795 17
1796 14
1797 13
1798 15
1799 12
1800 12
1801 10
1802 10
1803 11
1804 15
1805 12
1806 12
1807 10
1808 8
1809 6
1810 6
1811 8
1812 6
1813 6
1814 5
1815 3
1816 4
1817 3
1818 1
1819 1
1820 6
1821 5
1822 4
1823 2
1824 3
1825 4
1826 4
1827 1
1828 1
1829 5
1830 5
1831 2
1832 5
1833 5
1834 8
1835 7
1836 8
1837 8
1838 7
1839 7
1840 4
1841 5
1842 7
1843 5
1844 5
1845 4
1846 4
1847 3
1848 3
1849 1
1850 2
1851 3
1852 2
1853 0
1854 3
1855 4
1856 2
1857 2
1858 2
1859 2
1860 2
1861 1
1862 1
1863 2
1864 2
1865 2
1866 2
1867 1
1868 4
1869 1
1870 2
1871 2
1872 3
1873 0
1874 4
1875 4
1876 4
1877 7
1878 6
1879 5
1880 5
1881 4
1882 3
1883 2
1884 1
1885 1
1886 2
1887 3
1888 2
1889 2
1890 1
1891 3
1892 0
1893 1
1894 1
1895 1
1896 7
1897 6
1898 5
1899 5
1900 5
1901 4
1902 2
1903 3
1904 2
1905 1
1906 5
1907 4
1908 4
1909 5
1910 5
1911 3
1912 3
1913 4
1914 3
1915 4
1916 6
1917 8
1918 8
1919 6
1920 6
1921 7
1922 8
1923 8
1924 8
1925 7
1926 5
1927 4
1928 6
1929 4
1930 4
1931 5
1932 6
1933 4
1934 5
1935 4
1936 4
1937 3
1938 2
1939 3
1940 3
1941 3
1942 5
1943 8
1944 8
1945 8
1946 9
1947 8
1948 8
1949 7
1950 6
1951 4
1952 6
1953 7
1954 8
1955 8
1956 7
1957 7
1958 8
1959 7
1960 8
1961 6
1962 7
1963 5
1964 4
1965 5
1966 2
1967 4
1968 4
1969 3
1970 2
1971 0
1972 1
1973 3
1974 1
1975 5
1976 3
1977 4
1978 6
1979 4
1980 3
1981 1
1982 2
1983 1
1984 3
1985 5
1986 4
1987 4
1988 7
1989 7
1990 8
1991 6
1992 5
1993 4
1994 3
1995 5
1996 4
1997 4
1998 4
1999 4
2000 5
2001 6
2002 6
2003 6
2004 5
2005 6
2006 8
2007 7
2008 7
2009 6
2010 7
2011 8
2012 7
2013 5
2014 6
2015 4
2016 4
2017 3
2018 2
2019 2
2020 3
2021 2
2022 5
2023 3
2024 2
2025 3
2026 2
2027 4
2028 4
2029 3
2030 6
2031 8
2032 9
2033 10
2034 9
2035 7
2036 6
2037 8
2038 9
2039 7
2040 5
2041 6
2042 7
2043 6
2044 6
2045 5
2046 4
2047 4
2048 3
2049 3
2050 2
2051 4
2052 3
2053 3
2054 4
2055 6
2056 8
2057 8
2058 7
2059 6
2060 5
2061 4
2062 4
2063 1
2064 1
2065 1
2066 2
2067 1
2068 4
2069 3
2070 2
2071 2
2072 3
2073 5
2074 4
2075 4
2076 3
2077 4
2078 5
2079 9
2080 11
2081 10
2082 10
2083 10
2084 9
2085 8
2086 5
2087 5
2088 3
2089 2
2090 3
2091 3
2092 4
2093 4
2094 5
2095 4
2096 5
2097 5
2098 6
2099 6
2100 7
2101 5
2102 6
2103 6
2104 10
2105 11
2106 10
2107 7
2108 8
2109 7
2110 8
2111 12
2112 12
2113 9
2114 8
2115 8
2116 8
2117 11
2118 9
2119 8
2120 6
2121 5
2122 5
2123 7
2124 5
2125 7
2126 8
2127 8
2128 8
2129 8
2130 8
2131 8
2132 10
2133 8
2134 6
2135 4
2136 3
2137 4
2138 2
2139 0
2140 2
2141 2
2142 3
2143 1
2144 2
2145 4
2146 2
2147 5
2148 7
2149 9
2150 9
2151 8
2152 7
2153 6
2154 5
2155 6
2156 8
2157 7
2158 7
2159 8
2160 9
2161 9
2162 9
2163 8
2164 6
2165 3
2166 1
2167 2
2168 3
2169 0
2170 2
2171 3
2172 1
2173 3
2174 3
2175 3
2176 3
2177 1
2178 3
2179 3
2180 2
2181 3
2182 2
2183 2
2184 1
2185 3
2186 2
2187 2
2188 2
2189 1
2190 3
2191 3
2192 3
2193 3
2194 1
2195 2
2196 3
2197 2
2198 5
2199 7
2200 7
2201 7
2202 6
2203 6
2204 7
2205 7
2206 6
2207 6
2208 5
2209 6
2210 4
2211 3
2212 2
2213 0
2214 1
2215 2
2216 1
2217 1
2218 2
2219 2
2220 4
2221 5
2222 3
2223 1
2224 3
2225 3
2226 5
2227 3
2228 1
2229 3
2230 4
2231 4
2232 4
2233 1
2234 2
2235 4
2236 3
2237 4
2238 4
2239 3
2240 3
2241 2
2242 2
2243 3
2244 3
2245 3
2246 2
2247 2
2248 4
2249 1
2250 3
2251 5
2252 4
2253 5
2254 5
2255 5
2256 5
2257 5
2258 4
2259 4
2260 5
2261 8
2262 9
2263 8
2264 9
2265 8
2266 8
2267 6
2268 4
2269 6
2270 5
2271 4
2272 4
2273 4
2274 2
2275 1
2276 4
2277 4
2278 6
2279 5
2280 3
2281 1
2282 4
2283 8
2284 9
2285 8
2286 7
2287 7
2288 8
2289 11
2290 11
2291 9
2292 8
2293 7
2294 7
2295 6
2296 8
2297 7
2298 6
2299 10
2300 10
2301 11
2302 11
2303 14
2304 12
2305 10
2306 11
2307 13
2308 13
2309 13
2310 12
2311 11
2312 12
2313 10
2314 11
2315 10
2316 11
2317 13
2318 13
2319 14
2320 14
2321 14
2322 13
2323 14
2324 14
2325 12
2326 12
2327 11
2328 12
2329 13
2330 14
2331 13
2332 14
2333 15
2334 12
2335 11
2336 11
2337 10
2338 8
2339 13
2340 13
2341 14
2342 14
2343 16
2344 13
2345 14
2346 13
2347 11
2348 10
2349 10
2350 10
2351 8
2352 7
2353 9
2354 8
2355 10
2356 8
2357 9
2358 11
2359 9
2360 10
2361 11
2362 11
2363 8
2364 6
2365 7
2366 7
2367 5
2368 5
2369 5
2370 6
2371 7
2372 5
2373 7
2374 8
2375 11
2376 14
2377 15
2378 12
2379 12
2380 11
2381 10
2382 11
2383 11
2384 10
2385 10
2386 9
2387 9
2388 10
2389 8
2390 7
2391 5
2392 4
2393 4
2394 4
2395 2
2396 2
2397 2
2398 4
2399 6
2400 7
2401 7
2402 8
2403 9
2404 8
2405 10
2406 10
2407 10
2408 9
2409 9
2410 9
2411 8
2412 6
2413 6
2414 5
2415 6
2416 6
2417 4
2418 6
2419 8
2420 6
2421 5
2422 6
2423 3
2424 4
2425 3
2426 4
2427 6
2428 7
2429 5
2430 8
2431 8
2432 8
2433 8
2434 11
2435 11
2436 14
2437 12
2438 11
2439 11
2440 13
2441 13
2442 14
2443 13
2444 13
2445 13
2446 14
2447 11
2448 9
2449 10
2450 11
2451 10
2452 9
2453 9
2454 11
2455 12
2456 11
2457 8
2458 7
2459 6
2460 5
2461 6
2462 5
2463 6
2464 9
2465 6
2466 7
2467 7
2468 7
2469 4
2470 4
2471 5
2472 3
2473 0
2474 5
2475 6
2476 8
2477 6
2478 9
2479 12
2480 10
2481 9
2482 8
2483 9
2484 9
2485 9
2486 9
2487 9
2488 6
2489 6
2490 5
2491 5
2492 4
2493 2
2494 3
2495 2
2496 3
2497 3
2498 0
2499 3
2500 1
2501 5
2502 4
2503 3
2504 4
2505 3
2506 4
2507 1
2508 2
2509 3
2510 2
2511 2
2512 2
2513 3
2514 5
2515 5
2516 4
2517 2
2518 4
2519 3
2520 4
2521 3
2522 1
2523 1
2524 2
2525 4
2526 3
2527 2
2528 4
2529 2
2530 2
2531 5
2532 3
2533 1
2534 1
2535 5
2536 8
2537 7
2538 8
2539 11
2540 9
2541 7
2542 6
2543 6
2544 5
2545 7
2546 8
2547 8
2548 10
2549 11
2550 8
2551 11
2552 10
2553 9
2554 12
2555 15
2556 12
2557 11
2558 11
2559 11
2560 9
2561 9
2562 10
2563 9
2564 9
2565 10
2566 12
2567 13
2568 13
2569 11
2570 11
2571 11
2572 10
2573 10
2574 9
2575 8
2576 7
2577 4
2578 3
2579 2
2580 4
2581 3
2582 3
2583 4
2584 3
2585 2
2586 2
2587 1
2588 1
2589 2
2590 2
2591 2
2592 5
2593 4
2594 4
2595 4
2596 4
2597 5
2598 6
2599 5
2600 3
2601 1
2602 3
2603 5
2604 6
2605 4
2606 5
2607 3
2608 2
2609 3
2610 1
2611 4
2612 4
2613 4
2614 4
2615 5
2616 6
2617 9
2618 6
2619 5
2620 4
2621 1
2622 2
2623 4
2624 2
2625 2
2626 4
2627 3
2628 2
2629 1
2630 4
2631 5
2632 6
2633 8
2634 8
2635 8
2636 5
2637 7
2638 6
2639 5
2640 4
2641 5
2642 4
2643 3
2644 4
2645 3
2646 5
2647 6
2648 6
2649 6
2650 6
2651 7
2652 5
2653 4
2654 5
2655 7
2656 6
2657 4
2658 4
2659 4
2660 4
2661 3
2662 5
2663 4
2664 6
2665 5
2666 6
2667 8
2668 8
2669 8
2670 7
2671 10
2672 9
2673 8
2674 9
2675 10
2676 12
2677 12
2678 12
2679 11
2680 11
2681 11
2682 10
2683 8
2684 9
2685 7
2686 7
2687 6
2688 4
2689 3
2690 5
2691 3
2692 2
2693 3
2694 5
2695 4
2696 4
2697 3
2698 1
2699 3
2700 4
2701 6
2702 7
2703 7
2704 8
2705 6
2706 7
2707 8
2708 9
2709 7
2710 5
2711 6
2712 5
2713 4
2714 4
2715 4
2716 2
2717 4
2718 6
2719 6
2720 6
2721 6
2722 6
2723 6
2724 4
2725 5
2726 6
2727 9
2728 8
2729 10
2730 10
2731 9
2732 8
2733 8
2734 8
2735 8
2736 8
2737 8
2738 10
2739 12
2740 12
2741 10
2742 8
2743 9
2744 8
2745 8
2746 7
2747 8
2748 7
2749 5
2750 5
2751 4
2752 3
2753 3
2754 5
2755 6
2756 5
2757 3
2758 5
2759 4
2760 5
2761 3
2762 0
2763 3
2764 2
2765 5
2766 8
2767 8
2768 9
2769 11
2770 13
2771 14
2772 14
2773 13
2774 12
2775 13
2776 13
2777 14
2778 14
2779 13
2780 15
2781 12
2782 11
2783 13
2784 12
2785 11
2786 12
2787 11
2788 11
2789 10
2790 7
2791 7
2792 8
2793 6
2794 3
2795 4
2796 3
2797 5
2798 7
2799 6
2800 5
2801 4
2802 3
2803 4
2804 4
2805 3
2806 1
2807 2
2808 1
2809 3
2810 2
2811 0
2812 2
2813 5
2814 3
2815 1
2816 2
2817 3
2818 1
2819 2
2820 0
2821 3
2822 5
2823 5
2824 7
2825 4
2826 4
2827 3
2828 2
2829 2
2830 3
2831 6
2832 5
2833 6
2834 5
2835 4
2836 5
2837 4
2838 3
2839 3
2840 3
2841 5
2842 4
2843 3
2844 4
2845 3
2846 3
2847 5
2848 3
2849 4
2850 3
2851 4
2852 3
2853 6
2854 9
2855 8
2856 8
2857 10
2858 8
2859 9
2860 10
2861 8
2862 8
2863 7
2864 6
2865 7
2866 6
2867 5
2868 4
2869 5
2870 6
2871 5
2872 4
2873 8
2874 6
2875 5
2876 2
2877 3
2878 4
2879 1
2880 4
2881 4
2882 5
2883 6
2884 7
2885 8
2886 9
2887 9
2888 8
2889 9
2890 10
2891 10
2892 12
2893 11
2894 12
2895 13
2896 13
2897 15
2898 12
2899 11
2900 9
2901 7
2902 8
2903 8
2904 6
2905 6
2906 4
2907 5
2908 4
2909 3
2910 4
2911 4
2912 4
2913 4
2914 2
2915 4
2916 2
2917 6
2918 4
2919 3
2920 4
2921 5
2922 7
2923 7
2924 7
2925 6
2926 6
2927 4
2928 4
2929 3
2930 3
2931 3
2932 3
2933 5
2934 5
2935 5
2936 4
2937 4
2938 4
2939 4
2940 6
2941 8
2942 7
2943 9
2944 11
2945 15
2946 12
2947 12
2948 12
2949 12
2950 14
2951 15
2952 12
2953 11
2954 11
2955 15
2956 12
2957 12
2958 13
2959 12
2960 9
2961 11
2962 12
2963 12
2964 14
2965 12
2966 12
2967 10
2968 8
2969 8
2970 8
2971 7
2972 5
2973 3
2974 1
2975 2
2976 1
2977 2
2978 1
2979 1
2980 4
2981 4
2982 3
2983 0
2984 1
2985 1
2986 5
2987 3
2988 6
2989 6
2990 6
2991 4
2992 4
2993 4
2994 3
2995 1
2996 1
2997 2
2998 3
2999 3
3000 3
3001 1
3002 2
3003 4
3004 3
3005 0
3006 2
3007 2
3008 4
3009 3
3010 1
3011 2
3012 2
3013 1
3014 2
3015 2
3016 2
3017 1
3018 2
3019 2
3020 1
3021 2
3022 6
3023 3
3024 2
3025 2
3026 2
3027 4
3028 6
3029 4
3030 5
3031 4
3032 4
3033 3
3034 4
3035 5
3036 9
3037 8
3038 9
3039 10
3040 8
3041 9
3042 7
3043 6
3044 6
3045 5
3046 5
3047 4
3048 1
3049 3
3050 0
3051 5
3052 6
3053 4
3054 2
3055 3
3056 3
3057 3
3058 3
3059 6
3060 7
3061 7
3062 7
3063 7
3064 8
3065 7
3066 5
3067 4
3068 5
3069 6
3070 6
3071 6
3072 3
3073 2
3074 0
3075 2
3076 4
3077 3
3078 3
3079 2
3080 4
3081 3
3082 1
3083 2
3084 8
3085 8
3086 8
3087 7
3088 5
3089 4
3090 3
3091 1
3092 2
3093 4
3094 4
3095 4
3096 2
3097 4
3098 3
3099 2
3100 3
3101 4
3102 4
3103 2
3104 2
3105 4
3106 4
3107 5
3108 4
3109 2
3110 2
3111 2
3112 5
3113 6
3114 4
3115 3
3116 5
3117 6
3118 4
3119 5
3120 3
3121 3
3122 4
3123 5
3124 5
3125 3
3126 3
3127 4
3128 3
3129 5
3130 5
3131 7
3132 6
3133 5
3134 5
3135 5
3136 4
3137 3
3138 3
3139 3
3140 3
3141 2
3142 4
3143 2
3144 2
3145 1
3146 4
3147 3
3148 2
3149 3
3150 3
3151 3
3152 2
3153 4
3154 3
3155 4
3156 5
3157 5
3158 6
3159 8
3160 7
3161 4
3162 2
3163 1
3164 3
3165 5
3166 4
3167 4
3168 3
3169 0
3170 5
3171 3
3172 2
3173 1
3174 3
3175 3
3176 2
3177 2
3178 2
3179 2
3180 5
3181 2
3182 2
3183 1
3184 1
3185 3
3186 2
3187 4
3188 3
3189 2
3190 1
3191 3
3192 1
3193 1
3194 2
3195 3
3196 1
3197 1
3198 1
3199 3
3200 1
3201 4
3202 6
3203 7
3204 6
3205 7
3206 6
3207 6
3208 4
3209 3
3210 3
3211 0
3212 0
3213 2
3214 5
3215 4
3216 5
3217 6
3218 9
3219 8
3220 8
3221 6
3222 4
3223 5
3224 5
3225 4
3226 2
3227 1
3228 1
3229 0
3230 3
3231 3
3232 1
3233 0
3234 4
3235 4
3236 4
3237 3
3238 2
3239 2
3240 4
3241 2
3242 3
3243 3
3244 4
3245 1
3246 1
3247 4
3248 4
3249 2
3250 1
3251 3
3252 4
3253 2
3254 1
3255 2
3256 6
3257 3
3258 1
3259 2
3260 5
3261 4
3262 4
3263 7
3264 5
3265 4
3266 2
3267 3
3268 1
3269 1
3270 2
3271 4
3272 5
3273 5
3274 5
3275 4
3276 3
3277 2
3278 3
3279 3
3280 1
3281 2
3282 2
3283 2
3284 2
3285 3
3286 7
3287 6
3288 7
3289 6
3290 6
3291 8
3292 9
3293 7
3294 6
3295 7
3296 8
3297 9
3298 10
3299 9
3300 8
3301 5
3302 6
3303 4
3304 3
3305 2
3306 3
3307 1
3308 4
3309 3
3310 3
3311 1
3312 3
3313 1
3314 2
3315 2
3316 2
3317 1
3318 1
3319 0
3320 3
3321 5
3322 5
3323 6
3324 7
3325 9
3326 9
3327 9
3328 9
3329 10
3330 8
3331 9
3332 8
3333 10
3334 10
3335 9
3336 7
3337 6
3338 5
3339 4
3340 3
3341 4
3342 1
3343 3
3344 2
3345 3
3346 0
3347 5
3348 3
3349 2
3350 0
3351 3
3352 3
3353 2
3354 1
3355 3
3356 2
3357 4
3358 5
3359 5
3360 4
3361 5
3362 2
3363 2
3364 2
3365 2
3366 1
3367 4
3368 4
3369 4
3370 4
3371 2
3372 3
3373 2
3374 3
3375 2
3376 1
3377 5
3378 5
3379 6
3380 6
3381 8
3382 8
3383 8
3384 8
3385 7
3386 7
3387 11
3388 10
3389 10
3390 11
3391 11
3392 11
3393 10
3394 8
3395 6
3396 6
3397 5
3398 7
3399 6
3400 4
3401 3
3402 1
3403 2
3404 3
3405 3
3406 3
3407 3
3408 3
3409 1
3410 4
3411 5
3412 8
3413 8
3414 9
3415 8
3416 7
3417 5
3418 7
3419 7
3420 10
3421 8
3422 8
3423 9
3424 9
3425 8
3426 7
3427 7
3428 7
3429 6
3430 6
3431 5
3432 7
3433 7
3434 8
3435 6
3436 6
3437 6
3438 3
3439 1
3440 0
3441 0
3442 2
3443 3
3444 3
3445 1
3446 1
3447 2
3448 1
3449 3
3450 3
3451 2
3452 5
3453 5
3454 5
3455 5
3456 3
3457 2
3458 1
3459 4
3460 4
3461 3
3462 0
3463 4
3464 3
3465 3
3466 3
3467 2
3468 1
3469 4
3470 3
3471 3
3472 2
3473 1
3474 6
3475 9
3476 9
3477 7
3478 8
3479 10
3480 13
3481 12
3482 12
3483 11
3484 10
3485 10
3486 9
3487 10
3488 10
3489 11
3490 12
3491 12
3492 14
3493 14
3494 15
3495 12
3496 11
3497 11
3498 12
3499 10
3500 12
3501 10
3502 9
3503 11
3504 12
3505 12
3506 12
3507 13
3508 13
3509 13
3510 12
3511 11
3512 9
3513 9
3514 9
3515 10
3516 12
3517 10
3518 9
3519 8
3520 7
3521 5
3522 6
3523 7
3524 7
3525 7
3526 5
3527 7
3528 8
3529 9
3530 8
3531 6
3532 5
3533 3
3534 1
3535 3
3536 3
3537 3
3538 2
3539 1
3540 1
3541 2
3542 1
3543 3
3544 1
3545 2
3546 3
3547 2
3548 3
3549 3
3550 3
3551 0
3552 4
3553 4
3554 4
3555 3
3556 2
3557 3
3558 1
3559 3
3560 2
3561 3
3562 4
3563 2
3564 2
3565 1
3566 1
3567 3
3568 1
3569 5
3570 3
3571 3
3572 3
3573 1
3574 2
3575 5
3576 3
3577 3
3578 4
3579 5
3580 3
3581 3
3582 5
3583 6
3584 4
3585 3
3586 2
3587 4
3588 4
3589 6
3590 7
3591 5
3592 4
3593 3
3594 1
3595 2
3596 2
3597 3
3598 2
3599 2
3600 2
3601 2
3602 2
3603 3
3604 2
3605 3
3606 4
3607 5
3608 5
3609 5
3610 3
3611 2
3612 3
3613 1
3614 3
3615 1
3616 5
3617 6
3618 4
3619 2
3620 2
3621 3
3622 1
3623 2
3624 3
3625 2
3626 1
3627 1
3628 2
3629 1
3630 3
3631 3
3632 1
3633 2
3634 4
3635 5
3636 4
3637 3
3638 3
3639 4
3640 4
3641 3
3642 1
3643 5
3644 3
3645 2
3646 1
3647 1
3648 2
3649 7
3650 7
3651 7
3652 9
3653 9
3654 8
3655 7
3656 7
3657 7
3658 7
3659 7
3660 8
3661 10
3662 10
3663 12
3664 11
3665 10
3666 10
3667 10
3668 10
3669 10
3670 10
3671 8
3672 7
3673 7
3674 7
3675 6
3676 3
3677 3
3678 1
3679 3
3680 3
3681 3
3682 5
3683 8
3684 8
3685 6
3686 5
3687 8
3688 7
3689 5
3690 4
3691 2
3692 2
3693 3
3694 4
3695 4
3696 3
3697 1
3698 1
3699 3
3700 5
3701 4
3702 4
3703 2
3704 2
3705 1
3706 5
3707 5
3708 4
3709 4
3710 6
3711 4
3712 4
3713 2
3714 0
3715 3
3716 1
3717 5
3718 6
3719 6
3720 5
3721 6
3722 6
3723 4
3724 3
3725 1
3726 2
3727 3
3728 0
3729 3
3730 4
3731 2
3732 6
3733 4
3734 5
3735 4
3736 5
3737 4
3738 4
3739 4
3740 3
3741 1
3742 3
3743 1
3744 2
3745 6
3746 6
3747 6
3748 4
3749 3
3750 5
3751 5
3752 6
3753 8
3754 10
3755 13
3756 12
3757 15
3758 12
3759 10
3760 9
3761 9
3762 10
3763 11
3764 11
3765 10
3766 11
3767 10
3768 10
3769 10
3770 8
3771 9
3772 9
3773 8
3774 7
3775 5
3776 3
3777 3
3778 1
3779 3
3780 1
3781 1
3782 1
3783 4
3784 5
3785 7
3786 6
3787 7
3788 5
3789 4
3790 5
3791 8
3792 10
3793 10
3794 8
3795 8
3796 8
3797 11
3798 10
3799 12
3800 12
3801 12
3802 12
3803 12
3804 10
3805 10
3806 9
3807 7
3808 6
3809 4
3810 4
3811 4
3812 5
3813 5
3814 8
3815 9
3816 9
3817 9
3818 10
3819 9
3820 9
3821 8
3822 10
3823 12
3824 11
3825 11
3826 11
3827 8
3828 9
3829 8
3830 9
3831 8
3832 9
3833 11
3834 12
3835 13
3836 13
3837 12
3838 12
3839 11
3840 10
3841 10
3842 12
3843 11
3844 13
3845 13
3846 11
3847 9
3848 8
3849 7
3850 7
3851 5
3852 5
3853 5
3854 2
3855 4
3856 2
3857 0
3858 0
3859 4
3860 6
3861 3
3862 2
3863 2
3864 2
3865 3
3866 4
3867 5
3868 6
3869 6
3870 6
3871 7
3872 7
3873 8
3874 9
3875 11
3876 11
3877 10
3878 11
3879 10
3880 8
3881 7
3882 6
3883 6
3884 5
3885 3
3886 2
3887 3
3888 6
3889 8
3890 7
3891 12
3892 11
3893 10
3894 8
3895 6
3896 5
3897 6
3898 5
3899 4
3900 3
3901 5
3902 7
3903 6
3904 4
3905 2
3906 2
3907 2
3908 1
3909 5
3910 4
3911 5
3912 7
3913 7
3914 8
3915 9
3916 8
3917 10
3918 8
3919 8
3920 9
3921 8
3922 9
3923 8
3924 9
3925 8
3926 6
3927 8
3928 7
3929 9
3930 9
3931 9
3932 10
3933 10
3934 8
3935 5
3936 4
3937 4
3938 4
3939 2
3940 4
3941 4
3942 3
3943 2
3944 2
3945 3
3946 2
3947 2
3948 1
3949 2
3950 1
3951 3
3952 4
3953 6
3954 5
3955 7
3956 7
3957 8
3958 8
3959 10
3960 9
3961 9
3962 9
3963 8
3964 9
3965 9
3966 11
3967 12
3968 11
3969 11
3970 10
3971 11
3972 11
3973 12
3974 12
3975 10
3976 10
3977 10
3978 11
3979 11
3980 10
3981 10
3982 9
3983 9
3984 7
3985 6
3986 5
3987 3
3988 2
3989 5
3990 6
3991 10
3992 11
3993 11
3994 10
3995 9
3996 8
3997 6
3998 5
3999 3
4000 3
4001 1
4002 2
4003 4
4004 6
4005 7
4006 7
4007 5
4008 5
4009 3
4010 5
4011 4
4012 2
4013 0
4014 1
4015 3
4016 4
4017 4
4018 3
4019 3
4020 3
4021 1
4022 4
4023 2
4024 5
4025 4
4026 4
4027 2
4028 3
4029 2
4030 4
4031 4
4032 5
4033 3
4034 3
4035 3
4036 4
4037 3
4038 2
4039 3
4040 2
4041 2
4042 4
4043 4
4044 3
4045 3
4046 3
4047 6
4048 6
4049 6
4050 6
4051 4
4052 5
4053 3
4054 1
4055 4
4056 4
4057 1
4058 1
4059 2
4060 4
4061 4
4062 3
4063 3
4064 3
4065 3
4066 4
4067 4
4068 2
4069 2
4070 4
4071 3
4072 2
4073 2
4074 3
4075 5
4076 7
4077 6
4078 4
4079 3
4080 4
4081 6
4082 4
4083 5
4084 3
4085 3
4086 6
4087 6
4088 7
4089 7
4090 6
4091 5
4092 4
4093 3
4094 1
4095 3
4096 1
4097 4
4098 5
4099 2
4100 1
4101 0
4102 4
4103 4
4104 2
4105 1
4106 3
4107 3
4108 4
4109 4
4110 5
4111 5
4112 7
4113 7
4114 7
4115 6
4116 5
4117 3
4118 4
4119 7
4120 8
4121 6
4122 4
4123 3
4124 4
4125 5
4126 7
4127 6
4128 6
4129 6
4130 7
4131 6
4132 4
4133 5
4134 7
4135 8
4136 7
4137 10
4138 9
4139 8
4140 11
4141 10
4142 9
4143 7
4144 7
4145 5
4146 2
4147 1
4148 1
4149 2
4150 5
4151 7
4152 5
4153 6
4154 6
4155 5
4156 4
4157 6
4158 7
4159 8
4160 8
4161 8
4162 6
4163 5
4164 5
4165 6
4166 6
4167 7
4168 8
4169 6
4170 6
4171 7
4172 8
4173 10
4174 8
4175 8
4176 7
4177 4
4178 4
4179 4
4180 5
4181 5
4182 6
4183 4
4184 4
4185 2
4186 1
4187 4
4188 5
4189 5
4190 4
4191 2
4192 1
4193 5
4194 5
4195 7
4196 4
4197 5
4198 5
4199 5
4200 6
4201 6
4202 5
4203 7
4204 6
4205 5
4206 8
4207 10
4208 12
4209 12
4210 13
4211 12
4212 14
4213 13
4214 12
4215 14
4216 13
4217 12
4218 14
4219 14
4220 14
4221 15
4222 12
4223 11
4224 9
4225 9
4226 12
4227 13
4228 12
4229 13
4230 14
4231 13
4232 14
4233 15
4234 12
4235 12
4236 12
4237 12
4238 12
4239 12
4240 11
4241 9
4242 8
4243 9
4244 8
4245 7
4246 6
4247 6
4248 5
4249 3
4250 2
4251 2
4252 3
4253 3
4254 3
4255 3
4256 3
4257 1
4258 3
4259 2
4260 1
4261 3
4262 2
4263 3
4264 2
4265 4
4266 5
4267 4
4268 1
4269 3
4270 2
4271 3
4272 1
4273 2
4274 5
4275 2
4276 3
4277 5
4278 3
4279 5
4280 5
4281 2
4282 2
4283 1
4284 3
4285 5
4286 4
4287 4
4288 2
4289 0
4290 3
4291 2
4292 1
4293 4
4294 2
4295 4
4296 3
4297 3
4298 4
4299 4
4300 4
4301 1
4302 2
4303 1
4304 5
4305 5
4306 6
4307 4
4308 1
4309 3
4310 3
4311 2
4312 1
4313 3
4314 4
4315 6
4316 6
4317 6
4318 5
4319 6
4320 5
4321 6
4322 4
4323 2
4324 3
4325 2
4326 2
4327 2
4328 3
4329 1
4330 1
4331 4
4332 5
4333 3
4334 4
4335 3
4336 1
4337 3
4338 1
4339 4
4340 3
4341 3
4342 3
4343 5
4344 4
4345 2
4346 3
4347 3
4348 3
4349 2
4350 2
4351 1
4352 2
4353 4
4354 4
4355 5
4356 5
4357 4
4358 4
4359 3
4360 3
4361 2
4362 1
4363 2
4364 0
4365 5
4366 4
4367 3
4368 2
4369 1
4370 4
4371 6
4372 5
4373 6
4374 10
4375 13
4376 14
4377 14
4378 14
4379 14
4380 15
4381 12
4382 13
4383 13
4384 13
4385 13
4386 13
4387 14
4388 12
4389 11
4390 11
4391 12
4392 11
4393 14
4394 14
4395 13
4396 14
4397 15
4398 12
4399 13
4400 13
4401 14
4402 13
4403 13
4404 11
4405 13
4406 12
4407 16
4408 13
4409 11
4410 11
4411 11
4412 13
4413 12
4414 11
4415 11
4416 11
4417 13
4418 14
4419 14
4420 14
4421 13
4422 11
4423 9
4424 8
4425 7
4426 6
4427 9
4428 9
4429 7
4430 6
4431 4
4432 4
4433 3
4434 3
4435 4
4436 3
4437 2
4438 3
4439 5
4440 4
4441 5
4442 5
4443 4
4444 6
4445 7
4446 8
4447 8
4448 7
4449 5
4450 4
4451 4
4452 3
4453 3
4454 4
4455 1
4456 3
4457 3
4458 1
4459 1
4460 5
4461 6
4462 4
4463 2
4464 2
4465 1
4466 1
4467 3
4468 3
4469 4
4470 4
4471 4
4472 4
4473 5
4474 4
4475 4
4476 4
4477 4
4478 4
4479 5
4480 7
4481 6
4482 5
4483 4
4484 5
4485 6
4486 6
4487 7
4488 7
4489 6
4490 6
4491 6
4492 4
4493 4
4494 3
4495 2
4496 3
4497 4
4498 8
4499 10
4500 11
4501 10
4502 11
4503 10
4504 12
4505 12
4506 13
4507 13
4508 13
4509 12
4510 10
4511 8
4512 5
4513 3
4514 4
4515 2
4516 4
4517 3
4518 5
4519 3
4520 3
4521 1
4522 1
4523 4
4524 4
4525 5
4526 5
4527 6
4528 4
4529 3
4530 5
4531 6
4532 3
4533 2
4534 2
4535 4
4536 2
4537 0
4538 4
4539 4
4540 2
4541 5
4542 3
4543 2
4544 1
4545 1
4546 2
4547 7
4548 7
4549 9
4550 8
4551 8
4552 10
4553 11
4554 10
4555 8
4556 6
4557 6
4558 8
4559 7
4560 5
4561 5
4562 4
4563 1
4564 0
4565 4
4566 1
4567 1
4568 2
4569 2
4570 5
4571 4
4572 9
4573 7
4574 5
4575 3
4576 0
4577 2
4578 1
4579 2
4580 1
4581 5
4582 3
4583 4
4584 4
4585 3
4586 1
4587 4
4588 5
4589 6
4590 6
4591 6
4592 7
4593 7
4594 6
4595 5
4596 4
4597 1
4598 3
4599 2
4600 4
4601 3
4602 2
4603 3
4604 1
4605 2
4606 5
4607 6
4608 7
4609 4
4610 4
4611 5
4612 5
4613 9
4614 11
4615 11
4616 10
4617 8
4618 8
4619 7
4620 8
4621 8
4622 11
4623 13
4624 14
4625 12
4626 13
4627 14
4628 12
4629 12
4630 11
4631 12
4632 13
4633 12
4634 13
4635 14
4636 16
4637 13
4638 16
4639 13
4640 12
4641 12
4642 10
4643 13
4644 15
4645 12
4646 12
4647 10
4648 8
4649 9
4650 9
4651 6
4652 5
4653 5
4654 3
4655 2
4656 3
4657 1
4658 2
4659 2
4660 1
4661 3
4662 4
4663 2
4664 4
4665 2
4666 2
4667 3
4668 3
4669 4
4670 6
4671 4
4672 3
4673 2
4674 1
4675 2
4676 4
4677 3
4678 3
4679 2
4680 5
4681 3
4682 1
4683 7
4684 6
4685 7
4686 6
4687 6
4688 6
4689 5
4690 6
4691 6
4692 6
4693 7
4694 6
4695 4
4696 4
4697 2
4698 5
4699 7
4700 7
4701 8
4702 9
4703 11
4704 9
4705 9
4706 11
4707 14
4708 14
4709 14
4710 12
4711 12
4712 14
4713 15
4714 12
4715 13
4716 12
4717 11
4718 10
4719 10
4720 13
4721 13
4722 14
4723 15
4724 12
4725 12
4726 13
4727 11
4728 9
4729 10
4730 9
4731 9
4732 10
4733 8
4734 7
4735 5
4736 4
4737 4
4738 8
4739 10
4740 11
4741 9
4742 7
4743 9
4744 10
4745 10
4746 9
4747 9
4748 9
4749 7
4750 5
4751 5
4752 3
4753 0
4754 2
4755 4
4756 1
4757 3
4758 1
4759 2
4760 5
4761 5
4762 4
4763 4
4764 2
4765 6
4766 8
4767 9
4768 11
4769 12
4770 12
4771 15
4772 12
4773 11
4774 10
4775 9
4776 6
4777 5
4778 5
4779 5
4780 4
4781 6
4782 5
4783 5
4784 4
4785 5
4786 8
4787 9
4788 6
4789 5
4790 4
4791 3
4792 4
4793 5
4794 5
4795 5
4796 6
4797 3
4798 3
4799 3
4800 5
4801 3
4802 5
4803 4
4804 4
4805 5
4806 5
4807 4
4808 6
4809 7
4810 4
4811 5
4812 6
4813 8
4814 7
4815 6
4816 10
4817 9
4818 8
4819 11
4820 13
4821 12
4822 10
4823 9
4824 10
4825 9
4826 9
4827 9
4828 6
4829 7
4830 8
4831 9
4832 9
4833 10
4834 11
4835 11
4836 11
4837 10
4838 9
4839 7
4840 4
4841 4
4842 4
4843 4
4844 5
4845 7
4846 7
4847 8
4848 7
4849 8
4850 10
4851 8
4852 5
4853 3
4854 4
4855 2
4856 2
4857 4
4858 7
4859 8
4860 7
4861 11
4862 14
4863 13
4864 13
4865 10
4866 8
4867 9
4868 11
4869 11
4870 8
4871 7
4872 7
4873 7
4874 7
4875 8
4876 7
4877 7
4878 8
4879 6
4880 5
4881 5
4882 3
4883 6
4884 6
4885 6
4886 5
4887 6
4888 5
4889 5
4890 4
4891 5
4892 5
4893 7
4894 7
4895 6
4896 6
4897 6
4898 7
4899 7
4900 6
4901 4
4902 3
4903 2
4904 2
4905 5
4906 6
4907 6
4908 4
4909 4
4910 8
4911 10
4912 10
4913 9
4914 10
4915 10
4916 8
4917 7
4918 9
4919 11
4920 10
4921 9
4922 8
4923 10
4924 9
4925 12
4926 13
4927 11
4928 8
4929 8
4930 9
4931 12
4932 14
4933 12
4934 10
4935 10
4936 10
4937 10
4938 11
4939 11
4940 9
4941 8
4942 7
4943 6
4944 6
4945 4
4946 5
4947 4
4948 4
4949 6
4950 5
4951 6
4952 4
4953 1
4954 0
4955 6
4956 5
4957 6
4958 5
4959 8
4960 9
4961 10
4962 8
4963 9
4964 8
4965 6
4966 7
4967 6
4968 6
4969 6
4970 8
4971 10
4972 9
4973 9
4974 11
4975 12
4976 13
4977 14
4978 14
4979 16
4980 13
4981 14
4982 14
4983 12
4984 10
4985 7
4986 7
4987 8
4988 8
4989 7
4990 7
4991 5
4992 5
4993 7
4994 5
4995 4
4996 5
4997 4
4998 2
4999 2
5000 2
5001 1
5002 1
5003 2
5004 3
5005 2
5006 3
5007 3
5008 2
5009 4
5010 3
5011 3
5012 1
5013 5
5014 3
5015 4
5016 4
5017 3
5018 4
5019 4
5020 3
5021 1
5022 0
5023 2
5024 1
5025 1
5026 5
5027 5
5028 4
5029 6
5030 6
5031 7
5032 9
5033 9
5034 7
5035 6
5036 6
5037 7
5038 6
5039 6
5040 5
5041 6
5042 9
5043 8
5044 11
5045 11
5046 11
5047 11
5048 12
5049 11
5050 10
5051 8
5052 9
5053 11
5054 10
5055 8
5056 7
5057 6
5058 4
5059 4
5060 3
5061 5
5062 8
5063 8
5064 8
5065 7
5066 8
5067 9
5068 10
5069 11
5070 11
5071 10
5072 10
5073 10
5074 11
5075 10
5076 12
5077 13
5078 11
5079 9
5080 8
5081 7
5082 5
5083 6
5084 6
5085 5
5086 2
5087 6
5088 5
5089 4
5090 4
5091 3
5092 3
5093 3
5094 4
5095 3
5096 3
5097 4
5098 2
5099 2
5100 4
5101 5
5102 5
5103 5
5104 4
5105 4
5106 2
5107 1
5108 2
5109 1
5110 1
5111 1
5112 1
5113 1
5114 3
5115 3
5116 3
5117 3
5118 6
5119 7
5120 7
5121 7
5122 7
5123 5
5124 3
5125 2
5126 3
5127 5
5128 2
5129 3
5130 3
5131 3
5132 6
5133 6
5134 6
5135 5
5136 5
5137 8
5138 10
5139 8
5140 8
5141 7
5142 5
5143 8
5144 7
5145 8
5146 5
5147 5
5148 3
5149 1
5150 2
5151 3
5152 5
5153 3
5154 1
5155 5
5156 6
5157 8
5158 6
5159 3
5160 2
5161 5
5162 4
5163 2
5164 3
5165 4
5166 4
5167 1
5168 3
5169 2
5170 3
5171 6
5172 7
5173 8
5174 8
5175 9
5176 9
5177 10
5178 11
5179 10
5180 11
5181 9
5182 8
5183 8
5184 6
5185 10
5186 10
5187 10
5188 7
5189 5
5190 4
5191 5
5192 3
5193 1
5194 1
5195 4
5196 5
5197 2
5198 2
5199 2
5200 2
5201 5
5202 5
5203 5
5204 5
5205 5
5206 5
5207 6
5208 5
5209 8
5210 9
5211 9
5212 6
5213 6
5214 8
5215 9
5216 9
5217 7
5218 6
5219 7
5220 8
5221 7
5222 6
5223 7
5224 7
5225 5
5226 6
5227 6
5228 4
5229 4
5230 4
5231 3
5232 4
5233 1
5234 1
5235 3
5236 3
5237 5
5238 4
5239 5
5240 5
5241 5
5242 6
5243 7
5244 5
5245 6
5246 6
5247 7
5248 4
5249 6
5250 3
5251 1
5252 5
5253 5
5254 4
5255 5
5256 2
5257 4
5258 2
5259 5
5260 6
5261 5
5262 5
5263 5
5264 5
5265 2
5266 2
5267 2
5268 4
5269 5
5270 5
5271 4
5272 2
5273 2
5274 2
5275 4
5276 3
5277 5
5278 7
5279 8
5280 6
5281 6
5282 6
5283 5
5284 5
5285 2
5286 2
5287 2
5288 2
5289 0
5290 2
5291 3
5292 2
5293 3
5294 3
5295 3
5296 4
5297 5
5298 4
5299 6
5300 7
5301 5
5302 5
5303 3
5304 1
5305 5
5306 5
5307 5
5308 4
5309 4
5310 4
5311 5
5312 6
5313 7
5314 10
5315 8
5316 7
5317 7
5318 6
5319 5
5320 4
5321 2
5322 2
5323 2
5324 3
5325 1
5326 6
5327 5
5328 6
5329 6
5330 8
5331 8
5332 8
5333 7
5334 7
5335 5
5336 2
5337 1
5338 2
5339 2
5340 1
5341 2
5342 5
5343 6
5344 6
5345 6
5346 6
5347 6
5348 4
5349 3
5350 3
5351 1
5352 5
5353 3
5354 0
5355 2
5356 2
5357 5
5358 5
5359 6
5360 5
5361 5
5362 4
5363 4
5364 6
5365 7
5366 8
5367 8
5368 8
5369 9
5370 7
5371 8
5372 6
5373 8
5374 7
5375 7
5376 6
5377 6
5378 7
5379 7
5380 4
5381 4
5382 4
5383 2
5384 1
5385 2
5386 1
5387 1
5388 2
5389 2
5390 5
5391 5
5392 6
5393 5
5394 2
5395 2
5396 1
5397 1
5398 3
5399 2
5400 2
5401 3
5402 3
5403 4
5404 1
5405 2
5406 4
5407 3
5408 3
5409 6
5410 6
5411 7
5412 6
5413 7
5414 8
5415 9
5416 8
5417 10
5418 8
5419 6
5420 8
5421 9
5422 7
5423 4
5424 3
5425 3
5426 4
5427 3
5428 4
5429 2
5430 1
5431 1
5432 2
5433 3
5434 2
5435 2
5436 4
5437 6
5438 6
5439 7
5440 7
5441 7
5442 5
5443 4
5444 4
5445 6
5446 5
5447 6
5448 5
5449 3
5450 6
5451 4
5452 4
5453 3
5454 3
5455 2
5456 2
5457 3
5458 4
5459 6
5460 5
5461 5
5462 5
5463 2
5464 5
5465 6
5466 5
5467 6
5468 4
5469 2
5470 2
5471 2
5472 3
5473 3
5474 2
5475 4
5476 3
5477 0
5478 4
5479 4
5480 4
5481 4
5482 3
5483 4
5484 5
5485 3
5486 2
5487 3
5488 6
5489 7
5490 5
5491 4
5492 4
5493 4
5494 3
5495 7
5496 7
5497 5
5498 6
5499 7
5500 7
5501 6
5502 7
5503 5
5504 6
5505 7
5506 5
5507 4
5508 4
5509 7
5510 7
5511 9
5512 7
5513 7
5514 7
5515 5
5516 3
5517 6
5518 5
5519 4
5520 4
5521 1
5522 2
5523 4
5524 2
5525 4
5526 3
5527 4
5528 5
5529 4
5530 2
5531 4
5532 3
5533 1
5534 2
5535 2
5536 2
5537 3
5538 4
5539 1
5540 2
5541 2
5542 4
5543 4
5544 1
5545 2
5546 4
5547 4
5548 2
5549 2
5550 2
5551 2
5552 4
5553 2
5554 1
5555 5
5556 5
5557 3
5558 1
5559 1
5560 3
5561 0
5562 1
5563 3
5564 2
5565 2
5566 3
5567 5
5568 5
5569 6
5570 5
5571 5
5572 5
5573 5
5574 7
5575 5
5576 4
5577 8
5578 7
5579 8
5580 10
5581 9
5582 9
5583 6
5584 8
5585 8
5586 6
5587 9
5588 10
5589 10
5590 8
5591 9
5592 8
5593 9
5594 10
5595 11
5596 14
5597 13
5598 13
5599 12
5600 11
5601 11
5602 11
5603 11
5604 9
5605 7
5606 7
5607 7
5608 6
5609 6
5610 6
5611 4
5612 6
5613 5
5614 6
5615 4
5616 1
5617 3
5618 2
5619 2
5620 0
5621 2
5622 3
5623 2
5624 1
5625 2
5626 3
5627 3
5628 3
5629 3
5630 2
5631 1
5632 3
5633 4
5634 3
5635 3
5636 3
5637 6
5638 4
5639 3
5640 2
5641 3
5642 7
5643 9
5644 8
5645 5
5646 4
5647 6
5648 9
5649 10
5650 9
5651 11
5652 10
5653 10
5654 10
5655 9
5656 11
5657 10
5658 11
5659 11
5660 11
5661 11
5662 10
5663 13
5664 11
5665 14
5666 13
5667 14
5668 15
5669 12
5670 13
5671 12
5672 11
5673 11
5674 11
5675 11
5676 12
5677 11
5678 10
5679 11
5680 9
5681 8
5682 6
5683 6
5684 7
5685 8
5686 8
5687 9
5688 10
5689 8
5690 10
5691 12
5692 14
5693 15
5694 12
5695 13
5696 13
5697 14
5698 14
5699 12
5700 14
5701 14
5702 16
5703 13
5704 14
5705 12
5706 12
5707 12
5708 14
5709 13
5710 13
5711 14
5712 16
5713 13
5714 14
5715 13
5716 13
5717 16
5718 13
5719 14
5720 16
5721 13
5722 13
5723 15
5724 12
5725 9
5726 7
5727 4
5728 5
5729 3
5730 6
5731 10
5732 11
5733 10
5734 8
5735 8
5736 8
5737 9
5738 8
5739 8
5740 7
5741 8
5742 8
5743 7
5744 5
5745 7
5746 6
5747 5
5748 6
5749 6
5750 8
5751 8
5752 7
5753 6
5754 6
5755 6
5756 8
5757 8
5758 5
5759 4
5760 2
5761 3
5762 3
5763 2
5764 1
5765 1
5766 5
5767 5
5768 8
5769 7
5770 11
5771 11
5772 9
5773 8
5774 6
5775 6
5776 6
5777 5
5778 2
5779 3
5780 4
5781 2
5782 5
5783 5
5784 5
5785 5
5786 4
5787 7
5788 6
5789 6
5790 3
5791 4
5792 4
5793 5
5794 5
5795 6
5796 5
5797 5
5798 6
5799 8
5800 8
5801 6
5802 3
5803 3
5804 5
5805 2
5806 4
5807 3
5808 6
5809 7
5810 5
5811 3
5812 1
5813 2
5814 2
5815 7
5816 10
5817 11
5818 10
5819 11
5820 14
5821 14
5822 13
5823 13
5824 13
5825 12
5826 13
5827 13
5828 14
5829 13
5830 11
5831 13
5832 14
5833 15
5834 12
5835 12
5836 13
5837 12
5838 12
5839 10
5840 7
5841 6
5842 5
5843 4
5844 5
5845 4
5846 4
5847 4
5848 2
5849 4
5850 4
5851 4
5852 4
5853 8
5854 5
5855 5
5856 3
5857 2
5858 3
5859 0
5860 0
5861 5
5862 4
5863 4
5864 5
5865 5
5866 6
5867 7
5868 6
5869 5
5870 9
5871 9
5872 9
5873 9
5874 6
5875 7
5876 6
5877 5
5878 5
5879 5
5880 4
5881 5
5882 4
5883 5
5884 8
5885 8
5886 8
5887 10
5888 8
5889 8
5890 11
5891 10
5892 9
5893 11
5894 11
5895 12
5896 11
5897 11
5898 10
5899 10
5900 9
5901 7
5902 7
5903 7
5904 6
5905 5
5906 6
5907 6
5908 3
5909 1
5910 0
5911 2
5912 3
5913 5
5914 4
5915 4
5916 3
5917 3
5918 3
5919 4
5920 4
5921 3
5922 3
5923 2
5924 0
5925 1
5926 2
5927 2
5928 2
5929 2
5930 0
5931 5
5932 8
5933 5
5934 8
5935 9
5936 11
5937 12
5938 10
5939 7
5940 6
5941 4
5942 5
5943 4
5944 6
5945 6
5946 4
5947 4
5948 5
5949 5
5950 7
5951 6
5952 8
5953 8
5954 8
5955 7
5956 6
5957 3
5958 2
5959 3
5960 2
5961 3
5962 3
5963 2
5964 2
5965 2
5966 3
5967 3
5968 2
5969 1
5970 5
5971 3
5972 4
5973 2
5974 5
5975 9
5976 10
5977 10
5978 8
5979 8
5980 7
5981 6
5982 4
5983 2
5984 3
5985 2
5986 3
5987 3
5988 6
5989 5
5990 5
5991 5
5992 3
5993 3
5994 3
5995 3
5996 3
5997 2
5998 4
5999 6
6000 5
6001 4
6002 4
6003 3
6004 4
6005 6
6006 4
6007 4
6008 5
6009 4
6010 4
6011 4
6012 5
6013 4
6014 7
6015 7
6016 6
6017 4
6018 7
6019 5
6020 3
6021 6
6022 6
6023 4
6024 4
6025 4
6026 2
6027 5
6028 7
6029 9
6030 9
6031 8
6032 9
6033 11
6034 9
6035 7
6036 10
6037 13
6038 10
6039 12
6040 11
6041 12
6042 13
6043 11
6044 11
6045 14
6046 13
6047 12
6048 12
6049 12
6050 11
6051 12
6052 12
6053 10
6054 10
6055 8
6056 8
6057 10
6058 9
6059 10
6060 10
6061 12
6062 11
6063 9
6064 10
6065 10
6066 10
6067 10
6068 8
6069 7
6070 6
6071 5
6072 4
6073 5
6074 6
6075 8
6076 9
6077 7
6078 10
6079 11
6080 12
6081 11
6082 11
6083 12
6084 11
6085 8
6086 7
6087 6
6088 5
6089 7
6090 8
6091 7
6092 6
6093 5
6094 5
6095 5
6096 6
6097 5
6098 7
6099 10
6100 10
6101 10
6102 10
6103 10
6104 13
6105 11
6106 12
6107 14
6108 11
6109 14
6110 14
6111 13
6112 15
6113 12
6114 12
6115 11
6116 10
6117 11
6118 11
6119 14
6120 13
6121 13
6122 14
6123 16
6124 13
6125 11
6126 11
6127 11
6128 12
6129 10
6130 12
6131 14
6132 13
6133 12
6134 13
6135 12
6136 14
6137 13
6138 13
6139 14
6140 14
6141 14
6142 14
6143 15
6144 12
6145 14
6146 13
6147 12
6148 10
6149 10
6150 12
6151 11
6152 12
6153 12
6154 12
6155 10
6156 8
6157 8
6158 8
6159 7
6160 7
6161 8
6162 6
6163 6
6164 5
6165 5
6166 5
6167 6
6168 5
6169 6
6170 5
6171 7
6172 6
6173 7
6174 5
6175 5
6176 6
6177 6
6178 5
6179 6
6180 5
6181 8
6182 5
6183 3
6184 3
6185 1
6186 4
6187 5
6188 5
6189 6
6190 5
6191 3
6192 3
6193 1
6194 3
6195 2
6196 4
6197 3
6198 7
6199 6
6200 8
6201 7
6202 6
6203 6
6204 6
6205 5
6206 6
6207 7
6208 7
6209 6
6210 5
6211 6
6212 4
6213 4
6214 4
6215 2
6216 3
6217 3
6218 3
6219 2
6220 3
6221 2
6222 4
6223 3
6224 2
6225 4
6226 6
6227 8
6228 9
6229 9
6230 10
6231 12
6232 11
6233 12
6234 13
6235 15
6236 12
6237 13
6238 14
6239 17
6240 14
6241 13
6242 12
6243 11
6244 12
6245 14
6246 13
6247 14
6248 16
6249 13
6250 12
6251 11
6252 9
6253 9
6254 11
6255 11
6256 11
6257 10
6258 12
6259 12
6260 13
6261 13
6262 11
6263 11
6264 12
6265 12
6266 12
6267 11
6268 11
6269 10
6270 10
6271 12
6272 14
6273 13
6274 12
6275 12
6276 10
6277 11
6278 10
6279 12
6280 12
6281 13
6282 17
6283 14
6284 14
6285 14
6286 13
6287 11
6288 12
6289 11
6290 11
6291 10
6292 8
6293 10
6294 9
6295 10
6296 11
6297 11
6298 12
6299 12
6300 15
6301 12
6302 12
6303 11
6304 9
6305 12
6306 13
6307 15
6308 12
6309 10
6310 9
6311 7
6312 6
6313 6
6314 5
6315 5
6316 7
6317 6
6318 6
6319 6
6320 4
6321 3
6322 1
6323 4
6324 4
6325 6
6326 5
6327 5
6328 4
6329 2
6330 2
6331 6
6332 5
6333 5
6334 4
6335 4
6336 3
6337 3
6338 5
6339 4
6340 2
6341 2
6342 1
6343 1
6344 3
6345 3
6346 2
6347 2
6348 3
6349 2
6350 2
6351 2
6352 1
6353 1
6354 5
6355 4
6356 6
6357 10
6358 10
6359 12
6360 12
6361 14
6362 15
6363 12
6364 12
6365 9
6366 9
6367 9
6368 8
6369 7
6370 6
6371 6
6372 5
6373 3
6374 3
6375 2
6376 3
6377 2
6378 3
6379 2
6380 4
6381 2
6382 3
6383 1
6384 3
6385 3
6386 1
6387 1
6388 0
6389 3
6390 1
6391 3
6392 1
6393 2
6394 4
6395 4
6396 7
6397 6
6398 6
6399 7
6400 6
6401 7
6402 7
6403 4
6404 4
6405 2
6406 2
6407 4
6408 4
6409 7
6410 6
6411 5
6412 4
6413 6
6414 6
6415 4
6416 6
6417 5
6418 4
6419 6
6420 5
6421 4
6422 3
6423 1
6424 5
6425 6
6426 7
6427 6
6428 4
6429 3
6430 4
6431 5
6432 6
6433 5
6434 4
6435 3
6436 1
6437 3
6438 2
6439 4
6440 6
6441 4
6442 4
6443 4
6444 3
6445 4
6446 2
6447 2
6448 1
6449 2
6450 2
6451 5
6452 3
6453 2
6454 4
6455 6
6456 7
6457 6
6458 6
6459 4
6460 3
6461 3
6462 2
6463 3
6464 2
6465 3
6466 2
6467 6
6468 6
6469 6
6470 6
6471 5
6472 7
6473 8
6474 8
6475 6
6476 7
6477 7
6478 4
6479 4
6480 4
6481 2
6482 3
6483 2
6484 2
6485 3
6486 5
6487 4
6488 2
6489 1
6490 3
6491 4
6492 6
6493 3
6494 2
6495 1
6496 3
6497 2
6498 3
6499 1
6500 2
6501 2
6502 3
6503 6
6504 9
6505 10
6506 12
6507 11
6508 13
6509 12
6510 13
6511 10
6512 7
6513 7
6514 10
6515 8
6516 6
6517 4
6518 8
6519 9
6520 7
6521 6
6522 7
6523 6
6524 6
6525 5
6526 3
6527 1
6528 3
6529 3
6530 3
6531 5
6532 3
6533 3
6534 4
6535 3
6536 4
6537 3
6538 1
6539 2
6540 4
6541 7
6542 4
6543 3
6544 4
6545 3
6546 1
6547 4
6548 5
6549 2
6550 3
6551 1
6552 4
6553 1
6554 2
6555 2
6556 4
6557 4
6558 5
6559 5
6560 5
6561 4
6562 4
6563 3
6564 3
6565 4
6566 6
6567 6
6568 3
6569 5
6570 6
6571 4
6572 3
6573 1
6574 5
6575 8
6576 8
6577 8
6578 7
6579 6
6580 5
6581 4
6582 3
6583 5
6584 7
6585 6
6586 4
6587 4
6588 3
6589 2
6590 0
6591 1
6592 4
6593 4
6594 1
6595 2
6596 0
6597 3
6598 5
6599 4
6600 6
6601 7
6602 8
6603 7
6604 8
6605 8
6606 7
6607 7
6608 6
6609 6
6610 5
6611 5
6612 6
6613 4
6614 3
6615 4
6616 5
6617 5
6618 7
6619 7
6620 7
6621 6
6622 5
6623 4
6624 3
6625 6
6626 8
6627 7
6628 7
6629 9
6630 8
6631 8
6632 6
6633 6
6634 8
6635 8
6636 7
6637 6
6638 7
6639 8
6640 7
6641 8
6642 7
6643 6
6644 3
6645 2
6646 1
6647 4
6648 3
6649 2
6650 7
6651 8
6652 7
6653 7
6654 5
6655 5
6656 6
6657 7
6658 8
6659 6
6660 6
6661 4
6662 5
6663 6
6664 8
6665 9
6666 9
6667 9
6668 8
6669 8
6670 7
6671 7
6672 7
6673 6
6674 4
6675 7
6676 6
6677 4
6678 4
6679 7
6680 7
6681 5
6682 4
6683 3
6684 2
6685 4
6686 3
6687 2
6688 2
6689 3
6690 5
6691 5
6692 3
6693 3
6694 1
6695 3
6696 1
6697 0
6698 1
6699 4
6700 6
6701 6
6702 6
6703 10
6704 15
6705 12
6706 11
6707 10
6708 9
6709 9
6710 11
6711 11
6712 10
6713 11
6714 9
6715 9
6716 8
6717 9
6718 8
6719 8
6720 6
6721 6
6722 5
6723 5
6724 3
6725 1
6726 6
6727 5
6728 5
6729 6
6730 7
6731 6
6732 3
6733 0
6734 4
6735 4
6736 1
6737 4
6738 3
6739 6
6740 7
6741 6
6742 6
6743 5
6744 4
6745 3
6746 4
6747 2
6748 1
6749 3
6750 2
6751 3
6752 7
6753 8
6754 7
6755 6
6756 5
6757 4
6758 3
6759 3
6760 2
6761 2
6762 3
6763 3
6764 3
6765 3
6766 0
6767 3
6768 1
6769 5
6770 5
6771 5
6772 4
6773 3
6774 6
6775 7
6776 8
6777 7
6778 7
6779 6
6780 4
6781 3
6782 1
6783 1
6784 2
6785 3
6786 1
6787 0
6788 4
6789 1
6790 1
6791 2
6792 4
6793 3
6794 3
6795 5
6796 5
6797 5
6798 6
6799 6
6800 5
6801 6
6802 3
6803 4
6804 4
6805 7
6806 4
6807 4
6808 4
6809 6
6810 5
6811 4
6812 2
6813 2
6814 1
6815 1
6816 1
6817 4
6818 2
6819 2
6820 2
6821 2
6822 3
6823 4
6824 3
6825 4
6826 2
6827 1
6828 3
6829 6
6830 5
6831 5
6832 5
6833 4
6834 3
6835 4
6836 3
6837 4
6838 3
6839 2
6840 2
6841 1
6842 0
6843 0
6844 2
6845 1
6846 4
6847 3
6848 2
6849 3
6850 3
6851 2
6852 3
6853 4
6854 2
6855 4
6856 8
6857 9
6858 11
6859 10
6860 9
6861 8
6862 7
6863 6
6864 6
6865 6
6866 8
6867 9
6868 7
6869 9
6870 9
6871 8
6872 9
6873 11
6874 11
6875 10
6876 9
6877 8
6878 9
6879 9
6880 9
6881 7
6882 6
6883 5
6884 3
6885 3
6886 2
6887 4
6888 4
6889 2
6890 4
6891 2
6892 3
6893 4
6894 2
6895 0
6896 2
6897 3
6898 3
6899 2
6900 1
6901 5
6902 2
6903 2
6904 3
6905 1
6906 2
6907 4
6908 4
6909 2
6910 2
6911 4
6912 3
6913 3
6914 1
6915 3
6916 1
6917 2
6918 4
6919 2
6920 2
6921 4
6922 2
6923 0
6924 5
6925 5
6926 4
6927 4
6928 5
6929 7
6930 8
6931 7
6932 4
6933 3
6934 4
6935 2
6936 4
6937 5
6938 2
6939 2
6940 2
6941 1
6942 2
6943 5
6944 5
6945 2
6946 0
6947 3
6948 1
6949 4
6950 5
6951 2
6952 2
6953 2
6954 3
6955 4
6956 3
6957 3
6958 3
6959 1
6960 3
6961 3
6962 3
6963 3
6964 2
6965 2
6966 3
6967 3
6968 3
6969 4
6970 3
6971 2
6972 4
6973 5
6974 5
6975 3
6976 1
6977 4
6978 2
6979 4
6980 2
6981 3
6982 2
6983 2
6984 5
6985 5
6986 4
6987 3
6988 3
6989 1
6990 3
6991 3
6992 5
6993 5
6994 6
6995 6
6996 6
6997 3
6998 3
6999 6
7000 7
7001 8
7002 9
7003 8
7004 7
7005 10
7006 9
7007 9
7008 9
7009 8
7010 10
7011 10
7012 8
7013 6
7014 8
7015 8
7016 6
7017 8
7018 8
7019 7
7020 6
7021 6
7022 5
7023 2
7024 2
7025 4
7026 6
7027 7
7028 7
7029 5
7030 6
7031 5
7032 4
7033 3
7034 2
7035 7
7036 6
7037 6
7038 5
7039 4
7040 6
7041 6
7042 5
7043 3
7044 3
7045 1
7046 4
7047 1
7048 3
7049 2
7050 3
7051 3
7052 6
7053 4
7054 3
7055 6
7056 7
7057 5
7058 5
7059 6
7060 5
7061 4
7062 5
7063 4
7064 4
7065 6
7066 5
7067 7
7068 6
7069 7
7070 7
7071 8
7072 7
7073 9
7074 9
7075 9
7076 9
7077 10
7078 8
7079 6
7080 5
7081 5
7082 4
7083 5
7084 3
7085 3
7086 2
7087 2
7088 3
7089 5
7090 5
7091 4
7092 6
7093 7
7094 6
7095 5
7096 3
7097 2
7098 4
7099 1
7100 1
7101 5
7102 4
7103 1
7104 4
7105 3
7106 2
7107 1
7108 8
7109 8
7110 6
7111 7
7112 7
7113 7
7114 8
7115 7
7116 7
7117 8
7118 12
7119 11
7120 11
7121 10
7122 7
7123 10
7124 12
7125 13
7126 14
7127 14
7128 15
7129 12
7130 10
7131 10
7132 9
7133 10
7134 10
7135 11
7136 14
7137 13
7138 12
7139 10
7140 11
7141 12
7142 9
7143 9
7144 9
7145 10
7146 9
7147 9
7148 10
7149 9
7150 9
7151 11
7152 10
7153 12
7154 10
7155 9
7156 7
7157 7
7158 4
7159 5
7160 4
7161 2
7162 4
7163 2
7164 2
7165 1
7166 5
7167 7
7168 7
7169 10
7170 11
7171 12
7172 12
7173 14
7174 16
7175 13
7176 15
7177 12
7178 14
7179 19
7180 16
7181 13
7182 13
7183 12
7184 13
7185 13
7186 11
7187 12
7188 13
7189 13
7190 15
7191 12
7192 13
7193 13
7194 13
7195 14
7196 13
7197 14
7198 17
7199 14
7200 15
7201 12
7202 12
7203 12
7204 12
7205 11
7206 10
7207 11
7208 11
7209 13
7210 12
7211 10
7212 10
7213 10
7214 9
7215 8
7216 8
7217 7
7218 5
7219 7
7220 5
7221 5
7222 7
7223 7
7224 8
7225 9
7226 7
7227 4
7228 2
7229 3
7230 3
7231 3
7232 3
7233 6
7234 9
7235 8
7236 8
7237 8
7238 5
7239 3
7240 3
7241 2
7242 4
7243 2
7244 3
7245 1
7246 3
7247 5
7248 4
7249 1
7250 2
7251 1
7252 1
7253 2
7254 3
7255 1
7256 3
7257 3
7258 3
7259 1
7260 6
7261 5
7262 6
7263 5
7264 5
7265 4
7266 4
7267 7
7268 7
7269 5
7270 5
7271 5
7272 6
7273 6
7274 7
7275 6
7276 4
7277 4
7278 6
7279 5
7280 6
7281 6
7282 3
7283 4
7284 4
7285 5
7286 4
7287 4
7288 2
7289 4
7290 4
7291 5
7292 7
7293 7
7294 7
7295 5
7296 6
7297 5
7298 4
7299 3
7300 3
7301 1
7302 4
7303 6
7304 4
7305 4
7306 4
7307 3
7308 4
7309 2
7310 0
7311 2
7312 2
7313 4
7314 3
7315 0
7316 6
7317 4
7318 3
7319 3
7320 3
7321 2
7322 2
7323 2
7324 0
7325 3
7326 3
7327 2
7328 2
7329 2
7330 3
7331 2
7332 1
7333 2
7334 2
7335 3
7336 2
7337 3
7338 1
7339 1
7340 3
7341 0
7342 2
7343 5
7344 4
7345 2
7346 5
7347 4
7348 6
7349 6
7350 7
7351 7
7352 7
7353 10
7354 14
7355 16
7356 13
7357 11
7358 11
7359 9
7360 11
7361 9
7362 11
7363 10
7364 10
7365 10
7366 8
7367 8
7368 6
7369 7
7370 6
7371 7
7372 5
7373 5
7374 5
7375 3
7376 0
7377 2
7378 4
7379 7
7380 6
7381 5
7382 3
7383 3
7384 1
7385 4
7386 6
7387 6
7388 4
7389 5
7390 3
7391 6
7392 4
7393 2
7394 6
7395 5
7396 4
7397 1
7398 1
7399 0
7400 4
7401 1
7402 2
7403 4
7404 7
7405 6
7406 5
7407 6
7408 4
7409 4
7410 3
7411 1
7412 2
7413 6
7414 6
7415 4
7416 1
7417 4
7418 4
7419 4
7420 5
7421 6
7422 8
7423 7
7424 6
7425 6
7426 8
7427 10
7428 10
7429 7
7430 8
7431 7
7432 6
7433 6
7434 3
7435 4
7436 5
7437 4
7438 6
7439 4
7440 6
7441 5
7442 5
7443 5
7444 4
7445 1
7446 2
7447 2
7448 3
7449 1
7450 3
7451 4
7452 5
7453 6
7454 4
7455 3
7456 3
7457 3
7458 1
7459 5
7460 3
7461 2
7462 5
7463 5
7464 5
7465 5
7466 5
7467 6
7468 5
7469 6
7470 6
7471 6
7472 5
7473 4
7474 5
7475 3
7476 5
7477 5
7478 4
7479 6
7480 6
7481 8
7482 8
7483 6
7484 4
7485 3
7486 5
7487 6
7488 5
7489 6
7490 5
7491 3
7492 2
7493 5
7494 5
7495 2
7496 2
7497 2
7498 3
7499 1
7500 5
7501 6
7502 3
7503 3
7504 0
7505 2
7506 2
7507 1
7508 3
7509 3
7510 5
7511 2
7512 1
7513 0
7514 2
7515 3
7516 5
7517 5
7518 7
7519 5
7520 2
7521 2
7522 3
7523 3
7524 2
7525 4
7526 6
7527 6
7528 4
7529 5
7530 7
7531 7
7532 6
7533 7
7534 7
7535 6
7536 6
7537 5
7538 3
7539 4
7540 4
7541 2
7542 2
7543 4
7544 4
7545 2
7546 2
7547 1
7548 3
7549 4
7550 5
7551 3
7552 3
7553 4
7554 5
7555 5
7556 7
7557 8
7558 8
7559 8
7560 7
7561 7
7562 5
7563 5
7564 4
7565 3
7566 5
7567 6
7568 5
7569 5
7570 6
7571 5
7572 3
7573 2
7574 1
7575 2
7576 2
7577 3
7578 3
7579 2
7580 2
7581 2
7582 1
7583 5
7584 6
7585 6
7586 6
7587 6
7588 5
7589 5
7590 8
7591 6
7592 5
7593 4
7594 4
7595 2
7596 3
7597 2
7598 2
7599 3
7600 2
7601 2
7602 3
7603 4
7604 4
7605 4
7606 4
7607 4
7608 3
7609 5
7610 4
7611 3
7612 3
7613 1
7614 4
7615 5
7616 4
7617 6
7618 5
7619 6
7620 7
7621 8
7622 7
7623 7
7624 6
7625 8
7626 7
7627 9
7628 9
7629 7
7630 8
7631 9
7632 8
7633 8
7634 6
7635 7
7636 8
7637 6
7638 6
7639 5
7640 5
7641 7
7642 8
7643 7
7644 6
7645 5
7646 3
7647 3
7648 4
7649 4
7650 4
7651 7
7652 5
7653 5
7654 4
7655 3
7656 3
7657 0
7658 5
7659 6
7660 4
7661 2
7662 2
7663 2
7664 1
7665 0
7666 2
7667 2
7668 0
7669 2
7670 6
7671 5
7672 6
7673 3
7674 1
7675 2
7676 4
7677 6
7678 6
7679 6
7680 5
7681 4
7682 2
7683 3
7684 4
7685 2
7686 4
7687 6
7688 5
7689 3
7690 4
7691 4
7692 3
7693 2
7694 2
7695 2
7696 4
7697 5
7698 3
7699 4
7700 4
7701 4
7702 5
7703 6
7704 4
7705 2
7706 4
7707 4
7708 3
7709 3
7710 4
7711 5
7712 3
7713 5
7714 5
7715 6
7716 4
7717 5
7718 5
7719 6
7720 5
7721 3
7722 0
7723 3
7724 1
7725 4
7726 4
7727 3
7728 3
7729 2
7730 3
7731 2
7732 4
7733 3
7734 4
7735 5
7736 4
7737 3
7738 3
7739 4
7740 6
7741 5
7742 5
7743 6
7744 6
7745 8
7746 8
7747 10
7748 12
7749 12
7750 12
7751 12
7752 11
7753 8
7754 9
7755 10
7756 11
7757 9
7758 8
7759 9
7760 9
7761 9
7762 9
7763 7
7764 5
7765 7
7766 6
7767 6
7768 6
7769 4
7770 3
7771 3
7772 3
7773 4
7774 2
7775 4
7776 7
7777 6
7778 6
7779 3
7780 4
7781 3
7782 0
7783 1
7784 2
7785 2
7786 1
7787 2
7788 2
7789 2
7790 2
7791 1
7792 2
7793 1
7794 3
7795 1
7796 2
7797 1
7798 0
7799 1
7800 5
7801 7
7802 9
7803 8
7804 8
7805 8
7806 9
7807 8
7808 6
7809 7
7810 9
7811 11
7812 10
7813 10
7814 10
7815 11
7816 9
7817 9
7818 8
7819 8
7820 7
7821 5
7822 3
7823 3
7824 3
7825 6
7826 5
7827 3
7828 3
7829 6
7830 6
7831 5
7832 3
7833 6
7834 6
7835 6
7836 7
7837 6
7838 6
7839 6
7840 5
7841 3
7842 2
7843 3
7844 2
7845 4
7846 6
7847 7
7848 6
7849 4
7850 5
7851 5
7852 4
7853 2
7854 4
7855 6
7856 6
7857 8
7858 10
7859 10
7860 14
7861 14
7862 12
7863 10
7864 8
7865 11
7866 10
7867 10
7868 11
7869 12
7870 12
7871 12
7872 12
7873 10
7874 11
7875 11
7876 13
7877 13
7878 12
7879 11
7880 10
7881 8
7882 11
7883 11
7884 14
7885 13
7886 11
7887 12
7888 13
7889 12
7890 14
7891 14
7892 15
7893 12
7894 12
7895 10
7896 8
7897 9
7898 8
7899 6
7900 8
7901 6
7902 6
7903 5
7904 7
7905 6
7906 9
7907 7
7908 7
7909 6
7910 5
7911 7
7912 5
7913 3
7914 1
7915 3
7916 1
7917 5
7918 7
7919 8
7920 9
7921 13
7922 12
7923 13
7924 13
7925 15
7926 12
7927 14
7928 12
7929 11
7930 9
7931 10
7932 10
7933 9
7934 7
7935 6
7936 9
7937 7
7938 5
7939 4
7940 4
7941 8
7942 7
7943 8
7944 8
7945 10
7946 8
7947 9
7948 7
7949 6
7950 4
7951 4
7952 3
7953 4
7954 4
7955 4
7956 3
7957 2
7958 2
7959 3
7960 2
7961 1
7962 2
7963 2
7964 2
7965 0
7966 3
7967 3
7968 2
7969 1
7970 0
7971 5
7972 8
7973 7
7974 9
7975 9
7976 11
7977 10
7978 9
7979 9
7980 10
7981 10
7982 9
7983 12
7984 12
7985 10
7986 12
7987 10
7988 14
7989 16
7990 13
7991 13
7992 12
7993 11
7994 13
7995 12
7996 10
7997 9
7998 7
7999 8
8000 6
8001 7
8002 5
8003 5
8004 4
8005 2
8006 2
8007 2
8008 7
8009 7
8010 5
8011 4
8012 4
8013 5
8014 5
8015 4
8016 3
8017 2
8018 1
8019 1
8020 4
8021 4
8022 2
8023 2
8024 4
8025 4
8026 4
8027 3
8028 3
8029 0
8030 4
8031 3
8032 3
8033 1
8034 3
8035 3
8036 1
8037 2
8038 2
8039 2
8040 2
8041 2
8042 2
8043 2
8044 0
8045 2
8046 2
8047 5
8048 6
8049 3
8050 1
8051 2
8052 3
8053 3
8054 2
8055 2
8056 3
8057 2
8058 5
8059 6
8060 7
8061 6
8062 4
8063 3
8064 3
8065 4
8066 4
8067 2
8068 5
8069 4
8070 4
8071 5
8072 3
8073 1
8074 3
8075 0
8076 2
8077 1
8078 2
8079 2
8080 5
8081 4
8082 3
8083 3
8084 3
8085 2
8086 4
8087 6
8088 5
8089 7
8090 8
8091 6
8092 4
8093 3
8094 7
8095 7
8096 7
8097 5
8098 2
8099 4
8100 2
8101 3
8102 1
8103 2
8104 2
8105 3
8106 6
8107 6
8108 4
8109 3
8110 2
8111 2
8112 3
8113 4
8114 2
8115 1
8116 0
8117 2
8118 3
8119 2
8120 1
8121 4
8122 4
8123 3
8124 2
8125 1
8126 2
8127 3
8128 1
8129 3
8130 3
8131 5
8132 8
8133 6
8134 5
8135 3
8136 2
8137 1
8138 4
8139 4
8140 3
8141 1
8142 0
8143 3
8144 2
8145 4
8146 6
8147 5
8148 8
8149 9
8150 8
8151 8
8152 8
8153 8
8154 9
8155 12
8156 11
8157 13
8158 14
8159 13
8160 13
8161 14
8162 16
8163 13
8164 16
8165 13
8166 11
8167 11
8168 11
8169 9
8170 9
8171 9
8172 10
8173 9
8174 8
8175 7
8176 7
8177 5
8178 5
8179 6
8180 4
8181 2
8182 5
8183 6
8184 7
8185 9
8186 6
8187 5
8188 5
8189 3
8190 1
8191 2
8192 6
8193 7
8194 5
8195 7
8196 9
8197 9
8198 8
8199 8
8200 7
8201 9
8202 8
8203 9
8204 11
8205 11
8206 10
8207 9
8208 7
8209 7
8210 6
8211 5
8212 2
8213 3
8214 3
8215 5
8216 3
8217 1
8218 3
8219 3
8220 1
8221 2
8222 5
8223 5
8224 5
8225 4
8226 3
8227 3
8228 2
8229 3
8230 2
8231 4
8232 4
8233 4
8234 3
8235 3
8236 2
8237 2
8238 3
8239 2
8240 3
8241 4
8242 2
8243 3
8244 2
8245 2
8246 4
8247 4
8248 4
8249 5
8250 7
8251 5
8252 5
8253 2
8254 1
8255 2
8256 3
8257 3
8258 0
8259 2
8260 3
8261 2
8262 3
8263 1
8264 1
8265 2
8266 2
8267 1
8268 2
8269 0
8270 2
8271 2
8272 4
8273 3
8274 3
8275 4
8276 3
8277 1
8278 2
8279 2
8280 1
8281 2
8282 3
8283 3
8284 4
8285 3
8286 1
8287 3
8288 3
8289 2
8290 4
8291 4
8292 4
8293 7
8294 5
8295 4
8296 3
8297 3
8298 2
8299 3
8300 3
8301 4
8302 4
8303 4
8304 6
8305 5
8306 5
8307 3
8308 2
8309 0
8310 4
8311 1
8312 5
8313 5
8314 5
8315 3
8316 2
8317 4
8318 5
8319 5
8320 7
8321 6
8322 4
8323 6
8324 7
8325 6
8326 4
8327 6
8328 5
8329 3
8330 3
8331 3
8332 2
8333 5
8334 7
8335 7
8336 5
8337 4
8338 2
8339 4
8340 6
8341 3
8342 2
8343 3
8344 3
8345 1
8346 4
8347 4
8348 2
8349 1
8350 3
8351 4
8352 5
8353 3
8354 3
8355 1
8356 2
8357 3
8358 0
8359 2
8360 6
8361 9
8362 8
8363 6
8364 6
8365 3
8366 1
8367 2
8368 2
8369 1
8370 3
8371 1
8372 5
8373 4
8374 5
8375 4
8376 6
8377 6
8378 6
8379 6
8380 6
8381 5
8382 3
8383 1
8384 6
8385 6
8386 5
8387 2
8388 4
8389 4
8390 4
8391 3
8392 2
8393 3
8394 3
8395 4
8396 5
8397 6
8398 7
8399 5
8400 5
8401 5
8402 6
8403 7
8404 8
8405 6
8406 4
8407 4
8408 1
8409 4
8410 5
8411 5
8412 4
8413 5
8414 3
8415 5
8416 5
8417 2
8418 2
8419 1
8420 0
8421 1
8422 0
8423 3
8424 5
8425 6
8426 5
8427 3
8428 2
8429 4
8430 1
8431 3
8432 4
8433 3
8434 4
8435 3
8436 4
8437 2
8438 3
8439 5
8440 4
8441 5
8442 7
8443 7
8444 9
8445 10
8446 12
8447 14
8448 14
8449 13
8450 12
8451 12
8452 12
8453 13
8454 14
8455 15
8456 12
8457 12
8458 10
8459 10
8460 10
8461 9
8462 8
8463 9
8464 13
8465 11
8466 9
8467 8
8468 11
8469 10
8470 7
8471 6
8472 6
8473 5
8474 4
8475 4
8476 1
8477 2
8478 4
8479 1
8480 3
8481 2
8482 1
8483 2
8484 1
8485 2
8486 0
8487 3
8488 4
8489 3
8490 3
8491 1
8492 3
8493 4
8494 1
8495 0
8496 3
8497 4
8498 3
8499 2
8500 4
8501 3
8502 2
8503 4
8504 3
8505 3
8506 5
8507 5
8508 6
8509 6
8510 4
8511 3
8512 2
8513 4
8514 4
8515 2
8516 2
8517 3
8518 7
8519 6
8520 6
8521 5
8522 4
8523 3
8524 4
8525 5
8526 5
8527 4
8528 4
8529 3
8530 3
8531 4
8532 4
8533 5
8534 5
8535 4
8536 4
8537 4
8538 1
8539 1
8540 4
8541 5
8542 7
8543 5
8544 4
8545 1
8546 2
8547 1
8548 3
8549 3
8550 2
8551 3
8552 2
8553 5
8554 5
8555 5
8556 3
8557 2
8558 3
8559 1
8560 6
8561 5
8562 3
8563 4
8564 5
8565 5
8566 3
8567 1
8568 5
8569 5
8570 6
8571 7
8572 8
8573 6
8574 7
8575 8
8576 8
8577 8
8578 9
8579 9
8580 9
8581 9
8582 11
8583 10
8584 9
8585 7
8586 7
8587 6
8588 4
8589 4
8590 4
8591 4
8592 4
8593 3
8594 3
8595 3
8596 2
8597 1
8598 3
8599 3
8600 4
8601 2
8602 1
8603 2
8604 4
8605 3
8606 2
8607 3
8608 2
8609 3
8610 1
8611 3
8612 4
8613 4
8614 4
8615 4
8616 5
8617 6
8618 7
8619 7
8620 7
8621 6
8622 5
8623 3
8624 2
8625 4
8626 4
8627 5
8628 6
8629 7
8630 5
8631 5
8632 5
8633 4
8634 2
8635 2
8636 2
8637 1
8638 3
8639 3
8640 5
8641 4
8642 5
8643 5
8644 6
8645 3
8646 2
8647 0
8648 2
8649 0
8650 4
8651 2
8652 5
8653 4
8654 4
8655 3
8656 3
8657 2
8658 1
8659 2
8660 4
8661 3
8662 1
8663 3
8664 1
8665 2
8666 2
8667 1
8668 0
8669 2
8670 3
8671 5
8672 3
8673 0
8674 3
8675 2
8676 1
8677 2
8678 3
8679 2
8680 4
8681 3
8682 2
8683 6
8684 8
8685 5
8686 2
8687 4
8688 5
8689 8
8690 8
8691 6
8692 9
8693 11
8694 12
8695 10
8696 10
8697 11
8698 10
8699 10
8700 7
8701 9
8702 6
8703 5
8704 6
8705 7
8706 8
8707 7
8708 6
8709 6
8710 5
8711 6
8712 7
8713 6
8714 6
8715 7
8716 6
8717 6
8718 6
8719 4
8720 4
8721 6
8722 5
8723 3
8724 2
8725 3
8726 4
8727 3
8728 0
8729 2
8730 4
8731 4
8732 3
8733 5
8734 6
8735 5
8736 6
8737 5
8738 4
8739 3
8740 3
8741 0
8742 2
8743 3
8744 2
8745 2
8746 1
8747 3
8748 4
8749 2
8750 2
8751 3
8752 2
8753 2
8754 1
8755 1
8756 4
8757 5
8758 7
8759 9
8760 8
8761 6
8762 6
8763 8
8764 7
8765 8
8766 7
8767 6
8768 5
8769 4
8770 2
8771 3
8772 1
8773 5
8774 4
8775 3
8776 2
8777 3
8778 2
8779 0
8780 4
8781 5
8782 3
8783 3
8784 3
8785 4
8786 2
8787 5
8788 3
8789 2
8790 1
8791 1
8792 2
8793 1
8794 1
8795 4
8796 4
8797 4
8798 3
8799 2
8800 2
8801 4
8802 3
8803 2
8804 3
8805 3
8806 5
8807 5
8808 4
8809 4
8810 3
8811 5
8812 4
8813 4
8814 2
8815 1
8816 5
8817 6
8818 5
8819 4
8820 3
8821 3
8822 3
8823 4
8824 3
8825 3
8826 1
8827 2
8828 5
8829 4
8830 2
8831 1
8832 3
8833 3
8834 2
8835 0
8836 3
8837 2
8838 2
8839 4
8840 4
8841 2
8842 4
8843 4
8844 3
8845 4
8846 6
8847 9
8848 9
8849 8
8850 7
8851 5
8852 3
8853 4
8854 2
8855 6
8856 5
8857 5
8858 3
8859 1
8860 1
8861 5
8862 6
8863 7
8864 4
8865 3
8866 2
8867 1
8868 5
8869 5
8870 4
8871 3
8872 6
8873 7
8874 5
8875 3
8876 4
8877 4
8878 3
8879 4
8880 6
8881 8
8882 6
8883 5
8884 4
8885 1
8886 2
8887 4
8888 3
8889 1
8890 3
8891 4
8892 2
8893 3
8894 3
8895 4
8896 5
8897 7
8898 9
8899 8
8900 6
8901 6
8902 6
8903 5
8904 3
8905 3
8906 3
8907 2
8908 2
8909 2
8910 1
8911 4
8912 5
8913 7
8914 5
8915 3
8916 4
8917 6
8918 5
8919 5
8920 4
8921 4
8922 3
8923 2
8924 2
8925 2
8926 2
8927 0
8928 1
8929 2
8930 2
8931 4
8932 5
8933 3
8934 4
8935 2
8936 3
8937 6
8938 6
8939 5
8940 6
8941 7
8942 9
8943 8
8944 8
8945 8
8946 11
8947 14
8948 14
8949 12
8950 12
8951 10
8952 10
8953 13
8954 14
8955 14
8956 14
8957 15
8958 12
8959 14
8960 13
8961 13
8962 14
8963 12
8964 14
8965 14
8966 15
8967 12
8968 13
8969 13
8970 11
8971 12
8972 14
8973 11
8974 10
8975 12
8976 10
8977 9
8978 9
8979 8
8980 8
8981 7
8982 6
8983 8
8984 8
8985 8
8986 9
8987 10
8988 11
8989 10
8990 11
8991 11
8992 11
8993 12
8994 11
8995 12
8996 14
8997 13
8998 10
8999 11
9000 13
9001 15
9002 12
9003 14
9004 14
9005 12
9006 12
9007 12
9008 10
9009 8
9010 9
9011 10
9012 9
9013 10
9014 8
9015 8
9016 10
9017 10
9018 12
9019 11
9020 10
9021 9
9022 8
9023 9
9024 9
9025 7
9026 5
9027 2
9028 2
9029 3
9030 4
9031 5
9032 4
9033 3
9034 2
9035 2
9036 1
9037 4
9038 5
9039 5
9040 4
9041 2
9042 2
9043 3
9044 3
9045 2
9046 3
9047 4
9048 2
9049 3
9050 1
9051 3
9052 1
9053 2
9054 2
9055 2
9056 5
9057 5
9058 7
9059 7
9060 10
9061 11
9062 10
9063 10
9064 10
9065 9
9066 10
9067 10
9068 9
9069 13
9070 13
9071 11
9072 9
9073 10
9074 9
9075 11
9076 11
9077 10
9078 13
9079 13
9080 13
9081 13
9082 11
9083 12
9084 12
9085 15
9086 12
9087 11
9088 10
9089 12
9090 12
9091 10
9092 10
9093 10
9094 11
9095 10
9096 8
9097 10
9098 12
9099 9
9100 8
9101 8
9102 5
9103 3
9104 2
9105 1
9106 5
9107 6
9108 4
9109 2
9110 3
9111 3
9112 2
9113 4
9114 4
9115 6
9116 7
9117 8
9118 7
9119 9
9120 9
9121 9
9122 10
9123 11
9124 12
9125 12
9126 10
9127 8
9128 9
9129 10
9130 10
9131 11
9132 9
9133 8
9134 6
9135 8
9136 6
9137 6
9138 4
9139 5
9140 3
9141 0
9142 3
9143 7
9144 6
9145 5
9146 4
9147 4
9148 4
9149 5
9150 5
9151 6
9152 8
9153 7
9154 7
9155 5
9156 5
9157 5
9158 4
9159 4
9160 3
9161 4
9162 6
9163 4
9164 4
9165 2
9166 3
9167 0
9168 0
9169 3
9170 4
9171 2
9172 2
9173 1
9174 4
9175 4
9176 4
9177 3
9178 2
9179 1
9180 2
9181 3
9182 5
9183 5
9184 5
9185 4
9186 4
9187 3
9188 1
9189 0
9190 1
9191 3
9192 0
9193 3
9194 1
9195 0
9196 0
9197 0
9198 2
9199 2
9200 4
9201 5
9202 5
9203 6
9204 3
9205 5
9206 5
9207 2
9208 3
9209 4
9210 2
9211 2
9212 3
9213 6
9214 8
9215 9
9216 10
9217 9
9218 10
9219 9
9220 8
9221 7
9222 4
9223 3
9224 4
9225 2
9226 3
9227 4
9228 5
9229 5
9230 5
9231 3
9232 3
9233 2
9234 0
9235 2
9236 2
9237 2
9238 1
9239 3
9240 2
9241 2
9242 5
9243 5
9244 3
9245 2
9246 6
9247 7
9248 4
9249 3
9250 2
9251 3
9252 1
9253 3
9254 3
9255 4
9256 1
9257 1
9258 3
9259 4
9260 7
9261 7
9262 7
9263 6
9264 7
9265 6
9266 5
9267 2
9268 5
9269 5
9270 6
9271 5
9272 3
9273 4
9274 2
9275 1
9276 3
9277 3
9278 5
9279 4
9280 4
9281 5
9282 2
9283 2
9284 1
9285 1
9286 4
9287 3
9288 1
9289 4
9290 4
9291 5
9292 5
9293 4
9294 7
9295 6
9296 5
9297 6
9298 6
9299 5
9300 6
9301 7
9302 6
9303 5
9304 5
9305 4
9306 4
9307 2
9308 2
9309 4
9310 5
9311 3
9312 3
9313 3
9314 2
9315 4
9316 5
9317 6
9318 5
9319 7
9320 9
9321 11
9322 9
9323 10
9324 10
9325 13
9326 11
9327 9
9328 11
9329 12
9330 12
9331 10
9332 9
9333 10
9334 9
9335 7
9336 6
9337 4
9338 2
9339 4
9340 5
9341 4
9342 4
9343 3
9344 4
9345 3
9346 4
9347 5
9348 6
9349 8
9350 7
9351 9
9352 8
9353 9
9354 9
9355 8
9356 8
9357 9
9358 7
9359 6
9360 6
9361 5
9362 5
9363 6
9364 6
9365 6
9366 5
9367 5
9368 4
9369 5
9370 4
9371 4
9372 2
9373 3
9374 4
9375 4
9376 2
9377 5
9378 5
9379 5
9380 4
9381 5
9382 3
9383 1
9384 2
9385 4
9386 4
9387 3
9388 2
9389 2
9390 2
9391 2
9392 3
9393 2
9394 5
9395 2
9396 6
9397 6
9398 7
9399 8
9400 8
9401 8
9402 8
9403 9
9404 9
9405 12
9406 12
9407 11
9408 11
9409 14
9410 14
9411 15
9412 12
9413 10
9414 11
9415 10
9416 9
9417 8
9418 8
9419 9
9420 11
9421 12
9422 13
9423 12
9424 13
9425 14
9426 15
9427 12
9428 11
9429 10
9430 10
9431 10
9432 9
9433 9
9434 7
9435 6
9436 7
9437 6
9438 7
9439 6
9440 7
9441 6
9442 7
9443 6
9444 4
9445 3
9446 2
9447 3
9448 3
9449 4
9450 2
9451 2
9452 4
9453 8
9454 7
9455 6
9456 7
9457 5
9458 2
9459 3
9460 2
9461 2
9462 4
9463 8
9464 8
9465 5
9466 6
9467 6
9468 5
9469 3
9470 4
9471 5
9472 3
9473 4
9474 5
9475 6
9476 7
9477 9
9478 9
9479 7
9480 7
9481 7
9482 7
9483 6
9484 6
9485 5
9486 4
9487 5
9488 4
9489 3
9490 3
9491 2
9492 4
9493 2
9494 5
9495 5
9496 6
9497 6
9498 5
9499 4
9500 5
9501 3
9502 2
9503 1
9504 1
9505 2
9506 3
9507 4
9508 5
9509 5
9510 5
9511 2
9512 4
9513 2
9514 2
9515 2
9516 3
9517 2
9518 2
9519 3
9520 1
9521 4
9522 4
9523 4
9524 4
9525 4
9526 4
9527 5
9528 3
9529 4
9530 3
9531 1
9532 4
9533 4
9534 3
9535 4
9536 3
9537 1
9538 3
9539 1
9540 6
9541 6
9542 6
9543 9
9544 11
9545 10
9546 11
9547 10
9548 12
9549 13
9550 13
9551 14
9552 13
9553 14
9554 17
9555 14
9556 13
9557 12
9558 10
9559 9
9560 8
9561 7
9562 5
9563 7
9564 8
9565 8
9566 10
9567 8
9568 7
9569 5
9570 5
9571 5
9572 4
9573 3
9574 1
9575 0
9576 4
9577 5
9578 4
9579 6
9580 7
9581 5
9582 7
9583 6
9584 6
9585 6
9586 4
9587 3
9588 3
9589 3
9590 1
9591 5
9592 4
9593 4
9594 2
9595 3
9596 1
9597 0
9598 0
9599 3
9600 2
9601 4
9602 5
9603 7
9604 10
9605 14
9606 13
9607 13
9608 13
9609 12
9610 10
9611 8
9612 5
9613 7
9614 5
9615 5
9616 3
9617 5
9618 6
9619 7
9620 5
9621 6
9622 5
9623 3
9624 4
9625 5
9626 6
9627 5
9628 4
9629 3
9630 2
9631 2
9632 1
9633 2
9634 3
9635 3
9636 1
9637 3
9638 3
9639 2
9640 5
9641 5
9642 5
9643 8
9644 8
9645 7
9646 7
9647 5
9648 6
9649 3
9650 1
9651 3
9652 2
9653 1
9654 2
9655 0
9656 1
9657 2
9658 3
9659 2
9660 2
9661 1
9662 0
9663 2
9664 2
9665 4
9666 4
9667 2
9668 4
9669 3
9670 2
9671 1
9672 1
9673 1
9674 4
9675 6
9676 6
9677 3
9678 2
9679 2
9680 2
9681 1
9682 4
9683 3
9684 3
9685 3
9686 3
9687 1
9688 3
9689 3
9690 1
9691 3
9692 5
9693 8
9694 9
9695 9
9696 9
9697 8
9698 5
9699 7
9700 6
9701 6
9702 10
9703 10
9704 11
9705 11
9706 11
9707 10
9708 10
9709 11
9710 10
9711 10
9712 10
9713 9
9714 9
9715 10
9716 7
9717 5
9718 2
9719 2
9720 5
9721 3
9722 5
9723 6
9724 4
9725 2
9726 3
9727 5
9728 5
9729 3
9730 6
9731 6
9732 6
9733 5
9734 4
9735 3
9736 4
9737 6
9738 6
9739 4
9740 2
9741 3
9742 3
9743 1
9744 1
9745 1
9746 2
9747 1
9748 1
9749 1
9750 2
9751 2
9752 7
9753 6
9754 6
9755 4
9756 6
9757 6
9758 9
9759 11
9760 12
9761 14
9762 12
9763 12
9764 12
9765 13
9766 16
9767 13
9768 12
9769 12
9770 12
9771 11
9772 9
9773 7
9774 4
9775 4
9776 2
9777 1
9778 2
9779 4
9780 4
9781 3
9782 3
9783 2
9784 0
9785 2
9786 5
9787 4
9788 5
9789 6
9790 5
9791 5
9792 7
9793 7
9794 8
9795 7
9796 7
9797 5
9798 2
9799 2
9800 5
9801 5
9802 4
9803 3
9804 2
9805 2
9806 0
9807 4
9808 3
9809 0
9810 3
9811 3
9812 4
9813 4
9814 5
9815 4
9816 4
9817 2
9818 4
9819 3
9820 4
9821 3
9822 6
9823 4
9824 5
9825 6
9826 5
9827 3
9828 1
9829 2
9830 2
9831 2
9832 5
9833 4
9834 5
9835 4
9836 5
9837 9
9838 9
9839 8
9840 7
9841 7
9842 6
9843 5
9844 4
9845 6
9846 6
9847 9
9848 9
9849 8
9850 10
9851 9
9852 8
9853 8
9854 7
9855 9
9856 9
9857 9
9858 8
9859 5
9860 4
9861 4
9862 5
9863 3
9864 2
9865 3
9866 3
9867 2
9868 1
9869 3
9870 3
9871 4
9872 3
9873 4
9874 6
9875 6
9876 4
9877 2
9878 3
9879 2
9880 1
9881 3
9882 2
9883 4
9884 4
9885 4
9886 3
9887 2
9888 1
9889 3
9890 1
9891 0
9892 4
9893 4
9894 4
9895 5
9896 2
9897 4
9898 4
9899 5
9900 6
9901 8
9902 9
9903 9
9904 9
9905 12
9906 16
9907 13
9908 11
9909 10
9910 13
9911 11
9912 14
9913 14
9914 13
9915 13
9916 11
9917 10
9918 9
9919 11
9920 12
9921 13
9922 10
9923 9
9924 13
9925 11
9926 9
9927 8
9928 7
9929 5
9930 4
9931 3
9932 3
9933 5
9934 4
9935 4
9936 6
9937 6
9938 8
9939 9
9940 11
9941 8
9942 7
9943 7
9944 4
9945 1
9946 3
9947 2
9948 4
9949 2
9950 0
9951 4
9952 5
9953 4
9954 6
9955 8
9956 7
9957 8
9958 8
9959 5
9960 5
9961 5
9962 4
9963 5
9964 4
9965 5
9966 4
9967 4
9968 4
9969 1
9970 3
9971 4
9972 3
9973 2
9974 5
9975 4
9976 4
9977 6
9978 7
9979 6
9980 3
9981 2
9982 2
9983 6
9984 7
9985 8
9986 6
9987 4
9988 7
9989 10
9990 8
9991 6
9992 4
9993 5
9994 4
9995 4
9996 4
9997 5
9998 5
9999 7
