0 3
1 1
2 2
3 4
4 5
5 3
6 3
7 1
8 3
9 3
10 2
11 2
12 3
13 3
14 1
15 1
16 4
17 3
18 3
19 1
20 2
21 3
22 3
23 3
24 3
25 2
26 3
27 5
28 5
29 6
30 5
31 3
32 5
33 3
34 5
35 5
36 4
37 4
38 6
39 6
40 6
41 5
42 3
43 1
44 5
45 6
46 8
47 10
48 10
49 11
50 9
51 6
52 6
53 5
54 8
55 8
56 6
57 3
58 2
59 1
60 2
61 4
62 3
63 1
64 5
65 6
66 6
67 5
68 6
69 9
70 7
71 6
72 7
73 7
74 7
75 8
76 9
77 9
78 6
79 5
80 5
81 6
82 5
83 3
84 1
85 2
86 2
87 4
88 4
89 2
90 2
91 0
92 1
93 4
94 3
95 3
96 1
97 4
98 3
99 1
100 3
101 5
102 5
103 5
104 2
105 2
106 3
107 2
108 4
109 5
110 4
111 6
112 6
113 5
114 3
115 4
116 2
117 4
118 2
119 3
120 0
121 1
122 1
123 2
124 1
125 3
126 0
127 3
128 1
129 4
130 3
131 1
132 1
133 2
134 4
135 2
136 2
137 1
138 2
139 3
140 3
141 0
142 0
143 2
144 2
145 1
146 3
147 5
148 5
149 5
150 3
151 3
152 1
153 2
154 1
155 1
156 2
157 2
158 1
159 3
160 5
161 6
162 5
163 5
164 3
165 3
166 4
167 4
168 3
169 5
170 4
171 4
172 4
173 2
174 1
175 2
176 6
177 4
178 4
179 5
180 4
181 3
182 2
183 4
184 3
185 3
186 1
187 2
188 2
189 1
190 4
191 5
192 3
193 2
194 3
195 2
196 1
197 2
198 1
199 3
200 1
201 1
202 6
203 7
204 4
205 5
206 6
207 7
208 6
209 4
210 3
211 4
212 1
213 1
214 2
215 2
216 2
217 3
218 3
219 1
220 4
221 8
222 5
223 7
224 5
225 4
226 5
227 5
228 2
229 2
230 3
231 4
232 3
233 4
234 3
235 4
236 3
237 0
238 2
239 1
240 3
241 1
242 4
243 2
244 3
245 2
246 0
247 4
248 6
249 6
250 6
251 6
252 3
253 2
254 2
255 0
256 2
257 3
258 4
259 3
260 1
261 1
262 4
263 4
264 2
265 1
266 3
267 3
268 3
269 2
270 2
271 2
272 3
273 3
274 0
275 2
276 2
277 1
278 3
279 2
280 3
281 1
282 4
283 1
284 1
285 2
286 1
287 3
288 2
289 1
290 4
291 1
292 3
293 2
294 2
295 4
296 3
297 4
298 2
299 4
300 7
301 6
302 5
303 5
304 2
305 3
306 2
307 3
308 2
309 3
310 3
311 2
312 3
313 5
314 8
315 10
316 10
317 8
318 8
319 6
320 7
321 7
322 7
323 9
324 11
325 14
326 13
327 13
328 13
329 14
330 15
331 12
332 13
333 11
334 11
335 10
336 12
337 10
338 10
339 10
340 10
341 11
342 12
343 14
344 13
345 13
346 11
347 9
348 9
349 9
350 7
351 7
352 6
353 7
354 5
355 5
356 3
357 2
358 2
359 2
360 1
361 3
362 2
363 2
364 2
365 4
366 2
367 2
368 4
369 1
370 3
371 4
372 2
373 5
374 4
375 4
376 4
377 4
378 2
379 3
380 4
381 6
382 3
383 5
384 3
385 4
386 2
387 0
388 0
389 3
390 1
391 5
392 4
393 3
394 4
395 3
396 4
397 5
398 4
399 4
400 3
401 3
402 3
403 3
404 5
405 6
406 7
407 7
408 6
409 5
410 6
411 5
412 4
413 1
414 1
415 3
416 4
417 4
418 5
419 6
420 4
421 3
422 2
423 1
424 2
425 4
426 3
427 0
428 2
429 1
430 1
431 3
432 2
433 5
434 3
435 0
436 2
437 2
438 2
439 3
440 1
441 3
442 1
443 3
444 2
445 1
446 2
447 1
448 1
449 2
450 2
451 4
452 2
453 0
454 3
455 3
456 0
457 4
458 4
459 6
460 8
461 7
462 6
463 7
464 6
465 6
466 4
467 2
468 3
469 2
470 1
471 2
472 4
473 3
474 3
475 1
476 1
477 3
478 5
479 5
480 6
481 4
482 1
483 4
484 3
485 1
486 2
487 3
488 2
489 1
490 1
491 0
492 1
493 1
494 2
495 3
496 2
497 5
498 4
499 6
500 8
501 6
502 6
503 5
504 4
505 2
506 4
507 7
508 6
509 9
510 7
511 6
512 4
513 4
514 2
515 3
516 1
517 3
518 4
519 3
520 5
521 5
522 5
523 4
524 3
525 3
526 1
527 3
528 2
529 3
530 1
531 3
532 1
533 2
534 1
535 1
536 1
537 1
538 3
539 3
540 2
541 1
542 5
543 6
544 9
545 8
546 7
547 6
548 7
549 7
550 6
551 6
552 5
553 5
554 5
555 7
556 8
557 9
558 6
559 5
560 5
561 3
562 4
563 3
564 2
565 4
566 3
567 2
568 1
569 2
570 2
571 2
572 1
573 1
574 3
575 1
576 4
577 5
578 5
579 4
580 6
581 6
582 6
583 6
584 5
585 3
586 2
587 3
588 1
589 0
590 2
591 3
592 5
593 2
594 2
595 2
596 0
597 1
598 3
599 2
600 3
601 5
602 6
603 7
604 7
605 7
606 7
607 6
608 3
609 2
610 3
611 2
612 3
613 2
614 3
615 3
616 4
617 4
618 7
619 6
620 5
621 4
622 5
623 3
624 6
625 5
626 5
627 4
628 4
629 3
630 5
631 3
632 4
633 3
634 1
635 2
636 1
637 2
638 3
639 3
640 3
641 4
642 5
643 4
644 3
645 3
646 5
647 6
648 5
649 3
650 1
651 3
652 1
653 1
654 3
655 5
656 3
657 3
658 2
659 4
660 5
661 4
662 2
663 5
664 4
665 3
666 4
667 3
668 2
669 2
670 2
671 2
672 5
673 3
674 3
675 1
676 1
677 4
678 4
679 6
680 5
681 5
682 3
683 2
684 1
685 4
686 5
687 4
688 2
689 3
690 3
691 4
692 7
693 4
694 6
695 6
696 8
697 6
698 5
699 5
700 5
701 6
702 4
703 5
704 4
705 4
706 6
707 6
708 6
709 6
710 4
711 7
712 8
713 7
714 7
715 5
716 7
717 7
718 5
719 3
720 0
721 4
722 7
723 7
724 8
725 9
726 7
727 7
728 5
729 4
730 3
731 1
732 1
733 5
734 4
735 3
736 3
737 3
738 4
739 1
740 3
741 4
742 5
743 5
744 3
745 3
746 4
747 3
748 3
749 1
750 2
751 2
752 2
753 1
754 2
755 2
756 2
757 1
758 3
759 2
760 4
761 6
762 8
763 9
764 10
765 10
766 7
767 7
768 8
769 8
770 9
771 11
772 11
773 10
774 11
775 9
776 9
777 8
778 7
779 7
780 5
781 3
782 3
783 2
784 6
785 4
786 5
787 5
788 2
789 1
790 0
791 4
792 5
793 4
794 5
795 3
796 4
797 4
798 4
799 4
800 5
801 4
802 3
803 3
804 3
805 2
806 4
807 3
808 4
809 2
810 3
811 1
812 2
813 1
814 2
815 1
816 3
817 2
818 2
819 4
820 4
821 4
822 4
823 6
824 8
825 9
826 9
827 9
828 8
829 7
830 7
831 8
832 8
833 7
834 6
835 6
836 7
837 8
838 8
839 7
840 8
841 9
842 10
843 11
844 12
845 14
846 15
847 12
848 14
849 15
850 12
851 10
852 8
853 10
854 10
855 8
856 5
857 2
858 4
859 8
860 7
861 7
862 7
863 7
864 6
865 3
866 5
867 7
868 7
869 7
870 8
871 8
872 8
873 8
874 8
875 7
876 5
877 3
878 1
879 2
880 5
881 3
882 1
883 6
884 5
885 4
886 4
887 3
888 4
889 5
890 5
891 4
892 3
893 4
894 5
895 7
896 6
897 6
898 8
899 7
900 6
901 5
902 4
903 5
904 6
905 6
906 8
907 10
908 9
909 7
910 6
911 5
912 5
913 4
914 4
915 1
916 0
917 3
918 4
919 3
920 2
921 2
922 2
923 5
924 6
925 6
926 4
927 5
928 5
929 4
930 2
931 3
932 2
933 1
934 5
935 5
936 4
937 4
938 4
939 1
940 1
941 1
942 3
943 3
944 3
945 1
946 2
947 3
948 2
949 3
950 4
951 4
952 6
953 5
954 4
955 4
956 1
957 1
958 1
959 4
960 2
961 4
962 6
963 6
964 5
965 6
966 7
967 7
968 7
969 5
970 4
971 3
972 3
973 1
974 5
975 2
976 5
977 2
978 4
979 4
980 6
981 7
982 9
983 9
984 9
985 7
986 5
987 3
988 3
989 4
990 5
991 5
992 2
993 2
994 1
995 5
996 4
997 2
998 5
999 5
1000 5
1001 6
1002 9
1003 12
1004 10
1005 8
1006 8
1007 6
1008 7
1009 6
1010 8
1011 8
1012 8
1013 8
1014 6
1015 7
1016 6
1017 4
1018 2
1019 0
1020 1
1021 2
1022 4
1023 6
1024 4
1025 6
1026 8
1027 9
1028 9
1029 9
1030 9
1031 9
1032 7
1033 7
1034 6
1035 10
1036 9
1037 9
1038 11
1039 13
1040 13
1041 15
1042 12
1043 10
1044 9
1045 9
1046 10
1047 9
1048 9
1049 11
1050 9
1051 6
1052 5
1053 3
1054 4
1055 4
1056 3
1057 5
1058 3
1059 3
1060 1
1061 3
1062 0
1063 1
1064 1
1065 2
1066 4
1067 5
1068 3
1069 3
1070 5
1071 4
1072 4
1073 4
1074 5
1075 3
1076 1
1077 3
1078 3
1079 2
1080 1
1081 4
1082 2
1083 5
1084 4
1085 3
1086 2
1087 2
1088 3
1089 1
1090 2
1091 5
1092 4
1093 3
1094 3
1095 3
1096 1
1097 5
1098 5
1099 3
1100 3
1101 2
1102 2
1103 6
1104 5
1105 3
1106 2
1107 3
1108 2
1109 2
1110 2
1111 2
1112 2
1113 4
1114 3
1115 1
1116 4
1117 3
1118 3
1119 3
1120 2
1121 4
1122 7
1123 8
1124 7
1125 5
1126 6
1127 5
1128 4
1129 4
1130 3
1131 6
1132 5
1133 7
1134 6
1135 5
1136 4
1137 5
1138 4
1139 6
1140 6
1141 6
1142 8
1143 9
1144 7
1145 4
1146 6
1147 6
1148 5
1149 4
1150 3
1151 3
1152 6
1153 5
1154 5
1155 5
1156 2
1157 4
1158 3
1159 0
1160 4
1161 6
1162 6
1163 7
1164 6
1165 5
1166 6
1167 8
1168 5
1169 5
1170 4
1171 2
1172 0
1173 2
1174 2
1175 4
1176 2
1177 6
1178 6
1179 7
1180 9
1181 10
1182 10
1183 9
1184 7
1185 5
1186 2
1187 4
1188 3
1189 4
1190 3
1191 1
1192 2
1193 6
1194 5
1195 6
1196 5
1197 5
1198 4
1199 8
1200 7
1201 7
1202 7
1203 7
1204 7
1205 7
1206 4
1207 2
1208 2
1209 5
1210 5
1211 2
1212 2
1213 3
1214 2
1215 4
1216 3
1217 4
1218 3
1219 0
1220 1
1221 6
1222 4
1223 1
1224 3
1225 2
1226 4
1227 4
1228 1
1229 3
1230 1
1231 3
1232 2
1233 4
1234 4
1235 5
1236 4
1237 1
1238 5
1239 5
1240 5
1241 4
1242 3
1243 2
1244 2
1245 2
1246 2
1247 2
1248 3
1249 2
1250 4
1251 3
1252 5
1253 3
1254 1
1255 5
1256 6
1257 5
1258 6
1259 7
1260 7
1261 6
1262 5
1263 5
1264 6
1265 6
1266 6
1267 7
1268 5
1269 3
1270 1
1271 1
1272 3
1273 3
1274 4
1275 5
1276 3
1277 1
1278 5
1279 5
1280 2
1281 3
1282 4
1283 3
1284 3
1285 4
1286 3
1287 1
1288 4
1289 5
1290 4
1291 4
1292 4
1293 2
1294 1
1295 3
1296 1
1297 3
1298 2
1299 3
1300 1
1301 1
1302 0
1303 2
1304 3
1305 3
1306 2
1307 2
1308 1
1309 2
1310 5
1311 4
1312 4
1313 5
1314 5
1315 4
1316 3
1317 6
1318 7
1319 7
1320 7
1321 6
1322 8
1323 8
1324 8
1325 9
1326 10
1327 11
1328 11
1329 10
1330 9
1331 10
1332 7
1333 8
1334 8
1335 7
1336 8
1337 6
1338 9
1339 10
1340 9
1341 6
1342 4
1343 3
1344 4
1345 4
1346 5
1347 3
1348 4
1349 4
1350 2
1351 1
1352 1
1353 1
1354 1
1355 2
1356 2
1357 0
1358 1
1359 3
1360 1
1361 2
1362 1
1363 1
1364 4
1365 5
1366 4
1367 4
1368 4
1369 3
1370 1
1371 1
1372 3
1373 3
1374 2
1375 2
1376 2
1377 3
1378 0
1379 2
1380 0
1381 2
1382 2
1383 1
1384 1
1385 0
1386 5
1387 4
1388 5
1389 6
1390 4
1391 6
1392 6
1393 4
1394 5
1395 4
1396 4
1397 2
1398 1
1399 2
1400 1
1401 2
1402 3
1403 4
1404 2
1405 1
1406 4
1407 4
1408 2
1409 2
1410 2
1411 1
1412 2
1413 1
1414 3
1415 2
1416 0
1417 2
1418 3
1419 1
1420 1
1421 3
1422 1
1423 1
1424 1
1425 3
1426 0
1427 4
1428 3
1429 3
1430 2
1431 2
1432 7
1433 5
1434 4
1435 5
1436 3
1437 2
1438 1
1439 3
1440 4
1441 4
1442 3
1443 3
1444 1
1445 3
1446 5
1447 4
1448 2
1449 2
1450 5
1451 4
1452 4
1453 3
1454 2
1455 2
1456 4
1457 5
1458 3
1459 2
1460 2
1461 3
1462 2
1463 3
1464 1
1465 3
1466 2
1467 5
1468 4
1469 1
1470 6
1471 3
1472 0
1473 4
1474 4
1475 3
1476 1
1477 3
1478 3
1479 2
1480 4
1481 4
1482 1
1483 4
1484 3
1485 3
1486 2
1487 1
1488 4
1489 2
1490 1
1491 1
1492 4
1493 4
1494 2
1495 2
1496 3
1497 5
1498 7
1499 6
1500 4
1501 2
1502 2
1503 2
1504 5
1505 2
1506 2
1507 0
1508 1
1509 2
1510 3
1511 5
1512 6
1513 6
1514 6
1515 6
1516 5
1517 3
1518 3
1519 3
1520 0
1521 1
1522 1
1523 6
1524 5
1525 4
1526 2
1527 3
1528 2
1529 2
1530 3
1531 2
1532 1
1533 2
1534 2
1535 0
1536 2
1537 2
1538 2
1539 3
1540 3
1541 3
1542 2
1543 2
1544 2
1545 3
1546 5
1547 4
1548 4
1549 6
1550 8
1551 8
1552 9
1553 9
1554 8
1555 9
1556 8
1557 6
1558 9
1559 9
1560 11
1561 11
1562 9
1563 10
1564 8
1565 8
1566 9
1567 7
1568 6
1569 6
1570 3
1571 3
1572 1
1573 0
1574 1
1575 2
1576 4
1577 3
1578 4
1579 2
1580 2
1581 1
1582 1
1583 2
1584 6
1585 3
1586 1
1587 2
1588 1
1589 2
1590 3
1591 2
1592 2
1593 1
1594 2
1595 2
1596 2
1597 2
1598 5
1599 3
1600 2
1601 2
1602 4
1603 1
1604 3
1605 2
1606 2
1607 4
1608 4
1609 4
1610 2
1611 4
1612 2
1613 3
1614 2
1615 3
1616 1
1617 2
1618 1
1619 4
1620 4
1621 3
1622 1
1623 1
1624 2
1625 3
1626 2
1627 1
1628 3
1629 3
1630 2
1631 0
1632 0
1633 3
1634 2
1635 1
1636 3
1637 7
1638 6
1639 7
1640 10
1641 10
1642 10
1643 10
1644 9
1645 9
1646 9
1647 9
1648 8
1649 7
1650 6
1651 4
1652 4
1653 2
1654 1
1655 2
1656 2
1657 2
1658 3
1659 1
1660 2
1661 1
1662 0
1663 1
1664 5
1665 6
1666 6
1667 5
1668 4
1669 5
1670 4
1671 3
1672 4
1673 4
1674 4
1675 5
1676 3
1677 2
1678 2
1679 2
1680 1
1681 4
1682 2
1683 4
1684 4
1685 5
1686 5
1687 4
1688 2
1689 1
1690 4
1691 2
1692 1
1693 3
1694 5
1695 4
1696 3
1697 1
1698 1
1699 2
1700 3
1701 2
1702 3
1703 6
1704 6
1705 6
1706 6
1707 6
1708 6
1709 5
1710 7
1711 7
1712 6
1713 6
1714 4
1715 3
1716 1
1717 4
1718 4
1719 4
1720 4
1721 4
1722 4
1723 2
1724 3
1725 6
1726 3
1727 2
1728 3
1729 2
1730 0
1731 1
1732 3
1733 4
1734 4
1735 3
1736 2
1737 3
1738 2
1739 2
1740 1
1741 3
1742 1
1743 4
1744 3
1745 1
1746 0
1747 1
1748 3
1749 2
1750 4
1751 4
1752 3
1753 3
1754 5
1755 4
1756 3
1757 2
1758 2
1759 2
1760 5
1761 5
1762 4
1763 5
1764 6
1765 8
1766 6
1767 4
1768 4
1769 3
1770 4
1771 2
1772 3
1773 1
1774 1
1775 1
1776 4
1777 4
1778 2
1779 3
1780 4
1781 1
1782 4
1783 4
1784 6
1785 4
1786 2
1787 2
1788 3
1789 4
1790 5
1791 5
1792 4
1793 2
1794 4
1795 5
1796 7
1797 7
1798 6
1799 7
1800 5
1801 4
1802 3
1803 2
1804 1
1805 2
1806 1
1807 4
1808 2
1809 4
1810 4
1811 4
1812 3
1813 3
1814 6
1815 6
1816 4
1817 3
1818 1
1819 8
1820 7
1821 8
1822 7
1823 5
1824 4
1825 1
1826 3
1827 3
1828 3
1829 3
1830 3
1831 0
1832 4
1833 1
1834 2
1835 3
1836 1
1837 2
1838 3
1839 3
1840 3
1841 0
1842 5
1843 8
1844 9
1845 8
1846 9
1847 11
1848 12
1849 12
1850 11
1851 10
1852 8
1853 6
1854 7
1855 6
1856 5
1857 6
1858 4
1859 2
1860 5
1861 4
1862 4
1863 5
1864 9
1865 10
1866 9
1867 7
1868 4
1869 3
1870 2
1871 2
1872 2
1873 3
1874 3
1875 1
1876 2
1877 1
1878 6
1879 6
1880 4
1881 2
1882 1
1883 2
1884 3
1885 0
1886 2
1887 1
1888 4
1889 4
1890 4
1891 4
1892 4
1893 4
1894 3
1895 0
1896 3
1897 3
1898 2
1899 3
1900 3
1901 2
1902 2
1903 0
1904 4
1905 6
1906 5
1907 6
1908 6
1909 6
1910 6
1911 3
1912 3
1913 1
1914 3
1915 1
1916 1
1917 6
1918 6
1919 7
1920 6
1921 7
1922 6
1923 3
1924 4
1925 6
1926 5
1927 5
1928 3
1929 2
1930 1
1931 1
1932 2
1933 1
1934 2
1935 5
1936 8
1937 6
1938 6
1939 6
1940 7
1941 6
1942 8
1943 7
1944 4
1945 4
1946 3
1947 3
1948 3
1949 3
1950 3
1951 4
1952 4
1953 4
1954 2
1955 2
1956 2
1957 1
1958 2
1959 5
1960 3
1961 3
1962 4
1963 4
1964 5
1965 3
1966 5
1967 3
1968 4
1969 3
1970 3
1971 3
1972 6
1973 6
1974 8
1975 9
1976 9
1977 8
1978 8
1979 9
1980 10
1981 11
1982 11
1983 9
1984 10
1985 8
1986 8
1987 6
1988 5
1989 4
1990 1
1991 3
1992 7
1993 6
1994 5
1995 6
1996 6
1997 3
1998 2
1999 4
2000 3
2001 1
2002 0
2003 4
2004 2
2005 1
2006 2
2007 1
2008 1
2009 3
2010 2
2011 3
2012 3
2013 1
2014 0
2015 4
2016 2
2017 5
2018 6
2019 4
2020 2
2021 2
2022 3
2023 5
2024 7
2025 8
2026 6
2027 7
2028 6
2029 5
2030 2
2031 4
2032 5
2033 4
2034 5
2035 6
2036 4
2037 4
2038 4
2039 2
2040 2
2041 5
2042 5
2043 6
2044 8
2045 8
2046 12
2047 10
2048 9
2049 7
2050 9
2051 9
2052 6
2053 6
2054 3
2055 0
2056 4
2057 1
2058 2
2059 0
2060 4
2061 2
2062 2
2063 1
2064 7
2065 7
2066 5
2067 9
2068 6
2069 7
2070 6
2071 7
2072 7
2073 7
2074 7
2075 5
2076 4
2077 5
2078 3
2079 3
2080 0
2081 2
2082 4
2083 3
2084 1
2085 5
2086 4
2087 3
2088 2
2089 4
2090 5
2091 4
2092 4
2093 3
2094 1
2095 4
2096 6
2097 5
2098 5
2099 4
2100 5
2101 5
2102 6
2103 8
2104 6
2105 6
2106 7
2107 8
2108 7
2109 6
2110 10
2111 10
2112 10
2113 10
2114 9
2115 10
2116 10
2117 9
2118 9
2119 8
2120 7
2121 6
2122 5
2123 5
2124 4
2125 3
2126 3
2127 4
2128 4
2129 7
2130 8
2131 8
2132 8
2133 7
2134 9
2135 11
2136 12
2137 11
2138 11
2139 11
2140 13
2141 12
2142 12
2143 11
2144 10
2145 8
2146 8
2147 6
2148 7
2149 8
2150 10
2151 9
2152 13
2153 14
2154 16
2155 13
2156 12
2157 11
2158 9
2159 11
2160 11
2161 10
2162 11
2163 11
2164 10
2165 10
2166 9
2167 10
2168 10
2169 10
2170 10
2171 11
2172 11
2173 8
2174 10
2175 10
2176 9
2177 9
2178 11
2179 12
2180 12
2181 12
2182 11
2183 10
2184 11
2185 12
2186 11
2187 10
2188 8
2189 8
2190 7
2191 5
2192 4
2193 3
2194 3
2195 1
2196 5
2197 5
2198 2
2199 1
2200 2
2201 3
2202 2
2203 3
2204 1
2205 0
2206 4
2207 2
2208 4
2209 2
2210 2
2211 2
2212 1
2213 5
2214 4
2215 3
2216 2
2217 1
2218 4
2219 7
2220 6
2221 5
2222 4
2223 6
2224 4
2225 3
2226 1
2227 3
2228 2
2229 6
2230 4
2231 4
2232 5
2233 6
2234 6
2235 7
2236 6
2237 6
2238 5
2239 3
2240 3
2241 5
2242 4
2243 3
2244 2
2245 0
2246 5
2247 5
2248 4
2249 5
2250 2
2251 1
2252 2
2253 0
2254 4
2255 3
2256 3
2257 2
2258 0
2259 2
2260 3
2261 1
2262 4
2263 2
2264 3
2265 3
2266 3
2267 0
2268 4
2269 2
2270 3
2271 2
2272 2
2273 4
2274 6
2275 3
2276 3
2277 3
2278 2
2279 5
2280 4
2281 3
2282 1
2283 0
2284 2
2285 2
2286 2
2287 2
2288 2
2289 2
2290 2
2291 2
2292 2
2293 2
2294 4
2295 3
2296 1
2297 4
2298 2
2299 2
2300 2
2301 0
2302 3
2303 3
2304 8
2305 9
2306 8
2307 7
2308 8
2309 9
2310 13
2311 15
2312 12
2313 13
2314 10
2315 11
2316 10
2317 9
2318 8
2319 8
2320 8
2321 8
2322 7
2323 7
2324 6
2325 5
2326 7
2327 8
2328 5
2329 3
2330 1
2331 2
2332 3
2333 3
2334 3
2335 3
2336 0
2337 1
2338 0
2339 2
2340 1
2341 1
2342 3
2343 3
2344 5
2345 3
2346 3
2347 3
2348 3
2349 1
2350 2
2351 5
2352 4
2353 2
2354 4
2355 2
2356 3
2357 4
2358 4
2359 6
2360 6
2361 6
2362 8
2363 10
2364 10
2365 10
2366 9
2367 8
2368 7
2369 4
2370 6
2371 5
2372 4
2373 4
2374 4
2375 2
2376 2
2377 0
2378 3
2379 4
2380 3
2381 2
2382 1
2383 3
2384 1
2385 1
2386 2
2387 0
2388 4
2389 3
2390 3
2391 1
2392 2
2393 2
2394 4
2395 5
2396 4
2397 4
2398 3
2399 1
2400 0
2401 3
2402 2
2403 2
2404 2
2405 2
2406 5
2407 4
2408 4
2409 3
2410 0
2411 4
2412 5
2413 4
2414 3
2415 1
2416 5
2417 4
2418 4
2419 2
2420 1
2421 3
2422 6
2423 8
2424 7
2425 8
2426 7
2427 7
2428 7
2429 9
2430 7
2431 7
2432 7
2433 5
2434 3
2435 2
2436 0
2437 3
2438 5
2439 9
2440 9
2441 9
2442 7
2443 6
2444 5
2445 6
2446 5
2447 5
2448 4
2449 5
2450 4
2451 3
2452 2
2453 5
2454 5
2455 5
2456 5
2457 5
2458 5
2459 6
2460 5
2461 4
2462 3
2463 1
2464 1
2465 4
2466 2
2467 3
2468 2
2469 3
2470 3
2471 1
2472 5
2473 8
2474 5
2475 3
2476 1
2477 1
2478 3
2479 2
2480 2
2481 1
2482 2
2483 0
2484 1
2485 3
2486 3
2487 1
2488 2
2489 1
2490 2
2491 3
2492 2
2493 4
2494 3
2495 1
2496 2
2497 4
2498 6
2499 5
2500 5
2501 5
2502 6
2503 6
2504 5
2505 5
2506 4
2507 5
2508 5
2509 4
2510 5
2511 3
2512 3
2513 4
2514 2
2515 3
2516 2
2517 6
2518 4
2519 2
2520 3
2521 3
2522 3
2523 6
2524 5
2525 5
2526 5
2527 4
2528 2
2529 4
2530 4
2531 2
2532 2
2533 4
2534 2
2535 1
2536 1
2537 3
2538 2
2539 2
2540 4
2541 5
2542 4
2543 5
2544 3
2545 4
2546 8
2547 8
2548 7
2549 8
2550 6
2551 4
2552 2
2553 3
2554 2
2555 0
2556 4
2557 2
2558 4
2559 4
2560 5
2561 5
2562 4
2563 3
2564 1
2565 5
2566 4
2567 3
2568 0
2569 1
2570 2
2571 3
2572 4
2573 3
2574 3
2575 2
2576 2
2577 1
2578 1
2579 3
2580 1
2581 5
2582 4
2583 4
2584 7
2585 6
2586 6
2587 6
2588 7
2589 8
2590 9
2591 9
2592 8
2593 8
2594 6
2595 8
2596 9
2597 7
2598 6
2599 5
2600 6
2601 4
2602 5
2603 5
2604 2
2605 2
2606 2
2607 1
2608 3
2609 3
2610 2
2611 1
2612 2
2613 2
2614 3
2615 1
2616 1
2617 1
2618 2
2619 2
2620 2
2621 4
2622 4
2623 2
2624 3
2625 2
2626 4
2627 6
2628 6
2629 5
2630 5
2631 3
2632 1
2633 2
2634 2
2635 1
2636 5
2637 3
2638 3
2639 4
2640 4
2641 4
2642 6
2643 7
2644 6
2645 5
2646 4
2647 3
2648 3
2649 5
2650 5
2651 4
2652 5
2653 4
2654 3
2655 1
2656 2
2657 2
2658 1
2659 1
2660 1
2661 1
2662 3
2663 2
2664 4
2665 2
2666 3
2667 1
2668 1
2669 4
2670 1
2671 4
2672 2
2673 3
2674 3
2675 3
2676 5
2677 4
2678 1
2679 1
2680 5
2681 5
2682 6
2683 6
2684 5
2685 5
2686 4
2687 3
2688 1
2689 4
2690 4
2691 3
2692 6
2693 6
2694 5
2695 7
2696 4
2697 5
2698 7
2699 5
2700 5
2701 3
2702 2
2703 3
2704 2
2705 0
2706 4
2707 1
2708 1
2709 3
2710 1
2711 2
2712 1
2713 1
2714 3
2715 3
2716 1
2717 4
2718 1
2719 4
2720 3
2721 3
2722 1
2723 3
2724 3
2725 4
2726 4
2727 3
2728 3
2729 2
2730 3
2731 3
2732 3
2733 3
2734 1
2735 0
2736 1
2737 1
2738 1
2739 2
2740 4
2741 5
2742 5
2743 2
2744 5
2745 3
2746 3
2747 1
2748 5
2749 2
2750 1
2751 4
2752 3
2753 1
2754 1
2755 2
2756 3
2757 2
2758 2
2759 1
2760 1
2761 3
2762 2
2763 1
2764 0
2765 5
2766 5
2767 5
2768 4
2769 1
2770 2
2771 1
2772 3
2773 0
2774 4
2775 3
2776 1
2777 1
2778 1
2779 3
2780 0
2781 1
2782 2
2783 2
2784 2
2785 0
2786 0
2787 2
2788 3
2789 0
2790 2
2791 0
2792 3
2793 1
2794 2
2795 1
2796 6
2797 5
2798 3
2799 5
2800 9
2801 9
2802 10
2803 8
2804 7
2805 5
2806 5
2807 4
2808 5
2809 6
2810 4
2811 5
2812 7
2813 6
2814 3
2815 4
2816 3
2817 5
2818 3
2819 1
2820 3
2821 2
2822 1
2823 2
2824 1
2825 5
2826 6
2827 6
2828 6
2829 6
2830 5
2831 5
2832 4
2833 4
2834 5
2835 8
2836 5
2837 5
2838 4
2839 7
2840 5
2841 2
2842 7
2843 7
2844 9
2845 8
2846 6
2847 5
2848 7
2849 8
2850 6
2851 8
2852 5
2853 2
2854 1
2855 7
2856 6
2857 6
2858 8
2859 7
2860 6
2861 6
2862 5
2863 4
2864 4
2865 2
2866 2
2867 3
2868 1
2869 3
2870 1
2871 4
2872 3
2873 1
2874 4
2875 5
2876 5
2877 7
2878 7
2879 7
2880 7
2881 5
2882 5
2883 5
2884 4
2885 3
2886 1
2887 2
2888 3
2889 4
2890 4
2891 3
2892 1
2893 3
2894 2
2895 5
2896 3
2897 2
2898 5
2899 7
2900 6
2901 4
2902 2
2903 2
2904 2
2905 4
2906 3
2907 1
2908 1
2909 2
2910 1
2911 4
2912 2
2913 4
2914 3
2915 3
2916 2
2917 0
2918 1
2919 2
2920 1
2921 3
2922 1
2923 2
2924 1
2925 5
2926 6
2927 4
2928 2
2929 5
2930 8
2931 7
2932 7
2933 5
2934 4
2935 2
2936 1
2937 5
2938 3
2939 2
2940 1
2941 0
2942 2
2943 0
2944 1
2945 2
2946 4
2947 3
2948 2
2949 1
2950 4
2951 4
2952 2
2953 3
2954 1
2955 2
2956 2
2957 3
2958 4
2959 5
2960 5
2961 4
2962 3
2963 2
2964 0
2965 4
2966 3
2967 4
2968 5
2969 4
2970 4
2971 5
2972 4
2973 5
2974 4
2975 2
2976 3
2977 5
2978 5
2979 6
2980 6
2981 5
2982 6
2983 6
2984 7
2985 4
2986 3
2987 3
2988 2
2989 2
2990 3
2991 1
2992 1
2993 3
2994 1
2995 1
2996 2
2997 3
2998 2
2999 4
3000 2
3001 5
3002 5
3003 5
3004 8
3005 9
3006 9
3007 7
3008 8
3009 7
3010 6
3011 6
3012 8
3013 9
3014 9
3015 9
3016 7
3017 10
3018 10
3019 11
3020 11
3021 11
3022 9
3023 9
3024 11
3025 12
3026 11
3027 11
3028 11
3029 11
3030 10
3031 9
3032 11
3033 11
3034 11
3035 11
3036 9
3037 8
3038 7
3039 7
3040 6
3041 7
3042 6
3043 4
3044 2
3045 1
3046 2
3047 2
3048 5
3049 5
3050 5
3051 2
3052 2
3053 5
3054 5
3055 3
3056 3
3057 3
3058 1
3059 2
3060 1
3061 2
3062 1
3063 3
3064 4
3065 5
3066 5
3067 3
3068 2
3069 1
3070 4
3071 3
3072 3
3073 3
3074 2
3075 1
3076 1
3077 4
3078 4
3079 4
3080 3
3081 1
3082 7
3083 6
3084 3
3085 2
3086 3
3087 3
3088 2
3089 4
3090 4
3091 2
3092 1
3093 1
3094 1
3095 3
3096 5
3097 6
3098 3
3099 4
3100 5
3101 8
3102 8
3103 10
3104 9
3105 9
3106 7
3107 7
3108 9
3109 10
3110 10
3111 8
3112 7
3113 6
3114 5
3115 3
3116 2
3117 2
3118 5
3119 4
3120 3
3121 2
3122 3
3123 2
3124 4
3125 3
3126 3
3127 4
3128 4
3129 1
3130 6
3131 6
3132 4
3133 2
3134 2
3135 1
3136 1
3137 2
3138 3
3139 2
3140 4
3141 3
3142 2
3143 2
3144 4
3145 3
3146 2
3147 3
3148 1
3149 0
3150 2
3151 1
3152 3
3153 3
3154 2
3155 5
3156 3
3157 2
3158 1
3159 2
3160 4
3161 4
3162 4
3163 2
3164 2
3165 3
3166 5
3167 5
3168 4
3169 5
3170 4
3171 7
3172 5
3173 5
3174 8
3175 5
3176 7
3177 5
3178 7
3179 10
3180 9
3181 9
3182 9
3183 8
3184 7
3185 6
3186 5
3187 7
3188 7
3189 8
3190 5
3191 6
3192 4
3193 3
3194 3
3195 2
3196 3
3197 0
3198 4
3199 4
3200 2
3201 4
3202 2
3203 1
3204 3
3205 2
3206 1
3207 4
3208 5
3209 4
3210 1
3211 4
3212 5
3213 5
3214 5
3215 5
3216 6
3217 6
3218 5
3219 4
3220 3
3221 4
3222 6
3223 4
3224 5
3225 2
3226 4
3227 2
3228 2
3229 2
3230 2
3231 2
3232 3
3233 4
3234 1
3235 1
3236 2
3237 4
3238 4
3239 5
3240 5
3241 6
3242 6
3243 5
3244 4
3245 5
3246 6
3247 5
3248 4
3249 4
3250 6
3251 6
3252 5
3253 6
3254 7
3255 7
3256 6
3257 7
3258 7
3259 9
3260 10
3261 9
3262 8
3263 7
3264 9
3265 8
3266 7
3267 7
3268 6
3269 7
3270 7
3271 6
3272 5
3273 5
3274 3
3275 6
3276 5
3277 6
3278 7
3279 5
3280 4
3281 4
3282 4
3283 4
3284 4
3285 3
3286 2
3287 1
3288 3
3289 5
3290 4
3291 5
3292 7
3293 10
3294 8
3295 7
3296 5
3297 2
3298 2
3299 1
3300 1
3301 3
3302 1
3303 5
3304 4
3305 2
3306 1
3307 0
3308 3
3309 1
3310 5
3311 6
3312 6
3313 10
3314 9
3315 11
3316 13
3317 13
3318 13
3319 15
3320 12
3321 11
3322 12
3323 12
3324 14
3325 13
3326 14
3327 15
3328 12
3329 11
3330 13
3331 14
3332 13
3333 12
3334 10
3335 10
3336 7
3337 7
3338 7
3339 9
3340 9
3341 8
3342 7
3343 10
3344 10
3345 8
3346 10
3347 8
3348 8
3349 10
3350 11
3351 10
3352 9
3353 6
3354 4
3355 3
3356 2
3357 2
3358 1
3359 2
3360 3
3361 1
3362 5
3363 4
3364 4
3365 4
3366 4
3367 3
3368 3
3369 2
3370 3
3371 1
3372 5
3373 5
3374 6
3375 4
3376 5
3377 5
3378 4
3379 4
3380 6
3381 3
3382 1
3383 3
3384 4
3385 2
3386 2
3387 1
3388 2
3389 3
3390 3
3391 3
3392 1
3393 2
3394 3
3395 1
3396 1
3397 0
3398 1
3399 4
3400 3
3401 3
3402 2
3403 3
3404 2
3405 2
3406 3
3407 1
3408 3
3409 4
3410 3
3411 1
3412 2
3413 2
3414 3
3415 1
3416 3
3417 0
3418 2
3419 3
3420 2
3421 2
3422 5
3423 8
3424 8
3425 8
3426 9
3427 6
3428 3
3429 5
3430 2
3431 3
3432 1
3433 1
3434 2
3435 3
3436 2
3437 2
3438 2
3439 2
3440 1
3441 3
3442 2
3443 3
3444 1
3445 1
3446 3
3447 3
3448 3
3449 2
3450 1
3451 4
3452 2
3453 5
3454 5
3455 4
3456 4
3457 4
3458 4
3459 2
3460 2
3461 3
3462 2
3463 2
3464 1
3465 3
3466 2
3467 1
3468 1
3469 2
3470 3
3471 3
3472 1
3473 2
3474 3
3475 2
3476 3
3477 2
3478 1
3479 3
3480 0
3481 3
3482 3
3483 2
3484 3
3485 2
3486 2
3487 2
3488 3
3489 2
3490 4
3491 2
3492 3
3493 2
3494 3
3495 1
3496 3
3497 4
3498 2
3499 0
3500 3
3501 4
3502 4
3503 3
3504 3
3505 5
3506 5
3507 3
3508 1
3509 1
3510 3
3511 4
3512 3
3513 2
3514 2
3515 1
3516 2
3517 2
3518 3
3519 2
3520 0
3521 1
3522 1
3523 1
3524 3
3525 3
3526 4
3527 4
3528 5
3529 4
3530 3
3531 1
3532 3
3533 1
3534 3
3535 4
3536 7
3537 7
3538 8
3539 9
3540 11
3541 11
3542 14
3543 13
3544 10
3545 10
3546 7
3547 7
3548 7
3549 6
3550 4
3551 4
3552 5
3553 6
3554 4
3555 2
3556 2
3557 1
3558 1
3559 5
3560 6
3561 5
3562 4
3563 4
3564 3
3565 5
3566 6
3567 4
3568 3
3569 1
3570 0
3571 3
3572 1
3573 4
3574 2
3575 2
3576 2
3577 2
3578 2
3579 3
3580 2
3581 2
3582 4
3583 2
3584 3
3585 3
3586 1
3587 1
3588 1
3589 1
3590 1
3591 3
3592 4
3593 3
3594 4
3595 2
3596 1
3597 4
3598 4
3599 4
3600 3
3601 4
3602 2
3603 1
3604 1
3605 0
3606 1
3607 1
3608 2
3609 3
3610 4
3611 2
3612 2
3613 2
3614 4
3615 3
3616 1
3617 2
3618 3
3619 5
3620 4
3621 1
3622 1
3623 4
3624 3
3625 4
3626 3
3627 2
3628 0
3629 2
3630 0
3631 2
3632 3
3633 3
3634 2
3635 2
3636 4
3637 3
3638 2
3639 1
3640 1
3641 3
3642 2
3643 2
3644 6
3645 6
3646 7
3647 7
3648 9
3649 6
3650 5
3651 6
3652 6
3653 7
3654 8
3655 7
3656 7
3657 8
3658 7
3659 7
3660 5
3661 3
3662 4
3663 1
3664 2
3665 6
3666 7
3667 7
3668 6
3669 7
3670 7
3671 4
3672 1
3673 3
3674 2
3675 6
3676 8
3677 9
3678 10
3679 10
3680 9
3681 7
3682 6
3683 4
3684 3
3685 3
3686 4
3687 2
3688 4
3689 5
3690 3
3691 4
3692 1
3693 3
3694 1
3695 0
3696 2
3697 2
3698 3
3699 0
3700 1
3701 0
3702 4
3703 4
3704 2
3705 3
3706 2
3707 3
3708 2
3709 2
3710 3
3711 2
3712 2
3713 2
3714 1
3715 3
3716 3
3717 2
3718 0
3719 1
3720 3
3721 3
3722 6
3723 6
3724 8
3725 7
3726 7
3727 6
3728 8
3729 9
3730 10
3731 11
3732 9
3733 6
3734 5
3735 3
3736 1
3737 5
3738 4
3739 6
3740 5
3741 4
3742 4
3743 7
3744 7
3745 5
3746 6
3747 4
3748 6
3749 6
3750 7
3751 8
3752 10
3753 9
3754 7
3755 4
3756 4
3757 5
3758 7
3759 9
3760 8
3761 5
3762 4
3763 1
3764 2
3765 1
3766 1
3767 1
3768 4
3769 3
3770 3
3771 5
3772 5
3773 6
3774 3
3775 2
3776 2
3777 2
3778 4
3779 3
3780 1
3781 1
3782 4
3783 5
3784 5
3785 4
3786 2
3787 2
3788 2
3789 2
3790 2
3791 0
3792 2
3793 4
3794 4
3795 6
3796 7
3797 6
3798 3
3799 2
3800 2
3801 4
3802 4
3803 2
3804 3
3805 3
3806 1
3807 3
3808 2
3809 4
3810 3
3811 2
3812 3
3813 5
3814 6
3815 5
3816 3
3817 1
3818 0
3819 2
3820 1
3821 3
3822 2
3823 0
3824 4
3825 4
3826 2
3827 3
3828 2
3829 6
3830 6
3831 7
3832 4
3833 4
3834 2
3835 0
3836 2
3837 4
3838 5
3839 7
3840 10
3841 10
3842 8
3843 9
3844 8
3845 7
3846 6
3847 8
3848 6
3849 5
3850 4
3851 3
3852 5
3853 3
3854 6
3855 7
3856 7
3857 5
3858 6
3859 5
3860 4
3861 3
3862 4
3863 3
3864 0
3865 1
3866 3
3867 0
3868 2
3869 4
3870 3
3871 2
3872 2
3873 1
3874 4
3875 5
3876 7
3877 7
3878 5
3879 6
3880 6
3881 4
3882 3
3883 2
3884 2
3885 1
3886 4
3887 5
3888 3
3889 1
3890 4
3891 1
3892 1
3893 0
3894 2
3895 1
3896 1
3897 4
3898 4
3899 4
3900 4
3901 4
3902 2
3903 5
3904 5
3905 5
3906 5
3907 4
3908 5
3909 4
3910 5
3911 4
3912 3
3913 4
3914 4
3915 3
3916 2
3917 3
3918 4
3919 3
3920 5
3921 3
3922 0
3923 4
3924 4
3925 3
3926 4
3927 2
3928 3
3929 1
3930 4
3931 4
3932 5
3933 4
3934 5
3935 4
3936 1
3937 1
3938 4
3939 2
3940 0
3941 2
3942 4
3943 5
3944 5
3945 3
3946 3
3947 4
3948 4
3949 4
3950 3
3951 2
3952 1
3953 2
3954 1
3955 4
3956 4
3957 3
3958 4
3959 5
3960 4
3961 2
3962 6
3963 5
3964 4
3965 3
3966 2
3967 1
3968 3
3969 1
3970 3
3971 2
3972 2
3973 4
3974 4
3975 4
3976 2
3977 2
3978 1
3979 7
3980 10
3981 10
3982 12
3983 12
3984 11
3985 11
3986 11
3987 9
3988 8
3989 10
3990 7
3991 4
3992 3
3993 1
3994 3
3995 3
3996 5
3997 6
3998 6
3999 5
4000 5
4001 4
4002 5
4003 5
4004 4
4005 3
4006 1
4007 3
4008 1
4009 0
4010 1
4011 2
4012 4
4013 3
4014 2
4015 3
4016 3
4017 4
4018 2
4019 2
4020 3
4021 3
4022 3
4023 5
4024 5
4025 6
4026 4
4027 7
4028 6
4029 5
4030 6
4031 6
4032 5
4033 9
4034 8
4035 7
4036 8
4037 8
4038 9
4039 8
4040 8
4041 7
4042 6
4043 4
4044 3
4045 2
4046 2
4047 4
4048 4
4049 2
4050 5
4051 5
4052 2
4053 3
4054 4
4055 3
4056 1
4057 2
4058 2
4059 3
4060 2
4061 2
4062 2
4063 4
4064 2
4065 1
4066 1
4067 3
4068 5
4069 5
4070 2
4071 1
4072 2
4073 6
4074 4
4075 4
4076 2
4077 1
4078 3
4079 3
4080 5
4081 4
4082 3
4083 3
4084 4
4085 4
4086 3
4087 3
4088 3
4089 1
4090 1
4091 2
4092 3
4093 2
4094 4
4095 3
4096 5
4097 3
4098 4
4099 4
4100 5
4101 5
4102 4
4103 2
4104 2
4105 3
4106 1
4107 3
4108 3
4109 2
4110 5
4111 4
4112 5
4113 5
4114 4
4115 6
4116 7
4117 9
4118 10
4119 9
4120 10
4121 10
4122 11
4123 11
4124 11
4125 10
4126 9
4127 11
4128 10
4129 9
4130 8
4131 9
4132 10
4133 9
4134 10
4135 8
4136 7
4137 6
4138 10
4139 11
4140 9
4141 7
4142 6
4143 5
4144 4
4145 5
4146 2
4147 2
4148 3
4149 5
4150 3
4151 1
4152 5
4153 4
4154 2
4155 3
4156 1
4157 3
4158 2
4159 2
4160 4
4161 2
4162 4
4163 3
4164 2
4165 3
4166 2
4167 5
4168 5
4169 6
4170 4
4171 3
4172 0
4173 2
4174 1
4175 1
4176 4
4177 6
4178 7
4179 9
4180 9
4181 7
4182 6
4183 3
4184 1
4185 3
4186 0
4187 1
4188 1
4189 3
4190 2
4191 2
4192 1
4193 1
4194 3
4195 2
4196 4
4197 3
4198 2
4199 2
4200 0
4201 2
4202 5
4203 4
4204 5
4205 5
4206 4
4207 2
4208 1
4209 1
4210 3
4211 5
4212 5
4213 6
4214 5
4215 4
4216 2
4217 3
4218 4
4219 3
4220 1
4221 5
4222 7
4223 8
4224 8
4225 8
4226 6
4227 6
4228 7
4229 4
4230 4
4231 3
4232 2
4233 3
4234 3
4235 0
4236 1
4237 3
4238 2
4239 3
4240 2
4241 5
4242 4
4243 5
4244 3
4245 3
4246 2
4247 3
4248 2
4249 3
4250 3
4251 3
4252 2
4253 4
4254 5
4255 4
4256 2
4257 4
4258 3
4259 3
4260 2
4261 2
4262 4
4263 3
4264 3
4265 1
4266 0
4267 3
4268 0
4269 3
4270 2
4271 1
4272 1
4273 2
4274 2
4275 3
4276 0
4277 0
4278 2
4279 0
4280 5
4281 5
4282 7
4283 6
4284 5
4285 3
4286 5
4287 5
4288 6
4289 6
4290 7
4291 6
4292 9
4293 8
4294 6
4295 8
4296 6
4297 3
4298 1
4299 2
4300 2
4301 2
4302 4
4303 3
4304 3
4305 2
4306 3
4307 4
4308 5
4309 6
4310 5
4311 5
4312 5
4313 3
4314 1
4315 4
4316 2
4317 2
4318 4
4319 4
4320 3
4321 2
4322 3
4323 2
4324 3
4325 5
4326 4
4327 5
4328 4
4329 4
4330 4
4331 4
4332 4
4333 4
4334 3
4335 4
4336 3
4337 2
4338 2
4339 5
4340 6
4341 6
4342 8
4343 7
4344 8
4345 7
4346 6
4347 3
4348 3
4349 3
4350 1
4351 3
4352 2
4353 2
4354 1
4355 3
4356 3
4357 3
4358 4
4359 1
4360 0
4361 3
4362 2
4363 3
4364 1
4365 3
4366 2
4367 5
4368 6
4369 5
4370 2
4371 2
4372 1
4373 3
4374 2
4375 1
4376 2
4377 4
4378 2
4379 2
4380 3
4381 2
4382 1
4383 2
4384 5
4385 3
4386 2
4387 2
4388 2
4389 3
4390 2
4391 3
4392 0
4393 2
4394 2
4395 3
4396 1
4397 4
4398 3
4399 3
4400 2
4401 3
4402 4
4403 3
4404 2
4405 3
4406 5
4407 3
4408 4
4409 3
4410 2
4411 3
4412 1
4413 1
4414 1
4415 1
4416 2
4417 0
4418 0
4419 1
4420 3
4421 0
4422 2
4423 4
4424 4
4425 4
4426 2
4427 4
4428 6
4429 8
4430 7
4431 6
4432 6
4433 5
4434 6
4435 4
4436 3
4437 7
4438 7
4439 8
4440 12
4441 13
4442 12
4443 14
4444 13
4445 12
4446 9
4447 9
4448 8
4449 8
4450 8
4451 6
4452 5
4453 3
4454 1
4455 6
4456 6
4457 6
4458 6
4459 5
4460 4
4461 2
4462 5
4463 9
4464 8
4465 7
4466 5
4467 6
4468 5
4469 4
4470 2
4471 1
4472 3
4473 4
4474 5
4475 5
4476 3
4477 1
4478 2
4479 2
4480 2
4481 3
4482 1
4483 4
4484 3
4485 4
4486 5
4487 2
4488 6
4489 5
4490 7
4491 7
4492 6
4493 6
4494 7
4495 4
4496 2
4497 4
4498 2
4499 4
4500 3
4501 1
4502 3
4503 3
4504 2
4505 3
4506 0
4507 2
4508 1
4509 3
4510 4
4511 5
4512 5
4513 3
4514 2
4515 2
4516 0
4517 6
4518 5
4519 6
4520 7
4521 9
4522 7
4523 5
4524 3
4525 4
4526 3
4527 2
4528 3
4529 1
4530 3
4531 1
4532 4
4533 5
4534 5
4535 4
4536 2
4537 4
4538 2
4539 4
4540 2
4541 5
4542 2
4543 4
4544 3
4545 3
4546 5
4547 2
4548 3
4549 2
4550 3
4551 4
4552 2
4553 2
4554 2
4555 2
4556 4
4557 4
4558 3
4559 3
4560 4
4561 4
4562 3
4563 4
4564 5
4565 3
4566 5
4567 6
4568 4
4569 3
4570 4
4571 2
4572 1
4573 1
4574 3
4575 2
4576 6
4577 5
4578 7
4579 7
4580 6
4581 6
4582 4
4583 4
4584 3
4585 4
4586 3
4587 2
4588 3
4589 4
4590 1
4591 3
4592 1
4593 1
4594 4
4595 4
4596 5
4597 3
4598 4
4599 4
4600 4
4601 3
4602 4
4603 5
4604 4
4605 3
4606 4
4607 1
4608 0
4609 4
4610 5
4611 3
4612 2
4613 1
4614 2
4615 5
4616 4
4617 3
4618 4
4619 5
4620 5
4621 6
4622 4
4623 3
4624 2
4625 7
4626 6
4627 3
4628 3
4629 3
4630 6
4631 7
4632 6
4633 4
4634 2
4635 2
4636 1
4637 3
4638 0
4639 3
4640 3
4641 2
4642 4
4643 3
4644 1
4645 3
4646 5
4647 4
4648 4
4649 4
4650 3
4651 4
4652 7
4653 6
4654 5
4655 3
4656 1
4657 3
4658 3
4659 1
4660 3
4661 2
4662 2
4663 2
4664 3
4665 2
4666 1
4667 3
4668 3
4669 3
4670 1
4671 4
4672 4
4673 3
4674 2
4675 3
4676 3
4677 2
4678 3
4679 3
4680 2
4681 5
4682 5
4683 2
4684 1
4685 1
4686 3
4687 1
4688 1
4689 2
4690 4
4691 2
4692 3
4693 2
4694 0
4695 4
4696 3
4697 4
4698 4
4699 5
4700 4
4701 3
4702 3
4703 2
4704 5
4705 4
4706 1
4707 2
4708 1
4709 2
4710 2
4711 3
4712 1
4713 2
4714 1
4715 3
4716 5
4717 5
4718 4
4719 5
4720 5
4721 3
4722 1
4723 3
4724 1
4725 5
4726 3
4727 1
4728 1
4729 2
4730 2
4731 2
4732 1
4733 5
4734 5
4735 4
4736 5
4737 5
4738 4
4739 2
4740 3
4741 4
4742 5
4743 4
4744 3
4745 3
4746 1
4747 2
4748 3
4749 2
4750 2
4751 1
4752 1
4753 6
4754 5
4755 5
4756 3
4757 3
4758 3
4759 4
4760 5
4761 5
4762 7
4763 6
4764 7
4765 8
4766 6
4767 4
4768 3
4769 3
4770 4
4771 1
4772 3
4773 3
4774 2
4775 3
4776 5
4777 6
4778 4
4779 3
4780 6
4781 4
4782 3
4783 4
4784 3
4785 3
4786 2
4787 3
4788 5
4789 3
4790 1
4791 2
4792 1
4793 4
4794 6
4795 5
4796 5
4797 9
4798 11
4799 10
4800 8
4801 7
4802 7
4803 12
4804 14
4805 14
4806 15
4807 12
4808 11
4809 13
4810 15
4811 12
4812 10
4813 9
4814 9
4815 8
4816 6
4817 7
4818 7
4819 4
4820 2
4821 1
4822 3
4823 1
4824 0
4825 1
4826 4
4827 4
4828 6
4829 7
4830 9
4831 9
4832 9
4833 10
4834 9
4835 11
4836 9
4837 10
4838 11
4839 11
4840 9
4841 10
4842 8
4843 5
4844 5
4845 3
4846 0
4847 1
4848 5
4849 4
4850 4
4851 2
4852 3
4853 2
4854 0
4855 3
4856 5
4857 3
4858 2
4859 5
4860 4
4861 4
4862 2
4863 3
4864 4
4865 5
4866 6
4867 3
4868 3
4869 2
4870 2
4871 3
4872 3
4873 5
4874 6
4875 5
4876 6
4877 6
4878 3
4879 1
4880 3
4881 2
4882 3
4883 3
4884 3
4885 4
4886 2
4887 2
4888 2
4889 4
4890 5
4891 4
4892 1
4893 5
4894 5
4895 4
4896 3
4897 3
4898 4
4899 3
4900 3
4901 1
4902 3
4903 3
4904 0
4905 1
4906 3
4907 4
4908 4
4909 3
4910 3
4911 1
4912 5
4913 5
4914 4
4915 4
4916 3
4917 2
4918 4
4919 3
4920 3
4921 5
4922 3
4923 2
4924 3
4925 3
4926 2
4927 5
4928 4
4929 3
4930 1
4931 3
4932 2
4933 4
4934 5
4935 4
4936 4
4937 7
4938 6
4939 6
4940 7
4941 8
4942 7
4943 4
4944 5
4945 4
4946 2
4947 2
4948 2
4949 2
4950 0
4951 1
4952 3
4953 3
4954 3
4955 3
4956 1
4957 3
4958 3
4959 4
4960 3
4961 0
4962 5
4963 4
4964 4
4965 5
4966 3
4967 5
4968 5
4969 3
4970 2
4971 0
4972 5
4973 5
4974 5
4975 5
4976 5
4977 7
4978 5
4979 6
4980 6
4981 4
4982 5
4983 4
4984 4
4985 6
4986 5
4987 5
4988 5
4989 6
4990 7
4991 7
4992 7
4993 6
4994 6
4995 8
4996 7
4997 6
4998 5
4999 5
5000 6
5001 4
5002 5
5003 6
5004 8
5005 6
5006 6
5007 5
5008 7
5009 4
5010 3
5011 2
5012 4
5013 3
5014 6
5015 6
5016 9
5017 11
5018 9
5019 12
5020 12
5021 12
5022 12
5023 13
5024 14
5025 15
5026 12
5027 12
5028 12
5029 13
5030 12
5031 12
5032 12
5033 11
5034 10
5035 10
5036 10
5037 7
5038 7
5039 6
5040 5
5041 6
5042 6
5043 6
5044 3
5045 3
5046 2
5047 5
5048 4
5049 2
5050 2
5051 4
5052 3
5053 1
5054 5
5055 5
5056 6
5057 6
5058 5
5059 4
5060 5
5061 5
5062 3
5063 3
5064 1
5065 3
5066 2
5067 3
5068 4
5069 3
5070 2
5071 2
5072 0
5073 0
5074 3
5075 2
5076 2
5077 1
5078 4
5079 5
5080 5
5081 6
5082 5
5083 5
5084 4
5085 4
5086 3
5087 4
5088 3
5089 3
5090 3
5091 4
5092 4
5093 6
5094 6
5095 7
5096 6
5097 8
5098 6
5099 8
5100 7
5101 5
5102 4
5103 4
5104 3
5105 4
5106 5
5107 3
5108 1
5109 3
5110 1
5111 3
5112 1
5113 4
5114 4
5115 2
5116 4
5117 2
5118 0
5119 4
5120 3
5121 1
5122 1
5123 1
5124 1
5125 3
5126 1
5127 3
5128 6
5129 7
5130 7
5131 7
5132 8
5133 5
5134 7
5135 6
5136 3
5137 3
5138 3
5139 1
5140 2
5141 5
5142 6
5143 6
5144 3
5145 4
5146 6
5147 6
5148 5
5149 4
5150 3
5151 1
5152 5
5153 5
5154 8
5155 6
5156 5
5157 5
5158 4
5159 4
5160 4
5161 3
5162 5
5163 7
5164 7
5165 5
5166 5
5167 9
5168 7
5169 6
5170 4
5171 4
5172 2
5173 2
5174 4
5175 2
5176 2
5177 3
5178 2
5179 5
5180 4
5181 5
5182 3
5183 2
5184 2
5185 1
5186 3
5187 2
5188 1
5189 7
5190 6
5191 5
5192 6
5193 6
5194 5
5195 2
5196 4
5197 4
5198 3
5199 0
5200 3
5201 1
5202 1
5203 0
5204 0
5205 1
5206 3
5207 1
5208 1
5209 4
5210 4
5211 3
5212 3
5213 1
5214 3
5215 4
5216 4
5217 3
5218 1
5219 2
5220 3
5221 5
5222 3
5223 3
5224 1
5225 3
5226 3
5227 5
5228 4
5229 2
5230 2
5231 1
5232 2
5233 3
5234 5
5235 6
5236 3
5237 3
5238 2
5239 1
5240 2
5241 3
5242 4
5243 3
5244 0
5245 2
5246 0
5247 4
5248 5
5249 4
5250 7
5251 8
5252 6
5253 5
5254 3
5255 2
5256 1
5257 1
5258 3
5259 1
5260 1
5261 3
5262 2
5263 2
5264 2
5265 4
5266 5
5267 3
5268 1
5269 3
5270 4
5271 2
5272 4
5273 4
5274 5
5275 4
5276 3
5277 2
5278 3
5279 1
5280 5
5281 3
5282 4
5283 4
5284 3
5285 1
5286 3
5287 3
5288 2
5289 8
5290 9
5291 8
5292 5
5293 5
5294 4
5295 3
5296 1
5297 4
5298 3
5299 0
5300 3
5301 1
5302 4
5303 3
5304 3
5305 1
5306 3
5307 5
5308 6
5309 6
5310 7
5311 5
5312 3
5313 0
5314 3
5315 2
5316 2
5317 3
5318 4
5319 2
5320 2
5321 3
5322 1
5323 2
5324 0
5325 5
5326 6
5327 5
5328 7
5329 5
5330 5
5331 6
5332 5
5333 2
5334 1
5335 5
5336 4
5337 4
5338 4
5339 4
5340 1
5341 1
5342 3
5343 2
5344 3
5345 2
5346 2
5347 2
5348 2
5349 3
5350 2
5351 2
5352 1
5353 4
5354 4
5355 5
5356 3
5357 1
5358 1
5359 3
5360 2
5361 4
5362 2
5363 1
5364 4
5365 4
5366 2
5367 2
5368 2
5369 3
5370 2
5371 3
5372 4
5373 5
5374 5
5375 4
5376 4
5377 2
5378 1
5379 2
5380 2
5381 1
5382 2
5383 3
5384 2
5385 3
5386 4
5387 4
5388 3
5389 2
5390 2
5391 2
5392 2
5393 4
5394 5
5395 7
5396 5
5397 7
5398 7
5399 6
5400 5
5401 2
5402 1
5403 2
5404 3
5405 2
5406 2
5407 4
5408 3
5409 2
5410 3
5411 4
5412 6
5413 8
5414 8
5415 9
5416 8
5417 8
5418 6
5419 6
5420 7
5421 7
5422 7
5423 9
5424 10
5425 9
5426 6
5427 7
5428 4
5429 4
5430 4
5431 2
5432 2
5433 3
5434 2
5435 4
5436 5
5437 6
5438 6
5439 5
5440 6
5441 6
5442 4
5443 3
5444 2
5445 2
5446 4
5447 5
5448 7
5449 8
5450 8
5451 9
5452 10
5453 9
5454 8
5455 7
5456 7
5457 4
5458 2
5459 2
5460 2
5461 1
5462 2
5463 2
5464 2
5465 3
5466 3
5467 0
5468 5
5469 8
5470 7
5471 7
5472 7
5473 4
5474 5
5475 5
5476 5
5477 5
5478 3
5479 3
5480 3
5481 3
5482 2
5483 3
5484 2
5485 0
5486 1
5487 3
5488 0
5489 3
5490 4
5491 5
5492 4
5493 2
5494 2
5495 0
5496 5
5497 6
5498 4
5499 3
5500 3
5501 2
5502 1
5503 2
5504 2
5505 5
5506 6
5507 4
5508 4
5509 3
5510 4
5511 4
5512 6
5513 5
5514 5
5515 6
5516 7
5517 6
5518 6
5519 5
5520 4
5521 4
5522 5
5523 3
5524 1
5525 2
5526 1
5527 2
5528 2
5529 4
5530 6
5531 5
5532 2
5533 4
5534 5
5535 4
5536 5
5537 7
5538 7
5539 5
5540 5
5541 4
5542 1
5543 2
5544 3
5545 3
5546 2
5547 5
5548 5
5549 3
5550 3
5551 1
5552 4
5553 6
5554 9
5555 8
5556 5
5557 2
5558 5
5559 6
5560 6
5561 7
5562 8
5563 8
5564 6
5565 5
5566 6
5567 5
5568 2
5569 3
5570 2
5571 6
5572 4
5573 3
5574 3
5575 3
5576 2
5577 0
5578 3
5579 3
5580 2
5581 0
5582 1
5583 2
5584 1
5585 0
5586 2
5587 2
5588 4
5589 4
5590 2
5591 3
5592 3
5593 3
5594 0
5595 2
5596 4
5597 3
5598 4
5599 2
5600 4
5601 4
5602 5
5603 3
5604 1
5605 3
5606 2
5607 1
5608 5
5609 7
5610 5
5611 6
5612 5
5613 4
5614 3
5615 3
5616 4
5617 3
5618 0
5619 2
5620 2
5621 3
5622 2
5623 2
5624 3
5625 2
5626 6
5627 5
5628 3
5629 6
5630 6
5631 6
5632 5
5633 8
5634 7
5635 6
5636 4
5637 3
5638 3
5639 2
5640 1
5641 2
5642 1
5643 2
5644 4
5645 3
5646 4
5647 3
5648 3
5649 2
5650 2
5651 0
5652 2
5653 1
5654 1
5655 3
5656 1
5657 2
5658 3
5659 2
5660 5
5661 3
5662 0
5663 1
5664 4
5665 3
5666 3
5667 2
5668 3
5669 2
5670 1
5671 2
5672 2
5673 2
5674 4
5675 2
5676 4
5677 4
5678 6
5679 7
5680 5
5681 4
5682 6
5683 5
5684 3
5685 2
5686 2
5687 0
5688 4
5689 3
5690 3
5691 3
5692 2
5693 1
5694 4
5695 3
5696 1
5697 2
5698 0
5699 4
5700 2
5701 2
5702 4
5703 2
5704 2
5705 4
5706 4
5707 4
5708 2
5709 2
5710 3
5711 0
5712 2
5713 2
5714 1
5715 3
5716 5
5717 2
5718 3
5719 4
5720 5
5721 5
5722 6
5723 5
5724 4
5725 5
5726 7
5727 9
5728 6
5729 6
5730 4
5731 3
5732 1
5733 4
5734 7
5735 5
5736 6
5737 6
5738 5
5739 5
5740 4
5741 3
5742 2
5743 3
5744 4
5745 2
5746 1
5747 6
5748 4
5749 3
5750 3
5751 4
5752 6
5753 5
5754 2
5755 3
5756 2
5757 3
5758 3
5759 4
5760 4
5761 6
5762 5
5763 7
5764 9
5765 7
5766 6
5767 8
5768 7
5769 7
5770 5
5771 5
5772 5
5773 8
5774 8
5775 9
5776 9
5777 10
5778 11
5779 9
5780 9
5781 8
5782 8
5783 7
5784 7
5785 4
5786 2
5787 1
5788 2
5789 1
5790 7
5791 5
5792 3
5793 5
5794 3
5795 2
5796 3
5797 3
5798 2
5799 1
5800 1
5801 3
5802 1
5803 2
5804 3
5805 2
5806 4
5807 5
5808 5
5809 6
5810 8
5811 6
5812 5
5813 9
5814 8
5815 7
5816 7
5817 4
5818 2
5819 2
5820 1
5821 3
5822 3
5823 3
5824 4
5825 4
5826 4
5827 3
5828 3
5829 2
5830 6
5831 7
5832 5
5833 4
5834 4
5835 3
5836 5
5837 4
5838 5
5839 3
5840 4
5841 6
5842 4
5843 2
5844 5
5845 3
5846 2
5847 4
5848 5
5849 5
5850 5
5851 5
5852 2
5853 2
5854 4
5855 3
5856 3
5857 3
5858 1
5859 5
5860 6
5861 3
5862 5
5863 3
5864 2
5865 3
5866 2
5867 4
5868 5
5869 3
5870 2
5871 2
5872 5
5873 2
5874 3
5875 2
5876 4
5877 3
5878 3
5879 3
5880 5
5881 4
5882 5
5883 7
5884 7
5885 8
5886 7
5887 9
5888 9
5889 9
5890 7
5891 7
5892 8
5893 5
5894 5
5895 5
5896 4
5897 4
5898 3
5899 5
5900 3
5901 2
5902 2
5903 1
5904 3
5905 1
5906 1
5907 2
5908 4
5909 5
5910 5
5911 7
5912 5
5913 3
5914 4
5915 4
5916 3
5917 2
5918 3
5919 1
5920 0
5921 3
5922 3
5923 4
5924 4
5925 4
5926 3
5927 3
5928 2
5929 3
5930 2
5931 6
5932 4
5933 3
5934 1
5935 0
5936 1
5937 1
5938 3
5939 1
5940 3
5941 4
5942 3
5943 2
5944 1
5945 3
5946 4
5947 4
5948 5
5949 7
5950 5
5951 6
5952 4
5953 2
5954 5
5955 5
5956 3
5957 2
5958 4
5959 5
5960 6
5961 6
5962 8
5963 9
5964 10
5965 10
5966 10
5967 10
5968 9
5969 8
5970 5
5971 5
5972 3
5973 1
5974 1
5975 2
5976 0
5977 1
5978 2
5979 2
5980 2
5981 2
5982 2
5983 6
5984 3
5985 3
5986 2
5987 0
5988 1
5989 4
5990 3
5991 3
5992 4
5993 4
5994 5
5995 7
5996 8
5997 10
5998 11
5999 9
6000 10
6001 10
6002 12
6003 12
6004 14
6005 13
6006 12
6007 11
6008 12
6009 11
6010 11
6011 9
6012 8
6013 8
6014 7
6015 7
6016 7
6017 6
6018 3
6019 2
6020 2
6021 1
6022 1
6023 1
6024 2
6025 4
6026 6
6027 5
6028 3
6029 4
6030 1
6031 5
6032 5
6033 3
6034 5
6035 7
6036 4
6037 2
6038 3
6039 1
6040 0
6041 3
6042 2
6043 1
6044 3
6045 1
6046 1
6047 1
6048 2
6049 1
6050 3
6051 2
6052 3
6053 3
6054 3
6055 3
6056 6
6057 5
6058 5
6059 5
6060 7
6061 8
6062 8
6063 8
6064 7
6065 5
6066 4
6067 3
6068 4
6069 5
6070 6
6071 6
6072 6
6073 3
6074 2
6075 2
6076 3
6077 3
6078 3
6079 3
6080 3
6081 1
6082 4
6083 3
6084 3
6085 2
6086 5
6087 4
6088 5
6089 6
6090 5
6091 5
6092 6
6093 5
6094 7
6095 6
6096 4
6097 2
6098 1
6099 4
6100 3
6101 0
6102 4
6103 6
6104 4
6105 4
6106 3
6107 2
6108 5
6109 4
6110 3
6111 4
6112 2
6113 4
6114 2
6115 3
6116 2
6117 1
6118 1
6119 0
6120 3
6121 2
6122 1
6123 3
6124 1
6125 4
6126 5
6127 3
6128 2
6129 4
6130 2
6131 3
6132 6
6133 3
6134 1
6135 4
6136 2
6137 0
6138 1
6139 4
6140 6
6141 6
6142 6
6143 6
6144 8
6145 7
6146 6
6147 5
6148 2
6149 4
6150 5
6151 9
6152 9
6153 9
6154 8
6155 7
6156 6
6157 5
6158 7
6159 6
6160 7
6161 6
6162 7
6163 7
6164 9
6165 6
6166 4
6167 3
6168 2
6169 3
6170 2
6171 5
6172 5
6173 3
6174 3
6175 4
6176 1
6177 3
6178 2
6179 1
6180 0
6181 4
6182 4
6183 4
6184 6
6185 6
6186 5
6187 5
6188 4
6189 5
6190 5
6191 4
6192 5
6193 4
6194 3
6195 1
6196 2
6197 3
6198 4
6199 1
6200 1
6201 2
6202 2
6203 2
6204 3
6205 1
6206 2
6207 2
6208 1
6209 2
6210 3
6211 5
6212 4
6213 2
6214 2
6215 3
6216 2
6217 2
6218 5
6219 3
6220 7
6221 6
6222 6
6223 7
6224 8
6225 6
6226 3
6227 4
6228 2
6229 2
6230 2
6231 2
6232 0
6233 4
6234 2
6235 0
6236 3
6237 1
6238 0
6239 2
6240 4
6241 4
6242 6
6243 8
6244 8
6245 6
6246 7
6247 5
6248 3
6249 3
6250 3
6251 5
6252 5
6253 5
6254 4
6255 5
6256 5
6257 3
6258 1
6259 3
6260 3
6261 1
6262 0
6263 2
6264 2
6265 2
6266 1
6267 4
6268 3
6269 4
6270 2
6271 1
6272 1
6273 3
6274 1
6275 3
6276 1
6277 7
6278 6
6279 6
6280 3
6281 2
6282 5
6283 5
6284 3
6285 2
6286 8
6287 8
6288 7
6289 7
6290 8
6291 8
6292 7
6293 9
6294 7
6295 6
6296 7
6297 6
6298 5
6299 3
6300 0
6301 5
6302 6
6303 4
6304 4
6305 4
6306 4
6307 3
6308 4
6309 6
6310 6
6311 8
6312 8
6313 6
6314 9
6315 10
6316 9
6317 10
6318 9
6319 9
6320 6
6321 10
6322 9
6323 7
6324 5
6325 5
6326 5
6327 5
6328 5
6329 5
6330 5
6331 2
6332 0
6333 2
6334 3
6335 2
6336 2
6337 0
6338 2
6339 0
6340 1
6341 2
6342 0
6343 5
6344 3
6345 2
6346 5
6347 6
6348 6
6349 4
6350 5
6351 3
6352 1
6353 2
6354 2
6355 2
6356 0
6357 1
6358 1
6359 3
6360 2
6361 3
6362 2
6363 3
6364 1
6365 6
6366 5
6367 4
6368 5
6369 5
6370 5
6371 4
6372 3
6373 1
6374 1
6375 2
6376 4
6377 4
6378 4
6379 7
6380 6
6381 4
6382 2
6383 2
6384 4
6385 2
6386 4
6387 1
6388 2
6389 2
6390 2
6391 1
6392 3
6393 2
6394 3
6395 2
6396 2
6397 4
6398 5
6399 6
6400 5
6401 6
6402 7
6403 8
6404 9
6405 9
6406 8
6407 8
6408 8
6409 7
6410 9
6411 12
6412 11
6413 10
6414 9
6415 10
6416 9
6417 12
6418 11
6419 10
6420 9
6421 11
6422 11
6423 13
6424 11
6425 11
6426 8
6427 8
6428 8
6429 8
6430 5
6431 4
6432 5
6433 4
6434 4
6435 3
6436 2
6437 2
6438 3
6439 2
6440 3
6441 6
6442 7
6443 5
6444 6
6445 5
6446 4
6447 3
6448 3
6449 4
6450 4
6451 3
6452 2
6453 3
6454 1
6455 3
6456 4
6457 4
6458 5
6459 6
6460 5
6461 4
6462 3
6463 3
6464 0
6465 3
6466 4
6467 4
6468 3
6469 1
6470 3
6471 2
6472 4
6473 2
6474 2
6475 1
6476 1
6477 0
6478 4
6479 3
6480 3
6481 4
6482 8
6483 8
6484 9
6485 9
6486 6
6487 5
6488 4
6489 3
6490 3
6491 2
6492 1
6493 5
6494 6
6495 7
6496 7
6497 7
6498 6
6499 7
6500 4
6501 6
6502 5
6503 4
6504 6
6505 5
6506 4
6507 2
6508 2
6509 0
6510 1
6511 5
6512 6
6513 4
6514 3
6515 3
6516 2
6517 3
6518 0
6519 2
6520 3
6521 2
6522 4
6523 4
6524 4
6525 5
6526 9
6527 11
6528 8
6529 10
6530 8
6531 6
6532 6
6533 7
6534 6
6535 4
6536 1
6537 1
6538 1
6539 3
6540 2
6541 2
6542 2
6543 4
6544 3
6545 1
6546 5
6547 3
6548 0
6549 4
6550 4
6551 6
6552 4
6553 2
6554 5
6555 6
6556 6
6557 3
6558 5
6559 5
6560 3
6561 6
6562 5
6563 5
6564 5
6565 6
6566 7
6567 10
6568 12
6569 12
6570 11
6571 9
6572 6
6573 5
6574 2
6575 2
6576 2
6577 3
6578 1
6579 3
6580 0
6581 4
6582 4
6583 2
6584 2
6585 3
6586 5
6587 4
6588 3
6589 4
6590 4
6591 4
6592 4
6593 2
6594 3
6595 2
6596 4
6597 2
6598 4
6599 5
6600 2
6601 1
6602 3
6603 2
6604 1
6605 3
6606 4
6607 4
6608 5
6609 4
6610 3
6611 4
6612 1
6613 2
6614 0
6615 2
6616 5
6617 4
6618 3
6619 2
6620 3
6621 5
6622 2
6623 5
6624 4
6625 3
6626 4
6627 3
6628 3
6629 1
6630 1
6631 4
6632 3
6633 2
6634 1
6635 1
6636 2
6637 3
6638 1
6639 1
6640 3
6641 0
6642 2
6643 1
6644 2
6645 6
6646 4
6647 1
6648 3
6649 2
6650 3
6651 1
6652 3
6653 5
6654 5
6655 5
6656 6
6657 8
6658 6
6659 8
6660 6
6661 3
6662 3
6663 3
6664 4
6665 3
6666 2
6667 2
6668 4
6669 6
6670 4
6671 7
6672 8
6673 10
6674 11
6675 10
6676 10
6677 11
6678 10
6679 8
6680 7
6681 7
6682 7
6683 6
6684 5
6685 4
6686 3
6687 4
6688 4
6689 4
6690 2
6691 3
6692 0
6693 4
6694 3
6695 1
6696 2
6697 3
6698 4
6699 5
6700 6
6701 9
6702 10
6703 9
6704 7
6705 8
6706 8
6707 9
6708 9
6709 8
6710 7
6711 8
6712 7
6713 6
6714 7
6715 7
6716 9
6717 9
6718 8
6719 7
6720 5
6721 3
6722 0
6723 2
6724 2
6725 5
6726 4
6727 3
6728 2
6729 3
6730 2
6731 3
6732 5
6733 9
6734 11
6735 10
6736 9
6737 7
6738 6
6739 4
6740 3
6741 3
6742 0
6743 2
6744 1
6745 1
6746 1
6747 3
6748 2
6749 3
6750 2
6751 0
6752 0
6753 3
6754 1
6755 3
6756 2
6757 0
6758 4
6759 3
6760 4
6761 3
6762 1
6763 3
6764 3
6765 3
6766 4
6767 2
6768 6
6769 3
6770 2
6771 4
6772 5
6773 7
6774 6
6775 6
6776 6
6777 6
6778 5
6779 7
6780 6
6781 5
6782 5
6783 7
6784 5
6785 5
6786 6
6787 7
6788 5
6789 5
6790 5
6791 3
6792 2
6793 2
6794 4
6795 2
6796 6
6797 5
6798 6
6799 5
6800 5
6801 4
6802 2
6803 5
6804 3
6805 1
6806 3
6807 1
6808 3
6809 1
6810 3
6811 2
6812 1
6813 2
6814 5
6815 5
6816 7
6817 7
6818 5
6819 3
6820 0
6821 3
6822 3
6823 2
6824 5
6825 3
6826 3
6827 3
6828 4
6829 4
6830 3
6831 3
6832 2
6833 4
6834 3
6835 3
6836 1
6837 1
6838 0
6839 1
6840 4
6841 2
6842 3
6843 0
6844 6
6845 8
6846 6
6847 6
6848 5
6849 7
6850 7
6851 8
6852 8
6853 8
6854 9
6855 10
6856 9
6857 10
6858 8
6859 8
6860 6
6861 6
6862 5
6863 5
6864 4
6865 4
6866 4
6867 2
6868 4
6869 3
6870 1
6871 4
6872 1
6873 3
6874 1
6875 2
6876 1
6877 3
6878 1
6879 2
6880 0
6881 0
6882 6
6883 6
6884 6
6885 5
6886 4
6887 3
6888 4
6889 3
6890 1
6891 5
6892 4
6893 2
6894 4
6895 4
6896 3
6897 1
6898 1
6899 2
6900 2
6901 3
6902 3
6903 2
6904 0
6905 2
6906 1
6907 3
6908 2
6909 3
6910 2
6911 2
6912 3
6913 2
6914 5
6915 5
6916 4
6917 3
6918 0
6919 2
6920 2
6921 3
6922 3
6923 5
6924 2
6925 0
6926 1
6927 2
6928 2
6929 3
6930 2
6931 2
6932 3
6933 6
6934 5
6935 4
6936 3
6937 2
6938 5
6939 6
6940 5
6941 4
6942 2
6943 2
6944 4
6945 3
6946 1
6947 1
6948 2
6949 2
6950 3
6951 2
6952 2
6953 2
6954 1
6955 1
6956 4
6957 3
6958 5
6959 5
6960 3
6961 1
6962 3
6963 4
6964 5
6965 4
6966 3
6967 2
6968 2
6969 4
6970 1
6971 1
6972 0
6973 3
6974 1
6975 2
6976 3
6977 0
6978 2
6979 3
6980 2
6981 2
6982 1
6983 2
6984 0
6985 2
6986 2
6987 3
6988 1
6989 5
6990 5
6991 5
6992 4
6993 5
6994 4
6995 2
6996 2
6997 5
6998 5
6999 3
7000 2
7001 4
7002 3
7003 2
7004 2
7005 1
7006 2
7007 4
7008 3
7009 5
7010 2
7011 2
7012 4
7013 2
7014 5
7015 3
7016 3
7017 0
7018 2
7019 1
7020 0
7021 3
7022 4
7023 4
7024 4
7025 5
7026 4
7027 4
7028 2
7029 3
7030 2
7031 3
7032 4
7033 2
7034 2
7035 1
7036 2
7037 2
7038 4
7039 4
7040 3
7041 4
7042 6
7043 8
7044 8
7045 6
7046 3
7047 3
7048 3
7049 6
7050 4
7051 3
7052 1
7053 3
7054 1
7055 2
7056 4
7057 4
7058 3
7059 3
7060 1
7061 2
7062 1
7063 1
7064 3
7065 0
7066 6
7067 7
7068 7
7069 6
7070 4
7071 2
7072 3
7073 3
7074 2
7075 3
7076 4
7077 3
7078 3
7079 3
7080 5
7081 5
7082 5
7083 2
7084 1
7085 4
7086 4
7087 5
7088 4
7089 2
7090 0
7091 2
7092 1
7093 5
7094 4
7095 8
7096 8
7097 8
7098 8
7099 10
7100 8
7101 6
7102 3
7103 3
7104 2
7105 4
7106 5
7107 5
7108 5
7109 6
7110 4
7111 2
7112 6
7113 5
7114 5
7115 4
7116 5
7117 3
7118 0
7119 4
7120 5
7121 6
7122 5
7123 4
7124 3
7125 6
7126 5
7127 5
7128 8
7129 9
7130 12
7131 14
7132 13
7133 13
7134 12
7135 11
7136 9
7137 11
7138 12
7139 14
7140 16
7141 13
7142 10
7143 11
7144 11
7145 10
7146 12
7147 12
7148 9
7149 10
7150 10
7151 9
7152 9
7153 7
7154 8
7155 7
7156 7
7157 9
7158 9
7159 7
7160 5
7161 6
7162 4
7163 3
7164 6
7165 3
7166 1
7167 2
7168 3
7169 3
7170 3
7171 2
7172 3
7173 3
7174 1
7175 2
7176 4
7177 3
7178 2
7179 1
7180 4
7181 4
7182 3
7183 3
7184 4
7185 6
7186 4
7187 3
7188 1
7189 0
7190 2
7191 1
7192 2
7193 3
7194 1
7195 2
7196 5
7197 2
7198 3
7199 2
7200 0
7201 5
7202 4
7203 3
7204 1
7205 3
7206 5
7207 4
7208 4
7209 7
7210 5
7211 8
7212 6
7213 4
7214 6
7215 5
7216 3
7217 3
7218 2
7219 2
7220 3
7221 4
7222 2
7223 5
7224 6
7225 4
7226 3
7227 3
7228 4
7229 3
7230 3
7231 3
7232 3
7233 4
7234 5
7235 3
7236 4
7237 5
7238 5
7239 7
7240 8
7241 7
7242 5
7243 2
7244 2
7245 5
7246 6
7247 4
7248 3
7249 4
7250 4
7251 5
7252 6
7253 4
7254 6
7255 5
7256 10
7257 11
7258 10
7259 10
7260 11
7261 10
7262 12
7263 12
7264 11
7265 11
7266 11
7267 9
7268 8
7269 9
7270 7
7271 6
7272 3
7273 3
7274 0
7275 2
7276 6
7277 6
7278 5
7279 5
7280 3
7281 0
7282 6
7283 5
7284 8
7285 8
7286 6
7287 5
7288 5
7289 9
7290 11
7291 11
7292 11
7293 10
7294 10
7295 10
7296 11
7297 11
7298 11
7299 10
7300 11
7301 12
7302 13
7303 12
7304 13
7305 12
7306 14
7307 13
7308 11
7309 9
7310 9
7311 10
7312 11
7313 10
7314 10
7315 11
7316 8
7317 8
7318 9
7319 9
7320 10
7321 10
7322 9
7323 13
7324 13
7325 13
7326 14
7327 13
7328 12
7329 11
7330 9
7331 9
7332 8
7333 8
7334 9
7335 10
7336 10
7337 9
7338 10
7339 10
7340 9
7341 10
7342 12
7343 11
7344 11
7345 10
7346 7
7347 7
7348 6
7349 5
7350 7
7351 7
7352 6
7353 4
7354 3
7355 3
7356 4
7357 4
7358 2
7359 3
7360 0
7361 4
7362 3
7363 3
7364 3
7365 0
7366 2
7367 3
7368 1
7369 2
7370 1
7371 2
7372 1
7373 3
7374 3
7375 3
7376 4
7377 1
7378 3
7379 2
7380 2
7381 3
7382 3
7383 2
7384 2
7385 4
7386 3
7387 3
7388 3
7389 2
7390 4
7391 4
7392 5
7393 6
7394 5
7395 4
7396 3
7397 3
7398 2
7399 6
7400 6
7401 4
7402 4
7403 3
7404 0
7405 2
7406 1
7407 3
7408 2
7409 1
7410 2
7411 2
7412 1
7413 3
7414 3
7415 2
7416 3
7417 1
7418 2
7419 4
7420 3
7421 1
7422 2
7423 1
7424 5
7425 4
7426 5
7427 3
7428 4
7429 4
7430 7
7431 7
7432 8
7433 9
7434 10
7435 9
7436 7
7437 4
7438 4
7439 5
7440 2
7441 3
7442 0
7443 1
7444 1
7445 4
7446 5
7447 3
7448 2
7449 3
7450 4
7451 3
7452 5
7453 6
7454 7
7455 9
7456 9
7457 7
7458 7
7459 7
7460 7
7461 10
7462 8
7463 8
7464 5
7465 6
7466 6
7467 7
7468 8
7469 6
7470 5
7471 5
7472 3
7473 3
7474 2
7475 4
7476 2
7477 1
7478 3
7479 2
7480 2
7481 2
7482 1
7483 0
7484 4
7485 4
7486 1
7487 2
7488 1
7489 5
7490 7
7491 5
7492 5
7493 3
7494 3
7495 4
7496 4
7497 3
7498 0
7499 2
7500 2
7501 1
7502 1
7503 2
7504 4
7505 2
7506 4
7507 5
7508 5
7509 3
7510 2
7511 1
7512 1
7513 6
7514 5
7515 5
7516 5
7517 2
7518 3
7519 3
7520 3
7521 4
7522 3
7523 3
7524 3
7525 2
7526 2
7527 1
7528 6
7529 5
7530 4
7531 4
7532 4
7533 3
7534 1
7535 2
7536 3
7537 3
7538 2
7539 5
7540 6
7541 5
7542 3
7543 2
7544 3
7545 4
7546 2
7547 4
7548 4
7549 5
7550 6
7551 6
7552 4
7553 4
7554 3
7555 4
7556 4
7557 3
7558 2
7559 3
7560 4
7561 5
7562 5
7563 6
7564 4
7565 4
7566 4
7567 3
7568 4
7569 1
7570 2
7571 1
7572 1
7573 4
7574 4
7575 4
7576 3
7577 1
7578 1
7579 2
7580 1
7581 5
7582 6
7583 4
7584 1
7585 4
7586 2
7587 3
7588 2
7589 2
7590 0
7591 2
7592 2
7593 2
7594 1
7595 2
7596 4
7597 2
7598 2
7599 3
7600 1
7601 3
7602 4
7603 3
7604 2
7605 0
7606 3
7607 3
7608 2
7609 2
7610 2
7611 3
7612 3
7613 4
7614 5
7615 6
7616 7
7617 6
7618 5
7619 3
7620 0
7621 1
7622 3
7623 2
7624 2
7625 2
7626 4
7627 6
7628 4
7629 4
7630 3
7631 2
7632 3
7633 3
7634 3
7635 0
7636 2
7637 2
7638 1
7639 4
7640 4
7641 4
7642 3
7643 2
7644 4
7645 4
7646 5
7647 4
7648 3
7649 4
7650 5
7651 4
7652 3
7653 4
7654 5
7655 4
7656 3
7657 5
7658 6
7659 5
7660 6
7661 7
7662 6
7663 8
7664 7
7665 6
7666 5
7667 4
7668 3
7669 3
7670 1
7671 4
7672 2
7673 1
7674 3
7675 5
7676 3
7677 0
7678 1
7679 4
7680 4
7681 3
7682 2
7683 4
7684 3
7685 1
7686 3
7687 2
7688 2
7689 1
7690 0
7691 2
7692 3
7693 2
7694 1
7695 1
7696 1
7697 4
7698 6
7699 6
7700 5
7701 4
7702 5
7703 4
7704 3
7705 2
7706 2
7707 3
7708 2
7709 3
7710 5
7711 5
7712 4
7713 3
7714 3
7715 2
7716 2
7717 2
7718 3
7719 2
7720 2
7721 4
7722 4
7723 1
7724 6
7725 5
7726 6
7727 4
7728 2
7729 1
7730 1
7731 4
7732 2
7733 0
7734 2
7735 3
7736 5
7737 5
7738 2
7739 1
7740 2
7741 3
7742 3
7743 1
7744 2
7745 2
7746 1
7747 2
7748 1
7749 2
7750 3
7751 2
7752 4
7753 5
7754 4
7755 5
7756 5
7757 4
7758 3
7759 3
7760 5
7761 3
7762 1
7763 3
7764 5
7765 4
7766 2
7767 2
7768 2
7769 3
7770 2
7771 2
7772 3
7773 4
7774 4
7775 3
7776 3
7777 3
7778 6
7779 8
7780 8
7781 9
7782 11
7783 11
7784 11
7785 11
7786 11
7787 10
7788 9
7789 7
7790 6
7791 5
7792 8
7793 7
7794 7
7795 5
7796 6
7797 5
7798 5
7799 5
7800 6
7801 5
7802 4
7803 1
7804 2
7805 3
7806 5
7807 4
7808 7
7809 8
7810 7
7811 5
7812 4
7813 3
7814 2
7815 4
7816 3
7817 3
7818 2
7819 3
7820 4
7821 4
7822 4
7823 4
7824 3
7825 2
7826 3
7827 3
7828 4
7829 2
7830 2
7831 1
7832 5
7833 6
7834 7
7835 5
7836 5
7837 4
7838 2
7839 3
7840 2
7841 3
7842 1
7843 3
7844 3
7845 0
7846 4
7847 2
7848 3
7849 1
7850 1
7851 2
7852 0
7853 5
7854 4
7855 2
7856 3
7857 4
7858 2
7859 3
7860 1
7861 4
7862 6
7863 9
7864 11
7865 11
7866 9
7867 6
7868 4
7869 3
7870 2
7871 2
7872 1
7873 4
7874 4
7875 4
7876 4
7877 5
7878 6
7879 5
7880 5
7881 4
7882 5
7883 8
7884 7
7885 8
7886 10
7887 8
7888 7
7889 7
7890 6
7891 7
7892 5
7893 2
7894 3
7895 3
7896 3
7897 4
7898 4
7899 3
7900 2
7901 7
7902 8
7903 9
7904 8
7905 7
7906 5
7907 4
7908 5
7909 5
7910 4
7911 1
7912 4
7913 2
7914 3
7915 2
7916 4
7917 3
7918 2
7919 2
7920 3
7921 2
7922 3
7923 1
7924 1
7925 1
7926 6
7927 4
7928 2
7929 2
7930 5
7931 7
7932 5
7933 3
7934 0
7935 3
7936 1
7937 1
7938 2
7939 4
7940 4
7941 4
7942 5
7943 5
7944 4
7945 4
7946 6
7947 6
7948 4
7949 4
7950 5
7951 8
7952 7
7953 4
7954 3
7955 2
7956 3
7957 1
7958 3
7959 2
7960 5
7961 4
7962 5
7963 2
7964 3
7965 2
7966 2
7967 1
7968 2
7969 3
7970 3
7971 4
7972 4
7973 4
7974 5
7975 3
7976 0
7977 5
7978 6
7979 3
7980 5
7981 5
7982 4
7983 3
7984 3
7985 3
7986 3
7987 6
7988 5
7989 6
7990 9
7991 8
7992 6
7993 3
7994 1
7995 5
7996 6
7997 6
7998 6
7999 6
8000 7
8001 5
8002 4
8003 1
8004 1
8005 2
8006 1
8007 2
8008 0
8009 2
8010 2
8011 0
8012 4
8013 2
8014 2
8015 4
8016 3
8017 3
8018 5
8019 2
8020 0
8021 2
8022 5
8023 4
8024 2
8025 3
8026 2
8027 2
8028 3
8029 2
8030 1
8031 1
8032 2
8033 4
8034 3
8035 3
8036 2
8037 4
8038 5
8039 6
8040 4
8041 2
8042 1
8043 1
8044 1
8045 5
8046 4
8047 2
8048 3
8049 2
8050 4
8051 2
8052 4
8053 5
8054 6
8055 5
8056 3
8057 4
8058 3
8059 3
8060 5
8061 6
8062 5
8063 5
8064 6
8065 5
8066 4
8067 3
8068 2
8069 2
8070 3
8071 1
8072 4
8073 5
8074 5
8075 6
8076 5
8077 4
8078 3
8079 3
8080 1
8081 3
8082 4
8083 3
8084 1
8085 5
8086 5
8087 2
8088 2
8089 5
8090 5
8091 4
8092 5
8093 5
8094 3
8095 3
8096 3
8097 4
8098 2
8099 2
8100 4
8101 3
8102 2
8103 6
8104 5
8105 2
8106 3
8107 0
8108 1
8109 2
8110 2
8111 2
8112 2
8113 3
8114 3
8115 3
8116 2
8117 4
8118 3
8119 5
8120 4
8121 3
8122 4
8123 2
8124 3
8125 4
8126 5
8127 5
8128 4
8129 4
8130 5
8131 3
8132 2
8133 2
8134 3
8135 3
8136 3
8137 3
8138 4
8139 4
8140 4
8141 4
8142 5
8143 6
8144 4
8145 4
8146 4
8147 5
8148 5
8149 5
8150 6
8151 4
8152 3
8153 5
8154 6
8155 5
8156 7
8157 6
8158 6
8159 4
8160 3
8161 3
8162 1
8163 5
8164 5
8165 3
8166 2
8167 2
8168 1
8169 6
8170 3
8171 5
8172 4
8173 3
8174 3
8175 3
8176 3
8177 5
8178 4
8179 3
8180 5
8181 4
8182 3
8183 0
8184 1
8185 1
8186 4
8187 3
8188 3
8189 3
8190 4
8191 2
8192 1
8193 1
8194 4
8195 5
8196 4
8197 4
8198 4
8199 5
8200 6
8201 7
8202 6
8203 7
8204 5
8205 2
8206 2
8207 2
8208 3
8209 4
8210 3
8211 1
8212 3
8213 3
8214 2
8215 0
8216 4
8217 4
8218 2
8219 1
8220 2
8221 4
8222 2
8223 0
8224 1
8225 2
8226 4
8227 3
8228 4
8229 3
8230 2
8231 2
8232 3
8233 2
8234 2
8235 2
8236 2
8237 3
8238 2
8239 1
8240 4
8241 4
8242 7
8243 6
8244 6
8245 5
8246 3
8247 2
8248 4
8249 4
8250 3
8251 5
8252 5
8253 5
8254 7
8255 8
8256 6
8257 5
8258 5
8259 3
8260 0
8261 5
8262 4
8263 2
8264 2
8265 3
8266 1
8267 3
8268 7
8269 8
8270 9
8271 10
8272 7
8273 6
8274 4
8275 5
8276 4
8277 5
8278 5
8279 6
8280 6
8281 4
8282 3
8283 3
8284 3
8285 2
8286 0
8287 4
8288 5
8289 3
8290 2
8291 2
8292 1
8293 1
8294 5
8295 7
8296 7
8297 6
8298 5
8299 4
8300 4
8301 3
8302 2
8303 3
8304 2
8305 2
8306 0
8307 5
8308 7
8309 9
8310 7
8311 7
8312 6
8313 8
8314 8
8315 7
8316 10
8317 8
8318 7
8319 6
8320 5
8321 5
8322 5
8323 4
8324 2
8325 4
8326 3
8327 1
8328 2
8329 1
8330 1
8331 3
8332 2
8333 1
8334 1
8335 0
8336 4
8337 3
8338 3
8339 2
8340 1
8341 3
8342 1
8343 3
8344 4
8345 6
8346 4
8347 7
8348 8
8349 7
8350 5
8351 3
8352 3
8353 3
8354 3
8355 4
8356 4
8357 5
8358 6
8359 8
8360 9
8361 9
8362 9
8363 11
8364 9
8365 11
8366 11
8367 11
8368 10
8369 12
8370 10
8371 9
8372 7
8373 7
8374 6
8375 7
8376 6
8377 4
8378 5
8379 4
8380 3
8381 4
8382 5
8383 4
8384 3
8385 3
8386 0
8387 3
8388 2
8389 1
8390 2
8391 3
8392 1
8393 2
8394 1
8395 2
8396 2
8397 2
8398 1
8399 1
8400 5
8401 3
8402 3
8403 2
8404 1
8405 1
8406 2
8407 6
8408 6
8409 4
8410 6
8411 5
8412 5
8413 3
8414 2
8415 2
8416 2
8417 2
8418 1
8419 1
8420 4
8421 3
8422 2
8423 0
8424 2
8425 2
8426 1
8427 2
8428 3
8429 2
8430 3
8431 4
8432 3
8433 3
8434 2
8435 2
8436 3
8437 6
8438 7
8439 6
8440 9
8441 8
8442 6
8443 3
8444 2
8445 5
8446 5
8447 3
8448 4
8449 2
8450 5
8451 5
8452 3
8453 1
8454 2
8455 1
8456 3
8457 1
8458 3
8459 2
8460 6
8461 4
8462 2
8463 2
8464 1
8465 3
8466 1
8467 2
8468 1
8469 6
8470 5
8471 5
8472 5
8473 5
8474 4
8475 3
8476 2
8477 1
8478 1
8479 3
8480 1
8481 3
8482 2
8483 3
8484 1
8485 4
8486 2
8487 2
8488 2
8489 1
8490 1
8491 2
8492 3
8493 3
8494 3
8495 1
8496 3
8497 4
8498 4
8499 3
8500 3
8501 3
8502 4
8503 4
8504 4
8505 5
8506 2
8507 4
8508 3
8509 2
8510 3
8511 4
8512 5
8513 3
8514 1
8515 5
8516 5
8517 5
8518 2
8519 2
8520 3
8521 2
8522 1
8523 1
8524 3
8525 1
8526 2
8527 3
8528 3
8529 2
8530 2
8531 4
8532 3
8533 1
8534 4
8535 1
8536 4
8537 3
8538 3
8539 2
8540 1
8541 1
8542 1
8543 1
8544 4
8545 1
8546 4
8547 3
8548 2
8549 3
8550 3
8551 1
8552 3
8553 2
8554 0
8555 4
8556 4
8557 3
8558 2
8559 2
8560 0
8561 2
8562 1
8563 3
8564 4
8565 3
8566 0
8567 4
8568 3
8569 4
8570 5
8571 3
8572 4
8573 4
8574 4
8575 1
8576 5
8577 5
8578 3
8579 2
8580 1
8581 2
8582 0
8583 1
8584 2
8585 4
8586 4
8587 3
8588 1
8589 0
8590 0
8591 1
8592 4
8593 2
8594 3
8595 4
8596 3
8597 4
8598 4
8599 4
8600 2
8601 1
8602 2
8603 1
8604 2
8605 2
8606 4
8607 3
8608 1
8609 5
8610 4
8611 3
8612 2
8613 4
8614 4
8615 6
8616 4
8617 3
8618 1
8619 2
8620 1
8621 0
8622 2
8623 2
8624 2
8625 2
8626 4
8627 3
8628 3
8629 3
8630 4
8631 3
8632 2
8633 3
8634 2
8635 2
8636 5
8637 6
8638 4
8639 2
8640 2
8641 3
8642 4
8643 3
8644 1
8645 4
8646 4
8647 6
8648 9
8649 9
8650 10
8651 10
8652 8
8653 7
8654 4
8655 4
8656 1
8657 1
8658 2
8659 0
8660 3
8661 3
8662 4
8663 2
8664 2
8665 4
8666 5
8667 6
8668 5
8669 5
8670 2
8671 2
8672 4
8673 6
8674 6
8675 4
8676 2
8677 3
8678 2
8679 3
8680 2
8681 2
8682 1
8683 1
8684 1
8685 2
8686 4
8687 4
8688 4
8689 2
8690 0
8691 2
8692 4
8693 3
8694 2
8695 3
8696 2
8697 2
8698 4
8699 4
8700 4
8701 4
8702 4
8703 5
8704 3
8705 4
8706 2
8707 4
8708 3
8709 1
8710 1
8711 2
8712 1
8713 2
8714 3
8715 2
8716 4
8717 4
8718 3
8719 1
8720 2
8721 1
8722 5
8723 5
8724 5
8725 6
8726 4
8727 3
8728 6
8729 4
8730 3
8731 1
8732 1
8733 0
8734 1
8735 3
8736 4
8737 6
8738 4
8739 4
8740 4
8741 3
8742 3
8743 3
8744 4
8745 2
8746 2
8747 5
8748 4
8749 4
8750 3
8751 2
8752 2
8753 0
8754 1
8755 7
8756 6
8757 6
8758 6
8759 4
8760 4
8761 2
8762 5
8763 2
8764 2
8765 4
8766 7
8767 5
8768 6
8769 5
8770 2
8771 2
8772 2
8773 2
8774 4
8775 8
8776 6
8777 6
8778 9
8779 8
8780 9
8781 8
8782 8
8783 8
8784 7
8785 5
8786 5
8787 3
8788 3
8789 4
8790 4
8791 5
8792 5
8793 5
8794 2
8795 4
8796 4
8797 3
8798 2
8799 3
8800 5
8801 5
8802 5
8803 4
8804 4
8805 4
8806 5
8807 3
8808 4
8809 4
8810 3
8811 3
8812 3
8813 3
8814 3
8815 4
8816 2
8817 2
8818 1
8819 5
8820 4
8821 2
8822 3
8823 2
8824 2
8825 1
8826 1
8827 4
8828 2
8829 3
8830 2
8831 3
8832 2
8833 1
8834 1
8835 4
8836 2
8837 2
8838 3
8839 2
8840 2
8841 3
8842 2
8843 2
8844 2
8845 2
8846 3
8847 1
8848 3
8849 2
8850 3
8851 4
8852 5
8853 3
8854 2
8855 0
8856 5
8857 5
8858 6
8859 5
8860 6
8861 5
8862 2
8863 2
8864 2
8865 2
8866 3
8867 4
8868 3
8869 1
8870 3
8871 3
8872 2
8873 2
8874 4
8875 3
8876 1
8877 3
8878 4
8879 5
8880 3
8881 2
8882 4
8883 5
8884 4
8885 3
8886 3
8887 2
8888 4
8889 5
8890 4
8891 1
8892 4
8893 6
8894 4
8895 5
8896 3
8897 1
8898 0
8899 4
8900 2
8901 3
8902 2
8903 6
8904 6
8905 5
8906 4
8907 2
8908 2
8909 3
8910 2
8911 1
8912 3
8913 3
8914 2
8915 3
8916 3
8917 1
8918 4
8919 5
8920 4
8921 1
8922 2
8923 3
8924 5
8925 5
8926 4
8927 4
8928 4
8929 3
8930 1
8931 4
8932 3
8933 3
8934 1
8935 7
8936 8
8937 8
8938 8
8939 8
8940 5
8941 5
8942 6
8943 7
8944 6
8945 6
8946 3
8947 3
8948 4
8949 4
8950 3
8951 5
8952 4
8953 3
8954 3
8955 5
8956 3
8957 3
8958 3
8959 1
8960 2
8961 2
8962 3
8963 3
8964 2
8965 4
8966 4
8967 4
8968 3
8969 3
8970 3
8971 1
8972 4
8973 5
8974 3
8975 4
8976 4
8977 3
8978 5
8979 3
8980 3
8981 6
8982 7
8983 5
8984 3
8985 3
8986 0
8987 3
8988 2
8989 4
8990 1
8991 2
8992 3
8993 1
8994 1
8995 1
8996 1
8997 4
8998 3
8999 4
9000 2
9001 2
9002 1
9003 3
9004 1
9005 2
9006 1
9007 1
9008 4
9009 3
9010 2
9011 2
9012 1
9013 3
9014 0
9015 2
9016 3
9017 0
9018 0
9019 0
9020 1
9021 2
9022 2
9023 1
9024 2
9025 4
9026 4
9027 4
9028 2
9029 2
9030 3
9031 3
9032 4
9033 6
9034 5
9035 3
9036 4
9037 2
9038 1
9039 1
9040 1
9041 6
9042 5
9043 2
9044 1
9045 1
9046 2
9047 2
9048 3
9049 2
9050 2
9051 0
9052 2
9053 1
9054 4
9055 6
9056 6
9057 4
9058 2
9059 3
9060 4
9061 4
9062 5
9063 4
9064 5
9065 6
9066 5
9067 3
9068 3
9069 0
9070 3
9071 1
9072 5
9073 2
9074 1
9075 3
9076 4
9077 4
9078 4
9079 3
9080 3
9081 3
9082 2
9083 3
9084 1
9085 2
9086 4
9087 4
9088 1
9089 3
9090 2
9091 3
9092 4
9093 5
9094 4
9095 3
9096 4
9097 2
9098 3
9099 1
9100 1
9101 3
9102 6
9103 8
9104 12
9105 13
9106 12
9107 10
9108 8
9109 12
9110 13
9111 12
9112 10
9113 7
9114 5
9115 6
9116 6
9117 4
9118 4
9119 3
9120 2
9121 2
9122 1
9123 3
9124 2
9125 1
9126 4
9127 6
9128 6
9129 5
9130 4
9131 1
9132 2
9133 3
9134 4
9135 3
9136 5
9137 5
9138 9
9139 9
9140 11
9141 10
9142 10
9143 8
9144 7
9145 8
9146 8
9147 6
9148 5
9149 4
9150 3
9151 2
9152 1
9153 4
9154 2
9155 3
9156 0
9157 1
9158 3
9159 3
9160 1
9161 1
9162 3
9163 4
9164 5
9165 3
9166 2
9167 4
9168 6
9169 3
9170 3
9171 2
9172 4
9173 3
9174 3
9175 5
9176 6
9177 8
9178 8
9179 8
9180 9
9181 9
9182 9
9183 6
9184 5
9185 3
9186 4
9187 3
9188 1
9189 3
9190 5
9191 3
9192 2
9193 3
9194 4
9195 5
9196 5
9197 3
9198 1
9199 2
9200 4
9201 5
9202 6
9203 4
9204 4
9205 4
9206 4
9207 4
9208 4
9209 3
9210 3
9211 4
9212 3
9213 2
9214 2
9215 2
9216 2
9217 4
9218 4
9219 6
9220 8
9221 9
9222 9
9223 7
9224 7
9225 8
9226 7
9227 8
9228 6
9229 5
9230 4
9231 4
9232 3
9233 4
9234 4
9235 4
9236 7
9237 8
9238 7
9239 7
9240 6
9241 4
9242 3
9243 3
9244 5
9245 3
9246 0
9247 2
9248 4
9249 2
9250 2
9251 2
9252 6
9253 4
9254 2
9255 2
9256 5
9257 4
9258 4
9259 3
9260 3
9261 2
9262 1
9263 3
9264 1
9265 4
9266 4
9267 4
9268 5
9269 5
9270 5
9271 5
9272 6
9273 6
9274 7
9275 8
9276 7
9277 5
9278 3
9279 4
9280 5
9281 4
9282 6
9283 6
9284 5
9285 8
9286 6
9287 7
9288 7
9289 5
9290 4
9291 5
9292 6
9293 5
9294 3
9295 4
9296 5
9297 7
9298 9
9299 9
9300 9
9301 6
9302 6
9303 6
9304 6
9305 7
9306 6
9307 10
9308 10
9309 8
9310 8
9311 6
9312 5
9313 3
9314 1
9315 2
9316 4
9317 6
9318 6
9319 5
9320 2
9321 3
9322 3
9323 4
9324 2
9325 3
9326 5
9327 5
9328 5
9329 4
9330 3
9331 2
9332 4
9333 3
9334 5
9335 5
9336 2
9337 2
9338 2
9339 2
9340 2
9341 3
9342 0
9343 4
9344 3
9345 0
9346 2
9347 3
9348 2
9349 0
9350 2
9351 1
9352 1
9353 2
9354 3
9355 6
9356 6
9357 7
9358 6
9359 6
9360 5
9361 2
9362 1
9363 1
9364 0
9365 4
9366 1
9367 2
9368 3
9369 3
9370 1
9371 3
9372 2
9373 2
9374 1
9375 0
9376 3
9377 3
9378 2
9379 3
9380 3
9381 3
9382 4
9383 4
9384 5
9385 7
9386 5
9387 4
9388 2
9389 4
9390 2
9391 4
9392 2
9393 2
9394 4
9395 3
9396 0
9397 2
9398 4
9399 3
9400 1
9401 2
9402 5
9403 4
9404 5
9405 4
9406 3
9407 2
9408 2
9409 2
9410 1
9411 2
9412 4
9413 4
9414 1
9415 1
9416 3
9417 2
9418 4
9419 7
9420 6
9421 6
9422 7
9423 7
9424 6
9425 6
9426 5
9427 5
9428 4
9429 4
9430 2
9431 4
9432 2
9433 3
9434 1
9435 1
9436 4
9437 2
9438 3
9439 1
9440 2
9441 1
9442 5
9443 8
9444 8
9445 7
9446 6
9447 5
9448 6
9449 4
9450 4
9451 4
9452 2
9453 2
9454 2
9455 1
9456 3
9457 2
9458 5
9459 4
9460 3
9461 2
9462 0
9463 2
9464 4
9465 4
9466 3
9467 1
9468 5
9469 5
9470 4
9471 3
9472 5
9473 3
9474 1
9475 1
9476 3
9477 2
9478 2
9479 6
9480 5
9481 4
9482 5
9483 4
9484 3
9485 2
9486 1
9487 2
9488 1
9489 7
9490 8
9491 8
9492 6
9493 5
9494 3
9495 0
9496 2
9497 2
9498 3
9499 6
9500 7
9501 8
9502 8
9503 9
9504 10
9505 9
9506 7
9507 5
9508 5
9509 3
9510 2
9511 4
9512 2
9513 3
9514 2
9515 0
9516 2
9517 2
9518 4
9519 3
9520 4
9521 3
9522 2
9523 5
9524 4
9525 2
9526 4
9527 2
9528 3
9529 0
9530 2
9531 4
9532 1
9533 2
9534 1
9535 2
9536 2
9537 1
9538 3
9539 2
9540 0
9541 3
9542 1
9543 2
9544 2
9545 2
9546 2
9547 4
9548 4
9549 7
9550 6
9551 3
9552 4
9553 6
9554 5
9555 4
9556 3
9557 2
9558 1
9559 4
9560 6
9561 6
9562 7
9563 4
9564 3
9565 3
9566 0
9567 2
9568 1
9569 1
9570 2
9571 2
9572 5
9573 5
9574 4
9575 6
9576 5
9577 4
9578 2
9579 1
9580 1
9581 4
9582 4
9583 5
9584 3
9585 3
9586 6
9587 5
9588 5
9589 5
9590 2
9591 2
9592 0
9593 3
9594 2
9595 2
9596 1
9597 4
9598 4
9599 6
9600 7
9601 8
9602 6
9603 5
9604 3
9605 3
9606 2
9607 1
9608 4
9609 4
9610 6
9611 7
9612 7
9613 6
9614 4
9615 6
9616 8
9617 6
9618 3
9619 2
9620 1
9621 1
9622 3
9623 2
9624 2
9625 2
9626 2
9627 1
9628 3
9629 3
9630 1
9631 2
9632 4
9633 4
9634 4
9635 5
9636 5
9637 5
9638 5
9639 5
9640 4
9641 3
9642 1
9643 1
9644 2
9645 3
9646 4
9647 4
9648 5
9649 5
9650 4
9651 5
9652 3
9653 6
9654 5
9655 5
9656 7
9657 6
9658 6
9659 4
9660 3
9661 1
9662 5
9663 4
9664 4
9665 2
9666 3
9667 2
9668 3
9669 6
9670 7
9671 6
9672 6
9673 7
9674 5
9675 3
9676 2
9677 4
9678 4
9679 3
9680 3
9681 4
9682 6
9683 6
9684 3
9685 2
9686 3
9687 3
9688 3
9689 4
9690 3
9691 5
9692 7
9693 7
9694 5
9695 3
9696 1
9697 2
9698 3
9699 0
9700 2
9701 4
9702 1
9703 1
9704 2
9705 4
9706 2
9707 2
9708 3
9709 1
9710 5
9711 6
9712 7
9713 6
9714 4
9715 3
9716 6
9717 5
9718 4
9719 3
9720 3
9721 4
9722 1
9723 2
9724 2
9725 1
9726 4
9727 1
9728 3
9729 5
9730 3
9731 4
9732 5
9733 6
9734 4
9735 4
9736 2
9737 1
9738 1
9739 3
9740 2
9741 3
9742 2
9743 2
9744 2
9745 1
9746 0
9747 2
9748 2
9749 3
9750 1
9751 2
9752 2
9753 2
9754 2
9755 3
9756 3
9757 2
9758 2
9759 1
9760 1
9761 4
9762 3
9763 4
9764 4
9765 2
9766 3
9767 3
9768 4
9769 4
9770 4
9771 2
9772 5
9773 5
9774 5
9775 5
9776 5
9777 6
9778 6
9779 3
9780 2
9781 2
9782 2
9783 3
9784 4
9785 5
9786 4
9787 2
9788 2
9789 0
9790 2
9791 3
9792 3
9793 2
9794 4
9795 5
9796 6
9797 7
9798 8
9799 6
9800 8
9801 7
9802 5
9803 5
9804 8
9805 6
9806 7
9807 4
9808 4
9809 4
9810 3
9811 0
9812 3
9813 2
9814 3
9815 3
9816 3
9817 2
9818 4
9819 3
9820 3
9821 5
9822 3
9823 1
9824 1
9825 2
9826 2
9827 3
9828 5
9829 5
9830 7
9831 7
9832 5
9833 2
9834 1
9835 3
9836 3
9837 3
9838 2
9839 1
9840 2
9841 5
9842 6
9843 8
9844 9
9845 10
9846 8
9847 9
9848 7
9849 8
9850 5
9851 7
9852 6
9853 5
9854 6
9855 4
9856 5
9857 3
9858 2
9859 1
9860 3
9861 2
9862 4
9863 4
9864 5
9865 4
9866 1
9867 3
9868 5
9869 4
9870 3
9871 0
9872 3
9873 2
9874 3
9875 0
9876 3
9877 0
9878 1
9879 2
9880 2
9881 4
9882 4
9883 2
9884 3
9885 2
9886 2
9887 1
9888 5
9889 4
9890 3
9891 1
9892 2
9893 0
9894 3
9895 3
9896 6
9897 5
9898 6
9899 5
9900 4
9901 2
9902 3
9903 3
9904 2
9905 0
9906 1
9907 1
9908 4
9909 2
9910 2
9911 3
9912 2
9913 4
9914 2
9915 5
9916 4
9917 4
9918 5
9919 3
9920 1
9921 1
9922 5
9923 5
9924 5
9925 6
9926 8
9927 9
9928 9
9929 11
9930 12
9931 9
9932 7
9933 5
9934 6
9935 5
9936 6
9937 7
9938 6
9939 4
9940 2
9941 2
9942 2
9943 2
9944 4
9945 4
9946 3
9947 1
9948 1
9949 4
9950 5
9951 2
9952 2
9953 1
9954 3
9955 2
9956 2
9957 3
9958 2
9959 4
9960 3
9961 3
9962 1
9963 1
9964 4
9965 4
9966 3
9967 3
9968 5
9969 4
9970 2
9971 2
9972 3
9973 2
9974 2
9975 3
9976 4
9977 5
9978 5
9979 4
9980 5
9981 6
9982 8
9983 8
9984 6
9985 5
9986 5
9987 3
9988 2
9989 2
9990 3
9991 3
9992 1
9993 3
9994 1
9995 5
9996 4
9997 2
9998 0
9999 3
