0 7
1 7
2 7
3 5
4 6
5 4
6 3
7 1
8 2
9 3
10 3
11 1
12 1
13 2
14 2
15 1
16 3
17 2
18 2
19 3
20 3
21 2
22 2
23 3
24 5
25 7
26 7
27 9
28 8
29 9
30 10
31 9
32 10
33 9
34 8
35 5
36 4
37 1
38 3
39 5
40 4
41 4
42 5
43 2
44 4
45 2
46 1
47 3
48 3
49 2
50 3
51 2
52 3
53 1
54 2
55 2
56 3
57 1
58 2
59 0
60 1
61 2
62 2
63 3
64 1
65 3
66 2
67 2
68 4
69 5
70 4
71 3
72 1
73 1
74 3
75 4
76 3
77 2
78 2
79 2
80 3
81 2
82 1
83 4
84 4
85 2
86 1
87 2
88 0
89 1
90 2
91 2
92 1
93 3
94 3
95 1
96 3
97 2
98 3
99 1
100 2
101 2
102 1
103 2
104 1
105 0
106 1
107 3
108 2
109 1
110 1
111 3
112 4
113 3
114 1
115 3
116 2
117 2
118 3
119 4
120 1
121 2
122 2
123 2
124 2
125 3
126 3
127 3
128 2
129 3
130 3
131 2
132 4
133 2
134 1
135 1
136 2
137 2
138 4
139 3
140 3
141 1
142 1
143 2
144 3
145 1
146 3
147 4
148 5
149 5
150 3
151 2
152 2
153 3
154 2
155 3
156 4
157 2
158 2
159 1
160 1
161 2
162 4
163 2
164 0
165 3
166 1
167 1
168 1
169 0
170 2
171 1
172 1
173 1
174 0
175 2
176 2
177 3
178 2
179 2
180 4
181 3
182 2
183 1
184 1
185 1
186 4
187 4
188 2
189 2
190 4
191 3
192 0
193 4
194 3
195 1
196 4
197 2
198 3
199 1
200 0
201 5
202 6
203 5
204 3
205 2
206 2
207 0
208 2
209 3
210 3
211 2
212 0
213 4
214 2
215 1
216 1
217 1
218 2
219 0
220 3
221 1
222 3
223 1
224 3
225 2
226 3
227 3
228 5
229 5
230 5
231 5
232 4
233 3
234 2
235 3
236 2
237 3
238 3
239 3
240 2
241 2
242 1
243 1
244 3
245 2
246 3
247 2
248 2
249 2
250 4
251 3
252 3
253 4
254 2
255 1
256 2
257 3
258 1
259 3
260 2
261 2
262 2
263 3
264 2
265 1
266 1
267 0
268 1
269 1
270 1
271 3
272 0
273 1
274 0
275 3
276 3
277 1
278 2
279 3
280 2
281 0
282 3
283 1
284 3
285 2
286 2
287 3
288 1
289 1
290 0
291 3
292 2
293 3
294 3
295 1
296 2
297 4
298 3
299 2
300 0
301 2
302 1
303 2
304 1
305 1
306 3
307 0
308 3
309 3
310 2
311 2
312 1
313 3
314 3
315 4
316 1
317 2
318 3
319 4
320 4
321 2
322 3
323 3
324 1
325 2
326 1
327 1
328 4
329 2
330 0
331 1
332 1
333 4
334 3
335 3
336 3
337 1
338 0
339 1
340 1
341 1
342 1
343 3
344 0
345 0
346 2
347 1
348 2
349 3
350 0
351 1
352 4
353 2
354 1
355 4
356 4
357 3
358 1
359 0
360 3
361 1
362 2
363 2
364 3
365 3
366 4
367 4
368 2
369 0
370 2
371 1
372 1
373 2
374 0
375 3
376 2
377 1
378 1
379 2
380 2
381 1
382 2
383 3
384 2
385 2
386 0
387 1
388 2
389 3
390 2
391 3
392 1
393 5
394 4
395 3
396 0
397 4
398 2
399 1
400 3
401 2
402 3
403 1
404 2
405 2
406 3
407 0
408 1
409 3
410 3
411 3
412 1
413 2
414 3
415 2
416 2
417 3
418 3
419 4
420 5
421 8
422 8
423 8
424 8
425 6
426 4
427 2
428 3
429 1
430 2
431 3
432 1
433 1
434 4
435 3
436 1
437 1
438 2
439 3
440 4
441 1
442 1
443 4
444 2
445 2
446 3
447 1
448 3
449 1
450 3
451 2
452 3
453 2
454 3
455 4
456 2
457 1
458 2
459 3
460 2
461 0
462 3
463 2
464 1
465 3
466 3
467 1
468 3
469 0
470 1
471 4
472 3
473 3
474 1
475 0
476 1
477 2
478 1
479 2
480 2
481 2
482 2
483 1
484 1
485 3
486 2
487 1
488 4
489 4
490 3
491 3
492 0
493 2
494 1
495 1
496 1
497 2
498 2
499 2
500 2
501 3
502 3
503 0
504 3
505 1
506 1
507 3
508 3
509 0
510 1
511 2
512 2
513 0
514 0
515 3
516 4
517 2
518 1
519 1
520 4
521 6
522 8
523 6
524 5
525 6
526 5
527 3
528 2
529 3
530 2
531 2
532 6
533 9
534 9
535 6
536 3
537 1
538 0
539 2
540 1
541 0
542 1
543 2
544 2
545 0
546 1
547 0
548 3
549 1
550 1
551 0
552 0
553 0
554 0
555 1
556 2
557 0
558 4
559 2
560 1
561 3
562 1
563 3
564 2
565 2
566 1
567 3
568 2
569 1
570 4
571 2
572 2
573 3
574 2
575 2
576 3
577 3
578 3
579 3
580 2
581 0
582 2
583 3
584 2
585 1
586 0
587 1
588 1
589 4
590 5
591 6
592 5
593 4
594 4
595 4
596 4
597 3
598 2
599 5
600 3
601 4
602 2
603 2
604 2
605 1
606 1
607 2
608 2
609 1
610 4
611 2
612 4
613 3
614 2
615 4
616 2
617 1
618 3
619 1
620 3
621 1
622 1
623 2
624 3
625 3
626 2
627 2
628 0
629 0
630 2
631 1
632 2
633 4
634 4
635 2
636 2
637 1
638 3
639 1
640 2
641 2
642 1
643 2
644 1
645 1
646 4
647 3
648 1
649 1
650 2
651 1
652 4
653 2
654 3
655 3
656 3
657 6
658 5
659 3
660 0
661 2
662 2
663 0
664 2
665 3
666 3
667 3
668 2
669 3
670 3
671 2
672 2
673 4
674 5
675 4
676 4
677 4
678 5
679 3
680 5
681 7
682 4
683 4
684 3
685 2
686 3
687 3
688 2
689 2
690 1
691 3
692 1
693 4
694 3
695 1
696 2
697 0
698 1
699 1
700 3
701 1
702 3
703 3
704 2
705 3
706 2
707 3
708 1
709 0
710 3
711 1
712 3
713 1
714 2
715 0
716 1
717 1
718 3
719 2
720 1
721 0
722 4
723 2
724 2
725 1
726 2
727 2
728 3
729 0
730 2
731 1
732 2
733 2
734 1
735 2
736 2
737 2
738 0
739 2
740 1
741 2
742 2
743 1
744 4
745 1
746 1
747 2
748 3
749 3
750 1
751 4
752 1
753 3
754 2
755 1
756 1
757 1
758 3
759 1
760 0
761 2
762 0
763 2
764 1
765 2
766 2
767 3
768 1
769 2
770 1
771 4
772 2
773 0
774 3
775 0
776 1
777 2
778 1
779 2
780 2
781 1
782 1
783 1
784 2
785 0
786 3
787 2
788 0
789 2
790 2
791 4
792 4
793 3
794 2
795 3
796 3
797 3
798 3
799 1
800 4
801 3
802 3
803 2
804 0
805 2
806 1
807 4
808 3
809 2
810 4
811 3
812 1
813 2
814 3
815 1
816 1
817 0
818 2
819 3
820 2
821 2
822 2
823 3
824 2
825 3
826 1
827 1
828 5
829 3
830 2
831 4
832 5
833 3
834 2
835 0
836 2
837 3
838 4
839 2
840 3
841 4
842 2
843 3
844 1
845 3
846 1
847 1
848 0
849 0
850 2
851 3
852 0
853 4
854 4
855 3
856 0
857 4
858 2
859 1
860 2
861 1
862 2
863 1
864 3
865 2
866 3
867 2
868 2
869 3
870 2
871 1
872 3
873 4
874 2
875 2
876 1
877 1
878 4
879 3
880 3
881 1
882 1
883 2
884 1
885 3
886 3
887 1
888 1
889 0
890 1
891 2
892 3
893 3
894 2
895 0
896 2
897 4
898 3
899 4
900 4
901 3
902 1
903 5
904 3
905 3
906 1
907 3
908 0
909 1
910 2
911 3
912 2
913 3
914 2
915 4
916 2
917 3
918 0
919 2
920 3
921 3
922 2
923 2
924 1
925 2
926 4
927 2
928 3
929 1
930 0
931 1
932 2
933 0
934 1
935 3
936 4
937 2
938 2
939 1
940 0
941 4
942 3
943 1
944 1
945 2
946 3
947 2
948 3
949 0
950 1
951 3
952 3
953 2
954 5
955 4
956 2
957 5
958 2
959 2
960 2
961 0
962 2
963 0
964 2
965 1
966 1
967 1
968 3
969 1
970 2
971 1
972 0
973 1
974 3
975 1
976 3
977 0
978 2
979 3
980 3
981 1
982 0
983 1
984 3
985 1
986 2
987 1
988 3
989 4
990 6
991 4
992 3
993 3
994 3
995 2
996 1
997 2
998 2
999 3
1000 3
1001 2
1002 3
1003 2
1004 1
1005 2
1006 2
1007 2
1008 3
1009 1
1010 1
1011 1
1012 2
1013 2
1014 1
1015 1
1016 0
1017 4
1018 3
1019 1
1020 1
1021 3
1022 3
1023 4
1024 3
1025 2
1026 2
1027 1
1028 0
1029 2
1030 2
1031 4
1032 1
1033 1
1034 0
1035 4
1036 3
1037 1
1038 1
1039 3
1040 2
1041 1
1042 2
1043 4
1044 4
1045 5
1046 4
1047 4
1048 3
1049 0
1050 3
1051 1
1052 6
1053 6
1054 4
1055 4
1056 3
1057 2
1058 1
1059 2
1060 3
1061 2
1062 3
1063 2
1064 1
1065 3
1066 1
1067 3
1068 1
1069 2
1070 2
1071 0
1072 3
1073 2
1074 2
1075 2
1076 1
1077 2
1078 3
1079 1
1080 3
1081 2
1082 1
1083 2
1084 1
1085 0
1086 1
1087 1
1088 1
1089 2
1090 1
1091 3
1092 3
1093 4
1094 3
1095 0
1096 1
1097 2
1098 3
1099 3
1100 1
1101 4
1102 4
1103 4
1104 6
1105 4
1106 5
1107 5
1108 4
1109 3
1110 1
1111 1
1112 4
1113 5
1114 4
1115 6
1116 5
1117 5
1118 3
1119 4
1120 2
1121 4
1122 3
1123 2
1124 4
1125 4
1126 2
1127 2
1128 2
1129 4
1130 3
1131 2
1132 2
1133 1
1134 5
1135 3
1136 0
1137 3
1138 4
1139 3
1140 2
1141 4
1142 4
1143 1
1144 4
1145 3
1146 2
1147 3
1148 4
1149 6
1150 5
1151 4
1152 2
1153 1
1154 1
1155 1
1156 1
1157 3
1158 4
1159 4
1160 4
1161 4
1162 2
1163 2
1164 0
1165 2
1166 2
1167 0
1168 2
1169 3
1170 4
1171 1
1172 1
1173 1
1174 3
1175 2
1176 4
1177 2
1178 3
1179 2
1180 3
1181 3
1182 3
1183 3
1184 3
1185 2
1186 2
1187 0
1188 1
1189 0
1190 3
1191 0
1192 3
1193 0
1194 1
1195 2
1196 4
1197 1
1198 2
1199 2
1200 3
1201 0
1202 2
1203 1
1204 3
1205 1
1206 0
1207 1
1208 2
1209 1
1210 3
1211 1
1212 2
1213 2
1214 3
1215 2
1216 2
1217 4
1218 3
1219 1
1220 2
1221 3
1222 3
1223 2
1224 2
1225 1
1226 2
1227 2
1228 3
1229 3
1230 2
1231 1
1232 3
1233 2
1234 2
1235 2
1236 4
1237 3
1238 3
1239 1
1240 1
1241 2
1242 3
1243 2
1244 2
1245 1
1246 1
1247 2
1248 0
1249 2
1250 2
1251 1
1252 1
1253 1
1254 3
1255 0
1256 2
1257 1
1258 1
1259 4
1260 2
1261 3
1262 0
1263 2
1264 4
1265 2
1266 5
1267 3
1268 1
1269 1
1270 4
1271 2
1272 2
1273 2
1274 3
1275 2
1276 2
1277 1
1278 1
1279 2
1280 0
1281 1
1282 4
1283 3
1284 0
1285 1
1286 3
1287 3
1288 1
1289 0
1290 1
1291 2
1292 3
1293 0
1294 1
1295 2
1296 2
1297 2
1298 2
1299 2
1300 3
1301 3
1302 3
1303 4
1304 4
1305 3
1306 1
1307 2
1308 3
1309 2
1310 3
1311 0
1312 2
1313 1
1314 3
1315 3
1316 3
1317 1
1318 1
1319 1
1320 3
1321 2
1322 1
1323 2
1324 2
1325 3
1326 0
1327 2
1328 4
1329 3
1330 1
1331 2
1332 2
1333 3
1334 3
1335 3
1336 1
1337 2
1338 1
1339 1
1340 0
1341 1
1342 0
1343 2
1344 2
1345 1
1346 2
1347 2
1348 0
1349 3
1350 2
1351 3
1352 3
1353 3
1354 2
1355 3
1356 4
1357 4
1358 4
1359 4
1360 2
1361 3
1362 3
1363 2
1364 1
1365 1
1366 2
1367 1
1368 2
1369 2
1370 2
1371 4
1372 3
1373 3
1374 3
1375 2
1376 1
1377 2
1378 3
1379 1
1380 3
1381 2
1382 1
1383 1
1384 2
1385 0
1386 1
1387 1
1388 2
1389 3
1390 1
1391 4
1392 2
1393 4
1394 4
1395 2
1396 1
1397 5
1398 5
1399 4
1400 3
1401 1
1402 5
1403 5
1404 4
1405 3
1406 2
1407 1
1408 2
1409 3
1410 3
1411 0
1412 2
1413 0
1414 1
1415 2
1416 3
1417 2
1418 1
1419 2
1420 1
1421 5
1422 4
1423 2
1424 2
1425 2
1426 1
1427 3
1428 3
1429 2
1430 1
1431 1
1432 5
1433 6
1434 6
1435 4
1436 6
1437 4
1438 3
1439 2
1440 4
1441 2
1442 2
1443 1
1444 2
1445 4
1446 3
1447 2
1448 0
1449 2
1450 4
1451 1
1452 1
1453 2
1454 1
1455 2
1456 4
1457 2
1458 2
1459 3
1460 2
1461 3
1462 1
1463 2
1464 0
1465 1
1466 3
1467 1
1468 1
1469 4
1470 3
1471 3
1472 3
1473 2
1474 3
1475 2
1476 2
1477 0
1478 1
1479 1
1480 4
1481 4
1482 3
1483 4
1484 3
1485 4
1486 2
1487 2
1488 1
1489 1
1490 2
1491 5
1492 4
1493 1
1494 3
1495 0
1496 1
1497 4
1498 4
1499 4
1500 2
1501 2
1502 2
1503 1
1504 4
1505 2
1506 5
1507 3
1508 2
1509 1
1510 2
1511 2
1512 1
1513 4
1514 3
1515 2
1516 1
1517 2
1518 2
1519 2
1520 0
1521 3
1522 2
1523 1
1524 0
1525 1
1526 3
1527 1
1528 3
1529 2
1530 1
1531 4
1532 1
1533 3
1534 1
1535 3
1536 2
1537 2
1538 2
1539 1
1540 1
1541 1
1542 2
1543 0
1544 0
1545 2
1546 3
1547 1
1548 2
1549 0
1550 1
1551 1
1552 0
1553 4
1554 2
1555 2
1556 4
1557 2
1558 1
1559 1
1560 3
1561 3
1562 2
1563 4
1564 4
1565 2
1566 2
1567 2
1568 1
1569 3
1570 5
1571 5
1572 4
1573 3
1574 1
1575 2
1576 2
1577 1
1578 2
1579 6
1580 5
1581 4
1582 2
1583 1
1584 2
1585 1
1586 1
1587 2
1588 1
1589 0
1590 1
1591 2
1592 2
1593 1
1594 3
1595 2
1596 1
1597 2
1598 2
1599 1
1600 4
1601 3
1602 2
1603 2
1604 1
1605 3
1606 1
1607 4
1608 2
1609 1
1610 1
1611 3
1612 2
1613 2
1614 1
1615 1
1616 3
1617 1
1618 1
1619 3
1620 2
1621 2
1622 1
1623 2
1624 0
1625 4
1626 7
1627 4
1628 5
1629 3
1630 3
1631 3
1632 2
1633 1
1634 1
1635 4
1636 4
1637 3
1638 2
1639 5
1640 4
1641 3
1642 2
1643 5
1644 5
1645 4
1646 1
1647 4
1648 4
1649 2
1650 3
1651 3
1652 1
1653 6
1654 4
1655 4
1656 3
1657 5
1658 5
1659 4
1660 2
1661 2
1662 1
1663 1
1664 1
1665 3
1666 1
1667 1
1668 3
1669 0
1670 3
1671 3
1672 2
1673 2
1674 3
1675 1
1676 3
1677 2
1678 0
1679 3
1680 3
1681 3
1682 2
1683 3
1684 2
1685 3
1686 1
1687 3
1688 1
1689 1
1690 1
1691 1
1692 2
1693 3
1694 3
1695 6
1696 5
1697 4
1698 5
1699 5
1700 3
1701 2
1702 3
1703 1
1704 2
1705 2
1706 3
1707 1
1708 1
1709 2
1710 3
1711 3
1712 1
1713 4
1714 4
1715 2
1716 0
1717 2
1718 1
1719 2
1720 1
1721 1
1722 2
1723 3
1724 3
1725 1
1726 0
1727 1
1728 2
1729 2
1730 3
1731 2
1732 1
1733 0
1734 2
1735 2
1736 1
1737 2
1738 1
1739 1
1740 0
1741 3
1742 1
1743 1
1744 1
1745 3
1746 0
1747 1
1748 1
1749 2
1750 1
1751 3
1752 1
1753 1
1754 0
1755 1
1756 3
1757 0
1758 2
1759 2
1760 2
1761 1
1762 2
1763 3
1764 3
1765 2
1766 1
1767 2
1768 1
1769 4
1770 2
1771 2
1772 3
1773 3
1774 0
1775 3
1776 3
1777 0
1778 1
1779 3
1780 2
1781 2
1782 1
1783 2
1784 0
1785 4
1786 3
1787 1
1788 4
1789 3
1790 3
1791 2
1792 4
1793 5
1794 7
1795 6
1796 4
1797 4
1798 5
1799 3
1800 4
1801 4
1802 4
1803 2
1804 3
1805 1
1806 3
1807 5
1808 5
1809 3
1810 0
1811 2
1812 3
1813 1
1814 1
1815 4
1816 2
1817 2
1818 3
1819 3
1820 1
1821 1
1822 1
1823 4
1824 2
1825 4
1826 2
1827 1
1828 1
1829 1
1830 0
1831 2
1832 4
1833 5
1834 5
1835 4
1836 4
1837 2
1838 1
1839 1
1840 0
1841 1
1842 1
1843 0
1844 0
1845 2
1846 3
1847 2
1848 0
1849 1
1850 1
1851 4
1852 2
1853 1
1854 1
1855 3
1856 2
1857 3
1858 2
1859 3
1860 2
1861 2
1862 2
1863 1
1864 3
1865 3
1866 0
1867 4
1868 2
1869 1
1870 2
1871 1
1872 0
1873 2
1874 3
1875 1
1876 1
1877 1
1878 0
1879 2
1880 3
1881 2
1882 2
1883 0
1884 3
1885 1
1886 0
1887 0
1888 3
1889 3
1890 2
1891 1
1892 2
1893 1
1894 5
1895 2
1896 2
1897 1
1898 2
1899 2
1900 3
1901 1
1902 3
1903 0
1904 3
1905 1
1906 1
1907 0
1908 2
1909 4
1910 3
1911 3
1912 3
1913 2
1914 1
1915 0
1916 2
1917 2
1918 2
1919 4
1920 3
1921 2
1922 1
1923 3
1924 2
1925 4
1926 3
1927 3
1928 2
1929 1
1930 0
1931 2
1932 1
1933 1
1934 1
1935 1
1936 2
1937 2
1938 1
1939 2
1940 3
1941 3
1942 2
1943 3
1944 2
1945 0
1946 1
1947 1
1948 2
1949 2
1950 4
1951 1
1952 1
1953 1
1954 2
1955 4
1956 1
1957 1
1958 4
1959 2
1960 2
1961 2
1962 2
1963 3
1964 2
1965 2
1966 1
1967 3
1968 3
1969 3
1970 1
1971 2
1972 3
1973 4
1974 3
1975 2
1976 3
1977 3
1978 1
1979 2
1980 2
1981 0
1982 1
1983 2
1984 1
1985 3
1986 1
1987 3
1988 3
1989 2
1990 1
1991 1
1992 0
1993 4
1994 4
1995 2
1996 3
1997 3
1998 2
1999 1
2000 4
2001 3
2002 2
2003 3
2004 3
2005 1
2006 4
2007 6
2008 5
2009 4
2010 2
2011 2
2012 3
2013 1
2014 2
2015 2
2016 1
2017 2
2018 4
2019 5
2020 5
2021 3
2022 1
2023 4
2024 5
2025 5
2026 5
2027 4
2028 3
2029 1
2030 1
2031 3
2032 2
2033 2
2034 6
2035 7
2036 7
2037 7
2038 6
2039 5
2040 4
2041 4
2042 2
2043 3
2044 2
2045 1
2046 3
2047 1
2048 2
2049 4
2050 4
2051 2
2052 2
2053 2
2054 3
2055 3
2056 3
2057 1
2058 3
2059 2
2060 3
2061 0
2062 2
2063 3
2064 2
2065 2
2066 3
2067 1
2068 2
2069 0
2070 4
2071 3
2072 1
2073 2
2074 2
2075 1
2076 2
2077 2
2078 2
2079 3
2080 4
2081 4
2082 3
2083 2
2084 0
2085 0
2086 1
2087 2
2088 2
2089 2
2090 3
2091 3
2092 2
2093 1
2094 2
2095 3
2096 2
2097 2
2098 3
2099 3
2100 1
2101 1
2102 0
2103 3
2104 4
2105 2
2106 1
2107 2
2108 3
2109 3
2110 1
2111 1
2112 0
2113 2
2114 1
2115 1
2116 2
2117 2
2118 4
2119 2
2120 3
2121 2
2122 4
2123 6
2124 5
2125 4
2126 3
2127 2
2128 2
2129 1
2130 1
2131 5
2132 4
2133 2
2134 0
2135 1
2136 3
2137 3
2138 2
2139 4
2140 3
2141 1
2142 2
2143 2
2144 3
2145 0
2146 3
2147 2
2148 1
2149 1
2150 2
2151 1
2152 3
2153 1
2154 2
2155 2
2156 2
2157 1
2158 1
2159 2
2160 0
2161 1
2162 1
2163 2
2164 1
2165 3
2166 3
2167 2
2168 1
2169 2
2170 3
2171 1
2172 3
2173 0
2174 0
2175 1
2176 3
2177 2
2178 0
2179 4
2180 5
2181 3
2182 1
2183 1
2184 1
2185 3
2186 2
2187 1
2188 2
2189 3
2190 3
2191 5
2192 5
2193 4
2194 4
2195 2
2196 1
2197 1
2198 2
2199 1
2200 1
2201 3
2202 1
2203 2
2204 1
2205 1
2206 1
2207 2
2208 1
2209 4
2210 2
2211 4
2212 4
2213 4
2214 3
2215 3
2216 3
2217 3
2218 4
2219 4
2220 1
2221 4
2222 3
2223 2
2224 0
2225 3
2226 2
2227 3
2228 4
2229 4
2230 4
2231 4
2232 3
2233 1
2234 0
2235 2
2236 2
2237 3
2238 3
2239 0
2240 3
2241 3
2242 2
2243 3
2244 3
2245 3
2246 2
2247 1
2248 3
2249 1
2250 2
2251 2
2252 2
2253 4
2254 6
2255 4
2256 2
2257 1
2258 1
2259 2
2260 2
2261 4
2262 1
2263 2
2264 3
2265 2
2266 2
2267 1
2268 1
2269 3
2270 2
2271 2
2272 4
2273 4
2274 1
2275 2
2276 1
2277 2
2278 3
2279 2
2280 2
2281 2
2282 2
2283 4
2284 1
2285 3
2286 1
2287 3
2288 2
2289 1
2290 3
2291 2
2292 3
2293 2
2294 3
2295 2
2296 1
2297 2
2298 0
2299 4
2300 3
2301 4
2302 3
2303 1
2304 4
2305 3
2306 2
2307 3
2308 2
2309 2
2310 2
2311 3
2312 2
2313 2
2314 2
2315 1
2316 4
2317 4
2318 4
2319 5
2320 4
2321 5
2322 4
2323 2
2324 0
2325 2
2326 2
2327 2
2328 3
2329 2
2330 2
2331 3
2332 1
2333 1
2334 0
2335 2
2336 1
2337 3
2338 1
2339 4
2340 2
2341 3
2342 1
2343 0
2344 5
2345 4
2346 5
2347 3
2348 3
2349 1
2350 5
2351 4
2352 2
2353 2
2354 4
2355 4
2356 2
2357 4
2358 6
2359 5
2360 4
2361 4
2362 4
2363 4
2364 5
2365 4
2366 3
2367 2
2368 1
2369 2
2370 1
2371 2
2372 1
2373 1
2374 2
2375 4
2376 4
2377 3
2378 1
2379 4
2380 2
2381 5
2382 2
2383 2
2384 1
2385 3
2386 2
2387 4
2388 1
2389 1
2390 2
2391 5
2392 5
2393 3
2394 2
2395 1
2396 3
2397 5
2398 3
2399 2
2400 4
2401 4
2402 5
2403 3
2404 4
2405 4
2406 4
2407 4
2408 3
2409 4
2410 1
2411 3
2412 3
2413 1
2414 0
2415 4
2416 3
2417 2
2418 4
2419 2
2420 3
2421 4
2422 2
2423 2
2424 2
2425 1
2426 3
2427 1
2428 0
2429 3
2430 1
2431 0
2432 3
2433 2
2434 3
2435 3
2436 2
2437 4
2438 3
2439 6
2440 6
2441 4
2442 2
2443 2
2444 3
2445 1
2446 4
2447 3
2448 2
2449 3
2450 1
2451 0
2452 1
2453 2
2454 1
2455 2
2456 2
2457 5
2458 3
2459 4
2460 5
2461 5
2462 4
2463 3
2464 2
2465 1
2466 4
2467 3
2468 3
2469 3
2470 2
2471 2
2472 2
2473 3
2474 2
2475 1
2476 2
2477 2
2478 3
2479 3
2480 3
2481 1
2482 1
2483 3
2484 2
2485 2
2486 4
2487 3
2488 3
2489 2
2490 2
2491 1
2492 3
2493 2
2494 2
2495 1
2496 3
2497 4
2498 2
2499 3
2500 1
2501 1
2502 2
2503 5
2504 7
2505 7
2506 6
2507 4
2508 3
2509 1
2510 1
2511 3
2512 2
2513 0
2514 2
2515 3
2516 1
2517 2
2518 3
2519 3
2520 2
2521 0
2522 3
2523 2
2524 3
2525 1
2526 1
2527 1
2528 4
2529 3
2530 1
2531 2
2532 1
2533 2
2534 4
2535 2
2536 1
2537 4
2538 2
2539 2
2540 3
2541 4
2542 3
2543 1
2544 2
2545 3
2546 1
2547 2
2548 1
2549 1
2550 1
2551 2
2552 3
2553 4
2554 3
2555 2
2556 2
2557 3
2558 3
2559 2
2560 3
2561 2
2562 4
2563 3
2564 5
2565 2
2566 3
2567 3
2568 0
2569 2
2570 3
2571 3
2572 2
2573 2
2574 0
2575 3
2576 1
2577 1
2578 1
2579 2
2580 3
2581 3
2582 2
2583 0
2584 3
2585 3
2586 1
2587 0
2588 4
2589 4
2590 4
2591 5
2592 4
2593 4
2594 5
2595 4
2596 4
2597 3
2598 2
2599 2
2600 4
2601 4
2602 3
2603 2
2604 1
2605 1
2606 3
2607 2
2608 4
2609 5
2610 5
2611 5
2612 6
2613 6
2614 5
2615 5
2616 5
2617 3
2618 1
2619 2
2620 1
2621 0
2622 2
2623 2
2624 2
2625 3
2626 3
2627 3
2628 2
2629 1
2630 1
2631 3
2632 3
2633 2
2634 2
2635 2
2636 3
2637 6
2638 8
2639 6
2640 6
2641 4
2642 3
2643 0
2644 3
2645 1
2646 0
2647 3
2648 2
2649 2
2650 3
2651 2
2652 4
2653 4
2654 4
2655 2
2656 4
2657 2
2658 1
2659 0
2660 1
2661 1
2662 3
2663 2
2664 4
2665 3
2666 3
2667 2
2668 2
2669 2
2670 3
2671 1
2672 1
2673 2
2674 3
2675 2
2676 2
2677 2
2678 1
2679 2
2680 0
2681 2
2682 1
2683 2
2684 4
2685 2
2686 2
2687 2
2688 3
2689 2
2690 4
2691 3
2692 2
2693 2
2694 3
2695 2
2696 4
2697 1
2698 4
2699 2
2700 2
2701 4
2702 4
2703 2
2704 4
2705 2
2706 2
2707 1
2708 0
2709 2
2710 2
2711 3
2712 3
2713 4
2714 3
2715 0
2716 1
2717 0
2718 2
2719 3
2720 1
2721 4
2722 5
2723 4
2724 3
2725 2
2726 3
2727 2
2728 4
2729 3
2730 2
2731 1
2732 0
2733 1
2734 1
2735 2
2736 4
2737 4
2738 3
2739 1
2740 1
2741 3
2742 3
2743 2
2744 4
2745 4
2746 4
2747 2
2748 2
2749 3
2750 1
2751 1
2752 3
2753 2
2754 3
2755 2
2756 1
2757 2
2758 2
2759 4
2760 3
2761 3
2762 2
2763 3
2764 3
2765 2
2766 1
2767 3
2768 1
2769 2
2770 2
2771 1
2772 1
2773 2
2774 3
2775 1
2776 5
2777 4
2778 4
2779 5
2780 5
2781 3
2782 1
2783 3
2784 1
2785 2
2786 2
2787 4
2788 3
2789 2
2790 3
2791 4
2792 2
2793 3
2794 3
2795 3
2796 1
2797 0
2798 3
2799 1
2800 3
2801 1
2802 2
2803 1
2804 1
2805 5
2806 5
2807 4
2808 4
2809 3
2810 1
2811 5
2812 3
2813 2
2814 0
2815 2
2816 2
2817 1
2818 1
2819 4
2820 2
2821 2
2822 2
2823 1
2824 1
2825 1
2826 2
2827 3
2828 2
2829 3
2830 2
2831 2
2832 1
2833 3
2834 4
2835 2
2836 3
2837 2
2838 2
2839 3
2840 5
2841 4
2842 3
2843 1
2844 2
2845 1
2846 3
2847 4
2848 2
2849 4
2850 2
2851 4
2852 3
2853 3
2854 3
2855 1
2856 4
2857 3
2858 5
2859 4
2860 2
2861 3
2862 2
2863 1
2864 2
2865 2
2866 2
2867 3
2868 1
2869 2
2870 2
2871 2
2872 1
2873 1
2874 0
2875 2
2876 2
2877 0
2878 4
2879 5
2880 4
2881 3
2882 2
2883 4
2884 2
2885 3
2886 1
2887 3
2888 1
2889 3
2890 2
2891 2
2892 1
2893 3
2894 3
2895 2
2896 2
2897 2
2898 1
2899 0
2900 2
2901 2
2902 1
2903 1
2904 5
2905 4
2906 2
2907 4
2908 4
2909 2
2910 1
2911 2
2912 4
2913 3
2914 1
2915 3
2916 0
2917 1
2918 3
2919 2
2920 1
2921 3
2922 2
2923 4
2924 2
2925 1
2926 4
2927 2
2928 1
2929 3
2930 2
2931 3
2932 2
2933 4
2934 6
2935 7
2936 7
2937 5
2938 4
2939 4
2940 3
2941 2
2942 5
2943 3
2944 2
2945 4
2946 1
2947 1
2948 3
2949 2
2950 3
2951 5
2952 3
2953 2
2954 2
2955 0
2956 3
2957 4
2958 3
2959 1
2960 1
2961 1
2962 2
2963 2
2964 1
2965 2
2966 3
2967 1
2968 4
2969 3
2970 2
2971 1
2972 0
2973 1
2974 0
2975 3
2976 2
2977 0
2978 2
2979 2
2980 4
2981 2
2982 2
2983 1
2984 2
2985 0
2986 1
2987 1
2988 1
2989 2
2990 4
2991 4
2992 2
2993 1
2994 4
2995 2
2996 2
2997 3
2998 4
2999 3
3000 3
3001 2
3002 4
3003 2
3004 4
3005 3
3006 1
3007 4
3008 4
3009 2
3010 1
3011 1
3012 0
3013 3
3014 3
3015 2
3016 1
3017 3
3018 2
3019 0
3020 2
3021 1
3022 2
3023 2
3024 4
3025 1
3026 0
3027 1
3028 1
3029 5
3030 2
3031 1
3032 4
3033 3
3034 1
3035 2
3036 3
3037 4
3038 4
3039 3
3040 3
3041 2
3042 2
3043 2
3044 5
3045 4
3046 1
3047 1
3048 2
3049 2
3050 3
3051 4
3052 3
3053 2
3054 4
3055 3
3056 1
3057 3
3058 2
3059 3
3060 2
3061 2
3062 1
3063 2
3064 2
3065 1
3066 2
3067 2
3068 2
3069 3
3070 3
3071 1
3072 2
3073 3
3074 3
3075 3
3076 1
3077 2
3078 2
3079 3
3080 4
3081 3
3082 3
3083 2
3084 4
3085 3
3086 1
3087 2
3088 2
3089 4
3090 2
3091 4
3092 2
3093 1
3094 1
3095 1
3096 2
3097 2
3098 2
3099 1
3100 2
3101 1
3102 3
3103 3
3104 1
3105 2
3106 2
3107 3
3108 4
3109 3
3110 1
3111 2
3112 2
3113 3
3114 1
3115 2
3116 1
3117 2
3118 1
3119 1
3120 0
3121 3
3122 3
3123 1
3124 1
3125 2
3126 1
3127 0
3128 2
3129 2
3130 3
3131 1
3132 1
3133 0
3134 1
3135 1
3136 1
3137 2
3138 0
3139 0
3140 1
3141 3
3142 0
3143 3
3144 1
3145 1
3146 4
3147 3
3148 3
3149 1
3150 4
3151 4
3152 2
3153 0
3154 2
3155 1
3156 1
3157 2
3158 1
3159 2
3160 1
3161 3
3162 1
3163 2
3164 2
3165 0
3166 2
3167 2
3168 4
3169 3
3170 0
3171 1
3172 2
3173 2
3174 2
3175 3
3176 4
3177 4
3178 2
3179 1
3180 0
3181 1
3182 1
3183 1
3184 1
3185 1
3186 4
3187 3
3188 1
3189 4
3190 3
3191 2
3192 3
3193 2
3194 3
3195 0
3196 2
3197 0
3198 3
3199 4
3200 4
3201 5
3202 5
3203 3
3204 1
3205 2
3206 3
3207 0
3208 2
3209 1
3210 1
3211 1
3212 1
3213 2
3214 2
3215 3
3216 3
3217 0
3218 1
3219 3
3220 1
3221 1
3222 3
3223 3
3224 1
3225 3
3226 2
3227 3
3228 2
3229 1
3230 4
3231 3
3232 1
3233 3
3234 2
3235 2
3236 2
3237 3
3238 1
3239 2
3240 1
3241 0
3242 3
3243 2
3244 1
3245 4
3246 3
3247 1
3248 1
3249 1
3250 3
3251 4
3252 3
3253 3
3254 2
3255 4
3256 4
3257 3
3258 0
3259 0
3260 5
3261 6
3262 3
3263 2
3264 2
3265 1
3266 0
3267 2
3268 3
3269 2
3270 1
3271 3
3272 3
3273 1
3274 2
3275 1
3276 4
3277 2
3278 4
3279 1
3280 5
3281 2
3282 4
3283 3
3284 1
3285 2
3286 2
3287 2
3288 2
3289 2
3290 4
3291 2
3292 2
3293 0
3294 2
3295 2
3296 1
3297 1
3298 6
3299 5
3300 4
3301 4
3302 3
3303 2
3304 2
3305 5
3306 3
3307 3
3308 1
3309 1
3310 1
3311 1
3312 3
3313 4
3314 5
3315 5
3316 4
3317 3
3318 2
3319 4
3320 2
3321 0
3322 3
3323 1
3324 2
3325 2
3326 2
3327 1
3328 1
3329 2
3330 0
3331 0
3332 2
3333 4
3334 4
3335 3
3336 1
3337 4
3338 5
3339 6
3340 7
3341 6
3342 4
3343 4
3344 2
3345 2
3346 2
3347 3
3348 1
3349 1
3350 0
3351 1
3352 1
3353 1
3354 1
3355 4
3356 5
3357 6
3358 6
3359 5
3360 6
3361 3
3362 2
3363 0
3364 2
3365 4
3366 2
3367 1
3368 0
3369 3
3370 3
3371 4
3372 3
3373 0
3374 1
3375 2
3376 4
3377 2
3378 0
3379 3
3380 3
3381 1
3382 1
3383 0
3384 1
3385 1
3386 1
3387 4
3388 4
3389 2
3390 0
3391 5
3392 3
3393 3
3394 2
3395 1
3396 4
3397 3
3398 1
3399 2
3400 1
3401 0
3402 1
3403 2
3404 0
3405 3
3406 1
3407 3
3408 3
3409 2
3410 1
3411 1
3412 2
3413 3
3414 4
3415 2
3416 3
3417 2
3418 2
3419 4
3420 2
3421 1
3422 4
3423 1
3424 2
3425 2
3426 4
3427 2
3428 2
3429 3
3430 3
3431 0
3432 1
3433 5
3434 4
3435 6
3436 6
3437 4
3438 1
3439 4
3440 2
3441 2
3442 1
3443 0
3444 1
3445 3
3446 3
3447 2
3448 2
3449 2
3450 2
3451 1
3452 1
3453 3
3454 4
3455 3
3456 4
3457 3
3458 3
3459 3
3460 3
3461 1
3462 1
3463 3
3464 0
3465 3
3466 3
3467 1
3468 2
3469 0
3470 1
3471 7
3472 10
3473 10
3474 10
3475 9
3476 8
3477 8
3478 5
3479 7
3480 5
3481 7
3482 7
3483 6
3484 6
3485 6
3486 4
3487 4
3488 2
3489 3
3490 3
3491 1
3492 2
3493 5
3494 5
3495 5
3496 4
3497 2
3498 5
3499 3
3500 3
3501 3
3502 4
3503 1
3504 2
3505 1
3506 1
3507 3
3508 5
3509 3
3510 4
3511 5
3512 4
3513 3
3514 2
3515 2
3516 3
3517 2
3518 0
3519 1
3520 2
3521 3
3522 2
3523 1
3524 2
3525 0
3526 2
3527 4
3528 3
3529 4
3530 5
3531 2
3532 1
3533 5
3534 2
3535 3
3536 0
3537 3
3538 2
3539 3
3540 4
3541 2
3542 4
3543 4
3544 2
3545 2
3546 1
3547 2
3548 2
3549 1
3550 1
3551 1
3552 3
3553 3
3554 1
3555 2
3556 6
3557 6
3558 4
3559 3
3560 2
3561 2
3562 5
3563 5
3564 4
3565 3
3566 2
3567 2
3568 1
3569 0
3570 1
3571 2
3572 1
3573 1
3574 3
3575 3
3576 1
3577 4
3578 3
3579 1
3580 1
3581 1
3582 4
3583 3
3584 0
3585 0
3586 2
3587 3
3588 3
3589 4
3590 2
3591 1
3592 2
3593 2
3594 4
3595 3
3596 3
3597 3
3598 1
3599 2
3600 2
3601 0
3602 4
3603 3
3604 2
3605 2
3606 0
3607 2
3608 2
3609 4
3610 2
3611 2
3612 3
3613 1
3614 1
3615 3
3616 3
3617 1
3618 1
3619 2
3620 2
3621 2
3622 2
3623 2
3624 2
3625 1
3626 0
3627 1
3628 3
3629 2
3630 2
3631 2
3632 2
3633 2
3634 4
3635 3
3636 2
3637 1
3638 0
3639 0
3640 3
3641 4
3642 1
3643 5
3644 4
3645 2
3646 1
3647 1
3648 1
3649 1
3650 2
3651 2
3652 2
3653 2
3654 1
3655 0
3656 2
3657 3
3658 2
3659 0
3660 3
3661 3
3662 3
3663 1
3664 3
3665 4
3666 4
3667 2
3668 1
3669 2
3670 3
3671 3
3672 1
3673 3
3674 2
3675 3
3676 1
3677 3
3678 2
3679 2
3680 2
3681 1
3682 2
3683 3
3684 5
3685 3
3686 1
3687 1
3688 2
3689 1
3690 0
3691 1
3692 2
3693 3
3694 2
3695 2
3696 1
3697 1
3698 1
3699 4
3700 3
3701 1
3702 3
3703 1
3704 3
3705 0
3706 0
3707 2
3708 1
3709 1
3710 2
3711 1
3712 3
3713 3
3714 1
3715 2
3716 1
3717 4
3718 1
3719 2
3720 2
3721 2
3722 1
3723 2
3724 4
3725 1
3726 2
3727 1
3728 2
3729 0
3730 1
3731 1
3732 2
3733 2
3734 2
3735 2
3736 1
3737 2
3738 0
3739 2
3740 3
3741 1
3742 1
3743 2
3744 1
3745 2
3746 1
3747 4
3748 2
3749 2
3750 1
3751 3
3752 3
3753 1
3754 0
3755 2
3756 0
3757 4
3758 1
3759 1
3760 1
3761 2
3762 2
3763 2
3764 3
3765 2
3766 2
3767 3
3768 2
3769 2
3770 1
3771 1
3772 3
3773 1
3774 4
3775 3
3776 1
3777 2
3778 2
3779 2
3780 2
3781 1
3782 3
3783 3
3784 2
3785 3
3786 3
3787 3
3788 1
3789 0
3790 2
3791 1
3792 4
3793 2
3794 4
3795 5
3796 3
3797 3
3798 2
3799 2
3800 1
3801 2
3802 3
3803 4
3804 3
3805 2
3806 3
3807 2
3808 4
3809 5
3810 5
3811 5
3812 5
3813 4
3814 4
3815 5
3816 4
3817 3
3818 2
3819 2
3820 1
3821 3
3822 3
3823 2
3824 3
3825 1
3826 1
3827 2
3828 2
3829 3
3830 2
3831 2
3832 5
3833 5
3834 3
3835 2
3836 2
3837 0
3838 2
3839 2
3840 2
3841 3
3842 1
3843 1
3844 1
3845 2
3846 3
3847 1
3848 3
3849 3
3850 1
3851 2
3852 1
3853 2
3854 0
3855 1
3856 3
3857 1
3858 3
3859 2
3860 2
3861 0
3862 1
3863 2
3864 3
3865 2
3866 0
3867 2
3868 3
3869 2
3870 3
3871 3
3872 2
3873 3
3874 5
3875 5
3876 4
3877 3
3878 2
3879 1
3880 4
3881 1
3882 0
3883 2
3884 2
3885 3
3886 3
3887 2
3888 2
3889 5
3890 6
3891 5
3892 7
3893 6
3894 5
3895 3
3896 3
3897 2
3898 2
3899 4
3900 1
3901 1
3902 2
3903 2
3904 1
3905 2
3906 1
3907 1
3908 2
3909 2
3910 3
3911 1
3912 1
3913 3
3914 4
3915 3
3916 3
3917 5
3918 3
3919 4
3920 3
3921 2
3922 1
3923 1
3924 2
3925 3
3926 2
3927 3
3928 4
3929 2
3930 4
3931 5
3932 5
3933 4
3934 4
3935 3
3936 1
3937 2
3938 1
3939 1
3940 1
3941 2
3942 1
3943 4
3944 3
3945 3
3946 2
3947 1
3948 4
3949 3
3950 1
3951 0
3952 1
3953 1
3954 2
3955 5
3956 2
3957 2
3958 3
3959 3
3960 3
3961 1
3962 4
3963 3
3964 2
3965 2
3966 2
3967 2
3968 1
3969 4
3970 2
3971 2
3972 2
3973 1
3974 1
3975 4
3976 3
3977 4
3978 2
3979 1
3980 4
3981 2
3982 3
3983 3
3984 2
3985 1
3986 2
3987 5
3988 3
3989 0
3990 4
3991 3
3992 1
3993 1
3994 3
3995 2
3996 0
3997 3
3998 1
3999 3
4000 3
4001 5
4002 5
4003 5
4004 6
4005 9
4006 8
4007 8
4008 7
4009 6
4010 6
4011 5
4012 5
4013 4
4014 3
4015 5
4016 4
4017 2
4018 3
4019 2
4020 2
4021 1
4022 1
4023 1
4024 2
4025 0
4026 2
4027 1
4028 3
4029 4
4030 3
4031 6
4032 5
4033 3
4034 2
4035 1
4036 4
4037 2
4038 2
4039 4
4040 3
4041 0
4042 2
4043 2
4044 3
4045 3
4046 1
4047 3
4048 2
4049 3
4050 3
4051 1
4052 2
4053 1
4054 3
4055 3
4056 3
4057 3
4058 6
4059 5
4060 6
4061 3
4062 2
4063 0
4064 2
4065 2
4066 1
4067 4
4068 4
4069 4
4070 3
4071 1
4072 1
4073 3
4074 2
4075 2
4076 1
4077 2
4078 5
4079 8
4080 8
4081 5
4082 4
4083 4
4084 5
4085 3
4086 3
4087 1
4088 2
4089 4
4090 4
4091 1
4092 3
4093 1
4094 4
4095 1
4096 4
4097 3
4098 2
4099 2
4100 1
4101 1
4102 3
4103 3
4104 2
4105 1
4106 1
4107 2
4108 1
4109 3
4110 2
4111 4
4112 2
4113 0
4114 5
4115 4
4116 2
4117 3
4118 1
4119 2
4120 3
4121 3
4122 1
4123 1
4124 1
4125 1
4126 3
4127 2
4128 4
4129 2
4130 2
4131 2
4132 3
4133 4
4134 4
4135 1
4136 3
4137 2
4138 2
4139 2
4140 1
4141 2
4142 1
4143 3
4144 3
4145 2
4146 1
4147 3
4148 3
4149 4
4150 3
4151 3
4152 3
4153 4
4154 3
4155 1
4156 3
4157 2
4158 2
4159 2
4160 1
4161 0
4162 1
4163 3
4164 1
4165 1
4166 3
4167 2
4168 1
4169 1
4170 1
4171 0
4172 2
4173 4
4174 2
4175 1
4176 1
4177 2
4178 5
4179 4
4180 6
4181 5
4182 4
4183 3
4184 0
4185 0
4186 2
4187 1
4188 1
4189 2
4190 3
4191 0
4192 2
4193 3
4194 2
4195 2
4196 1
4197 4
4198 5
4199 3
4200 2
4201 2
4202 2
4203 1
4204 1
4205 2
4206 3
4207 2
4208 1
4209 0
4210 2
4211 2
4212 1
4213 2
4214 1
4215 1
4216 3
4217 3
4218 1
4219 0
4220 0
4221 2
4222 2
4223 1
4224 1
4225 2
4226 1
4227 1
4228 2
4229 3
4230 3
4231 2
4232 2
4233 2
4234 2
4235 1
4236 0
4237 2
4238 1
4239 5
4240 4
4241 4
4242 3
4243 2
4244 1
4245 2
4246 1
4247 2
4248 1
4249 3
4250 2
4251 5
4252 4
4253 3
4254 1
4255 1
4256 2
4257 2
4258 2
4259 3
4260 1
4261 1
4262 3
4263 1
4264 4
4265 2
4266 1
4267 1
4268 3
4269 2
4270 0
4271 2
4272 0
4273 5
4274 7
4275 7
4276 6
4277 5
4278 5
4279 6
4280 4
4281 5
4282 3
4283 3
4284 1
4285 1
4286 1
4287 2
4288 5
4289 4
4290 3
4291 1
4292 1
4293 2
4294 2
4295 2
4296 3
4297 2
4298 3
4299 1
4300 3
4301 3
4302 0
4303 2
4304 1
4305 2
4306 2
4307 2
4308 3
4309 2
4310 0
4311 3
4312 3
4313 4
4314 6
4315 4
4316 4
4317 2
4318 2
4319 2
4320 1
4321 1
4322 2
4323 2
4324 0
4325 0
4326 2
4327 2
4328 1
4329 1
4330 5
4331 5
4332 4
4333 2
4334 1
4335 1
4336 5
4337 4
4338 1
4339 2
4340 2
4341 5
4342 5
4343 8
4344 9
4345 9
4346 8
4347 6
4348 5
4349 3
4350 2
4351 2
4352 3
4353 1
4354 0
4355 3
4356 2
4357 2
4358 2
4359 1
4360 1
4361 1
4362 2
4363 3
4364 1
4365 1
4366 4
4367 2
4368 3
4369 4
4370 3
4371 3
4372 1
4373 1
4374 3
4375 2
4376 2
4377 3
4378 2
4379 1
4380 2
4381 2
4382 2
4383 2
4384 1
4385 2
4386 2
4387 1
4388 2
4389 3
4390 1
4391 2
4392 3
4393 1
4394 2
4395 1
4396 2
4397 1
4398 0
4399 1
4400 3
4401 3
4402 4
4403 3
4404 3
4405 3
4406 3
4407 2
4408 3
4409 2
4410 2
4411 3
4412 3
4413 1
4414 1
4415 2
4416 4
4417 3
4418 1
4419 2
4420 3
4421 1
4422 5
4423 4
4424 3
4425 4
4426 4
4427 3
4428 1
4429 0
4430 2
4431 1
4432 1
4433 2
4434 2
4435 6
4436 5
4437 4
4438 2
4439 5
4440 5
4441 3
4442 3
4443 3
4444 2
4445 3
4446 1
4447 1
4448 0
4449 1
4450 2
4451 2
4452 2
4453 3
4454 1
4455 3
4456 1
4457 1
4458 2
4459 3
4460 2
4461 1
4462 2
4463 3
4464 3
4465 1
4466 4
4467 4
4468 3
4469 3
4470 6
4471 5
4472 4
4473 4
4474 4
4475 4
4476 1
4477 1
4478 2
4479 1
4480 1
4481 1
4482 2
4483 3
4484 2
4485 3
4486 5
4487 4
4488 2
4489 3
4490 3
4491 2
4492 2
4493 1
4494 1
4495 1
4496 1
4497 1
4498 2
4499 3
4500 2
4501 3
4502 1
4503 1
4504 4
4505 6
4506 6
4507 5
4508 6
4509 5
4510 3
4511 3
4512 2
4513 1
4514 3
4515 0
4516 2
4517 0
4518 1
4519 3
4520 2
4521 0
4522 4
4523 2
4524 3
4525 3
4526 4
4527 3
4528 1
4529 2
4530 4
4531 1
4532 3
4533 2
4534 1
4535 2
4536 3
4537 3
4538 1
4539 3
4540 0
4541 0
4542 3
4543 0
4544 3
4545 1
4546 2
4547 3
4548 3
4549 0
4550 3
4551 2
4552 4
4553 1
4554 3
4555 2
4556 3
4557 2
4558 3
4559 4
4560 3
4561 1
4562 2
4563 2
4564 4
4565 1
4566 2
4567 1
4568 1
4569 4
4570 6
4571 3
4572 4
4573 3
4574 3
4575 2
4576 2
4577 1
4578 0
4579 3
4580 3
4581 1
4582 1
4583 2
4584 0
4585 1
4586 2
4587 1
4588 3
4589 2
4590 2
4591 2
4592 2
4593 2
4594 2
4595 4
4596 3
4597 2
4598 1
4599 2
4600 3
4601 3
4602 1
4603 2
4604 2
4605 3
4606 3
4607 3
4608 3
4609 5
4610 4
4611 4
4612 3
4613 3
4614 1
4615 0
4616 2
4617 4
4618 4
4619 1
4620 2
4621 0
4622 0
4623 2
4624 2
4625 1
4626 3
4627 3
4628 2
4629 2
4630 3
4631 3
4632 2
4633 2
4634 2
4635 3
4636 2
4637 3
4638 3
4639 1
4640 3
4641 2
4642 5
4643 5
4644 3
4645 1
4646 2
4647 0
4648 2
4649 3
4650 1
4651 3
4652 3
4653 1
4654 0
4655 3
4656 2
4657 3
4658 1
4659 1
4660 3
4661 1
4662 2
4663 2
4664 3
4665 1
4666 0
4667 1
4668 2
4669 4
4670 4
4671 4
4672 3
4673 0
4674 3
4675 3
4676 2
4677 2
4678 1
4679 0
4680 3
4681 1
4682 3
4683 2
4684 3
4685 2
4686 3
4687 3
4688 1
4689 2
4690 2
4691 1
4692 0
4693 2
4694 2
4695 2
4696 2
4697 4
4698 3
4699 1
4700 0
4701 3
4702 3
4703 3
4704 2
4705 2
4706 2
4707 2
4708 2
4709 0
4710 2
4711 1
4712 2
4713 2
4714 3
4715 2
4716 2
4717 3
4718 1
4719 0
4720 0
4721 2
4722 2
4723 3
4724 5
4725 3
4726 1
4727 0
4728 4
4729 2
4730 0
4731 2
4732 2
4733 3
4734 4
4735 4
4736 3
4737 4
4738 4
4739 2
4740 3
4741 2
4742 2
4743 3
4744 1
4745 1
4746 1
4747 2
4748 2
4749 0
4750 2
4751 4
4752 2
4753 3
4754 1
4755 3
4756 3
4757 2
4758 2
4759 3
4760 1
4761 4
4762 4
4763 4
4764 3
4765 1
4766 2
4767 2
4768 3
4769 1
4770 2
4771 1
4772 2
4773 2
4774 5
4775 4
4776 5
4777 5
4778 3
4779 3
4780 2
4781 2
4782 2
4783 1
4784 0
4785 1
4786 2
4787 6
4788 5
4789 5
4790 5
4791 4
4792 2
4793 3
4794 4
4795 6
4796 6
4797 5
4798 5
4799 4
4800 2
4801 2
4802 0
4803 2
4804 3
4805 3
4806 2
4807 1
4808 0
4809 2
4810 1
4811 3
4812 2
4813 1
4814 3
4815 2
4816 1
4817 1
4818 0
4819 1
4820 3
4821 3
4822 4
4823 1
4824 2
4825 4
4826 2
4827 2
4828 2
4829 4
4830 3
4831 1
4832 2
4833 2
4834 2
4835 2
4836 1
4837 3
4838 2
4839 2
4840 1
4841 3
4842 2
4843 0
4844 1
4845 4
4846 2
4847 1
4848 3
4849 3
4850 2
4851 2
4852 3
4853 0
4854 0
4855 2
4856 1
4857 0
4858 3
4859 1
4860 1
4861 0
4862 3
4863 1
4864 0
4865 3
4866 0
4867 4
4868 3
4869 1
4870 0
4871 1
4872 2
4873 2
4874 1
4875 2
4876 5
4877 3
4878 2
4879 1
4880 2
4881 1
4882 2
4883 5
4884 4
4885 1
4886 2
4887 2
4888 2
4889 1
4890 0
4891 0
4892 1
4893 2
4894 3
4895 3
4896 2
4897 1
4898 2
4899 0
4900 3
4901 0
4902 2
4903 3
4904 2
4905 1
4906 0
4907 1
4908 1
4909 3
4910 1
4911 2
4912 2
4913 1
4914 4
4915 2
4916 3
4917 2
4918 2
4919 1
4920 4
4921 2
4922 1
4923 2
4924 1
4925 0
4926 1
4927 3
4928 1
4929 2
4930 1
4931 3
4932 3
4933 0
4934 2
4935 1
4936 2
4937 1
4938 1
4939 1
4940 2
4941 3
4942 2
4943 2
4944 3
4945 4
4946 3
4947 0
4948 3
4949 2
4950 1
4951 3
4952 2
4953 1
4954 1
4955 4
4956 2
4957 3
4958 2
4959 0
4960 1
4961 1
4962 4
4963 4
4964 3
4965 1
4966 3
4967 1
4968 1
4969 0
4970 1
4971 2
4972 2
4973 2
4974 1
4975 2
4976 2
4977 2
4978 1
4979 5
4980 2
4981 2
4982 0
4983 2
4984 3
4985 3
4986 1
4987 4
4988 1
4989 3
4990 1
4991 3
4992 3
4993 3
4994 2
4995 3
4996 4
4997 2
4998 4
4999 2
5000 2
5001 2
5002 0
5003 1
5004 0
5005 2
5006 5
5007 3
5008 1
5009 2
5010 2
5011 2
5012 2
5013 2
5014 2
5015 3
5016 1
5017 2
5018 1
5019 1
5020 2
5021 2
5022 1
5023 2
5024 5
5025 5
5026 4
5027 4
5028 4
5029 3
5030 6
5031 5
5032 3
5033 4
5034 1
5035 1
5036 3
5037 2
5038 2
5039 2
5040 3
5041 1
5042 1
5043 2
5044 2
5045 0
5046 1
5047 3
5048 2
5049 0
5050 0
5051 2
5052 3
5053 4
5054 3
5055 3
5056 3
5057 3
5058 4
5059 1
5060 3
5061 1
5062 2
5063 1
5064 3
5065 5
5066 3
5067 2
5068 0
5069 2
5070 3
5071 1
5072 2
5073 4
5074 2
5075 1
5076 0
5077 3
5078 3
5079 2
5080 1
5081 1
5082 4
5083 2
5084 3
5085 3
5086 1
5087 2
5088 1
5089 1
5090 2
5091 5
5092 4
5093 4
5094 3
5095 2
5096 1
5097 2
5098 3
5099 3
5100 1
5101 4
5102 2
5103 3
5104 2
5105 2
5106 1
5107 2
5108 4
5109 3
5110 3
5111 4
5112 3
5113 1
5114 0
5115 3
5116 1
5117 2
5118 2
5119 1
5120 2
5121 1
5122 2
5123 0
5124 2
5125 2
5126 1
5127 1
5128 2
5129 1
5130 1
5131 3
5132 3
5133 1
5134 3
5135 1
5136 1
5137 2
5138 1
5139 1
5140 2
5141 1
5142 1
5143 4
5144 4
5145 2
5146 1
5147 0
5148 2
5149 0
5150 2
5151 3
5152 3
5153 2
5154 2
5155 1
5156 0
5157 3
5158 3
5159 2
5160 0
5161 3
5162 3
5163 1
5164 2
5165 2
5166 2
5167 2
5168 1
5169 5
5170 6
5171 4
5172 3
5173 3
5174 2
5175 1
5176 0
5177 3
5178 2
5179 0
5180 2
5181 2
5182 4
5183 3
5184 2
5185 2
5186 2
5187 3
5188 2
5189 2
5190 1
5191 2
5192 2
5193 1
5194 1
5195 1
5196 4
5197 2
5198 0
5199 1
5200 1
5201 3
5202 2
5203 2
5204 2
5205 0
5206 1
5207 2
5208 1
5209 2
5210 2
5211 0
5212 3
5213 3
5214 1
5215 3
5216 0
5217 1
5218 0
5219 2
5220 1
5221 3
5222 1
5223 2
5224 0
5225 2
5226 2
5227 1
5228 1
5229 3
5230 2
5231 3
5232 2
5233 1
5234 4
5235 2
5236 1
5237 3
5238 2
5239 4
5240 3
5241 4
5242 4
5243 3
5244 2
5245 1
5246 1
5247 1
5248 3
5249 0
5250 2
5251 2
5252 1
5253 3
5254 0
5255 2
5256 1
5257 3
5258 1
5259 4
5260 3
5261 3
5262 3
5263 1
5264 1
5265 5
5266 4
5267 4
5268 3
5269 2
5270 3
5271 2
5272 3
5273 1
5274 0
5275 0
5276 0
5277 4
5278 3
5279 1
5280 2
5281 1
5282 2
5283 1
5284 1
5285 1
5286 1
5287 1
5288 4
5289 3
5290 2
5291 3
5292 2
5293 3
5294 2
5295 2
5296 3
5297 2
5298 3
5299 1
5300 4
5301 4
5302 4
5303 1
5304 4
5305 1
5306 3
5307 1
5308 1
5309 1
5310 0
5311 1
5312 2
5313 2
5314 1
5315 2
5316 2
5317 3
5318 3
5319 1
5320 1
5321 3
5322 4
5323 3
5324 1
5325 1
5326 3
5327 2
5328 2
5329 2
5330 2
5331 3
5332 3
5333 2
5334 2
5335 3
5336 4
5337 1
5338 3
5339 1
5340 2
5341 1
5342 3
5343 2
5344 2
5345 1
5346 3
5347 6
5348 5
5349 4
5350 3
5351 4
5352 3
5353 1
5354 3
5355 2
5356 2
5357 2
5358 2
5359 1
5360 1
5361 1
5362 2
5363 3
5364 3
5365 4
5366 2
5367 2
5368 1
5369 0
5370 2
5371 3
5372 1
5373 2
5374 0
5375 3
5376 1
5377 0
5378 4
5379 3
5380 2
5381 1
5382 2
5383 1
5384 2
5385 2
5386 1
5387 1
5388 4
5389 1
5390 1
5391 1
5392 1
5393 1
5394 1
5395 1
5396 0
5397 2
5398 1
5399 2
5400 1
5401 2
5402 3
5403 2
5404 3
5405 1
5406 2
5407 4
5408 3
5409 2
5410 1
5411 3
5412 3
5413 3
5414 5
5415 5
5416 6
5417 6
5418 5
5419 6
5420 6
5421 5
5422 5
5423 4
5424 3
5425 1
5426 1
5427 3
5428 4
5429 2
5430 1
5431 2
5432 2
5433 3
5434 1
5435 3
5436 4
5437 3
5438 3
5439 5
5440 3
5441 2
5442 0
5443 4
5444 3
5445 3
5446 4
5447 5
5448 5
5449 5
5450 3
5451 4
5452 5
5453 3
5454 1
5455 5
5456 3
5457 2
5458 2
5459 2
5460 3
5461 2
5462 1
5463 1
5464 0
5465 1
5466 2
5467 1
5468 3
5469 2
5470 1
5471 3
5472 3
5473 2
5474 3
5475 2
5476 4
5477 4
5478 3
5479 2
5480 6
5481 5
5482 3
5483 1
5484 2
5485 1
5486 4
5487 2
5488 0
5489 3
5490 2
5491 2
5492 3
5493 1
5494 3
5495 1
5496 2
5497 0
5498 2
5499 2
5500 3
5501 1
5502 5
5503 3
5504 1
5505 3
5506 2
5507 3
5508 3
5509 3
5510 1
5511 2
5512 1
5513 3
5514 2
5515 2
5516 2
5517 4
5518 2
5519 4
5520 3
5521 4
5522 3
5523 1
5524 2
5525 3
5526 0
5527 5
5528 4
5529 2
5530 3
5531 2
5532 4
5533 1
5534 2
5535 2
5536 1
5537 2
5538 1
5539 2
5540 3
5541 2
5542 0
5543 1
5544 2
5545 0
5546 2
5547 1
5548 3
5549 3
5550 1
5551 5
5552 2
5553 2
5554 3
5555 2
5556 2
5557 2
5558 5
5559 5
5560 4
5561 4
5562 5
5563 4
5564 1
5565 3
5566 2
5567 2
5568 1
5569 1
5570 3
5571 2
5572 2
5573 1
5574 4
5575 4
5576 3
5577 4
5578 2
5579 2
5580 4
5581 3
5582 1
5583 1
5584 4
5585 6
5586 6
5587 6
5588 5
5589 5
5590 4
5591 2
5592 4
5593 5
5594 5
5595 4
5596 3
5597 3
5598 5
5599 4
5600 4
5601 4
5602 2
5603 2
5604 2
5605 0
5606 3
5607 2
5608 2
5609 4
5610 2
5611 4
5612 2
5613 3
5614 4
5615 3
5616 0
5617 2
5618 0
5619 1
5620 2
5621 1
5622 2
5623 2
5624 2
5625 1
5626 0
5627 4
5628 5
5629 3
5630 3
5631 2
5632 2
5633 2
5634 1
5635 2
5636 4
5637 4
5638 2
5639 1
5640 3
5641 3
5642 2
5643 5
5644 4
5645 5
5646 5
5647 6
5648 8
5649 8
5650 6
5651 3
5652 1
5653 1
5654 1
5655 1
5656 3
5657 3
5658 3
5659 1
5660 3
5661 1
5662 3
5663 2
5664 2
5665 3
5666 4
5667 5
5668 6
5669 5
5670 3
5671 2
5672 2
5673 0
5674 0
5675 0
5676 2
5677 1
5678 1
5679 3
5680 1
5681 1
5682 3
5683 2
5684 3
5685 2
5686 3
5687 2
5688 2
5689 4
5690 3
5691 2
5692 2
5693 2
5694 1
5695 2
5696 1
5697 4
5698 2
5699 2
5700 1
5701 3
5702 3
5703 2
5704 3
5705 3
5706 1
5707 1
5708 3
5709 2
5710 3
5711 2
5712 2
5713 1
5714 3
5715 2
5716 1
5717 1
5718 0
5719 2
5720 1
5721 2
5722 2
5723 1
5724 2
5725 2
5726 2
5727 2
5728 2
5729 3
5730 2
5731 3
5732 1
5733 5
5734 2
5735 5
5736 5
5737 6
5738 5
5739 5
5740 5
5741 3
5742 2
5743 2
5744 1
5745 0
5746 2
5747 1
5748 2
5749 0
5750 4
5751 4
5752 3
5753 2
5754 2
5755 1
5756 4
5757 2
5758 2
5759 3
5760 3
5761 2
5762 2
5763 0
5764 2
5765 3
5766 1
5767 5
5768 5
5769 4
5770 3
5771 2
5772 1
5773 2
5774 0
5775 3
5776 2
5777 4
5778 3
5779 3
5780 2
5781 3
5782 2
5783 3
5784 2
5785 2
5786 5
5787 3
5788 3
5789 2
5790 4
5791 2
5792 2
5793 0
5794 0
5795 1
5796 0
5797 3
5798 1
5799 3
5800 4
5801 3
5802 1
5803 1
5804 3
5805 1
5806 1
5807 2
5808 2
5809 3
5810 0
5811 2
5812 3
5813 3
5814 2
5815 0
5816 3
5817 3
5818 2
5819 1
5820 3
5821 2
5822 2
5823 4
5824 2
5825 1
5826 2
5827 1
5828 3
5829 2
5830 2
5831 3
5832 1
5833 2
5834 0
5835 3
5836 4
5837 2
5838 1
5839 1
5840 2
5841 2
5842 2
5843 1
5844 2
5845 2
5846 2
5847 3
5848 1
5849 2
5850 4
5851 4
5852 1
5853 3
5854 2
5855 1
5856 3
5857 1
5858 3
5859 1
5860 2
5861 3
5862 1
5863 3
5864 1
5865 2
5866 1
5867 2
5868 2
5869 4
5870 2
5871 3
5872 4
5873 1
5874 3
5875 1
5876 2
5877 2
5878 3
5879 3
5880 2
5881 2
5882 1
5883 1
5884 2
5885 2
5886 3
5887 0
5888 1
5889 1
5890 3
5891 2
5892 2
5893 1
5894 0
5895 3
5896 2
5897 2
5898 2
5899 1
5900 2
5901 0
5902 1
5903 1
5904 4
5905 2
5906 1
5907 1
5908 1
5909 2
5910 4
5911 2
5912 0
5913 4
5914 2
5915 3
5916 4
5917 1
5918 1
5919 2
5920 3
5921 1
5922 2
5923 1
5924 3
5925 1
5926 1
5927 1
5928 0
5929 4
5930 4
5931 3
5932 3
5933 3
5934 4
5935 4
5936 2
5937 3
5938 2
5939 1
5940 1
5941 3
5942 1
5943 0
5944 2
5945 0
5946 2
5947 1
5948 1
5949 4
5950 3
5951 2
5952 0
5953 0
5954 0
5955 2
5956 4
5957 2
5958 1
5959 2
5960 1
5961 2
5962 1
5963 3
5964 2
5965 1
5966 0
5967 1
5968 1
5969 2
5970 1
5971 1
5972 1
5973 0
5974 1
5975 2
5976 2
5977 0
5978 1
5979 2
5980 1
5981 4
5982 3
5983 0
5984 2
5985 2
5986 1
5987 3
5988 2
5989 0
5990 2
5991 1
5992 2
5993 2
5994 1
5995 3
5996 3
5997 1
5998 2
5999 1
6000 3
6001 2
6002 1
6003 2
6004 1
6005 1
6006 1
6007 1
6008 3
6009 5
6010 4
6011 5
6012 5
6013 3
6014 0
6015 2
6016 0
6017 4
6018 3
6019 1
6020 0
6021 3
6022 2
6023 2
6024 1
6025 2
6026 2
6027 2
6028 2
6029 4
6030 2
6031 1
6032 1
6033 3
6034 2
6035 4
6036 4
6037 3
6038 1
6039 3
6040 1
6041 2
6042 2
6043 3
6044 2
6045 2
6046 0
6047 1
6048 2
6049 0
6050 3
6051 2
6052 1
6053 3
6054 1
6055 2
6056 2
6057 5
6058 5
6059 7
6060 10
6061 9
6062 8
6063 8
6064 9
6065 7
6066 4
6067 3
6068 2
6069 3
6070 2
6071 1
6072 2
6073 1
6074 5
6075 3
6076 3
6077 2
6078 3
6079 2
6080 2
6081 3
6082 3
6083 3
6084 1
6085 0
6086 2
6087 2
6088 3
6089 2
6090 1
6091 1
6092 2
6093 3
6094 3
6095 3
6096 3
6097 2
6098 0
6099 2
6100 2
6101 4
6102 3
6103 3
6104 2
6105 2
6106 3
6107 3
6108 0
6109 1
6110 3
6111 1
6112 0
6113 1
6114 1
6115 1
6116 1
6117 3
6118 2
6119 2
6120 2
6121 2
6122 2
6123 2
6124 2
6125 1
6126 2
6127 2
6128 1
6129 1
6130 2
6131 1
6132 3
6133 1
6134 1
6135 3
6136 2
6137 2
6138 4
6139 3
6140 2
6141 3
6142 1
6143 4
6144 2
6145 1
6146 3
6147 3
6148 3
6149 1
6150 2
6151 2
6152 4
6153 1
6154 1
6155 2
6156 2
6157 3
6158 4
6159 6
6160 6
6161 5
6162 5
6163 2
6164 2
6165 3
6166 2
6167 1
6168 2
6169 1
6170 2
6171 1
6172 3
6173 1
6174 3
6175 2
6176 2
6177 1
6178 2
6179 3
6180 3
6181 2
6182 2
6183 4
6184 2
6185 2
6186 0
6187 3
6188 1
6189 2
6190 3
6191 3
6192 5
6193 4
6194 4
6195 3
6196 7
6197 7
6198 5
6199 4
6200 2
6201 1
6202 0
6203 0
6204 5
6205 2
6206 1
6207 0
6208 3
6209 1
6210 1
6211 1
6212 3
6213 2
6214 2
6215 1
6216 1
6217 5
6218 6
6219 4
6220 2
6221 3
6222 2
6223 2
6224 3
6225 3
6226 1
6227 3
6228 4
6229 4
6230 2
6231 3
6232 2
6233 3
6234 5
6235 5
6236 5
6237 3
6238 2
6239 4
6240 3
6241 1
6242 3
6243 4
6244 3
6245 4
6246 6
6247 3
6248 3
6249 2
6250 2
6251 0
6252 3
6253 3
6254 4
6255 2
6256 4
6257 1
6258 3
6259 0
6260 3
6261 5
6262 5
6263 6
6264 5
6265 4
6266 2
6267 2
6268 1
6269 4
6270 4
6271 5
6272 3
6273 1
6274 1
6275 3
6276 0
6277 3
6278 0
6279 2
6280 3
6281 3
6282 2
6283 3
6284 3
6285 2
6286 1
6287 1
6288 1
6289 2
6290 2
6291 0
6292 1
6293 2
6294 3
6295 2
6296 4
6297 1
6298 3
6299 1
6300 3
6301 2
6302 0
6303 3
6304 2
6305 2
6306 2
6307 1
6308 1
6309 3
6310 3
6311 1
6312 3
6313 5
6314 3
6315 2
6316 0
6317 4
6318 3
6319 3
6320 3
6321 3
6322 3
6323 3
6324 2
6325 1
6326 0
6327 0
6328 1
6329 1
6330 3
6331 3
6332 0
6333 2
6334 3
6335 3
6336 1
6337 4
6338 4
6339 2
6340 3
6341 1
6342 1
6343 2
6344 2
6345 1
6346 3
6347 1
6348 2
6349 1
6350 2
6351 2
6352 1
6353 6
6354 3
6355 2
6356 0
6357 2
6358 1
6359 2
6360 1
6361 1
6362 1
6363 2
6364 0
6365 3
6366 4
6367 1
6368 4
6369 1
6370 1
6371 2
6372 0
6373 2
6374 1
6375 1
6376 4
6377 2
6378 3
6379 0
6380 2
6381 2
6382 1
6383 3
6384 3
6385 3
6386 2
6387 2
6388 2
6389 3
6390 3
6391 1
6392 1
6393 3
6394 3
6395 1
6396 2
6397 2
6398 3
6399 1
6400 0
6401 0
6402 1
6403 2
6404 4
6405 3
6406 2
6407 0
6408 3
6409 3
6410 1
6411 2
6412 3
6413 2
6414 3
6415 2
6416 0
6417 3
6418 1
6419 2
6420 1
6421 2
6422 3
6423 2
6424 1
6425 1
6426 0
6427 3
6428 4
6429 4
6430 2
6431 1
6432 3
6433 1
6434 1
6435 3
6436 3
6437 1
6438 2
6439 3
6440 3
6441 1
6442 3
6443 5
6444 5
6445 5
6446 3
6447 2
6448 1
6449 3
6450 0
6451 3
6452 0
6453 2
6454 0
6455 2
6456 2
6457 4
6458 2
6459 1
6460 2
6461 2
6462 2
6463 1
6464 3
6465 3
6466 0
6467 4
6468 4
6469 3
6470 2
6471 2
6472 1
6473 0
6474 2
6475 2
6476 2
6477 1
6478 0
6479 1
6480 2
6481 0
6482 2
6483 1
6484 2
6485 1
6486 1
6487 0
6488 1
6489 3
6490 0
6491 2
6492 4
6493 3
6494 3
6495 3
6496 1
6497 1
6498 2
6499 2
6500 3
6501 5
6502 4
6503 4
6504 2
6505 4
6506 3
6507 0
6508 1
6509 2
6510 1
6511 1
6512 1
6513 4
6514 3
6515 2
6516 4
6517 3
6518 2
6519 3
6520 2
6521 1
6522 1
6523 2
6524 1
6525 1
6526 3
6527 3
6528 2
6529 4
6530 3
6531 2
6532 0
6533 3
6534 3
6535 0
6536 2
6537 3
6538 3
6539 4
6540 3
6541 1
6542 2
6543 1
6544 1
6545 3
6546 2
6547 2
6548 2
6549 3
6550 3
6551 1
6552 3
6553 0
6554 2
6555 1
6556 1
6557 2
6558 3
6559 1
6560 5
6561 5
6562 7
6563 6
6564 5
6565 4
6566 1
6567 2
6568 2
6569 4
6570 4
6571 3
6572 0
6573 2
6574 0
6575 1
6576 4
6577 3
6578 2
6579 3
6580 4
6581 1
6582 1
6583 1
6584 2
6585 2
6586 1
6587 3
6588 2
6589 1
6590 1
6591 2
6592 3
6593 2
6594 1
6595 3
6596 2
6597 3
6598 1
6599 2
6600 0
6601 2
6602 2
6603 1
6604 2
6605 1
6606 2
6607 1
6608 0
6609 0
6610 3
6611 3
6612 2
6613 3
6614 1
6615 3
6616 1
6617 3
6618 1
6619 3
6620 3
6621 0
6622 2
6623 1
6624 0
6625 2
6626 2
6627 3
6628 4
6629 1
6630 2
6631 3
6632 5
6633 5
6634 4
6635 3
6636 2
6637 1
6638 2
6639 1
6640 2
6641 4
6642 3
6643 2
6644 2
6645 2
6646 1
6647 1
6648 2
6649 4
6650 3
6651 2
6652 6
6653 5
6654 3
6655 4
6656 2
6657 1
6658 3
6659 2
6660 3
6661 1
6662 2
6663 1
6664 2
6665 1
6666 1
6667 2
6668 0
6669 1
6670 4
6671 2
6672 1
6673 1
6674 2
6675 3
6676 2
6677 2
6678 4
6679 3
6680 2
6681 3
6682 1
6683 2
6684 2
6685 1
6686 2
6687 3
6688 5
6689 4
6690 3
6691 3
6692 3
6693 1
6694 2
6695 3
6696 2
6697 4
6698 4
6699 4
6700 2
6701 2
6702 1
6703 0
6704 2
6705 2
6706 0
6707 3
6708 3
6709 2
6710 2
6711 3
6712 2
6713 5
6714 2
6715 3
6716 4
6717 2
6718 1
6719 2
6720 0
6721 0
6722 3
6723 1
6724 0
6725 1
6726 2
6727 3
6728 2
6729 3
6730 3
6731 0
6732 3
6733 3
6734 3
6735 1
6736 2
6737 1
6738 2
6739 3
6740 1
6741 1
6742 2
6743 2
6744 4
6745 3
6746 2
6747 3
6748 2
6749 1
6750 1
6751 3
6752 3
6753 2
6754 0
6755 3
6756 5
6757 2
6758 1
6759 2
6760 1
6761 2
6762 0
6763 3
6764 1
6765 3
6766 2
6767 0
6768 2
6769 0
6770 2
6771 2
6772 1
6773 4
6774 2
6775 1
6776 2
6777 5
6778 7
6779 9
6780 7
6781 5
6782 5
6783 3
6784 3
6785 1
6786 2
6787 1
6788 1
6789 2
6790 1
6791 2
6792 4
6793 2
6794 3
6795 0
6796 3
6797 2
6798 2
6799 1
6800 4
6801 4
6802 4
6803 3
6804 2
6805 1
6806 2
6807 3
6808 6
6809 4
6810 2
6811 4
6812 1
6813 2
6814 3
6815 1
6816 4
6817 3
6818 0
6819 4
6820 3
6821 2
6822 4
6823 4
6824 3
6825 1
6826 1
6827 1
6828 2
6829 3
6830 1
6831 2
6832 2
6833 3
6834 2
6835 1
6836 0
6837 4
6838 3
6839 3
6840 0
6841 1
6842 4
6843 3
6844 3
6845 0
6846 0
6847 3
6848 1
6849 3
6850 4
6851 1
6852 3
6853 1
6854 2
6855 2
6856 3
6857 0
6858 4
6859 2
6860 1
6861 2
6862 3
6863 1
6864 1
6865 4
6866 2
6867 2
6868 1
6869 1
6870 1
6871 1
6872 3
6873 2
6874 1
6875 4
6876 4
6877 4
6878 4
6879 4
6880 3
6881 0
6882 2
6883 3
6884 2
6885 1
6886 2
6887 1
6888 3
6889 1
6890 2
6891 1
6892 2
6893 2
6894 4
6895 3
6896 2
6897 1
6898 2
6899 3
6900 3
6901 1
6902 1
6903 3
6904 3
6905 4
6906 5
6907 5
6908 4
6909 5
6910 6
6911 5
6912 4
6913 1
6914 1
6915 2
6916 3
6917 1
6918 2
6919 2
6920 3
6921 1
6922 1
6923 2
6924 3
6925 3
6926 1
6927 2
6928 2
6929 2
6930 3
6931 2
6932 2
6933 2
6934 3
6935 2
6936 2
6937 3
6938 1
6939 0
6940 2
6941 3
6942 1
6943 3
6944 2
6945 3
6946 3
6947 2
6948 0
6949 1
6950 1
6951 3
6952 1
6953 3
6954 3
6955 3
6956 4
6957 3
6958 2
6959 2
6960 2
6961 3
6962 3
6963 2
6964 2
6965 1
6966 2
6967 2
6968 1
6969 1
6970 2
6971 4
6972 3
6973 3
6974 2
6975 3
6976 3
6977 3
6978 3
6979 1
6980 3
6981 2
6982 3
6983 3
6984 0
6985 2
6986 3
6987 2
6988 1
6989 2
6990 4
6991 1
6992 3
6993 1
6994 2
6995 1
6996 3
6997 2
6998 0
6999 3
7000 3
7001 2
7002 2
7003 2
7004 2
7005 2
7006 3
7007 0
7008 2
7009 4
7010 3
7011 1
7012 2
7013 0
7014 1
7015 2
7016 4
7017 4
7018 2
7019 3
7020 1
7021 1
7022 2
7023 3
7024 0
7025 1
7026 2
7027 2
7028 3
7029 0
7030 1
7031 3
7032 0
7033 4
7034 2
7035 2
7036 3
7037 2
7038 1
7039 3
7040 3
7041 1
7042 1
7043 3
7044 2
7045 1
7046 2
7047 2
7048 3
7049 2
7050 1
7051 1
7052 1
7053 2
7054 3
7055 1
7056 2
7057 0
7058 0
7059 1
7060 1
7061 1
7062 3
7063 1
7064 4
7065 3
7066 2
7067 1
7068 1
7069 2
7070 2
7071 2
7072 2
7073 3
7074 1
7075 5
7076 3
7077 1
7078 2
7079 3
7080 1
7081 2
7082 2
7083 2
7084 3
7085 3
7086 1
7087 3
7088 3
7089 2
7090 2
7091 3
7092 2
7093 1
7094 2
7095 1
7096 2
7097 6
7098 5
7099 3
7100 4
7101 3
7102 3
7103 4
7104 4
7105 4
7106 3
7107 1
7108 4
7109 1
7110 2
7111 3
7112 3
7113 1
7114 1
7115 3
7116 2
7117 4
7118 4
7119 5
7120 4
7121 5
7122 6
7123 5
7124 6
7125 7
7126 5
7127 3
7128 0
7129 1
7130 3
7131 3
7132 2
7133 3
7134 0
7135 3
7136 3
7137 2
7138 1
7139 0
7140 3
7141 1
7142 2
7143 3
7144 1
7145 1
7146 2
7147 0
7148 2
7149 1
7150 1
7151 1
7152 1
7153 3
7154 2
7155 2
7156 3
7157 0
7158 2
7159 3
7160 5
7161 7
7162 8
7163 7
7164 8
7165 7
7166 6
7167 4
7168 5
7169 4
7170 2
7171 1
7172 3
7173 2
7174 1
7175 2
7176 1
7177 2
7178 2
7179 3
7180 2
7181 3
7182 3
7183 2
7184 2
7185 2
7186 3
7187 1
7188 3
7189 2
7190 1
7191 2
7192 4
7193 2
7194 1
7195 4
7196 3
7197 1
7198 3
7199 4
7200 4
7201 2
7202 3
7203 3
7204 3
7205 1
7206 2
7207 4
7208 3
7209 1
7210 1
7211 4
7212 2
7213 2
7214 3
7215 0
7216 4
7217 3
7218 4
7219 4
7220 4
7221 2
7222 2
7223 1
7224 1
7225 5
7226 4
7227 2
7228 1
7229 0
7230 2
7231 2
7232 4
7233 3
7234 3
7235 0
7236 5
7237 3
7238 3
7239 2
7240 0
7241 3
7242 3
7243 1
7244 1
7245 3
7246 2
7247 4
7248 3
7249 2
7250 1
7251 3
7252 4
7253 5
7254 7
7255 6
7256 6
7257 5
7258 5
7259 4
7260 3
7261 1
7262 1
7263 3
7264 2
7265 3
7266 1
7267 3
7268 1
7269 2
7270 3
7271 3
7272 3
7273 3
7274 4
7275 4
7276 2
7277 1
7278 1
7279 2
7280 2
7281 3
7282 2
7283 3
7284 1
7285 2
7286 4
7287 4
7288 3
7289 2
7290 3
7291 3
7292 4
7293 3
7294 1
7295 3
7296 4
7297 3
7298 2
7299 1
7300 1
7301 3
7302 4
7303 4
7304 1
7305 2
7306 3
7307 3
7308 2
7309 1
7310 5
7311 4
7312 3
7313 3
7314 3
7315 1
7316 4
7317 4
7318 3
7319 2
7320 1
7321 3
7322 3
7323 2
7324 2
7325 2
7326 1
7327 4
7328 2
7329 1
7330 3
7331 0
7332 2
7333 4
7334 5
7335 3
7336 3
7337 0
7338 3
7339 1
7340 3
7341 2
7342 2
7343 1
7344 2
7345 2
7346 2
7347 3
7348 0
7349 2
7350 1
7351 2
7352 3
7353 2
7354 2
7355 1
7356 2
7357 3
7358 3
7359 1
7360 1
7361 4
7362 2
7363 4
7364 3
7365 3
7366 1
7367 3
7368 3
7369 1
7370 1
7371 1
7372 1
7373 3
7374 2
7375 2
7376 0
7377 0
7378 2
7379 1
7380 0
7381 4
7382 3
7383 1
7384 1
7385 3
7386 0
7387 2
7388 2
7389 1
7390 0
7391 2
7392 0
7393 1
7394 2
7395 1
7396 1
7397 5
7398 5
7399 5
7400 4
7401 2
7402 0
7403 1
7404 4
7405 3
7406 1
7407 1
7408 1
7409 2
7410 0
7411 4
7412 2
7413 3
7414 2
7415 2
7416 1
7417 2
7418 1
7419 2
7420 2
7421 3
7422 2
7423 3
7424 4
7425 2
7426 2
7427 1
7428 2
7429 2
7430 4
7431 3
7432 1
7433 3
7434 0
7435 3
7436 1
7437 1
7438 3
7439 1
7440 3
7441 1
7442 1
7443 2
7444 2
7445 3
7446 4
7447 1
7448 3
7449 2
7450 2
7451 2
7452 1
7453 4
7454 1
7455 2
7456 2
7457 2
7458 2
7459 1
7460 3
7461 1
7462 1
7463 3
7464 0
7465 3
7466 3
7467 2
7468 3
7469 2
7470 2
7471 0
7472 2
7473 1
7474 1
7475 1
7476 2
7477 4
7478 4
7479 6
7480 5
7481 6
7482 5
7483 4
7484 3
7485 1
7486 3
7487 1
7488 2
7489 1
7490 0
7491 3
7492 4
7493 4
7494 4
7495 3
7496 6
7497 4
7498 5
7499 5
7500 2
7501 0
7502 2
7503 2
7504 1
7505 3
7506 0
7507 1
7508 2
7509 4
7510 2
7511 0
7512 2
7513 3
7514 1
7515 3
7516 1
7517 2
7518 3
7519 2
7520 3
7521 1
7522 1
7523 3
7524 1
7525 2
7526 1
7527 3
7528 2
7529 2
7530 2
7531 2
7532 3
7533 3
7534 2
7535 4
7536 3
7537 3
7538 4
7539 3
7540 4
7541 4
7542 4
7543 3
7544 0
7545 2
7546 3
7547 1
7548 1
7549 4
7550 1
7551 1
7552 1
7553 3
7554 3
7555 2
7556 3
7557 1
7558 4
7559 2
7560 1
7561 4
7562 3
7563 0
7564 1
7565 1
7566 2
7567 0
7568 1
7569 3
7570 3
7571 0
7572 1
7573 1
7574 3
7575 4
7576 4
7577 4
7578 3
7579 1
7580 3
7581 5
7582 3
7583 1
7584 1
7585 4
7586 2
7587 1
7588 0
7589 2
7590 2
7591 1
7592 2
7593 4
7594 1
7595 3
7596 2
7597 0
7598 1
7599 1
7600 1
7601 3
7602 2
7603 3
7604 3
7605 3
7606 4
7607 4
7608 3
7609 3
7610 1
7611 3
7612 3
7613 3
7614 3
7615 3
7616 1
7617 2
7618 2
7619 2
7620 3
7621 2
7622 1
7623 2
7624 0
7625 3
7626 0
7627 1
7628 1
7629 3
7630 0
7631 2
7632 1
7633 1
7634 2
7635 4
7636 4
7637 3
7638 1
7639 3
7640 1
7641 1
7642 5
7643 4
7644 6
7645 7
7646 8
7647 6
7648 3
7649 2
7650 1
7651 3
7652 1
7653 3
7654 1
7655 3
7656 2
7657 3
7658 3
7659 2
7660 2
7661 1
7662 1
7663 2
7664 2
7665 1
7666 2
7667 0
7668 5
7669 5
7670 5
7671 6
7672 5
7673 4
7674 5
7675 3
7676 1
7677 2
7678 1
7679 2
7680 3
7681 2
7682 3
7683 2
7684 2
7685 4
7686 3
7687 1
7688 2
7689 1
7690 0
7691 3
7692 3
7693 0
7694 3
7695 3
7696 2
7697 2
7698 2
7699 4
7700 2
7701 2
7702 2
7703 3
7704 2
7705 2
7706 3
7707 2
7708 4
7709 4
7710 2
7711 1
7712 3
7713 1
7714 1
7715 3
7716 0
7717 1
7718 1
7719 2
7720 4
7721 2
7722 4
7723 3
7724 3
7725 2
7726 3
7727 2
7728 2
7729 2
7730 3
7731 1
7732 3
7733 1
7734 1
7735 1
7736 2
7737 1
7738 3
7739 3
7740 0
7741 3
7742 4
7743 4
7744 4
7745 4
7746 3
7747 2
7748 0
7749 3
7750 2
7751 5
7752 2
7753 1
7754 2
7755 3
7756 2
7757 3
7758 3
7759 2
7760 2
7761 2
7762 2
7763 4
7764 2
7765 2
7766 0
7767 3
7768 3
7769 1
7770 2
7771 1
7772 2
7773 2
7774 2
7775 1
7776 3
7777 2
7778 5
7779 4
7780 1
7781 3
7782 2
7783 2
7784 3
7785 2
7786 2
7787 0
7788 2
7789 2
7790 4
7791 3
7792 1
7793 3
7794 4
7795 5
7796 4
7797 4
7798 2
7799 2
7800 3
7801 2
7802 1
7803 3
7804 0
7805 1
7806 2
7807 1
7808 3
7809 2
7810 2
7811 1
7812 0
7813 1
7814 1
7815 0
7816 1
7817 2
7818 1
7819 4
7820 4
7821 4
7822 4
7823 4
7824 3
7825 1
7826 1
7827 2
7828 2
7829 1
7830 1
7831 1
7832 2
7833 2
7834 2
7835 3
7836 3
7837 2
7838 2
7839 2
7840 3
7841 2
7842 2
7843 0
7844 2
7845 1
7846 2
7847 4
7848 3
7849 2
7850 2
7851 3
7852 4
7853 4
7854 3
7855 3
7856 4
7857 3
7858 4
7859 3
7860 4
7861 6
7862 4
7863 4
7864 4
7865 1
7866 3
7867 3
7868 3
7869 0
7870 3
7871 1
7872 3
7873 3
7874 3
7875 4
7876 3
7877 1
7878 1
7879 0
7880 4
7881 3
7882 3
7883 3
7884 4
7885 4
7886 2
7887 4
7888 3
7889 4
7890 3
7891 2
7892 1
7893 2
7894 3
7895 0
7896 2
7897 3
7898 1
7899 2
7900 2
7901 3
7902 3
7903 0
7904 0
7905 0
7906 1
7907 1
7908 0
7909 5
7910 3
7911 4
7912 3
7913 1
7914 3
7915 3
7916 2
7917 6
7918 4
7919 1
7920 1
7921 1
7922 0
7923 2
7924 4
7925 1
7926 0
7927 1
7928 1
7929 3
7930 1
7931 1
7932 3
7933 0
7934 2
7935 4
7936 1
7937 1
7938 0
7939 3
7940 2
7941 2
7942 4
7943 1
7944 1
7945 1
7946 1
7947 2
7948 4
7949 4
7950 3
7951 3
7952 3
7953 3
7954 1
7955 0
7956 0
7957 1
7958 3
7959 2
7960 4
7961 2
7962 1
7963 2
7964 2
7965 2
7966 1
7967 3
7968 1
7969 1
7970 2
7971 3
7972 4
7973 3
7974 2
7975 2
7976 2
7977 2
7978 1
7979 1
7980 2
7981 3
7982 2
7983 3
7984 2
7985 2
7986 0
7987 1
7988 0
7989 0
7990 1
7991 3
7992 4
7993 1
7994 2
7995 1
7996 2
7997 1
7998 2
7999 3
8000 2
8001 3
8002 2
8003 2
8004 1
8005 3
8006 2
8007 0
8008 2
8009 1
8010 3
8011 1
8012 2
8013 3
8014 1
8015 3
8016 2
8017 2
8018 3
8019 3
8020 4
8021 3
8022 2
8023 5
8024 7
8025 8
8026 6
8027 5
8028 6
8029 5
8030 3
8031 2
8032 5
8033 6
8034 5
8035 3
8036 2
8037 3
8038 2
8039 3
8040 4
8041 3
8042 3
8043 3
8044 4
8045 2
8046 4
8047 2
8048 2
8049 1
8050 4
8051 1
8052 1
8053 1
8054 2
8055 4
8056 1
8057 2
8058 2
8059 1
8060 3
8061 4
8062 5
8063 4
8064 2
8065 3
8066 0
8067 3
8068 2
8069 1
8070 1
8071 3
8072 2
8073 2
8074 3
8075 1
8076 0
8077 2
8078 2
8079 1
8080 1
8081 2
8082 3
8083 1
8084 3
8085 1
8086 1
8087 3
8088 0
8089 1
8090 4
8091 3
8092 3
8093 3
8094 1
8095 2
8096 2
8097 1
8098 3
8099 0
8100 3
8101 2
8102 0
8103 0
8104 0
8105 1
8106 2
8107 3
8108 3
8109 2
8110 1
8111 4
8112 1
8113 3
8114 1
8115 0
8116 3
8117 2
8118 0
8119 1
8120 3
8121 2
8122 5
8123 6
8124 5
8125 3
8126 3
8127 3
8128 2
8129 5
8130 4
8131 2
8132 2
8133 1
8134 1
8135 3
8136 3
8137 3
8138 2
8139 3
8140 2
8141 3
8142 2
8143 0
8144 1
8145 0
8146 1
8147 2
8148 5
8149 4
8150 2
8151 3
8152 2
8153 1
8154 3
8155 2
8156 5
8157 3
8158 1
8159 2
8160 3
8161 2
8162 3
8163 3
8164 0
8165 2
8166 1
8167 1
8168 2
8169 4
8170 3
8171 0
8172 1
8173 3
8174 2
8175 5
8176 2
8177 3
8178 3
8179 2
8180 1
8181 3
8182 2
8183 1
8184 2
8185 3
8186 2
8187 0
8188 2
8189 2
8190 1
8191 2
8192 2
8193 4
8194 4
8195 3
8196 4
8197 2
8198 1
8199 1
8200 2
8201 2
8202 2
8203 3
8204 1
8205 5
8206 4
8207 3
8208 0
8209 1
8210 1
8211 3
8212 3
8213 2
8214 3
8215 2
8216 3
8217 1
8218 3
8219 0
8220 1
8221 2
8222 0
8223 1
8224 1
8225 1
8226 2
8227 2
8228 3
8229 3
8230 2
8231 2
8232 1
8233 3
8234 0
8235 4
8236 4
8237 1
8238 2
8239 2
8240 3
8241 4
8242 3
8243 3
8244 1
8245 0
8246 2
8247 1
8248 2
8249 2
8250 3
8251 5
8252 4
8253 5
8254 4
8255 2
8256 1
8257 2
8258 1
8259 1
8260 2
8261 0
8262 1
8263 0
8264 3
8265 2
8266 2
8267 4
8268 2
8269 2
8270 2
8271 2
8272 4
8273 1
8274 0
8275 2
8276 3
8277 1
8278 0
8279 4
8280 2
8281 1
8282 4
8283 3
8284 3
8285 3
8286 2
8287 2
8288 2
8289 2
8290 1
8291 2
8292 2
8293 3
8294 3
8295 3
8296 2
8297 3
8298 1
8299 3
8300 4
8301 2
8302 1
8303 0
8304 2
8305 0
8306 0
8307 2
8308 3
8309 1
8310 1
8311 1
8312 2
8313 3
8314 3
8315 2
8316 0
8317 1
8318 3
8319 2
8320 2
8321 0
8322 1
8323 4
8324 4
8325 3
8326 3
8327 1
8328 0
8329 2
8330 2
8331 1
8332 2
8333 0
8334 1
8335 3
8336 2
8337 3
8338 2
8339 1
8340 4
8341 1
8342 1
8343 1
8344 1
8345 1
8346 3
8347 1
8348 0
8349 4
8350 1
8351 1
8352 1
8353 3
8354 1
8355 1
8356 2
8357 2
8358 2
8359 1
8360 2
8361 2
8362 1
8363 2
8364 2
8365 4
8366 2
8367 2
8368 4
8369 5
8370 6
8371 4
8372 2
8373 3
8374 3
8375 2
8376 3
8377 3
8378 4
8379 3
8380 3
8381 1
8382 2
8383 2
8384 2
8385 3
8386 2
8387 0
8388 0
8389 1
8390 2
8391 1
8392 2
8393 0
8394 2
8395 2
8396 1
8397 3
8398 2
8399 3
8400 3
8401 3
8402 0
8403 3
8404 2
8405 1
8406 2
8407 4
8408 1
8409 4
8410 3
8411 2
8412 2
8413 4
8414 3
8415 3
8416 3
8417 4
8418 3
8419 2
8420 3
8421 3
8422 3
8423 4
8424 1
8425 0
8426 2
8427 3
8428 3
8429 1
8430 4
8431 5
8432 4
8433 4
8434 4
8435 6
8436 5
8437 5
8438 2
8439 1
8440 1
8441 1
8442 3
8443 4
8444 3
8445 1
8446 3
8447 3
8448 1
8449 1
8450 3
8451 3
8452 1
8453 1
8454 1
8455 3
8456 2
8457 1
8458 4
8459 3
8460 1
8461 2
8462 3
8463 1
8464 3
8465 3
8466 2
8467 3
8468 0
8469 3
8470 1
8471 1
8472 1
8473 5
8474 3
8475 1
8476 4
8477 5
8478 6
8479 6
8480 4
8481 3
8482 2
8483 3
8484 2
8485 0
8486 2
8487 3
8488 3
8489 2
8490 1
8491 0
8492 3
8493 1
8494 5
8495 3
8496 1
8497 3
8498 3
8499 3
8500 1
8501 2
8502 2
8503 3
8504 4
8505 3
8506 0
8507 3
8508 2
8509 2
8510 4
8511 3
8512 1
8513 2
8514 1
8515 1
8516 2
8517 3
8518 2
8519 1
8520 2
8521 3
8522 0
8523 0
8524 3
8525 0
8526 2
8527 4
8528 3
8529 5
8530 4
8531 3
8532 2
8533 2
8534 1
8535 3
8536 1
8537 2
8538 2
8539 1
8540 1
8541 1
8542 2
8543 2
8544 2
8545 4
8546 3
8547 5
8548 3
8549 2
8550 0
8551 3
8552 2
8553 1
8554 2
8555 1
8556 1
8557 1
8558 1
8559 0
8560 1
8561 2
8562 1
8563 4
8564 4
8565 5
8566 4
8567 2
8568 4
8569 4
8570 3
8571 2
8572 1
8573 2
8574 1
8575 2
8576 1
8577 1
8578 3
8579 0
8580 4
8581 2
8582 1
8583 2
8584 1
8585 4
8586 3
8587 3
8588 2
8589 3
8590 2
8591 2
8592 1
8593 2
8594 3
8595 1
8596 0
8597 1
8598 2
8599 3
8600 4
8601 1
8602 1
8603 1
8604 2
8605 3
8606 2
8607 5
8608 6
8609 3
8610 3
8611 2
8612 3
8613 1
8614 4
8615 8
8616 7
8617 6
8618 5
8619 3
8620 2
8621 1
8622 2
8623 1
8624 4
8625 1
8626 2
8627 2
8628 3
8629 1
8630 2
8631 1
8632 3
8633 3
8634 2
8635 2
8636 3
8637 1
8638 2
8639 2
8640 4
8641 2
8642 0
8643 1
8644 1
8645 0
8646 3
8647 2
8648 3
8649 3
8650 3
8651 5
8652 3
8653 3
8654 3
8655 1
8656 2
8657 2
8658 1
8659 2
8660 5
8661 4
8662 2
8663 4
8664 4
8665 2
8666 0
8667 3
8668 1
8669 1
8670 1
8671 1
8672 2
8673 0
8674 4
8675 2
8676 2
8677 2
8678 2
8679 2
8680 1
8681 2
8682 2
8683 3
8684 4
8685 3
8686 0
8687 1
8688 0
8689 2
8690 4
8691 4
8692 2
8693 1
8694 2
8695 2
8696 4
8697 3
8698 1
8699 3
8700 4
8701 2
8702 1
8703 1
8704 1
8705 3
8706 4
8707 3
8708 1
8709 4
8710 4
8711 3
8712 1
8713 1
8714 4
8715 3
8716 4
8717 4
8718 4
8719 6
8720 5
8721 3
8722 4
8723 4
8724 4
8725 4
8726 1
8727 1
8728 3
8729 1
8730 1
8731 1
8732 3
8733 3
8734 1
8735 2
8736 2
8737 4
8738 2
8739 3
8740 2
8741 5
8742 7
8743 6
8744 7
8745 8
8746 7
8747 5
8748 3
8749 0
8750 2
8751 3
8752 3
8753 0
8754 1
8755 3
8756 2
8757 2
8758 2
8759 1
8760 3
8761 3
8762 5
8763 3
8764 4
8765 3
8766 0
8767 2
8768 3
8769 3
8770 4
8771 1
8772 0
8773 1
8774 1
8775 1
8776 2
8777 2
8778 3
8779 2
8780 1
8781 1
8782 1
8783 0
8784 0
8785 2
8786 6
8787 6
8788 5
8789 7
8790 7
8791 7
8792 7
8793 6
8794 6
8795 5
8796 7
8797 6
8798 4
8799 3
8800 1
8801 2
8802 2
8803 0
8804 0
8805 2
8806 4
8807 3
8808 1
8809 2
8810 3
8811 1
8812 2
8813 2
8814 1
8815 5
8816 3
8817 2
8818 2
8819 2
8820 0
8821 3
8822 2
8823 1
8824 4
8825 1
8826 2
8827 3
8828 1
8829 2
8830 0
8831 4
8832 3
8833 2
8834 3
8835 3
8836 2
8837 0
8838 3
8839 1
8840 1
8841 2
8842 1
8843 0
8844 1
8845 3
8846 0
8847 1
8848 2
8849 1
8850 2
8851 1
8852 2
8853 3
8854 1
8855 2
8856 1
8857 2
8858 3
8859 4
8860 3
8861 2
8862 1
8863 1
8864 2
8865 5
8866 2
8867 2
8868 2
8869 3
8870 3
8871 1
8872 1
8873 3
8874 1
8875 2
8876 2
8877 3
8878 4
8879 5
8880 4
8881 3
8882 1
8883 4
8884 3
8885 2
8886 3
8887 0
8888 0
8889 2
8890 0
8891 3
8892 2
8893 0
8894 4
8895 3
8896 0
8897 1
8898 2
8899 1
8900 1
8901 3
8902 3
8903 2
8904 0
8905 1
8906 1
8907 2
8908 2
8909 1
8910 1
8911 2
8912 2
8913 1
8914 0
8915 2
8916 4
8917 3
8918 2
8919 3
8920 2
8921 0
8922 1
8923 3
8924 2
8925 2
8926 2
8927 1
8928 3
8929 1
8930 3
8931 1
8932 1
8933 2
8934 4
8935 2
8936 2
8937 1
8938 1
8939 0
8940 2
8941 1
8942 2
8943 2
8944 3
8945 2
8946 4
8947 4
8948 5
8949 4
8950 4
8951 3
8952 1
8953 1
8954 1
8955 2
8956 1
8957 4
8958 1
8959 4
8960 1
8961 2
8962 1
8963 4
8964 2
8965 5
8966 3
8967 2
8968 1
8969 2
8970 0
8971 2
8972 1
8973 2
8974 2
8975 1
8976 0
8977 4
8978 2
8979 2
8980 1
8981 2
8982 2
8983 2
8984 1
8985 4
8986 5
8987 3
8988 2
8989 0
8990 2
8991 2
8992 2
8993 0
8994 4
8995 1
8996 1
8997 4
8998 4
8999 2
9000 2
9001 1
9002 2
9003 2
9004 4
9005 5
9006 5
9007 4
9008 5
9009 2
9010 1
9011 1
9012 1
9013 3
9014 2
9015 1
9016 4
9017 3
9018 1
9019 4
9020 1
9021 5
9022 3
9023 2
9024 1
9025 2
9026 1
9027 3
9028 3
9029 2
9030 2
9031 2
9032 2
9033 2
9034 2
9035 1
9036 1
9037 2
9038 1
9039 0
9040 2
9041 3
9042 2
9043 3
9044 2
9045 1
9046 4
9047 4
9048 2
9049 3
9050 2
9051 3
9052 0
9053 3
9054 1
9055 3
9056 2
9057 3
9058 1
9059 2
9060 3
9061 0
9062 1
9063 3
9064 2
9065 2
9066 2
9067 3
9068 3
9069 1
9070 2
9071 1
9072 2
9073 2
9074 4
9075 5
9076 3
9077 2
9078 0
9079 3
9080 3
9081 1
9082 2
9083 2
9084 3
9085 3
9086 2
9087 2
9088 4
9089 3
9090 2
9091 2
9092 2
9093 1
9094 4
9095 2
9096 3
9097 2
9098 3
9099 1
9100 1
9101 2
9102 2
9103 1
9104 3
9105 2
9106 1
9107 2
9108 2
9109 1
9110 2
9111 3
9112 0
9113 1
9114 1
9115 1
9116 3
9117 1
9118 3
9119 1
9120 0
9121 3
9122 2
9123 3
9124 3
9125 3
9126 1
9127 3
9128 3
9129 2
9130 1
9131 3
9132 1
9133 2
9134 1
9135 0
9136 1
9137 3
9138 3
9139 2
9140 1
9141 0
9142 2
9143 2
9144 3
9145 1
9146 2
9147 1
9148 2
9149 2
9150 4
9151 2
9152 2
9153 1
9154 3
9155 1
9156 2
9157 3
9158 4
9159 2
9160 2
9161 3
9162 4
9163 5
9164 4
9165 3
9166 2
9167 2
9168 3
9169 2
9170 1
9171 2
9172 3
9173 2
9174 1
9175 1
9176 3
9177 3
9178 3
9179 2
9180 1
9181 2
9182 2
9183 0
9184 2
9185 2
9186 3
9187 2
9188 5
9189 3
9190 0
9191 1
9192 5
9193 4
9194 4
9195 4
9196 3
9197 5
9198 5
9199 2
9200 2
9201 3
9202 2
9203 2
9204 5
9205 4
9206 6
9207 5
9208 3
9209 3
9210 1
9211 1
9212 2
9213 2
9214 0
9215 1
9216 2
9217 3
9218 2
9219 3
9220 4
9221 3
9222 1
9223 2
9224 1
9225 2
9226 1
9227 3
9228 1
9229 2
9230 3
9231 3
9232 5
9233 4
9234 2
9235 2
9236 2
9237 2
9238 3
9239 2
9240 4
9241 5
9242 3
9243 4
9244 2
9245 5
9246 3
9247 3
9248 2
9249 0
9250 0
9251 2
9252 3
9253 2
9254 2
9255 1
9256 3
9257 3
9258 2
9259 6
9260 5
9261 6
9262 6
9263 6
9264 4
9265 4
9266 4
9267 2
9268 1
9269 1
9270 5
9271 4
9272 4
9273 3
9274 2
9275 3
9276 3
9277 1
9278 3
9279 3
9280 1
9281 4
9282 4
9283 3
9284 2
9285 1
9286 5
9287 4
9288 3
9289 4
9290 4
9291 6
9292 7
9293 6
9294 5
9295 4
9296 2
9297 2
9298 0
9299 0
9300 1
9301 5
9302 3
9303 1
9304 1
9305 0
9306 1
9307 3
9308 1
9309 3
9310 1
9311 5
9312 4
9313 3
9314 2
9315 1
9316 2
9317 4
9318 5
9319 4
9320 4
9321 5
9322 5
9323 5
9324 4
9325 6
9326 9
9327 7
9328 7
9329 9
9330 8
9331 8
9332 8
9333 5
9334 5
9335 6
9336 5
9337 3
9338 2
9339 1
9340 2
9341 4
9342 1
9343 1
9344 3
9345 2
9346 1
9347 1
9348 1
9349 0
9350 2
9351 0
9352 0
9353 1
9354 2
9355 1
9356 1
9357 6
9358 4
9359 3
9360 2
9361 3
9362 2
9363 1
9364 1
9365 1
9366 2
9367 1
9368 2
9369 3
9370 2
9371 0
9372 1
9373 3
9374 1
9375 1
9376 2
9377 1
9378 2
9379 1
9380 1
9381 0
9382 4
9383 2
9384 1
9385 3
9386 1
9387 3
9388 2
9389 2
9390 3
9391 2
9392 3
9393 1
9394 3
9395 3
9396 0
9397 2
9398 3
9399 2
9400 2
9401 1
9402 3
9403 1
9404 3
9405 2
9406 1
9407 1
9408 1
9409 3
9410 3
9411 1
9412 2
9413 1
9414 0
9415 3
9416 1
9417 0
9418 3
9419 2
9420 4
9421 2
9422 1
9423 3
9424 3
9425 1
9426 1
9427 1
9428 0
9429 0
9430 3
9431 1
9432 1
9433 0
9434 0
9435 2
9436 4
9437 2
9438 1
9439 2
9440 0
9441 3
9442 0
9443 1
9444 2
9445 2
9446 5
9447 4
9448 2
9449 2
9450 1
9451 3
9452 1
9453 1
9454 0
9455 4
9456 2
9457 0
9458 1
9459 0
9460 3
9461 3
9462 3
9463 1
9464 0
9465 1
9466 4
9467 6
9468 5
9469 5
9470 4
9471 2
9472 1
9473 1
9474 1
9475 2
9476 4
9477 4
9478 3
9479 2
9480 3
9481 2
9482 1
9483 4
9484 4
9485 4
9486 2
9487 3
9488 0
9489 1
9490 1
9491 1
9492 3
9493 1
9494 1
9495 2
9496 2
9497 2
9498 1
9499 3
9500 2
9501 1
9502 2
9503 1
9504 0
9505 0
9506 3
9507 1
9508 3
9509 3
9510 1
9511 3
9512 1
9513 1
9514 3
9515 3
9516 2
9517 2
9518 2
9519 1
9520 2
9521 5
9522 4
9523 3
9524 2
9525 1
9526 1
9527 3
9528 3
9529 1
9530 1
9531 2
9532 1
9533 0
9534 1
9535 3
9536 0
9537 3
9538 2
9539 1
9540 2
9541 1
9542 1
9543 3
9544 3
9545 0
9546 3
9547 1
9548 1
9549 1
9550 0
9551 2
9552 2
9553 0
9554 4
9555 1
9556 4
9557 2
9558 3
9559 1
9560 2
9561 1
9562 2
9563 2
9564 2
9565 2
9566 0
9567 5
9568 4
9569 2
9570 0
9571 2
9572 1
9573 2
9574 0
9575 2
9576 2
9577 2
9578 1
9579 3
9580 2
9581 4
9582 5
9583 4
9584 1
9585 4
9586 2
9587 2
9588 2
9589 2
9590 0
9591 3
9592 1
9593 2
9594 2
9595 1
9596 1
9597 1
9598 2
9599 3
9600 2
9601 2
9602 0
9603 1
9604 2
9605 2
9606 1
9607 3
9608 0
9609 2
9610 0
9611 0
9612 2
9613 0
9614 0
9615 1
9616 0
9617 3
9618 2
9619 4
9620 2
9621 2
9622 2
9623 1
9624 3
9625 2
9626 2
9627 0
9628 0
9629 2
9630 3
9631 3
9632 0
9633 1
9634 3
9635 0
9636 2
9637 0
9638 4
9639 4
9640 4
9641 2
9642 2
9643 2
9644 1
9645 2
9646 1
9647 3
9648 2
9649 1
9650 1
9651 2
9652 2
9653 2
9654 1
9655 1
9656 2
9657 1
9658 2
9659 2
9660 2
9661 1
9662 0
9663 3
9664 1
9665 2
9666 3
9667 4
9668 4
9669 4
9670 5
9671 5
9672 2
9673 2
9674 4
9675 2
9676 2
9677 2
9678 5
9679 3
9680 4
9681 2
9682 0
9683 1
9684 2
9685 2
9686 3
9687 3
9688 2
9689 3
9690 2
9691 0
9692 1
9693 2
9694 1
9695 1
9696 1
9697 2
9698 1
9699 0
9700 2
9701 3
9702 4
9703 1
9704 4
9705 4
9706 3
9707 2
9708 2
9709 1
9710 1
9711 2
9712 1
9713 2
9714 2
9715 0
9716 3
9717 1
9718 4
9719 2
9720 1
9721 2
9722 1
9723 2
9724 5
9725 4
9726 4
9727 2
9728 2
9729 3
9730 3
9731 1
9732 3
9733 2
9734 1
9735 2
9736 3
9737 2
9738 3
9739 2
9740 3
9741 3
9742 1
9743 4
9744 5
9745 3
9746 2
9747 2
9748 2
9749 2
9750 2
9751 1
9752 3
9753 1
9754 1
9755 1
9756 4
9757 3
9758 2
9759 2
9760 2
9761 1
9762 2
9763 4
9764 5
9765 4
9766 3
9767 1
9768 4
9769 1
9770 0
9771 4
9772 1
9773 1
9774 1
9775 1
9776 3
9777 4
9778 4
9779 3
9780 1
9781 3
9782 2
9783 4
9784 3
9785 2
9786 4
9787 2
9788 1
9789 0
9790 2
9791 2
9792 1
9793 0
9794 1
9795 3
9796 3
9797 3
9798 2
9799 3
9800 2
9801 3
9802 1
9803 1
9804 2
9805 3
9806 2
9807 2
9808 0
9809 0
9810 2
9811 3
9812 2
9813 4
9814 4
9815 5
9816 3
9817 2
9818 2
9819 4
9820 2
9821 1
9822 2
9823 3
9824 1
9825 4
9826 4
9827 2
9828 3
9829 2
9830 0
9831 3
9832 3
9833 4
9834 3
9835 1
9836 2
9837 2
9838 2
9839 0
9840 2
9841 4
9842 2
9843 2
9844 2
9845 2
9846 1
9847 2
9848 0
9849 1
9850 0
9851 1
9852 3
9853 0
9854 2
9855 3
9856 2
9857 2
9858 2
9859 0
9860 3
9861 2
9862 0
9863 2
9864 1
9865 1
9866 0
9867 2
9868 1
9869 2
9870 3
9871 1
9872 1
9873 0
9874 3
9875 2
9876 1
9877 2
9878 1
9879 3
9880 3
9881 2
9882 1
9883 1
9884 2
9885 3
9886 5
9887 5
9888 3
9889 3
9890 3
9891 1
9892 1
9893 3
9894 1
9895 4
9896 4
9897 3
9898 3
9899 0
9900 4
9901 2
9902 4
9903 4
9904 2
9905 1
9906 3
9907 0
9908 3
9909 1
9910 5
9911 4
9912 2
9913 2
9914 2
9915 3
9916 2
9917 4
9918 4
9919 5
9920 5
9921 5
9922 2
9923 3
9924 3
9925 1
9926 0
9927 3
9928 3
9929 4
9930 2
9931 2
9932 5
9933 5
9934 5
9935 6
9936 7
9937 7
9938 8
9939 6
9940 6
9941 5
9942 5
9943 4
9944 5
9945 4
9946 2
9947 2
9948 1
9949 2
9950 3
9951 4
9952 5
9953 4
9954 2
9955 2
9956 2
9957 1
9958 2
9959 3
9960 2
9961 0
9962 3
9963 4
9964 3
9965 4
9966 2
9967 3
9968 1
9969 3
9970 2
9971 3
9972 1
9973 3
9974 4
9975 3
9976 3
9977 4
9978 3
9979 3
9980 2
9981 2
9982 2
9983 1
9984 2
9985 3
9986 4
9987 4
9988 2
9989 2
9990 3
9991 1
9992 0
9993 1
9994 2
9995 1
9996 0
9997 1
9998 1
9999 2
