0 3
1 3
2 3
3 3
4 3
5 4
6 5
7 4
8 3
9 1
10 2
11 6
12 8
13 8
14 7
15 6
16 6
17 6
18 4
19 2
20 4
21 2
22 0
23 5
24 4
25 3
26 2
27 2
28 3
29 2
30 3
31 3
32 3
33 6
34 7
35 6
36 8
37 7
38 8
39 6
40 7
41 7
42 5
43 6
44 4
45 3
46 2
47 2
48 1
49 4
50 3
51 2
52 2
53 2
54 3
55 4
56 6
57 7
58 7
59 8
60 6
61 4
62 4
63 5
64 4
65 4
66 3
67 4
68 3
69 4
70 2
71 2
72 3
73 4
74 5
75 8
76 10
77 9
78 8
79 12
80 12
81 11
82 12
83 11
84 11
85 10
86 11
87 11
88 11
89 11
90 11
91 13
92 14
93 16
94 13
95 13
96 13
97 13
98 12
99 13
100 13
101 14
102 14
103 13
104 14
105 14
106 12
107 11
108 9
109 10
110 11
111 9
112 9
113 14
114 15
115 12
116 12
117 11
118 10
119 10
120 9
121 9
122 8
123 7
124 7
125 6
126 8
127 5
128 5
129 5
130 6
131 6
132 6
133 4
134 3
135 2
136 2
137 4
138 6
139 8
140 5
141 4
142 5
143 2
144 4
145 4
146 4
147 5
148 5
149 5
150 8
151 8
152 12
153 12
154 12
155 13
156 14
157 14
158 14
159 13
160 12
161 11
162 11
163 12
164 13
165 12
166 13
167 13
168 13
169 14
170 13
171 13
172 12
173 11
174 13
175 11
176 15
177 12
178 10
179 10
180 10
181 12
182 12
183 11
184 12
185 10
186 9
187 8
188 8
189 12
190 12
191 14
192 13
193 13
194 13
195 15
196 12
197 14
198 14
199 13
200 15
201 12
202 10
203 12
204 15
205 12
206 15
207 12
208 14
209 14
210 15
211 12
212 14
213 17
214 14
215 13
216 13
217 11
218 12
219 12
220 11
221 13
222 14
223 11
224 11
225 11
226 10
227 10
228 12
229 9
230 8
231 6
232 6
233 6
234 5
235 4
236 1
237 4
238 5
239 5
240 7
241 6
242 5
243 6
244 6
245 6
246 6
247 5
248 7
249 6
250 5
251 4
252 4
253 5
254 9
255 12
256 10
257 8
258 6
259 5
260 4
261 4
262 6
263 6
264 6
265 5
266 4
267 3
268 3
269 1
270 4
271 2
272 3
273 2
274 4
275 4
276 7
277 5
278 9
279 10
280 12
281 14
282 16
283 13
284 12
285 11
286 13
287 13
288 11
289 10
290 10
291 9
292 10
293 11
294 12
295 11
296 13
297 13
298 12
299 10
300 9
301 6
302 5
303 5
304 6
305 5
306 4
307 5
308 3
309 2
310 2
311 5
312 5
313 8
314 6
315 6
316 7
317 8
318 6
319 6
320 5
321 3
322 1
323 4
324 5
325 5
326 6
327 6
328 4
329 3
330 4
331 3
332 2
333 4
334 6
335 4
336 5
337 4
338 6
339 4
340 3
341 3
342 2
343 1
344 3
345 1
346 3
347 5
348 4
349 5
350 6
351 6
352 7
353 7
354 4
355 2
356 2
357 6
358 5
359 6
360 4
361 5
362 9
363 10
364 10
365 11
366 14
367 14
368 14
369 13
370 13
371 11
372 11
373 12
374 15
375 12
376 10
377 11
378 13
379 16
380 13
381 13
382 14
383 12
384 10
385 12
386 11
387 12
388 12
389 14
390 15
391 12
392 13
393 13
394 14
395 15
396 12
397 10
398 9
399 7
400 5
401 4
402 4
403 6
404 5
405 5
406 7
407 5
408 4
409 3
410 3
411 1
412 4
413 4
414 5
415 8
416 6
417 8
418 10
419 11
420 9
421 10
422 9
423 9
424 7
425 5
426 5
427 5
428 4
429 4
430 8
431 8
432 8
433 8
434 7
435 7
436 9
437 8
438 6
439 5
440 5
441 4
442 4
443 4
444 6
445 4
446 4
447 1
448 3
449 2
450 3
451 1
452 3
453 3
454 2
455 2
456 3
457 4
458 7
459 6
460 6
461 4
462 5
463 4
464 1
465 3
466 0
467 4
468 5
469 4
470 3
471 3
472 2
473 2
474 3
475 2
476 3
477 2
478 6
479 8
480 9
481 9
482 9
483 10
484 11
485 10
486 12
487 14
488 14
489 13
490 13
491 12
492 15
493 12
494 12
495 13
496 12
497 13
498 13
499 13
500 12
501 15
502 12
503 10
504 8
505 10
506 11
507 9
508 7
509 9
510 9
511 10
512 10
513 12
514 10
515 10
516 10
517 11
518 12
519 12
520 12
521 12
522 11
523 12
524 10
525 8
526 8
527 8
528 7
529 6
530 6
531 6
532 6
533 6
534 7
535 5
536 6
537 4
538 2
539 3
540 0
541 2
542 4
543 2
544 3
545 6
546 6
547 4
548 2
549 4
550 6
551 4
552 7
553 7
554 8
555 6
556 4
557 3
558 2
559 2
560 2
561 4
562 3
563 2
564 3
565 4
566 2
567 2
568 3
569 2
570 2
571 1
572 2
573 3
574 5
575 4
576 5
577 7
578 7
579 8
580 8
581 10
582 9
583 9
584 9
585 8
586 6
587 4
588 3
589 5
590 5
591 5
592 5
593 6
594 7
595 7
596 7
597 8
598 7
599 7
600 6
601 8
602 11
603 10
604 8
605 11
606 11
607 13
608 13
609 12
610 11
611 9
612 10
613 12
614 11
615 12
616 12
617 12
618 11
619 12
620 12
621 12
622 11
623 11
624 11
625 11
626 9
627 9
628 10
629 12
630 11
631 13
632 14
633 14
634 17
635 14
636 15
637 12
638 12
639 11
640 9
641 9
642 10
643 11
644 11
645 10
646 12
647 15
648 12
649 11
650 12
651 12
652 12
653 11
654 12
655 12
656 12
657 14
658 15
659 12
660 10
661 10
662 10
663 8
664 7
665 7
666 5
667 5
668 8
669 9
670 8
671 8
672 7
673 9
674 8
675 9
676 8
677 10
678 9
679 9
680 11
681 12
682 13
683 12
684 14
685 14
686 13
687 14
688 13
689 13
690 13
691 16
692 13
693 15
694 12
695 12
696 11
697 13
698 13
699 14
700 14
701 16
702 13
703 13
704 12
705 12
706 13
707 12
708 15
709 12
710 12
711 13
712 12
713 12
714 12
715 13
716 14
717 13
718 15
719 12
720 11
721 15
722 12
723 11
724 11
725 10
726 11
727 11
728 13
729 13
730 13
731 15
732 12
733 13
734 14
735 15
736 12
737 13
738 14
739 14
740 15
741 12
742 13
743 14
744 15
745 12
746 10
747 8
748 8
749 8
750 7
751 7
752 5
753 9
754 10
755 8
756 8
757 8
758 8
759 9
760 10
761 10
762 7
763 9
764 8
765 7
766 8
767 10
768 9
769 10
770 10
771 7
772 6
773 9
774 9
775 9
776 11
777 11
778 10
779 14
780 16
781 13
782 12
783 12
784 12
785 13
786 11
787 13
788 11
789 9
790 9
791 10
792 9
793 7
794 5
795 7
796 7
797 7
798 8
799 7
800 7
801 7
802 6
803 4
804 4
805 3
806 5
807 5
808 5
809 6
810 4
811 3
812 4
813 3
814 5
815 6
816 6
817 5
818 7
819 9
820 8
821 8
822 6
823 4
824 5
825 7
826 7
827 9
828 8
829 7
830 6
831 7
832 9
833 8
834 9
835 9
836 9
837 10
838 11
839 14
840 14
841 14
842 16
843 13
844 14
845 16
846 13
847 13
848 16
849 13
850 12
851 11
852 10
853 13
854 13
855 13
856 14
857 14
858 14
859 13
860 12
861 13
862 14
863 15
864 12
865 10
866 10
867 9
868 10
869 9
870 9
871 9
872 10
873 9
874 9
875 10
876 10
877 9
878 8
879 10
880 7
881 8
882 10
883 11
884 10
885 12
886 11
887 10
888 8
889 8
890 6
891 8
892 8
893 9
894 7
895 6
896 7
897 6
898 7
899 8
900 6
901 6
902 6
903 6
904 6
905 5
906 8
907 8
908 6
909 6
910 6
911 5
912 4
913 5
914 5
915 6
916 6
917 8
918 5
919 7
920 8
921 7
922 7
923 7
924 8
925 7
926 7
927 4
928 4
929 3
930 0
931 5
932 4
933 3
934 4
935 4
936 5
937 5
938 7
939 6
940 7
941 7
942 7
943 10
944 10
945 11
946 11
947 11
948 12
949 11
950 9
951 8
952 7
953 8
954 7
955 6
956 5
957 6
958 7
959 9
960 10
961 11
962 10
963 9
964 10
965 12
966 13
967 13
968 13
969 12
970 13
971 12
972 10
973 10
974 11
975 12
976 9
977 10
978 9
979 7
980 7
981 6
982 5
983 3
984 3
985 2
986 3
987 4
988 7
989 6
990 7
991 7
992 7
993 9
994 7
995 11
996 11
997 11
998 9
999 11
1000 10
1001 12
1002 15
1003 12
1004 11
1005 9
1006 10
1007 8
1008 8
1009 8
1010 9
1011 8
1012 10
1013 8
1014 7
1015 8
1016 8
1017 7
1018 5
1019 3
1020 2
1021 1
1022 3
1023 3
1024 2
1025 1
1026 4
1027 7
1028 7
1029 8
1030 6
1031 5
1032 5
1033 5
1034 7
1035 9
1036 12
1037 13
1038 12
1039 13
1040 11
1041 15
1042 12
1043 10
1044 9
1045 9
1046 9
1047 9
1048 7
1049 9
1050 8
1051 8
1052 9
1053 11
1054 12
1055 11
1056 10
1057 14
1058 14
1059 13
1060 13
1061 12
1062 12
1063 13
1064 15
1065 12
1066 10
1067 12
1068 12
1069 12
1070 12
1071 13
1072 13
1073 13
1074 11
1075 13
1076 12
1077 14
1078 12
1079 12
1080 11
1081 13
1082 13
1083 12
1084 14
1085 14
1086 17
1087 14
1088 12
1089 13
1090 12
1091 12
1092 11
1093 11
1094 12
1095 10
1096 10
1097 10
1098 8
1099 6
1100 5
1101 4
1102 2
1103 2
1104 4
1105 4
1106 7
1107 6
1108 4
1109 2
1110 2
1111 2
1112 5
1113 2
1114 4
1115 3
1116 3
1117 2
1118 4
1119 5
1120 8
1121 6
1122 7
1123 8
1124 7
1125 6
1126 8
1127 9
1128 9
1129 8
1130 8
1131 8
1132 8
1133 9
1134 9
1135 7
1136 6
1137 5
1138 7
1139 8
1140 7
1141 8
1142 6
1143 3
1144 2
1145 4
1146 4
1147 4
1148 7
1149 5
1150 7
1151 4
1152 2
1153 4
1154 6
1155 5
1156 7
1157 7
1158 7
1159 6
1160 9
1161 9
1162 10
1163 11
1164 11
1165 11
1166 11
1167 11
1168 9
1169 9
1170 8
1171 7
1172 7
1173 6
1174 6
1175 9
1176 11
1177 12
1178 12
1179 11
1180 11
1181 10
1182 10
1183 10
1184 7
1185 6
1186 7
1187 9
1188 8
1189 6
1190 6
1191 6
1192 8
1193 9
1194 8
1195 9
1196 9
1197 7
1198 6
1199 6
1200 6
1201 7
1202 6
1203 6
1204 5
1205 2
1206 3
1207 6
1208 7
1209 5
1210 5
1211 4
1212 5
1213 5
1214 5
1215 3
1216 2
1217 2
1218 3
1219 3
1220 3
1221 1
1222 1
1223 3
1224 2
1225 5
1226 7
1227 8
1228 7
1229 7
1230 5
1231 3
1232 2
1233 4
1234 2
1235 2
1236 4
1237 8
1238 8
1239 7
1240 5
1241 5
1242 3
1243 1
1244 1
1245 5
1246 5
1247 5
1248 6
1249 7
1250 5
1251 7
1252 9
1253 8
1254 8
1255 8
1256 10
1257 9
1258 8
1259 8
1260 8
1261 7
1262 7
1263 6
1264 7
1265 8
1266 7
1267 6
1268 6
1269 7
1270 7
1271 5
1272 3
1273 3
1274 3
1275 3
1276 3
1277 3
1278 1
1279 4
1280 4
1281 2
1282 4
1283 5
1284 4
1285 5
1286 5
1287 5
1288 3
1289 3
1290 2
1291 2
1292 4
1293 2
1294 3
1295 4
1296 5
1297 3
1298 5
1299 5
1300 4
1301 5
1302 5
1303 5
1304 7
1305 7
1306 10
1307 15
1308 12
1309 12
1310 13
1311 13
1312 11
1313 10
1314 8
1315 9
1316 8
1317 6
1318 5
1319 4
1320 3
1321 4
1322 4
1323 3
1324 4
1325 4
1326 5
1327 3
1328 1
1329 3
1330 3
1331 5
1332 6
1333 5
1334 5
1335 6
1336 7
1337 11
1338 8
1339 7
1340 5
1341 8
1342 9
1343 8
1344 8
1345 8
1346 8
1347 9
1348 9
1349 9
1350 7
1351 6
1352 5
1353 3
1354 5
1355 5
1356 4
1357 6
1358 6
1359 5
1360 4
1361 7
1362 5
1363 4
1364 6
1365 7
1366 7
1367 5
1368 6
1369 7
1370 7
1371 7
1372 8
1373 8
1374 11
1375 12
1376 13
1377 13
1378 11
1379 10
1380 10
1381 12
1382 13
1383 12
1384 13
1385 11
1386 12
1387 10
1388 9
1389 7
1390 7
1391 7
1392 8
1393 5
1394 4
1395 4
1396 5
1397 8
1398 7
1399 8
1400 8
1401 6
1402 7
1403 8
1404 7
1405 7
1406 8
1407 7
1408 7
1409 10
1410 11
1411 11
1412 11
1413 13
1414 14
1415 15
1416 12
1417 10
1418 9
1419 9
1420 8
1421 10
1422 8
1423 9
1424 6
1425 6
1426 8
1427 8
1428 8
1429 8
1430 8
1431 9
1432 8
1433 7
1434 7
1435 7
1436 7
1437 9
1438 11
1439 13
1440 13
1441 13
1442 13
1443 11
1444 8
1445 9
1446 8
1447 8
1448 10
1449 11
1450 12
1451 13
1452 11
1453 11
1454 11
1455 11
1456 13
1457 13
1458 13
1459 12
1460 11
1461 13
1462 13
1463 13
1464 13
1465 12
1466 13
1467 15
1468 12
1469 12
1470 10
1471 9
1472 10
1473 8
1474 9
1475 11
1476 9
1477 9
1478 7
1479 5
1480 5
1481 4
1482 5
1483 3
1484 3
1485 6
1486 5
1487 6
1488 5
1489 5
1490 4
1491 5
1492 4
1493 4
1494 3
1495 3
1496 1
1497 3
1498 2
1499 1
1500 5
1501 6
1502 3
1503 2
1504 3
1505 3
1506 5
1507 4
1508 4
1509 4
1510 4
1511 1
1512 1
1513 3
1514 4
1515 3
1516 1
1517 2
1518 2
1519 6
1520 8
1521 8
1522 9
1523 11
1524 10
1525 9
1526 11
1527 13
1528 13
1529 13
1530 13
1531 13
1532 13
1533 14
1534 16
1535 13
1536 14
1537 12
1538 13
1539 12
1540 10
1541 10
1542 9
1543 8
1544 6
1545 6
1546 4
1547 4
1548 4
1549 4
1550 2
1551 7
1552 9
1553 9
1554 10
1555 8
1556 7
1557 5
1558 6
1559 5
1560 3
1561 2
1562 5
1563 6
1564 7
1565 9
1566 12
1567 12
1568 13
1569 12
1570 11
1571 11
1572 12
1573 10
1574 8
1575 7
1576 8
1577 8
1578 7
1579 5
1580 5
1581 5
1582 3
1583 4
1584 4
1585 4
1586 6
1587 9
1588 8
1589 7
1590 6
1591 9
1592 6
1593 5
1594 5
1595 8
1596 7
1597 8
1598 9
1599 9
1600 10
1601 10
1602 9
1603 8
1604 10
1605 11
1606 9
1607 9
1608 9
1609 8
1610 8
1611 8
1612 8
1613 9
1614 10
1615 12
1616 11
1617 9
1618 8
1619 7
1620 4
1621 2
1622 1
1623 3
1624 3
1625 5
1626 6
1627 7
1628 8
1629 7
1630 8
1631 10
1632 8
1633 6
1634 6
1635 7
1636 7
1637 8
1638 10
1639 10
1640 11
1641 9
1642 9
1643 10
1644 9
1645 9
1646 8
1647 6
1648 5
1649 3
1650 5
1651 5
1652 4
1653 4
1654 7
1655 7
1656 8
1657 9
1658 11
1659 11
1660 10
1661 11
1662 11
1663 11
1664 13
1665 14
1666 14
1667 12
1668 12
1669 14
1670 12
1671 12
1672 13
1673 11
1674 13
1675 11
1676 11
1677 9
1678 10
1679 10
1680 8
1681 9
1682 8
1683 7
1684 7
1685 7
1686 9
1687 9
1688 9
1689 7
1690 5
1691 5
1692 5
1693 7
1694 7
1695 5
1696 5
1697 7
1698 8
1699 10
1700 7
1701 6
1702 4
1703 4
1704 5
1705 4
1706 5
1707 2
1708 3
1709 2
1710 3
1711 5
1712 6
1713 5
1714 5
1715 7
1716 5
1717 4
1718 5
1719 7
1720 6
1721 8
1722 7
1723 9
1724 10
1725 9
1726 9
1727 9
1728 7
1729 6
1730 6
1731 6
1732 4
1733 5
1734 4
1735 6
1736 6
1737 9
1738 7
1739 6
1740 7
1741 7
1742 6
1743 5
1744 3
1745 3
1746 3
1747 6
1748 8
1749 8
1750 8
1751 7
1752 7
1753 8
1754 7
1755 7
1756 8
1757 8
1758 8
1759 9
1760 10
1761 10
1762 8
1763 8
1764 7
1765 6
1766 9
1767 8
1768 7
1769 9
1770 7
1771 6
1772 4
1773 5
1774 5
1775 4
1776 7
1777 6
1778 4
1779 4
1780 4
1781 4
1782 3
1783 1
1784 5
1785 3
1786 1
1787 4
1788 5
1789 7
1790 8
1791 7
1792 4
1793 2
1794 4
1795 5
1796 3
1797 3
1798 3
1799 4
1800 5
1801 4
1802 5
1803 4
1804 4
1805 4
1806 4
1807 2
1808 2
1809 0
1810 1
1811 2
1812 4
1813 5
1814 5
1815 6
1816 9
1817 8
1818 12
1819 12
1820 12
1821 10
1822 11
1823 10
1824 9
1825 9
1826 9
1827 9
1828 11
1829 9
1830 11
1831 10
1832 11
1833 10
1834 9
1835 9
1836 8
1837 9
1838 8
1839 9
1840 9
1841 7
1842 7
1843 7
1844 6
1845 5
1846 5
1847 7
1848 6
1849 4
1850 3
1851 5
1852 4
1853 4
1854 2
1855 5
1856 6
1857 5
1858 3
1859 1
1860 5
1861 4
1862 2
1863 2
1864 3
1865 3
1866 3
1867 5
1868 4
1869 2
1870 3
1871 4
1872 7
1873 9
1874 10
1875 9
1876 8
1877 8
1878 14
1879 13
1880 12
1881 14
1882 16
1883 13
1884 13
1885 14
1886 16
1887 13
1888 13
1889 11
1890 11
1891 11
1892 10
1893 9
1894 10
1895 10
1896 9
1897 9
1898 13
1899 13
1900 15
1901 12
1902 9
1903 9
1904 10
1905 10
1906 9
1907 7
1908 9
1909 9
1910 9
1911 9
1912 8
1913 7
1914 7
1915 8
1916 10
1917 8
1918 7
1919 6
1920 6
1921 6
1922 6
1923 5
1924 7
1925 6
1926 7
1927 6
1928 6
1929 7
1930 6
1931 7
1932 7
1933 7
1934 5
1935 4
1936 4
1937 5
1938 5
1939 5
1940 7
1941 8
1942 8
1943 9
1944 8
1945 6
1946 10
1947 9
1948 6
1949 5
1950 5
1951 7
1952 6
1953 5
1954 4
1955 3
1956 3
1957 1
1958 7
1959 7
1960 6
1961 6
1962 5
1963 6
1964 6
1965 4
1966 3
1967 3
1968 4
1969 3
1970 1
1971 3
1972 2
1973 2
1974 2
1975 2
1976 3
1977 3
1978 2
1979 5
1980 6
1981 6
1982 4
1983 5
1984 3
1985 3
1986 1
1987 2
1988 2
1989 3
1990 3
1991 4
1992 4
1993 5
1994 2
1995 3
1996 3
1997 3
1998 2
1999 3
2000 3
2001 1
2002 4
2003 6
2004 4
2005 4
2006 4
2007 2
2008 1
2009 3
2010 2
2011 5
2012 4
2013 4
2014 3
2015 3
2016 1
2017 2
2018 0
2019 5
2020 6
2021 7
2022 7
2023 7
2024 8
2025 8
2026 9
2027 8
2028 9
2029 6
2030 5
2031 6
2032 4
2033 5
2034 3
2035 5
2036 5
2037 7
2038 6
2039 6
2040 6
2041 6
2042 7
2043 9
2044 9
2045 6
2046 6
2047 3
2048 1
2049 0
2050 3
2051 1
2052 4
2053 4
2054 3
2055 6
2056 8
2057 10
2058 12
2059 12
2060 13
2061 12
2062 11
2063 15
2064 12
2065 13
2066 15
2067 12
2068 12
2069 15
2070 12
2071 12
2072 12
2073 11
2074 9
2075 9
2076 9
2077 8
2078 8
2079 10
2080 12
2081 13
2082 14
2083 16
2084 13
2085 13
2086 15
2087 12
2088 13
2089 14
2090 13
2091 13
2092 13
2093 13
2094 12
2095 11
2096 12
2097 14
2098 13
2099 14
2100 14
2101 14
2102 15
2103 12
2104 12
2105 13
2106 12
2107 15
2108 12
2109 13
2110 10
2111 11
2112 9
2113 7
2114 6
2115 6
2116 5
2117 5
2118 2
2119 3
2120 3
2121 5
2122 6
2123 5
2124 5
2125 6
2126 5
2127 4
2128 3
2129 2
2130 3
2131 3
2132 3
2133 5
2134 3
2135 4
2136 3
2137 4
2138 6
2139 3
2140 5
2141 5
2142 4
2143 2
2144 3
2145 3
2146 3
2147 3
2148 3
2149 3
2150 2
2151 4
2152 3
2153 5
2154 4
2155 4
2156 7
2157 10
2158 9
2159 11
2160 9
2161 10
2162 12
2163 12
2164 12
2165 12
2166 13
2167 13
2168 12
2169 11
2170 11
2171 13
2172 11
2173 9
2174 10
2175 9
2176 7
2177 5
2178 4
2179 4
2180 2
2181 4
2182 3
2183 1
2184 5
2185 3
2186 2
2187 5
2188 6
2189 4
2190 6
2191 4
2192 5
2193 3
2194 0
2195 3
2196 1
2197 1
2198 3
2199 1
2200 5
2201 6
2202 5
2203 4
2204 5
2205 4
2206 5
2207 5
2208 4
2209 3
2210 3
2211 3
2212 5
2213 5
2214 5
2215 7
2216 6
2217 3
2218 4
2219 3
2220 2
2221 4
2222 5
2223 4
2224 3
2225 0
2226 4
2227 5
2228 5
2229 6
2230 5
2231 2
2232 3
2233 3
2234 2
2235 5
2236 4
2237 1
2238 4
2239 2
2240 3
2241 1
2242 3
2243 5
2244 8
2245 9
2246 9
2247 9
2248 8
2249 8
2250 7
2251 9
2252 8
2253 9
2254 9
2255 9
2256 10
2257 10
2258 10
2259 12
2260 11
2261 9
2262 8
2263 8
2264 7
2265 5
2266 5
2267 6
2268 6
2269 9
2270 7
2271 9
2272 10
2273 8
2274 6
2275 5
2276 4
2277 2
2278 2
2279 6
2280 5
2281 4
2282 2
2283 5
2284 6
2285 5
2286 4
2287 4
2288 5
2289 5
2290 5
2291 7
2292 9
2293 10
2294 12
2295 13
2296 15
2297 12
2298 13
2299 13
2300 14
2301 15
2302 12
2303 12
2304 11
2305 10
2306 9
2307 9
2308 10
2309 8
2310 10
2311 8
2312 7
2313 8
2314 10
2315 10
2316 10
2317 12
2318 10
2319 12
2320 14
2321 13
2322 13
2323 12
2324 13
2325 15
2326 12
2327 15
2328 12
2329 10
2330 10
2331 11
2332 9
2333 11
2334 10
2335 9
2336 10
2337 11
2338 9
2339 7
2340 6
2341 7
2342 8
2343 7
2344 7
2345 8
2346 6
2347 8
2348 6
2349 7
2350 5
2351 5
2352 5
2353 6
2354 3
2355 1
2356 2
2357 2
2358 2
2359 3
2360 4
2361 3
2362 1
2363 3
2364 2
2365 3
2366 5
2367 8
2368 8
2369 9
2370 8
2371 6
2372 6
2373 4
2374 6
2375 7
2376 7
2377 7
2378 7
2379 7
2380 5
2381 6
2382 6
2383 4
2384 3
2385 5
2386 4
2387 2
2388 3
2389 2
2390 1
2391 4
2392 2
2393 3
2394 3
2395 3
2396 1
2397 2
2398 5
2399 5
2400 4
2401 4
2402 4
2403 6
2404 5
2405 7
2406 7
2407 5
2408 4
2409 5
2410 5
2411 6
2412 7
2413 6
2414 6
2415 6
2416 9
2417 8
2418 7
2419 7
2420 6
2421 5
2422 3
2423 1
2424 2
2425 2
2426 2
2427 2
2428 1
2429 2
2430 2
2431 2
2432 0
2433 2
2434 2
2435 1
2436 4
2437 4
2438 4
2439 5
2440 4
2441 4
2442 3
2443 0
2444 4
2445 4
2446 5
2447 4
2448 2
2449 3
2450 2
2451 3
2452 3
2453 7
2454 6
2455 9
2456 8
2457 6
2458 6
2459 8
2460 6
2461 7
2462 7
2463 5
2464 6
2465 6
2466 6
2467 6
2468 7
2469 8
2470 7
2471 7
2472 6
2473 4
2474 2
2475 3
2476 5
2477 4
2478 4
2479 3
2480 4
2481 5
2482 7
2483 7
2484 7
2485 7
2486 5
2487 9
2488 11
2489 13
2490 12
2491 10
2492 10
2493 8
2494 8
2495 9
2496 10
2497 9
2498 9
2499 11
2500 12
2501 13
2502 13
2503 14
2504 15
2505 12
2506 13
2507 12
2508 16
2509 13
2510 11
2511 15
2512 12
2513 10
2514 10
2515 11
2516 12
2517 10
2518 9
2519 8
2520 10
2521 9
2522 9
2523 7
2524 6
2525 7
2526 8
2527 9
2528 10
2529 7
2530 7
2531 5
2532 6
2533 8
2534 8
2535 10
2536 10
2537 10
2538 10
2539 14
2540 13
2541 14
2542 16
2543 13
2544 12
2545 11
2546 12
2547 13
2548 13
2549 17
2550 14
2551 12
2552 11
2553 12
2554 13
2555 12
2556 10
2557 8
2558 8
2559 7
2560 5
2561 4
2562 6
2563 6
2564 8
2565 11
2566 12
2567 11
2568 10
2569 11
2570 13
2571 14
2572 14
2573 15
2574 12
2575 12
2576 11
2577 11
2578 11
2579 11
2580 10
2581 11
2582 12
2583 12
2584 11
2585 12
2586 13
2587 12
2588 10
2589 9
2590 8
2591 10
2592 9
2593 10
2594 9
2595 10
2596 11
2597 10
2598 9
2599 9
2600 7
2601 8
2602 7
2603 9
2604 11
2605 9
2606 13
2607 12
2608 13
2609 13
2610 12
2611 15
2612 12
2613 13
2614 15
2615 12
2616 12
2617 14
2618 14
2619 11
2620 10
2621 11
2622 9
2623 9
2624 12
2625 12
2626 11
2627 9
2628 8
2629 6
2630 5
2631 8
2632 7
2633 7
2634 7
2635 8
2636 7
2637 7
2638 7
2639 7
2640 8
2641 8
2642 8
2643 8
2644 8
2645 6
2646 7
2647 7
2648 6
2649 5
2650 4
2651 3
2652 3
2653 1
2654 3
2655 1
2656 6
2657 5
2658 5
2659 2
2660 5
2661 5
2662 7
2663 7
2664 6
2665 6
2666 5
2667 7
2668 8
2669 7
2670 8
2671 9
2672 10
2673 9
2674 9
2675 11
2676 9
2677 9
2678 8
2679 6
2680 8
2681 7
2682 8
2683 9
2684 11
2685 13
2686 11
2687 12
2688 12
2689 13
2690 14
2691 16
2692 13
2693 13
2694 15
2695 12
2696 12
2697 10
2698 10
2699 11
2700 9
2701 10
2702 7
2703 5
2704 6
2705 7
2706 5
2707 3
2708 3
2709 2
2710 0
2711 3
2712 2
2713 4
2714 5
2715 5
2716 6
2717 6
2718 7
2719 7
2720 6
2721 5
2722 5
2723 7
2724 6
2725 7
2726 6
2727 3
2728 3
2729 4
2730 2
2731 4
2732 3
2733 5
2734 6
2735 5
2736 5
2737 3
2738 2
2739 3
2740 3
2741 6
2742 5
2743 7
2744 8
2745 7
2746 10
2747 9
2748 9
2749 11
2750 12
2751 12
2752 10
2753 9
2754 9
2755 8
2756 8
2757 10
2758 10
2759 11
2760 9
2761 9
2762 8
2763 8
2764 9
2765 11
2766 11
2767 8
2768 8
2769 10
2770 8
2771 6
2772 6
2773 7
2774 5
2775 4
2776 3
2777 1
2778 4
2779 6
2780 8
2781 7
2782 7
2783 7
2784 9
2785 10
2786 8
2787 9
2788 8
2789 7
2790 5
2791 7
2792 11
2793 10
2794 9
2795 8
2796 7
2797 5
2798 6
2799 5
2800 6
2801 6
2802 6
2803 8
2804 6
2805 7
2806 10
2807 10
2808 9
2809 9
2810 11
2811 9
2812 6
2813 5
2814 7
2815 7
2816 10
2817 12
2818 11
2819 9
2820 8
2821 9
2822 9
2823 8
2824 8
2825 8
2826 6
2827 5
2828 7
2829 5
2830 3
2831 2
2832 4
2833 5
2834 4
2835 4
2836 4
2837 6
2838 6
2839 9
2840 7
2841 8
2842 7
2843 8
2844 7
2845 7
2846 5
2847 4
2848 5
2849 5
2850 5
2851 4
2852 2
2853 7
2854 7
2855 5
2856 5
2857 4
2858 5
2859 3
2860 2
2861 2
2862 3
2863 2
2864 4
2865 4
2866 6
2867 6
2868 5
2869 5
2870 7
2871 5
2872 4
2873 4
2874 2
2875 3
2876 2
2877 0
2878 4
2879 5
2880 6
2881 3
2882 2
2883 3
2884 3
2885 2
2886 2
2887 6
2888 8
2889 7
2890 6
2891 4
2892 5
2893 6
2894 4
2895 7
2896 6
2897 4
2898 6
2899 5
2900 4
2901 6
2902 8
2903 8
2904 7
2905 8
2906 8
2907 7
2908 8
2909 8
2910 7
2911 5
2912 5
2913 5
2914 3
2915 4
2916 4
2917 4
2918 4
2919 4
2920 7
2921 5
2922 6
2923 7
2924 5
2925 5
2926 7
2927 6
2928 5
2929 7
2930 7
2931 6
2932 5
2933 5
2934 7
2935 5
2936 6
2937 7
2938 9
2939 7
2940 4
2941 8
2942 8
2943 9
2944 8
2945 9
2946 9
2947 10
2948 9
2949 11
2950 9
2951 8
2952 10
2953 7
2954 6
2955 4
2956 5
2957 3
2958 3
2959 2
2960 3
2961 5
2962 4
2963 7
2964 7
2965 8
2966 8
2967 9
2968 10
2969 10
2970 9
2971 11
2972 11
2973 12
2974 12
2975 14
2976 14
2977 13
2978 12
2979 13
2980 13
2981 13
2982 14
2983 15
2984 12
2985 14
2986 16
2987 13
2988 16
2989 13
2990 14
2991 13
2992 14
2993 11
2994 11
2995 9
2996 11
2997 10
2998 7
2999 4
3000 6
3001 7
3002 6
3003 6
3004 5
3005 5
3006 4
3007 4
3008 5
3009 3
3010 3
3011 4
3012 3
3013 5
3014 4
3015 3
3016 3
3017 5
3018 7
3019 5
3020 5
3021 5
3022 4
3023 6
3024 6
3025 7
3026 5
3027 3
3028 1
3029 3
3030 3
3031 3
3032 0
3033 4
3034 3
3035 5
3036 4
3037 4
3038 2
3039 5
3040 5
3041 4
3042 6
3043 4
3044 4
3045 2
3046 4
3047 5
3048 4
3049 8
3050 7
3051 8
3052 7
3053 8
3054 6
3055 4
3056 2
3057 2
3058 3
3059 3
3060 4
3061 2
3062 4
3063 2
3064 3
3065 4
3066 5
3067 6
3068 4
3069 4
3070 2
3071 6
3072 7
3073 9
3074 7
3075 7
3076 7
3077 10
3078 13
3079 11
3080 10
3081 10
3082 9
3083 9
3084 11
3085 12
3086 12
3087 12
3088 12
3089 12
3090 12
3091 10
3092 9
3093 9
3094 9
3095 10
3096 9
3097 10
3098 9
3099 11
3100 11
3101 11
3102 12
3103 11
3104 13
3105 12
3106 10
3107 10
3108 11
3109 9
3110 10
3111 10
3112 13
3113 12
3114 12
3115 12
3116 10
3117 10
3118 9
3119 10
3120 10
3121 7
3122 9
3123 8
3124 6
3125 5
3126 4
3127 3
3128 2
3129 5
3130 5
3131 8
3132 8
3133 5
3134 5
3135 4
3136 5
3137 4
3138 4
3139 3
3140 2
3141 3
3142 3
3143 0
3144 7
3145 5
3146 6
3147 5
3148 3
3149 4
3150 1
3151 5
3152 6
3153 3
3154 5
3155 6
3156 4
3157 5
3158 4
3159 2
3160 0
3161 4
3162 4
3163 5
3164 5
3165 4
3166 5
3167 4
3168 4
3169 2
3170 2
3171 3
3172 2
3173 1
3174 4
3175 4
3176 3
3177 2
3178 5
3179 5
3180 5
3181 4
3182 3
3183 4
3184 4
3185 4
3186 3
3187 1
3188 4
3189 3
3190 4
3191 7
3192 6
3193 5
3194 7
3195 9
3196 11
3197 11
3198 8
3199 9
3200 11
3201 12
3202 11
3203 11
3204 10
3205 11
3206 10
3207 10
3208 10
3209 11
3210 11
3211 11
3212 12
3213 10
3214 9
3215 7
3216 9
3217 8
3218 6
3219 7
3220 6
3221 6
3222 5
3223 8
3224 8
3225 8
3226 7
3227 7
3228 9
3229 7
3230 7
3231 9
3232 7
3233 6
3234 6
3235 10
3236 10
3237 9
3238 11
3239 9
3240 10
3241 8
3242 6
3243 6
3244 5
3245 5
3246 7
3247 7
3248 7
3249 5
3250 5
3251 4
3252 4
3253 7
3254 5
3255 6
3256 6
3257 8
3258 8
3259 9
3260 9
3261 7
3262 7
3263 6
3264 5
3265 3
3266 2
3267 4
3268 3
3269 2
3270 3
3271 3
3272 5
3273 3
3274 3
3275 1
3276 4
3277 5
3278 5
3279 5
3280 6
3281 7
3282 6
3283 5
3284 4
3285 5
3286 4
3287 6
3288 6
3289 5
3290 6
3291 4
3292 4
3293 2
3294 1
3295 5
3296 4
3297 4
3298 6
3299 4
3300 4
3301 3
3302 1
3303 1
3304 3
3305 2
3306 2
3307 2
3308 3
3309 4
3310 4
3311 4
3312 3
3313 4
3314 4
3315 3
3316 4
3317 5
3318 5
3319 2
3320 2
3321 5
3322 8
3323 10
3324 10
3325 13
3326 14
3327 14
3328 15
3329 12
3330 13
3331 13
3332 13
3333 11
3334 9
3335 8
3336 7
3337 9
3338 11
3339 13
3340 11
3341 12
3342 12
3343 11
3344 11
3345 11
3346 9
3347 10
3348 11
3349 9
3350 9
3351 8
3352 8
3353 6
3354 6
3355 5
3356 4
3357 3
3358 3
3359 3
3360 3
3361 1
3362 1
3363 3
3364 2
3365 4
3366 2
3367 3
3368 4
3369 3
3370 2
3371 2
3372 1
3373 4
3374 3
3375 5
3376 7
3377 8
3378 9
3379 8
3380 5
3381 8
3382 9
3383 10
3384 9
3385 9
3386 10
3387 11
3388 10
3389 9
3390 9
3391 8
3392 7
3393 7
3394 5
3395 7
3396 5
3397 5
3398 5
3399 6
3400 5
3401 6
3402 8
3403 8
3404 7
3405 5
3406 4
3407 5
3408 6
3409 6
3410 7
3411 9
3412 9
3413 12
3414 13
3415 15
3416 12
3417 11
3418 9
3419 9
3420 8
3421 11
3422 11
3423 13
3424 12
3425 11
3426 12
3427 13
3428 12
3429 11
3430 11
3431 12
3432 11
3433 13
3434 14
3435 15
3436 12
3437 11
3438 12
3439 12
3440 12
3441 12
3442 13
3443 10
3444 9
3445 10
3446 10
3447 10
3448 12
3449 12
3450 12
3451 12
3452 12
3453 10
3454 10
3455 9
3456 9
3457 9
3458 8
3459 6
3460 5
3461 6
3462 9
3463 10
3464 9
3465 9
3466 10
3467 9
3468 11
3469 9
3470 8
3471 8
3472 7
3473 9
3474 9
3475 8
3476 10
3477 10
3478 11
3479 13
3480 13
3481 13
3482 14
3483 14
3484 12
3485 10
3486 11
3487 11
3488 11
3489 12
3490 12
3491 13
3492 13
3493 10
3494 10
3495 9
3496 6
3497 4
3498 1
3499 3
3500 4
3501 6
3502 6
3503 6
3504 7
3505 6
3506 9
3507 10
3508 10
3509 12
3510 15
3511 12
3512 10
3513 12
3514 11
3515 10
3516 7
3517 8
3518 10
3519 9
3520 10
3521 10
3522 10
3523 9
3524 8
3525 7
3526 6
3527 7
3528 9
3529 9
3530 8
3531 8
3532 6
3533 5
3534 2
3535 2
3536 2
3537 3
3538 5
3539 3
3540 0
3541 1
3542 2
3543 5
3544 5
3545 7
3546 7
3547 4
3548 3
3549 1
3550 3
3551 2
3552 0
3553 3
3554 1
3555 6
3556 7
3557 6
3558 6
3559 4
3560 7
3561 7
3562 4
3563 5
3564 7
3565 7
3566 9
3567 9
3568 9
3569 8
3570 8
3571 6
3572 4
3573 5
3574 8
3575 9
3576 8
3577 8
3578 7
3579 7
3580 7
3581 6
3582 6
3583 6
3584 8
3585 7
3586 10
3587 8
3588 10
3589 10
3590 11
3591 10
3592 9
3593 7
3594 9
3595 9
3596 11
3597 8
3598 7
3599 7
3600 8
3601 9
3602 6
3603 5
3604 5
3605 7
3606 6
3607 5
3608 3
3609 3
3610 1
3611 4
3612 4
3613 3
3614 3
3615 2
3616 5
3617 3
3618 4
3619 5
3620 3
3621 4
3622 7
3623 9
3624 9
3625 12
3626 11
3627 10
3628 13
3629 15
3630 12
3631 10
3632 11
3633 12
3634 13
3635 12
3636 11
3637 9
3638 10
3639 10
3640 10
3641 10
3642 10
3643 8
3644 10
3645 12
3646 13
3647 12
3648 14
3649 17
3650 14
3651 13
3652 15
3653 12
3654 12
3655 15
3656 12
3657 12
3658 13
3659 14
3660 15
3661 12
3662 15
3663 12
3664 14
3665 15
3666 12
3667 13
3668 13
3669 13
3670 13
3671 12
3672 12
3673 11
3674 10
3675 10
3676 10
3677 10
3678 9
3679 9
3680 9
3681 9
3682 7
3683 6
3684 5
3685 6
3686 9
3687 8
3688 7
3689 8
3690 9
3691 10
3692 9
3693 8
3694 8
3695 7
3696 7
3697 8
3698 8
3699 7
3700 10
3701 12
3702 12
3703 13
3704 13
3705 14
3706 11
3707 10
3708 11
3709 12
3710 11
3711 11
3712 11
3713 9
3714 7
3715 6
3716 8
3717 9
3718 10
3719 8
3720 8
3721 7
3722 10
3723 10
3724 8
3725 9
3726 8
3727 9
3728 7
3729 5
3730 5
3731 5
3732 4
3733 6
3734 7
3735 5
3736 5
3737 3
3738 5
3739 6
3740 7
3741 8
3742 8
3743 5
3744 6
3745 5
3746 7
3747 8
3748 8
3749 9
3750 9
3751 11
3752 10
3753 10
3754 10
3755 9
3756 10
3757 9
3758 8
3759 9
3760 8
3761 8
3762 8
3763 9
3764 9
3765 8
3766 8
3767 6
3768 7
3769 8
3770 10
3771 10
3772 11
3773 10
3774 9
3775 7
3776 9
3777 6
3778 5
3779 3
3780 2
3781 3
3782 2
3783 2
3784 2
3785 3
3786 4
3787 3
3788 6
3789 7
3790 7
3791 8
3792 6
3793 6
3794 4
3795 3
3796 4
3797 5
3798 6
3799 4
3800 7
3801 6
3802 4
3803 2
3804 4
3805 3
3806 3
3807 3
3808 3
3809 3
3810 3
3811 3
3812 3
3813 2
3814 3
3815 1
3816 6
3817 5
3818 2
3819 2
3820 2
3821 5
3822 7
3823 6
3824 6
3825 5
3826 3
3827 4
3828 5
3829 7
3830 9
3831 9
3832 12
3833 13
3834 11
3835 9
3836 8
3837 7
3838 7
3839 5
3840 4
3841 4
3842 2
3843 2
3844 3
3845 5
3846 4
3847 5
3848 6
3849 8
3850 7
3851 7
3852 5
3853 4
3854 5
3855 6
3856 6
3857 6
3858 7
3859 8
3860 8
3861 9
3862 8
3863 7
3864 7
3865 8
3866 7
3867 6
3868 7
3869 5
3870 4
3871 3
3872 3
3873 6
3874 5
3875 5
3876 5
3877 6
3878 6
3879 5
3880 6
3881 5
3882 4
3883 5
3884 4
3885 1
3886 1
3887 4
3888 2
3889 2
3890 3
3891 1
3892 6
3893 5
3894 6
3895 5
3896 8
3897 9
3898 11
3899 12
3900 12
3901 13
3902 12
3903 11
3904 11
3905 9
3906 9
3907 6
3908 5
3909 3
3910 5
3911 6
3912 4
3913 3
3914 4
3915 5
3916 7
3917 4
3918 4
3919 3
3920 3
3921 4
3922 6
3923 5
3924 8
3925 6
3926 5
3927 3
3928 2
3929 1
3930 3
3931 2
3932 2
3933 5
3934 7
3935 7
3936 7
3937 7
3938 8
3939 8
3940 7
3941 7
3942 7
3943 7
3944 5
3945 6
3946 7
3947 7
3948 6
3949 8
3950 8
3951 7
3952 8
3953 9
3954 9
3955 9
3956 9
3957 8
3958 9
3959 9
3960 9
3961 10
3962 12
3963 12
3964 15
3965 12
3966 11
3967 11
3968 12
3969 16
3970 13
3971 11
3972 10
3973 8
3974 9
3975 7
3976 7
3977 9
3978 9
3979 8
3980 8
3981 9
3982 10
3983 10
3984 12
3985 12
3986 11
3987 9
3988 7
3989 8
3990 8
3991 8
3992 7
3993 9
3994 9
3995 9
3996 11
3997 9
3998 8
3999 9
4000 9
4001 7
4002 5
4003 3
4004 4
4005 4
4006 5
4007 5
4008 4
4009 3
4010 2
4011 5
4012 6
4013 6
4014 5
4015 6
4016 5
4017 7
4018 9
4019 9
4020 7
4021 7
4022 6
4023 6
4024 6
4025 5
4026 6
4027 8
4028 6
4029 4
4030 5
4031 3
4032 2
4033 1
4034 4
4035 3
4036 4
4037 2
4038 2
4039 4
4040 5
4041 5
4042 6
4043 5
4044 4
4045 5
4046 7
4047 6
4048 3
4049 3
4050 2
4051 1
4052 3
4053 4
4054 1
4055 3
4056 3
4057 2
4058 1
4059 3
4060 3
4061 3
4062 4
4063 4
4064 5
4065 4
4066 4
4067 6
4068 5
4069 8
4070 9
4071 7
4072 8
4073 8
4074 7
4075 5
4076 6
4077 7
4078 7
4079 5
4080 7
4081 7
4082 11
4083 8
4084 9
4085 10
4086 8
4087 10
4088 7
4089 5
4090 2
4091 9
4092 10
4093 9
4094 11
4095 12
4096 13
4097 15
4098 12
4099 10
4100 9
4101 8
4102 8
4103 6
4104 4
4105 4
4106 2
4107 2
4108 4
4109 3
4110 2
4111 4
4112 3
4113 5
4114 4
4115 3
4116 3
4117 7
4118 8
4119 9
4120 8
4121 7
4122 6
4123 5
4124 3
4125 1
4126 3
4127 5
4128 5
4129 4
4130 3
4131 6
4132 6
4133 9
4134 10
4135 10
4136 11
4137 10
4138 9
4139 11
4140 11
4141 8
4142 9
4143 9
4144 10
4145 9
4146 8
4147 7
4148 9
4149 10
4150 10
4151 9
4152 10
4153 10
4154 8
4155 8
4156 7
4157 7
4158 5
4159 4
4160 5
4161 4
4162 3
4163 1
4164 3
4165 1
4166 2
4167 2
4168 5
4169 3
4170 3
4171 3
4172 4
4173 5
4174 5
4175 5
4176 4
4177 3
4178 5
4179 4
4180 7
4181 7
4182 7
4183 7
4184 6
4185 5
4186 8
4187 10
4188 11
4189 12
4190 12
4191 10
4192 10
4193 12
4194 10
4195 13
4196 13
4197 12
4198 12
4199 10
4200 9
4201 9
4202 9
4203 10
4204 9
4205 8
4206 10
4207 12
4208 13
4209 11
4210 10
4211 11
4212 14
4213 14
4214 13
4215 13
4216 15
4217 12
4218 13
4219 14
4220 14
4221 11
4222 10
4223 9
4224 10
4225 7
4226 6
4227 9
4228 10
4229 14
4230 16
4231 13
4232 11
4233 10
4234 10
4235 7
4236 10
4237 9
4238 8
4239 12
4240 13
4241 14
4242 12
4243 12
4244 11
4245 12
4246 10
4247 12
4248 12
4249 13
4250 12
4251 13
4252 14
4253 13
4254 13
4255 14
4256 13
4257 14
4258 15
4259 12
4260 13
4261 11
4262 12
4263 12
4264 12
4265 12
4266 11
4267 11
4268 10
4269 12
4270 10
4271 13
4272 15
4273 12
4274 11
4275 12
4276 13
4277 15
4278 12
4279 14
4280 14
4281 15
4282 12
4283 13
4284 13
4285 14
4286 13
4287 12
4288 13
4289 12
4290 10
4291 8
4292 7
4293 6
4294 5
4295 7
4296 6
4297 8
4298 6
4299 5
4300 6
4301 7
4302 6
4303 8
4304 7
4305 6
4306 5
4307 7
4308 9
4309 9
4310 9
4311 10
4312 10
4313 9
4314 9
4315 10
4316 12
4317 12
4318 12
4319 13
4320 14
4321 13
4322 12
4323 13
4324 11
4325 8
4326 6
4327 6
4328 5
4329 4
4330 4
4331 3
4332 3
4333 5
4334 4
4335 5
4336 4
4337 5
4338 4
4339 7
4340 7
4341 8
4342 6
4343 6
4344 6
4345 4
4346 4
4347 6
4348 9
4349 8
4350 9
4351 10
4352 9
4353 9
4354 8
4355 11
4356 13
4357 11
4358 10
4359 12
4360 14
4361 15
4362 12
4363 10
4364 8
4365 7
4366 8
4367 7
4368 11
4369 10
4370 9
4371 12
4372 10
4373 10
4374 9
4375 9
4376 11
4377 11
4378 10
4379 12
4380 11
4381 11
4382 13
4383 13
4384 12
4385 13
4386 13
4387 11
4388 12
4389 13
4390 13
4391 12
4392 12
4393 11
4394 10
4395 10
4396 9
4397 11
4398 9
4399 10
4400 10
4401 7
4402 6
4403 8
4404 6
4405 5
4406 6
4407 7
4408 5
4409 6
4410 5
4411 7
4412 6
4413 8
4414 9
4415 7
4416 8
4417 10
4418 13
4419 14
4420 15
4421 12
4422 11
4423 12
4424 13
4425 12
4426 12
4427 12
4428 13
4429 13
4430 14
4431 14
4432 15
4433 12
4434 11
4435 9
4436 11
4437 8
4438 9
4439 9
4440 8
4441 9
4442 8
4443 8
4444 5
4445 5
4446 7
4447 6
4448 7
4449 5
4450 3
4451 5
4452 8
4453 8
4454 7
4455 9
4456 8
4457 11
4458 9
4459 9
4460 10
4461 9
4462 8
4463 9
4464 9
4465 9
4466 9
4467 7
4468 8
4469 9
4470 10
4471 8
4472 6
4473 8
4474 8
4475 9
4476 11
4477 11
4478 10
4479 9
4480 7
4481 9
4482 11
4483 10
4484 10
4485 8
4486 7
4487 9
4488 6
4489 7
4490 8
4491 7
4492 8
4493 5
4494 5
4495 5
4496 4
4497 5
4498 5
4499 5
4500 4
4501 3
4502 3
4503 3
4504 4
4505 4
4506 4
4507 4
4508 4
4509 4
4510 3
4511 3
4512 2
4513 3
4514 3
4515 3
4516 2
4517 5
4518 7
4519 7
4520 6
4521 6
4522 5
4523 7
4524 9
4525 8
4526 9
4527 8
4528 7
4529 8
4530 6
4531 4
4532 2
4533 4
4534 1
4535 1
4536 2
4537 0
4538 2
4539 3
4540 2
4541 6
4542 5
4543 6
4544 6
4545 6
4546 8
4547 9
4548 8
4549 9
4550 10
4551 8
4552 7
4553 8
4554 6
4555 7
4556 7
4557 5
4558 3
4559 4
4560 4
4561 3
4562 1
4563 4
4564 4
4565 3
4566 0
4567 2
4568 2
4569 2
4570 1
4571 1
4572 1
4573 3
4574 6
4575 7
4576 8
4577 6
4578 5
4579 4
4580 4
4581 5
4582 7
4583 8
4584 8
4585 9
4586 12
4587 11
4588 14
4589 12
4590 13
4591 10
4592 8
4593 6
4594 6
4595 7
4596 6
4597 4
4598 6
4599 3
4600 4
4601 2
4602 2
4603 1
4604 2
4605 3
4606 1
4607 2
4608 2
4609 2
4610 2
4611 5
4612 4
4613 4
4614 6
4615 7
4616 7
4617 7
4618 8
4619 7
4620 8
4621 9
4622 10
4623 14
4624 11
4625 11
4626 12
4627 10
4628 8
4629 8
4630 9
4631 7
4632 6
4633 4
4634 4
4635 4
4636 5
4637 3
4638 1
4639 2
4640 3
4641 0
4642 1
4643 5
4644 7
4645 4
4646 7
4647 8
4648 8
4649 8
4650 9
4651 8
4652 10
4653 10
4654 12
4655 10
4656 11
4657 10
4658 9
4659 8
4660 8
4661 6
4662 4
4663 5
4664 4
4665 3
4666 1
4667 4
4668 2
4669 2
4670 5
4671 4
4672 5
4673 4
4674 5
4675 5
4676 5
4677 5
4678 3
4679 4
4680 3
4681 4
4682 4
4683 4
4684 3
4685 3
4686 3
4687 5
4688 4
4689 2
4690 7
4691 4
4692 3
4693 1
4694 1
4695 2
4696 3
4697 3
4698 2
4699 0
4700 4
4701 4
4702 4
4703 5
4704 4
4705 4
4706 2
4707 4
4708 2
4709 5
4710 5
4711 8
4712 9
4713 9
4714 8
4715 11
4716 11
4717 8
4718 9
4719 8
4720 7
4721 7
4722 9
4723 13
4724 11
4725 11
4726 10
4727 9
4728 8
4729 7
4730 8
4731 9
4732 11
4733 12
4734 12
4735 10
4736 12
4737 13
4738 11
4739 10
4740 10
4741 9
4742 7
4743 10
4744 8
4745 7
4746 9
4747 9
4748 11
4749 11
4750 11
4751 13
4752 11
4753 10
4754 11
4755 10
4756 13
4757 13
4758 10
4759 10
4760 10
4761 9
4762 10
4763 10
4764 12
4765 11
4766 10
4767 10
4768 10
4769 8
4770 7
4771 9
4772 8
4773 8
4774 9
4775 12
4776 11
4777 11
4778 10
4779 8
4780 8
4781 7
4782 7
4783 7
4784 7
4785 6
4786 5
4787 6
4788 6
4789 7
4790 7
4791 9
4792 12
4793 13
4794 11
4795 10
4796 8
4797 8
4798 8
4799 7
4800 7
4801 8
4802 7
4803 7
4804 7
4805 8
4806 7
4807 7
4808 7
4809 5
4810 6
4811 5
4812 3
4813 3
4814 5
4815 7
4816 9
4817 7
4818 8
4819 7
4820 7
4821 7
4822 6
4823 4
4824 4
4825 4
4826 3
4827 4
4828 2
4829 4
4830 4
4831 4
4832 3
4833 4
4834 5
4835 4
4836 5
4837 5
4838 8
4839 7
4840 6
4841 5
4842 7
4843 7
4844 9
4845 10
4846 11
4847 10
4848 9
4849 7
4850 5
4851 5
4852 3
4853 0
4854 3
4855 2
4856 6
4857 8
4858 7
4859 6
4860 4
4861 3
4862 1
4863 3
4864 2
4865 1
4866 1
4867 4
4868 4
4869 4
4870 5
4871 3
4872 2
4873 3
4874 2
4875 1
4876 2
4877 4
4878 2
4879 5
4880 4
4881 7
4882 6
4883 3
4884 6
4885 5
4886 8
4887 6
4888 5
4889 5
4890 3
4891 2
4892 6
4893 4
4894 6
4895 4
4896 4
4897 5
4898 3
4899 1
4900 2
4901 0
4902 3
4903 3
4904 4
4905 4
4906 5
4907 3
4908 2
4909 3
4910 5
4911 4
4912 5
4913 6
4914 5
4915 4
4916 2
4917 4
4918 5
4919 5
4920 3
4921 3
4922 1
4923 3
4924 5
4925 4
4926 4
4927 3
4928 2
4929 1
4930 3
4931 1
4932 4
4933 1
4934 0
4935 5
4936 8
4937 10
4938 10
4939 9
4940 7
4941 7
4942 5
4943 4
4944 2
4945 4
4946 7
4947 8
4948 6
4949 6
4950 7
4951 7
4952 7
4953 6
4954 6
4955 7
4956 7
4957 5
4958 4
4959 4
4960 5
4961 7
4962 7
4963 6
4964 8
4965 7
4966 7
4967 9
4968 10
4969 10
4970 9
4971 9
4972 11
4973 11
4974 11
4975 11
4976 12
4977 11
4978 11
4979 9
4980 12
4981 10
4982 10
4983 9
4984 10
4985 10
4986 11
4987 12
4988 11
4989 10
4990 10
4991 12
4992 11
4993 11
4994 10
4995 8
4996 9
4997 8
4998 9
4999 10
5000 10
5001 9
5002 7
5003 9
5004 9
5005 11
5006 10
5007 11
5008 14
5009 14
5010 14
5011 14
5012 12
5013 10
5014 9
5015 8
5016 8
5017 8
5018 7
5019 9
5020 8
5021 9
5022 9
5023 7
5024 5
5025 3
5026 3
5027 2
5028 4
5029 4
5030 3
5031 0
5032 3
5033 4
5034 4
5035 4
5036 5
5037 5
5038 4
5039 3
5040 4
5041 5
5042 4
5043 3
5044 2
5045 1
5046 3
5047 3
5048 0
5049 2
5050 2
5051 4
5052 5
5053 6
5054 6
5055 6
5056 6
5057 6
5058 8
5059 7
5060 7
5061 8
5062 8
5063 10
5064 10
5065 9
5066 11
5067 10
5068 10
5069 8
5070 10
5071 8
5072 7
5073 6
5074 4
5075 5
5076 5
5077 5
5078 5
5079 5
5080 5
5081 5
5082 2
5083 2
5084 3
5085 1
5086 4
5087 1
5088 4
5089 3
5090 2
5091 2
5092 2
5093 2
5094 4
5095 4
5096 4
5097 5
5098 6
5099 4
5100 5
5101 4
5102 3
5103 5
5104 5
5105 6
5106 7
5107 4
5108 5
5109 7
5110 8
5111 7
5112 7
5113 6
5114 6
5115 7
5116 5
5117 2
5118 3
5119 3
5120 2
5121 1
5122 6
5123 7
5124 10
5125 8
5126 8
5127 7
5128 6
5129 9
5130 7
5131 8
5132 7
5133 6
5134 8
5135 8
5136 8
5137 7
5138 8
5139 7
5140 5
5141 7
5142 8
5143 7
5144 7
5145 7
5146 8
5147 8
5148 6
5149 4
5150 6
5151 4
5152 7
5153 7
5154 10
5155 8
5156 7
5157 6
5158 5
5159 6
5160 5
5161 4
5162 2
5163 4
5164 3
5165 3
5166 4
5167 2
5168 3
5169 0
5170 5
5171 6
5172 8
5173 6
5174 5
5175 6
5176 8
5177 11
5178 11
5179 10
5180 9
5181 6
5182 6
5183 7
5184 8
5185 10
5186 10
5187 11
5188 9
5189 9
5190 9
5191 8
5192 8
5193 7
5194 4
5195 7
5196 6
5197 4
5198 7
5199 8
5200 8
5201 6
5202 6
5203 6
5204 6
5205 6
5206 7
5207 9
5208 11
5209 13
5210 16
5211 13
5212 14
5213 14
5214 15
5215 12
5216 15
5217 12
5218 13
5219 15
5220 12
5221 10
5222 10
5223 10
5224 14
5225 14
5226 16
5227 13
5228 14
5229 15
5230 12
5231 13
5232 12
5233 12
5234 14
5235 16
5236 13
5237 15
5238 12
5239 11
5240 11
5241 11
5242 13
5243 14
5244 13
5245 10
5246 11
5247 11
5248 10
5249 9
5250 9
5251 8
5252 7
5253 8
5254 8
5255 9
5256 9
5257 8
5258 8
5259 7
5260 6
5261 5
5262 6
5263 4
5264 3
5265 3
5266 3
5267 1
5268 1
5269 2
5270 3
5271 3
5272 2
5273 4
5274 2
5275 1
5276 5
5277 4
5278 6
5279 4
5280 5
5281 4
5282 2
5283 5
5284 5
5285 6
5286 5
5287 4
5288 4
5289 4
5290 6
5291 7
5292 11
5293 10
5294 10
5295 10
5296 9
5297 8
5298 8
5299 9
5300 9
5301 9
5302 12
5303 12
5304 13
5305 16
5306 13
5307 11
5308 10
5309 9
5310 8
5311 7
5312 8
5313 9
5314 10
5315 7
5316 6
5317 5
5318 4
5319 2
5320 6
5321 7
5322 6
5323 8
5324 8
5325 8
5326 8
5327 10
5328 10
5329 11
5330 11
5331 11
5332 13
5333 12
5334 13
5335 12
5336 10
5337 9
5338 10
5339 10
5340 8
5341 8
5342 7
5343 6
5344 5
5345 6
5346 6
5347 5
5348 6
5349 8
5350 9
5351 11
5352 15
5353 12
5354 10
5355 11
5356 10
5357 9
5358 7
5359 8
5360 7
5361 6
5362 6
5363 6
5364 5
5365 7
5366 8
5367 8
5368 9
5369 10
5370 8
5371 11
5372 12
5373 12
5374 11
5375 13
5376 13
5377 14
5378 13
5379 15
5380 12
5381 13
5382 13
5383 15
5384 12
5385 11
5386 10
5387 12
5388 11
5389 10
5390 10
5391 9
5392 11
5393 12
5394 11
5395 13
5396 11
5397 12
5398 10
5399 10
5400 12
5401 13
5402 12
5403 13
5404 14
5405 16
5406 13
5407 13
5408 13
5409 11
5410 13
5411 16
5412 13
5413 10
5414 10
5415 11
5416 9
5417 11
5418 9
5419 8
5420 11
5421 10
5422 9
5423 9
5424 10
5425 10
5426 11
5427 9
5428 10
5429 9
5430 7
5431 6
5432 7
5433 8
5434 8
5435 10
5436 8
5437 9
5438 9
5439 9
5440 11
5441 13
5442 12
5443 13
5444 10
5445 9
5446 8
5447 6
5448 7
5449 7
5450 7
5451 6
5452 10
5453 8
5454 9
5455 9
5456 9
5457 8
5458 5
5459 8
5460 10
5461 8
5462 8
5463 8
5464 8
5465 5
5466 4
5467 5
5468 3
5469 3
5470 2
5471 3
5472 2
5473 1
5474 3
5475 2
5476 5
5477 5
5478 5
5479 3
5480 4
5481 4
5482 5
5483 6
5484 8
5485 6
5486 5
5487 4
5488 4
5489 5
5490 9
5491 9
5492 9
5493 8
5494 8
5495 7
5496 6
5497 5
5498 6
5499 8
5500 6
5501 10
5502 11
5503 11
5504 9
5505 12
5506 16
5507 13
5508 15
5509 12
5510 13
5511 11
5512 13
5513 12
5514 11
5515 10
5516 10
5517 11
5518 8
5519 8
5520 7
5521 6
5522 4
5523 6
5524 7
5525 9
5526 9
5527 8
5528 10
5529 8
5530 8
5531 6
5532 7
5533 5
5534 2
5535 3
5536 3
5537 2
5538 3
5539 3
5540 3
5541 3
5542 5
5543 4
5544 3
5545 2
5546 3
5547 4
5548 3
5549 4
5550 3
5551 3
5552 5
5553 6
5554 5
5555 5
5556 6
5557 8
5558 11
5559 10
5560 7
5561 9
5562 6
5563 7
5564 7
5565 7
5566 8
5567 6
5568 4
5569 3
5570 4
5571 6
5572 5
5573 7
5574 7
5575 7
5576 9
5577 10
5578 11
5579 13
5580 13
5581 12
5582 10
5583 11
5584 14
5585 14
5586 16
5587 13
5588 12
5589 12
5590 10
5591 11
5592 10
5593 11
5594 9
5595 8
5596 10
5597 10
5598 11
5599 12
5600 13
5601 10
5602 9
5603 8
5604 10
5605 9
5606 11
5607 10
5608 10
5609 9
5610 7
5611 8
5612 10
5613 11
5614 11
5615 14
5616 14
5617 15
5618 12
5619 13
5620 14
5621 12
5622 15
5623 12
5624 14
5625 15
5626 12
5627 13
5628 15
5629 12
5630 13
5631 14
5632 15
5633 12
5634 10
5635 12
5636 11
5637 8
5638 10
5639 12
5640 12
5641 13
5642 13
5643 13
5644 11
5645 11
5646 11
5647 11
5648 10
5649 12
5650 12
5651 12
5652 10
5653 10
5654 8
5655 8
5656 9
5657 9
5658 9
5659 10
5660 9
5661 8
5662 9
5663 7
5664 7
5665 9
5666 11
5667 13
5668 12
5669 11
5670 13
5671 14
5672 14
5673 12
5674 13
5675 12
5676 10
5677 10
5678 12
5679 10
5680 10
5681 10
5682 9
5683 7
5684 7
5685 7
5686 6
5687 4
5688 6
5689 6
5690 7
5691 6
5692 5
5693 4
5694 2
5695 1
5696 2
5697 1
5698 4
5699 3
5700 2
5701 3
5702 3
5703 3
5704 3
5705 2
5706 7
5707 7
5708 9
5709 7
5710 7
5711 7
5712 8
5713 6
5714 7
5715 6
5716 5
5717 5
5718 6
5719 6
5720 5
5721 4
5722 3
5723 4
5724 6
5725 7
5726 6
5727 5
5728 6
5729 4
5730 4
5731 5
5732 5
5733 5
5734 4
5735 4
5736 5
5737 6
5738 5
5739 5
5740 5
5741 7
5742 8
5743 7
5744 7
5745 6
5746 10
5747 9
5748 8
5749 7
5750 7
5751 7
5752 5
5753 6
5754 5
5755 4
5756 4
5757 8
5758 7
5759 7
5760 7
5761 9
5762 10
5763 10
5764 9
5765 12
5766 12
5767 10
5768 8
5769 7
5770 7
5771 12
5772 13
5773 12
5774 12
5775 10
5776 9
5777 9
5778 9
5779 10
5780 10
5781 8
5782 8
5783 6
5784 8
5785 6
5786 6
5787 6
5788 8
5789 9
5790 7
5791 6
5792 6
5793 7
5794 9
5795 9
5796 10
5797 9
5798 7
5799 7
5800 7
5801 8
5802 8
5803 7
5804 5
5805 8
5806 9
5807 8
5808 5
5809 6
5810 7
5811 10
5812 11
5813 9
5814 11
5815 10
5816 8
5817 5
5818 5
5819 6
5820 7
5821 8
5822 8
5823 7
5824 5
5825 3
5826 2
5827 4
5828 2
5829 4
5830 4
5831 2
5832 1
5833 0
5834 4
5835 4
5836 2
5837 3
5838 2
5839 5
5840 6
5841 8
5842 6
5843 6
5844 7
5845 6
5846 6
5847 6
5848 5
5849 6
5850 5
5851 5
5852 3
5853 1
5854 2
5855 1
5856 4
5857 3
5858 2
5859 1
5860 4
5861 3
5862 0
5863 5
5864 3
5865 4
5866 3
5867 2
5868 2
5869 2
5870 5
5871 4
5872 3
5873 2
5874 3
5875 1
5876 2
5877 4
5878 2
5879 2
5880 3
5881 0
5882 6
5883 6
5884 7
5885 8
5886 8
5887 8
5888 7
5889 8
5890 8
5891 9
5892 9
5893 8
5894 6
5895 9
5896 9
5897 7
5898 7
5899 7
5900 10
5901 9
5902 11
5903 11
5904 12
5905 11
5906 9
5907 7
5908 8
5909 8
5910 10
5911 10
5912 8
5913 9
5914 8
5915 7
5916 9
5917 10
5918 10
5919 11
5920 11
5921 11
5922 13
5923 12
5924 12
5925 12
5926 14
5927 13
5928 14
5929 13
5930 13
5931 15
5932 12
5933 11
5934 10
5935 12
5936 12
5937 15
5938 12
5939 14
5940 14
5941 16
5942 13
5943 14
5944 14
5945 14
5946 16
5947 13
5948 11
5949 12
5950 12
5951 14
5952 16
5953 13
5954 15
5955 12
5956 11
5957 11
5958 12
5959 14
5960 15
5961 12
5962 11
5963 12
5964 12
5965 12
5966 14
5967 13
5968 15
5969 12
5970 11
5971 13
5972 12
5973 10
5974 12
5975 13
5976 12
5977 11
5978 11
5979 11
5980 13
5981 13
5982 11
5983 9
5984 11
5985 11
5986 11
5987 10
5988 8
5989 6
5990 6
5991 8
5992 10
5993 9
5994 10
5995 12
5996 12
5997 13
5998 13
5999 13
6000 12
6001 12
6002 12
6003 11
6004 10
6005 10
6006 9
6007 7
6008 7
6009 6
6010 7
6011 9
6012 12
6013 10
6014 15
6015 12
6016 10
6017 9
6018 10
6019 9
6020 9
6021 10
6022 8
6023 8
6024 8
6025 9
6026 8
6027 9
6028 11
6029 10
6030 11
6031 11
6032 9
6033 9
6034 9
6035 9
6036 11
6037 11
6038 13
6039 14
6040 14
6041 14
6042 15
6043 12
6044 11
6045 13
6046 15
6047 12
6048 13
6049 13
6050 13
6051 16
6052 13
6053 14
6054 16
6055 13
6056 11
6057 11
6058 12
6059 13
6060 13
6061 13
6062 12
6063 12
6064 12
6065 10
6066 9
6067 10
6068 9
6069 10
6070 10
6071 13
6072 12
6073 12
6074 13
6075 11
6076 16
6077 13
6078 13
6079 11
6080 12
6081 12
6082 11
6083 12
6084 14
6085 14
6086 16
6087 13
6088 15
6089 12
6090 12
6091 12
6092 12
6093 13
6094 12
6095 12
6096 13
6097 10
6098 12
6099 14
6100 14
6101 15
6102 12
6103 9
6104 10
6105 11
6106 12
6107 11
6108 9
6109 10
6110 9
6111 9
6112 10
6113 13
6114 15
6115 12
6116 12
6117 9
6118 10
6119 10
6120 9
6121 9
6122 9
6123 8
6124 8
6125 8
6126 8
6127 8
6128 7
6129 7
6130 9
6131 8
6132 7
6133 6
6134 4
6135 2
6136 3
6137 1
6138 1
6139 3
6140 1
6141 5
6142 6
6143 7
6144 5
6145 5
6146 3
6147 3
6148 0
6149 6
6150 4
6151 3
6152 2
6153 5
6154 6
6155 5
6156 3
6157 4
6158 3
6159 2
6160 5
6161 5
6162 4
6163 5
6164 4
6165 4
6166 5
6167 5
6168 4
6169 4
6170 6
6171 9
6172 9
6173 9
6174 7
6175 5
6176 4
6177 4
6178 1
6179 2
6180 2
6181 4
6182 6
6183 5
6184 7
6185 5
6186 3
6187 3
6188 2
6189 6
6190 7
6191 5
6192 4
6193 5
6194 4
6195 3
6196 5
6197 5
6198 3
6199 3
6200 1
6201 4
6202 3
6203 3
6204 2
6205 4
6206 7
6207 7
6208 7
6209 7
6210 6
6211 10
6212 11
6213 11
6214 14
6215 12
6216 12
6217 9
6218 9
6219 7
6220 11
6221 12
6222 10
6223 12
6224 10
6225 8
6226 7
6227 9
6228 9
6229 8
6230 6
6231 6
6232 4
6233 5
6234 5
6235 5
6236 5
6237 5
6238 5
6239 5
6240 4
6241 4
6242 6
6243 6
6244 7
6245 6
6246 8
6247 10
6248 10
6249 9
6250 7
6251 7
6252 8
6253 8
6254 8
6255 10
6256 11
6257 12
6258 11
6259 9
6260 10
6261 13
6262 12
6263 11
6264 10
6265 12
6266 12
6267 12
6268 13
6269 10
6270 7
6271 6
6272 6
6273 5
6274 3
6275 3
6276 3
6277 2
6278 3
6279 1
6280 2
6281 0
6282 3
6283 2
6284 3
6285 6
6286 7
6287 10
6288 11
6289 13
6290 11
6291 14
6292 16
6293 13
6294 13
6295 13
6296 11
6297 12
6298 12
6299 12
6300 12
6301 12
6302 13
6303 13
6304 10
6305 11
6306 10
6307 10
6308 12
6309 11
6310 10
6311 12
6312 13
6313 13
6314 14
6315 12
6316 11
6317 10
6318 10
6319 11
6320 11
6321 11
6322 10
6323 9
6324 12
6325 9
6326 10
6327 7
6328 6
6329 7
6330 8
6331 7
6332 5
6333 4
6334 3
6335 7
6336 8
6337 9
6338 9
6339 10
6340 7
6341 5
6342 4
6343 4
6344 4
6345 7
6346 9
6347 9
6348 10
6349 9
6350 10
6351 12
6352 11
6353 12
6354 11
6355 12
6356 12
6357 12
6358 12
6359 11
6360 12
6361 12
6362 11
6363 11
6364 10
6365 13
6366 11
6367 10
6368 11
6369 9
6370 7
6371 5
6372 5
6373 6
6374 6
6375 4
6376 5
6377 5
6378 7
6379 4
6380 3
6381 1
6382 3
6383 6
6384 7
6385 4
6386 5
6387 5
6388 4
6389 3
6390 4
6391 2
6392 3
6393 3
6394 3
6395 3
6396 4
6397 5
6398 6
6399 7
6400 10
6401 9
6402 10
6403 9
6404 8
6405 10
6406 11
6407 12
6408 13
6409 12
6410 10
6411 10
6412 10
6413 10
6414 9
6415 11
6416 14
6417 15
6418 12
6419 11
6420 10
6421 13
6422 12
6423 13
6424 16
6425 13
6426 12
6427 10
6428 11
6429 12
6430 12
6431 12
6432 11
6433 9
6434 10
6435 10
6436 10
6437 11
6438 10
6439 10
6440 7
6441 6
6442 9
6443 10
6444 9
6445 10
6446 10
6447 7
6448 7
6449 8
6450 9
6451 9
6452 6
6453 4
6454 2
6455 3
6456 3
6457 6
6458 5
6459 3
6460 4
6461 1
6462 3
6463 4
6464 5
6465 4
6466 3
6467 4
6468 3
6469 3
6470 2
6471 4
6472 4
6473 5
6474 5
6475 5
6476 4
6477 4
6478 3
6479 2
6480 2
6481 2
6482 3
6483 4
6484 2
6485 4
6486 4
6487 5
6488 4
6489 5
6490 2
6491 3
6492 0
6493 5
6494 5
6495 4
6496 5
6497 4
6498 6
6499 6
6500 8
6501 9
6502 12
6503 12
6504 10
6505 13
6506 12
6507 10
6508 9
6509 9
6510 9
6511 8
6512 7
6513 8
6514 7
6515 5
6516 4
6517 4
6518 2
6519 4
6520 1
6521 1
6522 2
6523 3
6524 3
6525 3
6526 3
6527 4
6528 6
6529 6
6530 5
6531 4
6532 4
6533 5
6534 8
6535 8
6536 9
6537 12
6538 12
6539 13
6540 15
6541 12
6542 11
6543 12
6544 14
6545 16
6546 13
6547 14
6548 15
6549 12
6550 12
6551 9
6552 8
6553 7
6554 6
6555 5
6556 2
6557 5
6558 4
6559 2
6560 2
6561 2
6562 2
6563 2
6564 3
6565 3
6566 2
6567 2
6568 3
6569 1
6570 2
6571 3
6572 1
6573 1
6574 3
6575 3
6576 2
6577 2
6578 3
6579 1
6580 4
6581 1
6582 1
6583 3
6584 4
6585 5
6586 7
6587 9
6588 9
6589 8
6590 8
6591 8
6592 5
6593 5
6594 3
6595 2
6596 4
6597 3
6598 6
6599 5
6600 6
6601 6
6602 6
6603 8
6604 7
6605 9
6606 8
6607 8
6608 7
6609 7
6610 8
6611 8
6612 9
6613 8
6614 9
6615 9
6616 10
6617 8
6618 9
6619 8
6620 9
6621 9
6622 9
6623 10
6624 10
6625 11
6626 12
6627 13
6628 12
6629 11
6630 11
6631 14
6632 17
6633 14
6634 13
6635 14
6636 13
6637 14
6638 15
6639 12
6640 12
6641 11
6642 10
6643 13
6644 11
6645 9
6646 9
6647 11
6648 9
6649 9
6650 7
6651 6
6652 5
6653 5
6654 6
6655 5
6656 2
6657 3
6658 2
6659 2
6660 6
6661 4
6662 3
6663 4
6664 6
6665 5
6666 7
6667 8
6668 6
6669 8
6670 9
6671 10
6672 10
6673 10
6674 11
6675 12
6676 12
6677 12
6678 14
6679 16
6680 13
6681 12
6682 10
6683 11
6684 9
6685 8
6686 8
6687 8
6688 7
6689 7
6690 7
6691 8
6692 7
6693 6
6694 7
6695 5
6696 2
6697 1
6698 5
6699 4
6700 6
6701 5
6702 4
6703 4
6704 5
6705 6
6706 5
6707 4
6708 4
6709 2
6710 0
6711 5
6712 5
6713 5
6714 7
6715 7
6716 6
6717 10
6718 9
6719 8
6720 5
6721 4
6722 2
6723 5
6724 8
6725 8
6726 10
6727 9
6728 8
6729 9
6730 11
6731 11
6732 11
6733 10
6734 12
6735 14
6736 13
6737 14
6738 15
6739 12
6740 12
6741 10
6742 12
6743 12
6744 11
6745 13
6746 15
6747 12
6748 10
6749 10
6750 11
6751 9
6752 9
6753 7
6754 8
6755 7
6756 7
6757 9
6758 10
6759 12
6760 12
6761 12
6762 10
6763 7
6764 8
6765 10
6766 11
6767 9
6768 9
6769 9
6770 9
6771 9
6772 7
6773 8
6774 7
6775 6
6776 5
6777 6
6778 4
6779 3
6780 2
6781 4
6782 3
6783 3
6784 1
6785 4
6786 1
6787 3
6788 4
6789 3
6790 3
6791 3
6792 2
6793 4
6794 6
6795 6
6796 6
6797 7
6798 6
6799 9
6800 9
6801 7
6802 8
6803 9
6804 8
6805 9
6806 8
6807 8
6808 8
6809 6
6810 4
6811 3
6812 2
6813 3
6814 0
6815 4
6816 2
6817 4
6818 6
6819 8
6820 7
6821 7
6822 8
6823 9
6824 9
6825 9
6826 8
6827 7
6828 8
6829 9
6830 7
6831 4
6832 3
6833 2
6834 3
6835 4
6836 2
6837 3
6838 2
6839 4
6840 7
6841 5
6842 8
6843 7
6844 8
6845 8
6846 9
6847 6
6848 6
6849 7
6850 6
6851 6
6852 6
6853 7
6854 7
6855 6
6856 6
6857 6
6858 8
6859 10
6860 8
6861 6
6862 8
6863 8
6864 9
6865 9
6866 10
6867 13
6868 13
6869 12
6870 14
6871 15
6872 12
6873 13
6874 14
6875 14
6876 14
6877 15
6878 12
6879 12
6880 10
6881 8
6882 8
6883 9
6884 8
6885 8
6886 9
6887 8
6888 10
6889 10
6890 11
6891 11
6892 11
6893 13
6894 12
6895 11
6896 12
6897 11
6898 10
6899 12
6900 10
6901 9
6902 8
6903 11
6904 10
6905 10
6906 12
6907 12
6908 12
6909 12
6910 12
6911 11
6912 9
6913 9
6914 9
6915 11
6916 9
6917 9
6918 7
6919 6
6920 5
6921 4
6922 2
6923 2
6924 3
6925 4
6926 4
6927 3
6928 4
6929 5
6930 4
6931 5
6932 5
6933 6
6934 5
6935 5
6936 7
6937 8
6938 8
6939 7
6940 5
6941 7
6942 6
6943 7
6944 5
6945 4
6946 5
6947 6
6948 9
6949 6
6950 5
6951 6
6952 5
6953 5
6954 5
6955 4
6956 3
6957 3
6958 4
6959 4
6960 5
6961 3
6962 2
6963 2
6964 4
6965 3
6966 3
6967 3
6968 4
6969 3
6970 5
6971 3
6972 2
6973 5
6974 4
6975 4
6976 4
6977 4
6978 4
6979 4
6980 5
6981 4
6982 7
6983 6
6984 6
6985 6
6986 7
6987 8
6988 11
6989 10
6990 11
6991 10
6992 10
6993 12
6994 18
6995 15
6996 12
6997 12
6998 15
6999 12
7000 14
7001 12
7002 12
7003 12
7004 10
7005 8
7006 8
7007 9
7008 10
7009 9
7010 9
7011 8
7012 6
7013 3
7014 2
7015 3
7016 2
7017 5
7018 4
7019 1
7020 1
7021 2
7022 2
7023 0
7024 3
7025 2
7026 5
7027 6
7028 8
7029 6
7030 7
7031 4
7032 5
7033 5
7034 7
7035 7
7036 8
7037 5
7038 8
7039 10
7040 11
7041 12
7042 11
7043 13
7044 11
7045 14
7046 16
7047 13
7048 11
7049 10
7050 10
7051 11
7052 9
7053 10
7054 11
7055 11
7056 9
7057 9
7058 9
7059 9
7060 8
7061 8
7062 8
7063 10
7064 11
7065 14
7066 16
7067 13
7068 13
7069 12
7070 12
7071 13
7072 14
7073 15
7074 12
7075 9
7076 10
7077 11
7078 12
7079 10
7080 10
7081 9
7082 7
7083 7
7084 5
7085 4
7086 3
7087 1
7088 1
7089 2
7090 5
7091 3
7092 2
7093 2
7094 3
7095 3
7096 0
7097 2
7098 5
7099 6
7100 6
7101 5
7102 2
7103 4
7104 5
7105 3
7106 2
7107 3
7108 2
7109 3
7110 2
7111 3
7112 4
7113 5
7114 5
7115 5
7116 5
7117 4
7118 4
7119 3
7120 0
7121 5
7122 3
7123 5
7124 7
7125 8
7126 8
7127 12
7128 12
7129 12
7130 10
7131 12
7132 12
7133 13
7134 12
7135 13
7136 13
7137 12
7138 11
7139 10
7140 8
7141 10
7142 9
7143 10
7144 8
7145 5
7146 4
7147 4
7148 6
7149 5
7150 4
7151 4
7152 5
7153 4
7154 2
7155 2
7156 2
7157 1
7158 1
7159 4
7160 4
7161 4
7162 2
7163 1
7164 3
7165 1
7166 3
7167 4
7168 4
7169 4
7170 6
7171 5
7172 4
7173 5
7174 6
7175 8
7176 11
7177 12
7178 13
7179 12
7180 12
7181 12
7182 12
7183 10
7184 9
7185 10
7186 8
7187 6
7188 6
7189 7
7190 6
7191 5
7192 5
7193 5
7194 6
7195 6
7196 6
7197 5
7198 6
7199 5
7200 8
7201 8
7202 7
7203 9
7204 8
7205 7
7206 6
7207 6
7208 6
7209 5
7210 7
7211 7
7212 8
7213 8
7214 8
7215 10
7216 10
7217 12
7218 9
7219 8
7220 9
7221 11
7222 12
7223 12
7224 12
7225 10
7226 8
7227 6
7228 5
7229 7
7230 9
7231 8
7232 5
7233 6
7234 4
7235 2
7236 2
7237 2
7238 3
7239 2
7240 2
7241 3
7242 1
7243 4
7244 3
7245 1
7246 2
7247 2
7248 5
7249 6
7250 7
7251 7
7252 8
7253 9
7254 8
7255 7
7256 6
7257 5
7258 6
7259 7
7260 5
7261 7
7262 8
7263 7
7264 4
7265 5
7266 2
7267 2
7268 3
7269 2
7270 4
7271 3
7272 2
7273 3
7274 4
7275 4
7276 3
7277 4
7278 5
7279 6
7280 5
7281 6
7282 7
7283 8
7284 5
7285 4
7286 5
7287 7
7288 5
7289 4
7290 6
7291 6
7292 7
7293 6
7294 6
7295 5
7296 3
7297 3
7298 2
7299 3
7300 3
7301 1
7302 3
7303 6
7304 6
7305 8
7306 8
7307 8
7308 5
7309 4
7310 4
7311 4
7312 3
7313 2
7314 3
7315 2
7316 1
7317 1
7318 3
7319 4
7320 4
7321 5
7322 8
7323 6
7324 6
7325 9
7326 9
7327 10
7328 8
7329 9
7330 8
7331 7
7332 6
7333 7
7334 6
7335 4
7336 6
7337 5
7338 8
7339 9
7340 9
7341 8
7342 6
7343 9
7344 9
7345 10
7346 11
7347 10
7348 10
7349 9
7350 10
7351 9
7352 12
7353 11
7354 11
7355 13
7356 12
7357 12
7358 12
7359 14
7360 14
7361 11
7362 10
7363 10
7364 9
7365 10
7366 12
7367 10
7368 11
7369 15
7370 12
7371 10
7372 10
7373 10
7374 10
7375 12
7376 10
7377 11
7378 13
7379 12
7380 10
7381 8
7382 6
7383 4
7384 3
7385 2
7386 2
7387 3
7388 3
7389 3
7390 5
7391 6
7392 6
7393 8
7394 6
7395 6
7396 6
7397 9
7398 9
7399 9
7400 10
7401 9
7402 10
7403 10
7404 9
7405 9
7406 9
7407 9
7408 7
7409 8
7410 6
7411 5
7412 5
7413 5
7414 9
7415 6
7416 4
7417 5
7418 5
7419 4
7420 4
7421 4
7422 3
7423 2
7424 4
7425 3
7426 4
7427 3
7428 2
7429 3
7430 6
7431 7
7432 7
7433 9
7434 10
7435 9
7436 10
7437 8
7438 8
7439 7
7440 7
7441 7
7442 6
7443 8
7444 7
7445 10
7446 8
7447 8
7448 8
7449 7
7450 7
7451 5
7452 4
7453 5
7454 4
7455 4
7456 3
7457 6
7458 5
7459 8
7460 7
7461 6
7462 8
7463 7
7464 8
7465 6
7466 5
7467 2
7468 5
7469 5
7470 6
7471 8
7472 7
7473 6
7474 8
7475 8
7476 7
7477 8
7478 10
7479 12
7480 12
7481 12
7482 12
7483 13
7484 15
7485 12
7486 13
7487 12
7488 11
7489 9
7490 9
7491 9
7492 7
7493 7
7494 9
7495 8
7496 11
7497 12
7498 11
7499 10
7500 8
7501 9
7502 8
7503 8
7504 8
7505 10
7506 9
7507 9
7508 7
7509 5
7510 5
7511 4
7512 2
7513 2
7514 4
7515 5
7516 5
7517 5
7518 4
7519 6
7520 7
7521 5
7522 6
7523 9
7524 8
7525 9
7526 11
7527 12
7528 13
7529 12
7530 13
7531 13
7532 11
7533 14
7534 12
7535 13
7536 11
7537 10
7538 8
7539 9
7540 9
7541 9
7542 9
7543 9
7544 7
7545 7
7546 6
7547 9
7548 9
7549 6
7550 7
7551 7
7552 5
7553 5
7554 6
7555 3
7556 4
7557 4
7558 4
7559 4
7560 5
7561 7
7562 5
7563 3
7564 3
7565 0
7566 1
7567 1
7568 5
7569 3
7570 1
7571 3
7572 3
7573 1
7574 2
7575 4
7576 3
7577 2
7578 2
7579 5
7580 5
7581 9
7582 10
7583 11
7584 13
7585 15
7586 12
7587 14
7588 14
7589 13
7590 15
7591 12
7592 13
7593 14
7594 14
7595 15
7596 12
7597 11
7598 12
7599 14
7600 12
7601 12
7602 13
7603 14
7604 14
7605 14
7606 12
7607 13
7608 13
7609 11
7610 10
7611 10
7612 9
7613 10
7614 13
7615 12
7616 14
7617 17
7618 14
7619 14
7620 14
7621 12
7622 12
7623 10
7624 11
7625 10
7626 9
7627 9
7628 9
7629 12
7630 15
7631 12
7632 14
7633 14
7634 15
7635 12
7636 13
7637 13
7638 13
7639 15
7640 12
7641 14
7642 13
7643 14
7644 14
7645 13
7646 15
7647 12
7648 11
7649 13
7650 14
7651 14
7652 15
7653 12
7654 10
7655 12
7656 9
7657 11
7658 9
7659 8
7660 5
7661 4
7662 2
7663 1
7664 2
7665 5
7666 7
7667 7
7668 6
7669 5
7670 7
7671 7
7672 7
7673 6
7674 7
7675 7
7676 4
7677 4
7678 3
7679 3
7680 2
7681 1
7682 0
7683 3
7684 5
7685 7
7686 5
7687 5
7688 6
7689 5
7690 7
7691 5
7692 6
7693 7
7694 8
7695 9
7696 10
7697 12
7698 11
7699 10
7700 9
7701 11
7702 8
7703 6
7704 7
7705 5
7706 6
7707 5
7708 5
7709 3
7710 1
7711 2
7712 3
7713 3
7714 1
7715 3
7716 3
7717 4
7718 3
7719 3
7720 4
7721 6
7722 4
7723 4
7724 3
7725 3
7726 3
7727 3
7728 3
7729 3
7730 1
7731 4
7732 2
7733 3
7734 4
7735 4
7736 3
7737 4
7738 5
7739 4
7740 2
7741 2
7742 1
7743 4
7744 4
7745 3
7746 7
7747 8
7748 9
7749 8
7750 7
7751 7
7752 9
7753 10
7754 9
7755 9
7756 9
7757 7
7758 6
7759 6
7760 8
7761 8
7762 6
7763 7
7764 9
7765 6
7766 4
7767 2
7768 2
7769 4
7770 3
7771 5
7772 5
7773 6
7774 5
7775 6
7776 6
7777 6
7778 5
7779 4
7780 3
7781 4
7782 3
7783 3
7784 5
7785 6
7786 6
7787 7
7788 5
7789 3
7790 4
7791 3
7792 3
7793 5
7794 9
7795 8
7796 7
7797 7
7798 7
7799 6
7800 5
7801 7
7802 7
7803 9
7804 9
7805 9
7806 8
7807 9
7808 8
7809 6
7810 5
7811 5
7812 5
7813 5
7814 6
7815 7
7816 5
7817 6
7818 6
7819 7
7820 4
7821 3
7822 5
7823 4
7824 4
7825 7
7826 7
7827 7
7828 7
7829 6
7830 9
7831 12
7832 11
7833 11
7834 10
7835 8
7836 8
7837 9
7838 7
7839 6
7840 5
7841 5
7842 6
7843 7
7844 8
7845 7
7846 7
7847 8
7848 9
7849 9
7850 9
7851 7
7852 7
7853 5
7854 4
7855 4
7856 5
7857 6
7858 6
7859 3
7860 2
7861 5
7862 4
7863 5
7864 5
7865 3
7866 4
7867 4
7868 1
7869 3
7870 2
7871 2
7872 2
7873 3
7874 2
7875 5
7876 5
7877 8
7878 10
7879 11
7880 12
7881 12
7882 14
7883 12
7884 16
7885 13
7886 14
7887 15
7888 12
7889 13
7890 13
7891 14
7892 14
7893 13
7894 12
7895 12
7896 13
7897 18
7898 15
7899 12
7900 11
7901 13
7902 15
7903 12
7904 10
7905 9
7906 7
7907 7
7908 9
7909 8
7910 7
7911 7
7912 8
7913 8
7914 11
7915 11
7916 11
7917 10
7918 7
7919 9
7920 12
7921 12
7922 13
7923 11
7924 13
7925 11
7926 8
7927 11
7928 9
7929 10
7930 8
7931 8
7932 9
7933 9
7934 10
7935 11
7936 13
7937 14
7938 11
7939 12
7940 10
7941 10
7942 9
7943 6
7944 4
7945 5
7946 4
7947 4
7948 3
7949 2
7950 3
7951 3
7952 2
7953 6
7954 6
7955 5
7956 5
7957 7
7958 5
7959 3
7960 1
7961 3
7962 5
7963 6
7964 6
7965 6
7966 6
7967 8
7968 12
7969 10
7970 9
7971 10
7972 10
7973 14
7974 16
7975 13
7976 13
7977 11
7978 10
7979 10
7980 12
7981 14
7982 15
7983 12
7984 10
7985 10
7986 10
7987 7
7988 9
7989 7
7990 9
7991 9
7992 10
7993 11
7994 10
7995 12
7996 13
7997 12
7998 13
7999 12
8000 14
8001 12
8002 12
8003 11
8004 8
8005 7
8006 9
8007 9
8008 10
8009 10
8010 9
8011 11
8012 10
8013 8
8014 8
8015 7
8016 8
8017 7
8018 10
8019 11
8020 10
8021 8
8022 5
8023 8
8024 10
8025 9
8026 9
8027 7
8028 7
8029 8
8030 8
8031 10
8032 10
8033 10
8034 10
8035 9
8036 9
8037 10
8038 9
8039 8
8040 10
8041 11
8042 12
8043 10
8044 10
8045 11
8046 11
8047 9
8048 7
8049 6
8050 5
8051 4
8052 4
8053 3
8054 2
8055 4
8056 6
8057 8
8058 8
8059 7
8060 8
8061 7
8062 8
8063 7
8064 8
8065 10
8066 10
8067 12
8068 11
8069 9
8070 7
8071 8
8072 11
8073 9
8074 8
8075 9
8076 10
8077 8
8078 10
8079 10
8080 10
8081 10
8082 8
8083 9
8084 7
8085 7
8086 6
8087 6
8088 5
8089 4
8090 3
8091 3
8092 3
8093 3
8094 4
8095 5
8096 7
8097 8
8098 10
8099 10
8100 10
8101 9
8102 10
8103 9
8104 8
8105 8
8106 8
8107 9
8108 7
8109 7
8110 7
8111 8
8112 7
8113 9
8114 8
8115 8
8116 9
8117 10
8118 9
8119 9
8120 8
8121 9
8122 9
8123 10
8124 10
8125 8
8126 9
8127 10
8128 10
8129 13
8130 12
8131 12
8132 13
8133 13
8134 12
8135 10
8136 11
8137 11
8138 14
8139 14
8140 12
8141 13
8142 14
8143 16
8144 13
8145 13
8146 13
8147 11
8148 12
8149 14
8150 14
8151 16
8152 13
8153 12
8154 12
8155 11
8156 10
8157 10
8158 12
8159 11
8160 12
8161 12
8162 10
8163 8
8164 7
8165 7
8166 7
8167 6
8168 6
8169 6
8170 7
8171 6
8172 3
8173 3
8174 6
8175 5
8176 6
8177 8
8178 8
8179 8
8180 6
8181 7
8182 8
8183 10
8184 10
8185 11
8186 12
8187 13
8188 13
8189 13
8190 12
8191 10
8192 9
8193 9
8194 9
8195 8
8196 9
8197 10
8198 9
8199 8
8200 9
8201 9
8202 9
8203 9
8204 8
8205 9
8206 7
8207 7
8208 6
8209 8
8210 8
8211 8
8212 8
8213 9
8214 10
8215 9
8216 10
8217 9
8218 10
8219 9
8220 7
8221 5
8222 6
8223 5
8224 5
8225 5
8226 5
8227 4
8228 5
8229 4
8230 5
8231 4
8232 4
8233 4
8234 6
8235 6
8236 7
8237 7
8238 7
8239 5
8240 6
8241 5
8242 7
8243 5
8244 6
8245 4
8246 3
8247 4
8248 3
8249 3
8250 2
8251 4
8252 6
8253 8
8254 5
8255 8
8256 8
8257 8
8258 6
8259 5
8260 4
8261 3
8262 3
8263 3
8264 2
8265 2
8266 2
8267 0
8268 4
8269 3
8270 4
8271 4
8272 5
8273 7
8274 10
8275 13
8276 11
8277 11
8278 11
8279 11
8280 12
8281 11
8282 9
8283 11
8284 11
8285 13
8286 13
8287 11
8288 8
8289 6
8290 7
8291 8
8292 9
8293 8
8294 9
8295 8
8296 8
8297 9
8298 9
8299 8
8300 8
8301 11
8302 12
8303 10
8304 10
8305 12
8306 12
8307 12
8308 13
8309 16
8310 13
8311 13
8312 12
8313 12
8314 9
8315 8
8316 10
8317 8
8318 6
8319 7
8320 7
8321 6
8322 6
8323 5
8324 4
8325 3
8326 2
8327 5
8328 6
8329 5
8330 7
8331 8
8332 9
8333 7
8334 6
8335 6
8336 6
8337 5
8338 5
8339 4
8340 4
8341 5
8342 4
8343 4
8344 5
8345 6
8346 7
8347 7
8348 6
8349 7
8350 8
8351 8
8352 7
8353 7
8354 7
8355 9
8356 10
8357 10
8358 10
8359 9
8360 7
8361 7
8362 7
8363 4
8364 4
8365 5
8366 5
8367 5
8368 7
8369 4
8370 7
8371 4
8372 3
8373 6
8374 5
8375 6
8376 5
8377 5
8378 6
8379 6
8380 7
8381 8
8382 10
8383 10
8384 8
8385 10
8386 10
8387 10
8388 9
8389 9
8390 8
8391 6
8392 4
8393 4
8394 2
8395 4
8396 5
8397 6
8398 5
8399 8
8400 8
8401 11
8402 13
8403 12
8404 11
8405 9
8406 11
8407 11
8408 12
8409 10
8410 8
8411 8
8412 7
8413 8
8414 7
8415 8
8416 6
8417 3
8418 2
8419 2
8420 2
8421 3
8422 2
8423 4
8424 4
8425 4
8426 5
8427 4
8428 5
8429 7
8430 6
8431 6
8432 8
8433 7
8434 7
8435 6
8436 7
8437 11
8438 10
8439 9
8440 10
8441 10
8442 11
8443 10
8444 13
8445 12
8446 13
8447 16
8448 13
8449 12
8450 12
8451 12
8452 11
8453 11
8454 11
8455 11
8456 11
8457 13
8458 13
8459 13
8460 14
8461 13
8462 12
8463 13
8464 12
8465 11
8466 11
8467 11
8468 10
8469 9
8470 9
8471 7
8472 8
8473 7
8474 8
8475 7
8476 8
8477 8
8478 8
8479 8
8480 8
8481 10
8482 10
8483 8
8484 6
8485 6
8486 7
8487 7
8488 6
8489 4
8490 5
8491 4
8492 3
8493 4
8494 1
8495 2
8496 5
8497 4
8498 4
8499 2
8500 5
8501 5
8502 4
8503 4
8504 4
8505 3
8506 4
8507 5
8508 5
8509 3
8510 2
8511 4
8512 3
8513 2
8514 5
8515 5
8516 7
8517 6
8518 6
8519 6
8520 4
8521 5
8522 5
8523 4
8524 3
8525 4
8526 4
8527 3
8528 3
8529 3
8530 5
8531 5
8532 7
8533 6
8534 3
8535 1
8536 3
8537 2
8538 2
8539 2
8540 5
8541 3
8542 1
8543 4
8544 3
8545 3
8546 1
8547 5
8548 4
8549 5
8550 5
8551 3
8552 3
8553 4
8554 5
8555 5
8556 6
8557 5
8558 5
8559 5
8560 6
8561 7
8562 6
8563 7
8564 7
8565 5
8566 4
8567 5
8568 4
8569 3
8570 2
8571 2
8572 5
8573 4
8574 7
8575 7
8576 6
8577 7
8578 10
8579 10
8580 9
8581 9
8582 11
8583 11
8584 9
8585 10
8586 8
8587 9
8588 9
8589 10
8590 9
8591 7
8592 5
8593 4
8594 1
8595 4
8596 5
8597 7
8598 7
8599 7
8600 5
8601 3
8602 4
8603 4
8604 5
8605 7
8606 5
8607 5
8608 4
8609 2
8610 1
8611 2
8612 1
8613 5
8614 3
8615 0
8616 3
8617 3
8618 2
8619 4
8620 2
8621 3
8622 1
8623 1
8624 2
8625 5
8626 4
8627 6
8628 6
8629 5
8630 6
8631 6
8632 6
8633 7
8634 9
8635 10
8636 10
8637 8
8638 5
8639 5
8640 6
8641 6
8642 5
8643 5
8644 6
8645 4
8646 5
8647 2
8648 4
8649 3
8650 2
8651 3
8652 2
8653 2
8654 3
8655 4
8656 3
8657 3
8658 1
8659 2
8660 3
8661 3
8662 3
8663 1
8664 3
8665 3
8666 5
8667 3
8668 4
8669 4
8670 3
8671 4
8672 4
8673 6
8674 6
8675 6
8676 5
8677 7
8678 5
8679 6
8680 7
8681 8
8682 6
8683 6
8684 6
8685 4
8686 6
8687 6
8688 5
8689 7
8690 6
8691 5
8692 5
8693 5
8694 5
8695 3
8696 1
8697 2
8698 1
8699 2
8700 4
8701 6
8702 4
8703 5
8704 5
8705 3
8706 3
8707 4
8708 3
8709 4
8710 7
8711 5
8712 6
8713 8
8714 9
8715 8
8716 7
8717 8
8718 8
8719 7
8720 8
8721 8
8722 6
8723 4
8724 3
8725 3
8726 2
8727 2
8728 4
8729 3
8730 1
8731 4
8732 4
8733 3
8734 4
8735 5
8736 3
8737 1
8738 5
8739 4
8740 2
8741 3
8742 4
8743 6
8744 7
8745 7
8746 7
8747 6
8748 5
8749 5
8750 6
8751 7
8752 6
8753 4
8754 2
8755 3
8756 3
8757 1
8758 2
8759 1
8760 2
8761 4
8762 3
8763 1
8764 3
8765 2
8766 3
8767 4
8768 4
8769 3
8770 3
8771 3
8772 4
8773 3
8774 4
8775 5
8776 4
8777 3
8778 2
8779 4
8780 4
8781 3
8782 3
8783 2
8784 0
8785 3
8786 3
8787 0
8788 1
8789 3
8790 1
8791 5
8792 3
8793 1
8794 2
8795 0
8796 4
8797 2
8798 3
8799 2
8800 4
8801 2
8802 1
8803 2
8804 2
8805 4
8806 3
8807 4
8808 6
8809 6
8810 8
8811 11
8812 10
8813 10
8814 9
8815 11
8816 11
8817 12
8818 11
8819 11
8820 11
8821 11
8822 11
8823 11
8824 11
8825 10
8826 12
8827 12
8828 13
8829 14
8830 13
8831 11
8832 9
8833 7
8834 6
8835 4
8836 7
8837 6
8838 6
8839 5
8840 7
8841 8
8842 6
8843 8
8844 7
8845 8
8846 6
8847 6
8848 6
8849 7
8850 6
8851 4
8852 3
8853 4
8854 5
8855 5
8856 4
8857 3
8858 1
8859 2
8860 5
8861 4
8862 3
8863 1
8864 2
8865 1
8866 3
8867 1
8868 3
8869 2
8870 3
8871 3
8872 3
8873 1
8874 1
8875 2
8876 3
8877 4
8878 4
8879 2
8880 3
8881 2
8882 2
8883 1
8884 2
8885 3
8886 6
8887 7
8888 8
8889 9
8890 7
8891 5
8892 3
8893 5
8894 7
8895 7
8896 6
8897 5
8898 6
8899 5
8900 2
8901 4
8902 5
8903 6
8904 6
8905 5
8906 2
8907 2
8908 3
8909 5
8910 6
8911 7
8912 9
8913 9
8914 10
8915 11
8916 12
8917 10
8918 12
8919 10
8920 9
8921 9
8922 9
8923 9
8924 8
8925 11
8926 12
8927 11
8928 14
8929 12
8930 11
8931 12
8932 15
8933 12
8934 12
8935 10
8936 11
8937 12
8938 11
8939 10
8940 9
8941 11
8942 10
8943 9
8944 12
8945 9
8946 8
8947 7
8948 7
8949 7
8950 5
8951 3
8952 1
8953 2
8954 5
8955 4
8956 6
8957 6
8958 6
8959 7
8960 6
8961 5
8962 5
8963 5
8964 3
8965 3
8966 3
8967 0
8968 3
8969 0
8970 1
8971 2
8972 3
8973 2
8974 1
8975 3
8976 2
8977 4
8978 3
8979 5
8980 6
8981 5
8982 3
8983 4
8984 4
8985 6
8986 6
8987 8
8988 9
8989 11
8990 12
8991 14
8992 14
8993 14
8994 13
8995 11
8996 14
8997 14
8998 13
8999 13
9000 12
9001 10
9002 8
9003 11
9004 9
9005 9
9006 9
9007 8
9008 6
9009 6
9010 5
9011 2
9012 5
9013 10
9014 8
9015 7
9016 8
9017 6
9018 7
9019 6
9020 8
9021 8
9022 7
9023 8
9024 9
9025 9
9026 13
9027 14
9028 17
9029 14
9030 17
9031 14
9032 15
9033 12
9034 11
9035 10
9036 10
9037 10
9038 7
9039 7
9040 10
9041 11
9042 10
9043 10
9044 10
9045 11
9046 9
9047 7
9048 5
9049 6
9050 3
9051 4
9052 5
9053 7
9054 6
9055 6
9056 5
9057 4
9058 3
9059 3
9060 6
9061 9
9062 7
9063 9
9064 8
9065 12
9066 11
9067 11
9068 11
9069 11
9070 12
9071 11
9072 11
9073 11
9074 10
9075 10
9076 10
9077 11
9078 11
9079 11
9080 12
9081 9
9082 9
9083 6
9084 4
9085 2
9086 5
9087 7
9088 9
9089 8
9090 9
9091 10
9092 11
9093 8
9094 9
9095 9
9096 9
9097 7
9098 6
9099 5
9100 2
9101 2
9102 1
9103 2
9104 1
9105 3
9106 4
9107 2
9108 3
9109 2
9110 3
9111 1
9112 2
9113 3
9114 3
9115 2
9116 3
9117 2
9118 5
9119 5
9120 5
9121 5
9122 5
9123 7
9124 6
9125 4
9126 3
9127 2
9128 1
9129 5
9130 4
9131 4
9132 2
9133 2
9134 0
9135 3
9136 2
9137 1
9138 4
9139 4
9140 4
9141 3
9142 2
9143 2
9144 2
9145 3
9146 1
9147 6
9148 9
9149 11
9150 13
9151 12
9152 14
9153 13
9154 15
9155 12
9156 13
9157 12
9158 12
9159 12
9160 12
9161 11
9162 10
9163 11
9164 9
9165 8
9166 7
9167 5
9168 6
9169 4
9170 2
9171 2
9172 3
9173 2
9174 5
9175 3
9176 2
9177 7
9178 9
9179 9
9180 11
9181 12
9182 10
9183 9
9184 10
9185 8
9186 5
9187 4
9188 6
9189 6
9190 5
9191 5
9192 5
9193 3
9194 3
9195 3
9196 4
9197 3
9198 4
9199 5
9200 6
9201 7
9202 6
9203 7
9204 7
9205 7
9206 7
9207 6
9208 6
9209 6
9210 6
9211 4
9212 5
9213 5
9214 4
9215 5
9216 3
9217 6
9218 5
9219 4
9220 4
9221 3
9222 2
9223 3
9224 3
9225 0
9226 4
9227 3
9228 3
9229 3
9230 1
9231 5
9232 4
9233 3
9234 2
9235 2
9236 1
9237 1
9238 3
9239 3
9240 0
9241 2
9242 5
9243 3
9244 2
9245 2
9246 4
9247 2
9248 3
9249 4
9250 6
9251 5
9252 3
9253 5
9254 7
9255 5
9256 5
9257 3
9258 4
9259 4
9260 4
9261 2
9262 3
9263 6
9264 9
9265 10
9266 8
9267 8
9268 7
9269 5
9270 7
9271 8
9272 9
9273 9
9274 8
9275 10
9276 8
9277 9
9278 9
9279 9
9280 12
9281 12
9282 11
9283 13
9284 13
9285 14
9286 13
9287 11
9288 13
9289 14
9290 14
9291 12
9292 12
9293 11
9294 14
9295 16
9296 13
9297 14
9298 14
9299 13
9300 14
9301 14
9302 14
9303 13
9304 13
9305 12
9306 13
9307 13
9308 12
9309 10
9310 9
9311 9
9312 6
9313 4
9314 3
9315 3
9316 2
9317 4
9318 7
9319 5
9320 6
9321 5
9322 3
9323 2
9324 4
9325 2
9326 7
9327 6
9328 3
9329 2
9330 3
9331 0
9332 2
9333 6
9334 6
9335 7
9336 5
9337 6
9338 5
9339 4
9340 1
9341 3
9342 4
9343 3
9344 2
9345 5
9346 4
9347 2
9348 2
9349 4
9350 4
9351 4
9352 7
9353 9
9354 12
9355 11
9356 11
9357 12
9358 13
9359 13
9360 11
9361 10
9362 9
9363 9
9364 9
9365 12
9366 14
9367 14
9368 15
9369 12
9370 10
9371 9
9372 8
9373 9
9374 8
9375 7
9376 8
9377 10
9378 9
9379 9
9380 9
9381 9
9382 8
9383 8
9384 8
9385 9
9386 9
9387 9
9388 8
9389 7
9390 6
9391 8
9392 6
9393 6
9394 5
9395 5
9396 7
9397 8
9398 9
9399 9
9400 12
9401 14
9402 14
9403 14
9404 13
9405 11
9406 11
9407 15
9408 12
9409 12
9410 11
9411 9
9412 10
9413 10
9414 9
9415 10
9416 9
9417 9
9418 9
9419 10
9420 9
9421 8
9422 9
9423 7
9424 8
9425 8
9426 9
9427 8
9428 7
9429 5
9430 7
9431 7
9432 5
9433 4
9434 3
9435 2
9436 2
9437 2
9438 3
9439 0
9440 1
9441 0
9442 2
9443 3
9444 6
9445 4
9446 5
9447 6
9448 5
9449 6
9450 7
9451 8
9452 9
9453 9
9454 10
9455 11
9456 10
9457 9
9458 10
9459 11
9460 9
9461 8
9462 7
9463 8
9464 7
9465 7
9466 8
9467 7
9468 10
9469 10
9470 9
9471 8
9472 6
9473 6
9474 7
9475 7
9476 8
9477 7
9478 7
9479 6
9480 6
9481 8
9482 7
9483 6
9484 6
9485 8
9486 7
9487 6
9488 8
9489 11
9490 11
9491 10
9492 12
9493 12
9494 12
9495 10
9496 12
9497 10
9498 12
9499 12
9500 10
9501 7
9502 7
9503 5
9504 5
9505 4
9506 6
9507 8
9508 7
9509 7
9510 9
9511 11
9512 12
9513 10
9514 11
9515 11
9516 12
9517 11
9518 12
9519 13
9520 14
9521 14
9522 13
9523 15
9524 12
9525 10
9526 9
9527 10
9528 13
9529 14
9530 14
9531 14
9532 15
9533 12
9534 13
9535 16
9536 13
9537 14
9538 17
9539 14
9540 16
9541 13
9542 13
9543 15
9544 12
9545 10
9546 10
9547 11
9548 10
9549 12
9550 13
9551 15
9552 12
9553 14
9554 14
9555 14
9556 11
9557 12
9558 14
9559 15
9560 12
9561 10
9562 11
9563 8
9564 6
9565 5
9566 4
9567 2
9568 7
9569 6
9570 8
9571 6
9572 7
9573 6
9574 7
9575 5
9576 7
9577 7
9578 6
9579 7
9580 8
9581 10
9582 9
9583 8
9584 7
9585 6
9586 5
9587 4
9588 4
9589 6
9590 5
9591 6
9592 4
9593 5
9594 5
9595 5
9596 6
9597 6
9598 6
9599 8
9600 9
9601 8
9602 9
9603 8
9604 10
9605 14
9606 13
9607 11
9608 11
9609 10
9610 10
9611 9
9612 8
9613 10
9614 8
9615 6
9616 5
9617 3
9618 4
9619 3
9620 6
9621 7
9622 8
9623 7
9624 6
9625 3
9626 4
9627 4
9628 6
9629 7
9630 10
9631 8
9632 7
9633 6
9634 4
9635 4
9636 3
9637 5
9638 7
9639 7
9640 7
9641 5
9642 6
9643 6
9644 4
9645 4
9646 5
9647 6
9648 4
9649 3
9650 2
9651 4
9652 1
9653 5
9654 5
9655 3
9656 3
9657 4
9658 3
9659 3
9660 4
9661 3
9662 3
9663 1
9664 3
9665 4
9666 3
9667 4
9668 6
9669 5
9670 5
9671 5
9672 4
9673 3
9674 4
9675 2
9676 3
9677 4
9678 4
9679 4
9680 3
9681 6
9682 6
9683 5
9684 5
9685 5
9686 6
9687 5
9688 8
9689 8
9690 9
9691 8
9692 9
9693 9
9694 9
9695 8
9696 7
9697 9
9698 8
9699 10
9700 10
9701 11
9702 12
9703 13
9704 14
9705 14
9706 18
9707 15
9708 12
9709 9
9710 9
9711 8
9712 8
9713 7
9714 7
9715 9
9716 10
9717 9
9718 8
9719 9
9720 11
9721 11
9722 9
9723 8
9724 8
9725 9
9726 6
9727 5
9728 3
9729 2
9730 1
9731 2
9732 2
9733 3
9734 1
9735 2
9736 5
9737 4
9738 4
9739 4
9740 7
9741 8
9742 10
9743 10
9744 11
9745 9
9746 12
9747 13
9748 11
9749 13
9750 13
9751 13
9752 13
9753 14
9754 14
9755 16
9756 13
9757 14
9758 12
9759 12
9760 12
9761 10
9762 11
9763 12
9764 12
9765 12
9766 14
9767 14
9768 14
9769 16
9770 13
9771 15
9772 12
9773 13
9774 15
9775 12
9776 13
9777 12
9778 11
9779 10
9780 10
9781 10
9782 10
9783 10
9784 9
9785 7
9786 6
9787 5
9788 4
9789 3
9790 2
9791 4
9792 6
9793 6
9794 5
9795 4
9796 4
9797 4
9798 4
9799 5
9800 3
9801 3
9802 2
9803 4
9804 2
9805 4
9806 6
9807 8
9808 8
9809 9
9810 10
9811 9
9812 9
9813 9
9814 9
9815 11
9816 11
9817 13
9818 11
9819 8
9820 6
9821 6
9822 7
9823 8
9824 8
9825 7
9826 6
9827 4
9828 6
9829 6
9830 8
9831 7
9832 5
9833 7
9834 10
9835 11
9836 9
9837 10
9838 10
9839 11
9840 8
9841 9
9842 11
9843 9
9844 9
9845 6
9846 4
9847 5
9848 5
9849 3
9850 0
9851 2
9852 3
9853 2
9854 0
9855 3
9856 4
9857 2
9858 3
9859 3
9860 4
9861 6
9862 7
9863 6
9864 5
9865 6
9866 8
9867 9
9868 10
9869 11
9870 11
9871 9
9872 10
9873 14
9874 14
9875 14
9876 14
9877 17
9878 14
9879 15
9880 12
9881 11
9882 9
9883 6
9884 8
9885 9
9886 9
9887 9
9888 9
9889 11
9890 10
9891 7
9892 5
9893 8
9894 11
9895 9
9896 8
9897 9
9898 8
9899 8
9900 9
9901 9
9902 6
9903 8
9904 10
9905 10
9906 8
9907 8
9908 8
9909 8
9910 8
9911 7
9912 6
9913 6
9914 5
9915 5
9916 5
9917 7
9918 7
9919 6
9920 5
9921 5
9922 5
9923 8
9924 9
9925 9
9926 10
9927 10
9928 10
9929 9
9930 9
9931 8
9932 8
9933 8
9934 6
9935 3
9936 3
9937 1
9938 3
9939 0
9940 3
9941 1
9942 4
9943 6
9944 8
9945 7
9946 6
9947 8
9948 7
9949 7
9950 6
9951 5
9952 4
9953 4
9954 4
9955 7
9956 8
9957 8
9958 6
9959 5
9960 4
9961 6
9962 9
9963 7
9964 8
9965 7
9966 6
9967 6
9968 5
9969 6
9970 5
9971 7
9972 7
9973 6
9974 4
9975 4
9976 5
9977 5
9978 4
9979 4
9980 2
9981 5
9982 2
9983 4
9984 3
9985 1
9986 4
9987 4
9988 6
9989 5
9990 5
9991 6
9992 5
9993 4
9994 4
9995 5
9996 4
9997 8
9998 6
9999 9
