0 9
1 8
2 5
3 3
4 0
5 1
6 0
7 1
8 0
9 2
10 0
11 2
12 1
13 1
14 2
15 3
16 0
17 0
18 2
19 1
20 1
21 0
22 1
23 0
24 0
25 1
26 2
27 1
28 0
29 0
30 0
31 0
32 0
33 2
34 1
35 0
36 1
37 0
38 0
39 0
40 0
41 1
42 0
43 0
44 0
45 0
46 0
47 0
48 1
49 1
50 0
51 1
52 1
53 3
54 0
55 0
56 1
57 0
58 1
59 0
60 1
61 1
62 0
63 0
64 2
65 1
66 0
67 0
68 1
69 0
70 0
71 0
72 1
73 0
74 1
75 2
76 1
77 0
78 1
79 1
80 0
81 0
82 0
83 0
84 1
85 2
86 0
87 2
88 0
89 0
90 0
91 1
92 0
93 0
94 3
95 0
96 0
97 0
98 1
99 1
100 0
101 1
102 2
103 0
104 0
105 1
106 0
107 0
108 1
109 2
110 0
111 0
112 0
113 1
114 0
115 2
116 1
117 0
118 0
119 0
120 0
121 0
122 0
123 1
124 0
125 1
126 1
127 0
128 1
129 1
130 1
131 1
132 1
133 1
134 0
135 0
136 0
137 0
138 0
139 1
140 1
141 0
142 3
143 0
144 1
145 0
146 0
147 2
148 0
149 0
150 0
151 2
152 0
153 1
154 1
155 0
156 1
157 0
158 0
159 1
160 0
161 0
162 0
163 1
164 1
165 1
166 0
167 1
168 0
169 1
170 1
171 1
172 0
173 3
174 0
175 0
176 0
177 0
178 0
179 0
180 1
181 2
182 1
183 0
184 0
185 1
186 0
187 2
188 1
189 1
190 0
191 0
192 1
193 1
194 0
195 1
196 3
197 3
198 2
199 1
200 0
201 1
202 0
203 0
204 1
205 2
206 1
207 0
208 1
209 0
210 1
211 0
212 0
213 0
214 1
215 0
216 0
217 0
218 0
219 0
220 1
221 1
222 2
223 1
224 1
225 1
226 0
227 0
228 1
229 0
230 0
231 1
232 1
233 0
234 0
235 1
236 0
237 0
238 2
239 0
240 1
241 0
242 0
243 0
244 1
245 0
246 1
247 0
248 0
249 0
250 0
251 1
252 2
253 0
254 0
255 1
256 0
257 1
258 2
259 0
260 0
261 1
262 1
263 0
264 1
265 0
266 2
267 0
268 1
269 0
270 1
271 1
272 1
273 3
274 0
275 2
276 1
277 2
278 0
279 1
280 2
281 0
282 0
283 1
284 1
285 0
286 1
287 0
288 2
289 0
290 0
291 0
292 3
293 0
294 2
295 0
296 0
297 0
298 0
299 1
300 1
301 1
302 2
303 1
304 1
305 1
306 1
307 2
308 0
309 0
310 1
311 2
312 0
313 5
314 2
315 1
316 1
317 0
318 3
319 0
320 0
321 2
322 0
323 0
324 0
325 2
326 0
327 1
328 1
329 0
330 1
331 2
332 1
333 0
334 0
335 1
336 0
337 1
338 0
339 1
340 1
341 1
342 0
343 0
344 0
345 0
346 0
347 1
348 1
349 0
350 1
351 1
352 2
353 2
354 1
355 0
356 0
357 0
358 0
359 1
360 0
361 2
362 0
363 1
364 0
365 0
366 1
367 0
368 0
369 1
370 2
371 1
372 2
373 1
374 0
375 1
376 1
377 2
378 2
379 0
380 2
381 0
382 0
383 0
384 0
385 0
386 0
387 0
388 0
389 0
390 0
391 1
392 0
393 2
394 0
395 1
396 2
397 0
398 2
399 1
400 1
401 2
402 0
403 0
404 0
405 0
406 0
407 1
408 0
409 0
410 2
411 0
412 0
413 1
414 0
415 0
416 0
417 0
418 3
419 0
420 2
421 2
422 1
423 2
424 1
425 0
426 1
427 1
428 0
429 0
430 0
431 1
432 0
433 0
434 0
435 2
436 1
437 0
438 1
439 1
440 1
441 0
442 1
443 1
444 0
445 0
446 0
447 0
448 1
449 1
450 1
451 0
452 1
453 1
454 1
455 0
456 0
457 0
458 0
459 1
460 1
461 0
462 0
463 0
464 0
465 0
466 0
467 1
468 0
469 2
470 2
471 0
472 0
473 0
474 1
475 0
476 0
477 2
478 1
479 2
480 1
481 0
482 1
483 1
484 1
485 0
486 1
487 1
488 0
489 0
490 2
491 1
492 1
493 0
494 0
495 0
496 1
497 0
498 1
499 0
500 1
501 2
502 0
503 0
504 0
505 1
506 0
507 0
508 0
509 1
510 3
511 0
512 0
513 0
514 0
515 2
516 2
517 2
518 0
519 1
520 0
521 0
522 0
523 1
524 0
525 0
526 0
527 0
528 1
529 2
530 2
531 0
532 0
533 1
534 1
535 2
536 0
537 0
538 1
539 2
540 1
541 0
542 0
543 0
544 0
545 1
546 1
547 0
548 0
549 1
550 0
551 0
552 1
553 0
554 1
555 0
556 1
557 0
558 1
559 2
560 2
561 0
562 0
563 0
564 1
565 0
566 0
567 1
568 0
569 0
570 0
571 1
572 0
573 3
574 0
575 1
576 0
577 1
578 0
579 1
580 1
581 0
582 0
583 3
584 0
585 0
586 0
587 1
588 0
589 1
590 0
591 2
592 1
593 0
594 1
595 2
596 1
597 2
598 1
599 0
600 0
601 2
602 1
603 3
604 0
605 1
606 1
607 1
608 0
609 1
610 1
611 0
612 1
613 1
614 0
615 1
616 0
617 0
618 1
619 1
620 0
621 1
622 0
623 0
624 1
625 3
626 1
627 1
628 1
629 0
630 2
631 0
632 0
633 2
634 0
635 0
636 0
637 1
638 0
639 0
640 0
641 1
642 2
643 2
644 1
645 1
646 0
647 0
648 1
649 1
650 1
651 0
652 0
653 1
654 0
655 1
656 0
657 1
658 0
659 0
660 0
661 1
662 0
663 1
664 0
665 0
666 1
667 2
668 1
669 0
670 1
671 0
672 1
673 0
674 0
675 2
676 0
677 1
678 0
679 2
680 1
681 2
682 0
683 0
684 0
685 3
686 0
687 1
688 0
689 1
690 2
691 1
692 0
693 2
694 1
695 0
696 2
697 0
698 1
699 0
700 0
701 0
702 0
703 1
704 0
705 1
706 1
707 1
708 1
709 0
710 0
711 0
712 1
713 0
714 1
715 1
716 0
717 1
718 0
719 0
720 1
721 0
722 1
723 0
724 1
725 1
726 0
727 0
728 0
729 1
730 0
731 1
732 0
733 0
734 0
735 1
736 0
737 1
738 2
739 1
740 1
741 0
742 0
743 0
744 0
745 1
746 3
747 1
748 0
749 0
750 0
751 1
752 1
753 1
754 1
755 1
756 2
757 1
758 1
759 2
760 0
761 0
762 0
763 1
764 2
765 0
766 0
767 1
768 0
769 0
770 0
771 0
772 0
773 0
774 0
775 0
776 0
777 0
778 0
779 0
780 1
781 1
782 0
783 0
784 0
785 0
786 0
787 1
788 0
789 3
790 0
791 0
792 4
793 3
794 0
795 0
796 0
797 0
798 1
799 0
800 0
801 1
802 1
803 2
804 0
805 1
806 2
807 1
808 1
809 1
810 0
811 0
812 0
813 0
814 1
815 0
816 1
817 1
818 1
819 0
820 0
821 1
822 0
823 1
824 0
825 1
826 1
827 1
828 0
829 0
830 0
831 1
832 0
833 0
834 0
835 1
836 0
837 0
838 0
839 0
840 1
841 1
842 0
843 1
844 1
845 2
846 0
847 1
848 1
849 1
850 2
851 0
852 0
853 0
854 3
855 4
856 2
857 1
858 1
859 0
860 0
861 0
862 2
863 0
864 1
865 1
866 1
867 3
868 1
869 0
870 1
871 0
872 0
873 2
874 0
875 1
876 0
877 1
878 0
879 0
880 2
881 0
882 2
883 1
884 1
885 1
886 1
887 0
888 0
889 2
890 0
891 0
892 0
893 1
894 0
895 0
896 0
897 0
898 0
899 1
900 0
901 2
902 0
903 0
904 0
905 0
906 1
907 0
908 1
909 0
910 1
911 1
912 0
913 1
914 1
915 0
916 2
917 1
918 0
919 1
920 0
921 0
922 1
923 1
924 2
925 1
926 2
927 1
928 1
929 1
930 0
931 0
932 0
933 1
934 2
935 2
936 0
937 1
938 0
939 1
940 0
941 0
942 0
943 2
944 1
945 0
946 0
947 2
948 0
949 0
950 0
951 0
952 2
953 1
954 2
955 0
956 0
957 0
958 0
959 0
960 0
961 0
962 0
963 0
964 0
965 0
966 0
967 0
968 0
969 0
970 0
971 1
972 0
973 0
974 0
975 0
976 1
977 0
978 0
979 1
980 1
981 2
982 1
983 0
984 1
985 1
986 0
987 1
988 4
989 2
990 0
991 2
992 0
993 0
994 1
995 2
996 0
997 0
998 2
999 0
1000 0
1001 0
1002 1
1003 1
1004 0
1005 1
1006 1
1007 1
1008 0
1009 1
1010 0
1011 1
1012 0
1013 0
1014 0
1015 0
1016 0
1017 0
1018 1
1019 0
1020 1
1021 2
1022 1
1023 0
1024 1
1025 1
1026 0
1027 0
1028 1
1029 2
1030 0
1031 0
1032 1
1033 0
1034 1
1035 0
1036 1
1037 1
1038 0
1039 0
1040 0
1041 0
1042 0
1043 0
1044 0
1045 0
1046 0
1047 1
1048 0
1049 0
1050 1
1051 0
1052 0
1053 1
1054 0
1055 0
1056 1
1057 2
1058 1
1059 0
1060 0
1061 0
1062 2
1063 1
1064 0
1065 0
1066 1
1067 1
1068 0
1069 2
1070 0
1071 1
1072 1
1073 2
1074 1
1075 1
1076 0
1077 1
1078 1
1079 0
1080 0
1081 1
1082 1
1083 1
1084 0
1085 0
1086 0
1087 0
1088 2
1089 2
1090 0
1091 2
1092 0
1093 0
1094 0
1095 0
1096 1
1097 2
1098 0
1099 1
1100 0
1101 0
1102 0
1103 1
1104 1
1105 0
1106 0
1107 0
1108 0
1109 1
1110 2
1111 0
1112 0
1113 3
1114 1
1115 2
1116 1
1117 2
1118 1
1119 0
1120 0
1121 0
1122 0
1123 2
1124 0
1125 1
1126 1
1127 0
1128 0
1129 0
1130 0
1131 2
1132 1
1133 1
1134 0
1135 0
1136 0
1137 1
1138 0
1139 0
1140 2
1141 2
1142 0
1143 0
1144 1
1145 0
1146 0
1147 0
1148 0
1149 1
1150 0
1151 2
1152 0
1153 0
1154 1
1155 0
1156 1
1157 0
1158 0
1159 1
1160 0
1161 0
1162 1
1163 0
1164 0
1165 1
1166 0
1167 0
1168 1
1169 0
1170 0
1171 0
1172 0
1173 0
1174 2
1175 0
1176 2
1177 1
1178 0
1179 0
1180 0
1181 1
1182 0
1183 0
1184 1
1185 0
1186 2
1187 0
1188 1
1189 0
1190 2
1191 0
1192 3
1193 1
1194 1
1195 2
1196 1
1197 0
1198 0
1199 0
1200 0
1201 0
1202 0
1203 0
1204 0
1205 2
1206 1
1207 0
1208 1
1209 1
1210 2
1211 0
1212 0
1213 1
1214 0
1215 0
1216 0
1217 0
1218 1
1219 0
1220 0
1221 0
1222 1
1223 0
1224 2
1225 2
1226 2
1227 0
1228 1
1229 0
1230 1
1231 1
1232 1
1233 0
1234 0
1235 2
1236 1
1237 0
1238 0
1239 0
1240 1
1241 0
1242 0
1243 0
1244 2
1245 0
1246 1
1247 0
1248 2
1249 1
1250 1
1251 0
1252 0
1253 0
1254 0
1255 0
1256 1
1257 0
1258 0
1259 0
1260 0
1261 1
1262 0
1263 0
1264 1
1265 1
1266 0
1267 0
1268 3
1269 1
1270 0
1271 0
1272 0
1273 0
1274 0
1275 0
1276 0
1277 0
1278 1
1279 1
1280 0
1281 0
1282 0
1283 1
1284 0
1285 1
1286 3
1287 0
1288 1
1289 1
1290 1
1291 1
1292 0
1293 0
1294 0
1295 1
1296 0
1297 3
1298 2
1299 0
1300 0
1301 0
1302 1
1303 0
1304 0
1305 1
1306 2
1307 0
1308 1
1309 0
1310 0
1311 0
1312 0
1313 0
1314 1
1315 0
1316 1
1317 1
1318 0
1319 1
1320 0
1321 0
1322 1
1323 1
1324 1
1325 1
1326 2
1327 2
1328 1
1329 1
1330 1
1331 0
1332 1
1333 0
1334 0
1335 1
1336 1
1337 1
1338 0
1339 0
1340 1
1341 2
1342 0
1343 0
1344 0
1345 0
1346 0
1347 0
1348 1
1349 0
1350 2
1351 1
1352 3
1353 0
1354 0
1355 0
1356 0
1357 1
1358 0
1359 1
1360 0
1361 0
1362 0
1363 0
1364 0
1365 0
1366 0
1367 1
1368 0
1369 1
1370 3
1371 1
1372 0
1373 0
1374 3
1375 0
1376 0
1377 2
1378 2
1379 0
1380 0
1381 0
1382 1
1383 0
1384 0
1385 1
1386 0
1387 1
1388 1
1389 1
1390 1
1391 1
1392 1
1393 1
1394 1
1395 0
1396 0
1397 0
1398 0
1399 2
1400 1
1401 0
1402 0
1403 0
1404 1
1405 0
1406 0
1407 0
1408 0
1409 2
1410 1
1411 0
1412 0
1413 0
1414 1
1415 1
1416 1
1417 1
1418 1
1419 0
1420 3
1421 1
1422 1
1423 0
1424 0
1425 1
1426 0
1427 0
1428 0
1429 0
1430 0
1431 2
1432 0
1433 3
1434 0
1435 0
1436 1
1437 1
1438 0
1439 0
1440 0
1441 0
1442 0
1443 0
1444 1
1445 0
1446 0
1447 0
1448 1
1449 1
1450 1
1451 0
1452 0
1453 0
1454 0
1455 0
1456 0
1457 0
1458 0
1459 0
1460 0
1461 0
1462 1
1463 1
1464 0
1465 2
1466 0
1467 1
1468 0
1469 2
1470 0
1471 0
1472 0
1473 1
1474 0
1475 0
1476 0
1477 0
1478 1
1479 1
1480 2
1481 0
1482 1
1483 0
1484 1
1485 1
1486 0
1487 0
1488 2
1489 0
1490 0
1491 0
1492 2
1493 0
1494 0
1495 0
1496 1
1497 1
1498 1
1499 0
1500 0
1501 0
1502 2
1503 1
1504 1
1505 0
1506 0
1507 0
1508 0
1509 1
1510 0
1511 1
1512 1
1513 0
1514 1
1515 0
1516 0
1517 1
1518 2
1519 1
1520 0
1521 2
1522 1
1523 1
1524 0
1525 1
1526 1
1527 1
1528 2
1529 2
1530 1
1531 0
1532 1
1533 0
1534 0
1535 0
1536 0
1537 1
1538 2
1539 0
1540 1
1541 3
1542 1
1543 0
1544 1
1545 0
1546 1
1547 1
1548 0
1549 1
1550 1
1551 0
1552 2
1553 0
1554 0
1555 0
1556 1
1557 1
1558 2
1559 1
1560 0
1561 0
1562 1
1563 0
1564 1
1565 0
1566 0
1567 0
1568 1
1569 0
1570 1
1571 0
1572 1
1573 0
1574 0
1575 0
1576 0
1577 0
1578 0
1579 1
1580 0
1581 0
1582 0
1583 1
1584 1
1585 1
1586 1
1587 1
1588 0
1589 0
1590 0
1591 0
1592 2
1593 1
1594 0
1595 0
1596 1
1597 0
1598 0
1599 0
1600 0
1601 1
1602 1
1603 0
1604 1
1605 1
1606 1
1607 4
1608 1
1609 0
1610 2
1611 1
1612 1
1613 0
1614 0
1615 0
1616 0
1617 0
1618 0
1619 1
1620 0
1621 0
1622 0
1623 1
1624 0
1625 0
1626 1
1627 0
1628 0
1629 2
1630 0
1631 1
1632 2
1633 1
1634 1
1635 0
1636 1
1637 1
1638 2
1639 1
1640 2
1641 0
1642 1
1643 0
1644 1
1645 2
1646 1
1647 0
1648 2
1649 2
1650 0
1651 2
1652 0
1653 1
1654 2
1655 1
1656 0
1657 2
1658 2
1659 1
1660 1
1661 0
1662 1
1663 0
1664 0
1665 1
1666 2
1667 1
1668 0
1669 2
1670 0
1671 2
1672 1
1673 1
1674 0
1675 0
1676 2
1677 0
1678 1
1679 1
1680 0
1681 0
1682 0
1683 1
1684 1
1685 0
1686 1
1687 1
1688 1
1689 0
1690 0
1691 0
1692 0
1693 0
1694 1
1695 1
1696 1
1697 1
1698 1
1699 0
1700 0
1701 0
1702 0
1703 0
1704 0
1705 0
1706 1
1707 0
1708 1
1709 0
1710 0
1711 1
1712 1
1713 2
1714 1
1715 0
1716 1
1717 0
1718 0
1719 0
1720 0
1721 1
1722 0
1723 0
1724 2
1725 0
1726 1
1727 0
1728 0
1729 1
1730 1
1731 2
1732 0
1733 0
1734 0
1735 0
1736 1
1737 1
1738 1
1739 1
1740 0
1741 1
1742 0
1743 0
1744 0
1745 0
1746 0
1747 0
1748 0
1749 0
1750 2
1751 1
1752 0
1753 0
1754 1
1755 1
1756 0
1757 0
1758 1
1759 0
1760 0
1761 0
1762 1
1763 1
1764 0
1765 1
1766 0
1767 0
1768 1
1769 0
1770 0
1771 0
1772 0
1773 1
1774 0
1775 1
1776 1
1777 1
1778 0
1779 2
1780 1
1781 0
1782 0
1783 1
1784 0
1785 2
1786 0
1787 1
1788 0
1789 0
1790 0
1791 0
1792 0
1793 0
1794 0
1795 0
1796 0
1797 0
1798 1
1799 0
1800 0
1801 1
1802 0
1803 1
1804 0
1805 0
1806 1
1807 0
1808 1
1809 0
1810 1
1811 0
1812 0
1813 0
1814 1
1815 0
1816 0
1817 3
1818 1
1819 2
1820 1
1821 0
1822 2
1823 1
1824 0
1825 0
1826 0
1827 0
1828 0
1829 0
1830 2
1831 2
1832 0
1833 0
1834 2
1835 1
1836 0
1837 0
1838 0
1839 0
1840 0
1841 0
1842 2
1843 1
1844 1
1845 1
1846 1
1847 0
1848 2
1849 0
1850 1
1851 0
1852 0
1853 2
1854 0
1855 0
1856 0
1857 0
1858 0
1859 0
1860 0
1861 2
1862 0
1863 0
1864 0
1865 1
1866 0
1867 1
1868 1
1869 0
1870 0
1871 0
1872 0
1873 0
1874 1
1875 0
1876 1
1877 0
1878 0
1879 2
1880 0
1881 1
1882 0
1883 0
1884 0
1885 1
1886 0
1887 0
1888 0
1889 0
1890 0
1891 1
1892 1
1893 2
1894 0
1895 0
1896 0
1897 0
1898 0
1899 1
1900 0
1901 0
1902 0
1903 1
1904 1
1905 1
1906 0
1907 1
1908 0
1909 0
1910 1
1911 0
1912 0
1913 0
1914 2
1915 0
1916 1
1917 1
1918 0
1919 0
1920 0
1921 1
1922 1
1923 1
1924 0
1925 1
1926 1
1927 1
1928 0
1929 0
1930 0
1931 1
1932 0
1933 1
1934 0
1935 1
1936 1
1937 0
1938 0
1939 1
1940 1
1941 1
1942 2
1943 0
1944 0
1945 0
1946 1
1947 0
1948 1
1949 0
1950 1
1951 0
1952 2
1953 0
1954 2
1955 0
1956 0
1957 0
1958 1
1959 3
1960 1
1961 1
1962 1
1963 0
1964 0
1965 1
1966 1
1967 0
1968 0
1969 2
1970 0
1971 0
1972 0
1973 0
1974 0
1975 1
1976 0
1977 0
1978 0
1979 0
1980 1
1981 1
1982 1
1983 2
1984 1
1985 1
1986 0
1987 1
1988 0
1989 0
1990 1
1991 0
1992 1
1993 1
1994 0
1995 2
1996 0
1997 0
1998 0
1999 0
2000 0
2001 3
2002 0
2003 0
2004 2
2005 1
2006 2
2007 2
2008 0
2009 0
2010 0
2011 0
2012 0
2013 0
2014 0
2015 0
2016 0
2017 1
2018 1
2019 0
2020 0
2021 1
2022 1
2023 1
2024 0
2025 0
2026 1
2027 2
2028 0
2029 1
2030 0
2031 0
2032 0
2033 0
2034 0
2035 0
2036 0
2037 0
2038 0
2039 1
2040 0
2041 3
2042 1
2043 0
2044 0
2045 0
2046 1
2047 0
2048 0
2049 0
2050 1
2051 0
2052 0
2053 0
2054 0
2055 0
2056 0
2057 1
2058 1
2059 3
2060 0
2061 2
2062 0
2063 1
2064 0
2065 1
2066 0
2067 0
2068 0
2069 1
2070 0
2071 1
2072 0
2073 0
2074 0
2075 0
2076 1
2077 0
2078 0
2079 1
2080 1
2081 1
2082 2
2083 0
2084 1
2085 0
2086 0
2087 0
2088 0
2089 1
2090 1
2091 0
2092 0
2093 2
2094 1
2095 2
2096 0
2097 1
2098 0
2099 0
2100 1
2101 0
2102 0
2103 0
2104 2
2105 2
2106 0
2107 0
2108 1
2109 0
2110 0
2111 0
2112 1
2113 1
2114 0
2115 1
2116 0
2117 0
2118 1
2119 0
2120 0
2121 0
2122 1
2123 0
2124 1
2125 0
2126 1
2127 0
2128 1
2129 3
2130 2
2131 0
2132 0
2133 0
2134 1
2135 2
2136 1
2137 0
2138 3
2139 1
2140 0
2141 0
2142 0
2143 0
2144 0
2145 1
2146 1
2147 0
2148 1
2149 1
2150 0
2151 0
2152 1
2153 0
2154 0
2155 1
2156 0
2157 0
2158 0
2159 0
2160 2
2161 1
2162 0
2163 1
2164 1
2165 0
2166 2
2167 0
2168 1
2169 1
2170 0
2171 2
2172 1
2173 1
2174 1
2175 0
2176 0
2177 0
2178 0
2179 1
2180 0
2181 0
2182 0
2183 0
2184 1
2185 1
2186 0
2187 1
2188 1
2189 1
2190 0
2191 0
2192 1
2193 0
2194 0
2195 1
2196 1
2197 1
2198 0
2199 0
2200 0
2201 0
2202 2
2203 0
2204 0
2205 0
2206 2
2207 1
2208 2
2209 1
2210 0
2211 2
2212 0
2213 1
2214 0
2215 1
2216 1
2217 2
2218 2
2219 0
2220 1
2221 0
2222 0
2223 0
2224 0
2225 1
2226 0
2227 0
2228 1
2229 2
2230 0
2231 0
2232 0
2233 0
2234 1
2235 1
2236 2
2237 0
2238 0
2239 0
2240 2
2241 2
2242 0
2243 1
2244 0
2245 1
2246 0
2247 1
2248 1
2249 2
2250 0
2251 2
2252 0
2253 0
2254 0
2255 0
2256 1
2257 1
2258 2
2259 2
2260 2
2261 2
2262 1
2263 0
2264 0
2265 1
2266 1
2267 0
2268 0
2269 0
2270 2
2271 0
2272 1
2273 0
2274 1
2275 2
2276 0
2277 2
2278 0
2279 2
2280 0
2281 0
2282 0
2283 2
2284 1
2285 1
2286 0
2287 1
2288 1
2289 0
2290 0
2291 1
2292 0
2293 1
2294 0
2295 2
2296 1
2297 0
2298 1
2299 1
2300 0
2301 1
2302 0
2303 0
2304 0
2305 0
2306 2
2307 0
2308 1
2309 0
2310 0
2311 0
2312 1
2313 0
2314 1
2315 1
2316 0
2317 0
2318 0
2319 0
2320 0
2321 0
2322 0
2323 1
2324 1
2325 0
2326 0
2327 0
2328 0
2329 1
2330 1
2331 0
2332 0
2333 1
2334 0
2335 0
2336 1
2337 3
2338 2
2339 0
2340 0
2341 0
2342 0
2343 0
2344 0
2345 0
2346 1
2347 2
2348 0
2349 0
2350 1
2351 1
2352 0
2353 0
2354 1
2355 0
2356 0
2357 0
2358 1
2359 1
2360 2
2361 0
2362 0
2363 0
2364 1
2365 3
2366 0
2367 0
2368 0
2369 1
2370 1
2371 1
2372 1
2373 1
2374 1
2375 1
2376 0
2377 1
2378 0
2379 1
2380 0
2381 0
2382 1
2383 1
2384 0
2385 2
2386 0
2387 2
2388 0
2389 0
2390 1
2391 0
2392 0
2393 1
2394 0
2395 1
2396 0
2397 0
2398 1
2399 2
2400 0
2401 1
2402 0
2403 1
2404 0
2405 0
2406 1
2407 0
2408 1
2409 0
2410 3
2411 0
2412 0
2413 1
2414 0
2415 0
2416 1
2417 0
2418 1
2419 1
2420 1
2421 2
2422 0
2423 0
2424 0
2425 1
2426 0
2427 0
2428 1
2429 2
2430 2
2431 1
2432 0
2433 1
2434 0
2435 1
2436 0
2437 0
2438 0
2439 1
2440 0
2441 0
2442 1
2443 0
2444 1
2445 0
2446 2
2447 1
2448 0
2449 1
2450 1
2451 1
2452 0
2453 0
2454 0
2455 1
2456 0
2457 0
2458 0
2459 0
2460 1
2461 0
2462 0
2463 0
2464 0
2465 0
2466 2
2467 2
2468 1
2469 0
2470 0
2471 0
2472 1
2473 1
2474 1
2475 0
2476 1
2477 2
2478 1
2479 1
2480 0
2481 0
2482 0
2483 0
2484 0
2485 0
2486 0
2487 0
2488 2
2489 0
2490 0
2491 3
2492 0
2493 1
2494 1
2495 0
2496 1
2497 0
2498 1
2499 0
2500 2
2501 2
2502 0
2503 0
2504 2
2505 0
2506 1
2507 0
2508 2
2509 0
2510 1
2511 0
2512 0
2513 2
2514 0
2515 1
2516 0
2517 1
2518 2
2519 1
2520 1
2521 2
2522 2
2523 0
2524 1
2525 1
2526 0
2527 0
2528 0
2529 1
2530 0
2531 2
2532 0
2533 0
2534 0
2535 0
2536 1
2537 0
2538 0
2539 0
2540 0
2541 1
2542 1
2543 2
2544 0
2545 1
2546 2
2547 0
2548 1
2549 0
2550 0
2551 0
2552 0
2553 0
2554 1
2555 1
2556 0
2557 2
2558 0
2559 0
2560 1
2561 1
2562 1
2563 0
2564 0
2565 1
2566 1
2567 1
2568 0
2569 0
2570 0
2571 1
2572 0
2573 0
2574 0
2575 1
2576 0
2577 0
2578 1
2579 0
2580 0
2581 2
2582 2
2583 3
2584 0
2585 0
2586 0
2587 1
2588 1
2589 0
2590 0
2591 1
2592 0
2593 0
2594 2
2595 2
2596 0
2597 0
2598 0
2599 0
2600 0
2601 0
2602 1
2603 0
2604 0
2605 0
2606 1
2607 0
2608 1
2609 1
2610 0
2611 0
2612 1
2613 1
2614 0
2615 2
2616 0
2617 0
2618 1
2619 0
2620 0
2621 1
2622 0
2623 0
2624 0
2625 0
2626 0
2627 0
2628 0
2629 1
2630 1
2631 2
2632 1
2633 0
2634 0
2635 1
2636 1
2637 1
2638 1
2639 0
2640 1
2641 2
2642 0
2643 1
2644 1
2645 1
2646 1
2647 0
2648 0
2649 0
2650 1
2651 2
2652 1
2653 2
2654 0
2655 2
2656 1
2657 0
2658 1
2659 0
2660 1
2661 0
2662 2
2663 1
2664 0
2665 1
2666 0
2667 2
2668 0
2669 1
2670 0
2671 0
2672 1
2673 1
2674 1
2675 0
2676 1
2677 0
2678 0
2679 1
2680 2
2681 0
2682 2
2683 0
2684 1
2685 0
2686 0
2687 0
2688 1
2689 1
2690 0
2691 0
2692 0
2693 0
2694 1
2695 0
2696 1
2697 0
2698 0
2699 1
2700 0
2701 0
2702 1
2703 1
2704 2
2705 0
2706 0
2707 1
2708 0
2709 0
2710 0
2711 1
2712 0
2713 0
2714 1
2715 0
2716 1
2717 1
2718 0
2719 1
2720 2
2721 1
2722 0
2723 1
2724 0
2725 0
2726 0
2727 0
2728 1
2729 1
2730 3
2731 0
2732 1
2733 1
2734 1
2735 1
2736 0
2737 0
2738 2
2739 1
2740 2
2741 1
2742 2
2743 1
2744 2
2745 0
2746 0
2747 0
2748 1
2749 0
2750 0
2751 1
2752 1
2753 1
2754 0
2755 0
2756 1
2757 0
2758 0
2759 0
2760 0
2761 0
2762 0
2763 0
2764 0
2765 0
2766 0
2767 0
2768 1
2769 0
2770 1
2771 0
2772 1
2773 1
2774 0
2775 0
2776 2
2777 1
2778 2
2779 1
2780 1
2781 0
2782 0
2783 1
2784 0
2785 1
2786 3
2787 1
2788 1
2789 1
2790 0
2791 0
2792 1
2793 1
2794 0
2795 0
2796 1
2797 1
2798 0
2799 1
2800 0
2801 0
2802 1
2803 0
2804 1
2805 0
2806 1
2807 1
2808 0
2809 0
2810 1
2811 0
2812 1
2813 0
2814 3
2815 1
2816 0
2817 0
2818 0
2819 1
2820 1
2821 1
2822 2
2823 1
2824 0
2825 1
2826 0
2827 2
2828 2
2829 0
2830 0
2831 0
2832 1
2833 0
2834 0
2835 0
2836 1
2837 1
2838 2
2839 0
2840 2
2841 0
2842 0
2843 0
2844 1
2845 2
2846 0
2847 0
2848 0
2849 0
2850 0
2851 0
2852 0
2853 0
2854 1
2855 0
2856 3
2857 1
2858 0
2859 0
2860 0
2861 1
2862 1
2863 0
2864 0
2865 2
2866 2
2867 0
2868 1
2869 1
2870 0
2871 1
2872 1
2873 2
2874 0
2875 1
2876 1
2877 1
2878 1
2879 0
2880 0
2881 1
2882 2
2883 0
2884 0
2885 0
2886 1
2887 0
2888 0
2889 0
2890 0
2891 1
2892 0
2893 2
2894 0
2895 0
2896 0
2897 0
2898 1
2899 0
2900 0
2901 1
2902 2
2903 1
2904 0
2905 0
2906 1
2907 0
2908 2
2909 0
2910 0
2911 0
2912 0
2913 0
2914 1
2915 0
2916 1
2917 0
2918 1
2919 1
2920 1
2921 0
2922 0
2923 0
2924 0
2925 0
2926 1
2927 1
2928 1
2929 1
2930 0
2931 2
2932 1
2933 0
2934 0
2935 2
2936 2
2937 1
2938 2
2939 0
2940 1
2941 1
2942 1
2943 0
2944 3
2945 1
2946 1
2947 0
2948 0
2949 0
2950 0
2951 0
2952 1
2953 0
2954 0
2955 1
2956 0
2957 2
2958 0
2959 0
2960 0
2961 0
2962 1
2963 1
2964 2
2965 0
2966 0
2967 1
2968 1
2969 0
2970 2
2971 0
2972 1
2973 1
2974 0
2975 0
2976 0
2977 1
2978 1
2979 2
2980 0
2981 0
2982 1
2983 0
2984 0
2985 1
2986 0
2987 1
2988 0
2989 0
2990 4
2991 3
2992 0
2993 0
2994 1
2995 1
2996 1
2997 0
2998 2
2999 0
3000 0
3001 0
3002 0
3003 0
3004 0
3005 0
3006 0
3007 0
3008 0
3009 1
3010 0
3011 0
3012 0
3013 0
3014 2
3015 0
3016 1
3017 0
3018 0
3019 0
3020 0
3021 1
3022 0
3023 1
3024 0
3025 0
3026 0
3027 0
3028 1
3029 0
3030 0
3031 0
3032 0
3033 1
3034 1
3035 0
3036 0
3037 0
3038 0
3039 1
3040 0
3041 1
3042 1
3043 0
3044 2
3045 1
3046 1
3047 1
3048 1
3049 0
3050 0
3051 0
3052 0
3053 1
3054 0
3055 1
3056 1
3057 0
3058 0
3059 2
3060 1
3061 1
3062 3
3063 2
3064 0
3065 1
3066 0
3067 2
3068 0
3069 0
3070 2
3071 0
3072 0
3073 0
3074 1
3075 1
3076 0
3077 0
3078 0
3079 2
3080 1
3081 0
3082 1
3083 0
3084 1
3085 2
3086 0
3087 1
3088 0
3089 1
3090 0
3091 1
3092 1
3093 0
3094 0
3095 1
3096 0
3097 1
3098 2
3099 2
3100 1
3101 0
3102 2
3103 2
3104 0
3105 1
3106 1
3107 0
3108 4
3109 2
3110 1
3111 0
3112 0
3113 1
3114 1
3115 1
3116 0
3117 1
3118 0
3119 0
3120 0
3121 3
3122 1
3123 0
3124 0
3125 0
3126 1
3127 0
3128 0
3129 0
3130 0
3131 0
3132 1
3133 1
3134 0
3135 1
3136 0
3137 0
3138 0
3139 0
3140 0
3141 1
3142 1
3143 1
3144 2
3145 2
3146 2
3147 0
3148 0
3149 0
3150 0
3151 1
3152 0
3153 1
3154 1
3155 0
3156 0
3157 1
3158 0
3159 0
3160 1
3161 1
3162 0
3163 1
3164 1
3165 1
3166 2
3167 0
3168 0
3169 0
3170 0
3171 1
3172 1
3173 1
3174 1
3175 1
3176 0
3177 1
3178 0
3179 1
3180 0
3181 1
3182 0
3183 1
3184 1
3185 1
3186 3
3187 1
3188 1
3189 0
3190 1
3191 1
3192 0
3193 1
3194 3
3195 1
3196 0
3197 1
3198 1
3199 0
3200 1
3201 1
3202 1
3203 0
3204 0
3205 0
3206 2
3207 2
3208 1
3209 0
3210 0
3211 1
3212 2
3213 0
3214 2
3215 0
3216 1
3217 5
3218 3
3219 0
3220 0
3221 0
3222 0
3223 0
3224 0
3225 1
3226 0
3227 1
3228 0
3229 0
3230 0
3231 1
3232 1
3233 1
3234 3
3235 0
3236 0
3237 1
3238 0
3239 0
3240 0
3241 0
3242 0
3243 0
3244 0
3245 0
3246 0
3247 1
3248 0
3249 0
3250 0
3251 0
3252 0
3253 0
3254 1
3255 0
3256 1
3257 1
3258 1
3259 0
3260 0
3261 1
3262 1
3263 1
3264 0
3265 1
3266 0
3267 0
3268 0
3269 0
3270 0
3271 0
3272 2
3273 0
3274 1
3275 0
3276 1
3277 0
3278 0
3279 2
3280 1
3281 0
3282 0
3283 1
3284 0
3285 1
3286 1
3287 0
3288 1
3289 1
3290 0
3291 0
3292 0
3293 0
3294 1
3295 0
3296 0
3297 0
3298 0
3299 1
3300 2
3301 2
3302 0
3303 2
3304 0
3305 0
3306 0
3307 0
3308 1
3309 1
3310 2
3311 1
3312 0
3313 1
3314 1
3315 0
3316 0
3317 2
3318 1
3319 1
3320 1
3321 1
3322 1
3323 3
3324 0
3325 0
3326 2
3327 0
3328 1
3329 1
3330 0
3331 0
3332 0
3333 1
3334 0
3335 3
3336 1
3337 1
3338 0
3339 0
3340 2
3341 1
3342 0
3343 1
3344 2
3345 2
3346 1
3347 2
3348 0
3349 2
3350 2
3351 0
3352 0
3353 0
3354 0
3355 1
3356 0
3357 1
3358 2
3359 0
3360 2
3361 1
3362 1
3363 1
3364 0
3365 1
3366 1
3367 1
3368 1
3369 1
3370 1
3371 1
3372 1
3373 0
3374 0
3375 1
3376 1
3377 1
3378 1
3379 0
3380 1
3381 1
3382 1
3383 1
3384 2
3385 1
3386 1
3387 2
3388 0
3389 1
3390 1
3391 2
3392 0
3393 0
3394 0
3395 1
3396 0
3397 1
3398 1
3399 0
3400 0
3401 0
3402 1
3403 1
3404 1
3405 0
3406 0
3407 0
3408 0
3409 1
3410 1
3411 0
3412 0
3413 0
3414 1
3415 0
3416 0
3417 1
3418 0
3419 1
3420 0
3421 0
3422 0
3423 0
3424 0
3425 1
3426 1
3427 0
3428 1
3429 0
3430 0
3431 0
3432 1
3433 3
3434 1
3435 2
3436 0
3437 2
3438 1
3439 0
3440 1
3441 0
3442 2
3443 0
3444 1
3445 4
3446 1
3447 3
3448 2
3449 2
3450 0
3451 0
3452 1
3453 1
3454 0
3455 1
3456 0
3457 0
3458 1
3459 0
3460 0
3461 0
3462 0
3463 0
3464 0
3465 2
3466 0
3467 0
3468 0
3469 2
3470 1
3471 1
3472 0
3473 0
3474 1
3475 0
3476 0
3477 0
3478 0
3479 1
3480 1
3481 1
3482 0
3483 0
3484 1
3485 0
3486 0
3487 2
3488 0
3489 1
3490 0
3491 0
3492 2
3493 0
3494 1
3495 0
3496 2
3497 0
3498 0
3499 1
3500 1
3501 0
3502 1
3503 1
3504 0
3505 0
3506 0
3507 0
3508 0
3509 1
3510 2
3511 0
3512 0
3513 1
3514 1
3515 0
3516 1
3517 1
3518 0
3519 1
3520 0
3521 0
3522 0
3523 1
3524 1
3525 1
3526 1
3527 1
3528 1
3529 0
3530 1
3531 1
3532 1
3533 0
3534 1
3535 0
3536 1
3537 0
3538 0
3539 1
3540 0
3541 0
3542 2
3543 1
3544 1
3545 0
3546 0
3547 1
3548 1
3549 0
3550 1
3551 1
3552 0
3553 1
3554 1
3555 1
3556 0
3557 0
3558 0
3559 1
3560 1
3561 0
3562 2
3563 0
3564 0
3565 0
3566 3
3567 0
3568 0
3569 0
3570 0
3571 0
3572 0
3573 2
3574 1
3575 3
3576 2
3577 1
3578 2
3579 0
3580 2
3581 0
3582 0
3583 0
3584 0
3585 1
3586 1
3587 0
3588 0
3589 0
3590 1
3591 0
3592 0
3593 1
3594 0
3595 0
3596 0
3597 1
3598 0
3599 1
3600 0
3601 0
3602 1
3603 0
3604 2
3605 1
3606 0
3607 0
3608 0
3609 0
3610 2
3611 0
3612 2
3613 1
3614 1
3615 0
3616 0
3617 1
3618 0
3619 0
3620 1
3621 0
3622 1
3623 0
3624 2
3625 0
3626 0
3627 0
3628 0
3629 0
3630 1
3631 0
3632 1
3633 0
3634 0
3635 0
3636 1
3637 3
3638 0
3639 0
3640 0
3641 0
3642 0
3643 1
3644 0
3645 1
3646 0
3647 0
3648 1
3649 1
3650 0
3651 2
3652 1
3653 1
3654 0
3655 1
3656 0
3657 0
3658 1
3659 0
3660 0
3661 0
3662 1
3663 0
3664 0
3665 1
3666 0
3667 1
3668 0
3669 0
3670 0
3671 0
3672 0
3673 0
3674 1
3675 0
3676 1
3677 1
3678 0
3679 0
3680 0
3681 0
3682 3
3683 0
3684 0
3685 0
3686 2
3687 2
3688 0
3689 0
3690 2
3691 1
3692 1
3693 0
3694 2
3695 0
3696 3
3697 0
3698 2
3699 1
3700 0
3701 1
3702 1
3703 1
3704 0
3705 0
3706 0
3707 1
3708 1
3709 1
3710 0
3711 1
3712 2
3713 1
3714 0
3715 1
3716 1
3717 0
3718 0
3719 0
3720 0
3721 0
3722 0
3723 0
3724 1
3725 0
3726 0
3727 0
3728 1
3729 0
3730 2
3731 1
3732 0
3733 0
3734 0
3735 3
3736 1
3737 0
3738 0
3739 0
3740 0
3741 0
3742 0
3743 0
3744 2
3745 0
3746 0
3747 1
3748 0
3749 1
3750 0
3751 0
3752 0
3753 3
3754 1
3755 0
3756 1
3757 0
3758 0
3759 3
3760 2
3761 1
3762 1
3763 0
3764 1
3765 0
3766 0
3767 1
3768 2
3769 0
3770 0
3771 0
3772 0
3773 0
3774 0
3775 0
3776 0
3777 1
3778 1
3779 0
3780 1
3781 1
3782 3
3783 0
3784 0
3785 1
3786 0
3787 0
3788 1
3789 2
3790 0
3791 0
3792 1
3793 4
3794 2
3795 0
3796 0
3797 0
3798 0
3799 0
3800 0
3801 0
3802 1
3803 0
3804 0
3805 0
3806 0
3807 0
3808 0
3809 1
3810 0
3811 1
3812 0
3813 0
3814 0
3815 1
3816 1
3817 0
3818 2
3819 1
3820 0
3821 0
3822 0
3823 0
3824 1
3825 0
3826 1
3827 0
3828 3
3829 0
3830 2
3831 0
3832 0
3833 0
3834 1
3835 0
3836 0
3837 0
3838 1
3839 0
3840 0
3841 0
3842 0
3843 0
3844 1
3845 2
3846 0
3847 1
3848 0
3849 0
3850 1
3851 1
3852 0
3853 0
3854 0
3855 0
3856 0
3857 2
3858 0
3859 3
3860 1
3861 1
3862 2
3863 0
3864 2
3865 0
3866 1
3867 0
3868 1
3869 0
3870 1
3871 0
3872 1
3873 0
3874 1
3875 0
3876 0
3877 0
3878 1
3879 0
3880 0
3881 0
3882 1
3883 1
3884 0
3885 0
3886 0
3887 0
3888 1
3889 2
3890 1
3891 0
3892 0
3893 1
3894 0
3895 0
3896 0
3897 0
3898 0
3899 1
3900 1
3901 0
3902 0
3903 0
3904 1
3905 1
3906 1
3907 1
3908 1
3909 1
3910 1
3911 1
3912 0
3913 1
3914 0
3915 0
3916 0
3917 0
3918 0
3919 1
3920 2
3921 0
3922 0
3923 0
3924 0
3925 0
3926 0
3927 0
3928 1
3929 0
3930 2
3931 0
3932 0
3933 1
3934 0
3935 0
3936 1
3937 0
3938 0
3939 0
3940 0
3941 1
3942 0
3943 0
3944 1
3945 0
3946 1
3947 0
3948 1
3949 1
3950 0
3951 1
3952 0
3953 0
3954 2
3955 0
3956 1
3957 0
3958 1
3959 0
3960 1
3961 0
3962 0
3963 0
3964 1
3965 1
3966 0
3967 1
3968 1
3969 0
3970 0
3971 0
3972 1
3973 1
3974 1
3975 0
3976 1
3977 2
3978 1
3979 0
3980 1
3981 1
3982 0
3983 0
3984 0
3985 1
3986 2
3987 0
3988 1
3989 1
3990 2
3991 1
3992 0
3993 1
3994 1
3995 0
3996 1
3997 1
3998 1
3999 1
4000 0
4001 1
4002 1
4003 0
4004 0
4005 1
4006 0
4007 1
4008 1
4009 0
4010 0
4011 0
4012 1
4013 0
4014 0
4015 1
4016 0
4017 0
4018 0
4019 1
4020 3
4021 0
4022 0
4023 0
4024 2
4025 1
4026 0
4027 0
4028 1
4029 0
4030 1
4031 0
4032 1
4033 1
4034 0
4035 0
4036 2
4037 1
4038 0
4039 2
4040 0
4041 0
4042 1
4043 0
4044 1
4045 0
4046 1
4047 0
4048 0
4049 0
4050 0
4051 0
4052 2
4053 0
4054 0
4055 0
4056 0
4057 1
4058 3
4059 0
4060 0
4061 0
4062 1
4063 0
4064 0
4065 0
4066 0
4067 0
4068 0
4069 1
4070 0
4071 0
4072 0
4073 0
4074 1
4075 1
4076 1
4077 0
4078 2
4079 0
4080 1
4081 0
4082 0
4083 0
4084 2
4085 1
4086 0
4087 0
4088 1
4089 1
4090 1
4091 1
4092 0
4093 0
4094 0
4095 2
4096 2
4097 0
4098 1
4099 1
4100 0
4101 0
4102 1
4103 0
4104 0
4105 0
4106 0
4107 2
4108 2
4109 1
4110 0
4111 1
4112 2
4113 4
4114 1
4115 3
4116 1
4117 0
4118 0
4119 0
4120 1
4121 0
4122 1
4123 1
4124 0
4125 0
4126 0
4127 1
4128 0
4129 0
4130 0
4131 0
4132 0
4133 0
4134 0
4135 2
4136 0
4137 2
4138 0
4139 0
4140 1
4141 0
4142 1
4143 1
4144 2
4145 2
4146 0
4147 2
4148 2
4149 0
4150 0
4151 0
4152 2
4153 1
4154 2
4155 2
4156 0
4157 0
4158 0
4159 1
4160 1
4161 0
4162 0
4163 0
4164 0
4165 1
4166 0
4167 0
4168 1
4169 0
4170 0
4171 0
4172 0
4173 0
4174 0
4175 1
4176 0
4177 3
4178 2
4179 1
4180 0
4181 0
4182 0
4183 0
4184 0
4185 0
4186 2
4187 0
4188 0
4189 1
4190 0
4191 0
4192 1
4193 1
4194 0
4195 0
4196 0
4197 2
4198 0
4199 1
4200 1
4201 1
4202 0
4203 0
4204 1
4205 0
4206 0
4207 0
4208 1
4209 1
4210 0
4211 0
4212 0
4213 1
4214 0
4215 0
4216 0
4217 1
4218 0
4219 0
4220 0
4221 1
4222 1
4223 0
4224 1
4225 1
4226 0
4227 0
4228 0
4229 0
4230 0
4231 0
4232 2
4233 2
4234 0
4235 0
4236 0
4237 1
4238 2
4239 0
4240 0
4241 0
4242 0
4243 0
4244 2
4245 0
4246 0
4247 0
4248 1
4249 0
4250 0
4251 0
4252 0
4253 0
4254 1
4255 0
4256 1
4257 0
4258 2
4259 1
4260 1
4261 1
4262 0
4263 0
4264 1
4265 0
4266 0
4267 0
4268 1
4269 0
4270 0
4271 0
4272 0
4273 0
4274 0
4275 0
4276 0
4277 0
4278 3
4279 0
4280 0
4281 0
4282 1
4283 0
4284 0
4285 2
4286 0
4287 1
4288 0
4289 1
4290 1
4291 2
4292 1
4293 0
4294 1
4295 0
4296 0
4297 1
4298 0
4299 0
4300 1
4301 2
4302 0
4303 0
4304 0
4305 1
4306 1
4307 0
4308 1
4309 0
4310 0
4311 0
4312 1
4313 0
4314 1
4315 0
4316 0
4317 0
4318 0
4319 1
4320 0
4321 0
4322 2
4323 0
4324 0
4325 1
4326 0
4327 2
4328 0
4329 0
4330 0
4331 1
4332 0
4333 1
4334 0
4335 0
4336 0
4337 1
4338 2
4339 1
4340 0
4341 0
4342 0
4343 0
4344 1
4345 0
4346 0
4347 0
4348 0
4349 1
4350 0
4351 0
4352 0
4353 0
4354 0
4355 0
4356 2
4357 0
4358 0
4359 0
4360 1
4361 0
4362 1
4363 0
4364 0
4365 0
4366 0
4367 1
4368 0
4369 1
4370 1
4371 0
4372 0
4373 0
4374 0
4375 1
4376 1
4377 1
4378 0
4379 1
4380 0
4381 0
4382 0
4383 1
4384 1
4385 1
4386 0
4387 2
4388 0
4389 3
4390 1
4391 0
4392 1
4393 2
4394 0
4395 1
4396 1
4397 1
4398 1
4399 0
4400 0
4401 1
4402 0
4403 0
4404 0
4405 0
4406 0
4407 0
4408 4
4409 2
4410 0
4411 1
4412 1
4413 0
4414 1
4415 1
4416 0
4417 0
4418 0
4419 1
4420 1
4421 1
4422 0
4423 1
4424 0
4425 3
4426 0
4427 2
4428 2
4429 0
4430 1
4431 0
4432 1
4433 1
4434 0
4435 0
4436 1
4437 0
4438 0
4439 0
4440 0
4441 0
4442 0
4443 1
4444 2
4445 0
4446 2
4447 1
4448 1
4449 1
4450 1
4451 0
4452 1
4453 0
4454 1
4455 1
4456 1
4457 1
4458 0
4459 1
4460 3
4461 0
4462 1
4463 1
4464 0
4465 0
4466 0
4467 0
4468 0
4469 1
4470 0
4471 1
4472 1
4473 1
4474 0
4475 0
4476 1
4477 1
4478 0
4479 0
4480 0
4481 1
4482 0
4483 0
4484 0
4485 1
4486 0
4487 1
4488 0
4489 0
4490 0
4491 1
4492 0
4493 0
4494 0
4495 2
4496 0
4497 1
4498 1
4499 1
4500 0
4501 2
4502 1
4503 1
4504 0
4505 0
4506 0
4507 1
4508 0
4509 0
4510 1
4511 0
4512 1
4513 1
4514 2
4515 0
4516 1
4517 0
4518 1
4519 1
4520 2
4521 1
4522 2
4523 1
4524 0
4525 0
4526 0
4527 0
4528 1
4529 0
4530 0
4531 0
4532 0
4533 0
4534 2
4535 0
4536 3
4537 0
4538 1
4539 0
4540 0
4541 1
4542 0
4543 1
4544 0
4545 0
4546 1
4547 0
4548 0
4549 0
4550 1
4551 1
4552 1
4553 0
4554 1
4555 1
4556 0
4557 0
4558 0
4559 2
4560 2
4561 0
4562 0
4563 1
4564 1
4565 1
4566 0
4567 1
4568 0
4569 0
4570 1
4571 0
4572 2
4573 0
4574 0
4575 0
4576 0
4577 3
4578 0
4579 0
4580 1
4581 1
4582 0
4583 1
4584 0
4585 0
4586 0
4587 1
4588 0
4589 0
4590 0
4591 1
4592 0
4593 0
4594 2
4595 1
4596 1
4597 1
4598 1
4599 2
4600 0
4601 0
4602 2
4603 0
4604 0
4605 0
4606 1
4607 0
4608 0
4609 0
4610 0
4611 0
4612 0
4613 0
4614 2
4615 0
4616 0
4617 0
4618 0
4619 0
4620 2
4621 0
4622 3
4623 0
4624 2
4625 1
4626 1
4627 0
4628 1
4629 2
4630 0
4631 0
4632 0
4633 1
4634 0
4635 0
4636 0
4637 0
4638 0
4639 2
4640 2
4641 0
4642 2
4643 0
4644 2
4645 0
4646 0
4647 0
4648 2
4649 1
4650 0
4651 0
4652 1
4653 0
4654 1
4655 0
4656 1
4657 0
4658 1
4659 4
4660 2
4661 0
4662 1
4663 1
4664 0
4665 1
4666 0
4667 0
4668 2
4669 1
4670 0
4671 0
4672 0
4673 1
4674 0
4675 0
4676 0
4677 2
4678 0
4679 1
4680 1
4681 1
4682 0
4683 0
4684 0
4685 0
4686 1
4687 1
4688 1
4689 0
4690 0
4691 2
4692 0
4693 2
4694 1
4695 0
4696 1
4697 3
4698 0
4699 2
4700 0
4701 1
4702 1
4703 0
4704 0
4705 0
4706 0
4707 1
4708 2
4709 1
4710 0
4711 2
4712 0
4713 0
4714 0
4715 0
4716 0
4717 0
4718 3
4719 0
4720 0
4721 1
4722 0
4723 1
4724 0
4725 1
4726 0
4727 1
4728 0
4729 2
4730 0
4731 0
4732 2
4733 0
4734 0
4735 1
4736 2
4737 0
4738 1
4739 2
4740 0
4741 0
4742 0
4743 1
4744 0
4745 0
4746 0
4747 2
4748 1
4749 1
4750 2
4751 3
4752 0
4753 2
4754 1
4755 1
4756 2
4757 1
4758 0
4759 1
4760 2
4761 0
4762 0
4763 0
4764 0
4765 0
4766 0
4767 0
4768 0
4769 3
4770 1
4771 0
4772 2
4773 0
4774 0
4775 1
4776 0
4777 0
4778 0
4779 1
4780 0
4781 0
4782 0
4783 1
4784 1
4785 0
4786 0
4787 0
4788 0
4789 1
4790 0
4791 0
4792 1
4793 0
4794 0
4795 0
4796 0
4797 0
4798 4
4799 2
4800 2
4801 0
4802 1
4803 1
4804 0
4805 1
4806 2
4807 1
4808 2
4809 0
4810 0
4811 1
4812 0
4813 1
4814 0
4815 1
4816 0
4817 1
4818 0
4819 0
4820 0
4821 0
4822 2
4823 1
4824 0
4825 1
4826 3
4827 0
4828 1
4829 0
4830 1
4831 0
4832 0
4833 0
4834 0
4835 1
4836 0
4837 0
4838 2
4839 0
4840 1
4841 1
4842 1
4843 0
4844 0
4845 0
4846 0
4847 0
4848 1
4849 1
4850 0
4851 1
4852 0
4853 1
4854 0
4855 1
4856 0
4857 1
4858 2
4859 2
4860 0
4861 0
4862 0
4863 0
4864 0
4865 0
4866 0
4867 0
4868 0
4869 0
4870 1
4871 0
4872 1
4873 0
4874 1
4875 0
4876 1
4877 2
4878 0
4879 0
4880 1
4881 2
4882 0
4883 1
4884 0
4885 2
4886 1
4887 0
4888 0
4889 0
4890 1
4891 0
4892 1
4893 1
4894 0
4895 0
4896 2
4897 0
4898 0
4899 1
4900 1
4901 0
4902 0
4903 0
4904 1
4905 1
4906 1
4907 0
4908 0
4909 1
4910 0
4911 0
4912 0
4913 0
4914 0
4915 0
4916 0
4917 0
4918 0
4919 2
4920 0
4921 0
4922 0
4923 0
4924 0
4925 1
4926 3
4927 1
4928 0
4929 1
4930 1
4931 0
4932 0
4933 0
4934 0
4935 1
4936 3
4937 0
4938 0
4939 2
4940 0
4941 0
4942 0
4943 3
4944 0
4945 0
4946 0
4947 1
4948 2
4949 1
4950 0
4951 0
4952 1
4953 0
4954 0
4955 2
4956 0
4957 0
4958 1
4959 1
4960 0
4961 0
4962 1
4963 0
4964 0
4965 1
4966 0
4967 1
4968 0
4969 1
4970 0
4971 1
4972 0
4973 0
4974 0
4975 0
4976 0
4977 0
4978 2
4979 1
4980 0
4981 0
4982 0
4983 1
4984 0
4985 1
4986 0
4987 3
4988 1
4989 0
4990 1
4991 0
4992 0
4993 1
4994 0
4995 1
4996 1
4997 0
4998 0
4999 0
5000 0
5001 1
5002 2
5003 1
5004 0
5005 1
5006 0
5007 0
5008 1
5009 1
5010 2
5011 1
5012 0
5013 1
5014 0
5015 0
5016 0
5017 1
5018 1
5019 0
5020 0
5021 1
5022 0
5023 2
5024 0
5025 1
5026 2
5027 1
5028 0
5029 2
5030 0
5031 0
5032 0
5033 2
5034 1
5035 1
5036 1
5037 0
5038 2
5039 0
5040 1
5041 0
5042 0
5043 3
5044 1
5045 0
5046 1
5047 0
5048 0
5049 1
5050 1
5051 0
5052 1
5053 2
5054 2
5055 1
5056 1
5057 0
5058 0
5059 0
5060 0
5061 1
5062 1
5063 0
5064 1
5065 0
5066 0
5067 0
5068 0
5069 1
5070 0
5071 0
5072 1
5073 1
5074 0
5075 0
5076 2
5077 3
5078 1
5079 0
5080 0
5081 1
5082 1
5083 0
5084 0
5085 0
5086 1
5087 2
5088 1
5089 1
5090 0
5091 1
5092 2
5093 0
5094 1
5095 1
5096 0
5097 0
5098 1
5099 0
5100 1
5101 0
5102 0
5103 0
5104 0
5105 1
5106 1
5107 2
5108 1
5109 1
5110 0
5111 1
5112 0
5113 0
5114 0
5115 0
5116 1
5117 1
5118 1
5119 1
5120 0
5121 1
5122 1
5123 0
5124 0
5125 1
5126 1
5127 1
5128 0
5129 1
5130 0
5131 2
5132 1
5133 0
5134 0
5135 0
5136 1
5137 1
5138 1
5139 0
5140 0
5141 1
5142 1
5143 0
5144 1
5145 0
5146 3
5147 1
5148 1
5149 2
5150 0
5151 1
5152 0
5153 1
5154 1
5155 0
5156 0
5157 0
5158 2
5159 0
5160 1
5161 2
5162 0
5163 1
5164 0
5165 1
5166 2
5167 0
5168 0
5169 0
5170 1
5171 1
5172 2
5173 1
5174 2
5175 1
5176 0
5177 0
5178 1
5179 1
5180 2
5181 0
5182 0
5183 2
5184 1
5185 0
5186 0
5187 3
5188 0
5189 2
5190 0
5191 2
5192 1
5193 0
5194 1
5195 1
5196 0
5197 0
5198 1
5199 0
5200 1
5201 0
5202 3
5203 0
5204 0
5205 0
5206 0
5207 3
5208 1
5209 0
5210 1
5211 1
5212 1
5213 1
5214 0
5215 0
5216 1
5217 0
5218 0
5219 1
5220 1
5221 1
5222 0
5223 1
5224 1
5225 1
5226 0
5227 0
5228 1
5229 0
5230 0
5231 0
5232 0
5233 3
5234 0
5235 1
5236 0
5237 1
5238 0
5239 1
5240 0
5241 0
5242 2
5243 1
5244 1
5245 0
5246 0
5247 0
5248 0
5249 0
5250 0
5251 3
5252 0
5253 2
5254 1
5255 0
5256 0
5257 0
5258 1
5259 2
5260 0
5261 2
5262 0
5263 0
5264 0
5265 0
5266 0
5267 0
5268 0
5269 0
5270 0
5271 2
5272 0
5273 1
5274 0
5275 0
5276 0
5277 0
5278 0
5279 0
5280 0
5281 3
5282 0
5283 1
5284 0
5285 2
5286 2
5287 0
5288 2
5289 0
5290 0
5291 0
5292 0
5293 1
5294 0
5295 1
5296 0
5297 0
5298 0
5299 0
5300 1
5301 0
5302 3
5303 0
5304 2
5305 0
5306 0
5307 1
5308 1
5309 0
5310 0
5311 0
5312 0
5313 0
5314 1
5315 3
5316 0
5317 3
5318 0
5319 1
5320 1
5321 0
5322 1
5323 0
5324 2
5325 1
5326 0
5327 0
5328 2
5329 1
5330 1
5331 1
5332 0
5333 0
5334 1
5335 0
5336 0
5337 0
5338 0
5339 1
5340 0
5341 0
5342 1
5343 2
5344 1
5345 1
5346 0
5347 1
5348 0
5349 1
5350 0
5351 0
5352 0
5353 0
5354 1
5355 1
5356 1
5357 1
5358 1
5359 0
5360 1
5361 0
5362 0
5363 0
5364 0
5365 0
5366 1
5367 0
5368 1
5369 0
5370 0
5371 0
5372 0
5373 0
5374 0
5375 1
5376 1
5377 0
5378 1
5379 0
5380 4
5381 1
5382 0
5383 1
5384 1
5385 1
5386 0
5387 0
5388 0
5389 1
5390 0
5391 2
5392 0
5393 0
5394 0
5395 1
5396 0
5397 1
5398 0
5399 1
5400 0
5401 1
5402 0
5403 1
5404 0
5405 1
5406 0
5407 0
5408 0
5409 2
5410 2
5411 2
5412 0
5413 1
5414 1
5415 0
5416 0
5417 2
5418 0
5419 1
5420 1
5421 3
5422 0
5423 1
5424 0
5425 0
5426 1
5427 1
5428 1
5429 1
5430 1
5431 0
5432 0
5433 1
5434 0
5435 0
5436 0
5437 1
5438 2
5439 1
5440 2
5441 1
5442 1
5443 0
5444 1
5445 0
5446 0
5447 1
5448 1
5449 1
5450 0
5451 0
5452 2
5453 3
5454 0
5455 0
5456 1
5457 0
5458 1
5459 0
5460 0
5461 1
5462 0
5463 1
5464 1
5465 2
5466 1
5467 0
5468 0
5469 0
5470 2
5471 2
5472 0
5473 0
5474 1
5475 1
5476 0
5477 0
5478 0
5479 1
5480 0
5481 0
5482 1
5483 2
5484 1
5485 0
5486 0
5487 1
5488 1
5489 0
5490 1
5491 2
5492 0
5493 1
5494 0
5495 0
5496 0
5497 1
5498 0
5499 0
5500 2
5501 1
5502 0
5503 1
5504 0
5505 0
5506 1
5507 0
5508 2
5509 0
5510 1
5511 1
5512 1
5513 1
5514 0
5515 1
5516 0
5517 0
5518 0
5519 1
5520 0
5521 1
5522 0
5523 1
5524 0
5525 0
5526 0
5527 1
5528 1
5529 1
5530 1
5531 1
5532 0
5533 0
5534 2
5535 0
5536 1
5537 0
5538 1
5539 1
5540 2
5541 0
5542 3
5543 0
5544 1
5545 0
5546 0
5547 1
5548 1
5549 0
5550 0
5551 0
5552 1
5553 0
5554 0
5555 1
5556 1
5557 0
5558 0
5559 1
5560 0
5561 1
5562 0
5563 0
5564 0
5565 0
5566 2
5567 1
5568 0
5569 2
5570 1
5571 0
5572 1
5573 1
5574 2
5575 1
5576 0
5577 1
5578 0
5579 0
5580 1
5581 0
5582 2
5583 1
5584 1
5585 0
5586 0
5587 3
5588 0
5589 0
5590 1
5591 0
5592 1
5593 0
5594 0
5595 0
5596 0
5597 0
5598 0
5599 1
5600 1
5601 1
5602 0
5603 0
5604 3
5605 1
5606 0
5607 0
5608 1
5609 0
5610 1
5611 1
5612 0
5613 0
5614 0
5615 0
5616 0
5617 0
5618 0
5619 1
5620 0
5621 0
5622 0
5623 1
5624 1
5625 0
5626 1
5627 2
5628 1
5629 0
5630 0
5631 0
5632 0
5633 0
5634 0
5635 0
5636 0
5637 1
5638 0
5639 1
5640 1
5641 1
5642 0
5643 0
5644 0
5645 0
5646 0
5647 2
5648 0
5649 0
5650 1
5651 0
5652 0
5653 1
5654 0
5655 0
5656 0
5657 0
5658 0
5659 0
5660 0
5661 0
5662 1
5663 1
5664 0
5665 0
5666 1
5667 0
5668 1
5669 1
5670 0
5671 0
5672 0
5673 0
5674 0
5675 0
5676 0
5677 0
5678 2
5679 2
5680 0
5681 1
5682 0
5683 1
5684 2
5685 1
5686 0
5687 0
5688 0
5689 0
5690 1
5691 1
5692 1
5693 0
5694 1
5695 1
5696 2
5697 2
5698 0
5699 0
5700 2
5701 0
5702 0
5703 1
5704 0
5705 0
5706 0
5707 1
5708 0
5709 1
5710 0
5711 1
5712 0
5713 0
5714 1
5715 2
5716 0
5717 1
5718 0
5719 1
5720 2
5721 0
5722 1
5723 1
5724 0
5725 0
5726 1
5727 0
5728 1
5729 0
5730 1
5731 1
5732 1
5733 0
5734 0
5735 0
5736 1
5737 1
5738 0
5739 1
5740 1
5741 0
5742 0
5743 1
5744 1
5745 1
5746 2
5747 0
5748 0
5749 1
5750 2
5751 1
5752 0
5753 1
5754 2
5755 0
5756 0
5757 0
5758 0
5759 3
5760 1
5761 0
5762 0
5763 2
5764 2
5765 0
5766 0
5767 0
5768 2
5769 2
5770 0
5771 0
5772 1
5773 0
5774 0
5775 1
5776 0
5777 0
5778 0
5779 1
5780 1
5781 2
5782 1
5783 1
5784 1
5785 2
5786 0
5787 1
5788 0
5789 1
5790 0
5791 0
5792 1
5793 0
5794 0
5795 0
5796 1
5797 0
5798 0
5799 1
5800 1
5801 0
5802 0
5803 0
5804 1
5805 0
5806 1
5807 0
5808 1
5809 0
5810 0
5811 0
5812 2
5813 0
5814 0
5815 0
5816 1
5817 0
5818 1
5819 2
5820 1
5821 2
5822 3
5823 0
5824 1
5825 0
5826 1
5827 0
5828 2
5829 1
5830 2
5831 2
5832 2
5833 1
5834 0
5835 0
5836 0
5837 0
5838 0
5839 0
5840 1
5841 0
5842 1
5843 1
5844 0
5845 0
5846 0
5847 0
5848 0
5849 0
5850 0
5851 0
5852 1
5853 0
5854 1
5855 0
5856 0
5857 0
5858 0
5859 2
5860 4
5861 2
5862 1
5863 2
5864 0
5865 0
5866 0
5867 2
5868 0
5869 1
5870 1
5871 0
5872 0
5873 2
5874 0
5875 0
5876 0
5877 0
5878 1
5879 0
5880 1
5881 0
5882 0
5883 0
5884 0
5885 0
5886 1
5887 1
5888 1
5889 0
5890 1
5891 1
5892 0
5893 0
5894 0
5895 2
5896 0
5897 0
5898 1
5899 1
5900 0
5901 0
5902 1
5903 1
5904 0
5905 3
5906 0
5907 0
5908 0
5909 1
5910 1
5911 0
5912 0
5913 1
5914 2
5915 0
5916 2
5917 0
5918 1
5919 0
5920 0
5921 1
5922 0
5923 3
5924 0
5925 0
5926 0
5927 1
5928 1
5929 0
5930 0
5931 0
5932 0
5933 0
5934 0
5935 0
5936 1
5937 1
5938 0
5939 1
5940 1
5941 0
5942 0
5943 1
5944 0
5945 0
5946 1
5947 0
5948 0
5949 1
5950 1
5951 1
5952 0
5953 0
5954 2
5955 0
5956 0
5957 0
5958 0
5959 1
5960 1
5961 0
5962 0
5963 1
5964 1
5965 0
5966 1
5967 0
5968 1
5969 0
5970 1
5971 1
5972 2
5973 1
5974 0
5975 0
5976 0
5977 0
5978 0
5979 1
5980 1
5981 0
5982 1
5983 1
5984 2
5985 1
5986 1
5987 2
5988 0
5989 0
5990 0
5991 1
5992 0
5993 0
5994 1
5995 2
5996 0
5997 0
5998 0
5999 2
6000 3
6001 1
6002 1
6003 1
6004 0
6005 0
6006 0
6007 1
6008 1
6009 1
6010 0
6011 0
6012 1
6013 2
6014 0
6015 1
6016 0
6017 2
6018 3
6019 0
6020 1
6021 0
6022 1
6023 0
6024 0
6025 0
6026 1
6027 0
6028 0
6029 0
6030 0
6031 0
6032 0
6033 1
6034 1
6035 0
6036 1
6037 0
6038 1
6039 1
6040 0
6041 0
6042 2
6043 0
6044 0
6045 1
6046 0
6047 0
6048 1
6049 0
6050 0
6051 0
6052 0
6053 1
6054 0
6055 0
6056 0
6057 1
6058 0
6059 1
6060 2
6061 0
6062 0
6063 0
6064 0
6065 0
6066 2
6067 1
6068 1
6069 0
6070 2
6071 0
6072 0
6073 0
6074 0
6075 1
6076 1
6077 1
6078 0
6079 3
6080 1
6081 2
6082 0
6083 2
6084 1
6085 1
6086 1
6087 1
6088 0
6089 2
6090 0
6091 1
6092 0
6093 0
6094 0
6095 1
6096 1
6097 0
6098 0
6099 1
6100 0
6101 0
6102 0
6103 1
6104 0
6105 0
6106 0
6107 1
6108 0
6109 1
6110 1
6111 2
6112 0
6113 1
6114 0
6115 0
6116 0
6117 0
6118 0
6119 0
6120 1
6121 1
6122 1
6123 0
6124 3
6125 0
6126 1
6127 1
6128 2
6129 1
6130 0
6131 1
6132 1
6133 0
6134 2
6135 0
6136 1
6137 1
6138 0
6139 1
6140 0
6141 0
6142 0
6143 2
6144 1
6145 0
6146 0
6147 1
6148 0
6149 1
6150 1
6151 1
6152 0
6153 1
6154 0
6155 0
6156 1
6157 0
6158 0
6159 3
6160 0
6161 0
6162 0
6163 1
6164 1
6165 1
6166 1
6167 1
6168 0
6169 0
6170 0
6171 0
6172 1
6173 0
6174 1
6175 0
6176 1
6177 2
6178 0
6179 1
6180 1
6181 0
6182 0
6183 0
6184 3
6185 0
6186 2
6187 1
6188 0
6189 0
6190 0
6191 0
6192 0
6193 0
6194 0
6195 0
6196 2
6197 0
6198 0
6199 0
6200 0
6201 2
6202 2
6203 0
6204 1
6205 0
6206 2
6207 1
6208 0
6209 0
6210 2
6211 0
6212 1
6213 0
6214 0
6215 1
6216 0
6217 0
6218 0
6219 0
6220 0
6221 0
6222 1
6223 1
6224 3
6225 0
6226 0
6227 2
6228 0
6229 0
6230 1
6231 0
6232 0
6233 0
6234 2
6235 0
6236 0
6237 1
6238 1
6239 1
6240 0
6241 1
6242 0
6243 2
6244 3
6245 1
6246 0
6247 2
6248 1
6249 0
6250 1
6251 1
6252 1
6253 0
6254 0
6255 1
6256 0
6257 0
6258 0
6259 0
6260 1
6261 1
6262 1
6263 1
6264 0
6265 0
6266 0
6267 0
6268 0
6269 1
6270 0
6271 0
6272 1
6273 1
6274 0
6275 0
6276 2
6277 1
6278 2
6279 1
6280 0
6281 0
6282 0
6283 0
6284 2
6285 1
6286 1
6287 0
6288 1
6289 0
6290 0
6291 0
6292 0
6293 0
6294 0
6295 0
6296 0
6297 1
6298 1
6299 0
6300 0
6301 0
6302 2
6303 1
6304 2
6305 0
6306 1
6307 0
6308 1
6309 0
6310 1
6311 0
6312 0
6313 0
6314 0
6315 1
6316 1
6317 0
6318 0
6319 1
6320 1
6321 0
6322 0
6323 0
6324 0
6325 0
6326 0
6327 3
6328 1
6329 0
6330 0
6331 0
6332 1
6333 1
6334 0
6335 0
6336 1
6337 0
6338 0
6339 2
6340 1
6341 0
6342 2
6343 1
6344 1
6345 0
6346 1
6347 2
6348 0
6349 2
6350 0
6351 0
6352 0
6353 0
6354 0
6355 0
6356 1
6357 0
6358 0
6359 0
6360 0
6361 0
6362 2
6363 0
6364 1
6365 4
6366 1
6367 0
6368 0
6369 0
6370 1
6371 0
6372 1
6373 0
6374 1
6375 1
6376 1
6377 1
6378 0
6379 0
6380 0
6381 2
6382 0
6383 0
6384 1
6385 0
6386 0
6387 0
6388 0
6389 1
6390 2
6391 0
6392 0
6393 0
6394 0
6395 3
6396 0
6397 1
6398 1
6399 1
6400 1
6401 1
6402 0
6403 1
6404 2
6405 0
6406 1
6407 2
6408 0
6409 0
6410 0
6411 1
6412 0
6413 0
6414 0
6415 1
6416 0
6417 1
6418 0
6419 1
6420 0
6421 1
6422 1
6423 1
6424 0
6425 1
6426 0
6427 2
6428 3
6429 2
6430 0
6431 1
6432 0
6433 0
6434 0
6435 0
6436 0
6437 0
6438 1
6439 0
6440 1
6441 0
6442 0
6443 1
6444 0
6445 2
6446 1
6447 0
6448 1
6449 0
6450 1
6451 2
6452 1
6453 0
6454 2
6455 2
6456 1
6457 0
6458 1
6459 1
6460 0
6461 2
6462 0
6463 0
6464 0
6465 0
6466 0
6467 0
6468 0
6469 0
6470 0
6471 1
6472 1
6473 0
6474 1
6475 0
6476 0
6477 0
6478 0
6479 0
6480 0
6481 0
6482 0
6483 0
6484 1
6485 0
6486 1
6487 0
6488 1
6489 0
6490 0
6491 1
6492 1
6493 0
6494 1
6495 0
6496 0
6497 0
6498 0
6499 0
6500 0
6501 1
6502 0
6503 3
6504 2
6505 1
6506 1
6507 0
6508 0
6509 0
6510 1
6511 0
6512 1
6513 1
6514 1
6515 1
6516 1
6517 1
6518 1
6519 0
6520 1
6521 0
6522 0
6523 0
6524 1
6525 0
6526 0
6527 1
6528 1
6529 0
6530 0
6531 1
6532 0
6533 0
6534 0
6535 1
6536 2
6537 0
6538 4
6539 2
6540 3
6541 0
6542 1
6543 0
6544 1
6545 0
6546 1
6547 1
6548 1
6549 0
6550 0
6551 0
6552 2
6553 0
6554 0
6555 0
6556 0
6557 0
6558 0
6559 0
6560 0
6561 2
6562 1
6563 2
6564 1
6565 2
6566 1
6567 0
6568 1
6569 2
6570 1
6571 0
6572 2
6573 0
6574 1
6575 2
6576 0
6577 3
6578 0
6579 0
6580 1
6581 1
6582 0
6583 0
6584 1
6585 0
6586 0
6587 1
6588 1
6589 1
6590 1
6591 0
6592 0
6593 1
6594 1
6595 0
6596 0
6597 1
6598 0
6599 0
6600 1
6601 1
6602 0
6603 1
6604 2
6605 1
6606 0
6607 0
6608 2
6609 1
6610 0
6611 1
6612 0
6613 0
6614 0
6615 1
6616 1
6617 1
6618 1
6619 1
6620 0
6621 1
6622 1
6623 1
6624 0
6625 1
6626 0
6627 0
6628 1
6629 0
6630 1
6631 0
6632 1
6633 0
6634 1
6635 1
6636 1
6637 0
6638 1
6639 2
6640 0
6641 2
6642 0
6643 0
6644 0
6645 0
6646 1
6647 1
6648 0
6649 0
6650 1
6651 0
6652 0
6653 1
6654 0
6655 0
6656 1
6657 0
6658 1
6659 1
6660 0
6661 0
6662 0
6663 0
6664 0
6665 2
6666 1
6667 0
6668 0
6669 0
6670 0
6671 0
6672 0
6673 3
6674 2
6675 1
6676 0
6677 0
6678 0
6679 0
6680 1
6681 0
6682 0
6683 1
6684 0
6685 1
6686 0
6687 0
6688 0
6689 1
6690 0
6691 0
6692 1
6693 0
6694 0
6695 1
6696 0
6697 1
6698 3
6699 0
6700 1
6701 2
6702 0
6703 3
6704 1
6705 0
6706 0
6707 0
6708 0
6709 0
6710 3
6711 0
6712 0
6713 1
6714 0
6715 1
6716 1
6717 0
6718 1
6719 1
6720 0
6721 0
6722 3
6723 1
6724 1
6725 0
6726 1
6727 1
6728 1
6729 0
6730 1
6731 1
6732 1
6733 0
6734 0
6735 0
6736 1
6737 0
6738 0
6739 0
6740 0
6741 2
6742 0
6743 0
6744 1
6745 1
6746 0
6747 0
6748 0
6749 0
6750 2
6751 0
6752 1
6753 0
6754 2
6755 1
6756 0
6757 3
6758 1
6759 2
6760 0
6761 0
6762 1
6763 1
6764 0
6765 1
6766 0
6767 0
6768 1
6769 1
6770 1
6771 1
6772 1
6773 0
6774 1
6775 1
6776 1
6777 1
6778 1
6779 2
6780 1
6781 0
6782 0
6783 0
6784 0
6785 1
6786 1
6787 0
6788 0
6789 1
6790 0
6791 2
6792 1
6793 1
6794 1
6795 0
6796 0
6797 1
6798 0
6799 1
6800 2
6801 1
6802 0
6803 1
6804 0
6805 0
6806 0
6807 0
6808 0
6809 0
6810 1
6811 2
6812 1
6813 1
6814 0
6815 1
6816 1
6817 3
6818 2
6819 0
6820 0
6821 1
6822 0
6823 0
6824 1
6825 1
6826 0
6827 1
6828 0
6829 2
6830 0
6831 0
6832 0
6833 0
6834 1
6835 0
6836 1
6837 1
6838 0
6839 0
6840 1
6841 1
6842 0
6843 2
6844 1
6845 1
6846 0
6847 1
6848 0
6849 0
6850 0
6851 3
6852 0
6853 1
6854 0
6855 1
6856 0
6857 0
6858 1
6859 1
6860 1
6861 1
6862 1
6863 2
6864 0
6865 0
6866 0
6867 2
6868 0
6869 1
6870 2
6871 1
6872 1
6873 0
6874 1
6875 1
6876 1
6877 1
6878 1
6879 0
6880 0
6881 1
6882 0
6883 0
6884 0
6885 2
6886 0
6887 1
6888 0
6889 0
6890 0
6891 0
6892 0
6893 2
6894 2
6895 0
6896 0
6897 1
6898 0
6899 1
6900 0
6901 0
6902 0
6903 2
6904 1
6905 1
6906 1
6907 0
6908 0
6909 1
6910 1
6911 0
6912 0
6913 2
6914 0
6915 1
6916 1
6917 0
6918 0
6919 0
6920 0
6921 1
6922 0
6923 1
6924 2
6925 0
6926 0
6927 0
6928 2
6929 1
6930 0
6931 0
6932 0
6933 1
6934 1
6935 1
6936 2
6937 1
6938 1
6939 2
6940 0
6941 0
6942 1
6943 1
6944 0
6945 1
6946 0
6947 1
6948 0
6949 1
6950 0
6951 0
6952 0
6953 0
6954 0
6955 0
6956 0
6957 3
6958 1
6959 1
6960 0
6961 1
6962 0
6963 0
6964 0
6965 1
6966 0
6967 0
6968 0
6969 0
6970 1
6971 0
6972 1
6973 1
6974 1
6975 2
6976 0
6977 1
6978 1
6979 1
6980 0
6981 0
6982 2
6983 0
6984 0
6985 1
6986 2
6987 0
6988 0
6989 0
6990 0
6991 2
6992 1
6993 0
6994 0
6995 0
6996 1
6997 0
6998 0
6999 0
7000 0
7001 0
7002 1
7003 0
7004 0
7005 3
7006 0
7007 1
7008 0
7009 0
7010 0
7011 1
7012 0
7013 0
7014 1
7015 0
7016 0
7017 2
7018 0
7019 0
7020 1
7021 0
7022 1
7023 0
7024 0
7025 0
7026 0
7027 0
7028 0
7029 1
7030 0
7031 0
7032 1
7033 0
7034 0
7035 1
7036 0
7037 1
7038 1
7039 1
7040 2
7041 0
7042 2
7043 1
7044 1
7045 0
7046 1
7047 1
7048 1
7049 0
7050 0
7051 1
7052 1
7053 2
7054 2
7055 0
7056 0
7057 1
7058 1
7059 2
7060 0
7061 1
7062 0
7063 0
7064 0
7065 0
7066 1
7067 0
7068 0
7069 0
7070 0
7071 0
7072 2
7073 0
7074 0
7075 0
7076 0
7077 1
7078 2
7079 1
7080 0
7081 0
7082 3
7083 0
7084 2
7085 1
7086 2
7087 0
7088 0
7089 1
7090 0
7091 1
7092 0
7093 1
7094 0
7095 0
7096 1
7097 3
7098 1
7099 0
7100 1
7101 1
7102 0
7103 1
7104 0
7105 0
7106 1
7107 0
7108 1
7109 1
7110 0
7111 0
7112 1
7113 0
7114 1
7115 1
7116 1
7117 1
7118 0
7119 1
7120 0
7121 0
7122 1
7123 0
7124 1
7125 0
7126 0
7127 1
7128 0
7129 0
7130 0
7131 1
7132 0
7133 3
7134 1
7135 3
7136 0
7137 1
7138 1
7139 0
7140 2
7141 1
7142 0
7143 0
7144 0
7145 1
7146 1
7147 0
7148 0
7149 2
7150 0
7151 0
7152 0
7153 2
7154 0
7155 0
7156 0
7157 0
7158 0
7159 0
7160 1
7161 1
7162 0
7163 0
7164 1
7165 1
7166 1
7167 0
7168 1
7169 2
7170 0
7171 0
7172 0
7173 1
7174 0
7175 0
7176 2
7177 0
7178 0
7179 0
7180 0
7181 0
7182 0
7183 1
7184 1
7185 0
7186 0
7187 0
7188 1
7189 0
7190 1
7191 0
7192 0
7193 0
7194 1
7195 0
7196 1
7197 1
7198 3
7199 0
7200 0
7201 0
7202 0
7203 1
7204 1
7205 0
7206 0
7207 1
7208 0
7209 0
7210 2
7211 2
7212 1
7213 0
7214 1
7215 0
7216 0
7217 2
7218 0
7219 1
7220 2
7221 1
7222 0
7223 0
7224 0
7225 0
7226 0
7227 0
7228 0
7229 0
7230 2
7231 0
7232 1
7233 0
7234 0
7235 0
7236 1
7237 0
7238 2
7239 0
7240 1
7241 0
7242 0
7243 0
7244 0
7245 1
7246 0
7247 1
7248 1
7249 0
7250 2
7251 1
7252 0
7253 0
7254 2
7255 1
7256 2
7257 0
7258 0
7259 0
7260 0
7261 0
7262 0
7263 1
7264 0
7265 0
7266 0
7267 2
7268 0
7269 1
7270 0
7271 0
7272 0
7273 1
7274 1
7275 0
7276 0
7277 2
7278 0
7279 1
7280 0
7281 0
7282 1
7283 1
7284 0
7285 1
7286 0
7287 2
7288 1
7289 1
7290 0
7291 0
7292 0
7293 0
7294 0
7295 2
7296 3
7297 2
7298 1
7299 1
7300 1
7301 2
7302 0
7303 0
7304 1
7305 1
7306 1
7307 3
7308 1
7309 3
7310 2
7311 1
7312 2
7313 0
7314 1
7315 0
7316 0
7317 1
7318 1
7319 1
7320 2
7321 0
7322 1
7323 1
7324 0
7325 1
7326 3
7327 1
7328 1
7329 0
7330 1
7331 1
7332 1
7333 0
7334 0
7335 0
7336 1
7337 0
7338 0
7339 0
7340 0
7341 1
7342 2
7343 0
7344 1
7345 1
7346 1
7347 0
7348 2
7349 0
7350 2
7351 0
7352 0
7353 0
7354 1
7355 0
7356 0
7357 1
7358 0
7359 0
7360 1
7361 0
7362 0
7363 2
7364 1
7365 4
7366 1
7367 0
7368 1
7369 0
7370 2
7371 0
7372 0
7373 2
7374 0
7375 0
7376 1
7377 1
7378 0
7379 0
7380 0
7381 0
7382 1
7383 1
7384 0
7385 0
7386 0
7387 0
7388 1
7389 0
7390 0
7391 0
7392 0
7393 0
7394 1
7395 0
7396 0
7397 0
7398 0
7399 1
7400 0
7401 1
7402 1
7403 1
7404 0
7405 0
7406 2
7407 1
7408 1
7409 0
7410 0
7411 0
7412 1
7413 0
7414 1
7415 0
7416 2
7417 1
7418 0
7419 0
7420 1
7421 0
7422 1
7423 0
7424 0
7425 0
7426 1
7427 1
7428 1
7429 0
7430 1
7431 2
7432 3
7433 1
7434 1
7435 0
7436 0
7437 1
7438 1
7439 0
7440 0
7441 2
7442 1
7443 1
7444 0
7445 0
7446 1
7447 2
7448 1
7449 0
7450 0
7451 2
7452 0
7453 0
7454 1
7455 2
7456 2
7457 0
7458 0
7459 1
7460 1
7461 0
7462 1
7463 3
7464 0
7465 0
7466 0
7467 2
7468 0
7469 1
7470 1
7471 0
7472 0
7473 0
7474 0
7475 1
7476 0
7477 0
7478 0
7479 1
7480 1
7481 0
7482 2
7483 2
7484 1
7485 0
7486 4
7487 2
7488 0
7489 0
7490 0
7491 0
7492 0
7493 2
7494 1
7495 0
7496 0
7497 1
7498 0
7499 0
7500 1
7501 0
7502 0
7503 0
7504 0
7505 0
7506 1
7507 0
7508 0
7509 0
7510 0
7511 2
7512 0
7513 2
7514 3
7515 0
7516 2
7517 0
7518 0
7519 1
7520 2
7521 0
7522 0
7523 0
7524 0
7525 0
7526 1
7527 0
7528 2
7529 1
7530 1
7531 0
7532 2
7533 0
7534 1
7535 1
7536 0
7537 1
7538 0
7539 0
7540 1
7541 2
7542 3
7543 1
7544 1
7545 1
7546 3
7547 2
7548 1
7549 2
7550 1
7551 1
7552 0
7553 0
7554 0
7555 1
7556 0
7557 0
7558 1
7559 0
7560 0
7561 0
7562 0
7563 0
7564 1
7565 1
7566 1
7567 0
7568 0
7569 0
7570 1
7571 0
7572 0
7573 0
7574 0
7575 2
7576 0
7577 0
7578 1
7579 1
7580 1
7581 1
7582 0
7583 0
7584 0
7585 0
7586 2
7587 1
7588 0
7589 0
7590 1
7591 1
7592 0
7593 0
7594 0
7595 0
7596 0
7597 0
7598 0
7599 0
7600 0
7601 1
7602 0
7603 1
7604 1
7605 0
7606 1
7607 0
7608 2
7609 1
7610 0
7611 0
7612 0
7613 0
7614 0
7615 1
7616 0
7617 2
7618 0
7619 0
7620 0
7621 0
7622 0
7623 3
7624 1
7625 0
7626 0
7627 1
7628 0
7629 0
7630 1
7631 0
7632 0
7633 1
7634 1
7635 0
7636 1
7637 1
7638 1
7639 1
7640 0
7641 1
7642 1
7643 0
7644 2
7645 0
7646 0
7647 1
7648 0
7649 1
7650 0
7651 0
7652 3
7653 0
7654 1
7655 0
7656 0
7657 0
7658 2
7659 1
7660 1
7661 0
7662 1
7663 0
7664 0
7665 0
7666 0
7667 2
7668 1
7669 1
7670 0
7671 1
7672 0
7673 0
7674 0
7675 1
7676 1
7677 1
7678 0
7679 1
7680 0
7681 1
7682 1
7683 2
7684 0
7685 2
7686 1
7687 0
7688 0
7689 2
7690 1
7691 3
7692 0
7693 1
7694 0
7695 0
7696 0
7697 0
7698 1
7699 1
7700 1
7701 0
7702 0
7703 0
7704 0
7705 1
7706 1
7707 1
7708 0
7709 1
7710 2
7711 0
7712 0
7713 0
7714 1
7715 0
7716 2
7717 0
7718 1
7719 0
7720 0
7721 2
7722 3
7723 1
7724 0
7725 0
7726 0
7727 1
7728 0
7729 2
7730 0
7731 0
7732 1
7733 0
7734 1
7735 2
7736 0
7737 0
7738 2
7739 1
7740 0
7741 0
7742 1
7743 2
7744 2
7745 1
7746 1
7747 0
7748 0
7749 2
7750 1
7751 0
7752 1
7753 0
7754 0
7755 0
7756 0
7757 0
7758 0
7759 1
7760 1
7761 0
7762 0
7763 0
7764 0
7765 0
7766 1
7767 1
7768 1
7769 0
7770 0
7771 0
7772 1
7773 1
7774 0
7775 0
7776 2
7777 0
7778 1
7779 1
7780 0
7781 1
7782 0
7783 0
7784 1
7785 1
7786 0
7787 0
7788 0
7789 1
7790 2
7791 0
7792 1
7793 1
7794 0
7795 0
7796 0
7797 0
7798 1
7799 1
7800 1
7801 1
7802 0
7803 0
7804 1
7805 1
7806 0
7807 2
7808 0
7809 0
7810 5
7811 4
7812 1
7813 1
7814 0
7815 1
7816 1
7817 2
7818 1
7819 0
7820 0
7821 0
7822 0
7823 0
7824 1
7825 1
7826 0
7827 0
7828 0
7829 0
7830 1
7831 1
7832 2
7833 1
7834 1
7835 0
7836 0
7837 0
7838 0
7839 1
7840 0
7841 1
7842 0
7843 0
7844 1
7845 0
7846 0
7847 0
7848 0
7849 0
7850 0
7851 0
7852 0
7853 1
7854 0
7855 0
7856 0
7857 2
7858 0
7859 1
7860 0
7861 0
7862 0
7863 0
7864 2
7865 2
7866 1
7867 0
7868 0
7869 0
7870 0
7871 1
7872 2
7873 0
7874 0
7875 1
7876 0
7877 1
7878 2
7879 2
7880 0
7881 1
7882 0
7883 1
7884 0
7885 0
7886 1
7887 1
7888 0
7889 0
7890 1
7891 1
7892 0
7893 0
7894 0
7895 1
7896 0
7897 0
7898 0
7899 0
7900 0
7901 0
7902 0
7903 1
7904 1
7905 0
7906 0
7907 0
7908 2
7909 0
7910 0
7911 0
7912 1
7913 1
7914 0
7915 0
7916 0
7917 1
7918 0
7919 0
7920 0
7921 1
7922 1
7923 0
7924 1
7925 1
7926 0
7927 1
7928 2
7929 0
7930 1
7931 0
7932 1
7933 1
7934 0
7935 0
7936 0
7937 2
7938 0
7939 2
7940 2
7941 1
7942 0
7943 2
7944 0
7945 0
7946 0
7947 1
7948 0
7949 1
7950 1
7951 1
7952 2
7953 1
7954 0
7955 0
7956 0
7957 2
7958 0
7959 1
7960 0
7961 0
7962 2
7963 1
7964 1
7965 1
7966 1
7967 0
7968 1
7969 1
7970 1
7971 0
7972 0
7973 1
7974 0
7975 0
7976 0
7977 1
7978 2
7979 1
7980 0
7981 0
7982 0
7983 1
7984 1
7985 1
7986 0
7987 0
7988 1
7989 1
7990 1
7991 1
7992 0
7993 0
7994 0
7995 0
7996 2
7997 0
7998 1
7999 2
8000 0
8001 0
8002 0
8003 0
8004 0
8005 0
8006 3
8007 1
8008 0
8009 0
8010 0
8011 1
8012 0
8013 0
8014 2
8015 0
8016 1
8017 0
8018 0
8019 2
8020 0
8021 1
8022 0
8023 0
8024 0
8025 0
8026 1
8027 0
8028 0
8029 2
8030 0
8031 0
8032 1
8033 1
8034 0
8035 0
8036 0
8037 1
8038 3
8039 3
8040 0
8041 0
8042 2
8043 1
8044 1
8045 0
8046 1
8047 1
8048 0
8049 0
8050 1
8051 1
8052 0
8053 0
8054 1
8055 0
8056 0
8057 3
8058 0
8059 0
8060 0
8061 1
8062 0
8063 0
8064 0
8065 0
8066 0
8067 0
8068 0
8069 0
8070 0
8071 1
8072 0
8073 2
8074 0
8075 0
8076 0
8077 2
8078 1
8079 0
8080 0
8081 1
8082 1
8083 0
8084 0
8085 1
8086 0
8087 1
8088 0
8089 0
8090 1
8091 1
8092 0
8093 1
8094 0
8095 0
8096 0
8097 2
8098 0
8099 0
8100 1
8101 1
8102 2
8103 2
8104 0
8105 1
8106 0
8107 1
8108 1
8109 0
8110 0
8111 0
8112 0
8113 0
8114 1
8115 1
8116 0
8117 0
8118 2
8119 1
8120 0
8121 1
8122 1
8123 1
8124 0
8125 1
8126 0
8127 3
8128 1
8129 0
8130 0
8131 1
8132 0
8133 0
8134 0
8135 1
8136 1
8137 3
8138 1
8139 0
8140 1
8141 2
8142 0
8143 0
8144 0
8145 0
8146 0
8147 2
8148 0
8149 2
8150 0
8151 1
8152 1
8153 0
8154 1
8155 0
8156 1
8157 0
8158 0
8159 0
8160 1
8161 0
8162 1
8163 0
8164 0
8165 0
8166 0
8167 1
8168 0
8169 1
8170 0
8171 0
8172 0
8173 1
8174 0
8175 1
8176 1
8177 0
8178 0
8179 2
8180 1
8181 1
8182 0
8183 0
8184 1
8185 2
8186 0
8187 0
8188 1
8189 0
8190 0
8191 0
8192 2
8193 0
8194 2
8195 0
8196 1
8197 1
8198 0
8199 1
8200 0
8201 0
8202 1
8203 0
8204 0
8205 1
8206 0
8207 1
8208 0
8209 1
8210 1
8211 1
8212 0
8213 0
8214 0
8215 0
8216 2
8217 0
8218 1
8219 1
8220 0
8221 1
8222 0
8223 0
8224 1
8225 0
8226 0
8227 0
8228 2
8229 1
8230 0
8231 0
8232 1
8233 0
8234 1
8235 0
8236 0
8237 0
8238 1
8239 1
8240 0
8241 0
8242 1
8243 0
8244 0
8245 3
8246 0
8247 1
8248 0
8249 0
8250 0
8251 0
8252 1
8253 1
8254 1
8255 0
8256 0
8257 1
8258 1
8259 1
8260 1
8261 0
8262 1
8263 0
8264 0
8265 2
8266 1
8267 0
8268 1
8269 0
8270 1
8271 0
8272 0
8273 1
8274 0
8275 2
8276 1
8277 1
8278 1
8279 1
8280 0
8281 0
8282 0
8283 1
8284 2
8285 2
8286 0
8287 0
8288 1
8289 1
8290 1
8291 2
8292 0
8293 0
8294 0
8295 0
8296 1
8297 0
8298 1
8299 1
8300 1
8301 1
8302 0
8303 0
8304 0
8305 1
8306 0
8307 1
8308 0
8309 0
8310 0
8311 2
8312 0
8313 1
8314 0
8315 1
8316 1
8317 1
8318 0
8319 1
8320 1
8321 1
8322 2
8323 2
8324 0
8325 0
8326 0
8327 2
8328 0
8329 0
8330 1
8331 0
8332 0
8333 1
8334 2
8335 0
8336 0
8337 0
8338 1
8339 1
8340 2
8341 1
8342 0
8343 1
8344 1
8345 1
8346 1
8347 1
8348 2
8349 0
8350 0
8351 0
8352 1
8353 1
8354 1
8355 0
8356 1
8357 0
8358 0
8359 1
8360 2
8361 1
8362 1
8363 2
8364 2
8365 0
8366 0
8367 0
8368 1
8369 0
8370 2
8371 0
8372 3
8373 0
8374 0
8375 3
8376 1
8377 0
8378 0
8379 0
8380 1
8381 2
8382 1
8383 0
8384 1
8385 1
8386 0
8387 0
8388 0
8389 2
8390 1
8391 0
8392 0
8393 0
8394 0
8395 0
8396 0
8397 0
8398 1
8399 0
8400 0
8401 1
8402 1
8403 2
8404 0
8405 0
8406 0
8407 1
8408 0
8409 1
8410 0
8411 0
8412 1
8413 1
8414 1
8415 1
8416 0
8417 0
8418 0
8419 0
8420 1
8421 2
8422 2
8423 0
8424 1
8425 0
8426 0
8427 0
8428 0
8429 0
8430 0
8431 0
8432 1
8433 0
8434 1
8435 0
8436 1
8437 0
8438 0
8439 0
8440 0
8441 0
8442 0
8443 0
8444 0
8445 0
8446 0
8447 1
8448 0
8449 0
8450 1
8451 1
8452 0
8453 0
8454 3
8455 0
8456 0
8457 0
8458 1
8459 1
8460 2
8461 1
8462 1
8463 0
8464 1
8465 1
8466 2
8467 1
8468 0
8469 1
8470 0
8471 1
8472 0
8473 2
8474 1
8475 1
8476 1
8477 1
8478 0
8479 0
8480 0
8481 0
8482 1
8483 1
8484 1
8485 1
8486 0
8487 0
8488 3
8489 0
8490 0
8491 1
8492 1
8493 0
8494 0
8495 0
8496 0
8497 0
8498 0
8499 3
8500 1
8501 0
8502 0
8503 0
8504 1
8505 0
8506 1
8507 2
8508 3
8509 0
8510 1
8511 1
8512 1
8513 0
8514 0
8515 0
8516 1
8517 3
8518 0
8519 2
8520 2
8521 2
8522 0
8523 0
8524 0
8525 0
8526 0
8527 0
8528 1
8529 0
8530 2
8531 0
8532 0
8533 0
8534 0
8535 0
8536 0
8537 0
8538 0
8539 0
8540 0
8541 1
8542 1
8543 0
8544 1
8545 0
8546 1
8547 0
8548 0
8549 0
8550 0
8551 0
8552 0
8553 1
8554 1
8555 0
8556 0
8557 1
8558 1
8559 1
8560 1
8561 0
8562 0
8563 0
8564 0
8565 0
8566 1
8567 0
8568 0
8569 1
8570 1
8571 1
8572 0
8573 0
8574 0
8575 0
8576 0
8577 1
8578 2
8579 0
8580 0
8581 0
8582 0
8583 0
8584 1
8585 1
8586 2
8587 0
8588 0
8589 0
8590 2
8591 0
8592 0
8593 1
8594 0
8595 2
8596 0
8597 0
8598 0
8599 0
8600 2
8601 0
8602 0
8603 0
8604 0
8605 0
8606 0
8607 0
8608 0
8609 0
8610 0
8611 0
8612 0
8613 0
8614 0
8615 0
8616 1
8617 0
8618 0
8619 0
8620 2
8621 0
8622 0
8623 0
8624 0
8625 1
8626 1
8627 0
8628 0
8629 0
8630 1
8631 0
8632 1
8633 0
8634 2
8635 2
8636 1
8637 0
8638 0
8639 0
8640 0
8641 0
8642 0
8643 1
8644 1
8645 0
8646 0
8647 1
8648 0
8649 0
8650 2
8651 1
8652 0
8653 1
8654 1
8655 0
8656 0
8657 0
8658 1
8659 0
8660 0
8661 0
8662 0
8663 1
8664 1
8665 0
8666 1
8667 0
8668 1
8669 2
8670 1
8671 1
8672 2
8673 2
8674 1
8675 1
8676 0
8677 1
8678 1
8679 1
8680 0
8681 1
8682 0
8683 0
8684 0
8685 0
8686 1
8687 1
8688 1
8689 0
8690 0
8691 0
8692 1
8693 2
8694 0
8695 1
8696 0
8697 1
8698 0
8699 0
8700 0
8701 0
8702 1
8703 1
8704 1
8705 0
8706 0
8707 0
8708 0
8709 0
8710 0
8711 0
8712 0
8713 0
8714 1
8715 1
8716 0
8717 1
8718 0
8719 0
8720 0
8721 2
8722 0
8723 0
8724 1
8725 0
8726 2
8727 0
8728 0
8729 0
8730 1
8731 0
8732 0
8733 0
8734 0
8735 0
8736 0
8737 0
8738 0
8739 0
8740 0
8741 1
8742 0
8743 1
8744 0
8745 1
8746 0
8747 0
8748 1
8749 0
8750 0
8751 0
8752 0
8753 2
8754 2
8755 0
8756 1
8757 2
8758 1
8759 0
8760 0
8761 2
8762 1
8763 0
8764 2
8765 0
8766 2
8767 0
8768 1
8769 0
8770 2
8771 0
8772 1
8773 0
8774 0
8775 0
8776 0
8777 0
8778 0
8779 1
8780 3
8781 0
8782 2
8783 0
8784 0
8785 0
8786 2
8787 0
8788 0
8789 0
8790 0
8791 0
8792 1
8793 0
8794 1
8795 1
8796 1
8797 1
8798 0
8799 1
8800 0
8801 0
8802 1
8803 1
8804 0
8805 0
8806 0
8807 1
8808 0
8809 1
8810 0
8811 0
8812 1
8813 1
8814 0
8815 0
8816 0
8817 0
8818 0
8819 1
8820 0
8821 1
8822 0
8823 1
8824 2
8825 0
8826 0
8827 1
8828 1
8829 1
8830 1
8831 0
8832 3
8833 2
8834 0
8835 1
8836 1
8837 1
8838 0
8839 0
8840 1
8841 0
8842 0
8843 1
8844 1
8845 1
8846 0
8847 0
8848 1
8849 1
8850 0
8851 0
8852 1
8853 0
8854 0
8855 0
8856 2
8857 1
8858 0
8859 0
8860 0
8861 0
8862 0
8863 0
8864 0
8865 0
8866 1
8867 1
8868 0
8869 0
8870 1
8871 1
8872 2
8873 2
8874 0
8875 0
8876 0
8877 1
8878 1
8879 0
8880 1
8881 0
8882 1
8883 1
8884 1
8885 1
8886 0
8887 0
8888 1
8889 2
8890 0
8891 0
8892 0
8893 1
8894 0
8895 0
8896 0
8897 1
8898 1
8899 0
8900 0
8901 0
8902 0
8903 1
8904 1
8905 0
8906 0
8907 1
8908 0
8909 1
8910 1
8911 1
8912 1
8913 0
8914 2
8915 1
8916 2
8917 0
8918 0
8919 1
8920 0
8921 0
8922 1
8923 0
8924 0
8925 0
8926 0
8927 1
8928 0
8929 0
8930 2
8931 1
8932 0
8933 0
8934 1
8935 2
8936 0
8937 1
8938 0
8939 2
8940 1
8941 0
8942 0
8943 1
8944 1
8945 0
8946 1
8947 0
8948 0
8949 0
8950 0
8951 1
8952 0
8953 1
8954 0
8955 0
8956 0
8957 0
8958 0
8959 0
8960 1
8961 0
8962 0
8963 1
8964 0
8965 1
8966 0
8967 0
8968 0
8969 1
8970 0
8971 0
8972 0
8973 0
8974 2
8975 1
8976 0
8977 0
8978 0
8979 0
8980 0
8981 0
8982 1
8983 0
8984 0
8985 1
8986 0
8987 1
8988 0
8989 0
8990 0
8991 1
8992 0
8993 0
8994 0
8995 0
8996 1
8997 0
8998 0
8999 2
9000 0
9001 0
9002 0
9003 0
9004 0
9005 0
9006 1
9007 0
9008 1
9009 0
9010 0
9011 1
9012 0
9013 0
9014 0
9015 0
9016 0
9017 1
9018 0
9019 1
9020 1
9021 2
9022 2
9023 0
9024 1
9025 1
9026 1
9027 0
9028 0
9029 1
9030 1
9031 0
9032 1
9033 0
9034 0
9035 0
9036 0
9037 0
9038 0
9039 1
9040 0
9041 1
9042 0
9043 1
9044 0
9045 1
9046 1
9047 1
9048 0
9049 0
9050 0
9051 0
9052 0
9053 0
9054 0
9055 0
9056 2
9057 1
9058 0
9059 1
9060 1
9061 1
9062 0
9063 0
9064 1
9065 1
9066 0
9067 0
9068 1
9069 1
9070 0
9071 0
9072 1
9073 0
9074 0
9075 0
9076 0
9077 0
9078 0
9079 1
9080 1
9081 1
9082 0
9083 1
9084 0
9085 0
9086 1
9087 1
9088 1
9089 0
9090 0
9091 0
9092 0
9093 1
9094 0
9095 1
9096 0
9097 0
9098 1
9099 0
9100 0
9101 0
9102 0
9103 0
9104 1
9105 0
9106 0
9107 1
9108 0
9109 1
9110 0
9111 0
9112 2
9113 2
9114 0
9115 1
9116 0
9117 0
9118 0
9119 0
9120 0
9121 0
9122 2
9123 0
9124 3
9125 0
9126 1
9127 1
9128 0
9129 1
9130 1
9131 0
9132 0
9133 1
9134 2
9135 1
9136 1
9137 0
9138 0
9139 1
9140 2
9141 1
9142 0
9143 1
9144 0
9145 0
9146 1
9147 2
9148 0
9149 2
9150 1
9151 1
9152 0
9153 2
9154 0
9155 0
9156 1
9157 0
9158 1
9159 1
9160 1
9161 2
9162 0
9163 0
9164 4
9165 4
9166 1
9167 1
9168 0
9169 0
9170 1
9171 0
9172 1
9173 1
9174 1
9175 1
9176 0
9177 1
9178 0
9179 0
9180 1
9181 1
9182 0
9183 2
9184 0
9185 0
9186 2
9187 0
9188 0
9189 0
9190 1
9191 0
9192 3
9193 2
9194 1
9195 0
9196 1
9197 0
9198 0
9199 1
9200 1
9201 1
9202 2
9203 0
9204 2
9205 1
9206 0
9207 0
9208 0
9209 1
9210 0
9211 0
9212 0
9213 1
9214 1
9215 0
9216 1
9217 0
9218 0
9219 1
9220 2
9221 1
9222 0
9223 0
9224 1
9225 0
9226 1
9227 0
9228 0
9229 1
9230 0
9231 1
9232 2
9233 0
9234 1
9235 0
9236 0
9237 0
9238 2
9239 1
9240 1
9241 0
9242 2
9243 0
9244 0
9245 1
9246 0
9247 0
9248 2
9249 1
9250 0
9251 0
9252 0
9253 0
9254 0
9255 1
9256 1
9257 2
9258 0
9259 2
9260 1
9261 1
9262 0
9263 0
9264 1
9265 1
9266 2
9267 1
9268 0
9269 0
9270 0
9271 0
9272 1
9273 1
9274 0
9275 1
9276 0
9277 0
9278 0
9279 0
9280 1
9281 0
9282 0
9283 1
9284 0
9285 1
9286 0
9287 2
9288 1
9289 1
9290 2
9291 2
9292 0
9293 0
9294 0
9295 2
9296 1
9297 1
9298 3
9299 2
9300 0
9301 2
9302 1
9303 0
9304 0
9305 1
9306 1
9307 0
9308 0
9309 1
9310 1
9311 1
9312 1
9313 0
9314 2
9315 0
9316 1
9317 0
9318 0
9319 0
9320 0
9321 0
9322 2
9323 1
9324 1
9325 1
9326 1
9327 2
9328 0
9329 0
9330 0
9331 2
9332 1
9333 2
9334 0
9335 0
9336 1
9337 1
9338 1
9339 0
9340 0
9341 0
9342 1
9343 0
9344 1
9345 1
9346 0
9347 0
9348 4
9349 2
9350 2
9351 2
9352 0
9353 1
9354 1
9355 1
9356 1
9357 2
9358 2
9359 0
9360 1
9361 1
9362 1
9363 1
9364 0
9365 0
9366 1
9367 0
9368 0
9369 0
9370 1
9371 1
9372 3
9373 0
9374 0
9375 1
9376 0
9377 0
9378 1
9379 1
9380 0
9381 2
9382 0
9383 1
9384 2
9385 0
9386 0
9387 2
9388 1
9389 3
9390 1
9391 2
9392 1
9393 1
9394 0
9395 1
9396 0
9397 0
9398 0
9399 1
9400 1
9401 1
9402 0
9403 2
9404 2
9405 1
9406 0
9407 0
9408 0
9409 0
9410 3
9411 0
9412 0
9413 0
9414 0
9415 0
9416 1
9417 2
9418 0
9419 1
9420 1
9421 0
9422 0
9423 2
9424 0
9425 1
9426 0
9427 2
9428 1
9429 1
9430 0
9431 1
9432 1
9433 1
9434 1
9435 1
9436 0
9437 0
9438 0
9439 2
9440 1
9441 2
9442 2
9443 0
9444 0
9445 1
9446 0
9447 0
9448 1
9449 0
9450 0
9451 0
9452 0
9453 0
9454 1
9455 0
9456 0
9457 0
9458 0
9459 1
9460 0
9461 0
9462 0
9463 1
9464 0
9465 2
9466 1
9467 0
9468 0
9469 2
9470 0
9471 1
9472 0
9473 0
9474 0
9475 0
9476 0
9477 0
9478 1
9479 2
9480 0
9481 0
9482 0
9483 0
9484 1
9485 1
9486 1
9487 1
9488 0
9489 1
9490 1
9491 0
9492 0
9493 0
9494 0
9495 0
9496 1
9497 0
9498 1
9499 0
9500 0
9501 0
9502 0
9503 0
9504 0
9505 0
9506 1
9507 1
9508 0
9509 1
9510 0
9511 0
9512 0
9513 0
9514 2
9515 2
9516 0
9517 0
9518 2
9519 0
9520 2
9521 0
9522 1
9523 0
9524 1
9525 0
9526 0
9527 0
9528 2
9529 2
9530 0
9531 0
9532 4
9533 2
9534 0
9535 0
9536 1
9537 0
9538 1
9539 0
9540 3
9541 0
9542 1
9543 2
9544 2
9545 0
9546 0
9547 1
9548 0
9549 3
9550 0
9551 0
9552 1
9553 1
9554 0
9555 2
9556 0
9557 1
9558 0
9559 0
9560 2
9561 0
9562 0
9563 0
9564 0
9565 0
9566 0
9567 0
9568 2
9569 1
9570 3
9571 0
9572 1
9573 1
9574 0
9575 1
9576 1
9577 0
9578 0
9579 0
9580 0
9581 0
9582 1
9583 2
9584 2
9585 1
9586 0
9587 0
9588 2
9589 0
9590 0
9591 0
9592 0
9593 0
9594 1
9595 0
9596 0
9597 0
9598 0
9599 1
9600 0
9601 1
9602 0
9603 0
9604 2
9605 2
9606 1
9607 1
9608 0
9609 1
9610 0
9611 1
9612 0
9613 0
9614 1
9615 1
9616 0
9617 0
9618 0
9619 0
9620 1
9621 1
9622 1
9623 0
9624 1
9625 0
9626 2
9627 0
9628 2
9629 2
9630 1
9631 0
9632 1
9633 1
9634 0
9635 0
9636 0
9637 2
9638 0
9639 0
9640 1
9641 0
9642 1
9643 1
9644 1
9645 0
9646 0
9647 0
9648 0
9649 0
9650 0
9651 1
9652 0
9653 1
9654 1
9655 0
9656 0
9657 0
9658 2
9659 0
9660 0
9661 0
9662 0
9663 0
9664 0
9665 0
9666 0
9667 1
9668 0
9669 1
9670 1
9671 0
9672 1
9673 0
9674 0
9675 0
9676 2
9677 0
9678 0
9679 1
9680 0
9681 0
9682 0
9683 0
9684 0
9685 1
9686 0
9687 0
9688 1
9689 0
9690 2
9691 1
9692 0
9693 2
9694 0
9695 0
9696 0
9697 0
9698 1
9699 1
9700 0
9701 0
9702 0
9703 0
9704 1
9705 1
9706 0
9707 1
9708 1
9709 1
9710 1
9711 0
9712 1
9713 0
9714 0
9715 1
9716 0
9717 0
9718 0
9719 0
9720 1
9721 0
9722 0
9723 1
9724 0
9725 0
9726 1
9727 0
9728 1
9729 0
9730 3
9731 0
9732 0
9733 1
9734 1
9735 2
9736 0
9737 1
9738 1
9739 1
9740 1
9741 1
9742 1
9743 0
9744 1
9745 0
9746 0
9747 0
9748 1
9749 1
9750 1
9751 3
9752 1
9753 1
9754 1
9755 1
9756 1
9757 0
9758 0
9759 1
9760 1
9761 0
9762 0
9763 1
9764 1
9765 2
9766 1
9767 0
9768 1
9769 0
9770 0
9771 3
9772 1
9773 0
9774 0
9775 1
9776 0
9777 2
9778 1
9779 1
9780 1
9781 1
9782 1
9783 0
9784 0
9785 1
9786 0
9787 2
9788 0
9789 1
9790 0
9791 0
9792 0
9793 0
9794 1
9795 2
9796 1
9797 1
9798 0
9799 0
9800 0
9801 0
9802 0
9803 1
9804 2
9805 0
9806 0
9807 0
9808 2
9809 0
9810 0
9811 0
9812 1
9813 0
9814 1
9815 4
9816 2
9817 0
9818 0
9819 1
9820 0
9821 0
9822 0
9823 0
9824 0
9825 1
9826 0
9827 0
9828 1
9829 1
9830 0
9831 0
9832 0
9833 1
9834 2
9835 0
9836 3
9837 1
9838 1
9839 1
9840 1
9841 0
9842 1
9843 0
9844 0
9845 2
9846 1
9847 0
9848 0
9849 0
9850 1
9851 0
9852 2
9853 0
9854 2
9855 0
9856 0
9857 1
9858 3
9859 2
9860 0
9861 0
9862 0
9863 0
9864 1
9865 1
9866 2
9867 0
9868 2
9869 1
9870 1
9871 1
9872 0
9873 1
9874 2
9875 0
9876 0
9877 0
9878 0
9879 1
9880 0
9881 0
9882 1
9883 1
9884 0
9885 0
9886 0
9887 0
9888 1
9889 1
9890 1
9891 2
9892 1
9893 1
9894 1
9895 0
9896 0
9897 1
9898 1
9899 0
9900 1
9901 1
9902 1
9903 1
9904 2
9905 0
9906 0
9907 1
9908 0
9909 0
9910 0
9911 0
9912 1
9913 0
9914 1
9915 1
9916 1
9917 0
9918 0
9919 0
9920 0
9921 0
9922 0
9923 1
9924 0
9925 1
9926 0
9927 0
9928 1
9929 0
9930 2
9931 0
9932 0
9933 1
9934 1
9935 2
9936 2
9937 2
9938 0
9939 1
9940 0
9941 0
9942 1
9943 1
9944 1
9945 0
9946 0
9947 1
9948 0
9949 0
9950 1
9951 1
9952 1
9953 0
9954 2
9955 0
9956 0
9957 0
9958 0
9959 0
9960 1
9961 0
9962 0
9963 0
9964 0
9965 1
9966 0
9967 1
9968 1
9969 1
9970 0
9971 0
9972 1
9973 3
9974 2
9975 1
9976 1
9977 1
9978 0
9979 0
9980 0
9981 1
9982 2
9983 1
9984 2
9985 0
9986 1
9987 0
9988 0
9989 0
9990 0
9991 2
9992 1
9993 0
9994 1
9995 0
9996 1
9997 0
9998 0
9999 0
