0 3
1 4
2 2
3 2
4 1
5 2
6 1
7 3
8 5
9 5
10 6
11 5
12 5
13 3
14 2
15 3
16 4
17 4
18 1
19 4
20 5
21 3
22 3
23 1
24 1
25 4
26 3
27 3
28 2
29 3
30 1
31 2
32 0
33 1
34 5
35 4
36 2
37 1
38 4
39 4
40 3
41 3
42 0
43 4
44 4
45 2
46 3
47 4
48 4
49 3
50 1
51 2
52 2
53 2
54 2
55 1
56 3
57 1
58 1
59 2
60 1
61 2
62 1
63 4
64 6
65 5
66 7
67 5
68 3
69 3
70 2
71 2
72 3
73 4
74 3
75 2
76 3
77 2
78 0
79 1
80 4
81 5
82 3
83 3
84 2
85 1
86 2
87 4
88 2
89 0
90 2
91 4
92 5
93 6
94 6
95 5
96 5
97 5
98 3
99 1
100 2
101 2
102 5
103 4
104 2
105 4
106 3
107 1
108 0
109 2
110 2
111 0
112 2
113 2
114 5
115 4
116 3
117 2
118 5
119 4
120 3
121 4
122 4
123 4
124 2
125 1
126 5
127 3
128 4
129 3
130 3
131 1
132 4
133 2
134 3
135 2
136 2
137 2
138 2
139 1
140 1
141 1
142 1
143 2
144 2
145 5
146 7
147 5
148 4
149 5
150 3
151 1
152 1
153 3
154 4
155 2
156 2
157 0
158 4
159 3
160 3
161 1
162 2
163 2
164 1
165 0
166 1
167 1
168 1
169 0
170 3
171 2
172 3
173 0
174 2
175 4
176 4
177 2
178 3
179 1
180 1
181 3
182 3
183 1
184 2
185 3
186 2
187 1
188 0
189 0
190 1
191 3
192 1
193 3
194 0
195 2
196 2
197 1
198 1
199 2
200 1
201 2
202 5
203 6
204 7
205 8
206 8
207 6
208 4
209 4
210 4
211 3
212 2
213 1
214 3
215 4
216 4
217 5
218 3
219 4
220 3
221 7
222 4
223 3
224 2
225 1
226 1
227 2
228 6
229 5
230 4
231 4
232 3
233 3
234 4
235 2
236 3
237 0
238 1
239 2
240 3
241 3
242 4
243 2
244 2
245 2
246 2
247 1
248 3
249 3
250 1
251 1
252 2
253 2
254 4
255 4
256 2
257 1
258 3
259 2
260 4
261 3
262 1
263 2
264 3
265 4
266 4
267 5
268 5
269 4
270 1
271 3
272 3
273 1
274 2
275 2
276 6
277 4
278 3
279 2
280 3
281 1
282 2
283 0
284 4
285 5
286 5
287 4
288 3
289 2
290 2
291 3
292 1
293 2
294 0
295 1
296 2
297 2
298 2
299 1
300 3
301 1
302 1
303 1
304 3
305 1
306 0
307 3
308 3
309 3
310 2
311 1
312 3
313 0
314 2
315 3
316 2
317 1
318 4
319 2
320 1
321 2
322 1
323 2
324 0
325 2
326 1
327 3
328 4
329 4
330 1
331 4
332 3
333 1
334 1
335 3
336 6
337 5
338 3
339 2
340 3
341 2
342 2
343 2
344 1
345 1
346 2
347 1
348 2
349 1
350 3
351 3
352 1
353 1
354 4
355 2
356 3
357 5
358 6
359 5
360 3
361 1
362 3
363 3
364 3
365 2
366 3
367 2
368 3
369 2
370 2
371 6
372 6
373 4
374 3
375 0
376 3
377 1
378 2
379 3
380 2
381 2
382 2
383 1
384 2
385 3
386 3
387 2
388 3
389 3
390 3
391 1
392 1
393 2
394 1
395 3
396 2
397 2
398 3
399 2
400 4
401 3
402 2
403 3
404 1
405 2
406 2
407 2
408 1
409 1
410 3
411 1
412 2
413 6
414 4
415 2
416 3
417 2
418 2
419 2
420 4
421 4
422 3
423 4
424 4
425 4
426 3
427 6
428 3
429 2
430 1
431 1
432 0
433 3
434 2
435 2
436 2
437 2
438 2
439 1
440 1
441 3
442 1
443 5
444 5
445 6
446 8
447 6
448 5
449 6
450 5
451 4
452 3
453 0
454 3
455 3
456 3
457 3
458 2
459 4
460 3
461 1
462 2
463 1
464 1
465 2
466 2
467 3
468 2
469 0
470 5
471 4
472 5
473 5
474 4
475 2
476 3
477 2
478 2
479 3
480 3
481 3
482 0
483 1
484 6
485 5
486 3
487 3
488 3
489 1
490 0
491 1
492 1
493 4
494 2
495 1
496 3
497 0
498 1
499 1
500 2
501 0
502 1
503 3
504 1
505 5
506 4
507 2
508 1
509 2
510 2
511 3
512 6
513 5
514 7
515 6
516 5
517 4
518 3
519 4
520 4
521 1
522 1
523 3
524 0
525 1
526 1
527 4
528 4
529 2
530 3
531 3
532 3
533 2
534 1
535 1
536 1
537 5
538 4
539 5
540 3
541 3
542 2
543 2
544 1
545 1
546 2
547 6
548 7
549 6
550 4
551 2
552 1
553 4
554 6
555 6
556 6
557 5
558 2
559 1
560 1
561 1
562 1
563 3
564 2
565 3
566 1
567 3
568 2
569 5
570 4
571 2
572 1
573 1
574 0
575 4
576 4
577 6
578 10
579 9
580 7
581 7
582 5
583 5
584 5
585 2
586 2
587 4
588 3
589 1
590 1
591 3
592 0
593 1
594 1
595 4
596 4
597 3
598 4
599 3
600 2
601 0
602 4
603 2
604 1
605 2
606 2
607 2
608 2
609 1
610 2
611 3
612 3
613 3
614 0
615 3
616 3
617 3
618 0
619 1
620 0
621 5
622 3
623 4
624 3
625 4
626 3
627 0
628 1
629 3
630 3
631 1
632 0
633 4
634 2
635 0
636 2
637 2
638 1
639 2
640 3
641 2
642 0
643 0
644 3
645 2
646 3
647 2
648 3
649 1
650 1
651 4
652 5
653 6
654 5
655 4
656 2
657 0
658 2
659 2
660 2
661 2
662 2
663 2
664 2
665 4
666 3
667 3
668 3
669 3
670 0
671 1
672 2
673 2
674 3
675 3
676 4
677 4
678 3
679 1
680 3
681 4
682 1
683 1
684 0
685 3
686 0
687 2
688 3
689 1
690 2
691 0
692 4
693 5
694 6
695 5
696 3
697 2
698 1
699 0
700 4
701 4
702 4
703 3
704 2
705 0
706 1
707 1
708 2
709 2
710 2
711 0
712 3
713 1
714 2
715 1
716 2
717 1
718 3
719 2
720 2
721 2
722 2
723 3
724 2
725 3
726 4
727 2
728 2
729 2
730 2
731 1
732 1
733 1
734 2
735 0
736 3
737 0
738 1
739 1
740 4
741 2
742 5
743 6
744 6
745 4
746 3
747 2
748 2
749 3
750 5
751 3
752 2
753 2
754 4
755 3
756 1
757 1
758 2
759 0
760 2
761 2
762 2
763 2
764 2
765 1
766 3
767 1
768 5
769 5
770 5
771 3
772 2
773 4
774 4
775 2
776 2
777 0
778 1
779 1
780 2
781 4
782 5
783 5
784 3
785 3
786 4
787 2
788 2
789 3
790 4
791 3
792 1
793 3
794 4
795 3
796 1
797 2
798 2
799 1
800 2
801 0
802 1
803 2
804 4
805 3
806 3
807 2
808 2
809 2
810 1
811 1
812 3
813 3
814 3
815 1
816 2
817 2
818 1
819 1
820 3
821 1
822 1
823 3
824 1
825 3
826 0
827 2
828 1
829 4
830 4
831 3
832 2
833 3
834 1
835 1
836 3
837 1
838 2
839 1
840 3
841 2
842 3
843 3
844 2
845 2
846 3
847 1
848 2
849 1
850 3
851 5
852 3
853 3
854 2
855 2
856 2
857 4
858 4
859 3
860 3
861 2
862 3
863 1
864 4
865 4
866 2
867 1
868 2
869 1
870 5
871 3
872 2
873 0
874 2
875 1
876 2
877 2
878 1
879 3
880 1
881 4
882 2
883 3
884 1
885 0
886 1
887 1
888 3
889 1
890 0
891 1
892 0
893 2
894 3
895 1
896 5
897 5
898 4
899 5
900 5
901 4
902 1
903 2
904 3
905 5
906 4
907 2
908 1
909 1
910 1
911 2
912 3
913 0
914 1
915 1
916 3
917 3
918 2
919 2
920 2
921 3
922 3
923 1
924 0
925 3
926 5
927 3
928 5
929 5
930 6
931 4
932 3
933 3
934 3
935 1
936 1
937 2
938 0
939 0
940 5
941 5
942 6
943 4
944 2
945 2
946 1
947 1
948 3
949 3
950 4
951 5
952 4
953 4
954 3
955 2
956 3
957 1
958 4
959 3
960 2
961 1
962 1
963 2
964 2
965 2
966 2
967 3
968 1
969 2
970 4
971 2
972 3
973 2
974 2
975 4
976 3
977 1
978 1
979 2
980 0
981 2
982 2
983 2
984 2
985 1
986 1
987 2
988 1
989 1
990 2
991 2
992 2
993 3
994 1
995 6
996 5
997 4
998 5
999 4
1000 3
1001 1
1002 1
1003 3
1004 3
1005 3
1006 3
1007 4
1008 1
1009 2
1010 1
1011 2
1012 1
1013 1
1014 3
1015 5
1016 5
1017 4
1018 5
1019 3
1020 2
1021 2
1022 4
1023 2
1024 6
1025 3
1026 2
1027 2
1028 1
1029 1
1030 2
1031 3
1032 3
1033 0
1034 3
1035 3
1036 1
1037 0
1038 4
1039 3
1040 4
1041 7
1042 8
1043 7
1044 7
1045 6
1046 6
1047 5
1048 5
1049 5
1050 2
1051 2
1052 2
1053 1
1054 2
1055 2
1056 0
1057 5
1058 4
1059 2
1060 2
1061 2
1062 1
1063 2
1064 3
1065 1
1066 2
1067 2
1068 3
1069 5
1070 3
1071 1
1072 4
1073 5
1074 6
1075 5
1076 3
1077 2
1078 2
1079 1
1080 2
1081 1
1082 3
1083 4
1084 2
1085 2
1086 3
1087 3
1088 0
1089 2
1090 3
1091 3
1092 2
1093 2
1094 1
1095 3
1096 3
1097 2
1098 6
1099 6
1100 5
1101 2
1102 3
1103 1
1104 2
1105 3
1106 3
1107 3
1108 2
1109 5
1110 4
1111 3
1112 0
1113 2
1114 3
1115 3
1116 2
1117 1
1118 3
1119 2
1120 3
1121 3
1122 3
1123 2
1124 2
1125 0
1126 2
1127 5
1128 5
1129 4
1130 2
1131 4
1132 2
1133 4
1134 3
1135 2
1136 3
1137 3
1138 2
1139 2
1140 1
1141 2
1142 3
1143 2
1144 3
1145 2
1146 2
1147 1
1148 3
1149 3
1150 1
1151 3
1152 3
1153 2
1154 0
1155 5
1156 5
1157 5
1158 5
1159 3
1160 3
1161 2
1162 5
1163 5
1164 6
1165 5
1166 5
1167 5
1168 3
1169 1
1170 3
1171 7
1172 8
1173 6
1174 5
1175 6
1176 7
1177 7
1178 9
1179 9
1180 9
1181 11
1182 11
1183 12
1184 11
1185 9
1186 8
1187 6
1188 6
1189 7
1190 4
1191 1
1192 5
1193 6
1194 7
1195 7
1196 5
1197 6
1198 3
1199 1
1200 3
1201 1
1202 2
1203 4
1204 2
1205 2
1206 2
1207 4
1208 3
1209 4
1210 2
1211 1
1212 3
1213 1
1214 1
1215 1
1216 3
1217 5
1218 5
1219 6
1220 4
1221 3
1222 1
1223 1
1224 0
1225 4
1226 2
1227 3
1228 3
1229 4
1230 3
1231 2
1232 4
1233 1
1234 3
1235 0
1236 0
1237 1
1238 2
1239 4
1240 5
1241 3
1242 3
1243 2
1244 3
1245 4
1246 3
1247 1
1248 1
1249 1
1250 2
1251 2
1252 2
1253 1
1254 3
1255 2
1256 3
1257 1
1258 3
1259 1
1260 0
1261 1
1262 4
1263 2
1264 2
1265 3
1266 1
1267 3
1268 2
1269 2
1270 1
1271 3
1272 2
1273 2
1274 3
1275 3
1276 1
1277 3
1278 0
1279 2
1280 2
1281 0
1282 1
1283 4
1284 6
1285 5
1286 4
1287 3
1288 4
1289 3
1290 0
1291 1
1292 3
1293 3
1294 2
1295 0
1296 3
1297 2
1298 3
1299 0
1300 0
1301 5
1302 5
1303 3
1304 1
1305 0
1306 2
1307 1
1308 2
1309 2
1310 2
1311 1
1312 0
1313 2
1314 0
1315 4
1316 5
1317 4
1318 3
1319 3
1320 3
1321 2
1322 2
1323 1
1324 0
1325 3
1326 2
1327 1
1328 2
1329 3
1330 1
1331 1
1332 2
1333 2
1334 2
1335 2
1336 2
1337 2
1338 3
1339 3
1340 1
1341 2
1342 3
1343 3
1344 1
1345 0
1346 2
1347 1
1348 2
1349 1
1350 1
1351 3
1352 1
1353 5
1354 2
1355 1
1356 6
1357 6
1358 5
1359 4
1360 1
1361 3
1362 0
1363 3
1364 0
1365 1
1366 3
1367 1
1368 2
1369 2
1370 0
1371 4
1372 4
1373 1
1374 2
1375 3
1376 2
1377 1
1378 3
1379 3
1380 2
1381 3
1382 3
1383 1
1384 5
1385 3
1386 2
1387 1
1388 4
1389 2
1390 2
1391 2
1392 3
1393 2
1394 2
1395 2
1396 3
1397 1
1398 1
1399 1
1400 6
1401 3
1402 1
1403 0
1404 1
1405 1
1406 4
1407 3
1408 3
1409 1
1410 0
1411 2
1412 1
1413 3
1414 2
1415 1
1416 3
1417 3
1418 3
1419 0
1420 0
1421 1
1422 1
1423 2
1424 3
1425 2
1426 1
1427 3
1428 2
1429 2
1430 1
1431 3
1432 2
1433 0
1434 2
1435 2
1436 3
1437 1
1438 1
1439 0
1440 2
1441 0
1442 2
1443 2
1444 2
1445 3
1446 2
1447 2
1448 5
1449 5
1450 6
1451 4
1452 2
1453 2
1454 3
1455 1
1456 0
1457 2
1458 3
1459 2
1460 2
1461 0
1462 1
1463 2
1464 4
1465 5
1466 4
1467 3
1468 3
1469 6
1470 4
1471 1
1472 4
1473 5
1474 7
1475 6
1476 8
1477 6
1478 5
1479 4
1480 2
1481 2
1482 3
1483 1
1484 2
1485 1
1486 5
1487 4
1488 3
1489 1
1490 2
1491 3
1492 3
1493 0
1494 1
1495 4
1496 6
1497 7
1498 6
1499 6
1500 6
1501 6
1502 4
1503 2
1504 3
1505 0
1506 1
1507 1
1508 1
1509 3
1510 2
1511 3
1512 2
1513 1
1514 1
1515 2
1516 3
1517 5
1518 4
1519 1
1520 3
1521 1
1522 3
1523 2
1524 2
1525 3
1526 2
1527 1
1528 3
1529 2
1530 4
1531 1
1532 5
1533 5
1534 2
1535 3
1536 2
1537 2
1538 2
1539 3
1540 2
1541 2
1542 3
1543 2
1544 2
1545 2
1546 1
1547 4
1548 6
1549 9
1550 7
1551 7
1552 8
1553 7
1554 8
1555 6
1556 5
1557 4
1558 7
1559 6
1560 8
1561 8
1562 7
1563 6
1564 7
1565 5
1566 3
1567 0
1568 2
1569 1
1570 3
1571 3
1572 2
1573 2
1574 1
1575 2
1576 4
1577 3
1578 0
1579 3
1580 3
1581 1
1582 0
1583 4
1584 2
1585 2
1586 2
1587 2
1588 2
1589 1
1590 3
1591 0
1592 0
1593 3
1594 0
1595 3
1596 2
1597 1
1598 2
1599 2
1600 2
1601 2
1602 1
1603 2
1604 1
1605 1
1606 2
1607 1
1608 2
1609 5
1610 3
1611 3
1612 2
1613 4
1614 2
1615 2
1616 1
1617 1
1618 2
1619 3
1620 4
1621 3
1622 1
1623 4
1624 4
1625 5
1626 3
1627 5
1628 4
1629 6
1630 3
1631 1
1632 2
1633 1
1634 2
1635 3
1636 2
1637 1
1638 0
1639 1
1640 3
1641 3
1642 4
1643 2
1644 2
1645 2
1646 3
1647 1
1648 3
1649 4
1650 2
1651 1
1652 2
1653 1
1654 3
1655 5
1656 3
1657 5
1658 4
1659 3
1660 3
1661 2
1662 1
1663 3
1664 0
1665 0
1666 3
1667 2
1668 4
1669 4
1670 2
1671 0
1672 1
1673 2
1674 1
1675 3
1676 3
1677 2
1678 3
1679 3
1680 2
1681 1
1682 3
1683 1
1684 1
1685 0
1686 2
1687 2
1688 1
1689 1
1690 2
1691 1
1692 1
1693 3
1694 3
1695 2
1696 5
1697 6
1698 6
1699 5
1700 3
1701 3
1702 0
1703 1
1704 4
1705 4
1706 1
1707 3
1708 1
1709 3
1710 3
1711 2
1712 3
1713 4
1714 3
1715 1
1716 1
1717 2
1718 4
1719 6
1720 7
1721 6
1722 3
1723 3
1724 2
1725 5
1726 4
1727 3
1728 2
1729 1
1730 1
1731 2
1732 1
1733 2
1734 1
1735 2
1736 1
1737 2
1738 4
1739 5
1740 2
1741 2
1742 1
1743 2
1744 4
1745 4
1746 2
1747 0
1748 2
1749 0
1750 2
1751 3
1752 1
1753 2
1754 1
1755 1
1756 4
1757 3
1758 0
1759 1
1760 2
1761 2
1762 4
1763 1
1764 2
1765 1
1766 2
1767 1
1768 4
1769 3
1770 0
1771 3
1772 2
1773 1
1774 2
1775 3
1776 0
1777 2
1778 1
1779 2
1780 2
1781 2
1782 1
1783 1
1784 1
1785 3
1786 1
1787 2
1788 1
1789 1
1790 0
1791 3
1792 2
1793 0
1794 2
1795 2
1796 2
1797 1
1798 4
1799 4
1800 3
1801 1
1802 2
1803 0
1804 1
1805 2
1806 1
1807 1
1808 5
1809 6
1810 3
1811 2
1812 1
1813 3
1814 2
1815 3
1816 0
1817 1
1818 3
1819 2
1820 2
1821 4
1822 5
1823 3
1824 4
1825 2
1826 4
1827 3
1828 1
1829 5
1830 4
1831 2
1832 1
1833 0
1834 2
1835 0
1836 3
1837 1
1838 4
1839 5
1840 4
1841 3
1842 1
1843 2
1844 6
1845 4
1846 3
1847 2
1848 3
1849 1
1850 1
1851 1
1852 4
1853 4
1854 6
1855 6
1856 4
1857 1
1858 1
1859 2
1860 2
1861 2
1862 1
1863 3
1864 1
1865 2
1866 3
1867 1
1868 3
1869 1
1870 3
1871 1
1872 0
1873 0
1874 4
1875 1
1876 4
1877 4
1878 6
1879 5
1880 4
1881 5
1882 3
1883 1
1884 1
1885 1
1886 3
1887 2
1888 2
1889 4
1890 4
1891 3
1892 2
1893 4
1894 4
1895 3
1896 2
1897 4
1898 2
1899 2
1900 1
1901 3
1902 2
1903 3
1904 5
1905 2
1906 3
1907 2
1908 2
1909 1
1910 2
1911 1
1912 2
1913 1
1914 2
1915 3
1916 3
1917 3
1918 2
1919 2
1920 2
1921 3
1922 3
1923 3
1924 2
1925 2
1926 1
1927 0
1928 3
1929 3
1930 0
1931 2
1932 4
1933 5
1934 3
1935 2
1936 3
1937 4
1938 5
1939 5
1940 3
1941 5
1942 3
1943 0
1944 1
1945 1
1946 1
1947 3
1948 3
1949 2
1950 4
1951 5
1952 2
1953 1
1954 1
1955 3
1956 1
1957 0
1958 1
1959 3
1960 1
1961 1
1962 3
1963 0
1964 2
1965 2
1966 2
1967 2
1968 1
1969 2
1970 1
1971 1
1972 2
1973 1
1974 3
1975 2
1976 4
1977 3
1978 2
1979 0
1980 2
1981 3
1982 0
1983 2
1984 1
1985 4
1986 4
1987 2
1988 2
1989 6
1990 5
1991 6
1992 4
1993 3
1994 3
1995 4
1996 2
1997 2
1998 3
1999 1
2000 2
2001 2
2002 1
2003 3
2004 1
2005 1
2006 2
2007 1
2008 0
2009 2
2010 2
2011 1
2012 2
2013 2
2014 3
2015 2
2016 0
2017 0
2018 1
2019 1
2020 1
2021 0
2022 1
2023 2
2024 2
2025 3
2026 3
2027 5
2028 4
2029 4
2030 2
2031 2
2032 0
2033 6
2034 6
2035 5
2036 4
2037 6
2038 7
2039 6
2040 3
2041 1
2042 2
2043 2
2044 4
2045 2
2046 2
2047 2
2048 1
2049 3
2050 1
2051 2
2052 4
2053 2
2054 0
2055 0
2056 3
2057 2
2058 4
2059 3
2060 0
2061 2
2062 2
2063 3
2064 0
2065 2
2066 3
2067 1
2068 3
2069 5
2070 4
2071 3
2072 4
2073 3
2074 0
2075 1
2076 2
2077 1
2078 4
2079 4
2080 4
2081 3
2082 2
2083 1
2084 0
2085 5
2086 5
2087 4
2088 2
2089 4
2090 4
2091 3
2092 3
2093 2
2094 0
2095 2
2096 3
2097 2
2098 1
2099 2
2100 3
2101 4
2102 3
2103 2
2104 3
2105 2
2106 2
2107 2
2108 2
2109 4
2110 2
2111 2
2112 0
2113 0
2114 1
2115 2
2116 4
2117 4
2118 6
2119 8
2120 6
2121 4
2122 2
2123 1
2124 0
2125 2
2126 1
2127 0
2128 1
2129 2
2130 4
2131 6
2132 3
2133 2
2134 1
2135 3
2136 0
2137 0
2138 1
2139 1
2140 2
2141 1
2142 0
2143 3
2144 4
2145 3
2146 3
2147 3
2148 4
2149 2
2150 1
2151 5
2152 5
2153 4
2154 3
2155 0
2156 0
2157 4
2158 1
2159 2
2160 0
2161 0
2162 2
2163 4
2164 4
2165 3
2166 1
2167 1
2168 1
2169 3
2170 2
2171 3
2172 3
2173 1
2174 2
2175 3
2176 7
2177 4
2178 4
2179 4
2180 6
2181 3
2182 4
2183 4
2184 4
2185 3
2186 1
2187 1
2188 3
2189 3
2190 4
2191 3
2192 1
2193 2
2194 1
2195 3
2196 4
2197 3
2198 3
2199 3
2200 5
2201 4
2202 5
2203 5
2204 3
2205 3
2206 1
2207 0
2208 3
2209 0
2210 2
2211 1
2212 1
2213 4
2214 2
2215 2
2216 1
2217 1
2218 2
2219 2
2220 2
2221 4
2222 3
2223 3
2224 1
2225 1
2226 1
2227 2
2228 2
2229 3
2230 7
2231 7
2232 6
2233 5
2234 4
2235 5
2236 6
2237 6
2238 6
2239 7
2240 5
2241 3
2242 2
2243 3
2244 5
2245 4
2246 4
2247 7
2248 5
2249 5
2250 5
2251 5
2252 5
2253 5
2254 4
2255 2
2256 3
2257 2
2258 1
2259 2
2260 2
2261 2
2262 2
2263 0
2264 3
2265 1
2266 4
2267 3
2268 4
2269 4
2270 3
2271 1
2272 3
2273 3
2274 1
2275 4
2276 4
2277 3
2278 1
2279 0
2280 2
2281 4
2282 3
2283 0
2284 2
2285 2
2286 1
2287 2
2288 1
2289 1
2290 1
2291 3
2292 2
2293 0
2294 1
2295 2
2296 1
2297 1
2298 2
2299 5
2300 4
2301 5
2302 4
2303 4
2304 3
2305 1
2306 3
2307 3
2308 4
2309 5
2310 2
2311 1
2312 3
2313 4
2314 3
2315 1
2316 0
2317 2
2318 2
2319 3
2320 2
2321 3
2322 4
2323 2
2324 3
2325 1
2326 2
2327 3
2328 2
2329 2
2330 0
2331 2
2332 4
2333 3
2334 1
2335 1
2336 2
2337 0
2338 2
2339 0
2340 1
2341 5
2342 3
2343 1
2344 2
2345 3
2346 2
2347 3
2348 2
2349 0
2350 1
2351 1
2352 1
2353 3
2354 5
2355 5
2356 2
2357 2
2358 3
2359 1
2360 3
2361 2
2362 3
2363 2
2364 2
2365 3
2366 3
2367 2
2368 2
2369 1
2370 4
2371 3
2372 2
2373 1
2374 0
2375 2
2376 2
2377 3
2378 2
2379 4
2380 4
2381 3
2382 3
2383 1
2384 3
2385 2
2386 5
2387 7
2388 7
2389 5
2390 4
2391 5
2392 4
2393 4
2394 4
2395 3
2396 1
2397 2
2398 2
2399 1
2400 2
2401 2
2402 3
2403 5
2404 4
2405 7
2406 9
2407 7
2408 6
2409 3
2410 2
2411 0
2412 3
2413 1
2414 1
2415 0
2416 0
2417 0
2418 3
2419 1
2420 2
2421 2
2422 1
2423 1
2424 1
2425 2
2426 3
2427 0
2428 2
2429 2
2430 3
2431 3
2432 1
2433 2
2434 2
2435 2
2436 1
2437 2
2438 1
2439 3
2440 2
2441 1
2442 2
2443 2
2444 1
2445 2
2446 1
2447 1
2448 3
2449 4
2450 3
2451 3
2452 2
2453 1
2454 0
2455 0
2456 2
2457 2
2458 1
2459 3
2460 2
2461 1
2462 3
2463 2
2464 3
2465 1
2466 4
2467 2
2468 3
2469 2
2470 1
2471 0
2472 3
2473 1
2474 2
2475 1
2476 1
2477 1
2478 0
2479 1
2480 3
2481 5
2482 7
2483 6
2484 8
2485 9
2486 7
2487 7
2488 6
2489 5
2490 3
2491 3
2492 0
2493 1
2494 2
2495 4
2496 1
2497 1
2498 3
2499 2
2500 4
2501 3
2502 0
2503 2
2504 1
2505 1
2506 1
2507 1
2508 4
2509 5
2510 3
2511 3
2512 1
2513 5
2514 3
2515 3
2516 3
2517 0
2518 3
2519 2
2520 2
2521 2
2522 3
2523 1
2524 4
2525 4
2526 2
2527 0
2528 2
2529 3
2530 0
2531 2
2532 6
2533 5
2534 4
2535 2
2536 3
2537 0
2538 2
2539 2
2540 4
2541 1
2542 0
2543 3
2544 2
2545 2
2546 2
2547 2
2548 2
2549 1
2550 1
2551 4
2552 4
2553 4
2554 2
2555 3
2556 2
2557 3
2558 0
2559 2
2560 5
2561 2
2562 2
2563 2
2564 2
2565 1
2566 3
2567 1
2568 3
2569 2
2570 1
2571 0
2572 2
2573 3
2574 3
2575 2
2576 1
2577 1
2578 2
2579 2
2580 4
2581 3
2582 2
2583 3
2584 4
2585 3
2586 3
2587 1
2588 2
2589 6
2590 7
2591 4
2592 3
2593 3
2594 0
2595 2
2596 2
2597 1
2598 4
2599 2
2600 1
2601 2
2602 1
2603 3
2604 3
2605 4
2606 5
2607 3
2608 2
2609 3
2610 2
2611 1
2612 5
2613 3
2614 3
2615 0
2616 3
2617 0
2618 3
2619 3
2620 0
2621 1
2622 1
2623 1
2624 2
2625 0
2626 1
2627 4
2628 4
2629 3
2630 3
2631 4
2632 3
2633 0
2634 2
2635 1
2636 2
2637 1
2638 3
2639 1
2640 5
2641 3
2642 1
2643 4
2644 4
2645 2
2646 1
2647 2
2648 0
2649 4
2650 4
2651 4
2652 4
2653 4
2654 1
2655 3
2656 2
2657 3
2658 2
2659 3
2660 3
2661 1
2662 1
2663 2
2664 4
2665 2
2666 3
2667 1
2668 0
2669 3
2670 3
2671 0
2672 1
2673 0
2674 2
2675 1
2676 2
2677 2
2678 1
2679 3
2680 1
2681 0
2682 0
2683 1
2684 1
2685 3
2686 1
2687 4
2688 4
2689 5
2690 3
2691 0
2692 4
2693 4
2694 5
2695 5
2696 4
2697 2
2698 1
2699 4
2700 2
2701 2
2702 2
2703 1
2704 1
2705 0
2706 1
2707 2
2708 5
2709 5
2710 4
2711 5
2712 6
2713 4
2714 3
2715 1
2716 0
2717 3
2718 5
2719 4
2720 4
2721 3
2722 2
2723 1
2724 2
2725 3
2726 1
2727 1
2728 4
2729 5
2730 4
2731 3
2732 0
2733 2
2734 2
2735 1
2736 3
2737 1
2738 4
2739 3
2740 3
2741 5
2742 3
2743 2
2744 0
2745 3
2746 3
2747 2
2748 6
2749 6
2750 5
2751 4
2752 3
2753 1
2754 2
2755 5
2756 6
2757 5
2758 2
2759 0
2760 2
2761 3
2762 2
2763 2
2764 1
2765 1
2766 1
2767 2
2768 1
2769 3
2770 2
2771 2
2772 3
2773 1
2774 1
2775 3
2776 2
2777 1
2778 4
2779 4
2780 3
2781 4
2782 4
2783 3
2784 3
2785 2
2786 1
2787 1
2788 1
2789 0
2790 1
2791 2
2792 3
2793 1
2794 1
2795 3
2796 3
2797 0
2798 2
2799 2
2800 0
2801 2
2802 1
2803 2
2804 0
2805 2
2806 3
2807 4
2808 4
2809 3
2810 3
2811 3
2812 1
2813 1
2814 3
2815 1
2816 3
2817 3
2818 1
2819 2
2820 3
2821 3
2822 4
2823 4
2824 3
2825 5
2826 2
2827 1
2828 0
2829 3
2830 2
2831 2
2832 0
2833 3
2834 3
2835 4
2836 2
2837 2
2838 4
2839 2
2840 2
2841 5
2842 6
2843 6
2844 4
2845 3
2846 5
2847 3
2848 1
2849 4
2850 2
2851 3
2852 0
2853 1
2854 4
2855 4
2856 2
2857 2
2858 4
2859 4
2860 4
2861 3
2862 2
2863 3
2864 0
2865 0
2866 1
2867 2
2868 4
2869 1
2870 1
2871 2
2872 3
2873 2
2874 2
2875 4
2876 3
2877 0
2878 4
2879 4
2880 3
2881 4
2882 1
2883 1
2884 2
2885 1
2886 2
2887 1
2888 1
2889 2
2890 4
2891 3
2892 1
2893 0
2894 1
2895 2
2896 2
2897 1
2898 1
2899 2
2900 2
2901 1
2902 2
2903 4
2904 5
2905 4
2906 3
2907 4
2908 2
2909 1
2910 3
2911 3
2912 5
2913 5
2914 3
2915 2
2916 4
2917 2
2918 1
2919 0
2920 1
2921 3
2922 1
2923 2
2924 0
2925 4
2926 3
2927 2
2928 0
2929 1
2930 1
2931 4
2932 2
2933 1
2934 2
2935 1
2936 5
2937 3
2938 1
2939 2
2940 1
2941 2
2942 1
2943 4
2944 3
2945 1
2946 3
2947 0
2948 0
2949 2
2950 0
2951 3
2952 3
2953 3
2954 3
2955 2
2956 0
2957 2
2958 2
2959 3
2960 3
2961 3
2962 2
2963 1
2964 3
2965 1
2966 3
2967 3
2968 1
2969 1
2970 1
2971 2
2972 1
2973 1
2974 3
2975 5
2976 3
2977 0
2978 3
2979 3
2980 1
2981 1
2982 2
2983 6
2984 6
2985 4
2986 2
2987 3
2988 2
2989 1
2990 3
2991 2
2992 3
2993 2
2994 3
2995 1
2996 2
2997 3
2998 3
2999 3
3000 0
3001 2
3002 1
3003 1
3004 2
3005 3
3006 1
3007 2
3008 4
3009 2
3010 1
3011 4
3012 3
3013 2
3014 2
3015 3
3016 1
3017 2
3018 1
3019 0
3020 3
3021 3
3022 1
3023 1
3024 3
3025 3
3026 2
3027 0
3028 1
3029 2
3030 3
3031 4
3032 3
3033 5
3034 3
3035 3
3036 4
3037 5
3038 8
3039 6
3040 3
3041 5
3042 4
3043 2
3044 4
3045 5
3046 7
3047 6
3048 4
3049 2
3050 2
3051 4
3052 5
3053 6
3054 5
3055 2
3056 2
3057 1
3058 3
3059 2
3060 3
3061 1
3062 0
3063 2
3064 1
3065 1
3066 1
3067 3
3068 2
3069 1
3070 5
3071 6
3072 4
3073 2
3074 3
3075 4
3076 5
3077 3
3078 2
3079 0
3080 2
3081 2
3082 4
3083 1
3084 3
3085 1
3086 1
3087 1
3088 2
3089 0
3090 0
3091 2
3092 3
3093 4
3094 1
3095 1
3096 2
3097 1
3098 3
3099 1
3100 3
3101 3
3102 2
3103 2
3104 2
3105 3
3106 0
3107 1
3108 2
3109 3
3110 1
3111 2
3112 3
3113 1
3114 4
3115 2
3116 1
3117 3
3118 3
3119 0
3120 2
3121 1
3122 0
3123 1
3124 1
3125 2
3126 0
3127 3
3128 1
3129 0
3130 2
3131 3
3132 3
3133 1
3134 2
3135 2
3136 2
3137 4
3138 2
3139 2
3140 2
3141 5
3142 3
3143 6
3144 6
3145 6
3146 6
3147 5
3148 4
3149 3
3150 1
3151 1
3152 1
3153 2
3154 3
3155 1
3156 2
3157 1
3158 1
3159 1
3160 3
3161 1
3162 3
3163 2
3164 2
3165 1
3166 0
3167 1
3168 0
3169 3
3170 1
3171 3
3172 0
3173 4
3174 3
3175 3
3176 2
3177 1
3178 3
3179 3
3180 2
3181 3
3182 2
3183 2
3184 1
3185 2
3186 2
3187 2
3188 1
3189 5
3190 6
3191 6
3192 4
3193 3
3194 4
3195 1
3196 1
3197 2
3198 2
3199 3
3200 2
3201 2
3202 1
3203 3
3204 2
3205 3
3206 3
3207 1
3208 2
3209 5
3210 3
3211 3
3212 2
3213 2
3214 2
3215 2
3216 3
3217 1
3218 1
3219 3
3220 1
3221 3
3222 1
3223 2
3224 0
3225 1
3226 4
3227 4
3228 2
3229 3
3230 2
3231 2
3232 2
3233 2
3234 0
3235 4
3236 3
3237 1
3238 2
3239 1
3240 1
3241 4
3242 4
3243 2
3244 1
3245 5
3246 3
3247 2
3248 1
3249 1
3250 2
3251 1
3252 3
3253 3
3254 0
3255 2
3256 1
3257 4
3258 3
3259 3
3260 1
3261 4
3262 2
3263 2
3264 1
3265 4
3266 3
3267 2
3268 2
3269 2
3270 2
3271 1
3272 3
3273 3
3274 3
3275 1
3276 4
3277 5
3278 3
3279 1
3280 2
3281 3
3282 2
3283 0
3284 1
3285 2
3286 1
3287 2
3288 0
3289 1
3290 0
3291 1
3292 2
3293 2
3294 3
3295 2
3296 1
3297 1
3298 4
3299 3
3300 3
3301 0
3302 4
3303 3
3304 2
3305 2
3306 3
3307 2
3308 2
3309 3
3310 1
3311 5
3312 3
3313 3
3314 1
3315 2
3316 1
3317 3
3318 2
3319 2
3320 2
3321 0
3322 2
3323 0
3324 1
3325 3
3326 3
3327 4
3328 1
3329 4
3330 3
3331 3
3332 3
3333 0
3334 4
3335 2
3336 3
3337 2
3338 2
3339 3
3340 1
3341 1
3342 1
3343 0
3344 3
3345 1
3346 1
3347 3
3348 2
3349 1
3350 1
3351 3
3352 1
3353 4
3354 2
3355 1
3356 3
3357 3
3358 0
3359 2
3360 1
3361 2
3362 2
3363 2
3364 2
3365 1
3366 1
3367 4
3368 2
3369 2
3370 1
3371 2
3372 0
3373 0
3374 1
3375 2
3376 2
3377 2
3378 1
3379 3
3380 0
3381 2
3382 1
3383 1
3384 4
3385 1
3386 2
3387 1
3388 2
3389 1
3390 0
3391 2
3392 1
3393 3
3394 2
3395 4
3396 2
3397 1
3398 2
3399 2
3400 1
3401 1
3402 1
3403 0
3404 2
3405 3
3406 2
3407 3
3408 3
3409 1
3410 3
3411 2
3412 1
3413 1
3414 0
3415 4
3416 3
3417 0
3418 0
3419 3
3420 1
3421 2
3422 0
3423 0
3424 1
3425 1
3426 4
3427 3
3428 2
3429 0
3430 4
3431 2
3432 2
3433 3
3434 3
3435 3
3436 2
3437 0
3438 4
3439 3
3440 3
3441 2
3442 2
3443 2
3444 0
3445 1
3446 3
3447 3
3448 1
3449 3
3450 0
3451 0
3452 5
3453 2
3454 3
3455 1
3456 1
3457 0
3458 6
3459 7
3460 8
3461 8
3462 5
3463 3
3464 2
3465 3
3466 2
3467 4
3468 4
3469 4
3470 1
3471 3
3472 1
3473 2
3474 1
3475 1
3476 4
3477 3
3478 1
3479 3
3480 2
3481 3
3482 3
3483 4
3484 2
3485 1
3486 2
3487 2
3488 2
3489 2
3490 3
3491 1
3492 1
3493 2
3494 1
3495 2
3496 1
3497 0
3498 2
3499 3
3500 1
3501 2
3502 2
3503 2
3504 1
3505 3
3506 2
3507 2
3508 0
3509 5
3510 3
3511 3
3512 1
3513 3
3514 2
3515 2
3516 7
3517 4
3518 4
3519 2
3520 3
3521 1
3522 2
3523 1
3524 2
3525 4
3526 5
3527 5
3528 5
3529 6
3530 5
3531 2
3532 4
3533 4
3534 5
3535 3
3536 1
3537 3
3538 3
3539 3
3540 1
3541 2
3542 1
3543 3
3544 4
3545 3
3546 3
3547 1
3548 3
3549 2
3550 4
3551 3
3552 4
3553 4
3554 3
3555 2
3556 0
3557 2
3558 1
3559 4
3560 5
3561 4
3562 3
3563 2
3564 0
3565 4
3566 2
3567 5
3568 7
3569 5
3570 3
3571 3
3572 5
3573 3
3574 1
3575 2
3576 2
3577 2
3578 2
3579 0
3580 2
3581 0
3582 4
3583 2
3584 1
3585 1
3586 0
3587 3
3588 2
3589 1
3590 3
3591 1
3592 1
3593 3
3594 2
3595 2
3596 1
3597 4
3598 5
3599 3
3600 2
3601 0
3602 1
3603 4
3604 2
3605 3
3606 0
3607 1
3608 1
3609 3
3610 1
3611 2
3612 2
3613 2
3614 1
3615 3
3616 1
3617 0
3618 3
3619 0
3620 1
3621 3
3622 1
3623 0
3624 7
3625 7
3626 4
3627 4
3628 2
3629 2
3630 1
3631 2
3632 0
3633 2
3634 3
3635 2
3636 0
3637 1
3638 2
3639 2
3640 2
3641 2
3642 0
3643 1
3644 2
3645 1
3646 3
3647 1
3648 2
3649 1
3650 0
3651 2
3652 3
3653 2
3654 3
3655 5
3656 3
3657 0
3658 2
3659 2
3660 4
3661 4
3662 4
3663 2
3664 0
3665 5
3666 6
3667 4
3668 4
3669 2
3670 2
3671 2
3672 1
3673 2
3674 0
3675 2
3676 3
3677 2
3678 0
3679 3
3680 5
3681 4
3682 4
3683 4
3684 2
3685 4
3686 3
3687 1
3688 3
3689 3
3690 0
3691 1
3692 3
3693 4
3694 4
3695 2
3696 4
3697 4
3698 7
3699 6
3700 5
3701 3
3702 1
3703 1
3704 4
3705 1
3706 1
3707 0
3708 0
3709 3
3710 3
3711 2
3712 2
3713 4
3714 3
3715 2
3716 2
3717 3
3718 1
3719 1
3720 1
3721 3
3722 2
3723 6
3724 4
3725 1
3726 5
3727 7
3728 7
3729 7
3730 8
3731 8
3732 5
3733 4
3734 2
3735 3
3736 0
3737 4
3738 3
3739 2
3740 2
3741 1
3742 1
3743 3
3744 1
3745 2
3746 2
3747 3
3748 2
3749 3
3750 3
3751 0
3752 1
3753 3
3754 3
3755 1
3756 1
3757 2
3758 1
3759 2
3760 3
3761 1
3762 4
3763 3
3764 3
3765 0
3766 1
3767 1
3768 2
3769 0
3770 2
3771 2
3772 3
3773 2
3774 3
3775 2
3776 1
3777 2
3778 4
3779 2
3780 1
3781 3
3782 3
3783 5
3784 3
3785 3
3786 2
3787 1
3788 2
3789 2
3790 1
3791 1
3792 2
3793 2
3794 1
3795 0
3796 1
3797 2
3798 2
3799 3
3800 3
3801 3
3802 2
3803 2
3804 2
3805 1
3806 4
3807 3
3808 1
3809 1
3810 3
3811 4
3812 4
3813 2
3814 0
3815 0
3816 1
3817 1
3818 1
3819 1
3820 1
3821 2
3822 1
3823 1
3824 1
3825 3
3826 1
3827 3
3828 3
3829 1
3830 2
3831 3
3832 3
3833 3
3834 4
3835 3
3836 3
3837 2
3838 1
3839 0
3840 4
3841 3
3842 2
3843 2
3844 2
3845 3
3846 0
3847 2
3848 3
3849 5
3850 4
3851 1
3852 2
3853 4
3854 2
3855 1
3856 5
3857 4
3858 5
3859 5
3860 5
3861 3
3862 3
3863 1
3864 3
3865 2
3866 4
3867 5
3868 3
3869 3
3870 3
3871 3
3872 2
3873 0
3874 3
3875 3
3876 1
3877 1
3878 1
3879 1
3880 4
3881 3
3882 3
3883 4
3884 4
3885 5
3886 4
3887 4
3888 1
3889 3
3890 2
3891 2
3892 1
3893 3
3894 0
3895 1
3896 1
3897 2
3898 3
3899 2
3900 5
3901 4
3902 3
3903 2
3904 0
3905 2
3906 2
3907 2
3908 2
3909 3
3910 1
3911 2
3912 0
3913 3
3914 0
3915 2
3916 3
3917 3
3918 0
3919 1
3920 1
3921 2
3922 2
3923 3
3924 2
3925 2
3926 3
3927 2
3928 4
3929 4
3930 4
3931 3
3932 3
3933 3
3934 2
3935 3
3936 2
3937 4
3938 4
3939 3
3940 0
3941 2
3942 0
3943 3
3944 2
3945 1
3946 2
3947 2
3948 0
3949 4
3950 2
3951 2
3952 3
3953 2
3954 2
3955 2
3956 2
3957 4
3958 3
3959 1
3960 3
3961 1
3962 4
3963 2
3964 0
3965 2
3966 1
3967 3
3968 1
3969 3
3970 4
3971 3
3972 1
3973 2
3974 2
3975 3
3976 2
3977 4
3978 1
3979 2
3980 1
3981 3
3982 3
3983 1
3984 0
3985 1
3986 2
3987 1
3988 1
3989 2
3990 2
3991 2
3992 3
3993 0
3994 3
3995 3
3996 1
3997 1
3998 3
3999 3
4000 1
4001 1
4002 2
4003 3
4004 3
4005 2
4006 2
4007 2
4008 2
4009 2
4010 2
4011 2
4012 2
4013 3
4014 3
4015 5
4016 6
4017 10
4018 9
4019 9
4020 7
4021 6
4022 5
4023 3
4024 3
4025 4
4026 4
4027 3
4028 0
4029 3
4030 3
4031 1
4032 5
4033 9
4034 10
4035 9
4036 8
4037 7
4038 5
4039 2
4040 2
4041 3
4042 2
4043 3
4044 1
4045 0
4046 2
4047 1
4048 3
4049 3
4050 4
4051 5
4052 3
4053 1
4054 2
4055 2
4056 1
4057 4
4058 2
4059 0
4060 3
4061 2
4062 1
4063 3
4064 1
4065 1
4066 0
4067 0
4068 4
4069 2
4070 4
4071 2
4072 5
4073 2
4074 2
4075 0
4076 2
4077 1
4078 2
4079 1
4080 1
4081 2
4082 1
4083 0
4084 1
4085 4
4086 4
4087 4
4088 5
4089 2
4090 2
4091 0
4092 1
4093 3
4094 2
4095 2
4096 1
4097 4
4098 4
4099 2
4100 1
4101 3
4102 1
4103 3
4104 2
4105 3
4106 1
4107 2
4108 1
4109 1
4110 4
4111 2
4112 4
4113 7
4114 6
4115 6
4116 5
4117 4
4118 4
4119 5
4120 4
4121 2
4122 3
4123 3
4124 2
4125 3
4126 4
4127 3
4128 2
4129 1
4130 2
4131 0
4132 2
4133 2
4134 1
4135 3
4136 1
4137 2
4138 2
4139 0
4140 2
4141 2
4142 1
4143 3
4144 2
4145 6
4146 6
4147 4
4148 3
4149 5
4150 6
4151 8
4152 7
4153 6
4154 3
4155 1
4156 1
4157 2
4158 1
4159 2
4160 0
4161 1
4162 4
4163 3
4164 1
4165 2
4166 0
4167 2
4168 2
4169 1
4170 1
4171 2
4172 4
4173 3
4174 1
4175 2
4176 0
4177 3
4178 3
4179 1
4180 0
4181 2
4182 1
4183 3
4184 1
4185 2
4186 2
4187 0
4188 1
4189 2
4190 4
4191 4
4192 3
4193 2
4194 6
4195 6
4196 6
4197 4
4198 4
4199 6
4200 5
4201 5
4202 5
4203 3
4204 3
4205 3
4206 2
4207 3
4208 5
4209 5
4210 4
4211 2
4212 1
4213 3
4214 3
4215 2
4216 4
4217 1
4218 4
4219 2
4220 1
4221 1
4222 1
4223 0
4224 3
4225 1
4226 5
4227 6
4228 5
4229 4
4230 6
4231 4
4232 3
4233 1
4234 5
4235 2
4236 3
4237 1
4238 1
4239 3
4240 1
4241 2
4242 1
4243 4
4244 6
4245 7
4246 7
4247 6
4248 3
4249 0
4250 3
4251 1
4252 1
4253 1
4254 2
4255 1
4256 1
4257 3
4258 1
4259 1
4260 1
4261 2
4262 1
4263 1
4264 5
4265 3
4266 1
4267 1
4268 2
4269 6
4270 5
4271 3
4272 3
4273 1
4274 0
4275 3
4276 2
4277 5
4278 3
4279 2
4280 2
4281 4
4282 3
4283 3
4284 2
4285 0
4286 1
4287 2
4288 2
4289 3
4290 0
4291 2
4292 2
4293 4
4294 2
4295 3
4296 2
4297 2
4298 4
4299 2
4300 1
4301 4
4302 4
4303 3
4304 4
4305 6
4306 5
4307 4
4308 1
4309 2
4310 2
4311 1
4312 1
4313 2
4314 1
4315 2
4316 2
4317 2
4318 5
4319 3
4320 6
4321 4
4322 1
4323 4
4324 3
4325 1
4326 3
4327 3
4328 3
4329 1
4330 2
4331 2
4332 4
4333 4
4334 2
4335 1
4336 1
4337 2
4338 3
4339 2
4340 2
4341 2
4342 1
4343 3
4344 0
4345 3
4346 3
4347 3
4348 1
4349 1
4350 4
4351 3
4352 1
4353 1
4354 3
4355 1
4356 0
4357 1
4358 1
4359 4
4360 1
4361 2
4362 2
4363 1
4364 1
4365 2
4366 3
4367 4
4368 4
4369 1
4370 2
4371 2
4372 1
4373 2
4374 1
4375 4
4376 4
4377 4
4378 2
4379 1
4380 1
4381 2
4382 3
4383 0
4384 4
4385 3
4386 2
4387 3
4388 4
4389 3
4390 0
4391 4
4392 1
4393 0
4394 2
4395 3
4396 2
4397 1
4398 1
4399 0
4400 0
4401 2
4402 2
4403 2
4404 0
4405 2
4406 1
4407 4
4408 3
4409 5
4410 3
4411 1
4412 2
4413 2
4414 2
4415 2
4416 1
4417 2
4418 2
4419 1
4420 1
4421 2
4422 2
4423 1
4424 1
4425 2
4426 0
4427 1
4428 6
4429 3
4430 1
4431 1
4432 5
4433 4
4434 3
4435 6
4436 5
4437 2
4438 2
4439 1
4440 4
4441 3
4442 1
4443 3
4444 1
4445 0
4446 2
4447 1
4448 2
4449 4
4450 1
4451 2
4452 4
4453 5
4454 5
4455 2
4456 3
4457 3
4458 3
4459 3
4460 2
4461 2
4462 4
4463 2
4464 2
4465 3
4466 4
4467 3
4468 1
4469 1
4470 2
4471 4
4472 2
4473 2
4474 2
4475 3
4476 2
4477 1
4478 5
4479 6
4480 6
4481 4
4482 3
4483 2
4484 1
4485 4
4486 5
4487 5
4488 5
4489 2
4490 0
4491 2
4492 1
4493 0
4494 3
4495 3
4496 3
4497 2
4498 3
4499 2
4500 3
4501 2
4502 1
4503 2
4504 1
4505 1
4506 3
4507 3
4508 3
4509 3
4510 2
4511 2
4512 1
4513 1
4514 5
4515 3
4516 3
4517 3
4518 1
4519 3
4520 1
4521 0
4522 2
4523 1
4524 1
4525 4
4526 2
4527 1
4528 3
4529 4
4530 2
4531 4
4532 2
4533 2
4534 0
4535 0
4536 3
4537 8
4538 8
4539 7
4540 7
4541 5
4542 2
4543 0
4544 2
4545 1
4546 1
4547 3
4548 2
4549 3
4550 1
4551 3
4552 1
4553 2
4554 1
4555 1
4556 2
4557 2
4558 2
4559 1
4560 2
4561 2
4562 4
4563 1
4564 3
4565 1
4566 0
4567 1
4568 3
4569 3
4570 2
4571 4
4572 1
4573 2
4574 1
4575 3
4576 2
4577 2
4578 2
4579 3
4580 4
4581 3
4582 1
4583 3
4584 3
4585 1
4586 2
4587 2
4588 1
4589 1
4590 2
4591 3
4592 1
4593 2
4594 4
4595 5
4596 3
4597 2
4598 0
4599 3
4600 1
4601 3
4602 0
4603 1
4604 1
4605 1
4606 2
4607 1
4608 1
4609 4
4610 2
4611 2
4612 2
4613 1
4614 3
4615 4
4616 4
4617 3
4618 2
4619 3
4620 3
4621 2
4622 2
4623 2
4624 1
4625 2
4626 3
4627 2
4628 1
4629 3
4630 1
4631 3
4632 2
4633 0
4634 3
4635 2
4636 3
4637 1
4638 4
4639 3
4640 2
4641 1
4642 2
4643 1
4644 0
4645 4
4646 4
4647 3
4648 3
4649 2
4650 2
4651 2
4652 2
4653 1
4654 1
4655 3
4656 3
4657 3
4658 2
4659 1
4660 3
4661 1
4662 4
4663 3
4664 2
4665 1
4666 1
4667 1
4668 2
4669 1
4670 0
4671 3
4672 5
4673 6
4674 5
4675 5
4676 5
4677 4
4678 3
4679 1
4680 1
4681 1
4682 1
4683 2
4684 2
4685 5
4686 3
4687 2
4688 5
4689 5
4690 7
4691 5
4692 3
4693 2
4694 3
4695 5
4696 3
4697 2
4698 4
4699 3
4700 1
4701 0
4702 3
4703 3
4704 2
4705 3
4706 3
4707 1
4708 1
4709 2
4710 1
4711 2
4712 0
4713 3
4714 3
4715 2
4716 2
4717 3
4718 3
4719 3
4720 4
4721 4
4722 3
4723 2
4724 0
4725 5
4726 5
4727 5
4728 3
4729 1
4730 1
4731 2
4732 3
4733 3
4734 3
4735 1
4736 1
4737 1
4738 1
4739 2
4740 0
4741 2
4742 2
4743 3
4744 4
4745 4
4746 3
4747 2
4748 1
4749 3
4750 0
4751 2
4752 2
4753 4
4754 1
4755 3
4756 1
4757 3
4758 3
4759 1
4760 2
4761 2
4762 0
4763 1
4764 0
4765 2
4766 4
4767 5
4768 6
4769 5
4770 4
4771 2
4772 2
4773 1
4774 2
4775 3
4776 1
4777 2
4778 3
4779 1
4780 1
4781 1
4782 2
4783 1
4784 0
4785 4
4786 4
4787 6
4788 5
4789 3
4790 3
4791 3
4792 1
4793 1
4794 2
4795 2
4796 1
4797 2
4798 1
4799 1
4800 6
4801 6
4802 4
4803 2
4804 2
4805 5
4806 4
4807 4
4808 4
4809 2
4810 2
4811 2
4812 2
4813 2
4814 0
4815 3
4816 3
4817 0
4818 1
4819 0
4820 4
4821 3
4822 2
4823 5
4824 3
4825 5
4826 5
4827 5
4828 7
4829 7
4830 5
4831 3
4832 2
4833 3
4834 3
4835 1
4836 1
4837 2
4838 4
4839 1
4840 1
4841 1
4842 2
4843 3
4844 1
4845 0
4846 5
4847 5
4848 3
4849 1
4850 2
4851 3
4852 1
4853 4
4854 3
4855 4
4856 4
4857 2
4858 0
4859 2
4860 3
4861 2
4862 1
4863 1
4864 3
4865 2
4866 3
4867 1
4868 2
4869 3
4870 3
4871 3
4872 4
4873 2
4874 2
4875 1
4876 0
4877 2
4878 3
4879 1
4880 0
4881 2
4882 2
4883 5
4884 4
4885 2
4886 1
4887 4
4888 1
4889 1
4890 2
4891 3
4892 2
4893 1
4894 1
4895 2
4896 3
4897 1
4898 1
4899 2
4900 2
4901 1
4902 1
4903 4
4904 3
4905 2
4906 1
4907 1
4908 1
4909 4
4910 3
4911 3
4912 3
4913 0
4914 3
4915 1
4916 1
4917 3
4918 2
4919 1
4920 6
4921 6
4922 6
4923 5
4924 2
4925 1
4926 0
4927 0
4928 2
4929 1
4930 2
4931 2
4932 1
4933 0
4934 3
4935 2
4936 2
4937 0
4938 3
4939 3
4940 2
4941 2
4942 2
4943 5
4944 4
4945 4
4946 2
4947 2
4948 0
4949 2
4950 1
4951 3
4952 2
4953 2
4954 2
4955 2
4956 2
4957 1
4958 4
4959 3
4960 0
4961 3
4962 4
4963 2
4964 2
4965 3
4966 3
4967 3
4968 2
4969 2
4970 1
4971 2
4972 0
4973 3
4974 1
4975 6
4976 6
4977 5
4978 7
4979 8
4980 7
4981 5
4982 3
4983 2
4984 0
4985 2
4986 3
4987 1
4988 3
4989 3
4990 4
4991 5
4992 6
4993 4
4994 4
4995 2
4996 2
4997 3
4998 3
4999 4
5000 3
5001 4
5002 2
5003 3
5004 2
5005 1
5006 0
5007 3
5008 1
5009 1
5010 1
5011 6
5012 5
5013 5
5014 4
5015 1
5016 2
5017 1
5018 2
5019 3
5020 2
5021 1
5022 1
5023 2
5024 3
5025 2
5026 1
5027 3
5028 1
5029 3
5030 3
5031 2
5032 0
5033 3
5034 2
5035 3
5036 4
5037 7
5038 6
5039 8
5040 7
5041 5
5042 3
5043 2
5044 2
5045 1
5046 5
5047 5
5048 2
5049 3
5050 0
5051 2
5052 3
5053 3
5054 4
5055 1
5056 0
5057 2
5058 4
5059 2
5060 2
5061 3
5062 1
5063 2
5064 3
5065 3
5066 1
5067 2
5068 1
5069 3
5070 3
5071 2
5072 1
5073 0
5074 0
5075 3
5076 2
5077 2
5078 1
5079 4
5080 4
5081 3
5082 2
5083 1
5084 2
5085 1
5086 1
5087 2
5088 3
5089 6
5090 5
5091 4
5092 4
5093 2
5094 1
5095 0
5096 2
5097 2
5098 1
5099 4
5100 4
5101 3
5102 1
5103 2
5104 2
5105 2
5106 1
5107 4
5108 5
5109 5
5110 4
5111 2
5112 4
5113 2
5114 3
5115 1
5116 2
5117 2
5118 4
5119 3
5120 1
5121 1
5122 3
5123 1
5124 3
5125 1
5126 2
5127 2
5128 2
5129 4
5130 3
5131 3
5132 1
5133 3
5134 3
5135 0
5136 3
5137 4
5138 5
5139 4
5140 1
5141 2
5142 1
5143 2
5144 3
5145 2
5146 2
5147 1
5148 3
5149 2
5150 1
5151 3
5152 1
5153 1
5154 2
5155 0
5156 2
5157 3
5158 1
5159 0
5160 2
5161 4
5162 6
5163 3
5164 0
5165 2
5166 0
5167 2
5168 2
5169 4
5170 3
5171 5
5172 4
5173 3
5174 2
5175 3
5176 3
5177 5
5178 5
5179 3
5180 4
5181 3
5182 3
5183 3
5184 2
5185 2
5186 2
5187 2
5188 2
5189 1
5190 4
5191 4
5192 3
5193 1
5194 3
5195 2
5196 0
5197 2
5198 3
5199 0
5200 2
5201 3
5202 3
5203 1
5204 1
5205 2
5206 2
5207 2
5208 3
5209 5
5210 5
5211 3
5212 3
5213 1
5214 1
5215 2
5216 1
5217 2
5218 2
5219 3
5220 2
5221 1
5222 3
5223 0
5224 4
5225 1
5226 0
5227 2
5228 1
5229 2
5230 3
5231 0
5232 3
5233 2
5234 1
5235 1
5236 2
5237 1
5238 1
5239 3
5240 5
5241 4
5242 2
5243 3
5244 3
5245 3
5246 5
5247 6
5248 7
5249 9
5250 8
5251 7
5252 5
5253 4
5254 3
5255 4
5256 3
5257 3
5258 3
5259 3
5260 0
5261 1
5262 2
5263 1
5264 2
5265 4
5266 4
5267 1
5268 6
5269 3
5270 3
5271 1
5272 0
5273 2
5274 6
5275 8
5276 7
5277 7
5278 7
5279 7
5280 7
5281 6
5282 6
5283 6
5284 7
5285 4
5286 3
5287 1
5288 3
5289 3
5290 3
5291 4
5292 2
5293 1
5294 3
5295 4
5296 5
5297 3
5298 2
5299 1
5300 0
5301 3
5302 2
5303 2
5304 1
5305 2
5306 4
5307 3
5308 2
5309 4
5310 6
5311 3
5312 2
5313 3
5314 3
5315 3
5316 2
5317 3
5318 0
5319 0
5320 2
5321 3
5322 1
5323 2
5324 1
5325 1
5326 3
5327 1
5328 1
5329 1
5330 2
5331 3
5332 3
5333 2
5334 2
5335 3
5336 3
5337 1
5338 3
5339 1
5340 4
5341 4
5342 3
5343 0
5344 2
5345 2
5346 2
5347 1
5348 5
5349 6
5350 4
5351 1
5352 2
5353 2
5354 4
5355 4
5356 2
5357 2
5358 0
5359 3
5360 0
5361 3
5362 2
5363 0
5364 4
5365 3
5366 1
5367 2
5368 1
5369 4
5370 2
5371 0
5372 4
5373 4
5374 3
5375 0
5376 2
5377 3
5378 1
5379 1
5380 4
5381 2
5382 2
5383 0
5384 5
5385 3
5386 2
5387 3
5388 1
5389 2
5390 4
5391 4
5392 2
5393 4
5394 1
5395 3
5396 2
5397 0
5398 1
5399 1
5400 0
5401 4
5402 5
5403 3
5404 1
5405 1
5406 5
5407 3
5408 2
5409 2
5410 0
5411 3
5412 4
5413 4
5414 4
5415 4
5416 3
5417 3
5418 4
5419 3
5420 4
5421 3
5422 3
5423 4
5424 5
5425 5
5426 5
5427 4
5428 4
5429 4
5430 2
5431 6
5432 6
5433 4
5434 2
5435 3
5436 1
5437 4
5438 3
5439 4
5440 4
5441 1
5442 2
5443 1
5444 4
5445 2
5446 2
5447 1
5448 1
5449 6
5450 7
5451 4
5452 3
5453 2
5454 3
5455 3
5456 3
5457 0
5458 0
5459 4
5460 3
5461 5
5462 3
5463 1
5464 1
5465 0
5466 2
5467 0
5468 2
5469 4
5470 2
5471 1
5472 3
5473 1
5474 2
5475 2
5476 2
5477 4
5478 4
5479 2
5480 4
5481 3
5482 3
5483 2
5484 3
5485 2
5486 2
5487 1
5488 3
5489 0
5490 2
5491 3
5492 1
5493 1
5494 1
5495 3
5496 4
5497 3
5498 3
5499 1
5500 3
5501 1
5502 2
5503 0
5504 1
5505 1
5506 2
5507 2
5508 2
5509 1
5510 4
5511 3
5512 1
5513 1
5514 2
5515 2
5516 5
5517 4
5518 2
5519 4
5520 3
5521 2
5522 3
5523 5
5524 5
5525 5
5526 5
5527 5
5528 6
5529 4
5530 4
5531 4
5532 2
5533 2
5534 4
5535 2
5536 1
5537 3
5538 3
5539 1
5540 2
5541 2
5542 3
5543 2
5544 2
5545 3
5546 3
5547 5
5548 4
5549 6
5550 6
5551 5
5552 7
5553 5
5554 4
5555 4
5556 1
5557 0
5558 3
5559 5
5560 5
5561 5
5562 4
5563 5
5564 6
5565 5
5566 5
5567 4
5568 5
5569 4
5570 3
5571 3
5572 2
5573 3
5574 2
5575 1
5576 1
5577 3
5578 2
5579 2
5580 0
5581 2
5582 2
5583 3
5584 3
5585 2
5586 3
5587 2
5588 4
5589 1
5590 3
5591 3
5592 5
5593 4
5594 3
5595 1
5596 1
5597 2
5598 2
5599 2
5600 4
5601 3
5602 1
5603 1
5604 1
5605 1
5606 2
5607 1
5608 1
5609 1
5610 1
5611 2
5612 1
5613 2
5614 1
5615 2
5616 2
5617 0
5618 3
5619 3
5620 3
5621 2
5622 1
5623 2
5624 3
5625 1
5626 0
5627 3
5628 3
5629 2
5630 4
5631 3
5632 4
5633 2
5634 2
5635 2
5636 1
5637 0
5638 4
5639 2
5640 2
5641 3
5642 1
5643 2
5644 4
5645 3
5646 2
5647 2
5648 2
5649 4
5650 3
5651 1
5652 1
5653 2
5654 1
5655 3
5656 1
5657 2
5658 3
5659 2
5660 3
5661 2
5662 3
5663 3
5664 2
5665 1
5666 1
5667 1
5668 2
5669 1
5670 3
5671 2
5672 3
5673 2
5674 1
5675 1
5676 0
5677 3
5678 0
5679 0
5680 2
5681 1
5682 3
5683 2
5684 2
5685 1
5686 3
5687 1
5688 2
5689 2
5690 5
5691 6
5692 5
5693 4
5694 3
5695 0
5696 2
5697 1
5698 3
5699 4
5700 2
5701 1
5702 3
5703 2
5704 2
5705 2
5706 3
5707 2
5708 2
5709 2
5710 3
5711 0
5712 2
5713 2
5714 2
5715 5
5716 4
5717 1
5718 2
5719 2
5720 2
5721 0
5722 1
5723 1
5724 3
5725 3
5726 1
5727 2
5728 3
5729 5
5730 3
5731 5
5732 2
5733 3
5734 1
5735 1
5736 1
5737 4
5738 3
5739 3
5740 2
5741 2
5742 1
5743 1
5744 1
5745 1
5746 3
5747 2
5748 2
5749 3
5750 4
5751 3
5752 1
5753 2
5754 2
5755 3
5756 0
5757 1
5758 2
5759 2
5760 4
5761 3
5762 2
5763 3
5764 3
5765 3
5766 3
5767 2
5768 2
5769 2
5770 1
5771 2
5772 0
5773 1
5774 1
5775 4
5776 4
5777 1
5778 2
5779 2
5780 2
5781 3
5782 0
5783 3
5784 2
5785 1
5786 2
5787 0
5788 1
5789 2
5790 2
5791 4
5792 3
5793 2
5794 3
5795 6
5796 5
5797 3
5798 3
5799 0
5800 4
5801 3
5802 0
5803 2
5804 3
5805 1
5806 2
5807 2
5808 4
5809 3
5810 1
5811 2
5812 3
5813 1
5814 1
5815 2
5816 4
5817 2
5818 4
5819 2
5820 1
5821 1
5822 3
5823 1
5824 0
5825 3
5826 1
5827 4
5828 5
5829 3
5830 2
5831 3
5832 0
5833 4
5834 3
5835 2
5836 1
5837 4
5838 1
5839 1
5840 3
5841 2
5842 1
5843 2
5844 2
5845 2
5846 1
5847 2
5848 4
5849 1
5850 4
5851 3
5852 1
5853 3
5854 3
5855 4
5856 3
5857 4
5858 1
5859 4
5860 4
5861 2
5862 2
5863 1
5864 4
5865 3
5866 4
5867 3
5868 3
5869 4
5870 3
5871 2
5872 3
5873 2
5874 5
5875 3
5876 1
5877 3
5878 2
5879 1
5880 2
5881 1
5882 5
5883 3
5884 4
5885 5
5886 4
5887 3
5888 3
5889 0
5890 3
5891 4
5892 3
5893 1
5894 4
5895 3
5896 2
5897 3
5898 2
5899 1
5900 2
5901 1
5902 2
5903 2
5904 5
5905 5
5906 4
5907 3
5908 0
5909 3
5910 2
5911 3
5912 2
5913 3
5914 3
5915 2
5916 3
5917 4
5918 3
5919 5
5920 2
5921 1
5922 2
5923 3
5924 1
5925 2
5926 2
5927 2
5928 4
5929 1
5930 1
5931 2
5932 3
5933 3
5934 2
5935 3
5936 3
5937 2
5938 3
5939 3
5940 3
5941 2
5942 3
5943 3
5944 3
5945 3
5946 2
5947 1
5948 3
5949 5
5950 5
5951 5
5952 4
5953 1
5954 2
5955 2
5956 2
5957 5
5958 6
5959 4
5960 4
5961 4
5962 3
5963 4
5964 4
5965 3
5966 5
5967 5
5968 4
5969 2
5970 3
5971 2
5972 1
5973 2
5974 0
5975 1
5976 1
5977 2
5978 3
5979 2
5980 4
5981 5
5982 3
5983 4
5984 4
5985 3
5986 1
5987 2
5988 4
5989 3
5990 1
5991 2
5992 1
5993 1
5994 3
5995 0
5996 4
5997 2
5998 2
5999 3
6000 2
6001 2
6002 2
6003 0
6004 1
6005 1
6006 1
6007 2
6008 2
6009 2
6010 1
6011 0
6012 3
6013 2
6014 3
6015 2
6016 4
6017 4
6018 3
6019 3
6020 2
6021 2
6022 1
6023 2
6024 0
6025 3
6026 2
6027 1
6028 1
6029 1
6030 2
6031 2
6032 2
6033 3
6034 3
6035 1
6036 1
6037 2
6038 1
6039 4
6040 4
6041 2
6042 1
6043 1
6044 0
6045 2
6046 2
6047 1
6048 1
6049 1
6050 2
6051 3
6052 0
6053 2
6054 4
6055 4
6056 3
6057 2
6058 3
6059 1
6060 5
6061 5
6062 5
6063 3
6064 3
6065 2
6066 2
6067 3
6068 0
6069 1
6070 1
6071 3
6072 1
6073 1
6074 2
6075 2
6076 0
6077 6
6078 3
6079 2
6080 3
6081 0
6082 1
6083 1
6084 2
6085 3
6086 3
6087 0
6088 2
6089 1
6090 1
6091 3
6092 1
6093 2
6094 1
6095 2
6096 4
6097 2
6098 1
6099 0
6100 1
6101 2
6102 0
6103 2
6104 2
6105 2
6106 2
6107 2
6108 2
6109 5
6110 3
6111 2
6112 2
6113 6
6114 3
6115 3
6116 2
6117 1
6118 3
6119 1
6120 1
6121 1
6122 2
6123 1
6124 2
6125 3
6126 5
6127 7
6128 5
6129 2
6130 2
6131 1
6132 2
6133 2
6134 2
6135 4
6136 2
6137 1
6138 4
6139 3
6140 2
6141 3
6142 1
6143 2
6144 1
6145 3
6146 2
6147 3
6148 2
6149 4
6150 2
6151 0
6152 2
6153 4
6154 2
6155 0
6156 2
6157 4
6158 3
6159 1
6160 0
6161 1
6162 1
6163 1
6164 2
6165 2
6166 1
6167 2
6168 2
6169 2
6170 2
6171 3
6172 3
6173 3
6174 3
6175 0
6176 5
6177 3
6178 0
6179 2
6180 2
6181 4
6182 4
6183 3
6184 3
6185 2
6186 3
6187 4
6188 4
6189 3
6190 1
6191 5
6192 2
6193 3
6194 0
6195 6
6196 7
6197 6
6198 5
6199 3
6200 3
6201 0
6202 4
6203 3
6204 1
6205 5
6206 6
6207 7
6208 8
6209 8
6210 7
6211 5
6212 3
6213 1
6214 0
6215 0
6216 1
6217 1
6218 0
6219 1
6220 3
6221 3
6222 2
6223 0
6224 3
6225 2
6226 1
6227 2
6228 2
6229 1
6230 4
6231 4
6232 5
6233 3
6234 2
6235 3
6236 2
6237 1
6238 1
6239 0
6240 3
6241 3
6242 1
6243 2
6244 2
6245 1
6246 3
6247 0
6248 5
6249 4
6250 2
6251 1
6252 3
6253 2
6254 4
6255 4
6256 3
6257 3
6258 2
6259 2
6260 2
6261 1
6262 1
6263 1
6264 0
6265 3
6266 4
6267 3
6268 2
6269 2
6270 3
6271 1
6272 1
6273 3
6274 1
6275 2
6276 2
6277 2
6278 3
6279 1
6280 4
6281 3
6282 1
6283 1
6284 2
6285 3
6286 1
6287 1
6288 1
6289 2
6290 3
6291 2
6292 3
6293 1
6294 3
6295 2
6296 5
6297 3
6298 3
6299 1
6300 2
6301 4
6302 4
6303 3
6304 3
6305 4
6306 1
6307 2
6308 4
6309 5
6310 4
6311 2
6312 1
6313 3
6314 3
6315 2
6316 3
6317 4
6318 2
6319 4
6320 5
6321 3
6322 1
6323 2
6324 2
6325 0
6326 1
6327 1
6328 1
6329 4
6330 3
6331 4
6332 3
6333 2
6334 0
6335 3
6336 3
6337 3
6338 2
6339 2
6340 1
6341 4
6342 2
6343 3
6344 2
6345 0
6346 2
6347 3
6348 2
6349 2
6350 3
6351 3
6352 4
6353 3
6354 2
6355 3
6356 2
6357 0
6358 1
6359 4
6360 4
6361 5
6362 3
6363 2
6364 2
6365 2
6366 0
6367 0
6368 3
6369 2
6370 3
6371 2
6372 2
6373 2
6374 2
6375 1
6376 1
6377 3
6378 2
6379 6
6380 4
6381 2
6382 3
6383 4
6384 4
6385 2
6386 2
6387 3
6388 0
6389 0
6390 0
6391 1
6392 3
6393 0
6394 2
6395 0
6396 3
6397 1
6398 2
6399 1
6400 0
6401 3
6402 1
6403 1
6404 2
6405 4
6406 5
6407 5
6408 2
6409 2
6410 1
6411 1
6412 1
6413 0
6414 2
6415 2
6416 0
6417 2
6418 4
6419 3
6420 2
6421 2
6422 1
6423 2
6424 0
6425 5
6426 5
6427 4
6428 4
6429 4
6430 4
6431 2
6432 0
6433 1
6434 0
6435 1
6436 0
6437 3
6438 2
6439 0
6440 3
6441 5
6442 5
6443 4
6444 2
6445 3
6446 0
6447 2
6448 4
6449 4
6450 2
6451 0
6452 1
6453 2
6454 0
6455 2
6456 1
6457 0
6458 1
6459 2
6460 3
6461 2
6462 2
6463 4
6464 2
6465 3
6466 2
6467 4
6468 2
6469 4
6470 1
6471 5
6472 3
6473 2
6474 4
6475 2
6476 0
6477 3
6478 2
6479 3
6480 1
6481 1
6482 0
6483 1
6484 2
6485 3
6486 2
6487 1
6488 3
6489 1
6490 4
6491 3
6492 2
6493 0
6494 2
6495 0
6496 2
6497 2
6498 1
6499 3
6500 2
6501 3
6502 2
6503 2
6504 4
6505 4
6506 2
6507 2
6508 3
6509 2
6510 2
6511 3
6512 3
6513 3
6514 2
6515 1
6516 3
6517 2
6518 3
6519 1
6520 3
6521 1
6522 2
6523 0
6524 2
6525 0
6526 1
6527 3
6528 2
6529 1
6530 4
6531 3
6532 2
6533 4
6534 2
6535 1
6536 3
6537 1
6538 2
6539 0
6540 4
6541 3
6542 1
6543 3
6544 2
6545 1
6546 1
6547 1
6548 2
6549 1
6550 2
6551 2
6552 1
6553 1
6554 4
6555 3
6556 2
6557 1
6558 3
6559 3
6560 3
6561 1
6562 1
6563 3
6564 1
6565 5
6566 3
6567 0
6568 2
6569 2
6570 3
6571 2
6572 3
6573 2
6574 3
6575 3
6576 2
6577 1
6578 2
6579 2
6580 3
6581 4
6582 5
6583 3
6584 2
6585 1
6586 1
6587 0
6588 4
6589 4
6590 3
6591 1
6592 2
6593 2
6594 2
6595 0
6596 3
6597 3
6598 2
6599 3
6600 0
6601 5
6602 4
6603 3
6604 3
6605 1
6606 3
6607 1
6608 1
6609 3
6610 0
6611 0
6612 2
6613 1
6614 2
6615 1
6616 4
6617 2
6618 3
6619 2
6620 0
6621 4
6622 2
6623 3
6624 1
6625 2
6626 4
6627 2
6628 1
6629 1
6630 3
6631 1
6632 2
6633 1
6634 0
6635 4
6636 2
6637 2
6638 3
6639 2
6640 3
6641 3
6642 4
6643 3
6644 0
6645 1
6646 4
6647 2
6648 1
6649 1
6650 3
6651 2
6652 1
6653 2
6654 2
6655 2
6656 2
6657 3
6658 3
6659 0
6660 0
6661 1
6662 1
6663 1
6664 2
6665 3
6666 3
6667 2
6668 1
6669 5
6670 4
6671 6
6672 7
6673 4
6674 2
6675 2
6676 5
6677 4
6678 2
6679 5
6680 5
6681 5
6682 4
6683 4
6684 3
6685 2
6686 2
6687 2
6688 2
6689 4
6690 2
6691 2
6692 2
6693 0
6694 4
6695 3
6696 2
6697 4
6698 2
6699 4
6700 5
6701 5
6702 4
6703 2
6704 4
6705 5
6706 4
6707 4
6708 4
6709 2
6710 1
6711 2
6712 0
6713 3
6714 2
6715 1
6716 4
6717 1
6718 2
6719 2
6720 0
6721 3
6722 0
6723 4
6724 4
6725 2
6726 2
6727 1
6728 4
6729 4
6730 4
6731 3
6732 2
6733 1
6734 3
6735 1
6736 1
6737 4
6738 4
6739 1
6740 1
6741 1
6742 3
6743 1
6744 2
6745 2
6746 2
6747 2
6748 0
6749 2
6750 3
6751 1
6752 1
6753 1
6754 3
6755 2
6756 4
6757 4
6758 3
6759 1
6760 3
6761 3
6762 1
6763 1
6764 2
6765 1
6766 0
6767 3
6768 3
6769 2
6770 0
6771 3
6772 3
6773 2
6774 4
6775 4
6776 3
6777 1
6778 1
6779 0
6780 2
6781 2
6782 4
6783 3
6784 0
6785 1
6786 2
6787 1
6788 2
6789 4
6790 3
6791 1
6792 2
6793 2
6794 2
6795 3
6796 3
6797 4
6798 3
6799 1
6800 2
6801 2
6802 2
6803 2
6804 5
6805 3
6806 5
6807 4
6808 5
6809 4
6810 4
6811 4
6812 4
6813 4
6814 3
6815 2
6816 0
6817 0
6818 2
6819 2
6820 1
6821 3
6822 3
6823 5
6824 4
6825 2
6826 3
6827 3
6828 0
6829 3
6830 0
6831 4
6832 4
6833 4
6834 6
6835 4
6836 4
6837 4
6838 3
6839 2
6840 2
6841 1
6842 2
6843 3
6844 2
6845 3
6846 2
6847 1
6848 5
6849 4
6850 5
6851 5
6852 4
6853 2
6854 0
6855 2
6856 1
6857 3
6858 1
6859 3
6860 1
6861 1
6862 2
6863 2
6864 3
6865 1
6866 0
6867 0
6868 2
6869 4
6870 2
6871 1
6872 5
6873 7
6874 8
6875 6
6876 6
6877 6
6878 5
6879 4
6880 7
6881 12
6882 11
6883 11
6884 12
6885 12
6886 13
6887 12
6888 11
6889 11
6890 10
6891 8
6892 7
6893 7
6894 4
6895 3
6896 1
6897 3
6898 3
6899 1
6900 3
6901 1
6902 5
6903 3
6904 2
6905 2
6906 3
6907 3
6908 2
6909 3
6910 0
6911 1
6912 2
6913 2
6914 2
6915 1
6916 3
6917 3
6918 0
6919 2
6920 1
6921 1
6922 4
6923 5
6924 2
6925 1
6926 2
6927 4
6928 5
6929 3
6930 1
6931 3
6932 3
6933 1
6934 3
6935 2
6936 2
6937 3
6938 2
6939 3
6940 5
6941 3
6942 4
6943 3
6944 2
6945 0
6946 2
6947 3
6948 2
6949 2
6950 2
6951 4
6952 5
6953 2
6954 2
6955 2
6956 3
6957 3
6958 1
6959 3
6960 1
6961 3
6962 2
6963 4
6964 2
6965 1
6966 4
6967 6
6968 3
6969 1
6970 3
6971 0
6972 1
6973 3
6974 1
6975 4
6976 3
6977 2
6978 4
6979 5
6980 4
6981 2
6982 3
6983 4
6984 3
6985 1
6986 2
6987 2
6988 3
6989 3
6990 2
6991 3
6992 6
6993 6
6994 6
6995 5
6996 6
6997 4
6998 2
6999 4
7000 4
7001 4
7002 1
7003 1
7004 3
7005 6
7006 5
7007 2
7008 2
7009 2
7010 1
7011 1
7012 3
7013 6
7014 8
7015 7
7016 6
7017 4
7018 2
7019 4
7020 4
7021 3
7022 1
7023 4
7024 5
7025 3
7026 1
7027 0
7028 2
7029 1
7030 2
7031 1
7032 2
7033 0
7034 0
7035 3
7036 1
7037 2
7038 2
7039 0
7040 1
7041 2
7042 1
7043 1
7044 1
7045 1
7046 0
7047 3
7048 2
7049 1
7050 2
7051 3
7052 2
7053 2
7054 2
7055 6
7056 6
7057 5
7058 3
7059 1
7060 1
7061 3
7062 2
7063 2
7064 2
7065 0
7066 0
7067 2
7068 2
7069 3
7070 2
7071 5
7072 3
7073 2
7074 3
7075 5
7076 4
7077 4
7078 3
7079 3
7080 2
7081 3
7082 1
7083 2
7084 3
7085 2
7086 1
7087 3
7088 2
7089 3
7090 2
7091 2
7092 2
7093 2
7094 2
7095 0
7096 3
7097 1
7098 4
7099 2
7100 1
7101 1
7102 4
7103 1
7104 2
7105 2
7106 1
7107 2
7108 3
7109 1
7110 2
7111 2
7112 3
7113 3
7114 3
7115 2
7116 2
7117 1
7118 3
7119 2
7120 1
7121 2
7122 1
7123 1
7124 3
7125 2
7126 3
7127 1
7128 1
7129 2
7130 2
7131 1
7132 2
7133 4
7134 1
7135 3
7136 2
7137 2
7138 0
7139 1
7140 3
7141 2
7142 4
7143 4
7144 7
7145 7
7146 6
7147 5
7148 4
7149 2
7150 3
7151 3
7152 3
7153 2
7154 1
7155 2
7156 3
7157 2
7158 3
7159 3
7160 2
7161 2
7162 3
7163 0
7164 3
7165 3
7166 2
7167 4
7168 2
7169 1
7170 1
7171 1
7172 2
7173 1
7174 4
7175 2
7176 3
7177 2
7178 2
7179 1
7180 1
7181 2
7182 2
7183 0
7184 2
7185 1
7186 3
7187 1
7188 1
7189 1
7190 1
7191 1
7192 2
7193 3
7194 1
7195 1
7196 0
7197 2
7198 3
7199 3
7200 3
7201 3
7202 3
7203 2
7204 1
7205 3
7206 1
7207 1
7208 1
7209 1
7210 4
7211 2
7212 2
7213 2
7214 1
7215 1
7216 0
7217 2
7218 3
7219 1
7220 2
7221 3
7222 2
7223 2
7224 3
7225 4
7226 3
7227 1
7228 5
7229 3
7230 2
7231 2
7232 1
7233 2
7234 0
7235 3
7236 1
7237 3
7238 0
7239 0
7240 2
7241 4
7242 4
7243 2
7244 2
7245 3
7246 2
7247 2
7248 1
7249 2
7250 3
7251 5
7252 5
7253 2
7254 2
7255 2
7256 1
7257 2
7258 2
7259 2
7260 2
7261 1
7262 1
7263 2
7264 5
7265 3
7266 1
7267 2
7268 2
7269 1
7270 2
7271 3
7272 1
7273 1
7274 0
7275 2
7276 0
7277 5
7278 6
7279 6
7280 6
7281 4
7282 3
7283 1
7284 1
7285 4
7286 2
7287 1
7288 5
7289 2
7290 2
7291 2
7292 3
7293 2
7294 1
7295 3
7296 0
7297 3
7298 4
7299 1
7300 2
7301 1
7302 1
7303 5
7304 2
7305 1
7306 3
7307 1
7308 2
7309 5
7310 4
7311 2
7312 3
7313 1
7314 2
7315 0
7316 3
7317 0
7318 0
7319 1
7320 1
7321 3
7322 0
7323 2
7324 2
7325 6
7326 4
7327 2
7328 0
7329 2
7330 2
7331 0
7332 1
7333 1
7334 2
7335 5
7336 6
7337 5
7338 5
7339 4
7340 1
7341 1
7342 2
7343 3
7344 5
7345 3
7346 6
7347 5
7348 2
7349 0
7350 1
7351 4
7352 4
7353 5
7354 5
7355 5
7356 4
7357 3
7358 3
7359 0
7360 2
7361 4
7362 6
7363 5
7364 5
7365 3
7366 4
7367 3
7368 6
7369 4
7370 3
7371 2
7372 1
7373 0
7374 2
7375 1
7376 1
7377 1
7378 2
7379 5
7380 4
7381 2
7382 3
7383 3
7384 1
7385 4
7386 3
7387 2
7388 2
7389 0
7390 0
7391 5
7392 5
7393 3
7394 3
7395 2
7396 2
7397 4
7398 2
7399 4
7400 6
7401 4
7402 4
7403 4
7404 2
7405 3
7406 1
7407 5
7408 4
7409 4
7410 2
7411 1
7412 2
7413 1
7414 1
7415 1
7416 0
7417 4
7418 1
7419 1
7420 1
7421 3
7422 3
7423 1
7424 3
7425 1
7426 1
7427 4
7428 7
7429 5
7430 6
7431 5
7432 4
7433 2
7434 2
7435 2
7436 4
7437 5
7438 5
7439 5
7440 3
7441 1
7442 1
7443 5
7444 4
7445 4
7446 2
7447 1
7448 1
7449 1
7450 3
7451 3
7452 4
7453 6
7454 5
7455 3
7456 2
7457 2
7458 2
7459 2
7460 2
7461 1
7462 1
7463 3
7464 1
7465 1
7466 1
7467 0
7468 2
7469 3
7470 1
7471 2
7472 2
7473 1
7474 0
7475 2
7476 2
7477 2
7478 1
7479 1
7480 3
7481 4
7482 3
7483 1
7484 2
7485 1
7486 2
7487 2
7488 3
7489 4
7490 3
7491 1
7492 2
7493 1
7494 1
7495 2
7496 0
7497 3
7498 2
7499 1
7500 2
7501 3
7502 1
7503 2
7504 4
7505 3
7506 3
7507 2
7508 3
7509 3
7510 2
7511 2
7512 1
7513 4
7514 3
7515 1
7516 4
7517 4
7518 2
7519 3
7520 0
7521 2
7522 5
7523 3
7524 3
7525 1
7526 1
7527 0
7528 3
7529 1
7530 1
7531 0
7532 2
7533 4
7534 2
7535 1
7536 1
7537 2
7538 2
7539 2
7540 3
7541 3
7542 1
7543 3
7544 4
7545 5
7546 3
7547 0
7548 3
7549 1
7550 2
7551 1
7552 4
7553 2
7554 2
7555 1
7556 0
7557 3
7558 3
7559 3
7560 2
7561 2
7562 3
7563 1
7564 3
7565 3
7566 2
7567 1
7568 1
7569 4
7570 5
7571 6
7572 5
7573 3
7574 5
7575 4
7576 2
7577 5
7578 3
7579 3
7580 3
7581 0
7582 2
7583 1
7584 0
7585 2
7586 1
7587 2
7588 2
7589 2
7590 1
7591 1
7592 3
7593 2
7594 2
7595 1
7596 0
7597 3
7598 5
7599 6
7600 4
7601 4
7602 3
7603 5
7604 6
7605 7
7606 7
7607 5
7608 2
7609 2
7610 0
7611 1
7612 2
7613 3
7614 1
7615 3
7616 4
7617 4
7618 2
7619 0
7620 2
7621 1
7622 1
7623 5
7624 4
7625 3
7626 5
7627 5
7628 4
7629 3
7630 3
7631 4
7632 5
7633 2
7634 3
7635 4
7636 4
7637 3
7638 2
7639 0
7640 3
7641 1
7642 1
7643 2
7644 3
7645 1
7646 2
7647 2
7648 2
7649 2
7650 2
7651 0
7652 1
7653 3
7654 4
7655 3
7656 2
7657 2
7658 0
7659 3
7660 0
7661 2
7662 3
7663 4
7664 4
7665 1
7666 2
7667 3
7668 3
7669 2
7670 3
7671 1
7672 4
7673 3
7674 2
7675 1
7676 1
7677 2
7678 3
7679 3
7680 1
7681 1
7682 3
7683 4
7684 1
7685 3
7686 2
7687 1
7688 4
7689 5
7690 5
7691 3
7692 2
7693 0
7694 3
7695 1
7696 3
7697 2
7698 2
7699 3
7700 3
7701 3
7702 5
7703 4
7704 2
7705 3
7706 2
7707 3
7708 2
7709 6
7710 5
7711 6
7712 4
7713 4
7714 3
7715 1
7716 5
7717 5
7718 4
7719 2
7720 1
7721 2
7722 3
7723 0
7724 3
7725 3
7726 4
7727 3
7728 2
7729 2
7730 0
7731 4
7732 2
7733 3
7734 0
7735 1
7736 4
7737 4
7738 6
7739 5
7740 7
7741 6
7742 5
7743 2
7744 3
7745 1
7746 1
7747 3
7748 2
7749 1
7750 2
7751 1
7752 3
7753 1
7754 0
7755 3
7756 2
7757 2
7758 3
7759 4
7760 2
7761 1
7762 3
7763 2
7764 2
7765 2
7766 0
7767 3
7768 3
7769 4
7770 3
7771 4
7772 4
7773 3
7774 1
7775 1
7776 3
7777 1
7778 2
7779 3
7780 2
7781 2
7782 1
7783 1
7784 5
7785 8
7786 7
7787 7
7788 5
7789 4
7790 5
7791 4
7792 3
7793 2
7794 2
7795 2
7796 2
7797 3
7798 3
7799 3
7800 0
7801 2
7802 2
7803 1
7804 2
7805 3
7806 1
7807 1
7808 3
7809 2
7810 1
7811 1
7812 4
7813 3
7814 2
7815 1
7816 2
7817 2
7818 2
7819 3
7820 2
7821 4
7822 4
7823 3
7824 1
7825 2
7826 1
7827 1
7828 3
7829 4
7830 2
7831 1
7832 2
7833 3
7834 3
7835 2
7836 0
7837 2
7838 1
7839 1
7840 2
7841 3
7842 4
7843 4
7844 3
7845 5
7846 5
7847 4
7848 1
7849 1
7850 4
7851 6
7852 5
7853 5
7854 4
7855 4
7856 4
7857 3
7858 4
7859 3
7860 1
7861 1
7862 0
7863 1
7864 2
7865 0
7866 2
7867 2
7868 2
7869 1
7870 1
7871 1
7872 1
7873 3
7874 4
7875 4
7876 2
7877 2
7878 2
7879 2
7880 2
7881 1
7882 1
7883 3
7884 5
7885 2
7886 1
7887 0
7888 2
7889 3
7890 0
7891 4
7892 1
7893 1
7894 4
7895 3
7896 2
7897 3
7898 1
7899 3
7900 1
7901 3
7902 1
7903 3
7904 6
7905 4
7906 2
7907 5
7908 3
7909 1
7910 1
7911 2
7912 1
7913 3
7914 2
7915 2
7916 0
7917 1
7918 4
7919 4
7920 5
7921 6
7922 6
7923 5
7924 3
7925 1
7926 7
7927 7
7928 6
7929 5
7930 5
7931 5
7932 4
7933 2
7934 1
7935 2
7936 3
7937 2
7938 3
7939 1
7940 2
7941 2
7942 4
7943 3
7944 3
7945 0
7946 4
7947 3
7948 3
7949 1
7950 1
7951 3
7952 3
7953 1
7954 1
7955 6
7956 6
7957 7
7958 11
7959 11
7960 9
7961 6
7962 6
7963 6
7964 5
7965 3
7966 2
7967 3
7968 4
7969 4
7970 3
7971 1
7972 2
7973 4
7974 2
7975 2
7976 3
7977 3
7978 1
7979 1
7980 2
7981 2
7982 0
7983 1
7984 3
7985 3
7986 2
7987 1
7988 3
7989 1
7990 2
7991 5
7992 3
7993 2
7994 2
7995 2
7996 3
7997 1
7998 2
7999 0
8000 0
8001 5
8002 6
8003 3
8004 2
8005 1
8006 4
8007 4
8008 1
8009 1
8010 5
8011 3
8012 2
8013 3
8014 2
8015 0
8016 0
8017 4
8018 2
8019 3
8020 2
8021 2
8022 1
8023 2
8024 2
8025 2
8026 3
8027 0
8028 3
8029 2
8030 2
8031 3
8032 1
8033 1
8034 2
8035 4
8036 1
8037 3
8038 2
8039 4
8040 3
8041 4
8042 3
8043 3
8044 2
8045 3
8046 0
8047 1
8048 2
8049 4
8050 1
8051 1
8052 2
8053 3
8054 3
8055 3
8056 2
8057 2
8058 2
8059 2
8060 2
8061 1
8062 1
8063 3
8064 2
8065 2
8066 2
8067 5
8068 4
8069 3
8070 3
8071 2
8072 0
8073 0
8074 1
8075 1
8076 2
8077 3
8078 0
8079 1
8080 2
8081 3
8082 1
8083 3
8084 2
8085 2
8086 1
8087 4
8088 2
8089 1
8090 3
8091 2
8092 3
8093 2
8094 0
8095 2
8096 4
8097 1
8098 3
8099 4
8100 2
8101 2
8102 1
8103 3
8104 3
8105 1
8106 1
8107 0
8108 1
8109 0
8110 2
8111 2
8112 4
8113 1
8114 2
8115 3
8116 3
8117 4
8118 1
8119 3
8120 1
8121 3
8122 1
8123 1
8124 2
8125 3
8126 2
8127 7
8128 6
8129 6
8130 7
8131 8
8132 9
8133 13
8134 14
8135 14
8136 12
8137 12
8138 11
8139 12
8140 12
8141 13
8142 12
8143 12
8144 12
8145 10
8146 8
8147 9
8148 6
8149 7
8150 7
8151 6
8152 6
8153 4
8154 3
8155 2
8156 3
8157 3
8158 3
8159 1
8160 3
8161 2
8162 2
8163 1
8164 3
8165 1
8166 3
8167 2
8168 3
8169 2
8170 2
8171 3
8172 1
8173 4
8174 2
8175 2
8176 1
8177 2
8178 2
8179 4
8180 2
8181 6
8182 5
8183 4
8184 2
8185 2
8186 2
8187 4
8188 5
8189 5
8190 6
8191 6
8192 7
8193 5
8194 4
8195 3
8196 3
8197 2
8198 4
8199 2
8200 2
8201 3
8202 1
8203 2
8204 3
8205 0
8206 5
8207 4
8208 3
8209 1
8210 6
8211 4
8212 4
8213 4
8214 2
8215 2
8216 2
8217 0
8218 1
8219 2
8220 1
8221 0
8222 5
8223 4
8224 4
8225 3
8226 4
8227 2
8228 3
8229 3
8230 2
8231 3
8232 1
8233 2
8234 2
8235 3
8236 2
8237 2
8238 2
8239 3
8240 1
8241 2
8242 2
8243 2
8244 4
8245 1
8246 3
8247 3
8248 2
8249 1
8250 2
8251 6
8252 6
8253 6
8254 6
8255 4
8256 2
8257 3
8258 3
8259 8
8260 9
8261 8
8262 7
8263 5
8264 5
8265 4
8266 5
8267 4
8268 8
8269 8
8270 8
8271 7
8272 6
8273 5
8274 5
8275 3
8276 2
8277 1
8278 2
8279 1
8280 1
8281 2
8282 1
8283 3
8284 2
8285 2
8286 2
8287 2
8288 3
8289 4
8290 3
8291 4
8292 2
8293 2
8294 2
8295 2
8296 5
8297 4
8298 4
8299 3
8300 1
8301 5
8302 3
8303 2
8304 3
8305 4
8306 5
8307 6
8308 4
8309 3
8310 2
8311 4
8312 4
8313 1
8314 0
8315 1
8316 2
8317 1
8318 2
8319 3
8320 0
8321 3
8322 3
8323 1
8324 2
8325 0
8326 1
8327 3
8328 3
8329 2
8330 1
8331 3
8332 3
8333 2
8334 6
8335 4
8336 5
8337 5
8338 5
8339 4
8340 4
8341 1
8342 2
8343 4
8344 5
8345 3
8346 4
8347 5
8348 4
8349 4
8350 4
8351 3
8352 0
8353 1
8354 2
8355 1
8356 1
8357 3
8358 2
8359 1
8360 4
8361 4
8362 1
8363 4
8364 4
8365 5
8366 4
8367 4
8368 1
8369 4
8370 2
8371 1
8372 1
8373 3
8374 1
8375 2
8376 2
8377 2
8378 5
8379 4
8380 3
8381 2
8382 2
8383 1
8384 4
8385 2
8386 2
8387 2
8388 4
8389 1
8390 2
8391 3
8392 5
8393 4
8394 1
8395 1
8396 1
8397 2
8398 0
8399 4
8400 2
8401 5
8402 5
8403 2
8404 2
8405 2
8406 1
8407 1
8408 1
8409 4
8410 2
8411 2
8412 1
8413 0
8414 1
8415 2
8416 2
8417 3
8418 2
8419 1
8420 0
8421 3
8422 4
8423 5
8424 4
8425 3
8426 3
8427 2
8428 4
8429 2
8430 1
8431 1
8432 0
8433 3
8434 4
8435 4
8436 4
8437 3
8438 3
8439 2
8440 2
8441 1
8442 1
8443 1
8444 2
8445 1
8446 3
8447 2
8448 1
8449 2
8450 4
8451 3
8452 3
8453 2
8454 2
8455 3
8456 3
8457 2
8458 1
8459 2
8460 1
8461 1
8462 0
8463 1
8464 4
8465 3
8466 3
8467 2
8468 2
8469 3
8470 6
8471 4
8472 3
8473 3
8474 1
8475 1
8476 1
8477 0
8478 4
8479 3
8480 2
8481 2
8482 4
8483 2
8484 3
8485 4
8486 2
8487 0
8488 1
8489 3
8490 3
8491 0
8492 1
8493 3
8494 4
8495 3
8496 1
8497 1
8498 0
8499 2
8500 3
8501 2
8502 1
8503 1
8504 1
8505 1
8506 0
8507 2
8508 3
8509 1
8510 3
8511 1
8512 1
8513 1
8514 3
8515 2
8516 3
8517 4
8518 2
8519 3
8520 3
8521 0
8522 2
8523 3
8524 2
8525 1
8526 2
8527 0
8528 3
8529 3
8530 2
8531 1
8532 1
8533 2
8534 2
8535 0
8536 1
8537 1
8538 4
8539 3
8540 3
8541 4
8542 2
8543 4
8544 3
8545 1
8546 0
8547 2
8548 2
8549 1
8550 1
8551 2
8552 2
8553 2
8554 1
8555 1
8556 1
8557 0
8558 3
8559 3
8560 2
8561 2
8562 0
8563 3
8564 1
8565 1
8566 2
8567 2
8568 1
8569 2
8570 1
8571 1
8572 2
8573 2
8574 4
8575 5
8576 5
8577 5
8578 5
8579 5
8580 3
8581 3
8582 4
8583 3
8584 4
8585 5
8586 2
8587 3
8588 2
8589 0
8590 1
8591 3
8592 2
8593 0
8594 1
8595 2
8596 0
8597 4
8598 4
8599 4
8600 4
8601 3
8602 0
8603 3
8604 3
8605 2
8606 2
8607 1
8608 0
8609 4
8610 3
8611 3
8612 2
8613 1
8614 2
8615 2
8616 1
8617 1
8618 3
8619 1
8620 0
8621 2
8622 2
8623 2
8624 1
8625 3
8626 2
8627 3
8628 3
8629 3
8630 3
8631 3
8632 2
8633 2
8634 4
8635 6
8636 4
8637 4
8638 1
8639 1
8640 1
8641 1
8642 1
8643 5
8644 5
8645 2
8646 1
8647 4
8648 3
8649 2
8650 2
8651 3
8652 1
8653 0
8654 1
8655 2
8656 1
8657 3
8658 3
8659 4
8660 3
8661 2
8662 2
8663 4
8664 6
8665 6
8666 4
8667 2
8668 1
8669 4
8670 3
8671 2
8672 0
8673 2
8674 1
8675 2
8676 1
8677 4
8678 1
8679 3
8680 3
8681 3
8682 1
8683 2
8684 3
8685 4
8686 2
8687 6
8688 4
8689 2
8690 2
8691 2
8692 1
8693 3
8694 2
8695 2
8696 1
8697 3
8698 1
8699 2
8700 1
8701 0
8702 3
8703 3
8704 1
8705 0
8706 0
8707 2
8708 1
8709 1
8710 2
8711 2
8712 5
8713 4
8714 3
8715 0
8716 1
8717 2
8718 2
8719 4
8720 4
8721 3
8722 4
8723 2
8724 3
8725 3
8726 2
8727 3
8728 1
8729 1
8730 2
8731 4
8732 3
8733 1
8734 3
8735 0
8736 3
8737 2
8738 4
8739 2
8740 2
8741 2
8742 3
8743 1
8744 2
8745 1
8746 2
8747 5
8748 3
8749 2
8750 3
8751 3
8752 2
8753 3
8754 1
8755 4
8756 4
8757 3
8758 3
8759 0
8760 2
8761 3
8762 1
8763 1
8764 3
8765 1
8766 3
8767 5
8768 4
8769 6
8770 4
8771 3
8772 0
8773 2
8774 3
8775 0
8776 3
8777 2
8778 1
8779 2
8780 1
8781 0
8782 3
8783 1
8784 3
8785 1
8786 1
8787 3
8788 2
8789 2
8790 1
8791 3
8792 5
8793 4
8794 2
8795 2
8796 1
8797 2
8798 0
8799 2
8800 2
8801 5
8802 3
8803 3
8804 1
8805 1
8806 3
8807 2
8808 1
8809 1
8810 3
8811 2
8812 1
8813 5
8814 4
8815 1
8816 0
8817 3
8818 2
8819 1
8820 3
8821 2
8822 2
8823 4
8824 3
8825 3
8826 1
8827 3
8828 3
8829 3
8830 4
8831 3
8832 0
8833 1
8834 2
8835 4
8836 2
8837 2
8838 0
8839 3
8840 3
8841 1
8842 3
8843 4
8844 4
8845 6
8846 6
8847 5
8848 4
8849 4
8850 3
8851 1
8852 4
8853 4
8854 4
8855 4
8856 3
8857 3
8858 2
8859 1
8860 0
8861 2
8862 2
8863 1
8864 5
8865 4
8866 5
8867 2
8868 3
8869 1
8870 2
8871 3
8872 1
8873 1
8874 3
8875 2
8876 2
8877 3
8878 2
8879 1
8880 2
8881 1
8882 0
8883 2
8884 3
8885 2
8886 1
8887 2
8888 4
8889 3
8890 3
8891 1
8892 4
8893 3
8894 4
8895 3
8896 2
8897 4
8898 3
8899 2
8900 2
8901 4
8902 4
8903 3
8904 3
8905 1
8906 0
8907 5
8908 4
8909 3
8910 2
8911 3
8912 4
8913 2
8914 4
8915 4
8916 5
8917 3
8918 2
8919 0
8920 3
8921 1
8922 2
8923 4
8924 2
8925 2
8926 1
8927 0
8928 2
8929 2
8930 1
8931 1
8932 1
8933 0
8934 4
8935 2
8936 1
8937 1
8938 4
8939 2
8940 0
8941 1
8942 1
8943 1
8944 1
8945 1
8946 1
8947 1
8948 1
8949 2
8950 1
8951 4
8952 4
8953 2
8954 2
8955 3
8956 1
8957 2
8958 2
8959 2
8960 3
8961 0
8962 1
8963 0
8964 0
8965 1
8966 3
8967 2
8968 2
8969 2
8970 4
8971 4
8972 1
8973 3
8974 2
8975 2
8976 0
8977 4
8978 3
8979 3
8980 0
8981 1
8982 1
8983 1
8984 0
8985 3
8986 0
8987 4
8988 1
8989 3
8990 0
8991 1
8992 1
8993 1
8994 1
8995 0
8996 4
8997 1
8998 1
8999 3
9000 3
9001 1
9002 2
9003 0
9004 2
9005 3
9006 2
9007 3
9008 4
9009 2
9010 3
9011 2
9012 4
9013 2
9014 2
9015 3
9016 1
9017 4
9018 4
9019 3
9020 3
9021 2
9022 1
9023 0
9024 0
9025 1
9026 2
9027 3
9028 1
9029 0
9030 1
9031 2
9032 2
9033 3
9034 0
9035 1
9036 3
9037 2
9038 2
9039 4
9040 3
9041 3
9042 2
9043 2
9044 2
9045 1
9046 2
9047 3
9048 0
9049 3
9050 1
9051 0
9052 0
9053 3
9054 2
9055 4
9056 4
9057 3
9058 1
9059 2
9060 1
9061 2
9062 4
9063 3
9064 0
9065 1
9066 2
9067 2
9068 2
9069 1
9070 1
9071 0
9072 3
9073 3
9074 2
9075 1
9076 0
9077 1
9078 0
9079 4
9080 2
9081 3
9082 3
9083 1
9084 1
9085 0
9086 1
9087 3
9088 0
9089 2
9090 3
9091 3
9092 3
9093 1
9094 2
9095 2
9096 2
9097 2
9098 3
9099 4
9100 2
9101 2
9102 1
9103 1
9104 3
9105 1
9106 3
9107 1
9108 0
9109 1
9110 3
9111 3
9112 5
9113 8
9114 13
9115 11
9116 11
9117 10
9118 9
9119 7
9120 5
9121 4
9122 3
9123 3
9124 0
9125 3
9126 3
9127 4
9128 2
9129 4
9130 3
9131 2
9132 3
9133 3
9134 2
9135 1
9136 1
9137 2
9138 3
9139 5
9140 4
9141 5
9142 6
9143 5
9144 3
9145 2
9146 2
9147 2
9148 0
9149 2
9150 2
9151 3
9152 0
9153 3
9154 0
9155 0
9156 3
9157 2
9158 2
9159 3
9160 1
9161 1
9162 0
9163 3
9164 0
9165 3
9166 1
9167 2
9168 0
9169 0
9170 1
9171 0
9172 2
9173 2
9174 2
9175 0
9176 1
9177 2
9178 1
9179 1
9180 3
9181 1
9182 6
9183 4
9184 3
9185 3
9186 2
9187 2
9188 1
9189 2
9190 4
9191 3
9192 4
9193 4
9194 3
9195 1
9196 2
9197 3
9198 5
9199 4
9200 6
9201 7
9202 5
9203 3
9204 5
9205 5
9206 3
9207 2
9208 1
9209 2
9210 6
9211 4
9212 2
9213 2
9214 2
9215 0
9216 3
9217 2
9218 3
9219 1
9220 1
9221 2
9222 2
9223 1
9224 5
9225 3
9226 5
9227 6
9228 8
9229 7
9230 6
9231 5
9232 6
9233 4
9234 4
9235 3
9236 2
9237 5
9238 5
9239 5
9240 4
9241 4
9242 3
9243 2
9244 2
9245 2
9246 2
9247 3
9248 2
9249 2
9250 1
9251 3
9252 1
9253 2
9254 2
9255 4
9256 5
9257 5
9258 3
9259 4
9260 1
9261 2
9262 4
9263 2
9264 1
9265 5
9266 5
9267 6
9268 7
9269 5
9270 5
9271 7
9272 7
9273 6
9274 5
9275 3
9276 5
9277 2
9278 3
9279 0
9280 2
9281 1
9282 2
9283 3
9284 3
9285 1
9286 2
9287 3
9288 3
9289 2
9290 2
9291 1
9292 1
9293 3
9294 4
9295 3
9296 2
9297 5
9298 3
9299 1
9300 2
9301 3
9302 3
9303 3
9304 4
9305 2
9306 3
9307 3
9308 2
9309 4
9310 2
9311 2
9312 1
9313 3
9314 1
9315 1
9316 2
9317 1
9318 1
9319 2
9320 4
9321 3
9322 4
9323 2
9324 1
9325 0
9326 2
9327 1
9328 2
9329 2
9330 3
9331 0
9332 1
9333 3
9334 1
9335 5
9336 6
9337 5
9338 4
9339 1
9340 1
9341 4
9342 4
9343 2
9344 1
9345 4
9346 5
9347 6
9348 6
9349 4
9350 4
9351 1
9352 2
9353 1
9354 1
9355 2
9356 3
9357 2
9358 3
9359 2
9360 0
9361 2
9362 1
9363 2
9364 4
9365 2
9366 3
9367 3
9368 6
9369 4
9370 4
9371 3
9372 1
9373 3
9374 1
9375 2
9376 4
9377 2
9378 2
9379 5
9380 6
9381 5
9382 5
9383 5
9384 6
9385 4
9386 2
9387 2
9388 1
9389 3
9390 5
9391 4
9392 5
9393 4
9394 2
9395 1
9396 2
9397 1
9398 3
9399 4
9400 2
9401 0
9402 1
9403 2
9404 2
9405 0
9406 0
9407 2
9408 3
9409 3
9410 3
9411 1
9412 2
9413 0
9414 1
9415 1
9416 3
9417 1
9418 2
9419 1
9420 3
9421 1
9422 3
9423 1
9424 2
9425 3
9426 3
9427 1
9428 2
9429 1
9430 2
9431 3
9432 1
9433 2
9434 2
9435 1
9436 4
9437 3
9438 2
9439 3
9440 3
9441 2
9442 2
9443 0
9444 1
9445 3
9446 5
9447 4
9448 4
9449 3
9450 2
9451 2
9452 4
9453 3
9454 5
9455 3
9456 1
9457 2
9458 1
9459 2
9460 1
9461 2
9462 2
9463 2
9464 2
9465 2
9466 2
9467 3
9468 2
9469 1
9470 3
9471 2
9472 1
9473 2
9474 1
9475 3
9476 0
9477 3
9478 0
9479 2
9480 3
9481 2
9482 3
9483 1
9484 1
9485 4
9486 5
9487 5
9488 4
9489 3
9490 1
9491 2
9492 1
9493 3
9494 3
9495 1
9496 1
9497 1
9498 2
9499 3
9500 4
9501 3
9502 3
9503 5
9504 5
9505 3
9506 1
9507 1
9508 1
9509 1
9510 3
9511 2
9512 2
9513 3
9514 1
9515 2
9516 2
9517 3
9518 4
9519 5
9520 5
9521 3
9522 1
9523 3
9524 1
9525 3
9526 0
9527 2
9528 2
9529 2
9530 1
9531 3
9532 2
9533 1
9534 0
9535 2
9536 3
9537 1
9538 0
9539 3
9540 3
9541 2
9542 0
9543 1
9544 3
9545 3
9546 0
9547 3
9548 2
9549 4
9550 3
9551 0
9552 2
9553 1
9554 4
9555 3
9556 3
9557 4
9558 3
9559 2
9560 4
9561 2
9562 0
9563 3
9564 2
9565 2
9566 3
9567 3
9568 3
9569 1
9570 2
9571 6
9572 5
9573 6
9574 5
9575 4
9576 1
9577 4
9578 2
9579 3
9580 2
9581 4
9582 3
9583 2
9584 0
9585 2
9586 2
9587 1
9588 3
9589 3
9590 3
9591 4
9592 2
9593 0
9594 3
9595 0
9596 5
9597 4
9598 5
9599 2
9600 3
9601 4
9602 3
9603 2
9604 2
9605 3
9606 2
9607 3
9608 3
9609 1
9610 2
9611 4
9612 1
9613 5
9614 3
9615 2
9616 2
9617 2
9618 1
9619 1
9620 0
9621 2
9622 2
9623 3
9624 4
9625 3
9626 1
9627 3
9628 3
9629 2
9630 2
9631 3
9632 6
9633 4
9634 2
9635 4
9636 4
9637 5
9638 5
9639 4
9640 2
9641 2
9642 1
9643 2
9644 1
9645 1
9646 2
9647 3
9648 4
9649 4
9650 3
9651 1
9652 3
9653 2
9654 0
9655 2
9656 5
9657 4
9658 3
9659 3
9660 1
9661 2
9662 4
9663 3
9664 1
9665 1
9666 4
9667 2
9668 3
9669 2
9670 2
9671 2
9672 1
9673 1
9674 1
9675 0
9676 0
9677 1
9678 2
9679 1
9680 1
9681 1
9682 4
9683 4
9684 3
9685 1
9686 2
9687 1
9688 1
9689 2
9690 2
9691 5
9692 6
9693 5
9694 3
9695 3
9696 2
9697 3
9698 2
9699 1
9700 2
9701 1
9702 2
9703 0
9704 2
9705 4
9706 3
9707 3
9708 2
9709 2
9710 3
9711 2
9712 3
9713 1
9714 3
9715 3
9716 0
9717 2
9718 2
9719 1
9720 3
9721 3
9722 2
9723 1
9724 2
9725 3
9726 2
9727 0
9728 1
9729 6
9730 6
9731 4
9732 2
9733 0
9734 3
9735 3
9736 1
9737 3
9738 2
9739 0
9740 1
9741 2
9742 1
9743 4
9744 3
9745 2
9746 4
9747 4
9748 3
9749 1
9750 2
9751 2
9752 0
9753 1
9754 2
9755 3
9756 2
9757 3
9758 2
9759 2
9760 3
9761 3
9762 0
9763 2
9764 2
9765 2
9766 3
9767 2
9768 2
9769 1
9770 2
9771 1
9772 1
9773 2
9774 4
9775 2
9776 1
9777 4
9778 2
9779 2
9780 1
9781 2
9782 1
9783 2
9784 3
9785 1
9786 2
9787 2
9788 1
9789 3
9790 1
9791 2
9792 1
9793 2
9794 0
9795 3
9796 2
9797 1
9798 2
9799 2
9800 1
9801 2
9802 3
9803 1
9804 3
9805 3
9806 0
9807 1
9808 2
9809 2
9810 0
9811 0
9812 3
9813 2
9814 3
9815 4
9816 3
9817 3
9818 4
9819 3
9820 1
9821 4
9822 4
9823 5
9824 5
9825 5
9826 2
9827 3
9828 3
9829 1
9830 1
9831 4
9832 4
9833 4
9834 3
9835 0
9836 3
9837 2
9838 2
9839 3
9840 2
9841 0
9842 0
9843 2
9844 2
9845 2
9846 6
9847 6
9848 4
9849 5
9850 2
9851 6
9852 7
9853 8
9854 5
9855 3
9856 2
9857 3
9858 3
9859 1
9860 0
9861 0
9862 0
9863 2
9864 2
9865 3
9866 3
9867 2
9868 1
9869 0
9870 2
9871 1
9872 3
9873 2
9874 1
9875 2
9876 1
9877 3
9878 5
9879 3
9880 4
9881 2
9882 3
9883 2
9884 3
9885 5
9886 3
9887 1
9888 2
9889 0
9890 2
9891 2
9892 2
9893 2
9894 1
9895 2
9896 1
9897 1
9898 1
9899 0
9900 3
9901 0
9902 0
9903 4
9904 4
9905 5
9906 3
9907 1
9908 0
9909 3
9910 3
9911 1
9912 2
9913 4
9914 3
9915 1
9916 0
9917 4
9918 3
9919 2
9920 3
9921 5
9922 7
9923 6
9924 4
9925 3
9926 2
9927 4
9928 5
9929 6
9930 4
9931 3
9932 2
9933 1
9934 4
9935 4
9936 1
9937 2
9938 1
9939 2
9940 2
9941 1
9942 2
9943 3
9944 2
9945 0
9946 3
9947 0
9948 3
9949 1
9950 3
9951 2
9952 2
9953 1
9954 4
9955 3
9956 2
9957 0
9958 2
9959 1
9960 0
9961 2
9962 4
9963 6
9964 5
9965 4
9966 4
9967 2
9968 1
9969 3
9970 3
9971 1
9972 2
9973 1
9974 0
9975 2
9976 3
9977 0
9978 1
9979 3
9980 1
9981 1
9982 0
9983 3
9984 1
9985 4
9986 3
9987 2
9988 1
9989 2
9990 1
9991 2
9992 2
9993 0
9994 2
9995 0
9996 1
9997 3
9998 6
9999 7
