0 6
1 7
2 7
3 7
4 9
5 8
6 8
7 7
8 7
9 7
10 8
11 8
12 6
13 6
14 7
15 8
16 8
17 7
18 6
19 3
20 4
21 3
22 2
23 3
24 1
25 1
26 4
27 3
28 5
29 2
30 2
31 0
32 1
33 2
34 1
35 1
36 3
37 1
38 2
39 2
40 1
41 1
42 3
43 2
44 3
45 2
46 0
47 0
48 3
49 2
50 2
51 1
52 2
53 1
54 0
55 1
56 3
57 1
58 1
59 1
60 0
61 3
62 2
63 4
64 4
65 3
66 4
67 1
68 2
69 1
70 3
71 2
72 1
73 1
74 3
75 1
76 2
77 1
78 1
79 1
80 1
81 0
82 2
83 0
84 0
85 0
86 2
87 1
88 1
89 2
90 2
91 1
92 1
93 1
94 3
95 5
96 3
97 1
98 3
99 0
100 1
101 2
102 1
103 1
104 3
105 4
106 2
107 1
108 2
109 1
110 0
111 1
112 1
113 1
114 3
115 1
116 0
117 0
118 2
119 1
120 1
121 2
122 2
123 4
124 3
125 1
126 0
127 3
128 0
129 0
130 3
131 0
132 1
133 3
134 2
135 2
136 1
137 3
138 1
139 1
140 0
141 1
142 3
143 2
144 0
145 3
146 0
147 2
148 0
149 1
150 1
151 3
152 0
153 1
154 2
155 0
156 2
157 2
158 1
159 2
160 0
161 1
162 2
163 1
164 1
165 3
166 1
167 1
168 1
169 2
170 0
171 0
172 1
173 1
174 3
175 1
176 0
177 0
178 0
179 0
180 1
181 2
182 0
183 0
184 1
185 1
186 3
187 1
188 2
189 2
190 0
191 0
192 2
193 2
194 1
195 2
196 2
197 3
198 3
199 0
200 1
201 2
202 0
203 1
204 0
205 1
206 1
207 2
208 2
209 2
210 2
211 3
212 3
213 0
214 2
215 4
216 1
217 3
218 1
219 0
220 2
221 0
222 0
223 1
224 1
225 2
226 3
227 1
228 2
229 2
230 0
231 0
232 2
233 0
234 0
235 3
236 3
237 1
238 4
239 3
240 1
241 1
242 2
243 3
244 3
245 3
246 0
247 3
248 2
249 1
250 0
251 1
252 2
253 1
254 3
255 1
256 5
257 5
258 2
259 0
260 0
261 1
262 3
263 0
264 2
265 4
266 2
267 1
268 3
269 0
270 4
271 4
272 2
273 1
274 2
275 2
276 1
277 1
278 3
279 3
280 2
281 0
282 1
283 3
284 3
285 4
286 4
287 3
288 2
289 1
290 1
291 3
292 1
293 2
294 3
295 4
296 5
297 4
298 3
299 4
300 2
301 3
302 5
303 4
304 3
305 1
306 1
307 2
308 3
309 0
310 2
311 3
312 2
313 2
314 3
315 1
316 4
317 1
318 2
319 1
320 0
321 2
322 0
323 1
324 1
325 5
326 2
327 2
328 3
329 0
330 1
331 1
332 0
333 0
334 2
335 3
336 2
337 3
338 2
339 1
340 0
341 2
342 0
343 0
344 1
345 0
346 1
347 1
348 2
349 1
350 2
351 1
352 2
353 1
354 1
355 0
356 0
357 1
358 2
359 0
360 3
361 1
362 2
363 1
364 1
365 2
366 1
367 2
368 3
369 0
370 0
371 0
372 1
373 1
374 3
375 4
376 2
377 2
378 0
379 3
380 0
381 1
382 2
383 1
384 1
385 1
386 4
387 3
388 0
389 3
390 3
391 0
392 1
393 2
394 2
395 0
396 3
397 2
398 3
399 1
400 2
401 2
402 2
403 2
404 0
405 1
406 1
407 0
408 4
409 2
410 1
411 2
412 0
413 2
414 1
415 3
416 2
417 3
418 1
419 2
420 1
421 4
422 5
423 4
424 1
425 1
426 2
427 2
428 1
429 3
430 3
431 0
432 1
433 1
434 5
435 3
436 1
437 0
438 2
439 3
440 3
441 0
442 1
443 1
444 2
445 0
446 0
447 1
448 2
449 1
450 3
451 0
452 1
453 1
454 0
455 1
456 4
457 2
458 2
459 1
460 2
461 4
462 2
463 3
464 0
465 1
466 1
467 2
468 3
469 0
470 1
471 0
472 1
473 0
474 2
475 2
476 2
477 2
478 0
479 0
480 4
481 1
482 0
483 0
484 0
485 2
486 2
487 2
488 2
489 1
490 1
491 1
492 2
493 0
494 2
495 1
496 3
497 0
498 3
499 3
500 1
501 3
502 1
503 1
504 1
505 1
506 0
507 2
508 0
509 4
510 3
511 0
512 2
513 0
514 2
515 0
516 3
517 3
518 3
519 1
520 1
521 1
522 0
523 0
524 1
525 1
526 2
527 3
528 2
529 3
530 1
531 3
532 1
533 1
534 2
535 2
536 2
537 2
538 0
539 2
540 0
541 1
542 1
543 3
544 2
545 2
546 1
547 4
548 2
549 3
550 1
551 0
552 1
553 2
554 2
555 1
556 1
557 3
558 3
559 4
560 2
561 0
562 0
563 2
564 3
565 1
566 4
567 3
568 2
569 2
570 0
571 4
572 5
573 2
574 4
575 2
576 4
577 5
578 2
579 1
580 3
581 2
582 3
583 2
584 4
585 2
586 1
587 3
588 3
589 2
590 1
591 2
592 0
593 2
594 1
595 0
596 0
597 3
598 3
599 1
600 3
601 2
602 1
603 1
604 1
605 0
606 0
607 1
608 2
609 1
610 0
611 2
612 1
613 3
614 1
615 1
616 4
617 1
618 0
619 1
620 0
621 0
622 1
623 3
624 2
625 0
626 1
627 1
628 2
629 1
630 0
631 2
632 4
633 6
634 6
635 3
636 1
637 2
638 3
639 2
640 1
641 0
642 1
643 2
644 1
645 3
646 1
647 0
648 1
649 1
650 1
651 4
652 3
653 3
654 1
655 3
656 3
657 0
658 2
659 0
660 1
661 2
662 0
663 0
664 0
665 2
666 1
667 0
668 1
669 1
670 2
671 1
672 0
673 2
674 3
675 3
676 6
677 4
678 3
679 4
680 4
681 3
682 0
683 1
684 4
685 2
686 0
687 0
688 2
689 0
690 4
691 1
692 1
693 0
694 1
695 0
696 2
697 2
698 1
699 4
700 3
701 2
702 2
703 1
704 1
705 2
706 2
707 2
708 0
709 1
710 2
711 3
712 2
713 2
714 2
715 3
716 1
717 1
718 3
719 1
720 3
721 2
722 0
723 0
724 0
725 0
726 2
727 2
728 2
729 0
730 3
731 3
732 2
733 1
734 1
735 3
736 1
737 1
738 0
739 3
740 1
741 0
742 1
743 2
744 5
745 2
746 2
747 1
748 2
749 1
750 2
751 1
752 2
753 0
754 2
755 1
756 0
757 0
758 0
759 2
760 2
761 1
762 0
763 2
764 0
765 2
766 1
767 2
768 0
769 0
770 1
771 1
772 2
773 2
774 3
775 1
776 2
777 1
778 3
779 1
780 4
781 3
782 2
783 1
784 0
785 1
786 1
787 2
788 0
789 2
790 1
791 1
792 1
793 3
794 2
795 2
796 1
797 2
798 1
799 2
800 2
801 1
802 1
803 1
804 3
805 3
806 1
807 4
808 2
809 1
810 4
811 2
812 0
813 1
814 2
815 3
816 3
817 1
818 1
819 3
820 1
821 1
822 1
823 0
824 1
825 2
826 2
827 0
828 4
829 2
830 3
831 2
832 1
833 2
834 4
835 3
836 1
837 1
838 1
839 0
840 0
841 0
842 0
843 2
844 1
845 2
846 1
847 1
848 3
849 0
850 0
851 2
852 1
853 1
854 1
855 2
856 1
857 2
858 1
859 2
860 0
861 2
862 0
863 1
864 2
865 2
866 2
867 2
868 2
869 1
870 3
871 2
872 2
873 1
874 1
875 1
876 2
877 1
878 3
879 0
880 3
881 3
882 4
883 5
884 3
885 2
886 3
887 2
888 1
889 2
890 2
891 0
892 1
893 1
894 1
895 2
896 2
897 2
898 2
899 0
900 0
901 1
902 3
903 1
904 3
905 2
906 2
907 1
908 0
909 3
910 3
911 3
912 2
913 3
914 2
915 2
916 1
917 0
918 3
919 1
920 1
921 1
922 4
923 3
924 3
925 1
926 3
927 3
928 2
929 0
930 1
931 3
932 2
933 2
934 1
935 0
936 0
937 2
938 1
939 1
940 4
941 1
942 4
943 1
944 0
945 0
946 2
947 2
948 1
949 0
950 3
951 2
952 0
953 2
954 3
955 3
956 1
957 3
958 0
959 2
960 1
961 0
962 0
963 1
964 1
965 0
966 2
967 2
968 2
969 2
970 1
971 0
972 4
973 4
974 3
975 2
976 4
977 3
978 1
979 2
980 1
981 0
982 0
983 4
984 2
985 2
986 1
987 1
988 0
989 5
990 2
991 0
992 4
993 3
994 1
995 0
996 1
997 2
998 3
999 2
1000 3
1001 0
1002 2
1003 3
1004 2
1005 1
1006 3
1007 1
1008 3
1009 2
1010 1
1011 0
1012 2
1013 1
1014 1
1015 2
1016 2
1017 0
1018 4
1019 1
1020 0
1021 0
1022 1
1023 2
1024 2
1025 2
1026 1
1027 1
1028 1
1029 2
1030 4
1031 2
1032 1
1033 3
1034 1
1035 3
1036 2
1037 2
1038 2
1039 2
1040 1
1041 1
1042 4
1043 2
1044 1
1045 3
1046 4
1047 1
1048 2
1049 2
1050 1
1051 2
1052 1
1053 3
1054 0
1055 2
1056 2
1057 2
1058 2
1059 1
1060 2
1061 0
1062 0
1063 1
1064 3
1065 1
1066 2
1067 2
1068 0
1069 1
1070 1
1071 3
1072 3
1073 0
1074 2
1075 0
1076 0
1077 3
1078 3
1079 1
1080 1
1081 1
1082 1
1083 1
1084 0
1085 1
1086 2
1087 2
1088 1
1089 0
1090 2
1091 1
1092 1
1093 3
1094 1
1095 3
1096 2
1097 0
1098 1
1099 0
1100 2
1101 3
1102 1
1103 2
1104 2
1105 4
1106 2
1107 2
1108 2
1109 1
1110 3
1111 1
1112 0
1113 2
1114 2
1115 3
1116 0
1117 1
1118 1
1119 0
1120 1
1121 3
1122 5
1123 5
1124 3
1125 1
1126 0
1127 1
1128 1
1129 3
1130 0
1131 0
1132 1
1133 0
1134 2
1135 1
1136 2
1137 2
1138 1
1139 1
1140 0
1141 0
1142 1
1143 1
1144 0
1145 0
1146 1
1147 1
1148 2
1149 1
1150 1
1151 2
1152 1
1153 1
1154 1
1155 1
1156 2
1157 0
1158 1
1159 2
1160 1
1161 2
1162 1
1163 2
1164 0
1165 1
1166 2
1167 2
1168 3
1169 1
1170 2
1171 1
1172 2
1173 3
1174 0
1175 1
1176 0
1177 0
1178 1
1179 4
1180 2
1181 3
1182 1
1183 2
1184 1
1185 3
1186 0
1187 1
1188 1
1189 3
1190 1
1191 1
1192 1
1193 3
1194 2
1195 3
1196 3
1197 1
1198 1
1199 2
1200 4
1201 3
1202 0
1203 2
1204 1
1205 0
1206 0
1207 2
1208 3
1209 3
1210 0
1211 2
1212 3
1213 1
1214 1
1215 0
1216 0
1217 2
1218 0
1219 2
1220 3
1221 0
1222 2
1223 1
1224 1
1225 0
1226 2
1227 3
1228 2
1229 3
1230 0
1231 0
1232 1
1233 2
1234 1
1235 0
1236 2
1237 0
1238 0
1239 1
1240 1
1241 1
1242 1
1243 1
1244 2
1245 4
1246 2
1247 1
1248 5
1249 3
1250 1
1251 2
1252 1
1253 1
1254 1
1255 1
1256 1
1257 2
1258 1
1259 3
1260 2
1261 0
1262 0
1263 1
1264 2
1265 2
1266 1
1267 0
1268 1
1269 1
1270 0
1271 1
1272 2
1273 1
1274 1
1275 1
1276 1
1277 3
1278 0
1279 1
1280 1
1281 1
1282 2
1283 1
1284 1
1285 1
1286 1
1287 1
1288 3
1289 2
1290 1
1291 1
1292 3
1293 2
1294 0
1295 1
1296 1
1297 0
1298 3
1299 1
1300 0
1301 2
1302 0
1303 3
1304 1
1305 1
1306 3
1307 2
1308 2
1309 0
1310 0
1311 2
1312 1
1313 0
1314 1
1315 1
1316 1
1317 4
1318 1
1319 1
1320 3
1321 0
1322 1
1323 1
1324 0
1325 0
1326 1
1327 2
1328 0
1329 1
1330 1
1331 1
1332 1
1333 2
1334 1
1335 2
1336 3
1337 3
1338 1
1339 1
1340 0
1341 1
1342 4
1343 3
1344 2
1345 2
1346 0
1347 2
1348 1
1349 1
1350 2
1351 0
1352 1
1353 1
1354 1
1355 2
1356 0
1357 1
1358 1
1359 1
1360 0
1361 0
1362 1
1363 3
1364 1
1365 3
1366 1
1367 0
1368 0
1369 1
1370 1
1371 1
1372 0
1373 2
1374 1
1375 2
1376 0
1377 2
1378 4
1379 5
1380 2
1381 1
1382 0
1383 0
1384 1
1385 2
1386 3
1387 1
1388 1
1389 0
1390 0
1391 1
1392 1
1393 0
1394 3
1395 3
1396 2
1397 1
1398 0
1399 2
1400 3
1401 4
1402 2
1403 3
1404 5
1405 5
1406 3
1407 3
1408 5
1409 3
1410 3
1411 1
1412 3
1413 2
1414 1
1415 3
1416 0
1417 3
1418 4
1419 2
1420 4
1421 3
1422 6
1423 7
1424 6
1425 6
1426 6
1427 5
1428 3
1429 3
1430 3
1431 3
1432 1
1433 1
1434 0
1435 1
1436 1
1437 2
1438 0
1439 3
1440 0
1441 2
1442 1
1443 3
1444 1
1445 0
1446 2
1447 3
1448 3
1449 8
1450 5
1451 4
1452 4
1453 3
1454 3
1455 3
1456 0
1457 3
1458 3
1459 3
1460 3
1461 2
1462 1
1463 0
1464 2
1465 2
1466 1
1467 0
1468 2
1469 3
1470 1
1471 0
1472 2
1473 4
1474 2
1475 0
1476 2
1477 4
1478 2
1479 1
1480 1
1481 0
1482 2
1483 2
1484 1
1485 2
1486 0
1487 1
1488 2
1489 2
1490 1
1491 2
1492 0
1493 3
1494 0
1495 0
1496 0
1497 3
1498 4
1499 5
1500 3
1501 3
1502 0
1503 2
1504 1
1505 1
1506 1
1507 0
1508 2
1509 0
1510 2
1511 3
1512 4
1513 1
1514 4
1515 2
1516 2
1517 1
1518 2
1519 1
1520 3
1521 2
1522 2
1523 1
1524 1
1525 0
1526 1
1527 0
1528 0
1529 1
1530 0
1531 2
1532 0
1533 1
1534 1
1535 0
1536 3
1537 2
1538 2
1539 1
1540 1
1541 2
1542 1
1543 5
1544 6
1545 4
1546 1
1547 0
1548 0
1549 2
1550 4
1551 3
1552 2
1553 1
1554 4
1555 3
1556 2
1557 0
1558 0
1559 2
1560 2
1561 2
1562 1
1563 0
1564 1
1565 4
1566 3
1567 4
1568 2
1569 2
1570 1
1571 1
1572 0
1573 1
1574 0
1575 1
1576 0
1577 1
1578 1
1579 1
1580 3
1581 2
1582 2
1583 4
1584 2
1585 1
1586 1
1587 0
1588 1
1589 1
1590 2
1591 1
1592 2
1593 2
1594 2
1595 3
1596 3
1597 3
1598 1
1599 0
1600 1
1601 0
1602 1
1603 1
1604 2
1605 1
1606 1
1607 1
1608 3
1609 1
1610 3
1611 4
1612 4
1613 2
1614 3
1615 1
1616 3
1617 4
1618 2
1619 2
1620 2
1621 3
1622 1
1623 2
1624 2
1625 2
1626 2
1627 2
1628 2
1629 1
1630 1
1631 1
1632 1
1633 1
1634 2
1635 2
1636 3
1637 2
1638 3
1639 5
1640 3
1641 1
1642 1
1643 1
1644 3
1645 3
1646 2
1647 4
1648 4
1649 5
1650 3
1651 3
1652 3
1653 1
1654 2
1655 0
1656 0
1657 0
1658 1
1659 1
1660 2
1661 3
1662 2
1663 2
1664 3
1665 1
1666 3
1667 0
1668 2
1669 2
1670 2
1671 2
1672 1
1673 2
1674 1
1675 1
1676 1
1677 2
1678 1
1679 3
1680 1
1681 1
1682 1
1683 0
1684 1
1685 1
1686 2
1687 1
1688 1
1689 2
1690 1
1691 2
1692 2
1693 1
1694 0
1695 1
1696 1
1697 3
1698 3
1699 3
1700 2
1701 2
1702 3
1703 3
1704 1
1705 1
1706 2
1707 2
1708 1
1709 1
1710 2
1711 0
1712 4
1713 3
1714 5
1715 2
1716 2
1717 2
1718 1
1719 0
1720 1
1721 4
1722 5
1723 3
1724 3
1725 0
1726 0
1727 3
1728 2
1729 1
1730 2
1731 2
1732 1
1733 2
1734 3
1735 0
1736 1
1737 4
1738 1
1739 0
1740 2
1741 3
1742 2
1743 2
1744 1
1745 1
1746 1
1747 2
1748 0
1749 1
1750 1
1751 2
1752 3
1753 1
1754 1
1755 1
1756 1
1757 0
1758 2
1759 1
1760 5
1761 5
1762 2
1763 1
1764 2
1765 3
1766 2
1767 2
1768 1
1769 0
1770 1
1771 1
1772 0
1773 2
1774 3
1775 2
1776 0
1777 3
1778 4
1779 2
1780 1
1781 1
1782 1
1783 0
1784 0
1785 0
1786 1
1787 2
1788 2
1789 2
1790 0
1791 1
1792 3
1793 6
1794 3
1795 1
1796 0
1797 2
1798 1
1799 4
1800 2
1801 2
1802 2
1803 0
1804 1
1805 2
1806 0
1807 2
1808 3
1809 0
1810 0
1811 2
1812 2
1813 2
1814 4
1815 3
1816 2
1817 0
1818 0
1819 0
1820 0
1821 1
1822 2
1823 1
1824 1
1825 2
1826 2
1827 2
1828 4
1829 3
1830 1
1831 3
1832 6
1833 5
1834 2
1835 1
1836 2
1837 1
1838 1
1839 1
1840 1
1841 4
1842 5
1843 4
1844 3
1845 0
1846 1
1847 2
1848 1
1849 2
1850 2
1851 3
1852 1
1853 1
1854 3
1855 0
1856 3
1857 0
1858 4
1859 1
1860 2
1861 0
1862 0
1863 1
1864 2
1865 1
1866 2
1867 2
1868 1
1869 1
1870 1
1871 1
1872 1
1873 1
1874 1
1875 3
1876 2
1877 1
1878 3
1879 0
1880 3
1881 1
1882 2
1883 0
1884 3
1885 2
1886 1
1887 2
1888 4
1889 4
1890 3
1891 3
1892 0
1893 1
1894 0
1895 2
1896 3
1897 1
1898 0
1899 2
1900 1
1901 0
1902 1
1903 3
1904 0
1905 1
1906 1
1907 4
1908 2
1909 1
1910 4
1911 3
1912 0
1913 1
1914 2
1915 2
1916 1
1917 1
1918 1
1919 4
1920 2
1921 1
1922 2
1923 1
1924 2
1925 1
1926 0
1927 0
1928 2
1929 2
1930 0
1931 1
1932 2
1933 1
1934 0
1935 2
1936 1
1937 0
1938 3
1939 3
1940 0
1941 1
1942 0
1943 3
1944 0
1945 3
1946 1
1947 1
1948 1
1949 3
1950 2
1951 2
1952 2
1953 0
1954 1
1955 0
1956 1
1957 1
1958 3
1959 1
1960 3
1961 1
1962 4
1963 1
1964 3
1965 1
1966 4
1967 3
1968 2
1969 4
1970 3
1971 2
1972 0
1973 1
1974 4
1975 1
1976 0
1977 0
1978 2
1979 2
1980 1
1981 2
1982 1
1983 1
1984 2
1985 3
1986 0
1987 1
1988 2
1989 1
1990 2
1991 1
1992 2
1993 2
1994 5
1995 3
1996 1
1997 4
1998 2
1999 1
2000 2
2001 1
2002 1
2003 2
2004 1
2005 1
2006 0
2007 1
2008 2
2009 0
2010 2
2011 1
2012 3
2013 1
2014 1
2015 2
2016 1
2017 0
2018 0
2019 1
2020 1
2021 1
2022 2
2023 0
2024 2
2025 1
2026 1
2027 2
2028 1
2029 3
2030 2
2031 1
2032 2
2033 2
2034 2
2035 0
2036 1
2037 4
2038 2
2039 4
2040 1
2041 2
2042 2
2043 1
2044 1
2045 2
2046 2
2047 3
2048 1
2049 0
2050 2
2051 0
2052 0
2053 3
2054 1
2055 3
2056 2
2057 0
2058 2
2059 1
2060 2
2061 4
2062 4
2063 4
2064 4
2065 3
2066 0
2067 2
2068 1
2069 1
2070 3
2071 2
2072 3
2073 0
2074 0
2075 3
2076 2
2077 1
2078 4
2079 3
2080 0
2081 3
2082 0
2083 2
2084 0
2085 0
2086 1
2087 1
2088 2
2089 1
2090 1
2091 2
2092 0
2093 2
2094 1
2095 0
2096 3
2097 1
2098 3
2099 1
2100 0
2101 2
2102 1
2103 0
2104 1
2105 5
2106 4
2107 2
2108 1
2109 1
2110 3
2111 0
2112 0
2113 2
2114 0
2115 0
2116 3
2117 3
2118 1
2119 1
2120 4
2121 1
2122 3
2123 0
2124 4
2125 3
2126 1
2127 1
2128 0
2129 2
2130 0
2131 1
2132 2
2133 1
2134 1
2135 1
2136 2
2137 3
2138 2
2139 0
2140 3
2141 0
2142 1
2143 1
2144 1
2145 3
2146 2
2147 0
2148 2
2149 1
2150 4
2151 3
2152 1
2153 2
2154 1
2155 4
2156 2
2157 1
2158 2
2159 2
2160 2
2161 2
2162 2
2163 2
2164 1
2165 3
2166 2
2167 0
2168 3
2169 3
2170 0
2171 1
2172 0
2173 2
2174 1
2175 4
2176 1
2177 1
2178 1
2179 2
2180 1
2181 0
2182 2
2183 1
2184 1
2185 3
2186 2
2187 1
2188 4
2189 2
2190 0
2191 1
2192 1
2193 0
2194 2
2195 2
2196 2
2197 4
2198 2
2199 1
2200 2
2201 2
2202 5
2203 4
2204 2
2205 2
2206 0
2207 1
2208 0
2209 1
2210 1
2211 2
2212 1
2213 0
2214 1
2215 1
2216 3
2217 0
2218 3
2219 0
2220 4
2221 1
2222 0
2223 2
2224 0
2225 0
2226 1
2227 3
2228 1
2229 1
2230 2
2231 3
2232 0
2233 1
2234 2
2235 4
2236 2
2237 2
2238 2
2239 1
2240 0
2241 1
2242 1
2243 4
2244 4
2245 2
2246 1
2247 0
2248 0
2249 3
2250 2
2251 0
2252 0
2253 1
2254 0
2255 3
2256 0
2257 2
2258 3
2259 1
2260 2
2261 2
2262 2
2263 2
2264 3
2265 0
2266 3
2267 1
2268 2
2269 0
2270 3
2271 3
2272 1
2273 3
2274 2
2275 4
2276 3
2277 1
2278 3
2279 3
2280 3
2281 1
2282 1
2283 1
2284 3
2285 1
2286 1
2287 3
2288 0
2289 1
2290 2
2291 2
2292 2
2293 0
2294 1
2295 1
2296 3
2297 3
2298 1
2299 1
2300 3
2301 3
2302 1
2303 0
2304 0
2305 1
2306 1
2307 2
2308 1
2309 3
2310 2
2311 3
2312 1
2313 1
2314 0
2315 3
2316 0
2317 2
2318 2
2319 3
2320 3
2321 1
2322 2
2323 0
2324 1
2325 1
2326 2
2327 0
2328 1
2329 1
2330 1
2331 1
2332 3
2333 0
2334 2
2335 1
2336 1
2337 2
2338 0
2339 3
2340 0
2341 2
2342 2
2343 2
2344 1
2345 3
2346 3
2347 0
2348 2
2349 3
2350 1
2351 1
2352 3
2353 4
2354 2
2355 1
2356 0
2357 3
2358 4
2359 1
2360 0
2361 2
2362 2
2363 1
2364 0
2365 0
2366 0
2367 2
2368 1
2369 1
2370 1
2371 2
2372 1
2373 1
2374 3
2375 0
2376 1
2377 3
2378 2
2379 1
2380 1
2381 0
2382 0
2383 1
2384 3
2385 1
2386 0
2387 4
2388 4
2389 2
2390 0
2391 0
2392 3
2393 3
2394 1
2395 2
2396 5
2397 4
2398 3
2399 1
2400 0
2401 0
2402 4
2403 3
2404 1
2405 3
2406 0
2407 1
2408 0
2409 1
2410 1
2411 5
2412 4
2413 1
2414 1
2415 2
2416 2
2417 1
2418 3
2419 0
2420 1
2421 3
2422 0
2423 2
2424 0
2425 2
2426 2
2427 0
2428 2
2429 4
2430 2
2431 3
2432 3
2433 1
2434 2
2435 2
2436 1
2437 1
2438 1
2439 1
2440 2
2441 1
2442 1
2443 3
2444 4
2445 4
2446 4
2447 2
2448 0
2449 3
2450 1
2451 2
2452 2
2453 1
2454 3
2455 3
2456 3
2457 1
2458 2
2459 0
2460 3
2461 2
2462 2
2463 0
2464 0
2465 3
2466 2
2467 3
2468 1
2469 1
2470 0
2471 2
2472 0
2473 1
2474 4
2475 1
2476 1
2477 1
2478 0
2479 4
2480 3
2481 1
2482 1
2483 1
2484 2
2485 2
2486 0
2487 1
2488 2
2489 0
2490 2
2491 1
2492 2
2493 0
2494 1
2495 1
2496 1
2497 2
2498 2
2499 1
2500 1
2501 2
2502 3
2503 3
2504 0
2505 2
2506 1
2507 3
2508 3
2509 1
2510 4
2511 5
2512 6
2513 6
2514 3
2515 1
2516 1
2517 2
2518 1
2519 1
2520 2
2521 2
2522 1
2523 2
2524 0
2525 0
2526 0
2527 1
2528 0
2529 1
2530 1
2531 0
2532 1
2533 1
2534 2
2535 2
2536 1
2537 2
2538 1
2539 3
2540 0
2541 0
2542 3
2543 1
2544 3
2545 1
2546 2
2547 0
2548 1
2549 1
2550 1
2551 0
2552 3
2553 3
2554 1
2555 1
2556 1
2557 1
2558 3
2559 1
2560 3
2561 2
2562 2
2563 2
2564 3
2565 3
2566 0
2567 4
2568 2
2569 1
2570 2
2571 0
2572 0
2573 0
2574 1
2575 1
2576 0
2577 0
2578 1
2579 1
2580 1
2581 1
2582 3
2583 1
2584 1
2585 0
2586 1
2587 3
2588 0
2589 2
2590 3
2591 1
2592 3
2593 2
2594 2
2595 3
2596 3
2597 1
2598 2
2599 2
2600 0
2601 3
2602 0
2603 1
2604 1
2605 0
2606 1
2607 1
2608 2
2609 1
2610 0
2611 1
2612 0
2613 2
2614 0
2615 1
2616 3
2617 1
2618 1
2619 4
2620 3
2621 1
2622 0
2623 1
2624 2
2625 4
2626 6
2627 5
2628 4
2629 3
2630 1
2631 2
2632 1
2633 2
2634 0
2635 1
2636 2
2637 0
2638 2
2639 2
2640 4
2641 3
2642 0
2643 1
2644 1
2645 0
2646 0
2647 1
2648 0
2649 2
2650 2
2651 3
2652 4
2653 3
2654 3
2655 1
2656 0
2657 4
2658 2
2659 3
2660 1
2661 3
2662 1
2663 2
2664 1
2665 1
2666 1
2667 1
2668 3
2669 2
2670 1
2671 1
2672 2
2673 4
2674 6
2675 5
2676 6
2677 4
2678 2
2679 3
2680 1
2681 2
2682 1
2683 1
2684 3
2685 2
2686 2
2687 4
2688 3
2689 1
2690 1
2691 3
2692 1
2693 4
2694 3
2695 0
2696 1
2697 4
2698 5
2699 4
2700 3
2701 1
2702 0
2703 2
2704 3
2705 2
2706 3
2707 2
2708 2
2709 2
2710 3
2711 1
2712 1
2713 0
2714 0
2715 4
2716 4
2717 4
2718 1
2719 1
2720 1
2721 3
2722 0
2723 2
2724 1
2725 2
2726 2
2727 1
2728 3
2729 2
2730 4
2731 3
2732 2
2733 1
2734 2
2735 1
2736 1
2737 1
2738 2
2739 1
2740 2
2741 1
2742 1
2743 3
2744 1
2745 0
2746 2
2747 3
2748 1
2749 2
2750 4
2751 4
2752 1
2753 1
2754 0
2755 2
2756 1
2757 1
2758 1
2759 0
2760 2
2761 1
2762 0
2763 2
2764 2
2765 1
2766 1
2767 3
2768 0
2769 2
2770 2
2771 1
2772 2
2773 1
2774 1
2775 1
2776 0
2777 5
2778 5
2779 5
2780 3
2781 3
2782 0
2783 2
2784 2
2785 1
2786 1
2787 0
2788 2
2789 0
2790 1
2791 2
2792 4
2793 3
2794 2
2795 1
2796 0
2797 1
2798 4
2799 3
2800 2
2801 1
2802 3
2803 1
2804 1
2805 2
2806 2
2807 2
2808 3
2809 1
2810 1
2811 0
2812 3
2813 1
2814 3
2815 0
2816 1
2817 3
2818 2
2819 0
2820 1
2821 4
2822 2
2823 2
2824 3
2825 3
2826 1
2827 2
2828 1
2829 2
2830 2
2831 0
2832 3
2833 0
2834 0
2835 0
2836 1
2837 1
2838 0
2839 0
2840 1
2841 2
2842 2
2843 3
2844 3
2845 0
2846 2
2847 3
2848 3
2849 2
2850 2
2851 1
2852 2
2853 4
2854 3
2855 0
2856 1
2857 2
2858 0
2859 0
2860 2
2861 2
2862 3
2863 3
2864 1
2865 2
2866 2
2867 1
2868 1
2869 1
2870 3
2871 1
2872 2
2873 0
2874 2
2875 2
2876 1
2877 2
2878 1
2879 1
2880 0
2881 4
2882 2
2883 4
2884 2
2885 0
2886 2
2887 1
2888 2
2889 2
2890 1
2891 3
2892 1
2893 2
2894 1
2895 2
2896 4
2897 6
2898 6
2899 6
2900 4
2901 4
2902 2
2903 3
2904 2
2905 1
2906 0
2907 0
2908 0
2909 4
2910 2
2911 1
2912 1
2913 1
2914 3
2915 1
2916 0
2917 0
2918 3
2919 2
2920 1
2921 2
2922 2
2923 3
2924 0
2925 0
2926 3
2927 1
2928 0
2929 3
2930 3
2931 1
2932 3
2933 0
2934 1
2935 1
2936 1
2937 2
2938 4
2939 1
2940 1
2941 1
2942 0
2943 3
2944 3
2945 1
2946 1
2947 1
2948 1
2949 1
2950 2
2951 1
2952 3
2953 1
2954 1
2955 0
2956 0
2957 1
2958 1
2959 3
2960 1
2961 0
2962 3
2963 0
2964 3
2965 0
2966 1
2967 1
2968 2
2969 1
2970 1
2971 3
2972 2
2973 1
2974 1
2975 3
2976 4
2977 6
2978 4
2979 3
2980 1
2981 1
2982 3
2983 2
2984 5
2985 8
2986 6
2987 4
2988 2
2989 1
2990 4
2991 2
2992 1
2993 0
2994 2
2995 2
2996 3
2997 1
2998 1
2999 1
3000 4
3001 5
3002 5
3003 5
3004 4
3005 3
3006 3
3007 3
3008 1
3009 4
3010 3
3011 1
3012 1
3013 1
3014 0
3015 0
3016 4
3017 3
3018 2
3019 2
3020 4
3021 1
3022 3
3023 1
3024 1
3025 1
3026 2
3027 1
3028 2
3029 2
3030 0
3031 3
3032 1
3033 3
3034 1
3035 3
3036 0
3037 2
3038 1
3039 0
3040 1
3041 1
3042 2
3043 5
3044 3
3045 1
3046 0
3047 0
3048 1
3049 2
3050 2
3051 3
3052 1
3053 0
3054 2
3055 3
3056 2
3057 2
3058 0
3059 1
3060 2
3061 1
3062 3
3063 1
3064 2
3065 0
3066 0
3067 1
3068 4
3069 2
3070 2
3071 1
3072 2
3073 0
3074 0
3075 1
3076 2
3077 3
3078 1
3079 0
3080 0
3081 1
3082 1
3083 1
3084 1
3085 0
3086 0
3087 3
3088 1
3089 3
3090 1
3091 3
3092 1
3093 1
3094 2
3095 1
3096 1
3097 2
3098 2
3099 0
3100 0
3101 2
3102 4
3103 4
3104 3
3105 0
3106 3
3107 2
3108 0
3109 2
3110 2
3111 2
3112 3
3113 1
3114 0
3115 2
3116 2
3117 0
3118 4
3119 4
3120 3
3121 1
3122 3
3123 4
3124 1
3125 1
3126 1
3127 0
3128 1
3129 0
3130 2
3131 3
3132 1
3133 1
3134 0
3135 0
3136 1
3137 0
3138 1
3139 2
3140 1
3141 0
3142 1
3143 2
3144 3
3145 3
3146 1
3147 2
3148 0
3149 2
3150 2
3151 2
3152 4
3153 2
3154 4
3155 3
3156 1
3157 0
3158 2
3159 1
3160 0
3161 1
3162 0
3163 1
3164 4
3165 4
3166 3
3167 2
3168 2
3169 2
3170 0
3171 0
3172 1
3173 4
3174 4
3175 3
3176 3
3177 2
3178 2
3179 0
3180 2
3181 3
3182 3
3183 2
3184 0
3185 1
3186 1
3187 3
3188 1
3189 0
3190 0
3191 2
3192 2
3193 3
3194 3
3195 1
3196 1
3197 2
3198 1
3199 4
3200 4
3201 2
3202 3
3203 0
3204 1
3205 3
3206 1
3207 2
3208 2
3209 2
3210 1
3211 2
3212 4
3213 1
3214 4
3215 3
3216 0
3217 2
3218 3
3219 1
3220 2
3221 1
3222 1
3223 1
3224 1
3225 1
3226 3
3227 2
3228 2
3229 2
3230 1
3231 3
3232 0
3233 3
3234 1
3235 1
3236 1
3237 2
3238 0
3239 1
3240 2
3241 2
3242 1
3243 2
3244 4
3245 4
3246 4
3247 5
3248 4
3249 1
3250 2
3251 0
3252 0
3253 3
3254 1
3255 1
3256 2
3257 3
3258 0
3259 1
3260 3
3261 2
3262 2
3263 1
3264 1
3265 1
3266 2
3267 2
3268 3
3269 1
3270 3
3271 1
3272 0
3273 1
3274 1
3275 0
3276 2
3277 1
3278 1
3279 2
3280 0
3281 2
3282 2
3283 0
3284 0
3285 2
3286 1
3287 1
3288 2
3289 1
3290 2
3291 1
3292 3
3293 3
3294 4
3295 5
3296 5
3297 6
3298 7
3299 9
3300 6
3301 4
3302 3
3303 1
3304 1
3305 0
3306 0
3307 1
3308 0
3309 1
3310 1
3311 3
3312 3
3313 2
3314 1
3315 1
3316 0
3317 3
3318 2
3319 1
3320 2
3321 1
3322 3
3323 3
3324 3
3325 3
3326 3
3327 2
3328 0
3329 1
3330 0
3331 4
3332 1
3333 3
3334 3
3335 4
3336 2
3337 3
3338 1
3339 2
3340 1
3341 1
3342 2
3343 0
3344 2
3345 3
3346 0
3347 1
3348 1
3349 2
3350 2
3351 2
3352 0
3353 1
3354 1
3355 0
3356 1
3357 0
3358 2
3359 1
3360 2
3361 2
3362 2
3363 2
3364 1
3365 1
3366 0
3367 1
3368 3
3369 3
3370 0
3371 0
3372 3
3373 2
3374 1
3375 1
3376 1
3377 2
3378 1
3379 3
3380 3
3381 1
3382 2
3383 2
3384 3
3385 0
3386 0
3387 1
3388 0
3389 2
3390 1
3391 0
3392 0
3393 0
3394 1
3395 2
3396 0
3397 1
3398 1
3399 3
3400 1
3401 2
3402 0
3403 1
3404 2
3405 4
3406 3
3407 1
3408 0
3409 2
3410 2
3411 1
3412 3
3413 4
3414 3
3415 0
3416 2
3417 1
3418 2
3419 1
3420 4
3421 2
3422 1
3423 0
3424 2
3425 1
3426 2
3427 0
3428 1
3429 1
3430 2
3431 0
3432 1
3433 2
3434 2
3435 2
3436 0
3437 2
3438 1
3439 1
3440 0
3441 2
3442 0
3443 1
3444 2
3445 0
3446 1
3447 1
3448 0
3449 2
3450 0
3451 2
3452 2
3453 0
3454 4
3455 3
3456 2
3457 0
3458 0
3459 4
3460 4
3461 2
3462 2
3463 0
3464 1
3465 1
3466 0
3467 1
3468 1
3469 2
3470 2
3471 0
3472 2
3473 1
3474 0
3475 0
3476 2
3477 0
3478 0
3479 2
3480 0
3481 2
3482 0
3483 0
3484 2
3485 2
3486 2
3487 2
3488 4
3489 3
3490 3
3491 2
3492 1
3493 2
3494 1
3495 2
3496 2
3497 0
3498 3
3499 1
3500 1
3501 3
3502 1
3503 2
3504 2
3505 0
3506 1
3507 3
3508 1
3509 0
3510 2
3511 1
3512 0
3513 5
3514 5
3515 2
3516 1
3517 3
3518 2
3519 3
3520 3
3521 2
3522 4
3523 3
3524 3
3525 4
3526 2
3527 0
3528 2
3529 0
3530 1
3531 1
3532 0
3533 0
3534 2
3535 0
3536 3
3537 0
3538 0
3539 1
3540 2
3541 1
3542 1
3543 1
3544 0
3545 1
3546 1
3547 1
3548 2
3549 0
3550 1
3551 2
3552 1
3553 2
3554 2
3555 0
3556 2
3557 0
3558 2
3559 2
3560 2
3561 1
3562 3
3563 4
3564 1
3565 2
3566 1
3567 3
3568 1
3569 1
3570 4
3571 2
3572 1
3573 1
3574 1
3575 1
3576 3
3577 0
3578 1
3579 2
3580 2
3581 0
3582 3
3583 2
3584 2
3585 3
3586 5
3587 4
3588 4
3589 1
3590 1
3591 2
3592 1
3593 1
3594 2
3595 2
3596 0
3597 2
3598 2
3599 2
3600 3
3601 0
3602 3
3603 2
3604 1
3605 1
3606 2
3607 2
3608 1
3609 0
3610 1
3611 2
3612 4
3613 2
3614 1
3615 1
3616 1
3617 0
3618 2
3619 2
3620 1
3621 3
3622 0
3623 1
3624 0
3625 1
3626 3
3627 3
3628 0
3629 2
3630 1
3631 2
3632 2
3633 4
3634 5
3635 3
3636 1
3637 1
3638 1
3639 2
3640 2
3641 2
3642 3
3643 2
3644 0
3645 1
3646 2
3647 2
3648 1
3649 2
3650 1
3651 1
3652 3
3653 1
3654 2
3655 0
3656 1
3657 1
3658 5
3659 3
3660 1
3661 1
3662 0
3663 0
3664 3
3665 0
3666 0
3667 1
3668 1
3669 0
3670 3
3671 1
3672 3
3673 4
3674 2
3675 2
3676 2
3677 1
3678 5
3679 4
3680 4
3681 1
3682 3
3683 2
3684 0
3685 1
3686 1
3687 0
3688 3
3689 2
3690 1
3691 4
3692 2
3693 2
3694 3
3695 1
3696 1
3697 1
3698 1
3699 1
3700 2
3701 2
3702 1
3703 4
3704 4
3705 1
3706 1
3707 0
3708 1
3709 2
3710 1
3711 1
3712 4
3713 4
3714 3
3715 2
3716 2
3717 3
3718 3
3719 3
3720 2
3721 1
3722 1
3723 0
3724 3
3725 2
3726 4
3727 1
3728 3
3729 3
3730 3
3731 1
3732 1
3733 1
3734 0
3735 0
3736 1
3737 2
3738 0
3739 1
3740 3
3741 3
3742 1
3743 1
3744 2
3745 2
3746 0
3747 1
3748 2
3749 2
3750 1
3751 0
3752 1
3753 1
3754 1
3755 2
3756 0
3757 1
3758 0
3759 1
3760 2
3761 2
3762 3
3763 3
3764 2
3765 0
3766 1
3767 1
3768 0
3769 1
3770 2
3771 0
3772 0
3773 0
3774 2
3775 2
3776 2
3777 2
3778 1
3779 0
3780 1
3781 0
3782 1
3783 2
3784 0
3785 3
3786 4
3787 4
3788 2
3789 4
3790 2
3791 1
3792 4
3793 2
3794 3
3795 0
3796 2
3797 1
3798 0
3799 1
3800 1
3801 4
3802 3
3803 0
3804 2
3805 3
3806 2
3807 3
3808 3
3809 3
3810 2
3811 1
3812 4
3813 2
3814 1
3815 1
3816 4
3817 3
3818 3
3819 1
3820 1
3821 3
3822 4
3823 2
3824 2
3825 3
3826 5
3827 2
3828 1
3829 2
3830 1
3831 0
3832 2
3833 1
3834 1
3835 2
3836 4
3837 3
3838 1
3839 1
3840 2
3841 1
3842 2
3843 2
3844 1
3845 1
3846 1
3847 4
3848 2
3849 1
3850 3
3851 1
3852 2
3853 1
3854 3
3855 1
3856 1
3857 1
3858 2
3859 3
3860 1
3861 1
3862 1
3863 2
3864 2
3865 1
3866 3
3867 3
3868 1
3869 3
3870 0
3871 0
3872 1
3873 1
3874 3
3875 2
3876 1
3877 0
3878 1
3879 0
3880 0
3881 3
3882 1
3883 4
3884 4
3885 2
3886 2
3887 3
3888 2
3889 2
3890 3
3891 1
3892 0
3893 0
3894 1
3895 3
3896 3
3897 1
3898 2
3899 3
3900 2
3901 0
3902 1
3903 3
3904 2
3905 3
3906 2
3907 0
3908 4
3909 4
3910 3
3911 1
3912 1
3913 2
3914 4
3915 6
3916 7
3917 8
3918 6
3919 7
3920 6
3921 3
3922 0
3923 2
3924 0
3925 2
3926 3
3927 0
3928 1
3929 1
3930 1
3931 1
3932 1
3933 0
3934 1
3935 3
3936 1
3937 2
3938 1
3939 2
3940 2
3941 3
3942 4
3943 1
3944 3
3945 0
3946 2
3947 0
3948 0
3949 1
3950 1
3951 2
3952 3
3953 5
3954 3
3955 4
3956 2
3957 1
3958 1
3959 3
3960 1
3961 2
3962 1
3963 3
3964 0
3965 0
3966 0
3967 1
3968 1
3969 2
3970 3
3971 3
3972 5
3973 6
3974 5
3975 3
3976 2
3977 2
3978 2
3979 1
3980 1
3981 2
3982 0
3983 3
3984 0
3985 1
3986 3
3987 0
3988 0
3989 0
3990 2
3991 0
3992 2
3993 3
3994 2
3995 2
3996 2
3997 1
3998 2
3999 1
4000 0
4001 3
4002 0
4003 1
4004 1
4005 0
4006 1
4007 2
4008 0
4009 1
4010 2
4011 2
4012 0
4013 1
4014 3
4015 1
4016 0
4017 2
4018 0
4019 2
4020 1
4021 1
4022 0
4023 2
4024 2
4025 3
4026 1
4027 0
4028 1
4029 4
4030 1
4031 4
4032 4
4033 3
4034 0
4035 2
4036 0
4037 0
4038 4
4039 4
4040 3
4041 1
4042 1
4043 3
4044 4
4045 3
4046 3
4047 1
4048 1
4049 1
4050 3
4051 1
4052 1
4053 0
4054 2
4055 3
4056 1
4057 1
4058 1
4059 2
4060 3
4061 2
4062 0
4063 3
4064 0
4065 3
4066 2
4067 3
4068 2
4069 4
4070 5
4071 4
4072 4
4073 1
4074 3
4075 4
4076 3
4077 3
4078 1
4079 3
4080 1
4081 1
4082 1
4083 0
4084 0
4085 5
4086 5
4087 3
4088 2
4089 1
4090 4
4091 4
4092 3
4093 3
4094 3
4095 1
4096 1
4097 0
4098 1
4099 2
4100 2
4101 1
4102 0
4103 1
4104 2
4105 0
4106 1
4107 2
4108 1
4109 3
4110 0
4111 1
4112 1
4113 1
4114 1
4115 1
4116 1
4117 2
4118 0
4119 3
4120 1
4121 2
4122 1
4123 3
4124 2
4125 2
4126 0
4127 1
4128 2
4129 1
4130 4
4131 3
4132 4
4133 3
4134 5
4135 6
4136 4
4137 1
4138 1
4139 2
4140 3
4141 1
4142 2
4143 0
4144 2
4145 2
4146 0
4147 3
4148 2
4149 1
4150 2
4151 4
4152 3
4153 4
4154 2
4155 2
4156 4
4157 4
4158 2
4159 3
4160 1
4161 0
4162 3
4163 3
4164 1
4165 3
4166 4
4167 2
4168 2
4169 3
4170 2
4171 3
4172 3
4173 1
4174 3
4175 0
4176 3
4177 2
4178 0
4179 2
4180 1
4181 1
4182 1
4183 1
4184 2
4185 0
4186 2
4187 2
4188 2
4189 2
4190 2
4191 0
4192 3
4193 1
4194 2
4195 3
4196 0
4197 1
4198 0
4199 1
4200 0
4201 0
4202 1
4203 2
4204 2
4205 2
4206 1
4207 0
4208 2
4209 2
4210 0
4211 2
4212 0
4213 1
4214 1
4215 3
4216 3
4217 0
4218 2
4219 0
4220 1
4221 1
4222 3
4223 2
4224 0
4225 0
4226 3
4227 3
4228 3
4229 3
4230 3
4231 2
4232 3
4233 1
4234 2
4235 4
4236 3
4237 3
4238 2
4239 2
4240 3
4241 1
4242 1
4243 3
4244 4
4245 2
4246 5
4247 3
4248 2
4249 2
4250 2
4251 2
4252 2
4253 0
4254 3
4255 1
4256 1
4257 1
4258 2
4259 2
4260 3
4261 0
4262 2
4263 3
4264 2
4265 2
4266 2
4267 0
4268 2
4269 0
4270 1
4271 1
4272 0
4273 2
4274 1
4275 1
4276 1
4277 1
4278 3
4279 2
4280 0
4281 1
4282 1
4283 1
4284 2
4285 1
4286 2
4287 1
4288 0
4289 1
4290 4
4291 2
4292 0
4293 2
4294 1
4295 5
4296 3
4297 1
4298 0
4299 2
4300 2
4301 2
4302 1
4303 0
4304 2
4305 1
4306 0
4307 1
4308 1
4309 2
4310 1
4311 0
4312 0
4313 2
4314 2
4315 2
4316 2
4317 1
4318 2
4319 1
4320 2
4321 0
4322 2
4323 1
4324 1
4325 3
4326 3
4327 3
4328 2
4329 1
4330 1
4331 0
4332 3
4333 0
4334 2
4335 3
4336 2
4337 2
4338 0
4339 0
4340 1
4341 2
4342 1
4343 2
4344 2
4345 1
4346 3
4347 1
4348 0
4349 1
4350 4
4351 1
4352 3
4353 2
4354 2
4355 2
4356 0
4357 0
4358 1
4359 1
4360 1
4361 1
4362 2
4363 1
4364 1
4365 2
4366 2
4367 5
4368 2
4369 0
4370 1
4371 2
4372 2
4373 1
4374 0
4375 1
4376 1
4377 1
4378 1
4379 3
4380 1
4381 2
4382 1
4383 1
4384 1
4385 2
4386 0
4387 3
4388 3
4389 4
4390 3
4391 1
4392 2
4393 0
4394 1
4395 0
4396 2
4397 0
4398 1
4399 1
4400 1
4401 1
4402 4
4403 3
4404 1
4405 3
4406 2
4407 0
4408 1
4409 1
4410 1
4411 2
4412 2
4413 3
4414 1
4415 1
4416 2
4417 2
4418 1
4419 3
4420 4
4421 2
4422 5
4423 5
4424 4
4425 4
4426 3
4427 0
4428 2
4429 1
4430 2
4431 1
4432 2
4433 3
4434 2
4435 0
4436 2
4437 3
4438 2
4439 5
4440 4
4441 1
4442 1
4443 2
4444 3
4445 1
4446 1
4447 1
4448 1
4449 2
4450 2
4451 2
4452 2
4453 2
4454 5
4455 4
4456 2
4457 1
4458 2
4459 2
4460 3
4461 4
4462 2
4463 2
4464 0
4465 2
4466 1
4467 3
4468 2
4469 0
4470 1
4471 0
4472 3
4473 3
4474 3
4475 1
4476 0
4477 1
4478 2
4479 1
4480 4
4481 5
4482 4
4483 4
4484 2
4485 1
4486 4
4487 4
4488 2
4489 2
4490 2
4491 2
4492 2
4493 2
4494 1
4495 0
4496 1
4497 4
4498 2
4499 1
4500 3
4501 1
4502 1
4503 2
4504 1
4505 3
4506 4
4507 5
4508 2
4509 1
4510 1
4511 2
4512 1
4513 2
4514 0
4515 2
4516 1
4517 2
4518 1
4519 0
4520 3
4521 2
4522 1
4523 1
4524 3
4525 1
4526 1
4527 0
4528 1
4529 2
4530 2
4531 2
4532 1
4533 3
4534 4
4535 3
4536 2
4537 1
4538 2
4539 3
4540 0
4541 2
4542 1
4543 3
4544 4
4545 5
4546 4
4547 3
4548 2
4549 0
4550 2
4551 1
4552 0
4553 2
4554 2
4555 2
4556 0
4557 0
4558 3
4559 2
4560 0
4561 1
4562 0
4563 2
4564 1
4565 3
4566 0
4567 2
4568 0
4569 1
4570 0
4571 1
4572 4
4573 4
4574 1
4575 1
4576 1
4577 1
4578 1
4579 0
4580 3
4581 2
4582 2
4583 1
4584 0
4585 1
4586 1
4587 2
4588 1
4589 1
4590 1
4591 1
4592 2
4593 2
4594 1
4595 1
4596 1
4597 3
4598 0
4599 1
4600 1
4601 0
4602 3
4603 1
4604 1
4605 1
4606 3
4607 1
4608 0
4609 1
4610 0
4611 1
4612 0
4613 1
4614 1
4615 2
4616 0
4617 1
4618 2
4619 2
4620 3
4621 2
4622 3
4623 1
4624 3
4625 1
4626 2
4627 1
4628 4
4629 1
4630 1
4631 2
4632 0
4633 2
4634 3
4635 2
4636 3
4637 1
4638 1
4639 2
4640 1
4641 4
4642 4
4643 2
4644 2
4645 4
4646 2
4647 2
4648 1
4649 1
4650 2
4651 2
4652 1
4653 1
4654 1
4655 2
4656 2
4657 0
4658 1
4659 1
4660 0
4661 1
4662 3
4663 0
4664 2
4665 1
4666 0
4667 1
4668 4
4669 2
4670 4
4671 2
4672 1
4673 2
4674 1
4675 1
4676 2
4677 1
4678 1
4679 2
4680 1
4681 3
4682 1
4683 3
4684 0
4685 2
4686 2
4687 0
4688 1
4689 0
4690 2
4691 2
4692 1
4693 1
4694 0
4695 3
4696 1
4697 2
4698 3
4699 3
4700 0
4701 1
4702 2
4703 0
4704 1
4705 2
4706 0
4707 1
4708 0
4709 2
4710 1
4711 1
4712 4
4713 1
4714 3
4715 1
4716 1
4717 3
4718 1
4719 0
4720 1
4721 4
4722 3
4723 3
4724 1
4725 2
4726 3
4727 0
4728 0
4729 0
4730 1
4731 3
4732 2
4733 1
4734 2
4735 2
4736 4
4737 5
4738 3
4739 2
4740 3
4741 1
4742 3
4743 2
4744 1
4745 1
4746 2
4747 3
4748 4
4749 6
4750 4
4751 2
4752 2
4753 2
4754 0
4755 3
4756 2
4757 2
4758 1
4759 1
4760 2
4761 1
4762 2
4763 3
4764 0
4765 2
4766 2
4767 2
4768 0
4769 2
4770 0
4771 3
4772 1
4773 0
4774 1
4775 3
4776 4
4777 5
4778 4
4779 8
4780 5
4781 4
4782 5
4783 6
4784 3
4785 1
4786 1
4787 1
4788 1
4789 4
4790 2
4791 2
4792 0
4793 0
4794 2
4795 2
4796 2
4797 1
4798 1
4799 2
4800 2
4801 5
4802 3
4803 3
4804 2
4805 1
4806 3
4807 0
4808 2
4809 0
4810 0
4811 0
4812 1
4813 4
4814 4
4815 2
4816 0
4817 1
4818 2
4819 1
4820 2
4821 1
4822 3
4823 2
4824 1
4825 1
4826 2
4827 1
4828 3
4829 3
4830 1
4831 4
4832 4
4833 5
4834 5
4835 6
4836 4
4837 2
4838 3
4839 0
4840 1
4841 2
4842 0
4843 1
4844 1
4845 2
4846 0
4847 1
4848 2
4849 1
4850 2
4851 2
4852 3
4853 2
4854 0
4855 3
4856 1
4857 1
4858 2
4859 0
4860 2
4861 1
4862 1
4863 1
4864 1
4865 1
4866 0
4867 3
4868 0
4869 0
4870 1
4871 1
4872 1
4873 2
4874 1
4875 0
4876 0
4877 4
4878 4
4879 3
4880 2
4881 1
4882 1
4883 2
4884 1
4885 0
4886 1
4887 1
4888 0
4889 0
4890 2
4891 0
4892 3
4893 1
4894 3
4895 1
4896 1
4897 0
4898 1
4899 1
4900 1
4901 0
4902 0
4903 1
4904 2
4905 3
4906 2
4907 0
4908 3
4909 3
4910 2
4911 0
4912 2
4913 2
4914 0
4915 2
4916 2
4917 0
4918 2
4919 0
4920 1
4921 0
4922 1
4923 1
4924 2
4925 1
4926 3
4927 3
4928 0
4929 2
4930 2
4931 1
4932 4
4933 3
4934 0
4935 1
4936 2
4937 2
4938 0
4939 1
4940 1
4941 1
4942 1
4943 1
4944 0
4945 0
4946 1
4947 2
4948 1
4949 0
4950 2
4951 0
4952 0
4953 1
4954 1
4955 2
4956 2
4957 2
4958 3
4959 1
4960 3
4961 3
4962 0
4963 1
4964 2
4965 5
4966 4
4967 1
4968 2
4969 0
4970 0
4971 1
4972 3
4973 3
4974 1
4975 2
4976 2
4977 1
4978 1
4979 0
4980 0
4981 3
4982 0
4983 2
4984 3
4985 1
4986 0
4987 1
4988 0
4989 3
4990 1
4991 0
4992 3
4993 0
4994 2
4995 0
4996 0
4997 0
4998 0
4999 1
5000 0
5001 3
5002 1
5003 0
5004 1
5005 1
5006 3
5007 0
5008 0
5009 1
5010 4
5011 4
5012 2
5013 1
5014 2
5015 4
5016 3
5017 1
5018 2
5019 0
5020 2
5021 3
5022 2
5023 0
5024 3
5025 1
5026 1
5027 0
5028 1
5029 2
5030 3
5031 3
5032 0
5033 1
5034 1
5035 1
5036 1
5037 3
5038 2
5039 1
5040 3
5041 1
5042 0
5043 2
5044 2
5045 0
5046 0
5047 1
5048 3
5049 0
5050 4
5051 2
5052 0
5053 1
5054 3
5055 1
5056 1
5057 2
5058 2
5059 2
5060 0
5061 2
5062 2
5063 1
5064 3
5065 3
5066 2
5067 4
5068 1
5069 2
5070 2
5071 5
5072 6
5073 4
5074 1
5075 0
5076 1
5077 1
5078 0
5079 2
5080 4
5081 3
5082 1
5083 1
5084 1
5085 0
5086 2
5087 1
5088 2
5089 1
5090 0
5091 1
5092 1
5093 2
5094 3
5095 2
5096 1
5097 4
5098 1
5099 2
5100 2
5101 0
5102 0
5103 1
5104 1
5105 1
5106 2
5107 1
5108 0
5109 1
5110 3
5111 2
5112 1
5113 1
5114 1
5115 0
5116 1
5117 2
5118 2
5119 1
5120 1
5121 0
5122 3
5123 3
5124 2
5125 0
5126 3
5127 1
5128 4
5129 2
5130 0
5131 1
5132 2
5133 0
5134 1
5135 2
5136 0
5137 0
5138 2
5139 1
5140 2
5141 2
5142 1
5143 0
5144 1
5145 1
5146 1
5147 1
5148 1
5149 3
5150 0
5151 0
5152 1
5153 3
5154 0
5155 2
5156 1
5157 0
5158 1
5159 0
5160 0
5161 0
5162 2
5163 4
5164 2
5165 0
5166 0
5167 0
5168 0
5169 1
5170 1
5171 4
5172 4
5173 2
5174 2
5175 1
5176 2
5177 2
5178 0
5179 0
5180 0
5181 0
5182 4
5183 4
5184 5
5185 3
5186 2
5187 1
5188 0
5189 2
5190 3
5191 3
5192 2
5193 0
5194 0
5195 5
5196 3
5197 3
5198 3
5199 2
5200 6
5201 6
5202 4
5203 4
5204 4
5205 2
5206 3
5207 2
5208 0
5209 3
5210 2
5211 2
5212 2
5213 4
5214 1
5215 0
5216 2
5217 2
5218 1
5219 2
5220 0
5221 1
5222 1
5223 3
5224 2
5225 4
5226 5
5227 2
5228 1
5229 1
5230 3
5231 0
5232 0
5233 0
5234 2
5235 1
5236 3
5237 1
5238 2
5239 1
5240 0
5241 3
5242 2
5243 1
5244 2
5245 1
5246 1
5247 1
5248 0
5249 0
5250 2
5251 2
5252 2
5253 0
5254 0
5255 0
5256 2
5257 1
5258 2
5259 2
5260 2
5261 3
5262 5
5263 2
5264 4
5265 2
5266 1
5267 0
5268 1
5269 1
5270 0
5271 2
5272 1
5273 2
5274 0
5275 2
5276 2
5277 1
5278 1
5279 1
5280 1
5281 1
5282 3
5283 0
5284 3
5285 3
5286 1
5287 2
5288 1
5289 1
5290 1
5291 3
5292 1
5293 0
5294 1
5295 1
5296 0
5297 2
5298 2
5299 3
5300 2
5301 1
5302 4
5303 5
5304 4
5305 2
5306 3
5307 3
5308 1
5309 2
5310 0
5311 0
5312 2
5313 3
5314 2
5315 2
5316 1
5317 1
5318 3
5319 1
5320 2
5321 3
5322 2
5323 1
5324 2
5325 2
5326 0
5327 2
5328 2
5329 3
5330 1
5331 0
5332 1
5333 1
5334 2
5335 0
5336 1
5337 1
5338 3
5339 1
5340 2
5341 0
5342 2
5343 5
5344 5
5345 4
5346 3
5347 3
5348 1
5349 2
5350 0
5351 1
5352 1
5353 0
5354 1
5355 0
5356 2
5357 1
5358 4
5359 4
5360 4
5361 1
5362 1
5363 2
5364 1
5365 2
5366 1
5367 2
5368 1
5369 3
5370 1
5371 2
5372 0
5373 2
5374 1
5375 0
5376 2
5377 1
5378 1
5379 1
5380 1
5381 3
5382 2
5383 2
5384 3
5385 0
5386 1
5387 3
5388 0
5389 2
5390 2
5391 0
5392 2
5393 1
5394 1
5395 1
5396 1
5397 0
5398 2
5399 2
5400 0
5401 1
5402 0
5403 1
5404 4
5405 1
5406 2
5407 4
5408 4
5409 1
5410 1
5411 4
5412 2
5413 0
5414 3
5415 1
5416 1
5417 0
5418 1
5419 3
5420 1
5421 1
5422 0
5423 2
5424 2
5425 1
5426 1
5427 3
5428 4
5429 3
5430 1
5431 3
5432 1
5433 3
5434 3
5435 1
5436 3
5437 2
5438 3
5439 1
5440 0
5441 2
5442 1
5443 0
5444 2
5445 4
5446 2
5447 1
5448 0
5449 2
5450 2
5451 1
5452 4
5453 2
5454 1
5455 1
5456 1
5457 1
5458 2
5459 4
5460 5
5461 5
5462 3
5463 0
5464 1
5465 0
5466 0
5467 2
5468 2
5469 2
5470 1
5471 1
5472 2
5473 1
5474 3
5475 1
5476 4
5477 1
5478 0
5479 3
5480 3
5481 3
5482 2
5483 3
5484 3
5485 2
5486 3
5487 2
5488 2
5489 2
5490 1
5491 4
5492 3
5493 5
5494 6
5495 3
5496 0
5497 0
5498 5
5499 4
5500 1
5501 2
5502 1
5503 2
5504 1
5505 1
5506 1
5507 2
5508 2
5509 4
5510 2
5511 3
5512 1
5513 0
5514 0
5515 2
5516 1
5517 1
5518 0
5519 4
5520 4
5521 2
5522 1
5523 1
5524 0
5525 1
5526 2
5527 2
5528 2
5529 1
5530 3
5531 0
5532 3
5533 1
5534 4
5535 2
5536 4
5537 3
5538 1
5539 1
5540 1
5541 1
5542 0
5543 2
5544 1
5545 1
5546 1
5547 2
5548 3
5549 1
5550 2
5551 3
5552 0
5553 1
5554 2
5555 5
5556 3
5557 2
5558 0
5559 3
5560 2
5561 1
5562 3
5563 0
5564 0
5565 4
5566 1
5567 3
5568 0
5569 1
5570 2
5571 1
5572 0
5573 2
5574 2
5575 1
5576 2
5577 2
5578 2
5579 3
5580 0
5581 2
5582 3
5583 2
5584 3
5585 3
5586 1
5587 2
5588 1
5589 2
5590 2
5591 1
5592 3
5593 1
5594 0
5595 1
5596 0
5597 1
5598 3
5599 2
5600 0
5601 0
5602 1
5603 1
5604 1
5605 1
5606 1
5607 2
5608 1
5609 0
5610 5
5611 2
5612 3
5613 0
5614 1
5615 5
5616 4
5617 2
5618 5
5619 5
5620 3
5621 1
5622 1
5623 1
5624 2
5625 3
5626 1
5627 1
5628 3
5629 3
5630 1
5631 1
5632 1
5633 3
5634 1
5635 0
5636 1
5637 4
5638 4
5639 5
5640 3
5641 1
5642 0
5643 1
5644 2
5645 0
5646 2
5647 3
5648 2
5649 1
5650 2
5651 3
5652 1
5653 3
5654 1
5655 0
5656 1
5657 1
5658 0
5659 3
5660 2
5661 1
5662 2
5663 0
5664 1
5665 0
5666 0
5667 1
5668 4
5669 5
5670 2
5671 0
5672 1
5673 1
5674 1
5675 2
5676 0
5677 1
5678 3
5679 2
5680 1
5681 2
5682 2
5683 1
5684 1
5685 2
5686 1
5687 1
5688 4
5689 3
5690 1
5691 1
5692 1
5693 1
5694 2
5695 1
5696 2
5697 1
5698 2
5699 2
5700 1
5701 1
5702 1
5703 2
5704 1
5705 1
5706 3
5707 4
5708 1
5709 3
5710 1
5711 1
5712 2
5713 2
5714 4
5715 1
5716 1
5717 1
5718 1
5719 1
5720 1
5721 2
5722 1
5723 0
5724 3
5725 3
5726 1
5727 4
5728 4
5729 1
5730 2
5731 1
5732 1
5733 1
5734 1
5735 1
5736 0
5737 2
5738 1
5739 3
5740 1
5741 1
5742 4
5743 5
5744 5
5745 2
5746 1
5747 3
5748 1
5749 1
5750 2
5751 2
5752 3
5753 1
5754 2
5755 0
5756 1
5757 2
5758 2
5759 2
5760 2
5761 2
5762 2
5763 3
5764 2
5765 0
5766 1
5767 0
5768 4
5769 2
5770 0
5771 3
5772 2
5773 2
5774 0
5775 1
5776 2
5777 1
5778 2
5779 1
5780 1
5781 2
5782 2
5783 2
5784 2
5785 1
5786 2
5787 1
5788 1
5789 1
5790 1
5791 2
5792 1
5793 1
5794 3
5795 1
5796 1
5797 2
5798 3
5799 1
5800 3
5801 1
5802 1
5803 1
5804 3
5805 3
5806 1
5807 2
5808 3
5809 2
5810 4
5811 3
5812 0
5813 0
5814 1
5815 2
5816 1
5817 4
5818 3
5819 1
5820 1
5821 1
5822 1
5823 1
5824 1
5825 0
5826 1
5827 3
5828 1
5829 1
5830 0
5831 1
5832 2
5833 0
5834 0
5835 4
5836 2
5837 1
5838 1
5839 3
5840 2
5841 1
5842 2
5843 6
5844 6
5845 4
5846 2
5847 2
5848 0
5849 0
5850 1
5851 1
5852 0
5853 2
5854 3
5855 3
5856 1
5857 1
5858 1
5859 1
5860 1
5861 2
5862 4
5863 3
5864 3
5865 2
5866 0
5867 4
5868 2
5869 1
5870 2
5871 3
5872 2
5873 1
5874 2
5875 1
5876 2
5877 4
5878 2
5879 0
5880 1
5881 0
5882 0
5883 1
5884 2
5885 0
5886 3
5887 2
5888 2
5889 5
5890 2
5891 2
5892 2
5893 0
5894 1
5895 0
5896 0
5897 1
5898 1
5899 2
5900 2
5901 1
5902 1
5903 0
5904 1
5905 1
5906 3
5907 2
5908 1
5909 1
5910 2
5911 0
5912 2
5913 2
5914 2
5915 2
5916 1
5917 2
5918 2
5919 2
5920 2
5921 1
5922 2
5923 1
5924 2
5925 2
5926 2
5927 1
5928 2
5929 1
5930 1
5931 0
5932 0
5933 2
5934 1
5935 1
5936 1
5937 1
5938 0
5939 2
5940 1
5941 0
5942 1
5943 0
5944 0
5945 0
5946 1
5947 0
5948 1
5949 3
5950 3
5951 4
5952 1
5953 2
5954 2
5955 1
5956 1
5957 1
5958 1
5959 1
5960 1
5961 1
5962 0
5963 1
5964 1
5965 3
5966 1
5967 1
5968 1
5969 1
5970 2
5971 2
5972 2
5973 1
5974 0
5975 1
5976 1
5977 1
5978 3
5979 1
5980 2
5981 1
5982 3
5983 0
5984 1
5985 3
5986 2
5987 1
5988 2
5989 3
5990 4
5991 2
5992 1
5993 4
5994 4
5995 2
5996 1
5997 1
5998 0
5999 4
6000 6
6001 3
6002 1
6003 3
6004 1
6005 0
6006 0
6007 1
6008 0
6009 0
6010 3
6011 0
6012 2
6013 5
6014 6
6015 6
6016 3
6017 0
6018 0
6019 2
6020 1
6021 2
6022 3
6023 2
6024 1
6025 0
6026 0
6027 1
6028 2
6029 2
6030 3
6031 2
6032 1
6033 3
6034 3
6035 1
6036 3
6037 0
6038 1
6039 5
6040 2
6041 1
6042 4
6043 3
6044 3
6045 3
6046 1
6047 1
6048 2
6049 2
6050 1
6051 2
6052 1
6053 1
6054 0
6055 3
6056 1
6057 2
6058 1
6059 3
6060 3
6061 0
6062 2
6063 0
6064 3
6065 1
6066 0
6067 1
6068 1
6069 3
6070 1
6071 1
6072 0
6073 3
6074 2
6075 4
6076 2
6077 1
6078 0
6079 2
6080 1
6081 0
6082 1
6083 1
6084 3
6085 5
6086 4
6087 1
6088 2
6089 4
6090 3
6091 4
6092 4
6093 1
6094 1
6095 0
6096 2
6097 2
6098 2
6099 5
6100 2
6101 2
6102 3
6103 4
6104 2
6105 2
6106 3
6107 3
6108 0
6109 3
6110 3
6111 4
6112 1
6113 0
6114 0
6115 2
6116 3
6117 1
6118 1
6119 3
6120 2
6121 3
6122 2
6123 4
6124 2
6125 1
6126 1
6127 1
6128 0
6129 2
6130 1
6131 0
6132 1
6133 3
6134 2
6135 2
6136 4
6137 3
6138 4
6139 1
6140 0
6141 1
6142 2
6143 2
6144 0
6145 0
6146 1
6147 1
6148 0
6149 3
6150 5
6151 3
6152 1
6153 1
6154 0
6155 0
6156 0
6157 3
6158 2
6159 4
6160 2
6161 3
6162 1
6163 0
6164 3
6165 2
6166 3
6167 2
6168 2
6169 1
6170 2
6171 0
6172 1
6173 1
6174 1
6175 1
6176 2
6177 1
6178 2
6179 4
6180 4
6181 2
6182 3
6183 1
6184 0
6185 3
6186 3
6187 1
6188 1
6189 0
6190 1
6191 2
6192 1
6193 2
6194 2
6195 4
6196 5
6197 3
6198 2
6199 0
6200 0
6201 3
6202 1
6203 0
6204 1
6205 2
6206 2
6207 2
6208 1
6209 1
6210 3
6211 2
6212 0
6213 2
6214 0
6215 2
6216 1
6217 0
6218 4
6219 3
6220 0
6221 1
6222 3
6223 3
6224 3
6225 1
6226 1
6227 0
6228 3
6229 4
6230 1
6231 3
6232 1
6233 2
6234 2
6235 1
6236 0
6237 1
6238 0
6239 2
6240 3
6241 1
6242 1
6243 3
6244 1
6245 1
6246 1
6247 2
6248 1
6249 3
6250 2
6251 0
6252 0
6253 2
6254 1
6255 0
6256 0
6257 0
6258 3
6259 3
6260 3
6261 1
6262 0
6263 2
6264 1
6265 2
6266 2
6267 0
6268 1
6269 1
6270 0
6271 2
6272 1
6273 3
6274 1
6275 0
6276 2
6277 3
6278 0
6279 1
6280 1
6281 0
6282 2
6283 2
6284 3
6285 0
6286 0
6287 0
6288 2
6289 4
6290 3
6291 1
6292 5
6293 3
6294 3
6295 3
6296 1
6297 0
6298 2
6299 1
6300 2
6301 2
6302 1
6303 2
6304 2
6305 0
6306 2
6307 5
6308 4
6309 1
6310 0
6311 2
6312 0
6313 2
6314 2
6315 1
6316 3
6317 2
6318 2
6319 2
6320 3
6321 1
6322 1
6323 4
6324 4
6325 2
6326 4
6327 4
6328 2
6329 2
6330 3
6331 2
6332 1
6333 1
6334 0
6335 0
6336 1
6337 1
6338 2
6339 2
6340 1
6341 3
6342 1
6343 1
6344 1
6345 3
6346 2
6347 1
6348 4
6349 3
6350 1
6351 0
6352 0
6353 0
6354 0
6355 2
6356 5
6357 5
6358 4
6359 3
6360 3
6361 1
6362 2
6363 3
6364 1
6365 4
6366 2
6367 0
6368 0
6369 2
6370 0
6371 1
6372 1
6373 3
6374 0
6375 0
6376 1
6377 0
6378 1
6379 0
6380 3
6381 2
6382 0
6383 1
6384 0
6385 2
6386 3
6387 0
6388 1
6389 3
6390 3
6391 0
6392 4
6393 3
6394 2
6395 2
6396 3
6397 4
6398 4
6399 4
6400 2
6401 2
6402 2
6403 3
6404 0
6405 0
6406 2
6407 0
6408 1
6409 2
6410 2
6411 0
6412 3
6413 4
6414 1
6415 2
6416 2
6417 1
6418 4
6419 3
6420 3
6421 4
6422 1
6423 1
6424 2
6425 1
6426 1
6427 2
6428 1
6429 4
6430 2
6431 0
6432 1
6433 3
6434 2
6435 1
6436 3
6437 3
6438 2
6439 3
6440 0
6441 1
6442 2
6443 0
6444 2
6445 3
6446 1
6447 1
6448 1
6449 3
6450 2
6451 1
6452 0
6453 0
6454 2
6455 1
6456 1
6457 1
6458 3
6459 0
6460 2
6461 2
6462 1
6463 2
6464 2
6465 1
6466 3
6467 3
6468 2
6469 0
6470 1
6471 4
6472 4
6473 3
6474 2
6475 3
6476 1
6477 0
6478 4
6479 3
6480 1
6481 2
6482 0
6483 2
6484 1
6485 2
6486 1
6487 2
6488 2
6489 4
6490 3
6491 3
6492 3
6493 0
6494 2
6495 1
6496 0
6497 3
6498 2
6499 2
6500 0
6501 1
6502 0
6503 0
6504 0
6505 0
6506 2
6507 2
6508 2
6509 2
6510 2
6511 2
6512 3
6513 2
6514 1
6515 4
6516 2
6517 1
6518 2
6519 2
6520 2
6521 3
6522 0
6523 5
6524 2
6525 1
6526 3
6527 0
6528 1
6529 2
6530 1
6531 3
6532 2
6533 1
6534 0
6535 1
6536 3
6537 1
6538 0
6539 1
6540 0
6541 1
6542 3
6543 2
6544 1
6545 4
6546 2
6547 3
6548 0
6549 0
6550 2
6551 4
6552 5
6553 3
6554 0
6555 0
6556 1
6557 3
6558 2
6559 2
6560 1
6561 2
6562 2
6563 0
6564 0
6565 1
6566 4
6567 6
6568 5
6569 4
6570 4
6571 2
6572 3
6573 5
6574 4
6575 4
6576 3
6577 1
6578 2
6579 3
6580 1
6581 3
6582 1
6583 2
6584 0
6585 2
6586 2
6587 4
6588 2
6589 1
6590 1
6591 0
6592 0
6593 1
6594 4
6595 3
6596 0
6597 4
6598 2
6599 1
6600 3
6601 2
6602 1
6603 2
6604 3
6605 0
6606 3
6607 1
6608 2
6609 2
6610 2
6611 2
6612 3
6613 2
6614 1
6615 2
6616 2
6617 1
6618 0
6619 0
6620 2
6621 1
6622 1
6623 1
6624 0
6625 2
6626 3
6627 4
6628 4
6629 2
6630 1
6631 1
6632 1
6633 3
6634 0
6635 1
6636 0
6637 2
6638 0
6639 1
6640 1
6641 2
6642 2
6643 2
6644 1
6645 1
6646 3
6647 1
6648 1
6649 1
6650 1
6651 0
6652 0
6653 1
6654 6
6655 5
6656 3
6657 4
6658 1
6659 3
6660 2
6661 4
6662 2
6663 1
6664 2
6665 3
6666 3
6667 2
6668 1
6669 3
6670 3
6671 2
6672 2
6673 2
6674 1
6675 2
6676 0
6677 3
6678 0
6679 0
6680 2
6681 3
6682 1
6683 4
6684 1
6685 2
6686 3
6687 0
6688 0
6689 1
6690 0
6691 1
6692 2
6693 2
6694 2
6695 1
6696 1
6697 2
6698 1
6699 1
6700 2
6701 2
6702 0
6703 3
6704 0
6705 2
6706 3
6707 0
6708 2
6709 2
6710 1
6711 1
6712 1
6713 1
6714 3
6715 0
6716 2
6717 3
6718 3
6719 1
6720 0
6721 1
6722 2
6723 0
6724 0
6725 0
6726 0
6727 1
6728 2
6729 1
6730 2
6731 2
6732 2
6733 1
6734 2
6735 1
6736 0
6737 2
6738 3
6739 1
6740 2
6741 1
6742 1
6743 2
6744 2
6745 1
6746 2
6747 2
6748 3
6749 5
6750 3
6751 3
6752 4
6753 2
6754 2
6755 2
6756 4
6757 2
6758 1
6759 1
6760 0
6761 2
6762 0
6763 1
6764 1
6765 1
6766 1
6767 1
6768 3
6769 3
6770 1
6771 0
6772 1
6773 3
6774 2
6775 1
6776 1
6777 1
6778 1
6779 0
6780 2
6781 1
6782 2
6783 0
6784 0
6785 1
6786 2
6787 4
6788 3
6789 2
6790 1
6791 1
6792 2
6793 0
6794 1
6795 3
6796 0
6797 0
6798 1
6799 3
6800 3
6801 1
6802 0
6803 2
6804 1
6805 2
6806 4
6807 4
6808 2
6809 3
6810 3
6811 1
6812 2
6813 1
6814 1
6815 0
6816 1
6817 1
6818 3
6819 3
6820 2
6821 3
6822 3
6823 2
6824 1
6825 0
6826 1
6827 2
6828 1
6829 2
6830 3
6831 3
6832 1
6833 1
6834 0
6835 1
6836 2
6837 3
6838 2
6839 3
6840 2
6841 1
6842 0
6843 2
6844 1
6845 2
6846 0
6847 0
6848 0
6849 3
6850 0
6851 2
6852 2
6853 2
6854 2
6855 2
6856 2
6857 0
6858 0
6859 1
6860 1
6861 2
6862 2
6863 0
6864 2
6865 0
6866 3
6867 0
6868 1
6869 1
6870 0
6871 2
6872 1
6873 1
6874 1
6875 1
6876 2
6877 4
6878 3
6879 0
6880 3
6881 1
6882 0
6883 1
6884 1
6885 3
6886 1
6887 4
6888 3
6889 3
6890 0
6891 0
6892 2
6893 1
6894 1
6895 4
6896 2
6897 1
6898 1
6899 2
6900 2
6901 1
6902 4
6903 2
6904 2
6905 0
6906 2
6907 3
6908 4
6909 4
6910 2
6911 0
6912 1
6913 2
6914 2
6915 1
6916 4
6917 2
6918 2
6919 4
6920 3
6921 2
6922 4
6923 3
6924 3
6925 4
6926 4
6927 5
6928 8
6929 9
6930 6
6931 5
6932 2
6933 3
6934 0
6935 0
6936 1
6937 3
6938 1
6939 2
6940 4
6941 6
6942 7
6943 7
6944 6
6945 4
6946 2
6947 1
6948 2
6949 2
6950 1
6951 2
6952 2
6953 2
6954 0
6955 2
6956 2
6957 2
6958 3
6959 0
6960 1
6961 3
6962 2
6963 2
6964 3
6965 2
6966 3
6967 3
6968 0
6969 1
6970 1
6971 1
6972 1
6973 0
6974 1
6975 1
6976 0
6977 2
6978 0
6979 1
6980 2
6981 3
6982 3
6983 0
6984 1
6985 0
6986 0
6987 1
6988 1
6989 4
6990 3
6991 0
6992 2
6993 3
6994 2
6995 2
6996 1
6997 4
6998 2
6999 2
7000 0
7001 2
7002 0
7003 1
7004 0
7005 2
7006 1
7007 1
7008 0
7009 3
7010 3
7011 0
7012 1
7013 1
7014 0
7015 2
7016 0
7017 0
7018 3
7019 1
7020 1
7021 1
7022 0
7023 1
7024 0
7025 3
7026 0
7027 1
7028 1
7029 4
7030 1
7031 3
7032 1
7033 0
7034 2
7035 0
7036 1
7037 1
7038 1
7039 0
7040 1
7041 2
7042 0
7043 2
7044 1
7045 2
7046 2
7047 3
7048 2
7049 0
7050 1
7051 2
7052 3
7053 3
7054 2
7055 2
7056 1
7057 1
7058 1
7059 3
7060 4
7061 1
7062 3
7063 1
7064 2
7065 3
7066 1
7067 3
7068 1
7069 0
7070 1
7071 2
7072 2
7073 2
7074 3
7075 2
7076 1
7077 0
7078 2
7079 0
7080 2
7081 2
7082 1
7083 0
7084 0
7085 2
7086 2
7087 2
7088 5
7089 5
7090 5
7091 3
7092 0
7093 3
7094 3
7095 2
7096 0
7097 0
7098 1
7099 1
7100 2
7101 3
7102 3
7103 2
7104 2
7105 3
7106 0
7107 0
7108 1
7109 1
7110 0
7111 0
7112 3
7113 1
7114 3
7115 2
7116 1
7117 1
7118 3
7119 1
7120 1
7121 1
7122 0
7123 1
7124 1
7125 1
7126 0
7127 2
7128 2
7129 0
7130 0
7131 2
7132 1
7133 3
7134 0
7135 3
7136 2
7137 4
7138 4
7139 3
7140 1
7141 0
7142 3
7143 0
7144 0
7145 1
7146 3
7147 0
7148 2
7149 3
7150 6
7151 3
7152 3
7153 4
7154 3
7155 2
7156 2
7157 0
7158 0
7159 0
7160 1
7161 0
7162 1
7163 2
7164 3
7165 2
7166 4
7167 4
7168 3
7169 1
7170 1
7171 2
7172 1
7173 0
7174 0
7175 0
7176 2
7177 0
7178 1
7179 1
7180 1
7181 1
7182 3
7183 0
7184 3
7185 0
7186 3
7187 1
7188 1
7189 1
7190 0
7191 3
7192 0
7193 1
7194 1
7195 3
7196 1
7197 2
7198 1
7199 0
7200 2
7201 1
7202 3
7203 1
7204 1
7205 1
7206 1
7207 2
7208 3
7209 0
7210 2
7211 1
7212 0
7213 1
7214 3
7215 1
7216 3
7217 2
7218 1
7219 1
7220 3
7221 2
7222 2
7223 0
7224 0
7225 2
7226 3
7227 1
7228 1
7229 0
7230 1
7231 2
7232 6
7233 6
7234 6
7235 5
7236 2
7237 3
7238 1
7239 2
7240 2
7241 3
7242 1
7243 2
7244 1
7245 2
7246 1
7247 0
7248 1
7249 1
7250 1
7251 1
7252 0
7253 2
7254 3
7255 2
7256 0
7257 2
7258 2
7259 1
7260 4
7261 4
7262 2
7263 0
7264 1
7265 2
7266 1
7267 0
7268 1
7269 2
7270 1
7271 2
7272 1
7273 0
7274 1
7275 0
7276 0
7277 3
7278 0
7279 3
7280 0
7281 2
7282 1
7283 0
7284 1
7285 3
7286 3
7287 4
7288 1
7289 3
7290 3
7291 1
7292 1
7293 0
7294 1
7295 0
7296 0
7297 0
7298 2
7299 0
7300 1
7301 1
7302 2
7303 1
7304 1
7305 0
7306 2
7307 2
7308 0
7309 2
7310 1
7311 2
7312 1
7313 0
7314 2
7315 1
7316 3
7317 0
7318 2
7319 4
7320 4
7321 5
7322 5
7323 3
7324 1
7325 1
7326 3
7327 1
7328 1
7329 0
7330 1
7331 1
7332 2
7333 2
7334 1
7335 1
7336 2
7337 2
7338 2
7339 0
7340 2
7341 1
7342 2
7343 1
7344 0
7345 1
7346 1
7347 4
7348 4
7349 4
7350 1
7351 3
7352 0
7353 3
7354 3
7355 4
7356 4
7357 3
7358 2
7359 0
7360 0
7361 2
7362 1
7363 1
7364 1
7365 3
7366 0
7367 2
7368 1
7369 1
7370 3
7371 0
7372 0
7373 0
7374 0
7375 2
7376 0
7377 2
7378 0
7379 2
7380 1
7381 3
7382 3
7383 2
7384 2
7385 3
7386 1
7387 3
7388 4
7389 2
7390 2
7391 4
7392 3
7393 4
7394 3
7395 5
7396 4
7397 3
7398 1
7399 2
7400 0
7401 3
7402 2
7403 1
7404 1
7405 0
7406 1
7407 2
7408 2
7409 2
7410 4
7411 1
7412 3
7413 1
7414 1
7415 1
7416 1
7417 1
7418 3
7419 1
7420 2
7421 3
7422 3
7423 1
7424 1
7425 0
7426 1
7427 3
7428 1
7429 0
7430 2
7431 3
7432 1
7433 1
7434 3
7435 0
7436 1
7437 2
7438 0
7439 2
7440 1
7441 1
7442 0
7443 2
7444 3
7445 2
7446 2
7447 0
7448 2
7449 4
7450 3
7451 4
7452 3
7453 0
7454 2
7455 1
7456 0
7457 0
7458 2
7459 1
7460 2
7461 2
7462 2
7463 5
7464 4
7465 5
7466 2
7467 2
7468 1
7469 1
7470 4
7471 1
7472 0
7473 1
7474 2
7475 2
7476 2
7477 1
7478 1
7479 2
7480 2
7481 1
7482 2
7483 3
7484 2
7485 3
7486 2
7487 3
7488 6
7489 5
7490 4
7491 3
7492 1
7493 4
7494 4
7495 2
7496 1
7497 0
7498 4
7499 3
7500 1
7501 3
7502 1
7503 3
7504 0
7505 4
7506 5
7507 3
7508 2
7509 2
7510 2
7511 1
7512 0
7513 0
7514 2
7515 2
7516 0
7517 2
7518 1
7519 0
7520 2
7521 1
7522 1
7523 1
7524 0
7525 1
7526 1
7527 1
7528 1
7529 1
7530 1
7531 2
7532 0
7533 2
7534 1
7535 2
7536 0
7537 1
7538 2
7539 2
7540 0
7541 0
7542 2
7543 0
7544 2
7545 2
7546 2
7547 2
7548 3
7549 0
7550 1
7551 0
7552 0
7553 3
7554 2
7555 1
7556 4
7557 2
7558 1
7559 2
7560 2
7561 3
7562 3
7563 2
7564 1
7565 3
7566 4
7567 5
7568 2
7569 0
7570 1
7571 1
7572 0
7573 3
7574 1
7575 0
7576 2
7577 1
7578 1
7579 3
7580 1
7581 1
7582 1
7583 1
7584 0
7585 2
7586 0
7587 2
7588 0
7589 3
7590 3
7591 0
7592 0
7593 0
7594 0
7595 3
7596 1
7597 1
7598 1
7599 2
7600 0
7601 3
7602 3
7603 1
7604 0
7605 2
7606 3
7607 0
7608 2
7609 0
7610 1
7611 1
7612 2
7613 1
7614 2
7615 2
7616 1
7617 1
7618 1
7619 2
7620 1
7621 1
7622 1
7623 1
7624 1
7625 1
7626 0
7627 4
7628 4
7629 1
7630 3
7631 2
7632 2
7633 0
7634 2
7635 1
7636 4
7637 3
7638 3
7639 0
7640 1
7641 2
7642 0
7643 1
7644 1
7645 2
7646 0
7647 3
7648 0
7649 1
7650 2
7651 0
7652 2
7653 1
7654 1
7655 2
7656 2
7657 0
7658 0
7659 1
7660 1
7661 1
7662 1
7663 0
7664 3
7665 2
7666 2
7667 3
7668 1
7669 2
7670 0
7671 1
7672 3
7673 4
7674 1
7675 1
7676 0
7677 2
7678 2
7679 1
7680 2
7681 2
7682 2
7683 2
7684 0
7685 2
7686 4
7687 3
7688 1
7689 2
7690 2
7691 2
7692 0
7693 2
7694 5
7695 3
7696 1
7697 1
7698 1
7699 2
7700 1
7701 1
7702 3
7703 1
7704 1
7705 0
7706 1
7707 1
7708 3
7709 3
7710 1
7711 0
7712 1
7713 1
7714 4
7715 1
7716 0
7717 3
7718 0
7719 0
7720 3
7721 2
7722 1
7723 1
7724 2
7725 0
7726 0
7727 0
7728 2
7729 2
7730 3
7731 0
7732 0
7733 1
7734 2
7735 1
7736 1
7737 4
7738 1
7739 3
7740 5
7741 4
7742 2
7743 0
7744 2
7745 0
7746 1
7747 1
7748 2
7749 2
7750 0
7751 3
7752 2
7753 0
7754 1
7755 2
7756 3
7757 0
7758 1
7759 0
7760 2
7761 2
7762 0
7763 1
7764 2
7765 0
7766 1
7767 0
7768 0
7769 2
7770 1
7771 1
7772 1
7773 4
7774 3
7775 3
7776 1
7777 0
7778 1
7779 2
7780 2
7781 1
7782 4
7783 4
7784 3
7785 0
7786 1
7787 1
7788 4
7789 2
7790 4
7791 2
7792 1
7793 1
7794 3
7795 1
7796 3
7797 1
7798 0
7799 1
7800 1
7801 4
7802 3
7803 1
7804 1
7805 2
7806 4
7807 4
7808 4
7809 3
7810 1
7811 1
7812 2
7813 1
7814 1
7815 0
7816 3
7817 1
7818 0
7819 3
7820 1
7821 2
7822 1
7823 1
7824 1
7825 0
7826 0
7827 4
7828 2
7829 0
7830 1
7831 2
7832 0
7833 2
7834 2
7835 0
7836 0
7837 3
7838 1
7839 2
7840 2
7841 2
7842 0
7843 0
7844 1
7845 1
7846 4
7847 1
7848 3
7849 1
7850 0
7851 2
7852 2
7853 1
7854 1
7855 1
7856 3
7857 2
7858 0
7859 2
7860 1
7861 2
7862 2
7863 1
7864 3
7865 0
7866 1
7867 2
7868 0
7869 0
7870 2
7871 0
7872 0
7873 3
7874 1
7875 1
7876 4
7877 4
7878 5
7879 3
7880 3
7881 1
7882 3
7883 1
7884 0
7885 2
7886 4
7887 2
7888 1
7889 0
7890 4
7891 5
7892 3
7893 1
7894 2
7895 1
7896 1
7897 0
7898 1
7899 0
7900 2
7901 3
7902 1
7903 2
7904 2
7905 3
7906 4
7907 4
7908 2
7909 2
7910 2
7911 1
7912 2
7913 2
7914 1
7915 2
7916 2
7917 1
7918 1
7919 1
7920 0
7921 3
7922 2
7923 1
7924 2
7925 2
7926 4
7927 2
7928 2
7929 1
7930 2
7931 2
7932 2
7933 1
7934 3
7935 2
7936 4
7937 4
7938 2
7939 1
7940 4
7941 1
7942 0
7943 1
7944 2
7945 3
7946 2
7947 2
7948 0
7949 1
7950 2
7951 3
7952 0
7953 2
7954 1
7955 1
7956 1
7957 0
7958 2
7959 3
7960 1
7961 2
7962 0
7963 1
7964 3
7965 2
7966 3
7967 1
7968 1
7969 4
7970 2
7971 1
7972 2
7973 3
7974 1
7975 2
7976 2
7977 4
7978 3
7979 0
7980 1
7981 3
7982 2
7983 4
7984 5
7985 3
7986 1
7987 3
7988 3
7989 2
7990 3
7991 1
7992 2
7993 1
7994 1
7995 1
7996 2
7997 0
7998 1
7999 0
8000 0
8001 1
8002 4
8003 3
8004 0
8005 1
8006 3
8007 0
8008 0
8009 0
8010 0
8011 1
8012 1
8013 1
8014 2
8015 3
8016 3
8017 1
8018 1
8019 2
8020 1
8021 2
8022 1
8023 0
8024 1
8025 1
8026 2
8027 1
8028 0
8029 1
8030 1
8031 1
8032 3
8033 0
8034 1
8035 3
8036 4
8037 2
8038 0
8039 2
8040 2
8041 1
8042 2
8043 3
8044 3
8045 1
8046 3
8047 2
8048 2
8049 0
8050 1
8051 1
8052 3
8053 1
8054 0
8055 2
8056 2
8057 2
8058 2
8059 1
8060 1
8061 1
8062 0
8063 2
8064 1
8065 0
8066 2
8067 4
8068 3
8069 1
8070 1
8071 1
8072 1
8073 0
8074 0
8075 1
8076 4
8077 4
8078 1
8079 1
8080 3
8081 0
8082 1
8083 3
8084 2
8085 1
8086 0
8087 1
8088 0
8089 0
8090 3
8091 0
8092 2
8093 2
8094 2
8095 3
8096 2
8097 1
8098 0
8099 1
8100 1
8101 0
8102 3
8103 1
8104 1
8105 1
8106 1
8107 2
8108 0
8109 2
8110 1
8111 2
8112 1
8113 3
8114 3
8115 1
8116 2
8117 0
8118 2
8119 2
8120 2
8121 0
8122 1
8123 0
8124 2
8125 3
8126 1
8127 2
8128 1
8129 4
8130 3
8131 3
8132 1
8133 3
8134 0
8135 2
8136 2
8137 0
8138 2
8139 4
8140 4
8141 2
8142 1
8143 1
8144 0
8145 1
8146 2
8147 2
8148 0
8149 2
8150 2
8151 1
8152 1
8153 2
8154 0
8155 1
8156 2
8157 3
8158 3
8159 3
8160 2
8161 0
8162 3
8163 3
8164 1
8165 2
8166 1
8167 1
8168 1
8169 0
8170 1
8171 4
8172 3
8173 2
8174 2
8175 1
8176 2
8177 2
8178 1
8179 2
8180 0
8181 3
8182 1
8183 1
8184 3
8185 0
8186 1
8187 1
8188 3
8189 1
8190 0
8191 1
8192 2
8193 1
8194 1
8195 4
8196 1
8197 2
8198 2
8199 1
8200 4
8201 2
8202 2
8203 1
8204 0
8205 2
8206 2
8207 2
8208 2
8209 2
8210 0
8211 0
8212 2
8213 0
8214 1
8215 4
8216 2
8217 3
8218 0
8219 1
8220 3
8221 1
8222 2
8223 3
8224 3
8225 1
8226 2
8227 1
8228 0
8229 0
8230 2
8231 3
8232 1
8233 3
8234 4
8235 4
8236 1
8237 1
8238 2
8239 2
8240 1
8241 2
8242 2
8243 1
8244 1
8245 0
8246 1
8247 1
8248 1
8249 2
8250 4
8251 2
8252 1
8253 3
8254 0
8255 2
8256 0
8257 0
8258 1
8259 4
8260 4
8261 5
8262 3
8263 2
8264 1
8265 3
8266 4
8267 4
8268 3
8269 2
8270 4
8271 4
8272 1
8273 2
8274 1
8275 0
8276 2
8277 2
8278 1
8279 2
8280 3
8281 1
8282 1
8283 1
8284 3
8285 1
8286 0
8287 0
8288 0
8289 2
8290 1
8291 0
8292 1
8293 0
8294 3
8295 0
8296 2
8297 2
8298 3
8299 1
8300 1
8301 2
8302 2
8303 1
8304 1
8305 1
8306 1
8307 3
8308 2
8309 4
8310 4
8311 5
8312 3
8313 2
8314 3
8315 2
8316 2
8317 3
8318 2
8319 1
8320 2
8321 2
8322 2
8323 1
8324 0
8325 1
8326 4
8327 3
8328 1
8329 1
8330 1
8331 1
8332 2
8333 0
8334 0
8335 1
8336 2
8337 0
8338 3
8339 2
8340 2
8341 1
8342 4
8343 2
8344 1
8345 3
8346 2
8347 1
8348 0
8349 2
8350 3
8351 2
8352 0
8353 1
8354 2
8355 1
8356 1
8357 1
8358 1
8359 2
8360 2
8361 2
8362 2
8363 2
8364 5
8365 5
8366 5
8367 3
8368 0
8369 2
8370 1
8371 2
8372 2
8373 4
8374 3
8375 1
8376 4
8377 6
8378 6
8379 3
8380 1
8381 1
8382 1
8383 2
8384 2
8385 1
8386 1
8387 1
8388 1
8389 1
8390 1
8391 1
8392 0
8393 2
8394 2
8395 1
8396 1
8397 2
8398 1
8399 1
8400 1
8401 2
8402 2
8403 0
8404 0
8405 2
8406 0
8407 2
8408 3
8409 1
8410 2
8411 0
8412 2
8413 0
8414 0
8415 2
8416 1
8417 2
8418 2
8419 0
8420 4
8421 3
8422 1
8423 3
8424 4
8425 2
8426 3
8427 2
8428 1
8429 0
8430 3
8431 2
8432 2
8433 1
8434 3
8435 2
8436 5
8437 6
8438 4
8439 1
8440 0
8441 0
8442 2
8443 2
8444 1
8445 2
8446 2
8447 2
8448 2
8449 2
8450 2
8451 0
8452 0
8453 1
8454 3
8455 3
8456 2
8457 2
8458 5
8459 3
8460 2
8461 2
8462 1
8463 0
8464 1
8465 3
8466 2
8467 5
8468 2
8469 1
8470 1
8471 3
8472 0
8473 0
8474 3
8475 4
8476 2
8477 1
8478 1
8479 0
8480 3
8481 2
8482 2
8483 2
8484 1
8485 2
8486 2
8487 1
8488 3
8489 1
8490 4
8491 2
8492 2
8493 0
8494 2
8495 1
8496 3
8497 2
8498 2
8499 1
8500 2
8501 0
8502 0
8503 2
8504 1
8505 2
8506 2
8507 1
8508 2
8509 2
8510 2
8511 3
8512 2
8513 2
8514 4
8515 3
8516 0
8517 1
8518 0
8519 1
8520 1
8521 0
8522 2
8523 2
8524 0
8525 3
8526 2
8527 0
8528 0
8529 1
8530 3
8531 3
8532 2
8533 0
8534 1
8535 1
8536 0
8537 0
8538 3
8539 2
8540 2
8541 4
8542 3
8543 0
8544 0
8545 0
8546 1
8547 3
8548 0
8549 3
8550 2
8551 3
8552 1
8553 1
8554 2
8555 1
8556 1
8557 1
8558 2
8559 1
8560 0
8561 0
8562 2
8563 1
8564 3
8565 0
8566 3
8567 1
8568 2
8569 0
8570 1
8571 2
8572 0
8573 2
8574 1
8575 2
8576 1
8577 1
8578 0
8579 0
8580 1
8581 0
8582 4
8583 5
8584 5
8585 4
8586 1
8587 0
8588 2
8589 2
8590 0
8591 1
8592 0
8593 2
8594 2
8595 1
8596 1
8597 2
8598 0
8599 0
8600 1
8601 2
8602 2
8603 2
8604 2
8605 0
8606 1
8607 3
8608 1
8609 2
8610 2
8611 0
8612 2
8613 1
8614 1
8615 2
8616 1
8617 2
8618 4
8619 5
8620 3
8621 0
8622 2
8623 3
8624 2
8625 0
8626 1
8627 0
8628 0
8629 3
8630 1
8631 1
8632 0
8633 1
8634 1
8635 1
8636 1
8637 1
8638 0
8639 3
8640 3
8641 0
8642 2
8643 3
8644 2
8645 2
8646 1
8647 2
8648 0
8649 5
8650 3
8651 2
8652 3
8653 2
8654 3
8655 1
8656 0
8657 2
8658 1
8659 1
8660 4
8661 1
8662 0
8663 3
8664 1
8665 2
8666 0
8667 1
8668 2
8669 0
8670 1
8671 1
8672 4
8673 2
8674 0
8675 0
8676 0
8677 0
8678 0
8679 1
8680 2
8681 1
8682 1
8683 1
8684 2
8685 0
8686 1
8687 2
8688 2
8689 1
8690 3
8691 3
8692 2
8693 1
8694 1
8695 0
8696 2
8697 0
8698 0
8699 1
8700 3
8701 3
8702 0
8703 2
8704 1
8705 0
8706 1
8707 0
8708 1
8709 2
8710 1
8711 1
8712 1
8713 2
8714 1
8715 0
8716 2
8717 1
8718 2
8719 0
8720 2
8721 0
8722 4
8723 2
8724 1
8725 3
8726 1
8727 4
8728 4
8729 1
8730 1
8731 1
8732 2
8733 3
8734 1
8735 2
8736 0
8737 1
8738 0
8739 2
8740 2
8741 0
8742 2
8743 2
8744 1
8745 1
8746 3
8747 1
8748 2
8749 0
8750 2
8751 1
8752 3
8753 3
8754 1
8755 1
8756 2
8757 3
8758 0
8759 2
8760 1
8761 2
8762 4
8763 1
8764 3
8765 1
8766 2
8767 2
8768 0
8769 0
8770 2
8771 0
8772 2
8773 2
8774 2
8775 2
8776 0
8777 2
8778 1
8779 1
8780 0
8781 0
8782 3
8783 1
8784 2
8785 1
8786 1
8787 2
8788 0
8789 0
8790 1
8791 0
8792 4
8793 2
8794 1
8795 3
8796 2
8797 1
8798 2
8799 2
8800 4
8801 3
8802 1
8803 1
8804 1
8805 2
8806 0
8807 2
8808 0
8809 0
8810 0
8811 0
8812 1
8813 0
8814 1
8815 2
8816 3
8817 2
8818 3
8819 1
8820 1
8821 2
8822 1
8823 2
8824 3
8825 1
8826 3
8827 3
8828 2
8829 0
8830 1
8831 0
8832 3
8833 3
8834 4
8835 3
8836 3
8837 2
8838 4
8839 3
8840 2
8841 3
8842 1
8843 1
8844 1
8845 0
8846 2
8847 0
8848 1
8849 3
8850 1
8851 2
8852 3
8853 4
8854 4
8855 3
8856 1
8857 2
8858 0
8859 3
8860 1
8861 3
8862 0
8863 2
8864 2
8865 0
8866 1
8867 1
8868 0
8869 3
8870 2
8871 2
8872 4
8873 1
8874 0
8875 2
8876 1
8877 1
8878 1
8879 0
8880 2
8881 2
8882 2
8883 0
8884 1
8885 1
8886 0
8887 0
8888 3
8889 1
8890 3
8891 0
8892 1
8893 2
8894 2
8895 0
8896 1
8897 1
8898 1
8899 1
8900 1
8901 2
8902 3
8903 1
8904 1
8905 0
8906 3
8907 1
8908 3
8909 2
8910 3
8911 1
8912 1
8913 0
8914 1
8915 3
8916 0
8917 0
8918 2
8919 0
8920 1
8921 1
8922 2
8923 2
8924 1
8925 0
8926 1
8927 3
8928 1
8929 1
8930 1
8931 2
8932 3
8933 3
8934 5
8935 4
8936 3
8937 4
8938 3
8939 2
8940 3
8941 0
8942 1
8943 2
8944 2
8945 2
8946 2
8947 1
8948 0
8949 4
8950 2
8951 2
8952 1
8953 1
8954 2
8955 2
8956 2
8957 2
8958 3
8959 1
8960 3
8961 1
8962 3
8963 1
8964 3
8965 2
8966 0
8967 0
8968 1
8969 3
8970 1
8971 1
8972 3
8973 1
8974 0
8975 3
8976 0
8977 2
8978 0
8979 2
8980 3
8981 4
8982 3
8983 3
8984 2
8985 5
8986 3
8987 2
8988 2
8989 3
8990 3
8991 0
8992 3
8993 2
8994 0
8995 4
8996 4
8997 4
8998 4
8999 5
9000 4
9001 4
9002 6
9003 4
9004 7
9005 7
9006 4
9007 4
9008 3
9009 2
9010 0
9011 2
9012 0
9013 0
9014 2
9015 2
9016 2
9017 2
9018 1
9019 0
9020 2
9021 1
9022 2
9023 3
9024 3
9025 1
9026 0
9027 3
9028 2
9029 2
9030 0
9031 1
9032 2
9033 3
9034 2
9035 1
9036 1
9037 0
9038 0
9039 2
9040 1
9041 2
9042 2
9043 1
9044 0
9045 0
9046 0
9047 3
9048 2
9049 1
9050 2
9051 1
9052 0
9053 1
9054 3
9055 1
9056 1
9057 1
9058 4
9059 5
9060 4
9061 3
9062 3
9063 1
9064 2
9065 2
9066 4
9067 1
9068 1
9069 1
9070 1
9071 2
9072 1
9073 2
9074 1
9075 0
9076 1
9077 1
9078 3
9079 2
9080 1
9081 0
9082 1
9083 1
9084 3
9085 2
9086 2
9087 0
9088 2
9089 0
9090 1
9091 2
9092 0
9093 1
9094 3
9095 0
9096 0
9097 2
9098 2
9099 1
9100 1
9101 1
9102 1
9103 1
9104 2
9105 1
9106 3
9107 2
9108 1
9109 2
9110 3
9111 3
9112 2
9113 2
9114 1
9115 3
9116 1
9117 0
9118 2
9119 3
9120 1
9121 0
9122 2
9123 4
9124 5
9125 4
9126 2
9127 2
9128 1
9129 3
9130 3
9131 2
9132 2
9133 3
9134 0
9135 0
9136 0
9137 0
9138 2
9139 2
9140 2
9141 1
9142 1
9143 2
9144 3
9145 3
9146 2
9147 1
9148 1
9149 3
9150 1
9151 2
9152 1
9153 1
9154 0
9155 1
9156 1
9157 2
9158 4
9159 4
9160 3
9161 0
9162 1
9163 0
9164 2
9165 3
9166 0
9167 3
9168 0
9169 1
9170 4
9171 2
9172 1
9173 0
9174 2
9175 1
9176 4
9177 1
9178 0
9179 2
9180 0
9181 1
9182 3
9183 1
9184 2
9185 4
9186 2
9187 2
9188 4
9189 5
9190 3
9191 0
9192 1
9193 1
9194 2
9195 1
9196 2
9197 2
9198 1
9199 5
9200 2
9201 2
9202 3
9203 1
9204 2
9205 1
9206 2
9207 4
9208 2
9209 1
9210 1
9211 1
9212 0
9213 2
9214 4
9215 3
9216 3
9217 2
9218 1
9219 2
9220 0
9221 2
9222 4
9223 5
9224 3
9225 2
9226 0
9227 4
9228 2
9229 1
9230 1
9231 2
9232 5
9233 2
9234 1
9235 2
9236 1
9237 0
9238 1
9239 3
9240 2
9241 1
9242 1
9243 0
9244 1
9245 2
9246 0
9247 3
9248 3
9249 2
9250 1
9251 3
9252 2
9253 1
9254 1
9255 2
9256 1
9257 0
9258 0
9259 1
9260 3
9261 1
9262 3
9263 0
9264 0
9265 3
9266 0
9267 1
9268 2
9269 2
9270 0
9271 1
9272 2
9273 2
9274 1
9275 0
9276 2
9277 1
9278 0
9279 2
9280 1
9281 3
9282 0
9283 3
9284 4
9285 3
9286 3
9287 3
9288 2
9289 1
9290 2
9291 2
9292 2
9293 1
9294 1
9295 1
9296 1
9297 1
9298 3
9299 1
9300 1
9301 2
9302 1
9303 0
9304 1
9305 1
9306 2
9307 1
9308 1
9309 0
9310 2
9311 3
9312 0
9313 4
9314 1
9315 1
9316 1
9317 2
9318 1
9319 3
9320 1
9321 2
9322 1
9323 0
9324 0
9325 1
9326 1
9327 2
9328 2
9329 1
9330 1
9331 1
9332 2
9333 2
9334 2
9335 0
9336 1
9337 1
9338 1
9339 1
9340 1
9341 0
9342 1
9343 1
9344 0
9345 1
9346 2
9347 1
9348 1
9349 2
9350 1
9351 1
9352 1
9353 0
9354 1
9355 1
9356 3
9357 0
9358 2
9359 2
9360 3
9361 3
9362 0
9363 1
9364 1
9365 0
9366 1
9367 2
9368 3
9369 1
9370 4
9371 2
9372 3
9373 3
9374 1
9375 2
9376 1
9377 0
9378 0
9379 3
9380 1
9381 1
9382 2
9383 1
9384 2
9385 2
9386 1
9387 3
9388 1
9389 1
9390 2
9391 2
9392 0
9393 0
9394 1
9395 4
9396 3
9397 1
9398 3
9399 1
9400 2
9401 1
9402 4
9403 3
9404 2
9405 2
9406 3
9407 0
9408 2
9409 3
9410 2
9411 0
9412 4
9413 3
9414 4
9415 4
9416 3
9417 2
9418 2
9419 3
9420 2
9421 1
9422 1
9423 2
9424 0
9425 0
9426 2
9427 2
9428 3
9429 3
9430 3
9431 2
9432 0
9433 1
9434 2
9435 3
9436 4
9437 2
9438 1
9439 0
9440 1
9441 0
9442 1
9443 1
9444 2
9445 0
9446 2
9447 2
9448 4
9449 1
9450 1
9451 5
9452 5
9453 3
9454 0
9455 2
9456 3
9457 0
9458 1
9459 0
9460 0
9461 1
9462 1
9463 0
9464 1
9465 3
9466 2
9467 3
9468 1
9469 1
9470 1
9471 1
9472 4
9473 3
9474 2
9475 2
9476 0
9477 4
9478 3
9479 3
9480 2
9481 1
9482 1
9483 2
9484 1
9485 2
9486 2
9487 1
9488 0
9489 1
9490 1
9491 1
9492 1
9493 1
9494 0
9495 0
9496 0
9497 1
9498 1
9499 1
9500 0
9501 1
9502 2
9503 3
9504 2
9505 0
9506 2
9507 0
9508 2
9509 1
9510 2
9511 3
9512 2
9513 1
9514 1
9515 0
9516 1
9517 3
9518 2
9519 1
9520 2
9521 3
9522 3
9523 2
9524 4
9525 2
9526 0
9527 1
9528 0
9529 3
9530 0
9531 1
9532 1
9533 2
9534 2
9535 1
9536 0
9537 1
9538 2
9539 3
9540 0
9541 3
9542 4
9543 2
9544 1
9545 1
9546 3
9547 3
9548 1
9549 1
9550 2
9551 2
9552 0
9553 4
9554 2
9555 0
9556 1
9557 3
9558 0
9559 0
9560 1
9561 2
9562 2
9563 2
9564 1
9565 3
9566 3
9567 2
9568 2
9569 3
9570 2
9571 4
9572 3
9573 2
9574 1
9575 1
9576 0
9577 1
9578 1
9579 1
9580 2
9581 2
9582 1
9583 1
9584 1
9585 2
9586 3
9587 1
9588 3
9589 2
9590 3
9591 4
9592 1
9593 1
9594 1
9595 2
9596 0
9597 1
9598 2
9599 2
9600 2
9601 1
9602 2
9603 0
9604 0
9605 1
9606 2
9607 2
9608 1
9609 1
9610 3
9611 2
9612 0
9613 2
9614 3
9615 2
9616 0
9617 1
9618 2
9619 2
9620 2
9621 5
9622 3
9623 0
9624 1
9625 2
9626 1
9627 2
9628 1
9629 5
9630 4
9631 5
9632 4
9633 3
9634 4
9635 5
9636 4
9637 3
9638 2
9639 2
9640 4
9641 1
9642 1
9643 3
9644 1
9645 2
9646 0
9647 1
9648 2
9649 1
9650 3
9651 2
9652 2
9653 1
9654 3
9655 3
9656 2
9657 3
9658 2
9659 3
9660 4
9661 7
9662 4
9663 2
9664 2
9665 1
9666 2
9667 1
9668 0
9669 3
9670 3
9671 4
9672 3
9673 0
9674 2
9675 2
9676 2
9677 2
9678 3
9679 2
9680 1
9681 1
9682 1
9683 1
9684 1
9685 0
9686 3
9687 3
9688 0
9689 2
9690 1
9691 0
9692 3
9693 1
9694 2
9695 1
9696 1
9697 2
9698 3
9699 2
9700 0
9701 0
9702 1
9703 2
9704 0
9705 2
9706 3
9707 3
9708 2
9709 3
9710 0
9711 2
9712 2
9713 2
9714 2
9715 2
9716 1
9717 1
9718 0
9719 2
9720 1
9721 2
9722 1
9723 1
9724 2
9725 3
9726 0
9727 1
9728 2
9729 4
9730 4
9731 2
9732 0
9733 2
9734 2
9735 2
9736 2
9737 1
9738 1
9739 0
9740 2
9741 0
9742 0
9743 1
9744 1
9745 1
9746 1
9747 1
9748 1
9749 3
9750 2
9751 0
9752 1
9753 3
9754 0
9755 3
9756 1
9757 1
9758 1
9759 2
9760 3
9761 2
9762 0
9763 1
9764 0
9765 1
9766 2
9767 1
9768 3
9769 3
9770 3
9771 2
9772 1
9773 1
9774 2
9775 1
9776 1
9777 1
9778 1
9779 3
9780 0
9781 0
9782 1
9783 1
9784 1
9785 1
9786 0
9787 1
9788 2
9789 2
9790 4
9791 1
9792 1
9793 0
9794 4
9795 4
9796 2
9797 0
9798 1
9799 1
9800 1
9801 0
9802 1
9803 1
9804 2
9805 3
9806 1
9807 2
9808 1
9809 0
9810 1
9811 2
9812 2
9813 2
9814 3
9815 1
9816 2
9817 1
9818 2
9819 2
9820 2
9821 1
9822 1
9823 3
9824 4
9825 3
9826 4
9827 3
9828 2
9829 5
9830 2
9831 3
9832 3
9833 2
9834 2
9835 1
9836 1
9837 1
9838 2
9839 2
9840 2
9841 3
9842 1
9843 4
9844 5
9845 3
9846 0
9847 1
9848 3
9849 1
9850 2
9851 3
9852 1
9853 1
9854 2
9855 2
9856 1
9857 0
9858 1
9859 2
9860 3
9861 2
9862 2
9863 3
9864 1
9865 1
9866 0
9867 1
9868 0
9869 2
9870 0
9871 3
9872 3
9873 2
9874 0
9875 2
9876 1
9877 2
9878 2
9879 1
9880 3
9881 3
9882 2
9883 3
9884 3
9885 1
9886 2
9887 2
9888 1
9889 0
9890 0
9891 3
9892 2
9893 2
9894 1
9895 0
9896 2
9897 1
9898 2
9899 1
9900 1
9901 1
9902 3
9903 2
9904 2
9905 0
9906 0
9907 3
9908 1
9909 2
9910 4
9911 4
9912 3
9913 2
9914 1
9915 0
9916 0
9917 2
9918 1
9919 3
9920 0
9921 2
9922 0
9923 0
9924 1
9925 1
9926 1
9927 2
9928 0
9929 0
9930 2
9931 1
9932 0
9933 2
9934 0
9935 1
9936 1
9937 4
9938 2
9939 3
9940 1
9941 4
9942 4
9943 2
9944 3
9945 1
9946 1
9947 3
9948 1
9949 3
9950 3
9951 1
9952 0
9953 2
9954 1
9955 1
9956 1
9957 0
9958 4
9959 2
9960 0
9961 2
9962 4
9963 4
9964 3
9965 0
9966 2
9967 2
9968 2
9969 2
9970 2
9971 1
9972 0
9973 1
9974 2
9975 1
9976 1
9977 1
9978 2
9979 0
9980 0
9981 2
9982 3
9983 0
9984 1
9985 1
9986 2
9987 2
9988 1
9989 0
9990 0
9991 2
9992 1
9993 0
9994 0
9995 0
9996 0
9997 3
9998 3
9999 0
