0 6
1 6
2 6
3 6
4 4
5 4
6 5
7 7
8 8
9 7
10 9
11 6
12 4
13 4
14 4
15 6
16 5
17 5
18 5
19 5
20 3
21 2
22 2
23 2
24 4
25 4
26 1
27 3
28 1
29 4
30 2
31 2
32 1
33 2
34 4
35 3
36 2
37 3
38 1
39 4
40 6
41 4
42 3
43 4
44 4
45 4
46 2
47 3
48 4
49 5
50 5
51 5
52 3
53 3
54 2
55 3
56 3
57 4
58 3
59 3
60 3
61 3
62 2
63 2
64 4
65 4
66 2
67 3
68 1
69 6
70 6
71 6
72 5
73 5
74 3
75 4
76 4
77 6
78 7
79 7
80 8
81 9
82 8
83 10
84 10
85 11
86 13
87 15
88 12
89 12
90 11
91 10
92 8
93 6
94 7
95 6
96 7
97 7
98 6
99 7
100 6
101 7
102 7
103 8
104 6
105 6
106 5
107 2
108 2
109 2
110 2
111 5
112 4
113 4
114 3
115 1
116 3
117 3
118 2
119 2
120 2
121 3
122 3
123 6
124 4
125 3
126 1
127 4
128 4
129 4
130 3
131 3
132 5
133 5
134 4
135 2
136 2
137 4
138 2
139 2
140 1
141 2
142 3
143 3
144 0
145 0
146 3
147 5
148 3
149 4
150 5
151 4
152 1
153 2
154 2
155 6
156 5
157 5
158 2
159 4
160 2
161 0
162 3
163 5
164 4
165 5
166 4
167 4
168 4
169 2
170 4
171 4
172 2
173 2
174 3
175 4
176 6
177 8
178 8
179 9
180 9
181 11
182 8
183 7
184 9
185 8
186 9
187 8
188 8
189 6
190 5
191 5
192 6
193 4
194 4
195 2
196 4
197 2
198 4
199 4
200 6
201 6
202 6
203 6
204 4
205 2
206 1
207 2
208 7
209 7
210 10
211 10
212 8
213 7
214 6
215 4
216 2
217 2
218 3
219 2
220 2
221 4
222 2
223 4
224 3
225 4
226 1
227 3
228 1
229 4
230 4
231 4
232 4
233 2
234 1
235 2
236 2
237 3
238 1
239 4
240 3
241 5
242 5
243 4
244 3
245 4
246 6
247 7
248 8
249 11
250 10
251 14
252 14
253 11
254 10
255 9
256 10
257 9
258 8
259 7
260 6
261 8
262 7
263 5
264 4
265 5
266 2
267 2
268 3
269 4
270 5
271 6
272 8
273 7
274 9
275 8
276 6
277 6
278 5
279 6
280 5
281 7
282 7
283 8
284 7
285 6
286 6
287 6
288 5
289 5
290 6
291 9
292 10
293 8
294 9
295 10
296 10
297 8
298 10
299 12
300 11
301 11
302 11
303 10
304 10
305 10
306 10
307 9
308 8
309 5
310 5
311 6
312 9
313 7
314 8
315 9
316 11
317 11
318 11
319 12
320 13
321 10
322 10
323 8
324 7
325 8
326 6
327 7
328 8
329 8
330 7
331 4
332 4
333 5
334 5
335 3
336 3
337 1
338 4
339 4
340 5
341 5
342 10
343 12
344 9
345 10
346 10
347 11
348 11
349 10
350 7
351 9
352 10
353 10
354 9
355 10
356 10
357 9
358 11
359 10
360 8
361 10
362 8
363 5
364 4
365 2
366 3
367 4
368 1
369 3
370 2
371 4
372 6
373 3
374 1
375 1
376 2
377 3
378 4
379 4
380 5
381 5
382 7
383 7
384 8
385 7
386 8
387 8
388 8
389 7
390 6
391 5
392 6
393 5
394 6
395 6
396 6
397 5
398 6
399 6
400 3
401 4
402 7
403 8
404 9
405 9
406 10
407 10
408 11
409 9
410 11
411 14
412 14
413 14
414 14
415 14
416 14
417 15
418 12
419 12
420 12
421 11
422 11
423 12
424 10
425 8
426 7
427 7
428 7
429 8
430 8
431 10
432 10
433 13
434 15
435 12
436 11
437 11
438 12
439 15
440 12
441 12
442 12
443 9
444 10
445 9
446 10
447 10
448 10
449 9
450 9
451 8
452 9
453 8
454 6
455 4
456 1
457 2
458 2
459 1
460 3
461 4
462 2
463 2
464 2
465 3
466 4
467 4
468 5
469 4
470 5
471 5
472 6
473 4
474 3
475 2
476 3
477 4
478 6
479 7
480 6
481 8
482 6
483 7
484 7
485 9
486 9
487 10
488 8
489 7
490 6
491 8
492 5
493 7
494 8
495 6
496 6
497 5
498 5
499 4
500 8
501 10
502 10
503 11
504 11
505 10
506 10
507 12
508 11
509 12
510 13
511 11
512 13
513 12
514 13
515 12
516 12
517 11
518 9
519 8
520 6
521 4
522 5
523 2
524 5
525 2
526 1
527 4
528 2
529 1
530 3
531 1
532 4
533 3
534 3
535 4
536 2
537 2
538 2
539 2
540 5
541 4
542 3
543 1
544 3
545 3
546 4
547 2
548 4
549 2
550 3
551 3
552 2
553 4
554 4
555 3
556 3
557 4
558 4
559 2
560 5
561 5
562 6
563 7
564 7
565 6
566 4
567 5
568 4
569 4
570 3
571 4
572 4
573 4
574 4
575 4
576 5
577 4
578 2
579 1
580 1
581 4
582 2
583 3
584 3
585 3
586 1
587 4
588 3
589 5
590 4
591 4
592 2
593 2
594 2
595 3
596 4
597 3
598 2
599 2
600 2
601 1
602 3
603 3
604 1
605 0
606 3
607 4
608 5
609 4
610 3
611 3
612 4
613 3
614 5
615 6
616 7
617 6
618 6
619 7
620 8
621 8
622 7
623 6
624 8
625 7
626 6
627 6
628 5
629 4
630 5
631 3
632 2
633 5
634 3
635 7
636 8
637 9
638 8
639 11
640 9
641 8
642 8
643 7
644 12
645 14
646 17
647 14
648 16
649 13
650 12
651 13
652 12
653 9
654 6
655 7
656 9
657 8
658 6
659 7
660 8
661 9
662 8
663 10
664 11
665 12
666 12
667 14
668 13
669 14
670 12
671 14
672 15
673 12
674 12
675 10
676 11
677 13
678 12
679 12
680 12
681 12
682 13
683 12
684 10
685 9
686 10
687 14
688 14
689 14
690 13
691 11
692 11
693 11
694 13
695 10
696 10
697 12
698 12
699 11
700 13
701 14
702 14
703 15
704 12
705 11
706 10
707 11
708 12
709 11
710 10
711 9
712 9
713 8
714 7
715 8
716 6
717 7
718 6
719 8
720 7
721 5
722 4
723 5
724 3
725 4
726 5
727 4
728 4
729 4
730 5
731 6
732 4
733 4
734 1
735 4
736 7
737 8
738 7
739 8
740 10
741 7
742 9
743 10
744 11
745 10
746 8
747 9
748 10
749 9
750 7
751 7
752 4
753 3
754 3
755 4
756 3
757 2
758 4
759 6
760 6
761 7
762 6
763 7
764 9
765 12
766 14
767 17
768 14
769 14
770 13
771 11
772 13
773 14
774 11
775 9
776 9
777 8
778 8
779 8
780 6
781 5
782 7
783 9
784 13
785 14
786 15
787 12
788 14
789 12
790 12
791 14
792 14
793 13
794 11
795 11
796 9
797 10
798 11
799 11
800 11
801 11
802 9
803 10
804 9
805 9
806 11
807 10
808 9
809 7
810 6
811 7
812 7
813 6
814 6
815 7
816 7
817 8
818 7
819 9
820 9
821 8
822 6
823 7
824 11
825 12
826 12
827 10
828 11
829 9
830 8
831 7
832 6
833 6
834 7
835 7
836 7
837 5
838 5
839 6
840 7
841 8
842 7
843 9
844 12
845 13
846 12
847 12
848 12
849 11
850 10
851 11
852 8
853 10
854 11
855 8
856 11
857 11
858 12
859 10
860 12
861 11
862 8
863 10
864 8
865 7
866 7
867 7
868 4
869 2
870 1
871 3
872 3
873 2
874 4
875 2
876 2
877 1
878 2
879 3
880 3
881 2
882 4
883 3
884 0
885 4
886 3
887 5
888 5
889 5
890 9
891 9
892 10
893 9
894 8
895 10
896 9
897 9
898 9
899 8
900 6
901 7
902 6
903 7
904 8
905 9
906 11
907 13
908 14
909 12
910 10
911 13
912 13
913 13
914 12
915 13
916 13
917 11
918 9
919 9
920 8
921 8
922 9
923 9
924 8
925 7
926 5
927 6
928 7
929 7
930 11
931 8
932 7
933 8
934 10
935 12
936 11
937 9
938 8
939 7
940 6
941 6
942 8
943 6
944 5
945 3
946 3
947 1
948 3
949 1
950 4
951 4
952 2
953 4
954 1
955 2
956 3
957 2
958 3
959 3
960 3
961 1
962 1
963 2
964 3
965 3
966 1
967 3
968 2
969 2
970 1
971 3
972 4
973 4
974 2
975 4
976 4
977 4
978 5
979 7
980 7
981 7
982 7
983 6
984 7
985 5
986 4
987 3
988 3
989 1
990 3
991 0
992 3
993 1
994 1
995 2
996 3
997 5
998 4
999 3
1000 4
1001 5
1002 5
1003 4
1004 2
1005 6
1006 8
1007 7
1008 7
1009 7
1010 6
1011 5
1012 4
1013 5
1014 5
1015 7
1016 10
1017 8
1018 8
1019 8
1020 9
1021 10
1022 10
1023 9
1024 10
1025 10
1026 12
1027 14
1028 13
1029 13
1030 11
1031 10
1032 11
1033 11
1034 10
1035 8
1036 8
1037 11
1038 12
1039 15
1040 12
1041 17
1042 14
1043 12
1044 12
1045 12
1046 9
1047 12
1048 13
1049 12
1050 15
1051 12
1052 9
1053 7
1054 7
1055 7
1056 7
1057 5
1058 3
1059 3
1060 1
1061 5
1062 7
1063 8
1064 9
1065 11
1066 10
1067 9
1068 9
1069 10
1070 8
1071 7
1072 7
1073 6
1074 6
1075 6
1076 10
1077 10
1078 10
1079 7
1080 8
1081 5
1082 6
1083 7
1084 6
1085 6
1086 7
1087 7
1088 5
1089 5
1090 5
1091 6
1092 5
1093 5
1094 5
1095 5
1096 4
1097 2
1098 4
1099 2
1100 0
1101 2
1102 0
1103 3
1104 4
1105 5
1106 4
1107 2
1108 2
1109 2
1110 4
1111 6
1112 8
1113 9
1114 11
1115 11
1116 9
1117 11
1118 13
1119 12
1120 12
1121 11
1122 9
1123 7
1124 7
1125 7
1126 9
1127 9
1128 8
1129 6
1130 5
1131 4
1132 6
1133 3
1134 1
1135 3
1136 4
1137 4
1138 4
1139 6
1140 5
1141 5
1142 7
1143 6
1144 6
1145 8
1146 9
1147 11
1148 12
1149 14
1150 13
1151 12
1152 12
1153 12
1154 13
1155 16
1156 13
1157 13
1158 11
1159 12
1160 12
1161 11
1162 12
1163 11
1164 12
1165 10
1166 8
1167 8
1168 9
1169 10
1170 10
1171 10
1172 9
1173 9
1174 8
1175 8
1176 7
1177 5
1178 5
1179 4
1180 3
1181 0
1182 1
1183 3
1184 7
1185 8
1186 8
1187 7
1188 5
1189 3
1190 2
1191 5
1192 5
1193 3
1194 3
1195 5
1196 6
1197 7
1198 7
1199 8
1200 7
1201 6
1202 6
1203 6
1204 5
1205 5
1206 5
1207 4
1208 6
1209 5
1210 4
1211 3
1212 3
1213 1
1214 5
1215 4
1216 4
1217 2
1218 7
1219 8
1220 8
1221 9
1222 9
1223 10
1224 11
1225 10
1226 9
1227 9
1228 7
1229 7
1230 5
1231 5
1232 4
1233 5
1234 5
1235 5
1236 7
1237 10
1238 10
1239 10
1240 10
1241 8
1242 6
1243 7
1244 7
1245 9
1246 7
1247 8
1248 6
1249 5
1250 2
1251 6
1252 6
1253 6
1254 9
1255 11
1256 9
1257 8
1258 8
1259 7
1260 8
1261 9
1262 7
1263 7
1264 7
1265 6
1266 4
1267 6
1268 5
1269 6
1270 7
1271 8
1272 8
1273 9
1274 9
1275 8
1276 9
1277 7
1278 9
1279 8
1280 9
1281 9
1282 8
1283 11
1284 14
1285 13
1286 14
1287 15
1288 12
1289 11
1290 8
1291 8
1292 8
1293 6
1294 5
1295 3
1296 2
1297 2
1298 2
1299 3
1300 2
1301 4
1302 5
1303 3
1304 2
1305 0
1306 4
1307 3
1308 3
1309 3
1310 1
1311 4
1312 4
1313 2
1314 5
1315 6
1316 6
1317 6
1318 6
1319 5
1320 4
1321 3
1322 4
1323 5
1324 6
1325 7
1326 9
1327 7
1328 5
1329 5
1330 6
1331 3
1332 1
1333 4
1334 4
1335 4
1336 6
1337 7
1338 10
1339 12
1340 11
1341 11
1342 11
1343 9
1344 11
1345 11
1346 9
1347 7
1348 5
1349 4
1350 2
1351 6
1352 5
1353 6
1354 4
1355 4
1356 4
1357 5
1358 7
1359 7
1360 5
1361 6
1362 4
1363 6
1364 4
1365 2
1366 2
1367 2
1368 3
1369 5
1370 4
1371 4
1372 4
1373 4
1374 6
1375 7
1376 8
1377 6
1378 5
1379 5
1380 5
1381 6
1382 5
1383 4
1384 3
1385 5
1386 5
1387 5
1388 5
1389 4
1390 3
1391 2
1392 6
1393 5
1394 6
1395 8
1396 6
1397 6
1398 8
1399 11
1400 11
1401 11
1402 11
1403 10
1404 8
1405 9
1406 9
1407 9
1408 9
1409 11
1410 11
1411 9
1412 9
1413 8
1414 7
1415 7
1416 4
1417 3
1418 1
1419 4
1420 4
1421 5
1422 5
1423 5
1424 4
1425 4
1426 4
1427 3
1428 2
1429 4
1430 4
1431 4
1432 7
1433 6
1434 8
1435 8
1436 9
1437 8
1438 7
1439 6
1440 5
1441 3
1442 4
1443 3
1444 4
1445 3
1446 1
1447 4
1448 4
1449 3
1450 0
1451 1
1452 3
1453 5
1454 6
1455 8
1456 7
1457 5
1458 3
1459 5
1460 3
1461 3
1462 4
1463 3
1464 0
1465 3
1466 4
1467 3
1468 5
1469 5
1470 5
1471 7
1472 5
1473 4
1474 4
1475 5
1476 5
1477 2
1478 4
1479 3
1480 2
1481 3
1482 0
1483 5
1484 4
1485 6
1486 7
1487 8
1488 7
1489 5
1490 6
1491 6
1492 8
1493 8
1494 7
1495 5
1496 5
1497 7
1498 8
1499 5
1500 6
1501 3
1502 3
1503 3
1504 3
1505 3
1506 1
1507 2
1508 5
1509 4
1510 5
1511 3
1512 5
1513 5
1514 7
1515 8
1516 8
1517 9
1518 11
1519 13
1520 14
1521 12
1522 13
1523 12
1524 12
1525 10
1526 8
1527 9
1528 8
1529 6
1530 5
1531 8
1532 10
1533 11
1534 11
1535 11
1536 11
1537 12
1538 10
1539 10
1540 10
1541 11
1542 11
1543 12
1544 12
1545 12
1546 11
1547 11
1548 12
1549 12
1550 12
1551 11
1552 12
1553 12
1554 11
1555 14
1556 16
1557 13
1558 14
1559 12
1560 9
1561 8
1562 13
1563 12
1564 11
1565 11
1566 10
1567 11
1568 11
1569 10
1570 8
1571 9
1572 11
1573 10
1574 7
1575 8
1576 8
1577 8
1578 7
1579 7
1580 8
1581 7
1582 9
1583 7
1584 7
1585 8
1586 8
1587 9
1588 9
1589 8
1590 7
1591 5
1592 6
1593 7
1594 6
1595 9
1596 9
1597 8
1598 7
1599 6
1600 3
1601 1
1602 1
1603 6
1604 7
1605 6
1606 7
1607 7
1608 9
1609 8
1610 7
1611 8
1612 11
1613 12
1614 13
1615 13
1616 10
1617 7
1618 5
1619 4
1620 4
1621 4
1622 6
1623 6
1624 4
1625 2
1626 2
1627 3
1628 1
1629 1
1630 3
1631 3
1632 4
1633 4
1634 3
1635 1
1636 3
1637 5
1638 4
1639 5
1640 6
1641 5
1642 4
1643 1
1644 4
1645 2
1646 4
1647 3
1648 4
1649 4
1650 4
1651 4
1652 6
1653 7
1654 8
1655 6
1656 9
1657 10
1658 11
1659 11
1660 11
1661 14
1662 16
1663 13
1664 12
1665 11
1666 11
1667 11
1668 10
1669 10
1670 10
1671 12
1672 12
1673 11
1674 12
1675 10
1676 9
1677 9
1678 10
1679 11
1680 9
1681 8
1682 9
1683 11
1684 13
1685 13
1686 14
1687 16
1688 13
1689 13
1690 13
1691 12
1692 16
1693 13
1694 11
1695 10
1696 11
1697 10
1698 12
1699 13
1700 14
1701 14
1702 12
1703 9
1704 9
1705 8
1706 8
1707 9
1708 11
1709 10
1710 7
1711 8
1712 7
1713 7
1714 7
1715 6
1716 4
1717 3
1718 3
1719 1
1720 0
1721 3
1722 1
1723 3
1724 3
1725 1
1726 5
1727 6
1728 5
1729 6
1730 4
1731 2
1732 1
1733 4
1734 7
1735 8
1736 5
1737 3
1738 5
1739 3
1740 3
1741 0
1742 1
1743 4
1744 2
1745 2
1746 5
1747 5
1748 7
1749 7
1750 7
1751 10
1752 10
1753 10
1754 9
1755 9
1756 8
1757 8
1758 8
1759 10
1760 10
1761 11
1762 13
1763 14
1764 14
1765 16
1766 13
1767 16
1768 13
1769 14
1770 13
1771 14
1772 16
1773 13
1774 12
1775 11
1776 11
1777 10
1778 9
1779 9
1780 8
1781 7
1782 7
1783 7
1784 7
1785 8
1786 7
1787 6
1788 4
1789 5
1790 4
1791 1
1792 5
1793 3
1794 4
1795 3
1796 4
1797 3
1798 1
1799 4
1800 6
1801 6
1802 5
1803 4
1804 1
1805 2
1806 2
1807 4
1808 4
1809 1
1810 1
1811 3
1812 5
1813 5
1814 4
1815 2
1816 2
1817 2
1818 0
1819 3
1820 1
1821 3
1822 2
1823 2
1824 1
1825 3
1826 5
1827 6
1828 5
1829 3
1830 3
1831 2
1832 1
1833 3
1834 1
1835 2
1836 5
1837 7
1838 6
1839 4
1840 3
1841 3
1842 4
1843 4
1844 2
1845 2
1846 3
1847 0
1848 4
1849 5
1850 8
1851 9
1852 9
1853 8
1854 10
1855 11
1856 13
1857 15
1858 12
1859 12
1860 11
1861 11
1862 12
1863 12
1864 12
1865 12
1866 12
1867 11
1868 11
1869 9
1870 10
1871 10
1872 8
1873 8
1874 5
1875 5
1876 5
1877 6
1878 5
1879 5
1880 5
1881 8
1882 7
1883 6
1884 5
1885 5
1886 6
1887 5
1888 5
1889 5
1890 5
1891 5
1892 3
1893 0
1894 4
1895 1
1896 3
1897 1
1898 5
1899 6
1900 5
1901 7
1902 7
1903 8
1904 8
1905 8
1906 7
1907 8
1908 8
1909 8
1910 8
1911 10
1912 12
1913 12
1914 10
1915 11
1916 11
1917 10
1918 11
1919 11
1920 11
1921 9
1922 9
1923 8
1924 8
1925 5
1926 6
1927 6
1928 6
1929 8
1930 6
1931 5
1932 4
1933 3
1934 3
1935 4
1936 3
1937 3
1938 3
1939 0
1940 4
1941 5
1942 6
1943 7
1944 8
1945 8
1946 6
1947 6
1948 7
1949 8
1950 6
1951 7
1952 9
1953 10
1954 9
1955 9
1956 8
1957 8
1958 7
1959 5
1960 4
1961 3
1962 2
1963 3
1964 4
1965 5
1966 4
1967 1
1968 1
1969 2
1970 5
1971 6
1972 9
1973 8
1974 6
1975 5
1976 5
1977 6
1978 4
1979 4
1980 5
1981 4
1982 3
1983 3
1984 5
1985 4
1986 3
1987 4
1988 4
1989 3
1990 4
1991 5
1992 2
1993 3
1994 5
1995 4
1996 4
1997 3
1998 0
1999 4
2000 3
2001 5
2002 4
2003 4
2004 4
2005 4
2006 6
2007 7
2008 7
2009 7
2010 6
2011 4
2012 5
2013 4
2014 3
2015 2
2016 1
2017 3
2018 3
2019 5
2020 5
2021 5
2022 6
2023 6
2024 4
2025 3
2026 3
2027 5
2028 4
2029 3
2030 4
2031 4
2032 4
2033 4
2034 4
2035 5
2036 3
2037 1
2038 5
2039 5
2040 4
2041 7
2042 8
2043 11
2044 11
2045 11
2046 12
2047 12
2048 11
2049 11
2050 10
2051 8
2052 6
2053 7
2054 8
2055 9
2056 7
2057 5
2058 5
2059 4
2060 3
2061 3
2062 3
2063 2
2064 5
2065 4
2066 7
2067 9
2068 10
2069 11
2070 13
2071 12
2072 11
2073 12
2074 13
2075 15
2076 12
2077 12
2078 14
2079 11
2080 11
2081 10
2082 9
2083 10
2084 11
2085 13
2086 13
2087 14
2088 15
2089 12
2090 11
2091 14
2092 14
2093 14
2094 16
2095 13
2096 11
2097 11
2098 9
2099 8
2100 8
2101 8
2102 8
2103 6
2104 8
2105 10
2106 10
2107 8
2108 6
2109 7
2110 6
2111 7
2112 9
2113 8
2114 9
2115 6
2116 6
2117 6
2118 9
2119 7
2120 10
2121 12
2122 11
2123 9
2124 10
2125 8
2126 8
2127 7
2128 5
2129 4
2130 4
2131 7
2132 4
2133 1
2134 2
2135 1
2136 6
2137 8
2138 6
2139 6
2140 5
2141 5
2142 4
2143 2
2144 2
2145 2
2146 1
2147 5
2148 5
2149 3
2150 2
2151 4
2152 1
2153 4
2154 5
2155 4
2156 4
2157 2
2158 4
2159 6
2160 7
2161 6
2162 5
2163 7
2164 8
2165 9
2166 9
2167 10
2168 9
2169 11
2170 11
2171 12
2172 11
2173 10
2174 10
2175 7
2176 6
2177 4
2178 4
2179 4
2180 3
2181 2
2182 5
2183 7
2184 7
2185 6
2186 6
2187 7
2188 9
2189 9
2190 8
2191 8
2192 7
2193 5
2194 4
2195 4
2196 6
2197 5
2198 5
2199 3
2200 4
2201 6
2202 4
2203 4
2204 5
2205 4
2206 2
2207 3
2208 3
2209 4
2210 2
2211 4
2212 3
2213 2
2214 1
2215 3
2216 6
2217 5
2218 5
2219 6
2220 7
2221 6
2222 5
2223 7
2224 4
2225 5
2226 6
2227 6
2228 6
2229 4
2230 5
2231 4
2232 4
2233 6
2234 6
2235 5
2236 4
2237 4
2238 4
2239 3
2240 2
2241 4
2242 5
2243 4
2244 4
2245 2
2246 1
2247 4
2248 2
2249 3
2250 5
2251 6
2252 8
2253 7
2254 7
2255 7
2256 7
2257 4
2258 3
2259 3
2260 3
2261 3
2262 3
2263 3
2264 2
2265 2
2266 2
2267 2
2268 2
2269 3
2270 2
2271 1
2272 1
2273 3
2274 3
2275 4
2276 4
2277 3
2278 3
2279 2
2280 4
2281 4
2282 3
2283 4
2284 3
2285 3
2286 1
2287 4
2288 5
2289 4
2290 2
2291 0
2292 3
2293 2
2294 3
2295 2
2296 1
2297 3
2298 4
2299 4
2300 3
2301 3
2302 2
2303 5
2304 5
2305 5
2306 4
2307 4
2308 2
2309 2
2310 0
2311 5
2312 4
2313 3
2314 2
2315 4
2316 2
2317 4
2318 3
2319 2
2320 4
2321 2
2322 1
2323 4
2324 4
2325 2
2326 4
2327 4
2328 2
2329 1
2330 5
2331 3
2332 6
2333 4
2334 3
2335 2
2336 3
2337 1
2338 6
2339 5
2340 6
2341 4
2342 5
2343 6
2344 8
2345 9
2346 8
2347 5
2348 4
2349 3
2350 2
2351 0
2352 2
2353 2
2354 3
2355 4
2356 3
2357 2
2358 2
2359 5
2360 6
2361 6
2362 4
2363 4
2364 2
2365 1
2366 6
2367 5
2368 5
2369 6
2370 5
2371 8
2372 6
2373 6
2374 5
2375 4
2376 4
2377 2
2378 4
2379 6
2380 6
2381 7
2382 5
2383 4
2384 4
2385 6
2386 5
2387 4
2388 4
2389 2
2390 3
2391 1
2392 5
2393 6
2394 6
2395 5
2396 5
2397 3
2398 1
2399 3
2400 4
2401 4
2402 6
2403 6
2404 4
2405 4
2406 2
2407 1
2408 4
2409 3
2410 2
2411 0
2412 1
2413 2
2414 2
2415 7
2416 7
2417 6
2418 7
2419 7
2420 6
2421 4
2422 4
2423 3
2424 3
2425 2
2426 4
2427 2
2428 3
2429 6
2430 5
2431 3
2432 3
2433 2
2434 4
2435 2
2436 4
2437 3
2438 5
2439 4
2440 4
2441 3
2442 3
2443 3
2444 2
2445 2
2446 3
2447 2
2448 2
2449 2
2450 2
2451 1
2452 4
2453 5
2454 5
2455 5
2456 4
2457 5
2458 4
2459 1
2460 4
2461 4
2462 1
2463 3
2464 5
2465 7
2466 6
2467 7
2468 6
2469 5
2470 5
2471 5
2472 6
2473 7
2474 7
2475 8
2476 7
2477 8
2478 10
2479 12
2480 13
2481 13
2482 11
2483 13
2484 13
2485 14
2486 14
2487 12
2488 11
2489 10
2490 10
2491 11
2492 12
2493 14
2494 14
2495 12
2496 16
2497 13
2498 13
2499 11
2500 10
2501 10
2502 11
2503 11
2504 11
2505 9
2506 11
2507 10
2508 8
2509 9
2510 10
2511 9
2512 11
2513 14
2514 14
2515 15
2516 12
2517 11
2518 13
2519 13
2520 14
2521 15
2522 12
2523 11
2524 10
2525 13
2526 14
2527 13
2528 15
2529 12
2530 14
2531 13
2532 12
2533 12
2534 11
2535 11
2536 12
2537 12
2538 11
2539 14
2540 16
2541 13
2542 13
2543 13
2544 13
2545 11
2546 9
2547 8
2548 10
2549 11
2550 10
2551 8
2552 8
2553 7
2554 6
2555 7
2556 7
2557 7
2558 11
2559 12
2560 10
2561 12
2562 12
2563 12
2564 11
2565 12
2566 12
2567 13
2568 13
2569 14
2570 16
2571 13
2572 12
2573 15
2574 12
2575 10
2576 10
2577 8
2578 9
2579 9
2580 8
2581 6
2582 6
2583 6
2584 5
2585 5
2586 3
2587 4
2588 4
2589 5
2590 7
2591 8
2592 5
2593 3
2594 1
2595 1
2596 4
2597 5
2598 4
2599 2
2600 5
2601 4
2602 3
2603 4
2604 2
2605 2
2606 3
2607 2
2608 5
2609 4
2610 5
2611 5
2612 6
2613 4
2614 6
2615 5
2616 7
2617 6
2618 5
2619 4
2620 4
2621 6
2622 4
2623 4
2624 3
2625 2
2626 2
2627 5
2628 6
2629 6
2630 7
2631 5
2632 3
2633 4
2634 5
2635 5
2636 3
2637 5
2638 2
2639 5
2640 5
2641 7
2642 8
2643 7
2644 8
2645 7
2646 8
2647 8
2648 8
2649 7
2650 9
2651 8
2652 10
2653 9
2654 11
2655 9
2656 10
2657 9
2658 9
2659 10
2660 11
2661 11
2662 13
2663 13
2664 14
2665 15
2666 12
2667 10
2668 12
2669 12
2670 13
2671 12
2672 12
2673 13
2674 12
2675 10
2676 9
2677 11
2678 12
2679 13
2680 12
2681 12
2682 11
2683 12
2684 12
2685 12
2686 10
2687 8
2688 8
2689 7
2690 6
2691 5
2692 4
2693 6
2694 10
2695 13
2696 14
2697 15
2698 12
2699 13
2700 12
2701 13
2702 17
2703 14
2704 12
2705 12
2706 10
2707 11
2708 12
2709 10
2710 10
2711 9
2712 8
2713 9
2714 11
2715 9
2716 8
2717 8
2718 8
2719 7
2720 7
2721 6
2722 5
2723 3
2724 6
2725 6
2726 7
2727 6
2728 6
2729 5
2730 5
2731 5
2732 4
2733 4
2734 5
2735 5
2736 5
2737 8
2738 8
2739 7
2740 6
2741 4
2742 5
2743 6
2744 5
2745 5
2746 5
2747 6
2748 5
2749 7
2750 7
2751 7
2752 9
2753 8
2754 11
2755 10
2756 9
2757 9
2758 7
2759 6
2760 5
2761 7
2762 8
2763 8
2764 6
2765 4
2766 3
2767 3
2768 4
2769 6
2770 5
2771 4
2772 4
2773 3
2774 2
2775 3
2776 3
2777 1
2778 2
2779 4
2780 5
2781 4
2782 3
2783 2
2784 4
2785 5
2786 7
2787 7
2788 6
2789 5
2790 5
2791 5
2792 4
2793 4
2794 6
2795 4
2796 5
2797 8
2798 6
2799 6
2800 6
2801 5
2802 4
2803 3
2804 4
2805 5
2806 6
2807 6
2808 4
2809 5
2810 4
2811 4
2812 5
2813 6
2814 5
2815 5
2816 2
2817 3
2818 3
2819 3
2820 5
2821 4
2822 5
2823 5
2824 4
2825 7
2826 6
2827 5
2828 4
2829 4
2830 6
2831 5
2832 4
2833 5
2834 4
2835 2
2836 5
2837 6
2838 3
2839 1
2840 2
2841 4
2842 2
2843 3
2844 3
2845 1
2846 2
2847 4
2848 3
2849 5
2850 8
2851 9
2852 9
2853 8
2854 7
2855 7
2856 9
2857 8
2858 8
2859 9
2860 8
2861 8
2862 8
2863 10
2864 11
2865 12
2866 13
2867 12
2868 11
2869 9
2870 8
2871 8
2872 6
2873 9
2874 11
2875 9
2876 11
2877 10
2878 10
2879 11
2880 12
2881 14
2882 14
2883 12
2884 15
2885 12
2886 10
2887 8
2888 9
2889 11
2890 10
2891 10
2892 9
2893 9
2894 9
2895 9
2896 8
2897 8
2898 9
2899 9
2900 8
2901 10
2902 8
2903 6
2904 6
2905 7
2906 7
2907 6
2908 8
2909 8
2910 10
2911 9
2912 9
2913 10
2914 10
2915 11
2916 11
2917 13
2918 11
2919 9
2920 6
2921 7
2922 8
2923 10
2924 9
2925 7
2926 6
2927 7
2928 7
2929 6
2930 7
2931 7
2932 7
2933 6
2934 6
2935 6
2936 6
2937 6
2938 4
2939 5
2940 5
2941 5
2942 4
2943 5
2944 8
2945 5
2946 3
2947 0
2948 3
2949 1
2950 4
2951 4
2952 2
2953 5
2954 3
2955 2
2956 2
2957 3
2958 2
2959 1
2960 4
2961 3
2962 1
2963 4
2964 3
2965 3
2966 0
2967 1
2968 4
2969 3
2970 2
2971 4
2972 7
2973 7
2974 6
2975 7
2976 8
2977 8
2978 6
2979 7
2980 9
2981 11
2982 10
2983 9
2984 10
2985 10
2986 9
2987 9
2988 8
2989 9
2990 9
2991 15
2992 12
2993 11
2994 12
2995 13
2996 12
2997 9
2998 11
2999 11
3000 12
3001 12
3002 11
3003 8
3004 7
3005 5
3006 4
3007 3
3008 5
3009 3
3010 4
3011 4
3012 7
3013 7
3014 7
3015 8
3016 13
3017 12
3018 10
3019 10
3020 10
3021 9
3022 8
3023 6
3024 6
3025 5
3026 4
3027 6
3028 5
3029 8
3030 10
3031 8
3032 9
3033 10
3034 9
3035 8
3036 7
3037 4
3038 2
3039 3
3040 4
3041 4
3042 3
3043 2
3044 3
3045 3
3046 3
3047 3
3048 2
3049 4
3050 4
3051 4
3052 3
3053 2
3054 4
3055 4
3056 5
3057 6
3058 5
3059 5
3060 5
3061 4
3062 3
3063 3
3064 4
3065 3
3066 1
3067 2
3068 5
3069 4
3070 4
3071 4
3072 3
3073 4
3074 3
3075 5
3076 5
3077 5
3078 7
3079 6
3080 8
3081 7
3082 5
3083 5
3084 4
3085 1
3086 4
3087 4
3088 3
3089 3
3090 1
3091 5
3092 6
3093 6
3094 6
3095 6
3096 6
3097 4
3098 2
3099 2
3100 5
3101 5
3102 5
3103 5
3104 3
3105 4
3106 5
3107 6
3108 7
3109 8
3110 7
3111 7
3112 9
3113 10
3114 12
3115 13
3116 13
3117 12
3118 11
3119 10
3120 9
3121 9
3122 9
3123 8
3124 7
3125 7
3126 7
3127 8
3128 7
3129 7
3130 9
3131 9
3132 8
3133 9
3134 8
3135 9
3136 8
3137 6
3138 7
3139 7
3140 10
3141 9
3142 9
3143 7
3144 7
3145 7
3146 8
3147 7
3148 7
3149 8
3150 6
3151 6
3152 6
3153 6
3154 4
3155 6
3156 5
3157 5
3158 5
3159 4
3160 4
3161 4
3162 5
3163 6
3164 4
3165 2
3166 1
3167 3
3168 3
3169 3
3170 4
3171 5
3172 8
3173 7
3174 10
3175 11
3176 10
3177 11
3178 11
3179 10
3180 11
3181 12
3182 15
3183 12
3184 12
3185 12
3186 12
3187 12
3188 13
3189 11
3190 10
3191 11
3192 11
3193 10
3194 12
3195 13
3196 13
3197 12
3198 15
3199 12
3200 13
3201 16
3202 13
3203 13
3204 12
3205 11
3206 10
3207 13
3208 13
3209 11
3210 10
3211 9
3212 9
3213 8
3214 8
3215 9
3216 9
3217 9
3218 9
3219 10
3220 11
3221 12
3222 13
3223 12
3224 13
3225 13
3226 12
3227 13
3228 13
3229 12
3230 13
3231 13
3232 14
3233 14
3234 12
3235 11
3236 10
3237 9
3238 9
3239 8
3240 9
3241 8
3242 8
3243 7
3244 6
3245 7
3246 8
3247 9
3248 10
3249 9
3250 10
3251 7
3252 5
3253 5
3254 4
3255 4
3256 2
3257 5
3258 4
3259 3
3260 3
3261 4
3262 5
3263 5
3264 6
3265 5
3266 4
3267 3
3268 2
3269 2
3270 2
3271 3
3272 3
3273 4
3274 5
3275 7
3276 6
3277 6
3278 5
3279 4
3280 2
3281 2
3282 2
3283 3
3284 1
3285 2
3286 2
3287 4
3288 4
3289 4
3290 4
3291 2
3292 3
3293 4
3294 3
3295 3
3296 5
3297 5
3298 6
3299 6
3300 7
3301 5
3302 5
3303 5
3304 5
3305 4
3306 5
3307 3
3308 2
3309 1
3310 2
3311 4
3312 1
3313 2
3314 3
3315 2
3316 5
3317 5
3318 6
3319 5
3320 3
3321 3
3322 3
3323 2
3324 4
3325 5
3326 5
3327 3
3328 1
3329 4
3330 1
3331 2
3332 3
3333 1
3334 4
3335 1
3336 4
3337 3
3338 3
3339 1
3340 3
3341 2
3342 3
3343 3
3344 6
3345 7
3346 7
3347 7
3348 7
3349 8
3350 7
3351 5
3352 5
3353 5
3354 5
3355 3
3356 2
3357 3
3358 4
3359 2
3360 3
3361 3
3362 3
3363 4
3364 6
3365 7
3366 9
3367 9
3368 11
3369 10
3370 10
3371 10
3372 13
3373 11
3374 10
3375 10
3376 9
3377 11
3378 11
3379 12
3380 12
3381 11
3382 9
3383 9
3384 9
3385 8
3386 8
3387 9
3388 10
3389 8
3390 6
3391 5
3392 5
3393 3
3394 1
3395 1
3396 3
3397 4
3398 2
3399 4
3400 4
3401 2
3402 3
3403 2
3404 2
3405 1
3406 2
3407 2
3408 4
3409 2
3410 0
3411 2
3412 3
3413 5
3414 3
3415 1
3416 1
3417 3
3418 4
3419 4
3420 5
3421 4
3422 3
3423 2
3424 1
3425 1
3426 3
3427 4
3428 3
3429 1
3430 2
3431 4
3432 5
3433 6
3434 6
3435 4
3436 5
3437 2
3438 6
3439 4
3440 4
3441 2
3442 0
3443 6
3444 6
3445 4
3446 1
3447 4
3448 5
3449 5
3450 3
3451 1
3452 3
3453 4
3454 5
3455 8
3456 7
3457 8
3458 9
3459 8
3460 8
3461 5
3462 4
3463 4
3464 5
3465 5
3466 5
3467 6
3468 5
3469 4
3470 3
3471 5
3472 6
3473 4
3474 3
3475 2
3476 3
3477 4
3478 2
3479 1
3480 2
3481 5
3482 5
3483 7
3484 7
3485 6
3486 6
3487 5
3488 4
3489 3
3490 1
3491 2
3492 1
3493 3
3494 2
3495 4
3496 4
3497 5
3498 4
3499 4
3500 3
3501 4
3502 2
3503 3
3504 3
3505 4
3506 5
3507 5
3508 4
3509 6
3510 4
3511 6
3512 6
3513 5
3514 5
3515 6
3516 5
3517 5
3518 3
3519 1
3520 3
3521 3
3522 3
3523 4
3524 3
3525 5
3526 3
3527 2
3528 2
3529 2
3530 4
3531 5
3532 5
3533 6
3534 7
3535 6
3536 7
3537 6
3538 8
3539 9
3540 9
3541 9
3542 10
3543 10
3544 10
3545 10
3546 13
3547 13
3548 12
3549 12
3550 13
3551 13
3552 13
3553 13
3554 12
3555 12
3556 10
3557 11
3558 10
3559 7
3560 8
3561 8
3562 7
3563 7
3564 7
3565 8
3566 7
3567 5
3568 5
3569 3
3570 4
3571 3
3572 4
3573 2
3574 7
3575 5
3576 3
3577 5
3578 4
3579 3
3580 2
3581 4
3582 3
3583 3
3584 3
3585 3
3586 0
3587 4
3588 3
3589 2
3590 1
3591 3
3592 4
3593 2
3594 5
3595 7
3596 7
3597 8
3598 8
3599 6
3600 4
3601 3
3602 5
3603 3
3604 0
3605 3
3606 5
3607 5
3608 4
3609 2
3610 2
3611 2
3612 2
3613 2
3614 4
3615 1
3616 4
3617 3
3618 3
3619 3
3620 4
3621 5
3622 5
3623 4
3624 3
3625 5
3626 4
3627 2
3628 4
3629 3
3630 4
3631 5
3632 5
3633 6
3634 11
3635 12
3636 13
3637 13
3638 13
3639 13
3640 12
3641 10
3642 9
3643 10
3644 10
3645 11
3646 10
3647 8
3648 8
3649 10
3650 11
3651 11
3652 13
3653 13
3654 11
3655 11
3656 8
3657 9
3658 7
3659 7
3660 4
3661 2
3662 4
3663 7
3664 6
3665 9
3666 9
3667 8
3668 7
3669 7
3670 7
3671 6
3672 5
3673 8
3674 6
3675 6
3676 6
3677 5
3678 2
3679 4
3680 2
3681 2
3682 3
3683 1
3684 3
3685 4
3686 5
3687 5
3688 5
3689 6
3690 6
3691 6
3692 6
3693 7
3694 7
3695 6
3696 5
3697 6
3698 5
3699 4
3700 4
3701 4
3702 4
3703 5
3704 6
3705 7
3706 6
3707 5
3708 4
3709 4
3710 3
3711 4
3712 7
3713 6
3714 5
3715 2
3716 4
3717 3
3718 3
3719 2
3720 2
3721 6
3722 7
3723 8
3724 5
3725 5
3726 3
3727 1
3728 1
3729 3
3730 3
3731 2
3732 3
3733 4
3734 4
3735 2
3736 3
3737 3
3738 2
3739 2
3740 1
3741 2
3742 1
3743 6
3744 6
3745 5
3746 8
3747 7
3748 11
3749 10
3750 10
3751 10
3752 10
3753 9
3754 9
3755 8
3756 5
3757 4
3758 4
3759 3
3760 2
3761 3
3762 4
3763 4
3764 4
3765 4
3766 4
3767 3
3768 2
3769 1
3770 4
3771 5
3772 3
3773 1
3774 2
3775 2
3776 1
3777 2
3778 2
3779 3
3780 2
3781 3
3782 4
3783 4
3784 3
3785 6
3786 6
3787 4
3788 4
3789 4
3790 2
3791 4
3792 2
3793 2
3794 4
3795 3
3796 3
3797 0
3798 3
3799 4
3800 5
3801 2
3802 3
3803 2
3804 4
3805 3
3806 3
3807 5
3808 5
3809 7
3810 7
3811 5
3812 4
3813 3
3814 3
3815 5
3816 6
3817 5
3818 4
3819 3
3820 3
3821 5
3822 6
3823 5
3824 5
3825 3
3826 5
3827 4
3828 6
3829 6
3830 3
3831 3
3832 2
3833 4
3834 4
3835 5
3836 4
3837 2
3838 4
3839 3
3840 1
3841 5
3842 4
3843 4
3844 6
3845 6
3846 7
3847 8
3848 7
3849 9
3850 8
3851 7
3852 8
3853 6
3854 4
3855 4
3856 2
3857 6
3858 5
3859 6
3860 5
3861 5
3862 3
3863 4
3864 3
3865 1
3866 4
3867 3
3868 2
3869 1
3870 3
3871 0
3872 3
3873 5
3874 5
3875 7
3876 4
3877 7
3878 6
3879 4
3880 5
3881 4
3882 4
3883 3
3884 3
3885 1
3886 2
3887 4
3888 4
3889 4
3890 4
3891 4
3892 5
3893 4
3894 4
3895 5
3896 4
3897 4
3898 3
3899 1
3900 2
3901 4
3902 3
3903 2
3904 3
3905 2
3906 3
3907 2
3908 2
3909 4
3910 4
3911 3
3912 3
3913 1
3914 3
3915 3
3916 2
3917 4
3918 2
3919 2
3920 4
3921 2
3922 2
3923 1
3924 3
3925 5
3926 6
3927 5
3928 3
3929 3
3930 4
3931 3
3932 3
3933 5
3934 3
3935 3
3936 2
3937 3
3938 2
3939 2
3940 3
3941 1
3942 3
3943 5
3944 5
3945 5
3946 3
3947 2
3948 4
3949 5
3950 2
3951 6
3952 9
3953 13
3954 14
3955 14
3956 14
3957 16
3958 13
3959 12
3960 10
3961 13
3962 14
3963 14
3964 16
3965 13
3966 14
3967 14
3968 14
3969 14
3970 13
3971 14
3972 16
3973 13
3974 17
3975 14
3976 14
3977 14
3978 14
3979 14
3980 13
3981 11
3982 11
3983 12
3984 12
3985 11
3986 11
3987 11
3988 11
3989 12
3990 13
3991 13
3992 15
3993 12
3994 13
3995 17
3996 14
3997 11
3998 13
3999 12
4000 12
4001 14
4002 14
4003 11
4004 11
4005 11
4006 11
4007 10
4008 8
4009 8
4010 9
4011 12
4012 10
4013 10
4014 10
4015 10
4016 10
4017 9
4018 10
4019 8
4020 7
4021 8
4022 7
4023 8
4024 6
4025 5
4026 6
4027 5
4028 5
4029 4
4030 2
4031 3
4032 2
4033 5
4034 6
4035 9
4036 8
4037 7
4038 7
4039 5
4040 3
4041 3
4042 4
4043 5
4044 3
4045 4
4046 7
4047 8
4048 8
4049 7
4050 5
4051 4
4052 4
4053 2
4054 5
4055 5
4056 6
4057 4
4058 7
4059 7
4060 6
4061 4
4062 3
4063 4
4064 6
4065 5
4066 4
4067 3
4068 2
4069 4
4070 3
4071 4
4072 4
4073 4
4074 5
4075 5
4076 6
4077 9
4078 9
4079 10
4080 11
4081 10
4082 10
4083 9
4084 9
4085 10
4086 9
4087 8
4088 8
4089 9
4090 9
4091 8
4092 9
4093 8
4094 8
4095 7
4096 9
4097 10
4098 10
4099 8
4100 10
4101 12
4102 9
4103 9
4104 10
4105 10
4106 9
4107 12
4108 14
4109 12
4110 12
4111 12
4112 14
4113 16
4114 13
4115 14
4116 16
4117 13
4118 13
4119 18
4120 15
4121 12
4122 10
4123 13
4124 16
4125 13
4126 14
4127 14
4128 14
4129 14
4130 14
4131 13
4132 13
4133 10
4134 10
4135 8
4136 7
4137 7
4138 6
4139 6
4140 6
4141 3
4142 5
4143 5
4144 4
4145 7
4146 8
4147 7
4148 10
4149 9
4150 10
4151 9
4152 8
4153 9
4154 7
4155 7
4156 6
4157 4
4158 3
4159 2
4160 2
4161 2
4162 4
4163 4
4164 2
4165 4
4166 2
4167 2
4168 3
4169 3
4170 0
4171 6
4172 5
4173 5
4174 4
4175 7
4176 5
4177 4
4178 4
4179 4
4180 1
4181 4
4182 4
4183 1
4184 1
4185 2
4186 2
4187 2
4188 5
4189 4
4190 4
4191 5
4192 7
4193 9
4194 8
4195 7
4196 5
4197 6
4198 8
4199 8
4200 8
4201 9
4202 7
4203 7
4204 7
4205 6
4206 6
4207 8
4208 6
4209 5
4210 6
4211 5
4212 5
4213 6
4214 6
4215 6
4216 3
4217 4
4218 4
4219 9
4220 10
4221 9
4222 13
4223 11
4224 11
4225 9
4226 8
4227 8
4228 7
4229 7
4230 7
4231 6
4232 8
4233 6
4234 7
4235 7
4236 9
4237 9
4238 7
4239 4
4240 5
4241 4
4242 3
4243 3
4244 2
4245 6
4246 5
4247 6
4248 6
4249 5
4250 2
4251 2
4252 5
4253 6
4254 6
4255 4
4256 3
4257 1
4258 3
4259 2
4260 2
4261 7
4262 6
4263 4
4264 5
4265 4
4266 5
4267 6
4268 7
4269 8
4270 10
4271 8
4272 7
4273 8
4274 6
4275 5
4276 6
4277 5
4278 4
4279 3
4280 3
4281 4
4282 3
4283 4
4284 5
4285 5
4286 5
4287 5
4288 4
4289 3
4290 3
4291 2
4292 4
4293 7
4294 7
4295 6
4296 5
4297 6
4298 4
4299 3
4300 3
4301 2
4302 2
4303 1
4304 0
4305 4
4306 5
4307 7
4308 7
4309 8
4310 7
4311 5
4312 8
4313 7
4314 8
4315 7
4316 7
4317 8
4318 10
4319 11
4320 11
4321 9
4322 11
4323 12
4324 13
4325 15
4326 12
4327 11
4328 13
4329 14
4330 13
4331 10
4332 8
4333 7
4334 5
4335 3
4336 1
4337 2
4338 2
4339 3
4340 3
4341 2
4342 1
4343 3
4344 0
4345 4
4346 4
4347 5
4348 4
4349 6
4350 5
4351 7
4352 7
4353 7
4354 8
4355 9
4356 6
4357 6
4358 4
4359 4
4360 3
4361 3
4362 1
4363 2
4364 3
4365 3
4366 2
4367 3
4368 4
4369 5
4370 5
4371 4
4372 5
4373 5
4374 5
4375 3
4376 3
4377 1
4378 6
4379 6
4380 5
4381 4
4382 4
4383 3
4384 3
4385 2
4386 2
4387 1
4388 4
4389 3
4390 2
4391 6
4392 7
4393 10
4394 8
4395 9
4396 10
4397 11
4398 10
4399 12
4400 13
4401 11
4402 10
4403 10
4404 11
4405 9
4406 7
4407 5
4408 7
4409 5
4410 3
4411 5
4412 6
4413 5
4414 4
4415 3
4416 5
4417 5
4418 5
4419 3
4420 2
4421 2
4422 5
4423 7
4424 6
4425 5
4426 3
4427 2
4428 3
4429 3
4430 3
4431 2
4432 5
4433 4
4434 6
4435 5
4436 7
4437 7
4438 7
4439 6
4440 7
4441 5
4442 5
4443 8
4444 6
4445 3
4446 3
4447 3
4448 4
4449 4
4450 2
4451 5
4452 5
4453 7
4454 5
4455 5
4456 9
4457 9
4458 10
4459 9
4460 10
4461 10
4462 10
4463 13
4464 15
4465 12
4466 11
4467 12
4468 10
4469 10
4470 11
4471 11
4472 10
4473 11
4474 13
4475 14
4476 13
4477 13
4478 12
4479 10
4480 10
4481 12
4482 12
4483 12
4484 12
4485 13
4486 11
4487 11
4488 11
4489 9
4490 6
4491 5
4492 5
4493 4
4494 4
4495 5
4496 2
4497 4
4498 3
4499 1
4500 6
4501 7
4502 8
4503 10
4504 10
4505 9
4506 7
4507 6
4508 5
4509 6
4510 4
4511 4
4512 3
4513 0
4514 2
4515 3
4516 3
4517 2
4518 6
4519 4
4520 3
4521 3
4522 3
4523 3
4524 5
4525 5
4526 3
4527 2
4528 1
4529 2
4530 4
4531 5
4532 4
4533 5
4534 3
4535 2
4536 2
4537 4
4538 5
4539 3
4540 1
4541 2
4542 2
4543 1
4544 2
4545 4
4546 5
4547 6
4548 7
4549 7
4550 8
4551 7
4552 8
4553 8
4554 9
4555 9
4556 9
4557 6
4558 5
4559 6
4560 4
4561 5
4562 4
4563 3
4564 5
4565 3
4566 5
4567 7
4568 10
4569 14
4570 14
4571 14
4572 16
4573 13
4574 13
4575 14
4576 16
4577 13
4578 12
4579 12
4580 12
4581 12
4582 13
4583 13
4584 14
4585 15
4586 12
4587 11
4588 12
4589 11
4590 11
4591 9
4592 12
4593 10
4594 9
4595 9
4596 8
4597 5
4598 6
4599 6
4600 4
4601 6
4602 3
4603 1
4604 3
4605 3
4606 2
4607 2
4608 3
4609 4
4610 6
4611 7
4612 8
4613 6
4614 5
4615 5
4616 8
4617 12
4618 9
4619 9
4620 9
4621 8
4622 7
4623 6
4624 4
4625 1
4626 2
4627 1
4628 7
4629 7
4630 8
4631 11
4632 11
4633 10
4634 10
4635 10
4636 10
4637 9
4638 9
4639 8
4640 7
4641 6
4642 4
4643 6
4644 7
4645 7
4646 8
4647 9
4648 10
4649 8
4650 7
4651 8
4652 7
4653 8
4654 8
4655 8
4656 9
4657 11
4658 14
4659 14
4660 14
4661 14
4662 12
4663 12
4664 14
4665 14
4666 17
4667 14
4668 15
4669 12
4670 11
4671 11
4672 11
4673 9
4674 7
4675 6
4676 4
4677 7
4678 5
4679 8
4680 8
4681 8
4682 9
4683 7
4684 5
4685 6
4686 5
4687 5
4688 6
4689 5
4690 7
4691 7
4692 7
4693 8
4694 7
4695 10
4696 10
4697 11
4698 11
4699 9
4700 8
4701 11
4702 11
4703 10
4704 9
4705 10
4706 10
4707 10
4708 10
4709 10
4710 9
4711 9
4712 8
4713 8
4714 9
4715 12
4716 12
4717 13
4718 15
4719 12
4720 10
4721 9
4722 9
4723 8
4724 9
4725 9
4726 9
4727 8
4728 6
4729 5
4730 5
4731 3
4732 5
4733 5
4734 6
4735 7
4736 6
4737 7
4738 5
4739 4
4740 2
4741 2
4742 4
4743 4
4744 5
4745 3
4746 1
4747 4
4748 3
4749 1
4750 4
4751 6
4752 8
4753 6
4754 5
4755 7
4756 7
4757 4
4758 6
4759 8
4760 6
4761 4
4762 4
4763 7
4764 8
4765 9
4766 11
4767 10
4768 12
4769 12
4770 13
4771 12
4772 12
4773 10
4774 10
4775 11
4776 11
4777 14
4778 14
4779 16
4780 13
4781 12
4782 12
4783 14
4784 13
4785 12
4786 12
4787 11
4788 10
4789 11
4790 10
4791 9
4792 9
4793 8
4794 7
4795 9
4796 8
4797 7
4798 7
4799 6
4800 6
4801 5
4802 3
4803 2
4804 2
4805 2
4806 1
4807 1
4808 3
4809 1
4810 1
4811 3
4812 2
4813 6
4814 6
4815 5
4816 7
4817 5
4818 3
4819 4
4820 5
4821 5
4822 4
4823 5
4824 6
4825 5
4826 4
4827 4
4828 3
4829 1
4830 1
4831 4
4832 5
4833 4
4834 4
4835 7
4836 5
4837 6
4838 3
4839 4
4840 6
4841 5
4842 11
4843 12
4844 11
4845 10
4846 8
4847 8
4848 8
4849 6
4850 6
4851 5
4852 6
4853 6
4854 4
4855 7
4856 4
4857 4
4858 3
4859 2
4860 2
4861 1
4862 2
4863 4
4864 4
4865 4
4866 3
4867 3
4868 2
4869 5
4870 6
4871 5
4872 5
4873 4
4874 3
4875 6
4876 9
4877 9
4878 14
4879 13
4880 11
4881 10
4882 9
4883 10
4884 8
4885 7
4886 8
4887 7
4888 6
4889 4
4890 3
4891 0
4892 2
4893 2
4894 2
4895 2
4896 3
4897 3
4898 2
4899 2
4900 3
4901 1
4902 4
4903 3
4904 3
4905 3
4906 3
4907 3
4908 2
4909 4
4910 4
4911 7
4912 5
4913 8
4914 9
4915 8
4916 7
4917 8
4918 7
4919 10
4920 9
4921 9
4922 7
4923 8
4924 7
4925 7
4926 7
4927 5
4928 5
4929 3
4930 2
4931 2
4932 3
4933 1
4934 4
4935 4
4936 6
4937 6
4938 5
4939 6
4940 8
4941 12
4942 13
4943 11
4944 12
4945 14
4946 13
4947 12
4948 14
4949 12
4950 13
4951 16
4952 13
4953 12
4954 15
4955 12
4956 13
4957 14
4958 13
4959 14
4960 15
4961 12
4962 11
4963 11
4964 12
4965 11
4966 9
4967 7
4968 9
4969 10
4970 9
4971 9
4972 9
4973 8
4974 11
4975 11
4976 9
4977 8
4978 9
4979 9
4980 9
4981 10
4982 9
4983 6
4984 7
4985 8
4986 10
4987 11
4988 12
4989 11
4990 12
4991 11
4992 10
4993 11
4994 9
4995 10
4996 9
4997 10
4998 10
4999 8
5000 6
5001 6
5002 4
5003 4
5004 7
5005 12
5006 11
5007 12
5008 11
5009 11
5010 11
5011 8
5012 9
5013 9
5014 9
5015 9
5016 8
5017 8
5018 8
5019 9
5020 11
5021 10
5022 7
5023 6
5024 7
5025 8
5026 8
5027 9
5028 7
5029 8
5030 6
5031 6
5032 5
5033 6
5034 4
5035 3
5036 3
5037 3
5038 4
5039 3
5040 2
5041 4
5042 5
5043 3
5044 5
5045 4
5046 8
5047 9
5048 7
5049 7
5050 8
5051 10
5052 10
5053 13
5054 12
5055 12
5056 11
5057 11
5058 12
5059 10
5060 11
5061 11
5062 12
5063 12
5064 11
5065 11
5066 9
5067 11
5068 14
5069 13
5070 12
5071 12
5072 10
5073 10
5074 10
5075 10
5076 9
5077 10
5078 14
5079 14
5080 11
5081 13
5082 12
5083 16
5084 13
5085 15
5086 12
5087 14
5088 13
5089 16
5090 13
5091 12
5092 13
5093 14
5094 16
5095 13
5096 12
5097 10
5098 10
5099 9
5100 9
5101 7
5102 5
5103 6
5104 6
5105 6
5106 6
5107 5
5108 5
5109 5
5110 5
5111 5
5112 7
5113 9
5114 10
5115 8
5116 9
5117 9
5118 10
5119 11
5120 10
5121 9
5122 7
5123 8
5124 8
5125 8
5126 9
5127 8
5128 7
5129 6
5130 7
5131 7
5132 5
5133 3
5134 4
5135 5
5136 6
5137 6
5138 8
5139 7
5140 7
5141 5
5142 5
5143 4
5144 2
5145 3
5146 6
5147 7
5148 9
5149 8
5150 9
5151 10
5152 9
5153 9
5154 11
5155 11
5156 12
5157 11
5158 10
5159 15
5160 12
5161 11
5162 10
5163 11
5164 8
5165 8
5166 9
5167 9
5168 9
5169 10
5170 10
5171 12
5172 11
5173 9
5174 10
5175 7
5176 7
5177 4
5178 4
5179 4
5180 6
5181 7
5182 5
5183 7
5184 6
5185 5
5186 6
5187 6
5188 6
5189 8
5190 7
5191 6
5192 9
5193 9
5194 7
5195 10
5196 8
5197 7
5198 6
5199 5
5200 6
5201 8
5202 5
5203 5
5204 4
5205 3
5206 0
5207 2
5208 1
5209 0
5210 1
5211 2
5212 4
5213 5
5214 5
5215 6
5216 5
5217 4
5218 4
5219 2
5220 2
5221 5
5222 4
5223 3
5224 4
5225 2
5226 2
5227 2
5228 5
5229 4
5230 2
5231 5
5232 4
5233 5
5234 4
5235 6
5236 7
5237 6
5238 7
5239 6
5240 6
5241 7
5242 7
5243 7
5244 9
5245 9
5246 10
5247 8
5248 7
5249 6
5250 7
5251 4
5252 3
5253 4
5254 3
5255 2
5256 3
5257 2
5258 2
5259 2
5260 0
5261 3
5262 2
5263 1
5264 3
5265 2
5266 2
5267 1
5268 4
5269 2
5270 2
5271 3
5272 5
5273 3
5274 3
5275 2
5276 2
5277 4
5278 3
5279 1
5280 1
5281 4
5282 4
5283 2
5284 4
5285 3
5286 3
5287 3
5288 3
5289 3
5290 4
5291 5
5292 6
5293 4
5294 5
5295 5
5296 4
5297 3
5298 2
5299 4
5300 2
5301 2
5302 2
5303 1
5304 4
5305 4
5306 5
5307 6
5308 7
5309 7
5310 6
5311 9
5312 9
5313 9
5314 8
5315 9
5316 11
5317 11
5318 12
5319 11
5320 10
5321 8
5322 7
5323 7
5324 5
5325 7
5326 10
5327 11
5328 10
5329 11
5330 13
5331 12
5332 12
5333 12
5334 10
5335 10
5336 10
5337 9
5338 8
5339 5
5340 7
5341 8
5342 8
5343 10
5344 9
5345 9
5346 8
5347 9
5348 10
5349 9
5350 11
5351 11
5352 9
5353 7
5354 8
5355 6
5356 8
5357 6
5358 4
5359 1
5360 3
5361 2
5362 1
5363 1
5364 4
5365 2
5366 3
5367 1
5368 2
5369 2
5370 4
5371 4
5372 3
5373 1
5374 2
5375 5
5376 2
5377 2
5378 2
5379 4
5380 6
5381 4
5382 3
5383 3
5384 4
5385 5
5386 4
5387 4
5388 5
5389 5
5390 3
5391 2
5392 3
5393 2
5394 0
5395 4
5396 5
5397 4
5398 5
5399 2
5400 4
5401 4
5402 5
5403 5
5404 5
5405 4
5406 3
5407 2
5408 4
5409 6
5410 5
5411 4
5412 4
5413 4
5414 5
5415 4
5416 5
5417 4
5418 2
5419 1
5420 4
5421 4
5422 5
5423 3
5424 2
5425 5
5426 5
5427 5
5428 6
5429 5
5430 6
5431 6
5432 4
5433 7
5434 7
5435 7
5436 5
5437 5
5438 5
5439 4
5440 3
5441 0
5442 1
5443 2
5444 1
5445 2
5446 2
5447 4
5448 5
5449 7
5450 5
5451 7
5452 6
5453 4
5454 6
5455 8
5456 11
5457 9
5458 8
5459 7
5460 9
5461 11
5462 11
5463 11
5464 10
5465 11
5466 10
5467 11
5468 11
5469 10
5470 9
5471 7
5472 8
5473 8
5474 6
5475 6
5476 6
5477 7
5478 8
5479 7
5480 8
5481 6
5482 7
5483 5
5484 3
5485 3
5486 2
5487 3
5488 5
5489 4
5490 2
5491 1
5492 1
5493 3
5494 2
5495 3
5496 2
5497 2
5498 2
5499 1
5500 1
5501 4
5502 5
5503 6
5504 5
5505 5
5506 6
5507 7
5508 8
5509 8
5510 7
5511 8
5512 6
5513 4
5514 4
5515 3
5516 2
5517 4
5518 4
5519 5
5520 5
5521 4
5522 2
5523 5
5524 3
5525 3
5526 3
5527 3
5528 0
5529 4
5530 5
5531 4
5532 4
5533 3
5534 3
5535 1
5536 2
5537 3
5538 1
5539 2
5540 6
5541 5
5542 4
5543 3
5544 2
5545 2
5546 3
5547 1
5548 2
5549 6
5550 5
5551 5
5552 5
5553 6
5554 4
5555 3
5556 6
5557 5
5558 8
5559 9
5560 9
5561 10
5562 13
5563 12
5564 10
5565 10
5566 11
5567 11
5568 9
5569 12
5570 14
5571 15
5572 12
5573 11
5574 11
5575 10
5576 9
5577 9
5578 9
5579 8
5580 7
5581 7
5582 5
5583 4
5584 2
5585 4
5586 3
5587 1
5588 5
5589 8
5590 7
5591 6
5592 4
5593 3
5594 2
5595 3
5596 2
5597 2
5598 4
5599 3
5600 4
5601 2
5602 3
5603 1
5604 4
5605 3
5606 4
5607 2
5608 5
5609 4
5610 5
5611 5
5612 4
5613 1
5614 2
5615 3
5616 3
5617 2
5618 5
5619 5
5620 5
5621 5
5622 3
5623 4
5624 3
5625 3
5626 2
5627 1
5628 4
5629 3
5630 1
5631 2
5632 4
5633 6
5634 5
5635 4
5636 5
5637 4
5638 2
5639 5
5640 4
5641 2
5642 4
5643 6
5644 7
5645 7
5646 9
5647 9
5648 9
5649 9
5650 9
5651 10
5652 8
5653 10
5654 11
5655 12
5656 12
5657 11
5658 9
5659 10
5660 13
5661 13
5662 12
5663 9
5664 9
5665 9
5666 10
5667 10
5668 11
5669 11
5670 11
5671 11
5672 10
5673 10
5674 9
5675 9
5676 8
5677 8
5678 8
5679 9
5680 11
5681 10
5682 10
5683 11
5684 11
5685 10
5686 8
5687 8
5688 6
5689 7
5690 10
5691 10
5692 10
5693 11
5694 11
5695 9
5696 10
5697 13
5698 13
5699 14
5700 15
5701 12
5702 11
5703 14
5704 13
5705 13
5706 13
5707 14
5708 13
5709 13
5710 15
5711 12
5712 11
5713 11
5714 10
5715 11
5716 11
5717 12
5718 12
5719 14
5720 15
5721 12
5722 12
5723 10
5724 13
5725 13
5726 13
5727 13
5728 12
5729 11
5730 11
5731 12
5732 11
5733 9
5734 9
5735 9
5736 6
5737 5
5738 5
5739 5
5740 4
5741 2
5742 2
5743 4
5744 5
5745 4
5746 3
5747 3
5748 2
5749 3
5750 4
5751 3
5752 3
5753 4
5754 6
5755 7
5756 5
5757 3
5758 4
5759 4
5760 4
5761 5
5762 6
5763 5
5764 3
5765 6
5766 6
5767 6
5768 8
5769 8
5770 11
5771 11
5772 13
5773 13
5774 13
5775 12
5776 12
5777 11
5778 14
5779 13
5780 14
5781 13
5782 13
5783 15
5784 12
5785 13
5786 11
5787 11
5788 11
5789 10
5790 10
5791 11
5792 10
5793 12
5794 13
5795 14
5796 13
5797 10
5798 9
5799 7
5800 6
5801 6
5802 7
5803 7
5804 7
5805 8
5806 7
5807 9
5808 11
5809 14
5810 12
5811 12
5812 14
5813 15
5814 12
5815 13
5816 12
5817 9
5818 9
5819 8
5820 6
5821 6
5822 6
5823 6
5824 6
5825 6
5826 4
5827 2
5828 3
5829 2
5830 4
5831 4
5832 3
5833 4
5834 3
5835 2
5836 3
5837 3
5838 2
5839 3
5840 1
5841 3
5842 1
5843 3
5844 2
5845 2
5846 4
5847 5
5848 4
5849 4
5850 2
5851 1
5852 4
5853 2
5854 3
5855 4
5856 3
5857 6
5858 3
5859 3
5860 3
5861 3
5862 4
5863 3
5864 3
5865 4
5866 5
5867 7
5868 7
5869 8
5870 9
5871 11
5872 12
5873 12
5874 12
5875 11
5876 11
5877 9
5878 12
5879 13
5880 11
5881 11
5882 12
5883 11
5884 12
5885 14
5886 12
5887 12
5888 13
5889 10
5890 10
5891 11
5892 13
5893 14
5894 13
5895 13
5896 12
5897 12
5898 12
5899 9
5900 10
5901 10
5902 10
5903 8
5904 9
5905 7
5906 5
5907 4
5908 7
5909 8
5910 8
5911 8
5912 10
5913 12
5914 12
5915 12
5916 10
5917 12
5918 11
5919 10
5920 8
5921 8
5922 7
5923 7
5924 7
5925 6
5926 3
5927 1
5928 1
5929 2
5930 7
5931 6
5932 8
5933 6
5934 8
5935 7
5936 7
5937 9
5938 9
5939 10
5940 10
5941 10
5942 10
5943 12
5944 11
5945 12
5946 10
5947 14
5948 13
5949 14
5950 13
5951 13
5952 12
5953 11
5954 11
5955 9
5956 9
5957 8
5958 7
5959 7
5960 6
5961 4
5962 2
5963 4
5964 3
5965 6
5966 7
5967 6
5968 8
5969 7
5970 8
5971 7
5972 7
5973 7
5974 8
5975 9
5976 8
5977 9
5978 9
5979 8
5980 9
5981 11
5982 9
5983 6
5984 4
5985 6
5986 6
5987 5
5988 4
5989 4
5990 6
5991 5
5992 5
5993 8
5994 7
5995 7
5996 7
5997 5
5998 5
5999 5
6000 5
6001 5
6002 3
6003 3
6004 3
6005 4
6006 2
6007 2
6008 3
6009 2
6010 3
6011 4
6012 1
6013 2
6014 4
6015 6
6016 6
6017 7
6018 7
6019 10
6020 10
6021 7
6022 7
6023 6
6024 5
6025 5
6026 6
6027 5
6028 6
6029 4
6030 5
6031 5
6032 6
6033 7
6034 6
6035 8
6036 9
6037 9
6038 9
6039 9
6040 9
6041 10
6042 9
6043 10
6044 9
6045 10
6046 12
6047 10
6048 11
6049 10
6050 10
6051 8
6052 6
6053 3
6054 4
6055 3
6056 3
6057 1
6058 6
6059 5
6060 4
6061 6
6062 5
6063 2
6064 4
6065 5
6066 5
6067 8
6068 9
6069 8
6070 7
6071 7
6072 9
6073 9
6074 8
6075 11
6076 13
6077 13
6078 12
6079 13
6080 12
6081 12
6082 11
6083 11
6084 11
6085 10
6086 10
6087 12
6088 11
6089 10
6090 9
6091 7
6092 4
6093 3
6094 2
6095 3
6096 5
6097 7
6098 5
6099 8
6100 7
6101 6
6102 5
6103 3
6104 3
6105 1
6106 3
6107 4
6108 6
6109 6
6110 4
6111 4
6112 6
6113 7
6114 7
6115 7
6116 7
6117 6
6118 6
6119 6
6120 7
6121 6
6122 5
6123 4
6124 6
6125 5
6126 7
6127 7
6128 5
6129 5
6130 3
6131 3
6132 2
6133 2
6134 4
6135 5
6136 5
6137 5
6138 4
6139 2
6140 4
6141 1
6142 6
6143 5
6144 6
6145 5
6146 5
6147 3
6148 7
6149 7
6150 6
6151 6
6152 7
6153 9
6154 7
6155 6
6156 8
6157 7
6158 7
6159 4
6160 5
6161 6
6162 6
6163 9
6164 9
6165 6
6166 8
6167 5
6168 2
6169 6
6170 6
6171 6
6172 7
6173 8
6174 7
6175 8
6176 9
6177 9
6178 8
6179 8
6180 5
6181 6
6182 4
6183 4
6184 4
6185 4
6186 4
6187 5
6188 5
6189 3
6190 2
6191 4
6192 3
6193 1
6194 6
6195 5
6196 5
6197 7
6198 7
6199 7
6200 9
6201 9
6202 7
6203 9
6204 11
6205 13
6206 11
6207 10
6208 12
6209 12
6210 13
6211 10
6212 10
6213 11
6214 11
6215 9
6216 9
6217 10
6218 9
6219 8
6220 8
6221 6
6222 8
6223 9
6224 9
6225 10
6226 9
6227 7
6228 8
6229 9
6230 7
6231 8
6232 8
6233 5
6234 5
6235 4
6236 6
6237 6
6238 5
6239 4
6240 3
6241 4
6242 4
6243 3
6244 5
6245 5
6246 7
6247 6
6248 10
6249 9
6250 8
6251 9
6252 9
6253 8
6254 10
6255 12
6256 12
6257 11
6258 11
6259 8
6260 8
6261 5
6262 6
6263 5
6264 5
6265 4
6266 4
6267 3
6268 3
6269 2
6270 2
6271 1
6272 3
6273 3
6274 2
6275 3
6276 0
6277 3
6278 4
6279 6
6280 8
6281 7
6282 6
6283 4
6284 4
6285 3
6286 4
6287 3
6288 2
6289 4
6290 5
6291 5
6292 5
6293 5
6294 3
6295 4
6296 6
6297 5
6298 3
6299 1
6300 4
6301 2
6302 2
6303 1
6304 2
6305 3
6306 3
6307 2
6308 2
6309 5
6310 5
6311 4
6312 2
6313 3
6314 4
6315 4
6316 1
6317 3
6318 3
6319 3
6320 1
6321 1
6322 5
6323 3
6324 0
6325 6
6326 5
6327 5
6328 4
6329 3
6330 3
6331 0
6332 3
6333 2
6334 2
6335 2
6336 3
6337 5
6338 4
6339 3
6340 4
6341 3
6342 3
6343 5
6344 4
6345 6
6346 8
6347 7
6348 7
6349 9
6350 8
6351 7
6352 8
6353 11
6354 14
6355 14
6356 15
6357 12
6358 13
6359 13
6360 14
6361 12
6362 13
6363 13
6364 11
6365 13
6366 13
6367 15
6368 12
6369 14
6370 15
6371 12
6372 11
6373 10
6374 11
6375 12
6376 13
6377 11
6378 9
6379 9
6380 9
6381 9
6382 9
6383 8
6384 10
6385 9
6386 9
6387 11
6388 10
6389 9
6390 8
6391 10
6392 9
6393 7
6394 7
6395 8
6396 9
6397 12
6398 11
6399 11
6400 11
6401 9
6402 7
6403 9
6404 9
6405 10
6406 14
6407 15
6408 12
6409 12
6410 13
6411 10
6412 8
6413 10
6414 8
6415 8
6416 8
6417 5
6418 6
6419 10
6420 7
6421 6
6422 7
6423 10
6424 11
6425 10
6426 8
6427 9
6428 10
6429 12
6430 12
6431 15
6432 12
6433 14
6434 13
6435 14
6436 13
6437 14
6438 16
6439 13
6440 12
6441 11
6442 11
6443 10
6444 12
6445 12
6446 11
6447 10
6448 9
6449 8
6450 11
6451 11
6452 14
6453 11
6454 10
6455 7
6456 7
6457 7
6458 6
6459 5
6460 5
6461 4
6462 6
6463 6
6464 7
6465 8
6466 9
6467 8
6468 6
6469 5
6470 4
6471 5
6472 5
6473 4
6474 1
6475 2
6476 1
6477 4
6478 4
6479 4
6480 6
6481 6
6482 8
6483 9
6484 7
6485 5
6486 4
6487 3
6488 2
6489 4
6490 7
6491 9
6492 9
6493 10
6494 9
6495 9
6496 9
6497 6
6498 7
6499 7
6500 7
6501 5
6502 6
6503 6
6504 6
6505 4
6506 3
6507 5
6508 3
6509 4
6510 5
6511 5
6512 5
6513 3
6514 2
6515 1
6516 0
6517 3
6518 3
6519 3
6520 4
6521 5
6522 4
6523 4
6524 6
6525 8
6526 8
6527 7
6528 6
6529 7
6530 7
6531 10
6532 10
6533 11
6534 13
6535 14
6536 14
6537 13
6538 15
6539 12
6540 14
6541 11
6542 11
6543 10
6544 10
6545 8
6546 5
6547 4
6548 4
6549 8
6550 11
6551 13
6552 12
6553 13
6554 13
6555 13
6556 15
6557 12
6558 11
6559 12
6560 12
6561 13
6562 12
6563 12
6564 13
6565 10
6566 8
6567 7
6568 6
6569 6
6570 5
6571 3
6572 2
6573 3
6574 2
6575 2
6576 2
6577 6
6578 6
6579 7
6580 8
6581 7
6582 6
6583 5
6584 6
6585 5
6586 4
6587 4
6588 4
6589 4
6590 4
6591 1
6592 2
6593 3
6594 4
6595 3
6596 3
6597 5
6598 4
6599 2
6600 2
6601 2
6602 3
6603 1
6604 2
6605 5
6606 4
6607 3
6608 2
6609 1
6610 2
6611 2
6612 1
6613 5
6614 5
6615 6
6616 5
6617 6
6618 5
6619 4
6620 5
6621 3
6622 0
6623 3
6624 3
6625 2
6626 2
6627 4
6628 3
6629 2
6630 4
6631 4
6632 7
6633 7
6634 9
6635 8
6636 6
6637 5
6638 5
6639 6
6640 6
6641 6
6642 5
6643 2
6644 3
6645 0
6646 4
6647 1
6648 1
6649 2
6650 2
6651 4
6652 6
6653 7
6654 7
6655 8
6656 9
6657 10
6658 7
6659 7
6660 8
6661 8
6662 9
6663 9
6664 6
6665 6
6666 6
6667 3
6668 5
6669 7
6670 8
6671 9
6672 11
6673 10
6674 7
6675 7
6676 8
6677 8
6678 9
6679 9
6680 8
6681 6
6682 4
6683 3
6684 3
6685 3
6686 3
6687 5
6688 3
6689 2
6690 3
6691 6
6692 6
6693 6
6694 8
6695 7
6696 5
6697 4
6698 6
6699 5
6700 5
6701 6
6702 9
6703 8
6704 7
6705 8
6706 7
6707 7
6708 9
6709 8
6710 10
6711 12
6712 12
6713 13
6714 13
6715 14
6716 16
6717 13
6718 15
6719 12
6720 10
6721 12
6722 14
6723 17
6724 14
6725 14
6726 13
6727 14
6728 12
6729 11
6730 9
6731 7
6732 7
6733 5
6734 5
6735 4
6736 4
6737 1
6738 5
6739 3
6740 3
6741 2
6742 1
6743 4
6744 6
6745 4
6746 4
6747 4
6748 3
6749 5
6750 7
6751 7
6752 7
6753 6
6754 3
6755 4
6756 6
6757 9
6758 8
6759 8
6760 6
6761 5
6762 6
6763 7
6764 8
6765 10
6766 11
6767 11
6768 8
6769 9
6770 6
6771 7
6772 8
6773 9
6774 7
6775 7
6776 7
6777 5
6778 5
6779 5
6780 4
6781 4
6782 5
6783 4
6784 7
6785 5
6786 6
6787 6
6788 6
6789 5
6790 5
6791 6
6792 9
6793 9
6794 7
6795 5
6796 5
6797 7
6798 8
6799 7
6800 5
6801 8
6802 7
6803 7
6804 5
6805 8
6806 9
6807 8
6808 6
6809 7
6810 7
6811 8
6812 9
6813 10
6814 12
6815 10
6816 9
6817 13
6818 15
6819 12
6820 12
6821 12
6822 13
6823 14
6824 12
6825 13
6826 12
6827 10
6828 11
6829 10
6830 11
6831 10
6832 11
6833 10
6834 11
6835 10
6836 11
6837 10
6838 12
6839 14
6840 16
6841 13
6842 13
6843 12
6844 12
6845 14
6846 13
6847 12
6848 12
6849 13
6850 13
6851 14
6852 12
6853 13
6854 12
6855 12
6856 12
6857 11
6858 10
6859 15
6860 12
6861 11
6862 10
6863 10
6864 10
6865 10
6866 10
6867 11
6868 9
6869 9
6870 9
6871 8
6872 8
6873 7
6874 9
6875 8
6876 7
6877 5
6878 6
6879 5
6880 4
6881 4
6882 5
6883 4
6884 4
6885 3
6886 4
6887 5
6888 6
6889 5
6890 4
6891 6
6892 8
6893 7
6894 10
6895 10
6896 9
6897 11
6898 10
6899 9
6900 8
6901 8
6902 9
6903 9
6904 9
6905 8
6906 7
6907 8
6908 7
6909 4
6910 4
6911 5
6912 5
6913 6
6914 5
6915 6
6916 7
6917 5
6918 5
6919 4
6920 4
6921 3
6922 2
6923 3
6924 4
6925 3
6926 3
6927 4
6928 7
6929 6
6930 7
6931 9
6932 10
6933 8
6934 6
6935 8
6936 7
6937 7
6938 7
6939 8
6940 8
6941 6
6942 8
6943 6
6944 7
6945 7
6946 5
6947 3
6948 2
6949 1
6950 2
6951 3
6952 3
6953 1
6954 4
6955 4
6956 5
6957 5
6958 5
6959 5
6960 7
6961 7
6962 6
6963 7
6964 6
6965 6
6966 4
6967 2
6968 3
6969 1
6970 3
6971 3
6972 2
6973 4
6974 5
6975 4
6976 5
6977 5
6978 6
6979 5
6980 4
6981 4
6982 5
6983 5
6984 3
6985 4
6986 4
6987 2
6988 5
6989 7
6990 7
6991 6
6992 5
6993 6
6994 4
6995 4
6996 3
6997 2
6998 2
6999 2
7000 2
7001 5
7002 7
7003 7
7004 7
7005 5
7006 4
7007 6
7008 9
7009 8
7010 7
7011 7
7012 10
7013 9
7014 8
7015 7
7016 6
7017 5
7018 4
7019 2
7020 2
7021 5
7022 6
7023 6
7024 7
7025 7
7026 7
7027 6
7028 4
7029 4
7030 3
7031 6
7032 7
7033 6
7034 8
7035 10
7036 7
7037 6
7038 7
7039 6
7040 6
7041 6
7042 5
7043 5
7044 5
7045 5
7046 5
7047 6
7048 5
7049 5
7050 5
7051 4
7052 4
7053 3
7054 4
7055 3
7056 1
7057 3
7058 5
7059 4
7060 4
7061 3
7062 6
7063 6
7064 8
7065 9
7066 8
7067 8
7068 7
7069 7
7070 6
7071 5
7072 5
7073 5
7074 5
7075 5
7076 6
7077 5
7078 3
7079 5
7080 4
7081 5
7082 5
7083 4
7084 4
7085 4
7086 3
7087 5
7088 5
7089 7
7090 8
7091 10
7092 9
7093 6
7094 7
7095 9
7096 10
7097 8
7098 8
7099 8
7100 10
7101 11
7102 10
7103 10
7104 9
7105 8
7106 8
7107 7
7108 4
7109 3
7110 3
7111 4
7112 5
7113 3
7114 3
7115 4
7116 4
7117 5
7118 8
7119 6
7120 4
7121 5
7122 5
7123 5
7124 3
7125 2
7126 3
7127 1
7128 5
7129 7
7130 7
7131 7
7132 8
7133 5
7134 9
7135 7
7136 7
7137 9
7138 9
7139 10
7140 11
7141 13
7142 13
7143 14
7144 12
7145 13
7146 14
7147 13
7148 13
7149 13
7150 14
7151 13
7152 14
7153 12
7154 9
7155 10
7156 10
7157 9
7158 8
7159 7
7160 11
7161 10
7162 10
7163 9
7164 12
7165 15
7166 12
7167 12
7168 15
7169 12
7170 11
7171 11
7172 9
7173 8
7174 9
7175 9
7176 8
7177 8
7178 9
7179 8
7180 7
7181 8
7182 7
7183 6
7184 4
7185 2
7186 6
7187 5
7188 5
7189 7
7190 6
7191 5
7192 2
7193 3
7194 3
7195 2
7196 3
7197 2
7198 5
7199 5
7200 5
7201 4
7202 3
7203 2
7204 2
7205 2
7206 5
7207 4
7208 4
7209 2
7210 2
7211 5
7212 3
7213 1
7214 3
7215 4
7216 5
7217 2
7218 5
7219 5
7220 4
7221 4
7222 4
7223 5
7224 6
7225 6
7226 4
7227 5
7228 7
7229 5
7230 5
7231 7
7232 5
7233 8
7234 8
7235 7
7236 7
7237 5
7238 3
7239 3
7240 5
7241 6
7242 7
7243 7
7244 7
7245 5
7246 3
7247 5
7248 5
7249 4
7250 6
7251 3
7252 3
7253 4
7254 5
7255 4
7256 6
7257 5
7258 6
7259 5
7260 5
7261 6
7262 6
7263 6
7264 4
7265 3
7266 4
7267 3
7268 3
7269 1
7270 2
7271 4
7272 6
7273 6
7274 7
7275 6
7276 4
7277 4
7278 5
7279 5
7280 7
7281 5
7282 2
7283 3
7284 6
7285 6
7286 5
7287 3
7288 2
7289 1
7290 4
7291 2
7292 4
7293 4
7294 6
7295 6
7296 6
7297 6
7298 5
7299 6
7300 7
7301 5
7302 4
7303 2
7304 3
7305 4
7306 3
7307 2
7308 2
7309 4
7310 4
7311 5
7312 2
7313 0
7314 4
7315 5
7316 3
7317 5
7318 3
7319 0
7320 5
7321 6
7322 8
7323 7
7324 8
7325 7
7326 8
7327 9
7328 9
7329 11
7330 10
7331 10
7332 9
7333 6
7334 6
7335 5
7336 5
7337 6
7338 4
7339 4
7340 3
7341 2
7342 7
7343 6
7344 5
7345 5
7346 7
7347 4
7348 5
7349 6
7350 4
7351 5
7352 5
7353 4
7354 3
7355 2
7356 3
7357 3
7358 2
7359 1
7360 3
7361 4
7362 6
7363 5
7364 4
7365 2
7366 2
7367 3
7368 2
7369 0
7370 3
7371 1
7372 4
7373 3
7374 6
7375 6
7376 8
7377 10
7378 9
7379 9
7380 11
7381 10
7382 10
7383 11
7384 10
7385 11
7386 11
7387 12
7388 9
7389 6
7390 8
7391 9
7392 9
7393 14
7394 13
7395 13
7396 14
7397 13
7398 15
7399 12
7400 12
7401 10
7402 7
7403 6
7404 4
7405 3
7406 2
7407 2
7408 3
7409 2
7410 3
7411 3
7412 2
7413 3
7414 5
7415 6
7416 5
7417 4
7418 4
7419 4
7420 5
7421 4
7422 6
7423 7
7424 7
7425 8
7426 7
7427 8
7428 8
7429 7
7430 6
7431 6
7432 7
7433 7
7434 7
7435 7
7436 7
7437 6
7438 6
7439 5
7440 6
7441 7
7442 6
7443 8
7444 9
7445 8
7446 6
7447 4
7448 3
7449 3
7450 5
7451 3
7452 3
7453 2
7454 2
7455 2
7456 2
7457 2
7458 2
7459 2
7460 2
7461 3
7462 3
7463 1
7464 4
7465 4
7466 3
7467 3
7468 3
7469 2
7470 2
7471 2
7472 3
7473 4
7474 5
7475 4
7476 3
7477 3
7478 3
7479 0
7480 4
7481 3
7482 5
7483 7
7484 5
7485 5
7486 6
7487 5
7488 5
7489 5
7490 6
7491 4
7492 5
7493 5
7494 5
7495 5
7496 4
7497 4
7498 4
7499 5
7500 5
7501 5
7502 3
7503 3
7504 2
7505 1
7506 1
7507 6
7508 5
7509 7
7510 8
7511 9
7512 9
7513 10
7514 8
7515 8
7516 7
7517 5
7518 5
7519 4
7520 5
7521 6
7522 5
7523 5
7524 4
7525 5
7526 7
7527 8
7528 11
7529 11
7530 11
7531 8
7532 10
7533 12
7534 14
7535 14
7536 16
7537 13
7538 12
7539 12
7540 11
7541 11
7542 10
7543 14
7544 13
7545 14
7546 16
7547 13
7548 12
7549 11
7550 10
7551 10
7552 8
7553 7
7554 5
7555 5
7556 7
7557 7
7558 8
7559 6
7560 5
7561 5
7562 6
7563 4
7564 4
7565 5
7566 5
7567 7
7568 6
7569 5
7570 7
7571 7
7572 7
7573 8
7574 7
7575 8
7576 6
7577 4
7578 4
7579 5
7580 5
7581 5
7582 2
7583 2
7584 5
7585 3
7586 2
7587 3
7588 3
7589 3
7590 1
7591 3
7592 3
7593 2
7594 3
7595 2
7596 2
7597 4
7598 5
7599 6
7600 7
7601 5
7602 6
7603 5
7604 4
7605 5
7606 4
7607 3
7608 1
7609 4
7610 5
7611 5
7612 5
7613 4
7614 3
7615 3
7616 3
7617 6
7618 5
7619 5
7620 6
7621 3
7622 3
7623 1
7624 4
7625 2
7626 6
7627 6
7628 5
7629 4
7630 4
7631 5
7632 2
7633 1
7634 5
7635 4
7636 5
7637 2
7638 3
7639 4
7640 3
7641 2
7642 3
7643 4
7644 4
7645 4
7646 6
7647 6
7648 5
7649 5
7650 5
7651 3
7652 4
7653 2
7654 0
7655 5
7656 6
7657 7
7658 7
7659 6
7660 4
7661 3
7662 3
7663 0
7664 4
7665 4
7666 2
7667 2
7668 4
7669 1
7670 6
7671 4
7672 6
7673 7
7674 7
7675 8
7676 6
7677 5
7678 5
7679 5
7680 4
7681 6
7682 9
7683 9
7684 9
7685 8
7686 9
7687 9
7688 10
7689 11
7690 10
7691 7
7692 6
7693 5
7694 6
7695 6
7696 5
7697 7
7698 7
7699 6
7700 6
7701 8
7702 8
7703 9
7704 9
7705 9
7706 9
7707 12
7708 12
7709 13
7710 13
7711 12
7712 13
7713 12
7714 12
7715 13
7716 13
7717 13
7718 14
7719 15
7720 12
7721 11
7722 11
7723 13
7724 11
7725 11
7726 15
7727 12
7728 14
7729 15
7730 12
7731 10
7732 11
7733 10
7734 10
7735 11
7736 12
7737 12
7738 13
7739 11
7740 10
7741 10
7742 12
7743 12
7744 11
7745 9
7746 10
7747 10
7748 10
7749 9
7750 10
7751 9
7752 10
7753 7
7754 9
7755 7
7756 7
7757 7
7758 6
7759 4
7760 8
7761 6
7762 6
7763 3
7764 4
7765 2
7766 3
7767 2
7768 3
7769 2
7770 3
7771 2
7772 5
7773 4
7774 3
7775 7
7776 10
7777 9
7778 12
7779 11
7780 9
7781 8
7782 10
7783 11
7784 10
7785 10
7786 11
7787 9
7788 8
7789 8
7790 6
7791 5
7792 6
7793 7
7794 7
7795 6
7796 8
7797 10
7798 10
7799 9
7800 10
7801 10
7802 11
7803 11
7804 11
7805 10
7806 9
7807 9
7808 10
7809 8
7810 8
7811 7
7812 7
7813 5
7814 5
7815 7
7816 7
7817 6
7818 5
7819 5
7820 3
7821 2
7822 3
7823 4
7824 3
7825 3
7826 2
7827 2
7828 3
7829 4
7830 2
7831 4
7832 5
7833 4
7834 4
7835 7
7836 8
7837 8
7838 7
7839 9
7840 11
7841 11
7842 12
7843 11
7844 10
7845 10
7846 10
7847 8
7848 6
7849 6
7850 7
7851 7
7852 7
7853 6
7854 9
7855 10
7856 11
7857 8
7858 10
7859 10
7860 9
7861 11
7862 14
7863 13
7864 12
7865 13
7866 11
7867 9
7868 11
7869 11
7870 11
7871 11
7872 10
7873 8
7874 10
7875 10
7876 13
7877 11
7878 10
7879 10
7880 11
7881 14
7882 13
7883 14
7884 17
7885 14
7886 13
7887 11
7888 10
7889 9
7890 10
7891 10
7892 8
7893 8
7894 10
7895 9
7896 9
7897 10
7898 11
7899 10
7900 11
7901 10
7902 10
7903 8
7904 6
7905 6
7906 4
7907 3
7908 6
7909 6
7910 6
7911 7
7912 6
7913 6
7914 6
7915 6
7916 4
7917 5
7918 6
7919 7
7920 7
7921 8
7922 7
7923 7
7924 6
7925 8
7926 7
7927 7
7928 7
7929 8
7930 9
7931 10
7932 12
7933 14
7934 14
7935 16
7936 13
7937 12
7938 15
7939 12
7940 11
7941 11
7942 12
7943 12
7944 13
7945 13
7946 15
7947 12
7948 12
7949 11
7950 8
7951 7
7952 5
7953 6
7954 5
7955 3
7956 3
7957 5
7958 5
7959 4
7960 4
7961 3
7962 4
7963 5
7964 5
7965 4
7966 5
7967 6
7968 6
7969 5
7970 5
7971 3
7972 6
7973 5
7974 5
7975 3
7976 3
7977 2
7978 3
7979 1
7980 2
7981 2
7982 5
7983 8
7984 9
7985 8
7986 8
7987 6
7988 7
7989 6
7990 7
7991 10
7992 11
7993 12
7994 13
7995 12
7996 12
7997 9
7998 12
7999 13
8000 13
8001 15
8002 12
8003 12
8004 13
8005 12
8006 16
8007 13
8008 11
8009 11
8010 10
8011 10
8012 8
8013 7
8014 8
8015 9
8016 9
8017 10
8018 11
8019 10
8020 8
8021 8
8022 6
8023 6
8024 5
8025 4
8026 5
8027 4
8028 4
8029 4
8030 3
8031 1
8032 1
8033 3
8034 3
8035 2
8036 5
8037 4
8038 4
8039 5
8040 4
8041 3
8042 2
8043 3
8044 5
8045 5
8046 4
8047 5
8048 5
8049 6
8050 6
8051 4
8052 4
8053 5
8054 4
8055 5
8056 6
8057 6
8058 8
8059 9
8060 9
8061 8
8062 8
8063 12
8064 14
8065 13
8066 13
8067 11
8068 11
8069 13
8070 12
8071 13
8072 12
8073 12
8074 12
8075 13
8076 13
8077 16
8078 13
8079 13
8080 14
8081 13
8082 14
8083 14
8084 16
8085 13
8086 15
8087 12
8088 11
8089 10
8090 9
8091 11
8092 12
8093 10
8094 9
8095 7
8096 10
8097 12
8098 13
8099 12
8100 11
8101 10
8102 10
8103 9
8104 8
8105 9
8106 6
8107 7
8108 6
8109 4
8110 4
8111 5
8112 7
8113 6
8114 4
8115 3
8116 4
8117 5
8118 6
8119 6
8120 7
8121 8
8122 6
8123 6
8124 5
8125 3
8126 3
8127 2
8128 3
8129 4
8130 6
8131 4
8132 5
8133 7
8134 7
8135 8
8136 9
8137 11
8138 11
8139 9
8140 8
8141 6
8142 8
8143 8
8144 7
8145 8
8146 7
8147 6
8148 4
8149 4
8150 5
8151 7
8152 7
8153 6
8154 8
8155 7
8156 7
8157 5
8158 5
8159 3
8160 2
8161 4
8162 3
8163 5
8164 5
8165 3
8166 2
8167 2
8168 1
8169 2
8170 2
8171 2
8172 2
8173 0
8174 3
8175 6
8176 6
8177 4
8178 4
8179 5
8180 4
8181 3
8182 3
8183 0
8184 2
8185 3
8186 4
8187 5
8188 7
8189 6
8190 7
8191 6
8192 7
8193 7
8194 6
8195 7
8196 4
8197 3
8198 5
8199 4
8200 3
8201 2
8202 0
8203 4
8204 4
8205 3
8206 3
8207 2
8208 1
8209 3
8210 2
8211 2
8212 1
8213 1
8214 3
8215 3
8216 2
8217 4
8218 5
8219 7
8220 10
8221 9
8222 10
8223 9
8224 10
8225 10
8226 9
8227 10
8228 10
8229 9
8230 10
8231 8
8232 7
8233 5
8234 4
8235 3
8236 1
8237 2
8238 1
8239 1
8240 3
8241 5
8242 5
8243 7
8244 7
8245 6
8246 5
8247 5
8248 4
8249 6
8250 4
8251 4
8252 3
8253 3
8254 5
8255 4
8256 5
8257 2
8258 4
8259 5
8260 3
8261 2
8262 3
8263 2
8264 4
8265 2
8266 1
8267 2
8268 1
8269 1
8270 0
8271 3
8272 5
8273 3
8274 5
8275 4
8276 5
8277 3
8278 3
8279 1
8280 2
8281 4
8282 4
8283 3
8284 2
8285 3
8286 2
8287 2
8288 0
8289 3
8290 4
8291 2
8292 2
8293 4
8294 4
8295 5
8296 5
8297 6
8298 5
8299 5
8300 4
8301 4
8302 3
8303 3
8304 2
8305 4
8306 4
8307 4
8308 6
8309 7
8310 6
8311 4
8312 7
8313 5
8314 6
8315 8
8316 5
8317 5
8318 4
8319 3
8320 5
8321 2
8322 1
8323 2
8324 5
8325 5
8326 4
8327 4
8328 4
8329 4
8330 2
8331 3
8332 4
8333 4
8334 5
8335 5
8336 5
8337 3
8338 3
8339 3
8340 3
8341 4
8342 4
8343 3
8344 3
8345 6
8346 5
8347 7
8348 6
8349 5
8350 6
8351 8
8352 9
8353 12
8354 11
8355 13
8356 11
8357 10
8358 10
8359 11
8360 9
8361 12
8362 13
8363 15
8364 12
8365 11
8366 14
8367 12
8368 12
8369 11
8370 10
8371 8
8372 6
8373 6
8374 5
8375 3
8376 5
8377 4
8378 2
8379 1
8380 0
8381 3
8382 4
8383 4
8384 1
8385 2
8386 3
8387 4
8388 7
8389 5
8390 7
8391 9
8392 8
8393 7
8394 9
8395 9
8396 8
8397 6
8398 3
8399 3
8400 3
8401 3
8402 3
8403 3
8404 2
8405 5
8406 5
8407 5
8408 3
8409 5
8410 4
8411 2
8412 0
8413 1
8414 3
8415 1
8416 1
8417 2
8418 2
8419 3
8420 2
8421 3
8422 4
8423 4
8424 4
8425 6
8426 5
8427 2
8428 3
8429 5
8430 5
8431 3
8432 2
8433 2
8434 3
8435 4
8436 3
8437 3
8438 1
8439 2
8440 3
8441 5
8442 3
8443 2
8444 5
8445 4
8446 4
8447 3
8448 5
8449 6
8450 4
8451 5
8452 4
8453 4
8454 4
8455 4
8456 4
8457 5
8458 3
8459 3
8460 2
8461 4
8462 4
8463 3
8464 6
8465 6
8466 6
8467 6
8468 5
8469 6
8470 6
8471 6
8472 8
8473 7
8474 7
8475 5
8476 6
8477 6
8478 7
8479 5
8480 6
8481 7
8482 6
8483 6
8484 5
8485 7
8486 10
8487 9
8488 8
8489 8
8490 7
8491 5
8492 7
8493 7
8494 6
8495 4
8496 3
8497 3
8498 2
8499 0
8500 2
8501 2
8502 3
8503 5
8504 3
8505 3
8506 1
8507 0
8508 6
8509 7
8510 8
8511 10
8512 10
8513 13
8514 13
8515 14
8516 13
8517 12
8518 15
8519 12
8520 10
8521 9
8522 6
8523 9
8524 9
8525 12
8526 13
8527 14
8528 14
8529 13
8530 12
8531 12
8532 9
8533 8
8534 7
8535 5
8536 5
8537 6
8538 3
8539 4
8540 5
8541 5
8542 4
8543 5
8544 6
8545 7
8546 5
8547 6
8548 5
8549 6
8550 6
8551 6
8552 5
8553 3
8554 1
8555 4
8556 5
8557 5
8558 4
8559 4
8560 3
8561 1
8562 4
8563 3
8564 0
8565 6
8566 3
8567 2
8568 1
8569 3
8570 3
8571 4
8572 4
8573 1
8574 5
8575 5
8576 7
8577 6
8578 4
8579 5
8580 7
8581 9
8582 9
8583 8
8584 8
8585 6
8586 5
8587 8
8588 9
8589 10
8590 8
8591 8
8592 9
8593 10
8594 13
8595 11
8596 12
8597 13
8598 14
8599 15
8600 12
8601 13
8602 12
8603 13
8604 14
8605 15
8606 12
8607 11
8608 11
8609 12
8610 14
8611 12
8612 12
8613 12
8614 13
8615 13
8616 13
8617 12
8618 12
8619 13
8620 12
8621 15
8622 12
8623 15
8624 12
8625 9
8626 7
8627 8
8628 9
8629 10
8630 7
8631 10
8632 10
8633 11
8634 12
8635 15
8636 12
8637 11
8638 11
8639 13
8640 10
8641 12
8642 10
8643 10
8644 10
8645 10
8646 9
8647 8
8648 8
8649 8
8650 7
8651 7
8652 7
8653 6
8654 7
8655 7
8656 7
8657 7
8658 6
8659 6
8660 6
8661 6
8662 4
8663 4
8664 6
8665 6
8666 6
8667 5
8668 7
8669 5
8670 7
8671 6
8672 6
8673 8
8674 10
8675 8
8676 7
8677 9
8678 9
8679 8
8680 8
8681 9
8682 9
8683 8
8684 9
8685 8
8686 8
8687 9
8688 9
8689 8
8690 8
8691 8
8692 8
8693 8
8694 7
8695 6
8696 4
8697 5
8698 4
8699 3
8700 3
8701 2
8702 1
8703 6
8704 6
8705 8
8706 7
8707 8
8708 8
8709 6
8710 4
8711 3
8712 1
8713 4
8714 3
8715 3
8716 5
8717 4
8718 1
8719 3
8720 3
8721 5
8722 7
8723 6
8724 9
8725 10
8726 8
8727 11
8728 9
8729 7
8730 7
8731 7
8732 7
8733 7
8734 7
8735 6
8736 5
8737 7
8738 7
8739 8
8740 10
8741 9
8742 8
8743 10
8744 11
8745 10
8746 9
8747 10
8748 8
8749 8
8750 8
8751 11
8752 9
8753 12
8754 12
8755 10
8756 12
8757 12
8758 9
8759 8
8760 9
8761 12
8762 12
8763 12
8764 14
8765 14
8766 15
8767 12
8768 10
8769 9
8770 10
8771 12
8772 11
8773 10
8774 9
8775 10
8776 9
8777 9
8778 9
8779 7
8780 7
8781 9
8782 8
8783 11
8784 11
8785 9
8786 8
8787 8
8788 11
8789 9
8790 10
8791 8
8792 8
8793 6
8794 5
8795 2
8796 2
8797 1
8798 3
8799 5
8800 4
8801 5
8802 4
8803 4
8804 5
8805 4
8806 5
8807 5
8808 8
8809 8
8810 10
8811 9
8812 8
8813 9
8814 9
8815 8
8816 8
8817 9
8818 8
8819 10
8820 8
8821 7
8822 7
8823 5
8824 5
8825 4
8826 3
8827 3
8828 5
8829 5
8830 4
8831 4
8832 6
8833 5
8834 6
8835 6
8836 5
8837 6
8838 8
8839 6
8840 7
8841 8
8842 8
8843 7
8844 9
8845 11
8846 11
8847 13
8848 11
8849 11
8850 10
8851 10
8852 9
8853 7
8854 6
8855 8
8856 6
8857 4
8858 4
8859 2
8860 1
8861 3
8862 3
8863 0
8864 4
8865 5
8866 6
8867 4
8868 6
8869 6
8870 5
8871 6
8872 6
8873 5
8874 8
8875 7
8876 11
8877 10
8878 9
8879 10
8880 10
8881 10
8882 11
8883 11
8884 11
8885 13
8886 15
8887 12
8888 14
8889 12
8890 11
8891 9
8892 8
8893 10
8894 10
8895 9
8896 9
8897 8
8898 10
8899 10
8900 8
8901 9
8902 6
8903 8
8904 7
8905 7
8906 6
8907 6
8908 5
8909 4
8910 6
8911 6
8912 4
8913 4
8914 3
8915 3
8916 2
8917 2
8918 5
8919 3
8920 6
8921 5
8922 5
8923 4
8924 4
8925 1
8926 0
8927 2
8928 3
8929 2
8930 5
8931 4
8932 4
8933 4
8934 3
8935 2
8936 5
8937 6
8938 8
8939 8
8940 9
8941 9
8942 7
8943 7
8944 5
8945 5
8946 4
8947 6
8948 4
8949 2
8950 5
8951 6
8952 9
8953 11
8954 11
8955 11
8956 8
8957 5
8958 6
8959 7
8960 9
8961 9
8962 9
8963 10
8964 11
8965 11
8966 11
8967 12
8968 12
8969 9
8970 9
8971 8
8972 8
8973 8
8974 11
8975 10
8976 11
8977 11
8978 11
8979 12
8980 11
8981 11
8982 11
8983 10
8984 9
8985 7
8986 9
8987 7
8988 9
8989 9
8990 10
8991 10
8992 8
8993 10
8994 9
8995 7
8996 7
8997 7
8998 6
8999 6
9000 3
9001 3
9002 4
9003 2
9004 4
9005 6
9006 7
9007 7
9008 8
9009 8
9010 8
9011 10
9012 11
9013 12
9014 10
9015 9
9016 8
9017 8
9018 11
9019 13
9020 12
9021 11
9022 12
9023 11
9024 12
9025 11
9026 12
9027 11
9028 8
9029 8
9030 6
9031 9
9032 9
9033 8
9034 8
9035 7
9036 7
9037 6
9038 6
9039 7
9040 7
9041 8
9042 8
9043 7
9044 7
9045 7
9046 5
9047 5
9048 6
9049 4
9050 2
9051 1
9052 5
9053 4
9054 7
9055 10
9056 13
9057 15
9058 12
9059 10
9060 10
9061 10
9062 9
9063 7
9064 5
9065 7
9066 6
9067 5
9068 4
9069 5
9070 5
9071 7
9072 4
9073 5
9074 6
9075 6
9076 8
9077 9
9078 9
9079 7
9080 6
9081 5
9082 4
9083 1
9084 1
9085 3
9086 3
9087 2
9088 1
9089 1
9090 3
9091 6
9092 5
9093 3
9094 5
9095 5
9096 6
9097 5
9098 4
9099 7
9100 6
9101 6
9102 5
9103 5
9104 4
9105 5
9106 3
9107 0
9108 4
9109 3
9110 3
9111 2
9112 5
9113 5
9114 3
9115 2
9116 4
9117 2
9118 5
9119 4
9120 2
9121 4
9122 1
9123 4
9124 5
9125 6
9126 8
9127 6
9128 7
9129 7
9130 9
9131 9
9132 8
9133 8
9134 10
9135 9
9136 11
9137 9
9138 11
9139 11
9140 11
9141 11
9142 11
9143 11
9144 10
9145 10
9146 9
9147 8
9148 8
9149 7
9150 5
9151 5
9152 5
9153 3
9154 2
9155 2
9156 5
9157 5
9158 7
9159 9
9160 10
9161 11
9162 12
9163 11
9164 9
9165 9
9166 9
9167 9
9168 9
9169 10
9170 11
9171 9
9172 8
9173 7
9174 5
9175 5
9176 5
9177 2
9178 0
9179 3
9180 2
9181 3
9182 2
9183 2
9184 5
9185 5
9186 6
9187 5
9188 3
9189 0
9190 3
9191 3
9192 1
9193 4
9194 2
9195 2
9196 1
9197 1
9198 1
9199 1
9200 3
9201 2
9202 1
9203 2
9204 2
9205 6
9206 5
9207 3
9208 4
9209 3
9210 2
9211 3
9212 4
9213 6
9214 8
9215 11
9216 9
9217 10
9218 7
9219 8
9220 8
9221 5
9222 3
9223 1
9224 2
9225 3
9226 3
9227 3
9228 4
9229 3
9230 0
9231 7
9232 6
9233 5
9234 5
9235 3
9236 5
9237 5
9238 7
9239 10
9240 8
9241 8
9242 7
9243 8
9244 8
9245 8
9246 6
9247 9
9248 9
9249 7
9250 8
9251 5
9252 5
9253 6
9254 10
9255 11
9256 9
9257 8
9258 8
9259 6
9260 5
9261 8
9262 6
9263 8
9264 6
9265 4
9266 5
9267 4
9268 3
9269 6
9270 7
9271 8
9272 7
9273 8
9274 8
9275 6
9276 7
9277 5
9278 6
9279 6
9280 8
9281 9
9282 9
9283 10
9284 10
9285 11
9286 9
9287 9
9288 7
9289 6
9290 4
9291 7
9292 7
9293 8
9294 7
9295 10
9296 10
9297 10
9298 8
9299 8
9300 8
9301 8
9302 10
9303 11
9304 13
9305 16
9306 13
9307 13
9308 12
9309 12
9310 11
9311 10
9312 8
9313 9
9314 10
9315 10
9316 7
9317 5
9318 6
9319 5
9320 2
9321 2
9322 3
9323 2
9324 0
9325 1
9326 4
9327 5
9328 4
9329 4
9330 3
9331 2
9332 5
9333 5
9334 9
9335 7
9336 8
9337 8
9338 8
9339 6
9340 6
9341 6
9342 5
9343 4
9344 4
9345 3
9346 0
9347 5
9348 4
9349 4
9350 3
9351 2
9352 4
9353 3
9354 1
9355 4
9356 4
9357 5
9358 3
9359 2
9360 4
9361 4
9362 5
9363 3
9364 5
9365 6
9366 5
9367 5
9368 7
9369 6
9370 8
9371 8
9372 8
9373 7
9374 6
9375 4
9376 6
9377 5
9378 4
9379 5
9380 3
9381 3
9382 6
9383 6
9384 3
9385 1
9386 1
9387 3
9388 4
9389 5
9390 4
9391 4
9392 4
9393 4
9394 4
9395 1
9396 5
9397 4
9398 5
9399 4
9400 2
9401 1
9402 2
9403 3
9404 0
9405 6
9406 5
9407 4
9408 3
9409 3
9410 1
9411 3
9412 3
9413 2
9414 8
9415 6
9416 6
9417 5
9418 5
9419 7
9420 6
9421 7
9422 7
9423 6
9424 6
9425 5
9426 5
9427 5
9428 5
9429 4
9430 7
9431 7
9432 5
9433 10
9434 8
9435 9
9436 9
9437 8
9438 6
9439 4
9440 7
9441 9
9442 11
9443 12
9444 11
9445 10
9446 10
9447 12
9448 11
9449 10
9450 8
9451 8
9452 6
9453 6
9454 5
9455 4
9456 3
9457 2
9458 5
9459 7
9460 8
9461 8
9462 8
9463 8
9464 7
9465 6
9466 6
9467 6
9468 6
9469 6
9470 5
9471 7
9472 6
9473 5
9474 5
9475 7
9476 7
9477 9
9478 10
9479 8
9480 8
9481 8
9482 9
9483 10
9484 10
9485 10
9486 8
9487 8
9488 9
9489 9
9490 7
9491 7
9492 5
9493 5
9494 5
9495 4
9496 4
9497 5
9498 5
9499 3
9500 3
9501 4
9502 7
9503 5
9504 4
9505 3
9506 3
9507 1
9508 4
9509 2
9510 4
9511 6
9512 7
9513 5
9514 4
9515 6
9516 5
9517 6
9518 4
9519 3
9520 1
9521 4
9522 5
9523 8
9524 9
9525 11
9526 14
9527 15
9528 12
9529 15
9530 12
9531 15
9532 12
9533 12
9534 14
9535 16
9536 13
9537 12
9538 12
9539 12
9540 11
9541 11
9542 11
9543 10
9544 9
9545 8
9546 11
9547 10
9548 10
9549 12
9550 11
9551 11
9552 11
9553 11
9554 14
9555 14
9556 13
9557 12
9558 10
9559 11
9560 11
9561 12
9562 13
9563 12
9564 12
9565 10
9566 12
9567 12
9568 13
9569 11
9570 13
9571 13
9572 13
9573 16
9574 13
9575 14
9576 15
9577 12
9578 10
9579 11
9580 12
9581 12
9582 11
9583 10
9584 10
9585 9
9586 8
9587 8
9588 7
9589 9
9590 7
9591 8
9592 7
9593 6
9594 7
9595 7
9596 7
9597 7
9598 7
9599 6
9600 4
9601 3
9602 3
9603 2
9604 2
9605 3
9606 4
9607 3
9608 2
9609 2
9610 2
9611 3
9612 3
9613 2
9614 3
9615 5
9616 5
9617 6
9618 8
9619 9
9620 8
9621 8
9622 8
9623 8
9624 9
9625 7
9626 6
9627 7
9628 6
9629 5
9630 6
9631 7
9632 5
9633 6
9634 5
9635 4
9636 4
9637 4
9638 6
9639 5
9640 7
9641 5
9642 7
9643 7
9644 7
9645 6
9646 7
9647 5
9648 6
9649 7
9650 8
9651 9
9652 10
9653 9
9654 10
9655 9
9656 8
9657 7
9658 4
9659 4
9660 6
9661 7
9662 6
9663 6
9664 6
9665 5
9666 4
9667 2
9668 4
9669 4
9670 3
9671 2
9672 0
9673 2
9674 2
9675 1
9676 3
9677 3
9678 3
9679 2
9680 2
9681 2
9682 1
9683 1
9684 1
9685 2
9686 5
9687 6
9688 4
9689 3
9690 2
9691 4
9692 2
9693 3
9694 2
9695 1
9696 1
9697 6
9698 7
9699 5
9700 9
9701 8
9702 6
9703 5
9704 5
9705 3
9706 2
9707 2
9708 6
9709 5
9710 5
9711 3
9712 4
9713 2
9714 4
9715 3
9716 5
9717 7
9718 4
9719 3
9720 5
9721 4
9722 2
9723 2
9724 3
9725 4
9726 3
9727 2
9728 1
9729 5
9730 6
9731 5
9732 3
9733 6
9734 4
9735 5
9736 6
9737 5
9738 7
9739 6
9740 5
9741 4
9742 3
9743 2
9744 2
9745 2
9746 5
9747 5
9748 5
9749 3
9750 3
9751 4
9752 3
9753 3
9754 2
9755 3
9756 4
9757 4
9758 5
9759 3
9760 4
9761 1
9762 4
9763 4
9764 4
9765 4
9766 4
9767 2
9768 4
9769 6
9770 5
9771 3
9772 3
9773 3
9774 2
9775 3
9776 1
9777 0
9778 1
9779 2
9780 4
9781 2
9782 3
9783 5
9784 5
9785 5
9786 6
9787 4
9788 6
9789 6
9790 9
9791 8
9792 5
9793 4
9794 2
9795 3
9796 2
9797 4
9798 5
9799 5
9800 3
9801 1
9802 2
9803 3
9804 3
9805 4
9806 5
9807 3
9808 3
9809 3
9810 2
9811 3
9812 4
9813 4
9814 5
9815 2
9816 5
9817 3
9818 3
9819 2
9820 2
9821 3
9822 3
9823 4
9824 3
9825 2
9826 3
9827 5
9828 4
9829 6
9830 9
9831 10
9832 9
9833 10
9834 12
9835 13
9836 12
9837 9
9838 9
9839 8
9840 8
9841 7
9842 7
9843 6
9844 8
9845 8
9846 7
9847 7
9848 6
9849 6
9850 8
9851 8
9852 6
9853 5
9854 5
9855 4
9856 5
9857 4
9858 5
9859 5
9860 4
9861 5
9862 4
9863 5
9864 5
9865 3
9866 1
9867 7
9868 8
9869 8
9870 7
9871 7
9872 6
9873 4
9874 1
9875 3
9876 5
9877 4
9878 2
9879 2
9880 3
9881 1
9882 6
9883 6
9884 10
9885 12
9886 12
9887 9
9888 8
9889 8
9890 8
9891 6
9892 7
9893 5
9894 7
9895 6
9896 5
9897 7
9898 10
9899 7
9900 5
9901 7
9902 7
9903 8
9904 10
9905 11
9906 11
9907 12
9908 11
9909 9
9910 8
9911 8
9912 10
9913 9
9914 7
9915 7
9916 7
9917 8
9918 11
9919 10
9920 12
9921 12
9922 12
9923 12
9924 14
9925 13
9926 12
9927 9
9928 8
9929 7
9930 8
9931 8
9932 10
9933 10
9934 14
9935 13
9936 14
9937 14
9938 15
9939 12
9940 14
9941 16
9942 13
9943 15
9944 12
9945 10
9946 10
9947 9
9948 10
9949 10
9950 12
9951 11
9952 8
9953 7
9954 6
9955 3
9956 2
9957 0
9958 2
9959 2
9960 4
9961 3
9962 1
9963 3
9964 5
9965 3
9966 3
9967 4
9968 4
9969 3
9970 3
9971 1
9972 5
9973 5
9974 7
9975 6
9976 6
9977 4
9978 5
9979 3
9980 0
9981 3
9982 2
9983 4
9984 4
9985 3
9986 3
9987 2
9988 1
9989 1
9990 4
9991 5
9992 6
9993 5
9994 4
9995 4
9996 7
9997 7
9998 9
9999 10
