0 10
1 10
2 11
3 11
4 10
5 10
6 10
7 8
8 8
9 10
10 9
11 11
12 10
13 9
14 6
15 7
16 6
17 5
18 4
19 2
20 0
21 3
22 1
23 2
24 5
25 7
26 6
27 7
28 9
29 10
30 10
31 12
32 10
33 12
34 14
35 14
36 13
37 15
38 12
39 12
40 11
41 11
42 11
43 13
44 12
45 11
46 11
47 10
48 9
49 8
50 11
51 10
52 12
53 10
54 10
55 12
56 12
57 13
58 11
59 9
60 8
61 5
62 4
63 6
64 8
65 10
66 10
67 9
68 9
69 9
70 7
71 6
72 7
73 6
74 6
75 4
76 4
77 4
78 9
79 10
80 10
81 9
82 11
83 10
84 9
85 11
86 9
87 9
88 10
89 10
90 13
91 12
92 11
93 10
94 10
95 9
96 10
97 11
98 9
99 9
100 8
101 7
102 6
103 5
104 4
105 4
106 4
107 2
108 1
109 3
110 4
111 5
112 4
113 4
114 4
115 7
116 7
117 8
118 6
119 5
120 3
121 7
122 7
123 7
124 7
125 6
126 8
127 9
128 8
129 7
130 7
131 5
132 4
133 4
134 3
135 1
136 2
137 1
138 2
139 5
140 8
141 7
142 7
143 5
144 5
145 3
146 1
147 4
148 4
149 3
150 2
151 1
152 5
153 4
154 4
155 5
156 4
157 2
158 3
159 3
160 2
161 3
162 1
163 1
164 4
165 4
166 4
167 3
168 1
169 1
170 3
171 5
172 6
173 5
174 5
175 5
176 7
177 8
178 7
179 7
180 5
181 5
182 4
183 4
184 2
185 5
186 6
187 7
188 6
189 8
190 7
191 8
192 8
193 9
194 8
195 10
196 8
197 5
198 5
199 3
200 2
201 2
202 0
203 5
204 5
205 7
206 8
207 6
208 6
209 7
210 8
211 5
212 5
213 6
214 6
215 6
216 4
217 7
218 6
219 6
220 6
221 7
222 7
223 7
224 7
225 8
226 9
227 9
228 7
229 10
230 9
231 8
232 7
233 7
234 8
235 8
236 10
237 11
238 9
239 7
240 8
241 7
242 6
243 6
244 6
245 5
246 4
247 2
248 4
249 3
250 0
251 0
252 3
253 3
254 4
255 5
256 5
257 6
258 5
259 5
260 4
261 3
262 3
263 4
264 7
265 6
266 4
267 7
268 8
269 7
270 8
271 5
272 4
273 6
274 4
275 4
276 6
277 4
278 3
279 4
280 1
281 2
282 3
283 1
284 3
285 2
286 1
287 3
288 7
289 7
290 7
291 7
292 6
293 6
294 5
295 6
296 8
297 8
298 6
299 5
300 3
301 3
302 5
303 4
304 3
305 3
306 4
307 4
308 3
309 5
310 6
311 5
312 4
313 5
314 6
315 9
316 8
317 9
318 9
319 10
320 8
321 10
322 12
323 10
324 7
325 7
326 10
327 13
328 14
329 17
330 14
331 15
332 12
333 12
334 12
335 12
336 12
337 14
338 14
339 13
340 13
341 13
342 13
343 11
344 12
345 13
346 12
347 11
348 11
349 11
350 14
351 13
352 13
353 14
354 12
355 12
356 11
357 12
358 13
359 16
360 13
361 13
362 11
363 11
364 10
365 9
366 8
367 6
368 7
369 9
370 11
371 12
372 12
373 10
374 12
375 12
376 11
377 10
378 12
379 13
380 11
381 13
382 11
383 10
384 11
385 12
386 14
387 11
388 9
389 9
390 9
391 9
392 9
393 8
394 7
395 7
396 5
397 6
398 6
399 4
400 6
401 6
402 7
403 7
404 6
405 5
406 6
407 10
408 10
409 9
410 8
411 7
412 7
413 7
414 8
415 7
416 6
417 6
418 6
419 6
420 6
421 5
422 5
423 4
424 2
425 4
426 3
427 4
428 7
429 6
430 4
431 5
432 4
433 4
434 6
435 7
436 4
437 8
438 6
439 6
440 7
441 7
442 5
443 4
444 4
445 6
446 6
447 8
448 8
449 9
450 7
451 5
452 6
453 9
454 10
455 10
456 9
457 8
458 9
459 9
460 7
461 7
462 7
463 7
464 6
465 4
466 5
467 5
468 4
469 3
470 1
471 3
472 3
473 2
474 2
475 3
476 3
477 1
478 4
479 5
480 2
481 4
482 2
483 4
484 6
485 4
486 3
487 5
488 5
489 3
490 5
491 4
492 3
493 1
494 2
495 1
496 1
497 2
498 5
499 2
500 1
501 2
502 2
503 2
504 3
505 1
506 4
507 2
508 2
509 1
510 4
511 3
512 2
513 2
514 1
515 3
516 2
517 3
518 0
519 0
520 2
521 3
522 2
523 4
524 3
525 2
526 3
527 3
528 0
529 1
530 2
531 3
532 1
533 3
534 1
535 2
536 3
537 3
538 2
539 2
540 4
541 3
542 2
543 6
544 7
545 7
546 8
547 7
548 6
549 8
550 10
551 10
552 10
553 10
554 10
555 11
556 9
557 8
558 7
559 5
560 3
561 2
562 4
563 3
564 2
565 6
566 9
567 10
568 10
569 10
570 10
571 11
572 9
573 9
574 9
575 11
576 9
577 10
578 7
579 8
580 8
581 6
582 5
583 5
584 5
585 3
586 3
587 4
588 2
589 5
590 5
591 6
592 4
593 4
594 3
595 3
596 3
597 1
598 3
599 4
600 6
601 4
602 6
603 5
604 5
605 5
606 5
607 7
608 7
609 7
610 7
611 8
612 7
613 7
614 7
615 6
616 8
617 7
618 8
619 9
620 7
621 5
622 3
623 5
624 6
625 7
626 5
627 6
628 6
629 6
630 6
631 8
632 8
633 10
634 9
635 7
636 7
637 5
638 8
639 6
640 7
641 7
642 5
643 4
644 3
645 1
646 3
647 2
648 2
649 5
650 4
651 5
652 6
653 6
654 7
655 9
656 9
657 8
658 10
659 10
660 11
661 13
662 14
663 12
664 11
665 12
666 11
667 12
668 14
669 16
670 13
671 12
672 12
673 11
674 10
675 8
676 7
677 5
678 3
679 3
680 4
681 4
682 3
683 4
684 3
685 5
686 6
687 8
688 7
689 5
690 6
691 5
692 2
693 3
694 2
695 3
696 5
697 8
698 9
699 11
700 10
701 10
702 10
703 9
704 9
705 11
706 10
707 9
708 9
709 9
710 8
711 8
712 8
713 8
714 7
715 7
716 8
717 7
718 5
719 6
720 7
721 6
722 7
723 5
724 6
725 3
726 4
727 5
728 3
729 3
730 3
731 2
732 1
733 1
734 5
735 3
736 1
737 0
738 5
739 3
740 1
741 3
742 4
743 4
744 2
745 3
746 3
747 3
748 2
749 1
750 5
751 5
752 5
753 3
754 3
755 4
756 5
757 5
758 5
759 5
760 4
761 4
762 3
763 3
764 2
765 4
766 3
767 2
768 0
769 4
770 3
771 3
772 1
773 4
774 3
775 1
776 3
777 4
778 5
779 7
780 10
781 12
782 13
783 15
784 12
785 10
786 10
787 12
788 12
789 10
790 11
791 8
792 9
793 9
794 7
795 5
796 3
797 4
798 5
799 3
800 5
801 5
802 4
803 5
804 6
805 10
806 13
807 13
808 13
809 11
810 12
811 13
812 11
813 12
814 14
815 15
816 12
817 13
818 12
819 12
820 13
821 10
822 9
823 8
824 12
825 12
826 10
827 9
828 10
829 12
830 14
831 12
832 12
833 11
834 10
835 9
836 9
837 9
838 9
839 12
840 14
841 14
842 12
843 9
844 10
845 11
846 9
847 9
848 10
849 8
850 8
851 7
852 6
853 4
854 9
855 7
856 8
857 9
858 7
859 6
860 4
861 3
862 4
863 4
864 3
865 3
866 3
867 2
868 2
869 2
870 3
871 4
872 5
873 4
874 5
875 4
876 5
877 6
878 7
879 9
880 9
881 10
882 7
883 9
884 8
885 5
886 3
887 3
888 1
889 1
890 3
891 2
892 3
893 3
894 3
895 5
896 4
897 4
898 6
899 7
900 7
901 7
902 6
903 3
904 2
905 4
906 1
907 2
908 3
909 1
910 2
911 3
912 1
913 3
914 1
915 4
916 3
917 2
918 2
919 4
920 2
921 2
922 3
923 1
924 0
925 0
926 0
927 3
928 1
929 6
930 7
931 7
932 7
933 6
934 6
935 8
936 6
937 6
938 5
939 4
940 4
941 5
942 4
943 5
944 6
945 5
946 3
947 5
948 3
949 3
950 2
951 5
952 4
953 2
954 5
955 5
956 7
957 6
958 6
959 6
960 7
961 8
962 6
963 7
964 6
965 6
966 4
967 4
968 4
969 5
970 5
971 5
972 6
973 4
974 4
975 2
976 7
977 8
978 6
979 5
980 4
981 3
982 2
983 3
984 1
985 5
986 6
987 5
988 5
989 4
990 3
991 3
992 3
993 3
994 4
995 2
996 4
997 5
998 5
999 2
1000 4
1001 5
1002 3
1003 4
1004 3
1005 3
1006 5
1007 4
1008 4
1009 3
1010 2
1011 1
1012 2
1013 1
1014 2
1015 0
1016 5
1017 4
1018 1
1019 2
1020 4
1021 2
1022 3
1023 2
1024 2
1025 4
1026 2
1027 1
1028 2
1029 5
1030 4
1031 3
1032 3
1033 4
1034 2
1035 3
1036 2
1037 3
1038 4
1039 7
1040 5
1041 4
1042 4
1043 4
1044 5
1045 4
1046 3
1047 2
1048 2
1049 2
1050 2
1051 3
1052 2
1053 2
1054 0
1055 3
1056 1
1057 1
1058 3
1059 1
1060 3
1061 4
1062 5
1063 4
1064 3
1065 5
1066 6
1067 5
1068 4
1069 5
1070 5
1071 3
1072 3
1073 3
1074 5
1075 6
1076 7
1077 9
1078 8
1079 9
1080 9
1081 8
1082 6
1083 7
1084 7
1085 6
1086 4
1087 8
1088 8
1089 6
1090 6
1091 5
1092 4
1093 2
1094 2
1095 2
1096 2
1097 4
1098 4
1099 4
1100 3
1101 2
1102 3
1103 1
1104 5
1105 4
1106 3
1107 3
1108 4
1109 5
1110 5
1111 6
1112 4
1113 4
1114 2
1115 5
1116 6
1117 5
1118 3
1119 3
1120 2
1121 2
1122 1
1123 1
1124 6
1125 5
1126 6
1127 5
1128 6
1129 6
1130 5
1131 6
1132 3
1133 0
1134 2
1135 1
1136 3
1137 1
1138 3
1139 4
1140 7
1141 6
1142 5
1143 6
1144 5
1145 5
1146 6
1147 7
1148 11
1149 12
1150 11
1151 12
1152 11
1153 12
1154 9
1155 6
1156 8
1157 9
1158 7
1159 7
1160 7
1161 9
1162 10
1163 9
1164 12
1165 10
1166 9
1167 10
1168 9
1169 11
1170 10
1171 11
1172 12
1173 11
1174 10
1175 10
1176 7
1177 8
1178 8
1179 11
1180 11
1181 8
1182 6
1183 7
1184 10
1185 10
1186 10
1187 9
1188 7
1189 7
1190 5
1191 3
1192 6
1193 6
1194 8
1195 6
1196 3
1197 4
1198 4
1199 5
1200 6
1201 5
1202 2
1203 4
1204 3
1205 2
1206 2
1207 5
1208 5
1209 5
1210 5
1211 3
1212 1
1213 1
1214 2
1215 2
1216 1
1217 3
1218 2
1219 3
1220 4
1221 2
1222 1
1223 5
1224 6
1225 7
1226 8
1227 9
1228 8
1229 7
1230 6
1231 4
1232 5
1233 5
1234 4
1235 4
1236 3
1237 0
1238 1
1239 5
1240 5
1241 2
1242 1
1243 3
1244 3
1245 3
1246 2
1247 4
1248 4
1249 5
1250 5
1251 4
1252 7
1253 6
1254 5
1255 3
1256 2
1257 3
1258 2
1259 0
1260 3
1261 2
1262 4
1263 5
1264 2
1265 3
1266 3
1267 5
1268 4
1269 8
1270 8
1271 9
1272 11
1273 11
1274 11
1275 10
1276 12
1277 13
1278 13
1279 12
1280 11
1281 10
1282 10
1283 11
1284 10
1285 9
1286 8
1287 8
1288 7
1289 7
1290 6
1291 6
1292 9
1293 7
1294 7
1295 9
1296 8
1297 7
1298 6
1299 4
1300 5
1301 4
1302 3
1303 1
1304 4
1305 3
1306 2
1307 0
1308 3
1309 4
1310 3
1311 1
1312 3
1313 4
1314 2
1315 2
1316 3
1317 4
1318 2
1319 1
1320 2
1321 5
1322 5
1323 5
1324 5
1325 5
1326 2
1327 2
1328 3
1329 2
1330 2
1331 3
1332 2
1333 2
1334 1
1335 4
1336 5
1337 4
1338 2
1339 3
1340 3
1341 1
1342 1
1343 3
1344 4
1345 4
1346 5
1347 5
1348 6
1349 5
1350 3
1351 1
1352 3
1353 1
1354 2
1355 2
1356 0
1357 3
1358 4
1359 5
1360 5
1361 5
1362 4
1363 4
1364 4
1365 5
1366 7
1367 4
1368 6
1369 6
1370 5
1371 6
1372 8
1373 6
1374 7
1375 6
1376 6
1377 6
1378 6
1379 5
1380 4
1381 4
1382 5
1383 5
1384 7
1385 5
1386 4
1387 2
1388 4
1389 3
1390 2
1391 2
1392 2
1393 1
1394 3
1395 3
1396 2
1397 5
1398 5
1399 4
1400 4
1401 6
1402 3
1403 3
1404 2
1405 4
1406 7
1407 8
1408 9
1409 8
1410 5
1411 6
1412 6
1413 4
1414 3
1415 4
1416 4
1417 3
1418 4
1419 3
1420 5
1421 4
1422 3
1423 1
1424 1
1425 0
1426 2
1427 4
1428 3
1429 6
1430 8
1431 11
1432 12
1433 12
1434 12
1435 14
1436 14
1437 14
1438 12
1439 10
1440 8
1441 7
1442 6
1443 6
1444 5
1445 6
1446 8
1447 10
1448 9
1449 8
1450 8
1451 7
1452 5
1453 3
1454 3
1455 3
1456 3
1457 3
1458 4
1459 6
1460 7
1461 8
1462 8
1463 6
1464 3
1465 5
1466 6
1467 5
1468 3
1469 2
1470 3
1471 2
1472 3
1473 3
1474 3
1475 3
1476 1
1477 4
1478 4
1479 5
1480 4
1481 2
1482 3
1483 4
1484 6
1485 6
1486 4
1487 3
1488 3
1489 3
1490 3
1491 4
1492 3
1493 3
1494 4
1495 6
1496 6
1497 6
1498 6
1499 7
1500 8
1501 7
1502 8
1503 9
1504 8
1505 7
1506 7
1507 6
1508 4
1509 6
1510 6
1511 5
1512 3
1513 5
1514 6
1515 8
1516 5
1517 4
1518 4
1519 3
1520 0
1521 3
1522 3
1523 5
1524 5
1525 4
1526 2
1527 2
1528 4
1529 4
1530 4
1531 4
1532 3
1533 2
1534 4
1535 5
1536 6
1537 5
1538 5
1539 5
1540 3
1541 1
1542 4
1543 3
1544 6
1545 7
1546 8
1547 7
1548 6
1549 4
1550 2
1551 4
1552 4
1553 4
1554 2
1555 4
1556 4
1557 3
1558 3
1559 3
1560 2
1561 2
1562 0
1563 1
1564 3
1565 3
1566 2
1567 2
1568 3
1569 5
1570 5
1571 7
1572 7
1573 8
1574 7
1575 5
1576 4
1577 2
1578 2
1579 3
1580 7
1581 8
1582 8
1583 7
1584 6
1585 7
1586 6
1587 6
1588 4
1589 6
1590 5
1591 7
1592 7
1593 7
1594 5
1595 6
1596 7
1597 6
1598 6
1599 4
1600 7
1601 6
1602 5
1603 6
1604 5
1605 6
1606 5
1607 3
1608 1
1609 4
1610 4
1611 6
1612 3
1613 5
1614 3
1615 6
1616 7
1617 5
1618 3
1619 4
1620 5
1621 9
1622 11
1623 10
1624 7
1625 10
1626 9
1627 8
1628 7
1629 10
1630 9
1631 9
1632 9
1633 8
1634 11
1635 12
1636 11
1637 10
1638 10
1639 9
1640 11
1641 10
1642 12
1643 12
1644 14
1645 14
1646 13
1647 12
1648 14
1649 15
1650 12
1651 12
1652 11
1653 12
1654 11
1655 11
1656 11
1657 9
1658 11
1659 9
1660 9
1661 9
1662 9
1663 9
1664 7
1665 6
1666 5
1667 3
1668 4
1669 4
1670 4
1671 5
1672 4
1673 3
1674 2
1675 1
1676 5
1677 4
1678 5
1679 4
1680 3
1681 3
1682 5
1683 7
1684 8
1685 8
1686 10
1687 11
1688 11
1689 10
1690 8
1691 8
1692 6
1693 7
1694 9
1695 8
1696 6
1697 6
1698 7
1699 9
1700 9
1701 8
1702 7
1703 7
1704 7
1705 5
1706 5
1707 4
1708 2
1709 3
1710 2
1711 2
1712 1
1713 5
1714 3
1715 4
1716 4
1717 6
1718 7
1719 6
1720 5
1721 4
1722 3
1723 3
1724 0
1725 2
1726 4
1727 4
1728 3
1729 5
1730 6
1731 10
1732 8
1733 9
1734 8
1735 8
1736 9
1737 7
1738 7
1739 8
1740 12
1741 13
1742 13
1743 14
1744 14
1745 11
1746 11
1747 10
1748 10
1749 8
1750 7
1751 6
1752 6
1753 8
1754 11
1755 12
1756 14
1757 15
1758 12
1759 12
1760 10
1761 13
1762 15
1763 12
1764 11
1765 11
1766 10
1767 12
1768 10
1769 10
1770 8
1771 6
1772 8
1773 7
1774 8
1775 7
1776 5
1777 4
1778 3
1779 5
1780 6
1781 7
1782 7
1783 7
1784 8
1785 7
1786 6
1787 6
1788 6
1789 6
1790 6
1791 6
1792 8
1793 8
1794 8
1795 9
1796 8
1797 9
1798 10
1799 10
1800 9
1801 11
1802 12
1803 10
1804 11
1805 13
1806 13
1807 12
1808 13
1809 11
1810 10
1811 11
1812 11
1813 9
1814 11
1815 10
1816 10
1817 10
1818 11
1819 10
1820 10
1821 11
1822 8
1823 8
1824 6
1825 4
1826 3
1827 5
1828 6
1829 7
1830 7
1831 6
1832 10
1833 10
1834 11
1835 12
1836 14
1837 13
1838 14
1839 13
1840 12
1841 11
1842 12
1843 11
1844 10
1845 12
1846 14
1847 13
1848 12
1849 11
1850 12
1851 12
1852 12
1853 10
1854 9
1855 8
1856 8
1857 8
1858 8
1859 6
1860 6
1861 4
1862 2
1863 2
1864 2
1865 5
1866 6
1867 6
1868 3
1869 4
1870 3
1871 4
1872 3
1873 5
1874 7
1875 8
1876 7
1877 7
1878 7
1879 6
1880 6
1881 5
1882 5
1883 6
1884 6
1885 5
1886 5
1887 7
1888 9
1889 9
1890 8
1891 8
1892 9
1893 9
1894 9
1895 7
1896 4
1897 4
1898 3
1899 3
1900 2
1901 3
1902 2
1903 4
1904 5
1905 6
1906 8
1907 7
1908 7
1909 7
1910 4
1911 7
1912 6
1913 5
1914 3
1915 2
1916 5
1917 6
1918 8
1919 8
1920 10
1921 8
1922 9
1923 11
1924 11
1925 12
1926 11
1927 12
1928 10
1929 9
1930 11
1931 11
1932 10
1933 10
1934 10
1935 8
1936 7
1937 6
1938 3
1939 2
1940 4
1941 6
1942 6
1943 4
1944 6
1945 6
1946 4
1947 4
1948 3
1949 1
1950 1
1951 5
1952 2
1953 4
1954 5
1955 3
1956 5
1957 4
1958 4
1959 4
1960 5
1961 3
1962 5
1963 4
1964 3
1965 2
1966 2
1967 4
1968 2
1969 2
1970 3
1971 5
1972 5
1973 4
1974 3
1975 3
1976 4
1977 5
1978 5
1979 5
1980 5
1981 4
1982 7
1983 5
1984 7
1985 5
1986 4
1987 4
1988 4
1989 5
1990 6
1991 5
1992 3
1993 3
1994 5
1995 4
1996 4
1997 6
1998 8
1999 7
2000 5
2001 7
2002 11
2003 8
2004 8
2005 9
2006 9
2007 11
2008 10
2009 11
2010 9
2011 9
2012 6
2013 3
2014 2
2015 3
2016 2
2017 0
2018 4
2019 6
2020 6
2021 4
2022 4
2023 5
2024 5
2025 4
2026 7
2027 7
2028 6
2029 6
2030 7
2031 9
2032 10
2033 9
2034 7
2035 6
2036 6
2037 7
2038 6
2039 8
2040 8
2041 8
2042 9
2043 7
2044 6
2045 6
2046 3
2047 6
2048 9
2049 12
2050 10
2051 12
2052 13
2053 11
2054 11
2055 10
2056 12
2057 14
2058 14
2059 15
2060 12
2061 13
2062 15
2063 12
2064 13
2065 13
2066 14
2067 15
2068 12
2069 13
2070 12
2071 11
2072 11
2073 9
2074 8
2075 7
2076 6
2077 6
2078 6
2079 6
2080 6
2081 5
2082 5
2083 3
2084 3
2085 5
2086 3
2087 5
2088 4
2089 5
2090 3
2091 4
2092 4
2093 3
2094 5
2095 8
2096 10
2097 11
2098 13
2099 13
2100 13
2101 12
2102 13
2103 12
2104 12
2105 11
2106 9
2107 10
2108 10
2109 11
2110 14
2111 12
2112 12
2113 9
2114 8
2115 6
2116 6
2117 8
2118 6
2119 6
2120 8
2121 8
2122 8
2123 6
2124 5
2125 4
2126 4
2127 6
2128 3
2129 1
2130 5
2131 7
2132 7
2133 7
2134 6
2135 8
2136 9
2137 10
2138 12
2139 10
2140 10
2141 10
2142 10
2143 12
2144 13
2145 12
2146 13
2147 16
2148 13
2149 13
2150 11
2151 14
2152 13
2153 11
2154 10
2155 12
2156 10
2157 11
2158 11
2159 11
2160 9
2161 12
2162 11
2163 11
2164 12
2165 13
2166 12
2167 13
2168 14
2169 13
2170 13
2171 14
2172 14
2173 14
2174 13
2175 12
2176 11
2177 10
2178 11
2179 10
2180 10
2181 10
2182 10
2183 9
2184 9
2185 8
2186 8
2187 7
2188 8
2189 5
2190 4
2191 3
2192 3
2193 5
2194 5
2195 6
2196 7
2197 6
2198 4
2199 4
2200 2
2201 6
2202 9
2203 11
2204 10
2205 12
2206 12
2207 11
2208 14
2209 15
2210 12
2211 12
2212 9
2213 8
2214 6
2215 5
2216 6
2217 7
2218 7
2219 6
2220 4
2221 2
2222 2
2223 4
2224 3
2225 3
2226 1
2227 4
2228 2
2229 3
2230 2
2231 1
2232 2
2233 2
2234 2
2235 2
2236 4
2237 4
2238 4
2239 2
2240 3
2241 2
2242 1
2243 1
2244 5
2245 7
2246 9
2247 9
2248 8
2249 5
2250 5
2251 3
2252 4
2253 3
2254 1
2255 2
2256 1
2257 3
2258 2
2259 2
2260 5
2261 6
2262 6
2263 7
2264 7
2265 8
2266 7
2267 9
2268 7
2269 6
2270 5
2271 4
2272 5
2273 7
2274 8
2275 11
2276 14
2277 16
2278 13
2279 14
2280 12
2281 12
2282 13
2283 10
2284 9
2285 7
2286 6
2287 6
2288 7
2289 9
2290 10
2291 9
2292 11
2293 13
2294 13
2295 13
2296 12
2297 12
2298 12
2299 10
2300 10
2301 11
2302 11
2303 8
2304 7
2305 5
2306 5
2307 7
2308 7
2309 9
2310 9
2311 7
2312 7
2313 8
2314 6
2315 7
2316 4
2317 6
2318 6
2319 4
2320 4
2321 3
2322 4
2323 1
2324 4
2325 2
2326 3
2327 3
2328 5
2329 3
2330 4
2331 5
2332 4
2333 4
2334 5
2335 4
2336 3
2337 2
2338 3
2339 2
2340 3
2341 0
2342 1
2343 3
2344 4
2345 6
2346 6
2347 5
2348 5
2349 6
2350 7
2351 7
2352 7
2353 6
2354 5
2355 5
2356 5
2357 5
2358 5
2359 5
2360 4
2361 5
2362 6
2363 6
2364 6
2365 7
2366 7
2367 6
2368 5
2369 5
2370 6
2371 7
2372 7
2373 6
2374 7
2375 6
2376 5
2377 4
2378 3
2379 5
2380 3
2381 2
2382 2
2383 4
2384 4
2385 4
2386 3
2387 4
2388 3
2389 1
2390 4
2391 6
2392 8
2393 8
2394 7
2395 7
2396 5
2397 5
2398 4
2399 3
2400 2
2401 3
2402 1
2403 2
2404 3
2405 4
2406 2
2407 4
2408 3
2409 2
2410 3
2411 3
2412 3
2413 1
2414 6
2415 6
2416 7
2417 7
2418 9
2419 9
2420 8
2421 6
2422 6
2423 9
2424 9
2425 8
2426 8
2427 9
2428 6
2429 6
2430 3
2431 2
2432 1
2433 3
2434 3
2435 3
2436 5
2437 4
2438 1
2439 4
2440 5
2441 6
2442 7
2443 6
2444 4
2445 6
2446 8
2447 7
2448 6
2449 5
2450 5
2451 5
2452 6
2453 6
2454 4
2455 7
2456 6
2457 5
2458 6
2459 6
2460 5
2461 4
2462 3
2463 1
2464 2
2465 0
2466 3
2467 4
2468 3
2469 2
2470 3
2471 2
2472 2
2473 4
2474 2
2475 2
2476 4
2477 4
2478 3
2479 3
2480 6
2481 9
2482 9
2483 8
2484 9
2485 11
2486 11
2487 10
2488 12
2489 12
2490 13
2491 14
2492 14
2493 13
2494 10
2495 11
2496 10
2497 10
2498 7
2499 7
2500 8
2501 8
2502 8
2503 11
2504 9
2505 11
2506 11
2507 12
2508 12
2509 10
2510 10
2511 9
2512 8
2513 8
2514 6
2515 6
2516 5
2517 3
2518 3
2519 2
2520 1
2521 3
2522 4
2523 7
2524 8
2525 8
2526 11
2527 11
2528 11
2529 13
2530 16
2531 13
2532 15
2533 12
2534 11
2535 9
2536 11
2537 11
2538 8
2539 12
2540 11
2541 9
2542 8
2543 6
2544 7
2545 5
2546 4
2547 3
2548 7
2549 7
2550 6
2551 5
2552 5
2553 7
2554 5
2555 4
2556 5
2557 6
2558 8
2559 5
2560 6
2561 8
2562 6
2563 5
2564 5
2565 6
2566 4
2567 1
2568 3
2569 2
2570 4
2571 3
2572 7
2573 6
2574 7
2575 8
2576 6
2577 8
2578 6
2579 7
2580 9
2581 8
2582 6
2583 5
2584 6
2585 8
2586 10
2587 8
2588 6
2589 6
2590 6
2591 7
2592 6
2593 7
2594 7
2595 7
2596 6
2597 8
2598 9
2599 8
2600 7
2601 7
2602 6
2603 8
2604 7
2605 5
2606 4
2607 1
2608 4
2609 5
2610 7
2611 6
2612 5
2613 2
2614 1
2615 2
2616 2
2617 1
2618 3
2619 5
2620 5
2621 7
2622 7
2623 8
2624 6
2625 8
2626 6
2627 5
2628 4
2629 2
2630 5
2631 5
2632 6
2633 7
2634 6
2635 4
2636 3
2637 4
2638 3
2639 2
2640 3
2641 4
2642 1
2643 2
2644 1
2645 4
2646 4
2647 4
2648 5
2649 4
2650 2
2651 4
2652 2
2653 1
2654 1
2655 4
2656 4
2657 4
2658 3
2659 4
2660 5
2661 4
2662 8
2663 7
2664 8
2665 9
2666 7
2667 7
2668 5
2669 5
2670 5
2671 3
2672 3
2673 6
2674 8
2675 6
2676 6
2677 5
2678 4
2679 4
2680 2
2681 4
2682 4
2683 4
2684 5
2685 4
2686 3
2687 5
2688 5
2689 6
2690 3
2691 2
2692 3
2693 2
2694 1
2695 6
2696 8
2697 6
2698 7
2699 10
2700 12
2701 11
2702 11
2703 10
2704 10
2705 10
2706 7
2707 11
2708 10
2709 10
2710 12
2711 11
2712 10
2713 11
2714 12
2715 11
2716 12
2717 13
2718 15
2719 12
2720 11
2721 11
2722 10
2723 10
2724 10
2725 9
2726 8
2727 6
2728 5
2729 5
2730 4
2731 3
2732 4
2733 4
2734 4
2735 2
2736 2
2737 5
2738 3
2739 3
2740 2
2741 2
2742 3
2743 2
2744 4
2745 3
2746 2
2747 1
2748 0
2749 3
2750 4
2751 7
2752 8
2753 6
2754 6
2755 7
2756 8
2757 6
2758 7
2759 7
2760 7
2761 7
2762 7
2763 5
2764 5
2765 5
2766 5
2767 3
2768 1
2769 6
2770 6
2771 9
2772 8
2773 7
2774 8
2775 7
2776 8
2777 7
2778 7
2779 7
2780 4
2781 2
2782 4
2783 3
2784 3
2785 2
2786 3
2787 0
2788 4
2789 6
2790 5
2791 5
2792 7
2793 5
2794 3
2795 3
2796 5
2797 3
2798 4
2799 6
2800 7
2801 8
2802 6
2803 8
2804 8
2805 9
2806 7
2807 7
2808 6
2809 5
2810 7
2811 8
2812 8
2813 10
2814 7
2815 8
2816 8
2817 8
2818 8
2819 9
2820 7
2821 4
2822 4
2823 2
2824 4
2825 5
2826 5
2827 2
2828 3
2829 4
2830 2
2831 3
2832 4
2833 4
2834 6
2835 8
2836 8
2837 9
2838 9
2839 8
2840 7
2841 8
2842 6
2843 3
2844 1
2845 2
2846 2
2847 4
2848 3
2849 5
2850 6
2851 3
2852 5
2853 7
2854 7
2855 6
2856 6
2857 5
2858 4
2859 2
2860 2
2861 4
2862 3
2863 4
2864 5
2865 3
2866 6
2867 4
2868 3
2869 2
2870 3
2871 6
2872 6
2873 5
2874 6
2875 6
2876 5
2877 8
2878 10
2879 8
2880 7
2881 9
2882 7
2883 9
2884 7
2885 8
2886 8
2887 7
2888 5
2889 8
2890 8
2891 7
2892 7
2893 8
2894 8
2895 5
2896 5
2897 9
2898 11
2899 12
2900 12
2901 9
2902 9
2903 9
2904 10
2905 10
2906 7
2907 7
2908 7
2909 6
2910 5
2911 3
2912 2
2913 4
2914 2
2915 2
2916 2
2917 4
2918 3
2919 4
2920 3
2921 4
2922 5
2923 6
2924 7
2925 8
2926 6
2927 6
2928 8
2929 12
2930 13
2931 12
2932 12
2933 13
2934 12
2935 12
2936 10
2937 8
2938 6
2939 5
2940 7
2941 6
2942 6
2943 7
2944 9
2945 12
2946 11
2947 13
2948 12
2949 9
2950 11
2951 11
2952 8
2953 5
2954 7
2955 8
2956 8
2957 8
2958 9
2959 9
2960 11
2961 12
2962 12
2963 13
2964 16
2965 13
2966 15
2967 12
2968 12
2969 12
2970 11
2971 10
2972 10
2973 12
2974 12
2975 14
2976 14
2977 15
2978 12
2979 11
2980 11
2981 13
2982 13
2983 12
2984 13
2985 14
2986 13
2987 12
2988 11
2989 11
2990 14
2991 13
2992 12
2993 12
2994 11
2995 10
2996 12
2997 9
2998 6
2999 4
3000 4
3001 3
3002 2
3003 4
3004 5
3005 6
3006 5
3007 2
3008 1
3009 3
3010 3
3011 1
3012 3
3013 3
3014 0
3015 2
3016 4
3017 5
3018 6
3019 8
3020 6
3021 4
3022 4
3023 5
3024 5
3025 4
3026 3
3027 1
3028 1
3029 1
3030 2
3031 6
3032 7
3033 9
3034 10
3035 10
3036 10
3037 11
3038 12
3039 11
3040 10
3041 11
3042 13
3043 12
3044 13
3045 11
3046 12
3047 11
3048 12
3049 11
3050 8
3051 9
3052 10
3053 8
3054 11
3055 12
3056 12
3057 12
3058 11
3059 10
3060 9
3061 11
3062 11
3063 10
3064 9
3065 7
3066 7
3067 9
3068 7
3069 9
3070 8
3071 8
3072 5
3073 3
3074 3
3075 2
3076 3
3077 1
3078 2
3079 6
3080 5
3081 2
3082 6
3083 7
3084 5
3085 4
3086 6
3087 8
3088 9
3089 7
3090 7
3091 9
3092 8
3093 8
3094 7
3095 6
3096 6
3097 4
3098 1
3099 6
3100 6
3101 4
3102 4
3103 4
3104 1
3105 3
3106 2
3107 2
3108 2
3109 3
3110 4
3111 3
3112 3
3113 2
3114 3
3115 1
3116 4
3117 3
3118 2
3119 2
3120 2
3121 2
3122 6
3123 6
3124 5
3125 6
3126 7
3127 9
3128 7
3129 5
3130 7
3131 8
3132 6
3133 8
3134 9
3135 8
3136 8
3137 6
3138 6
3139 5
3140 4
3141 3
3142 2
3143 4
3144 5
3145 2
3146 4
3147 3
3148 3
3149 2
3150 2
3151 2
3152 2
3153 2
3154 1
3155 5
3156 6
3157 6
3158 6
3159 5
3160 5
3161 6
3162 6
3163 6
3164 4
3165 2
3166 7
3167 9
3168 8
3169 8
3170 10
3171 8
3172 6
3173 9
3174 7
3175 8
3176 6
3177 7
3178 8
3179 8
3180 10
3181 9
3182 6
3183 7
3184 6
3185 8
3186 6
3187 3
3188 4
3189 6
3190 6
3191 5
3192 7
3193 6
3194 6
3195 6
3196 8
3197 6
3198 5
3199 3
3200 1
3201 2
3202 2
3203 2
3204 3
3205 3
3206 4
3207 4
3208 4
3209 2
3210 4
3211 2
3212 1
3213 2
3214 1
3215 5
3216 4
3217 3
3218 3
3219 3
3220 3
3221 2
3222 2
3223 1
3224 5
3225 4
3226 6
3227 7
3228 11
3229 13
3230 14
3231 11
3232 10
3233 9
3234 9
3235 8
3236 6
3237 4
3238 4
3239 3
3240 2
3241 2
3242 1
3243 3
3244 3
3245 0
3246 2
3247 2
3248 2
3249 2
3250 4
3251 6
3252 6
3253 7
3254 7
3255 6
3256 5
3257 8
3258 11
3259 11
3260 12
3261 11
3262 13
3263 14
3264 16
3265 13
3266 13
3267 12
3268 12
3269 12
3270 13
3271 14
3272 14
3273 14
3274 12
3275 14
3276 14
3277 12
3278 12
3279 12
3280 11
3281 11
3282 11
3283 12
3284 13
3285 13
3286 12
3287 10
3288 11
3289 13
3290 12
3291 15
3292 12
3293 10
3294 11
3295 10
3296 10
3297 11
3298 10
3299 9
3300 10
3301 12
3302 12
3303 14
3304 16
3305 13
3306 12
3307 12
3308 13
3309 12
3310 11
3311 12
3312 11
3313 8
3314 5
3315 7
3316 7
3317 7
3318 8
3319 9
3320 9
3321 9
3322 9
3323 9
3324 9
3325 8
3326 8
3327 8
3328 7
3329 8
3330 7
3331 7
3332 9
3333 8
3334 5
3335 7
3336 7
3337 10
3338 10
3339 12
3340 13
3341 12
3342 13
3343 12
3344 10
3345 10
3346 10
3347 9
3348 10
3349 10
3350 9
3351 11
3352 12
3353 11
3354 10
3355 10
3356 10
3357 7
3358 7
3359 6
3360 6
3361 6
3362 7
3363 9
3364 10
3365 9
3366 8
3367 6
3368 7
3369 7
3370 10
3371 11
3372 10
3373 9
3374 9
3375 11
3376 11
3377 10
3378 9
3379 9
3380 8
3381 7
3382 5
3383 5
3384 4
3385 6
3386 6
3387 6
3388 6
3389 4
3390 2
3391 7
3392 5
3393 6
3394 4
3395 3
3396 3
3397 4
3398 4
3399 2
3400 4
3401 5
3402 6
3403 7
3404 6
3405 7
3406 7
3407 6
3408 7
3409 8
3410 6
3411 5
3412 4
3413 3
3414 1
3415 4
3416 5
3417 6
3418 5
3419 4
3420 6
3421 3
3422 1
3423 4
3424 3
3425 5
3426 3
3427 2
3428 2
3429 3
3430 1
3431 2
3432 2
3433 2
3434 4
3435 4
3436 3
3437 1
3438 3
3439 2
3440 3
3441 3
3442 5
3443 4
3444 3
3445 2
3446 5
3447 7
3448 7
3449 8
3450 7
3451 9
3452 10
3453 9
3454 6
3455 5
3456 4
3457 5
3458 5
3459 4
3460 4
3461 7
3462 8
3463 8
3464 8
3465 9
3466 8
3467 8
3468 6
3469 7
3470 11
3471 12
3472 11
3473 13
3474 15
3475 12
3476 12
3477 12
3478 13
3479 11
3480 10
3481 9
3482 9
3483 9
3484 9
3485 8
3486 8
3487 7
3488 8
3489 8
3490 8
3491 7
3492 6
3493 4
3494 6
3495 6
3496 7
3497 8
3498 8
3499 9
3500 11
3501 12
3502 10
3503 9
3504 9
3505 7
3506 6
3507 4
3508 2
3509 4
3510 5
3511 5
3512 4
3513 4
3514 5
3515 4
3516 3
3517 4
3518 5
3519 6
3520 4
3521 2
3522 3
3523 4
3524 4
3525 5
3526 5
3527 4
3528 2
3529 5
3530 4
3531 2
3532 5
3533 6
3534 6
3535 5
3536 3
3537 1
3538 3
3539 1
3540 4
3541 4
3542 3
3543 4
3544 4
3545 3
3546 2
3547 6
3548 5
3549 4
3550 2
3551 1
3552 3
3553 4
3554 6
3555 11
3556 9
3557 10
3558 11
3559 11
3560 11
3561 9
3562 7
3563 9
3564 10
3565 13
3566 11
3567 11
3568 12
3569 13
3570 16
3571 13
3572 14
3573 12
3574 14
3575 14
3576 13
3577 14
3578 12
3579 12
3580 11
3581 14
3582 12
3583 11
3584 14
3585 15
3586 12
3587 11
3588 11
3589 12
3590 10
3591 12
3592 12
3593 10
3594 12
3595 12
3596 11
3597 13
3598 14
3599 16
3600 13
3601 12
3602 12
3603 12
3604 12
3605 12
3606 13
3607 13
3608 13
3609 11
3610 12
3611 13
3612 14
3613 12
3614 13
3615 13
3616 12
3617 10
3618 9
3619 8
3620 8
3621 7
3622 9
3623 9
3624 8
3625 10
3626 12
3627 13
3628 12
3629 13
3630 13
3631 12
3632 12
3633 11
3634 10
3635 9
3636 9
3637 10
3638 11
3639 13
3640 12
3641 12
3642 12
3643 10
3644 8
3645 7
3646 8
3647 7
3648 7
3649 7
3650 5
3651 4
3652 4
3653 3
3654 3
3655 2
3656 5
3657 4
3658 2
3659 5
3660 6
3661 5
3662 8
3663 7
3664 6
3665 8
3666 8
3667 10
3668 10
3669 11
3670 10
3671 10
3672 9
3673 10
3674 10
3675 7
3676 6
3677 8
3678 7
3679 5
3680 7
3681 6
3682 5
3683 4
3684 3
3685 2
3686 1
3687 6
3688 5
3689 3
3690 1
3691 4
3692 2
3693 1
3694 3
3695 1
3696 2
3697 4
3698 1
3699 1
3700 2
3701 5
3702 4
3703 5
3704 2
3705 2
3706 4
3707 3
3708 2
3709 3
3710 4
3711 5
3712 6
3713 5
3714 7
3715 7
3716 6
3717 5
3718 5
3719 6
3720 6
3721 7
3722 6
3723 6
3724 6
3725 5
3726 5
3727 3
3728 2
3729 0
3730 3
3731 2
3732 2
3733 5
3734 3
3735 3
3736 4
3737 6
3738 5
3739 4
3740 4
3741 3
3742 7
3743 7
3744 5
3745 4
3746 3
3747 3
3748 7
3749 9
3750 7
3751 9
3752 8
3753 10
3754 9
3755 8
3756 5
3757 3
3758 4
3759 4
3760 3
3761 4
3762 4
3763 5
3764 5
3765 7
3766 7
3767 6
3768 9
3769 7
3770 6
3771 5
3772 4
3773 6
3774 5
3775 4
3776 4
3777 4
3778 4
3779 2
3780 7
3781 8
3782 8
3783 11
3784 14
3785 15
3786 12
3787 17
3788 14
3789 15
3790 12
3791 12
3792 12
3793 9
3794 10
3795 8
3796 10
3797 11
3798 10
3799 8
3800 9
3801 7
3802 7
3803 6
3804 4
3805 3
3806 0
3807 4
3808 4
3809 3
3810 3
3811 4
3812 4
3813 6
3814 8
3815 7
3816 8
3817 7
3818 7
3819 8
3820 9
3821 8
3822 9
3823 8
3824 7
3825 7
3826 9
3827 9
3828 9
3829 11
3830 9
3831 9
3832 10
3833 12
3834 11
3835 11
3836 11
3837 10
3838 11
3839 13
3840 13
3841 15
3842 12
3843 12
3844 13
3845 13
3846 13
3847 13
3848 14
3849 14
3850 12
3851 12
3852 14
3853 13
3854 15
3855 12
3856 15
3857 12
3858 12
3859 11
3860 10
3861 10
3862 10
3863 9
3864 9
3865 7
3866 7
3867 7
3868 5
3869 7
3870 6
3871 7
3872 10
3873 11
3874 10
3875 11
3876 11
3877 8
3878 9
3879 12
3880 11
3881 10
3882 9
3883 9
3884 10
3885 10
3886 10
3887 8
3888 9
3889 10
3890 9
3891 9
3892 7
3893 6
3894 5
3895 5
3896 5
3897 5
3898 6
3899 6
3900 7
3901 7
3902 6
3903 7
3904 6
3905 9
3906 9
3907 9
3908 7
3909 6
3910 5
3911 3
3912 4
3913 7
3914 7
3915 7
3916 7
3917 8
3918 10
3919 14
3920 16
3921 13
3922 13
3923 14
3924 13
3925 14
3926 16
3927 13
3928 13
3929 12
3930 11
3931 10
3932 9
3933 8
3934 9
3935 6
3936 5
3937 4
3938 7
3939 4
3940 3
3941 4
3942 4
3943 5
3944 3
3945 5
3946 3
3947 4
3948 5
3949 2
3950 3
3951 3
3952 1
3953 2
3954 3
3955 2
3956 0
3957 3
3958 4
3959 4
3960 5
3961 5
3962 2
3963 2
3964 5
3965 5
3966 7
3967 7
3968 7
3969 8
3970 7
3971 4
3972 3
3973 2
3974 4
3975 4
3976 3
3977 5
3978 7
3979 6
3980 5
3981 6
3982 7
3983 7
3984 7
3985 5
3986 7
3987 6
3988 4
3989 3
3990 5
3991 4
3992 1
3993 2
3994 3
3995 4
3996 5
3997 4
3998 1
3999 3
4000 0
4001 6
4002 7
4003 6
4004 5
4005 5
4006 7
4007 8
4008 7
4009 8
4010 7
4011 8
4012 6
4013 6
4014 7
4015 5
4016 7
4017 10
4018 10
4019 10
4020 10
4021 11
4022 11
4023 10
4024 8
4025 8
4026 6
4027 8
4028 6
4029 4
4030 4
4031 6
4032 6
4033 8
4034 8
4035 10
4036 9
4037 9
4038 7
4039 6
4040 7
4041 7
4042 5
4043 2
4044 1
4045 6
4046 5
4047 5
4048 6
4049 4
4050 5
4051 5
4052 3
4053 2
4054 5
4055 3
4056 6
4057 6
4058 4
4059 4
4060 2
4061 2
4062 3
4063 2
4064 4
4065 1
4066 2
4067 4
4068 4
4069 7
4070 7
4071 7
4072 9
4073 10
4074 12
4075 11
4076 13
4077 14
4078 12
4079 14
4080 14
4081 15
4082 12
4083 12
4084 11
4085 12
4086 11
4087 11
4088 12
4089 13
4090 14
4091 12
4092 14
4093 16
4094 13
4095 14
4096 16
4097 13
4098 14
4099 14
4100 13
4101 12
4102 14
4103 15
4104 12
4105 12
4106 15
4107 12
4108 14
4109 15
4110 12
4111 12
4112 10
4113 9
4114 9
4115 9
4116 10
4117 11
4118 9
4119 9
4120 10
4121 10
4122 10
4123 10
4124 10
4125 10
4126 11
4127 9
4128 9
4129 6
4130 4
4131 8
4132 9
4133 7
4134 6
4135 5
4136 6
4137 5
4138 4
4139 2
4140 3
4141 3
4142 2
4143 2
4144 2
4145 3
4146 5
4147 5
4148 2
4149 7
4150 5
4151 3
4152 2
4153 2
4154 1
4155 3
4156 6
4157 8
4158 7
4159 7
4160 6
4161 8
4162 9
4163 7
4164 5
4165 7
4166 13
4167 11
4168 9
4169 12
4170 10
4171 11
4172 10
4173 9
4174 9
4175 8
4176 7
4177 5
4178 5
4179 3
4180 2
4181 2
4182 2
4183 2
4184 2
4185 5
4186 5
4187 7
4188 9
4189 8
4190 5
4191 5
4192 6
4193 8
4194 10
4195 11
4196 11
4197 9
4198 9
4199 10
4200 12
4201 12
4202 13
4203 13
4204 13
4205 13
4206 10
4207 9
4208 9
4209 8
4210 8
4211 9
4212 9
4213 10
4214 8
4215 10
4216 12
4217 11
4218 11
4219 10
4220 8
4221 7
4222 7
4223 5
4224 3
4225 1
4226 2
4227 2
4228 4
4229 3
4230 2
4231 2
4232 1
4233 1
4234 2
4235 6
4236 7
4237 5
4238 8
4239 9
4240 8
4241 8
4242 9
4243 9
4244 11
4245 11
4246 11
4247 11
4248 10
4249 12
4250 10
4251 11
4252 13
4253 12
4254 11
4255 10
4256 9
4257 10
4258 11
4259 10
4260 11
4261 9
4262 9
4263 9
4264 9
4265 14
4266 13
4267 13
4268 14
4269 13
4270 11
4271 11
4272 12
4273 12
4274 10
4275 10
4276 13
4277 13
4278 13
4279 12
4280 15
4281 12
4282 15
4283 12
4284 10
4285 13
4286 14
4287 14
4288 13
4289 13
4290 13
4291 13
4292 12
4293 14
4294 16
4295 13
4296 12
4297 13
4298 12
4299 13
4300 12
4301 11
4302 11
4303 12
4304 13
4305 12
4306 11
4307 9
4308 10
4309 10
4310 9
4311 7
4312 7
4313 8
4314 7
4315 5
4316 5
4317 6
4318 5
4319 4
4320 5
4321 5
4322 5
4323 4
4324 3
4325 4
4326 3
4327 2
4328 1
4329 3
4330 2
4331 6
4332 6
4333 6
4334 6
4335 8
4336 7
4337 7
4338 5
4339 6
4340 7
4341 7
4342 6
4343 8
4344 6
4345 5
4346 6
4347 6
4348 4
4349 5
4350 6
4351 6
4352 7
4353 10
4354 8
4355 9
4356 8
4357 9
4358 8
4359 8
4360 8
4361 10
4362 9
4363 11
4364 9
4365 8
4366 8
4367 6
4368 6
4369 4
4370 3
4371 3
4372 1
4373 0
4374 2
4375 2
4376 4
4377 3
4378 2
4379 2
4380 3
4381 6
4382 5
4383 5
4384 5
4385 4
4386 3
4387 4
4388 5
4389 5
4390 4
4391 2
4392 4
4393 5
4394 5
4395 3
4396 3
4397 1
4398 0
4399 2
4400 4
4401 5
4402 8
4403 7
4404 6
4405 4
4406 5
4407 7
4408 7
4409 8
4410 9
4411 10
4412 8
4413 10
4414 8
4415 8
4416 10
4417 11
4418 9
4419 11
4420 10
4421 11
4422 12
4423 13
4424 12
4425 12
4426 13
4427 13
4428 13
4429 12
4430 11
4431 10
4432 8
4433 6
4434 6
4435 5
4436 6
4437 4
4438 4
4439 4
4440 5
4441 5
4442 5
4443 8
4444 7
4445 6
4446 4
4447 3
4448 3
4449 4
4450 4
4451 3
4452 3
4453 3
4454 4
4455 5
4456 7
4457 5
4458 4
4459 2
4460 5
4461 3
4462 3
4463 4
4464 4
4465 4
4466 6
4467 7
4468 7
4469 6
4470 11
4471 10
4472 10
4473 13
4474 13
4475 13
4476 12
4477 11
4478 11
4479 10
4480 10
4481 9
4482 9
4483 7
4484 6
4485 3
4486 2
4487 0
4488 1
4489 5
4490 5
4491 4
4492 2
4493 0
4494 3
4495 3
4496 2
4497 4
4498 4
4499 7
4500 8
4501 7
4502 5
4503 3
4504 3
4505 3
4506 1
4507 1
4508 5
4509 6
4510 5
4511 6
4512 5
4513 3
4514 3
4515 4
4516 3
4517 4
4518 4
4519 4
4520 5
4521 3
4522 3
4523 3
4524 3
4525 2
4526 1
4527 3
4528 5
4529 4
4530 5
4531 6
4532 6
4533 6
4534 5
4535 4
4536 7
4537 9
4538 10
4539 9
4540 7
4541 7
4542 8
4543 8
4544 6
4545 7
4546 8
4547 7
4548 5
4549 5
4550 5
4551 7
4552 9
4553 9
4554 9
4555 8
4556 8
4557 10
4558 11
4559 10
4560 8
4561 7
4562 7
4563 8
4564 7
4565 7
4566 6
4567 4
4568 5
4569 3
4570 2
4571 7
4572 4
4573 5
4574 4
4575 4
4576 3
4577 2
4578 4
4579 6
4580 5
4581 5
4582 4
4583 4
4584 4
4585 5
4586 5
4587 4
4588 2
4589 3
4590 3
4591 2
4592 2
4593 1
4594 3
4595 0
4596 3
4597 4
4598 7
4599 6
4600 6
4601 4
4602 2
4603 4
4604 3
4605 2
4606 1
4607 1
4608 5
4609 6
4610 7
4611 5
4612 5
4613 5
4614 5
4615 4
4616 7
4617 8
4618 7
4619 7
4620 5
4621 3
4622 2
4623 3
4624 2
4625 4
4626 2
4627 4
4628 3
4629 2
4630 5
4631 7
4632 6
4633 4
4634 4
4635 2
4636 1
4637 0
4638 1
4639 2
4640 2
4641 0
4642 4
4643 6
4644 7
4645 5
4646 7
4647 9
4648 10
4649 13
4650 12
4651 13
4652 13
4653 14
4654 12
4655 11
4656 11
4657 10
4658 11
4659 12
4660 12
4661 13
4662 13
4663 12
4664 13
4665 13
4666 15
4667 12
4668 12
4669 10
4670 13
4671 11
4672 11
4673 10
4674 8
4675 9
4676 7
4677 8
4678 11
4679 10
4680 8
4681 8
4682 6
4683 6
4684 5
4685 5
4686 4
4687 5
4688 3
4689 3
4690 4
4691 4
4692 3
4693 3
4694 0
4695 5
4696 6
4697 3
4698 5
4699 4
4700 5
4701 6
4702 6
4703 5
4704 4
4705 4
4706 5
4707 5
4708 2
4709 2
4710 4
4711 4
4712 2
4713 2
4714 4
4715 5
4716 6
4717 7
4718 8
4719 8
4720 7
4721 6
4722 6
4723 5
4724 4
4725 2
4726 2
4727 1
4728 3
4729 1
4730 3
4731 4
4732 4
4733 1
4734 6
4735 8
4736 8
4737 7
4738 7
4739 6
4740 4
4741 5
4742 4
4743 5
4744 4
4745 4
4746 2
4747 2
4748 4
4749 1
4750 0
4751 1
4752 5
4753 5
4754 5
4755 3
4756 6
4757 7
4758 4
4759 1
4760 3
4761 1
4762 2
4763 4
4764 6
4765 5
4766 7
4767 8
4768 9
4769 8
4770 6
4771 6
4772 4
4773 6
4774 5
4775 3
4776 3
4777 1
4778 2
4779 2
4780 3
4781 3
4782 4
4783 2
4784 3
4785 4
4786 2
4787 1
4788 2
4789 4
4790 2
4791 1
4792 3
4793 3
4794 2
4795 4
4796 3
4797 4
4798 4
4799 4
4800 5
4801 5
4802 7
4803 8
4804 8
4805 8
4806 6
4807 8
4808 5
4809 4
4810 5
4811 6
4812 4
4813 6
4814 5
4815 4
4816 4
4817 7
4818 8
4819 6
4820 5
4821 5
4822 5
4823 5
4824 3
4825 1
4826 0
4827 1
4828 5
4829 3
4830 3
4831 2
4832 3
4833 1
4834 3
4835 2
4836 1
4837 0
4838 4
4839 6
4840 4
4841 4
4842 4
4843 3
4844 4
4845 4
4846 2
4847 6
4848 6
4849 5
4850 2
4851 2
4852 2
4853 4
4854 6
4855 5
4856 5
4857 6
4858 6
4859 7
4860 8
4861 8
4862 8
4863 10
4864 11
4865 12
4866 11
4867 12
4868 11
4869 10
4870 8
4871 9
4872 8
4873 7
4874 8
4875 6
4876 8
4877 7
4878 6
4879 10
4880 12
4881 10
4882 7
4883 7
4884 4
4885 2
4886 1
4887 2
4888 3
4889 2
4890 2
4891 3
4892 4
4893 5
4894 7
4895 5
4896 6
4897 9
4898 10
4899 12
4900 12
4901 11
4902 11
4903 9
4904 8
4905 9
4906 9
4907 9
4908 9
4909 11
4910 9
4911 8
4912 7
4913 9
4914 8
4915 8
4916 9
4917 7
4918 7
4919 8
4920 8
4921 6
4922 7
4923 8
4924 10
4925 10
4926 9
4927 9
4928 7
4929 6
4930 6
4931 6
4932 4
4933 5
4934 5
4935 7
4936 6
4937 4
4938 3
4939 2
4940 2
4941 4
4942 4
4943 2
4944 3
4945 4
4946 2
4947 0
4948 3
4949 2
4950 5
4951 4
4952 3
4953 4
4954 7
4955 7
4956 5
4957 5
4958 3
4959 4
4960 5
4961 5
4962 7
4963 6
4964 7
4965 9
4966 9
4967 12
4968 12
4969 13
4970 15
4971 12
4972 14
4973 16
4974 13
4975 13
4976 13
4977 12
4978 11
4979 11
4980 10
4981 7
4982 6
4983 5
4984 4
4985 5
4986 3
4987 3
4988 4
4989 3
4990 2
4991 3
4992 3
4993 3
4994 3
4995 2
4996 2
4997 3
4998 4
4999 6
5000 5
5001 3
5002 2
5003 4
5004 4
5005 4
5006 1
5007 6
5008 5
5009 5
5010 4
5011 6
5012 5
5013 7
5014 8
5015 5
5016 5
5017 7
5018 8
5019 6
5020 7
5021 7
5022 6
5023 8
5024 8
5025 8
5026 7
5027 8
5028 9
5029 7
5030 8
5031 11
5032 9
5033 6
5034 8
5035 8
5036 10
5037 10
5038 10
5039 10
5040 11
5041 11
5042 12
5043 9
5044 9
5045 9
5046 9
5047 8
5048 7
5049 6
5050 5
5051 3
5052 1
5053 7
5054 7
5055 8
5056 6
5057 4
5058 5
5059 5
5060 3
5061 2
5062 1
5063 3
5064 4
5065 4
5066 5
5067 4
5068 3
5069 4
5070 3
5071 1
5072 3
5073 4
5074 4
5075 7
5076 6
5077 4
5078 5
5079 3
5080 7
5081 7
5082 6
5083 6
5084 4
5085 5
5086 4
5087 2
5088 4
5089 2
5090 2
5091 4
5092 4
5093 6
5094 7
5095 8
5096 7
5097 9
5098 8
5099 8
5100 11
5101 11
5102 11
5103 9
5104 7
5105 4
5106 5
5107 5
5108 5
5109 5
5110 3
5111 3
5112 3
5113 2
5114 2
5115 3
5116 4
5117 3
5118 1
5119 6
5120 6
5121 8
5122 10
5123 12
5124 10
5125 10
5126 10
5127 11
5128 13
5129 14
5130 11
5131 13
5132 14
5133 13
5134 10
5135 11
5136 10
5137 9
5138 8
5139 9
5140 6
5141 7
5142 7
5143 9
5144 8
5145 9
5146 7
5147 8
5148 5
5149 5
5150 3
5151 4
5152 6
5153 5
5154 3
5155 3
5156 4
5157 3
5158 4
5159 4
5160 4
5161 4
5162 5
5163 6
5164 5
5165 3
5166 4
5167 3
5168 3
5169 5
5170 3
5171 2
5172 3
5173 5
5174 7
5175 4
5176 5
5177 7
5178 8
5179 7
5180 6
5181 7
5182 6
5183 6
5184 5
5185 6
5186 8
5187 8
5188 7
5189 6
5190 7
5191 7
5192 8
5193 9
5194 13
5195 10
5196 9
5197 9
5198 7
5199 5
5200 5
5201 6
5202 7
5203 8
5204 8
5205 7
5206 8
5207 8
5208 6
5209 6
5210 7
5211 4
5212 4
5213 5
5214 4
5215 6
5216 4
5217 3
5218 3
5219 1
5220 2
5221 3
5222 2
5223 5
5224 6
5225 7
5226 6
5227 6
5228 6
5229 6
5230 4
5231 5
5232 4
5233 3
5234 1
5235 3
5236 4
5237 4
5238 5
5239 4
5240 3
5241 2
5242 2
5243 3
5244 3
5245 2
5246 0
5247 4
5248 4
5249 4
5250 5
5251 3
5252 4
5253 4
5254 6
5255 4
5256 2
5257 4
5258 5
5259 7
5260 6
5261 5
5262 4
5263 3
5264 2
5265 3
5266 3
5267 2
5268 1
5269 3
5270 2
5271 4
5272 3
5273 0
5274 4
5275 3
5276 4
5277 3
5278 2
5279 3
5280 1
5281 2
5282 3
5283 1
5284 3
5285 5
5286 4
5287 3
5288 2
5289 4
5290 3
5291 0
5292 2
5293 1
5294 4
5295 3
5296 3
5297 4
5298 5
5299 5
5300 3
5301 5
5302 8
5303 8
5304 9
5305 8
5306 8
5307 6
5308 5
5309 3
5310 4
5311 2
5312 3
5313 2
5314 1
5315 3
5316 0
5317 7
5318 9
5319 8
5320 6
5321 5
5322 6
5323 5
5324 5
5325 6
5326 6
5327 6
5328 6
5329 4
5330 4
5331 5
5332 6
5333 4
5334 3
5335 4
5336 3
5337 3
5338 0
5339 3
5340 5
5341 8
5342 8
5343 7
5344 8
5345 8
5346 7
5347 6
5348 5
5349 4
5350 6
5351 3
5352 1
5353 1
5354 2
5355 4
5356 4
5357 3
5358 0
5359 3
5360 3
5361 2
5362 7
5363 7
5364 10
5365 9
5366 9
5367 10
5368 11
5369 11
5370 8
5371 8
5372 9
5373 9
5374 7
5375 8
5376 10
5377 11
5378 10
5379 11
5380 11
5381 9
5382 10
5383 9
5384 8
5385 9
5386 11
5387 10
5388 8
5389 10
5390 10
5391 11
5392 12
5393 11
5394 10
5395 9
5396 7
5397 5
5398 5
5399 5
5400 4
5401 3
5402 4
5403 4
5404 3
5405 5
5406 4
5407 4
5408 3
5409 3
5410 1
5411 2
5412 6
5413 8
5414 6
5415 8
5416 8
5417 12
5418 12
5419 10
5420 9
5421 9
5422 12
5423 12
5424 11
5425 11
5426 10
5427 7
5428 6
5429 6
5430 5
5431 5
5432 4
5433 5
5434 6
5435 8
5436 6
5437 8
5438 7
5439 5
5440 6
5441 4
5442 5
5443 5
5444 7
5445 5
5446 3
5447 4
5448 4
5449 6
5450 4
5451 6
5452 6
5453 8
5454 8
5455 8
5456 10
5457 10
5458 11
5459 11
5460 11
5461 10
5462 9
5463 8
5464 10
5465 9
5466 11
5467 10
5468 9
5469 9
5470 9
5471 7
5472 7
5473 6
5474 7
5475 8
5476 6
5477 6
5478 4
5479 6
5480 6
5481 6
5482 3
5483 3
5484 3
5485 3
5486 3
5487 4
5488 6
5489 4
5490 3
5491 7
5492 6
5493 5
5494 4
5495 3
5496 2
5497 5
5498 7
5499 6
5500 8
5501 10
5502 10
5503 9
5504 8
5505 9
5506 11
5507 11
5508 12
5509 11
5510 10
5511 9
5512 8
5513 7
5514 8
5515 6
5516 5
5517 3
5518 0
5519 1
5520 2
5521 1
5522 4
5523 4
5524 2
5525 2
5526 4
5527 4
5528 6
5529 6
5530 4
5531 5
5532 4
5533 5
5534 4
5535 5
5536 6
5537 6
5538 5
5539 5
5540 3
5541 3
5542 3
5543 4
5544 4
5545 6
5546 5
5547 5
5548 5
5549 4
5550 6
5551 6
5552 6
5553 6
5554 4
5555 3
5556 4
5557 7
5558 8
5559 11
5560 11
5561 11
5562 10
5563 13
5564 13
5565 13
5566 12
5567 12
5568 10
5569 12
5570 13
5571 11
5572 11
5573 14
5574 12
5575 12
5576 12
5577 11
5578 11
5579 13
5580 12
5581 12
5582 12
5583 12
5584 11
5585 11
5586 11
5587 10
5588 10
5589 13
5590 14
5591 18
5592 15
5593 12
5594 10
5595 12
5596 12
5597 12
5598 12
5599 13
5600 12
5601 12
5602 13
5603 13
5604 17
5605 14
5606 14
5607 12
5608 15
5609 12
5610 13
5611 14
5612 17
5613 14
5614 14
5615 13
5616 11
5617 10
5618 9
5619 9
5620 7
5621 6
5622 3
5623 4
5624 3
5625 5
5626 8
5627 7
5628 8
5629 6
5630 5
5631 3
5632 2
5633 1
5634 4
5635 7
5636 5
5637 4
5638 7
5639 5
5640 5
5641 7
5642 5
5643 3
5644 5
5645 4
5646 4
5647 6
5648 8
5649 11
5650 10
5651 13
5652 14
5653 12
5654 11
5655 15
5656 12
5657 12
5658 11
5659 12
5660 13
5661 11
5662 12
5663 13
5664 12
5665 12
5666 11
5667 10
5668 9
5669 9
5670 8
5671 10
5672 11
5673 9
5674 7
5675 9
5676 7
5677 6
5678 4
5679 3
5680 3
5681 1
5682 2
5683 3
5684 1
5685 3
5686 4
5687 5
5688 7
5689 7
5690 7
5691 8
5692 7
5693 8
5694 8
5695 8
5696 6
5697 6
5698 5
5699 4
5700 7
5701 6
5702 7
5703 10
5704 8
5705 7
5706 7
5707 9
5708 11
5709 10
5710 9
5711 7
5712 10
5713 9
5714 10
5715 13
5716 15
5717 12
5718 12
5719 11
5720 10
5721 9
5722 8
5723 9
5724 7
5725 5
5726 7
5727 7
5728 5
5729 6
5730 6
5731 5
5732 4
5733 2
5734 3
5735 2
5736 1
5737 2
5738 3
5739 4
5740 5
5741 3
5742 1
5743 2
5744 4
5745 4
5746 3
5747 5
5748 4
5749 3
5750 3
5751 3
5752 3
5753 2
5754 1
5755 2
5756 4
5757 3
5758 2
5759 5
5760 3
5761 3
5762 3
5763 2
5764 1
5765 5
5766 6
5767 4
5768 4
5769 5
5770 4
5771 3
5772 7
5773 7
5774 7
5775 9
5776 11
5777 11
5778 11
5779 11
5780 10
5781 11
5782 13
5783 13
5784 13
5785 11
5786 11
5787 11
5788 10
5789 12
5790 14
5791 12
5792 13
5793 14
5794 12
5795 10
5796 10
5797 12
5798 12
5799 12
5800 10
5801 9
5802 8
5803 8
5804 7
5805 6
5806 4
5807 4
5808 4
5809 2
5810 5
5811 5
5812 5
5813 7
5814 8
5815 7
5816 6
5817 8
5818 12
5819 12
5820 16
5821 13
5822 12
5823 11
5824 12
5825 10
5826 10
5827 9
5828 7
5829 7
5830 7
5831 9
5832 8
5833 9
5834 9
5835 7
5836 7
5837 9
5838 8
5839 6
5840 6
5841 5
5842 4
5843 5
5844 4
5845 5
5846 6
5847 3
5848 4
5849 4
5850 3
5851 3
5852 4
5853 4
5854 6
5855 5
5856 5
5857 3
5858 0
5859 0
5860 3
5861 1
5862 3
5863 2
5864 3
5865 1
5866 4
5867 3
5868 2
5869 7
5870 6
5871 4
5872 2
5873 4
5874 3
5875 2
5876 5
5877 4
5878 4
5879 2
5880 3
5881 3
5882 3
5883 4
5884 6
5885 5
5886 6
5887 7
5888 7
5889 6
5890 5
5891 4
5892 3
5893 4
5894 6
5895 4
5896 2
5897 3
5898 4
5899 5
5900 3
5901 5
5902 4
5903 4
5904 3
5905 3
5906 4
5907 3
5908 4
5909 1
5910 3
5911 2
5912 2
5913 5
5914 4
5915 6
5916 6
5917 4
5918 2
5919 1
5920 4
5921 2
5922 4
5923 7
5924 8
5925 6
5926 7
5927 7
5928 7
5929 8
5930 9
5931 10
5932 8
5933 8
5934 7
5935 7
5936 6
5937 7
5938 7
5939 8
5940 7
5941 7
5942 8
5943 6
5944 8
5945 9
5946 9
5947 9
5948 8
5949 9
5950 9
5951 8
5952 10
5953 12
5954 12
5955 12
5956 11
5957 10
5958 8
5959 6
5960 5
5961 3
5962 5
5963 2
5964 3
5965 4
5966 3
5967 3
5968 4
5969 4
5970 1
5971 2
5972 3
5973 1
5974 4
5975 5
5976 6
5977 7
5978 6
5979 6
5980 7
5981 6
5982 5
5983 6
5984 7
5985 9
5986 11
5987 14
5988 14
5989 12
5990 11
5991 10
5992 12
5993 12
5994 11
5995 11
5996 10
5997 10
5998 12
5999 12
6000 11
6001 12
6002 14
6003 14
6004 15
6005 12
6006 11
6007 11
6008 11
6009 11
6010 10
6011 10
6012 9
6013 9
6014 9
6015 6
6016 4
6017 5
6018 5
6019 4
6020 1
6021 4
6022 2
6023 4
6024 2
6025 3
6026 2
6027 4
6028 2
6029 2
6030 5
6031 4
6032 2
6033 1
6034 1
6035 4
6036 3
6037 5
6038 3
6039 2
6040 4
6041 2
6042 5
6043 5
6044 3
6045 2
6046 3
6047 2
6048 4
6049 2
6050 2
6051 2
6052 3
6053 3
6054 3
6055 0
6056 3
6057 1
6058 3
6059 4
6060 3
6061 4
6062 2
6063 1
6064 4
6065 5
6066 5
6067 3
6068 4
6069 1
6070 1
6071 3
6072 0
6073 3
6074 3
6075 4
6076 4
6077 3
6078 3
6079 2
6080 1
6081 3
6082 2
6083 2
6084 3
6085 4
6086 7
6087 10
6088 9
6089 10
6090 8
6091 7
6092 7
6093 5
6094 2
6095 6
6096 5
6097 2
6098 1
6099 1
6100 8
6101 8
6102 7
6103 8
6104 8
6105 9
6106 9
6107 9
6108 8
6109 9
6110 9
6111 10
6112 11
6113 11
6114 11
6115 9
6116 7
6117 5
6118 3
6119 2
6120 1
6121 4
6122 2
6123 1
6124 2
6125 3
6126 2
6127 1
6128 1
6129 0
6130 2
6131 3
6132 3
6133 2
6134 1
6135 2
6136 2
6137 4
6138 2
6139 2
6140 4
6141 2
6142 3
6143 4
6144 2
6145 1
6146 3
6147 4
6148 3
6149 2
6150 1
6151 5
6152 4
6153 4
6154 2
6155 4
6156 6
6157 6
6158 5
6159 6
6160 4
6161 4
6162 7
6163 6
6164 4
6165 8
6166 7
6167 8
6168 6
6169 6
6170 6
6171 6
6172 5
6173 4
6174 4
6175 3
6176 2
6177 3
6178 4
6179 5
6180 6
6181 7
6182 8
6183 7
6184 7
6185 7
6186 5
6187 5
6188 5
6189 5
6190 5
6191 6
6192 9
6193 9
6194 9
6195 8
6196 7
6197 6
6198 6
6199 6
6200 6
6201 5
6202 4
6203 3
6204 6
6205 6
6206 5
6207 6
6208 8
6209 9
6210 9
6211 8
6212 5
6213 4
6214 4
6215 2
6216 4
6217 4
6218 4
6219 4
6220 6
6221 4
6222 2
6223 1
6224 1
6225 2
6226 7
6227 5
6228 6
6229 8
6230 8
6231 7
6232 7
6233 6
6234 5
6235 6
6236 4
6237 3
6238 4
6239 5
6240 5
6241 4
6242 5
6243 4
6244 3
6245 1
6246 1
6247 4
6248 5
6249 3
6250 5
6251 5
6252 5
6253 3
6254 4
6255 3
6256 2
6257 4
6258 4
6259 4
6260 7
6261 7
6262 8
6263 9
6264 9
6265 9
6266 9
6267 8
6268 8
6269 8
6270 5
6271 8
6272 8
6273 8
6274 8
6275 8
6276 8
6277 5
6278 4
6279 3
6280 2
6281 3
6282 2
6283 3
6284 2
6285 2
6286 2
6287 2
6288 2
6289 5
6290 3
6291 3
6292 6
6293 6
6294 6
6295 4
6296 2
6297 2
6298 3
6299 2
6300 3
6301 2
6302 4
6303 3
6304 2
6305 1
6306 5
6307 5
6308 4
6309 6
6310 7
6311 8
6312 8
6313 6
6314 5
6315 6
6316 7
6317 5
6318 8
6319 10
6320 11
6321 10
6322 14
6323 15
6324 12
6325 13
6326 14
6327 13
6328 12
6329 13
6330 12
6331 12
6332 13
6333 13
6334 11
6335 10
6336 10
6337 8
6338 8
6339 9
6340 11
6341 13
6342 13
6343 12
6344 13
6345 13
6346 12
6347 9
6348 8
6349 8
6350 7
6351 7
6352 5
6353 5
6354 5
6355 8
6356 6
6357 6
6358 4
6359 4
6360 4
6361 1
6362 4
6363 3
6364 4
6365 5
6366 5
6367 3
6368 2
6369 3
6370 5
6371 5
6372 6
6373 5
6374 5
6375 6
6376 5
6377 5
6378 2
6379 3
6380 1
6381 2
6382 2
6383 2
6384 2
6385 4
6386 7
6387 9
6388 9
6389 11
6390 12
6391 10
6392 10
6393 9
6394 9
6395 8
6396 10
6397 10
6398 9
6399 12
6400 10
6401 11
6402 9
6403 9
6404 9
6405 8
6406 8
6407 8
6408 6
6409 6
6410 4
6411 5
6412 2
6413 4
6414 5
6415 4
6416 4
6417 5
6418 3
6419 0
6420 2
6421 1
6422 3
6423 3
6424 3
6425 2
6426 3
6427 3
6428 4
6429 1
6430 3
6431 3
6432 5
6433 10
6434 9
6435 9
6436 11
6437 10
6438 9
6439 7
6440 7
6441 8
6442 8
6443 8
6444 6
6445 7
6446 10
6447 10
6448 9
6449 9
6450 6
6451 5
6452 3
6453 4
6454 2
6455 5
6456 3
6457 4
6458 4
6459 3
6460 0
6461 4
6462 4
6463 5
6464 5
6465 6
6466 10
6467 8
6468 7
6469 7
6470 6
6471 6
6472 5
6473 3
6474 3
6475 0
6476 3
6477 3
6478 1
6479 2
6480 1
6481 3
6482 3
6483 2
6484 2
6485 2
6486 3
6487 1
6488 4
6489 5
6490 5
6491 5
6492 4
6493 5
6494 4
6495 6
6496 7
6497 10
6498 10
6499 12
6500 14
6501 14
6502 15
6503 12
6504 12
6505 14
6506 15
6507 12
6508 11
6509 12
6510 12
6511 15
6512 12
6513 13
6514 13
6515 11
6516 11
6517 10
6518 10
6519 10
6520 11
6521 8
6522 6
6523 10
6524 8
6525 9
6526 6
6527 8
6528 8
6529 10
6530 8
6531 9
6532 10
6533 9
6534 9
6535 9
6536 8
6537 8
6538 8
6539 9
6540 11
6541 10
6542 8
6543 8
6544 6
6545 8
6546 8
6547 5
6548 5
6549 5
6550 7
6551 8
6552 6
6553 5
6554 5
6555 5
6556 7
6557 6
6558 4
6559 6
6560 4
6561 6
6562 5
6563 3
6564 0
6565 1
6566 4
6567 5
6568 4
6569 3
6570 3
6571 3
6572 3
6573 5
6574 3
6575 2
6576 3
6577 1
6578 2
6579 2
6580 4
6581 4
6582 7
6583 6
6584 6
6585 8
6586 9
6587 11
6588 12
6589 12
6590 12
6591 12
6592 13
6593 15
6594 12
6595 11
6596 11
6597 13
6598 12
6599 11
6600 9
6601 10
6602 11
6603 13
6604 12
6605 11
6606 14
6607 14
6608 15
6609 12
6610 11
6611 11
6612 11
6613 11
6614 11
6615 10
6616 11
6617 9
6618 11
6619 10
6620 12
6621 13
6622 14
6623 13
6624 11
6625 12
6626 13
6627 13
6628 12
6629 10
6630 7
6631 5
6632 8
6633 8
6634 10
6635 9
6636 8
6637 10
6638 10
6639 11
6640 10
6641 10
6642 9
6643 9
6644 7
6645 7
6646 7
6647 9
6648 8
6649 8
6650 9
6651 7
6652 5
6653 2
6654 3
6655 3
6656 1
6657 3
6658 3
6659 3
6660 5
6661 3
6662 4
6663 4
6664 2
6665 1
6666 3
6667 6
6668 6
6669 6
6670 4
6671 4
6672 2
6673 4
6674 7
6675 5
6676 4
6677 3
6678 3
6679 1
6680 1
6681 2
6682 3
6683 1
6684 5
6685 6
6686 5
6687 7
6688 7
6689 5
6690 7
6691 9
6692 11
6693 10
6694 8
6695 6
6696 5
6697 5
6698 6
6699 6
6700 4
6701 2
6702 4
6703 6
6704 6
6705 6
6706 9
6707 10
6708 8
6709 5
6710 5
6711 3
6712 3
6713 3
6714 4
6715 3
6716 3
6717 3
6718 3
6719 2
6720 7
6721 6
6722 6
6723 7
6724 7
6725 8
6726 9
6727 7
6728 5
6729 3
6730 3
6731 5
6732 2
6733 3
6734 0
6735 3
6736 0
6737 4
6738 2
6739 3
6740 4
6741 4
6742 2
6743 3
6744 1
6745 4
6746 8
6747 9
6748 9
6749 10
6750 9
6751 10
6752 10
6753 11
6754 12
6755 12
6756 10
6757 10
6758 9
6759 9
6760 9
6761 8
6762 7
6763 10
6764 10
6765 11
6766 10
6767 7
6768 8
6769 8
6770 5
6771 2
6772 4
6773 3
6774 3
6775 5
6776 5
6777 4
6778 4
6779 2
6780 2
6781 2
6782 3
6783 1
6784 3
6785 5
6786 4
6787 3
6788 2
6789 2
6790 6
6791 4
6792 3
6793 4
6794 4
6795 4
6796 4
6797 5
6798 5
6799 4
6800 2
6801 2
6802 3
6803 3
6804 4
6805 7
6806 6
6807 4
6808 5
6809 7
6810 9
6811 8
6812 6
6813 7
6814 5
6815 6
6816 4
6817 6
6818 6
6819 6
6820 4
6821 3
6822 3
6823 1
6824 4
6825 4
6826 4
6827 7
6828 7
6829 8
6830 6
6831 5
6832 5
6833 6
6834 6
6835 7
6836 5
6837 6
6838 8
6839 7
6840 5
6841 3
6842 3
6843 3
6844 2
6845 0
6846 2
6847 5
6848 6
6849 5
6850 5
6851 5
6852 4
6853 4
6854 3
6855 0
6856 1
6857 2
6858 5
6859 3
6860 1
6861 2
6862 3
6863 3
6864 3
6865 5
6866 6
6867 4
6868 2
6869 2
6870 4
6871 5
6872 6
6873 5
6874 5
6875 4
6876 5
6877 3
6878 3
6879 7
6880 10
6881 8
6882 9
6883 8
6884 10
6885 9
6886 9
6887 10
6888 10
6889 10
6890 10
6891 10
6892 9
6893 9
6894 8
6895 6
6896 8
6897 12
6898 13
6899 12
6900 12
6901 11
6902 11
6903 12
6904 10
6905 9
6906 8
6907 7
6908 6
6909 7
6910 6
6911 7
6912 7
6913 9
6914 8
6915 7
6916 5
6917 5
6918 3
6919 4
6920 5
6921 5
6922 3
6923 3
6924 3
6925 2
6926 2
6927 3
6928 2
6929 2
6930 4
6931 3
6932 3
6933 2
6934 3
6935 6
6936 4
6937 2
6938 3
6939 4
6940 1
6941 2
6942 6
6943 4
6944 4
6945 4
6946 4
6947 3
6948 3
6949 2
6950 3
6951 2
6952 2
6953 2
6954 4
6955 2
6956 2
6957 5
6958 3
6959 4
6960 3
6961 2
6962 3
6963 5
6964 5
6965 5
6966 6
6967 5
6968 7
6969 7
6970 8
6971 8
6972 10
6973 9
6974 11
6975 9
6976 8
6977 10
6978 9
6979 10
6980 10
6981 12
6982 13
6983 10
6984 10
6985 10
6986 10
6987 10
6988 11
6989 11
6990 11
6991 12
6992 13
6993 14
6994 13
6995 16
6996 13
6997 11
6998 10
6999 9
7000 8
7001 7
7002 4
7003 5
7004 7
7005 9
7006 11
7007 11
7008 10
7009 11
7010 11
7011 10
7012 11
7013 11
7014 13
7015 12
7016 12
7017 12
7018 11
7019 12
7020 12
7021 10
7022 13
7023 10
7024 11
7025 8
7026 8
7027 6
7028 6
7029 6
7030 6
7031 6
7032 6
7033 8
7034 8
7035 7
7036 7
7037 6
7038 4
7039 5
7040 5
7041 5
7042 3
7043 3
7044 1
7045 2
7046 3
7047 4
7048 2
7049 3
7050 2
7051 3
7052 3
7053 1
7054 3
7055 2
7056 2
7057 2
7058 2
7059 7
7060 5
7061 7
7062 8
7063 9
7064 10
7065 10
7066 10
7067 9
7068 13
7069 12
7070 14
7071 14
7072 14
7073 12
7074 12
7075 11
7076 11
7077 10
7078 8
7079 7
7080 7
7081 4
7082 5
7083 5
7084 4
7085 5
7086 5
7087 4
7088 3
7089 1
7090 3
7091 2
7092 6
7093 8
7094 6
7095 5
7096 5
7097 4
7098 4
7099 3
7100 3
7101 3
7102 4
7103 3
7104 2
7105 3
7106 3
7107 5
7108 3
7109 2
7110 3
7111 1
7112 3
7113 1
7114 2
7115 1
7116 3
7117 0
7118 2
7119 3
7120 3
7121 8
7122 10
7123 11
7124 12
7125 12
7126 10
7127 10
7128 9
7129 8
7130 8
7131 8
7132 7
7133 5
7134 5
7135 4
7136 6
7137 5
7138 3
7139 2
7140 5
7141 3
7142 1
7143 1
7144 2
7145 0
7146 3
7147 2
7148 2
7149 3
7150 2
7151 3
7152 2
7153 1
7154 3
7155 2
7156 4
7157 3
7158 3
7159 2
7160 2
7161 3
7162 1
7163 3
7164 3
7165 3
7166 2
7167 4
7168 4
7169 3
7170 3
7171 2
7172 4
7173 5
7174 5
7175 5
7176 5
7177 3
7178 3
7179 1
7180 3
7181 4
7182 6
7183 7
7184 5
7185 4
7186 3
7187 2
7188 2
7189 3
7190 2
7191 1
7192 1
7193 4
7194 3
7195 2
7196 3
7197 5
7198 6
7199 6
7200 7
7201 6
7202 6
7203 5
7204 4
7205 3
7206 1
7207 1
7208 0
7209 2
7210 2
7211 0
7212 3
7213 5
7214 4
7215 2
7216 2
7217 1
7218 1
7219 4
7220 4
7221 1
7222 2
7223 1
7224 3
7225 4
7226 5
7227 7
7228 8
7229 8
7230 8
7231 6
7232 5
7233 3
7234 4
7235 5
7236 5
7237 6
7238 7
7239 7
7240 6
7241 8
7242 8
7243 9
7244 8
7245 7
7246 9
7247 8
7248 6
7249 5
7250 6
7251 3
7252 6
7253 4
7254 2
7255 5
7256 6
7257 7
7258 8
7259 8
7260 8
7261 8
7262 8
7263 8
7264 7
7265 5
7266 4
7267 4
7268 4
7269 5
7270 5
7271 6
7272 7
7273 8
7274 9
7275 8
7276 11
7277 11
7278 11
7279 11
7280 10
7281 8
7282 7
7283 7
7284 7
7285 7
7286 7
7287 6
7288 7
7289 5
7290 5
7291 3
7292 2
7293 6
7294 9
7295 8
7296 8
7297 8
7298 8
7299 6
7300 7
7301 5
7302 4
7303 5
7304 4
7305 3
7306 0
7307 4
7308 6
7309 4
7310 4
7311 7
7312 7
7313 5
7314 3
7315 1
7316 5
7317 5
7318 6
7319 6
7320 7
7321 7
7322 7
7323 7
7324 10
7325 9
7326 10
7327 10
7328 8
7329 9
7330 6
7331 7
7332 7
7333 4
7334 4
7335 3
7336 4
7337 3
7338 4
7339 4
7340 4
7341 4
7342 3
7343 5
7344 3
7345 2
7346 2
7347 3
7348 4
7349 2
7350 4
7351 4
7352 3
7353 3
7354 2
7355 2
7356 2
7357 1
7358 2
7359 1
7360 4
7361 4
7362 4
7363 4
7364 2
7365 4
7366 4
7367 5
7368 4
7369 3
7370 2
7371 2
7372 2
7373 2
7374 2
7375 6
7376 6
7377 3
7378 5
7379 5
7380 6
7381 5
7382 3
7383 3
7384 1
7385 2
7386 5
7387 4
7388 5
7389 9
7390 8
7391 7
7392 7
7393 5
7394 5
7395 3
7396 3
7397 4
7398 5
7399 4
7400 2
7401 3
7402 5
7403 7
7404 7
7405 5
7406 5
7407 4
7408 2
7409 4
7410 3
7411 3
7412 3
7413 1
7414 1
7415 1
7416 2
7417 3
7418 5
7419 5
7420 8
7421 11
7422 12
7423 11
7424 12
7425 13
7426 11
7427 10
7428 11
7429 12
7430 11
7431 13
7432 12
7433 10
7434 10
7435 10
7436 10
7437 12
7438 12
7439 12
7440 14
7441 14
7442 13
7443 12
7444 13
7445 11
7446 12
7447 15
7448 12
7449 13
7450 13
7451 13
7452 11
7453 12
7454 10
7455 9
7456 7
7457 6
7458 9
7459 9
7460 10
7461 10
7462 11
7463 10
7464 9
7465 11
7466 8
7467 7
7468 6
7469 8
7470 9
7471 7
7472 6
7473 7
7474 7
7475 5
7476 6
7477 7
7478 10
7479 12
7480 13
7481 13
7482 16
7483 13
7484 11
7485 10
7486 11
7487 12
7488 11
7489 12
7490 13
7491 14
7492 14
7493 14
7494 14
7495 12
7496 12
7497 10
7498 9
7499 8
7500 7
7501 7
7502 6
7503 6
7504 7
7505 8
7506 9
7507 10
7508 12
7509 12
7510 11
7511 10
7512 12
7513 14
7514 13
7515 13
7516 16
7517 13
7518 15
7519 12
7520 11
7521 11
7522 12
7523 14
7524 14
7525 16
7526 13
7527 12
7528 12
7529 12
7530 15
7531 12
7532 14
7533 15
7534 12
7535 13
7536 12
7537 10
7538 9
7539 8
7540 6
7541 6
7542 8
7543 6
7544 8
7545 8
7546 8
7547 5
7548 4
7549 4
7550 3
7551 6
7552 6
7553 8
7554 9
7555 10
7556 8
7557 9
7558 7
7559 10
7560 9
7561 9
7562 9
7563 10
7564 7
7565 8
7566 6
7567 7
7568 7
7569 4
7570 4
7571 3
7572 3
7573 3
7574 0
7575 2
7576 1
7577 1
7578 2
7579 1
7580 4
7581 4
7582 6
7583 4
7584 6
7585 6
7586 4
7587 4
7588 3
7589 3
7590 1
7591 3
7592 2
7593 4
7594 6
7595 5
7596 3
7597 3
7598 3
7599 2
7600 3
7601 2
7602 4
7603 4
7604 2
7605 3
7606 1
7607 2
7608 4
7609 2
7610 2
7611 1
7612 3
7613 5
7614 3
7615 3
7616 4
7617 5
7618 5
7619 5
7620 3
7621 3
7622 4
7623 3
7624 1
7625 4
7626 3
7627 6
7628 6
7629 5
7630 3
7631 1
7632 2
7633 3
7634 2
7635 6
7636 4
7637 4
7638 4
7639 1
7640 4
7641 4
7642 3
7643 3
7644 4
7645 4
7646 5
7647 4
7648 3
7649 4
7650 4
7651 6
7652 3
7653 3
7654 1
7655 0
7656 1
7657 3
7658 2
7659 1
7660 4
7661 4
7662 5
7663 6
7664 5
7665 3
7666 3
7667 3
7668 4
7669 6
7670 6
7671 6
7672 7
7673 6
7674 8
7675 5
7676 5
7677 5
7678 2
7679 2
7680 4
7681 2
7682 4
7683 6
7684 3
7685 2
7686 2
7687 1
7688 3
7689 3
7690 3
7691 6
7692 7
7693 8
7694 7
7695 7
7696 6
7697 5
7698 5
7699 4
7700 3
7701 1
7702 3
7703 4
7704 5
7705 5
7706 4
7707 4
7708 1
7709 3
7710 2
7711 3
7712 3
7713 3
7714 1
7715 2
7716 3
7717 6
7718 5
7719 6
7720 6
7721 6
7722 6
7723 3
7724 1
7725 5
7726 5
7727 4
7728 6
7729 6
7730 5
7731 4
7732 5
7733 5
7734 5
7735 6
7736 7
7737 6
7738 4
7739 7
7740 8
7741 8
7742 8
7743 5
7744 6
7745 4
7746 4
7747 2
7748 2
7749 3
7750 4
7751 1
7752 1
7753 1
7754 4
7755 5
7756 3
7757 2
7758 3
7759 5
7760 6
7761 5
7762 7
7763 7
7764 8
7765 7
7766 6
7767 4
7768 4
7769 3
7770 3
7771 5
7772 7
7773 7
7774 7
7775 6
7776 6
7777 6
7778 7
7779 8
7780 5
7781 3
7782 4
7783 3
7784 3
7785 2
7786 3
7787 5
7788 5
7789 3
7790 3
7791 3
7792 2
7793 3
7794 5
7795 4
7796 5
7797 4
7798 4
7799 4
7800 6
7801 8
7802 7
7803 8
7804 7
7805 7
7806 6
7807 4
7808 3
7809 1
7810 5
7811 4
7812 6
7813 4
7814 5
7815 4
7816 4
7817 3
7818 3
7819 4
7820 3
7821 1
7822 1
7823 3
7824 4
7825 4
7826 3
7827 1
7828 3
7829 3
7830 2
7831 4
7832 3
7833 2
7834 3
7835 6
7836 6
7837 5
7838 5
7839 5
7840 4
7841 4
7842 5
7843 3
7844 2
7845 2
7846 2
7847 4
7848 4
7849 4
7850 4
7851 4
7852 2
7853 2
7854 2
7855 1
7856 3
7857 2
7858 1
7859 2
7860 2
7861 1
7862 3
7863 2
7864 3
7865 1
7866 1
7867 2
7868 2
7869 5
7870 4
7871 4
7872 4
7873 3
7874 4
7875 4
7876 6
7877 6
7878 4
7879 4
7880 8
7881 7
7882 4
7883 5
7884 6
7885 8
7886 5
7887 6
7888 6
7889 10
7890 10
7891 10
7892 11
7893 11
7894 12
7895 12
7896 13
7897 12
7898 11
7899 9
7900 8
7901 8
7902 7
7903 7
7904 8
7905 11
7906 10
7907 10
7908 10
7909 12
7910 10
7911 10
7912 9
7913 11
7914 10
7915 7
7916 9
7917 11
7918 9
7919 9
7920 11
7921 9
7922 7
7923 5
7924 4
7925 4
7926 4
7927 3
7928 1
7929 2
7930 4
7931 5
7932 6
7933 8
7934 8
7935 6
7936 6
7937 4
7938 5
7939 5
7940 2
7941 2
7942 1
7943 5
7944 4
7945 5
7946 7
7947 8
7948 9
7949 8
7950 5
7951 3
7952 1
7953 2
7954 0
7955 5
7956 8
7957 7
7958 8
7959 5
7960 6
7961 5
7962 3
7963 3
7964 2
7965 1
7966 2
7967 1
7968 1
7969 4
7970 4
7971 5
7972 6
7973 7
7974 8
7975 10
7976 10
7977 10
7978 9
7979 8
7980 8
7981 7
7982 6
7983 7
7984 7
7985 6
7986 10
7987 8
7988 8
7989 6
7990 3
7991 2
7992 4
7993 4
7994 5
7995 5
7996 4
7997 4
7998 3
7999 7
8000 6
8001 6
8002 5
8003 4
8004 3
8005 3
8006 1
8007 3
8008 1
8009 1
8010 3
8011 0
8012 3
8013 0
8014 2
8015 4
8016 2
8017 4
8018 4
8019 1
8020 5
8021 5
8022 5
8023 4
8024 4
8025 2
8026 2
8027 5
8028 5
8029 3
8030 4
8031 6
8032 6
8033 5
8034 7
8035 6
8036 5
8037 6
8038 3
8039 5
8040 6
8041 5
8042 6
8043 6
8044 6
8045 5
8046 5
8047 4
8048 5
8049 4
8050 4
8051 3
8052 2
8053 1
8054 2
8055 2
8056 6
8057 5
8058 7
8059 6
8060 6
8061 6
8062 5
8063 5
8064 2
8065 3
8066 3
8067 4
8068 5
8069 6
8070 6
8071 8
8072 7
8073 7
8074 5
8075 2
8076 6
8077 6
8078 4
8079 2
8080 5
8081 6
8082 5
8083 6
8084 3
8085 3
8086 2
8087 2
8088 2
8089 1
8090 2
8091 2
8092 1
8093 1
8094 1
8095 2
8096 3
8097 5
8098 2
8099 2
8100 5
8101 5
8102 6
8103 6
8104 4
8105 5
8106 9
8107 9
8108 9
8109 7
8110 5
8111 6
8112 5
8113 5
8114 7
8115 8
8116 7
8117 7
8118 6
8119 6
8120 7
8121 8
8122 7
8123 7
8124 5
8125 3
8126 5
8127 4
8128 3
8129 2
8130 4
8131 4
8132 5
8133 6
8134 4
8135 4
8136 6
8137 5
8138 5
8139 5
8140 5
8141 5
8142 3
8143 7
8144 6
8145 9
8146 9
8147 8
8148 9
8149 8
8150 9
8151 12
8152 10
8153 11
8154 9
8155 8
8156 6
8157 4
8158 1
8159 3
8160 2
8161 4
8162 5
8163 6
8164 4
8165 4
8166 5
8167 5
8168 3
8169 2
8170 1
8171 6
8172 7
8173 7
8174 8
8175 8
8176 9
8177 10
8178 8
8179 8
8180 5
8181 6
8182 8
8183 9
8184 8
8185 10
8186 11
8187 10
8188 9
8189 10
8190 10
8191 8
8192 8
8193 10
8194 10
8195 10
8196 9
8197 6
8198 8
8199 7
8200 8
8201 7
8202 6
8203 6
8204 8
8205 8
8206 5
8207 7
8208 5
8209 2
8210 5
8211 5
8212 6
8213 5
8214 4
8215 5
8216 5
8217 6
8218 3
8219 3
8220 3
8221 1
8222 3
8223 5
8224 3
8225 3
8226 5
8227 4
8228 2
8229 3
8230 5
8231 3
8232 1
8233 3
8234 3
8235 4
8236 3
8237 3
8238 3
8239 2
8240 3
8241 2
8242 6
8243 6
8244 5
8245 5
8246 5
8247 3
8248 2
8249 4
8250 5
8251 4
8252 6
8253 4
8254 5
8255 3
8256 2
8257 1
8258 3
8259 6
8260 7
8261 6
8262 5
8263 6
8264 7
8265 5
8266 3
8267 3
8268 4
8269 3
8270 1
8271 3
8272 2
8273 3
8274 5
8275 5
8276 5
8277 7
8278 6
8279 4
8280 4
8281 6
8282 4
8283 4
8284 6
8285 6
8286 7
8287 7
8288 6
8289 5
8290 3
8291 4
8292 5
8293 7
8294 6
8295 7
8296 6
8297 4
8298 5
8299 5
8300 5
8301 5
8302 5
8303 6
8304 5
8305 7
8306 7
8307 7
8308 5
8309 7
8310 8
8311 6
8312 6
8313 7
8314 7
8315 8
8316 5
8317 3
8318 4
8319 6
8320 5
8321 5
8322 2
8323 3
8324 1
8325 3
8326 3
8327 5
8328 4
8329 1
8330 1
8331 3
8332 3
8333 6
8334 6
8335 7
8336 6
8337 5
8338 8
8339 11
8340 9
8341 11
8342 15
8343 12
8344 15
8345 12
8346 12
8347 12
8348 11
8349 13
8350 13
8351 14
8352 12
8353 11
8354 12
8355 10
8356 8
8357 9
8358 9
8359 8
8360 8
8361 9
8362 8
8363 8
8364 8
8365 10
8366 8
8367 8
8368 9
8369 8
8370 9
8371 9
8372 9
8373 10
8374 9
8375 9
8376 9
8377 10
8378 10
8379 9
8380 11
8381 8
8382 7
8383 9
8384 10
8385 9
8386 7
8387 8
8388 7
8389 6
8390 5
8391 8
8392 8
8393 7
8394 7
8395 6
8396 6
8397 7
8398 8
8399 6
8400 7
8401 7
8402 6
8403 7
8404 5
8405 3
8406 3
8407 4
8408 4
8409 3
8410 3
8411 3
8412 5
8413 8
8414 6
8415 5
8416 6
8417 6
8418 6
8419 8
8420 6
8421 7
8422 6
8423 6
8424 3
8425 1
8426 4
8427 2
8428 1
8429 3
8430 2
8431 1
8432 4
8433 4
8434 2
8435 3
8436 1
8437 1
8438 4
8439 3
8440 4
8441 3
8442 3
8443 3
8444 1
8445 6
8446 8
8447 9
8448 9
8449 8
8450 5
8451 5
8452 6
8453 6
8454 7
8455 8
8456 7
8457 5
8458 5
8459 4
8460 5
8461 5
8462 5
8463 4
8464 1
8465 3
8466 2
8467 6
8468 5
8469 4
8470 2
8471 3
8472 3
8473 5
8474 5
8475 5
8476 7
8477 10
8478 10
8479 11
8480 9
8481 8
8482 7
8483 4
8484 2
8485 1
8486 1
8487 0
8488 4
8489 4
8490 3
8491 4
8492 3
8493 0
8494 3
8495 4
8496 6
8497 5
8498 6
8499 6
8500 5
8501 3
8502 3
8503 4
8504 5
8505 6
8506 5
8507 4
8508 4
8509 5
8510 6
8511 5
8512 5
8513 4
8514 2
8515 5
8516 6
8517 8
8518 9
8519 9
8520 10
8521 13
8522 11
8523 9
8524 9
8525 9
8526 8
8527 8
8528 8
8529 9
8530 10
8531 12
8532 12
8533 9
8534 10
8535 9
8536 9
8537 8
8538 6
8539 6
8540 6
8541 6
8542 6
8543 4
8544 3
8545 1
8546 1
8547 1
8548 2
8549 5
8550 4
8551 5
8552 4
8553 5
8554 4
8555 5
8556 9
8557 7
8558 7
8559 5
8560 6
8561 6
8562 7
8563 8
8564 10
8565 9
8566 8
8567 10
8568 9
8569 9
8570 8
8571 8
8572 10
8573 10
8574 11
8575 10
8576 9
8577 9
8578 10
8579 8
8580 9
8581 7
8582 6
8583 5
8584 5
8585 6
8586 9
8587 9
8588 8
8589 8
8590 7
8591 7
8592 7
8593 7
8594 5
8595 7
8596 8
8597 6
8598 6
8599 8
8600 9
8601 8
8602 8
8603 9
8604 8
8605 9
8606 10
8607 10
8608 7
8609 5
8610 5
8611 2
8612 4
8613 2
8614 1
8615 5
8616 4
8617 6
8618 6
8619 5
8620 3
8621 2
8622 3
8623 4
8624 5
8625 4
8626 1
8627 2
8628 1
8629 0
8630 4
8631 3
8632 1
8633 4
8634 7
8635 8
8636 7
8637 6
8638 5
8639 5
8640 4
8641 5
8642 7
8643 6
8644 7
8645 6
8646 7
8647 5
8648 8
8649 6
8650 7
8651 6
8652 7
8653 7
8654 5
8655 4
8656 3
8657 3
8658 1
8659 3
8660 1
8661 3
8662 3
8663 2
8664 3
8665 4
8666 6
8667 4
8668 6
8669 4
8670 4
8671 3
8672 3
8673 3
8674 2
8675 2
8676 3
8677 1
8678 0
8679 3
8680 4
8681 5
8682 5
8683 5
8684 5
8685 6
8686 5
8687 8
8688 7
8689 6
8690 5
8691 5
8692 6
8693 7
8694 8
8695 8
8696 6
8697 5
8698 5
8699 5
8700 3
8701 2
8702 4
8703 5
8704 4
8705 6
8706 7
8707 4
8708 5
8709 6
8710 5
8711 8
8712 11
8713 12
8714 12
8715 11
8716 12
8717 10
8718 10
8719 11
8720 11
8721 9
8722 9
8723 12
8724 11
8725 14
8726 12
8727 11
8728 11
8729 10
8730 10
8731 9
8732 11
8733 12
8734 13
8735 14
8736 13
8737 14
8738 16
8739 13
8740 16
8741 13
8742 17
8743 14
8744 13
8745 10
8746 11
8747 11
8748 10
8749 11
8750 13
8751 12
8752 12
8753 12
8754 13
8755 13
8756 13
8757 11
8758 12
8759 10
8760 11
8761 11
8762 12
8763 11
8764 12
8765 12
8766 14
8767 16
8768 13
8769 12
8770 10
8771 11
8772 13
8773 14
8774 15
8775 12
8776 13
8777 12
8778 9
8779 7
8780 7
8781 5
8782 3
8783 4
8784 4
8785 3
8786 2
8787 2
8788 2
8789 4
8790 3
8791 4
8792 3
8793 3
8794 4
8795 3
8796 2
8797 1
8798 3
8799 5
8800 7
8801 5
8802 6
8803 7
8804 4
8805 2
8806 1
8807 2
8808 7
8809 6
8810 7
8811 6
8812 5
8813 5
8814 4
8815 7
8816 5
8817 5
8818 5
8819 4
8820 3
8821 1
8822 2
8823 4
8824 1
8825 4
8826 3
8827 2
8828 3
8829 1
8830 1
8831 3
8832 3
8833 1
8834 1
8835 0
8836 1
8837 2
8838 2
8839 4
8840 3
8841 1
8842 2
8843 4
8844 4
8845 5
8846 6
8847 8
8848 7
8849 7
8850 5
8851 4
8852 6
8853 6
8854 6
8855 4
8856 3
8857 2
8858 2
8859 4
8860 6
8861 5
8862 8
8863 7
8864 7
8865 8
8866 6
8867 5
8868 9
8869 7
8870 6
8871 8
8872 8
8873 8
8874 6
8875 5
8876 5
8877 8
8878 8
8879 6
8880 5
8881 3
8882 6
8883 7
8884 7
8885 12
8886 13
8887 10
8888 9
8889 6
8890 5
8891 7
8892 8
8893 9
8894 9
8895 7
8896 8
8897 8
8898 7
8899 7
8900 8
8901 6
8902 4
8903 5
8904 8
8905 9
8906 10
8907 11
8908 10
8909 11
8910 9
8911 7
8912 8
8913 6
8914 5
8915 4
8916 3
8917 2
8918 2
8919 2
8920 3
8921 3
8922 3
8923 1
8924 2
8925 4
8926 3
8927 2
8928 2
8929 4
8930 8
8931 5
8932 3
8933 0
8934 3
8935 3
8936 2
8937 3
8938 3
8939 1
8940 1
8941 3
8942 2
8943 5
8944 4
8945 6
8946 8
8947 8
8948 6
8949 4
8950 5
8951 5
8952 5
8953 5
8954 5
8955 3
8956 4
8957 5
8958 6
8959 7
8960 8
8961 7
8962 7
8963 10
8964 10
8965 8
8966 5
8967 3
8968 3
8969 2
8970 2
8971 3
8972 2
8973 2
8974 3
8975 3
8976 1
8977 4
8978 3
8979 1
8980 3
8981 3
8982 2
8983 3
8984 2
8985 3
8986 3
8987 4
8988 4
8989 3
8990 1
8991 2
8992 0
8993 2
8994 5
8995 6
8996 5
8997 3
8998 1
8999 1
9000 2
9001 3
9002 3
9003 5
9004 4
9005 2
9006 4
9007 4
9008 3
9009 3
9010 5
9011 5
9012 6
9013 7
9014 5
9015 5
9016 5
9017 3
9018 5
9019 4
9020 4
9021 5
9022 5
9023 5
9024 7
9025 7
9026 5
9027 3
9028 2
9029 5
9030 4
9031 3
9032 3
9033 3
9034 1
9035 3
9036 3
9037 6
9038 7
9039 5
9040 5
9041 5
9042 6
9043 8
9044 8
9045 7
9046 6
9047 6
9048 6
9049 6
9050 5
9051 3
9052 4
9053 3
9054 5
9055 2
9056 1
9057 1
9058 1
9059 2
9060 1
9061 1
9062 5
9063 3
9064 3
9065 2
9066 1
9067 3
9068 5
9069 4
9070 4
9071 4
9072 5
9073 7
9074 8
9075 7
9076 4
9077 4
9078 4
9079 4
9080 4
9081 3
9082 4
9083 5
9084 3
9085 2
9086 3
9087 2
9088 3
9089 1
9090 2
9091 4
9092 5
9093 5
9094 4
9095 4
9096 4
9097 5
9098 3
9099 0
9100 4
9101 5
9102 3
9103 1
9104 3
9105 6
9106 6
9107 6
9108 6
9109 8
9110 9
9111 9
9112 11
9113 11
9114 12
9115 11
9116 10
9117 10
9118 11
9119 11
9120 11
9121 10
9122 11
9123 12
9124 11
9125 12
9126 11
9127 11
9128 11
9129 13
9130 12
9131 12
9132 13
9133 12
9134 10
9135 12
9136 11
9137 12
9138 11
9139 13
9140 13
9141 13
9142 15
9143 12
9144 11
9145 10
9146 13
9147 13
9148 12
9149 12
9150 10
9151 11
9152 11
9153 12
9154 14
9155 14
9156 12
9157 12
9158 14
9159 15
9160 12
9161 13
9162 13
9163 11
9164 9
9165 8
9166 9
9167 7
9168 6
9169 7
9170 8
9171 7
9172 8
9173 8
9174 7
9175 6
9176 6
9177 6
9178 4
9179 2
9180 1
9181 3
9182 3
9183 6
9184 5
9185 7
9186 9
9187 9
9188 7
9189 7
9190 5
9191 4
9192 3
9193 2
9194 4
9195 3
9196 0
9197 3
9198 2
9199 2
9200 3
9201 1
9202 2
9203 2
9204 2
9205 3
9206 4
9207 3
9208 1
9209 6
9210 4
9211 3
9212 1
9213 5
9214 5
9215 6
9216 4
9217 2
9218 6
9219 8
9220 10
9221 10
9222 10
9223 8
9224 8
9225 6
9226 5
9227 4
9228 4
9229 5
9230 4
9231 7
9232 5
9233 6
9234 4
9235 2
9236 4
9237 4
9238 4
9239 2
9240 5
9241 4
9242 3
9243 4
9244 3
9245 3
9246 3
9247 0
9248 2
9249 3
9250 2
9251 1
9252 2
9253 2
9254 2
9255 3
9256 3
9257 5
9258 4
9259 4
9260 3
9261 7
9262 9
9263 9
9264 10
9265 9
9266 10
9267 10
9268 9
9269 9
9270 6
9271 7
9272 5
9273 3
9274 3
9275 4
9276 2
9277 4
9278 5
9279 4
9280 2
9281 3
9282 1
9283 1
9284 4
9285 6
9286 5
9287 5
9288 5
9289 4
9290 5
9291 5
9292 5
9293 5
9294 7
9295 5
9296 5
9297 8
9298 7
9299 6
9300 5
9301 4
9302 5
9303 3
9304 3
9305 3
9306 4
9307 5
9308 6
9309 6
9310 5
9311 8
9312 6
9313 5
9314 2
9315 2
9316 2
9317 3
9318 1
9319 1
9320 1
9321 4
9322 3
9323 4
9324 5
9325 5
9326 3
9327 4
9328 5
9329 4
9330 3
9331 6
9332 6
9333 5
9334 4
9335 5
9336 8
9337 6
9338 6
9339 6
9340 4
9341 3
9342 3
9343 2
9344 2
9345 1
9346 5
9347 8
9348 9
9349 11
9350 11
9351 9
9352 8
9353 11
9354 9
9355 10
9356 11
9357 10
9358 10
9359 12
9360 10
9361 10
9362 10
9363 9
9364 6
9365 5
9366 5
9367 5
9368 8
9369 11
9370 12
9371 10
9372 10
9373 10
9374 11
9375 12
9376 11
9377 10
9378 9
9379 6
9380 7
9381 7
9382 6
9383 8
9384 9
9385 12
9386 12
9387 12
9388 11
9389 11
9390 9
9391 8
9392 11
9393 10
9394 8
9395 8
9396 9
9397 9
9398 13
9399 12
9400 11
9401 11
9402 12
9403 12
9404 10
9405 10
9406 10
9407 11
9408 12
9409 13
9410 13
9411 13
9412 14
9413 13
9414 14
9415 16
9416 13
9417 14
9418 13
9419 15
9420 12
9421 13
9422 13
9423 13
9424 13
9425 15
9426 12
9427 12
9428 12
9429 14
9430 12
9431 12
9432 11
9433 12
9434 14
9435 13
9436 14
9437 13
9438 12
9439 16
9440 13
9441 13
9442 12
9443 12
9444 12
9445 11
9446 11
9447 12
9448 13
9449 15
9450 12
9451 12
9452 12
9453 13
9454 14
9455 13
9456 11
9457 11
9458 12
9459 12
9460 11
9461 9
9462 11
9463 9
9464 10
9465 10
9466 11
9467 11
9468 10
9469 9
9470 7
9471 8
9472 7
9473 6
9474 7
9475 6
9476 4
9477 5
9478 6
9479 4
9480 5
9481 7
9482 6
9483 9
9484 9
9485 6
9486 7
9487 6
9488 5
9489 5
9490 5
9491 5
9492 6
9493 6
9494 6
9495 6
9496 5
9497 6
9498 3
9499 1
9500 1
9501 3
9502 4
9503 4
9504 5
9505 5
9506 5
9507 4
9508 4
9509 3
9510 3
9511 4
9512 5
9513 4
9514 5
9515 5
9516 2
9517 5
9518 3
9519 5
9520 6
9521 4
9522 5
9523 6
9524 7
9525 6
9526 5
9527 5
9528 6
9529 6
9530 5
9531 5
9532 4
9533 3
9534 3
9535 1
9536 3
9537 1
9538 2
9539 3
9540 2
9541 2
9542 4
9543 2
9544 2
9545 5
9546 7
9547 8
9548 9
9549 9
9550 9
9551 7
9552 6
9553 4
9554 3
9555 4
9556 2
9557 2
9558 1
9559 6
9560 4
9561 3
9562 3
9563 3
9564 3
9565 3
9566 5
9567 4
9568 5
9569 5
9570 6
9571 5
9572 4
9573 4
9574 2
9575 4
9576 3
9577 2
9578 2
9579 1
9580 2
9581 3
9582 2
9583 1
9584 2
9585 1
9586 4
9587 3
9588 2
9589 2
9590 1
9591 1
9592 2
9593 5
9594 5
9595 4
9596 3
9597 2
9598 2
9599 2
9600 2
9601 1
9602 1
9603 4
9604 3
9605 1
9606 3
9607 3
9608 1
9609 4
9610 6
9611 4
9612 3
9613 3
9614 2
9615 3
9616 4
9617 4
9618 5
9619 4
9620 6
9621 8
9622 6
9623 4
9624 3
9625 2
9626 3
9627 1
9628 2
9629 3
9630 2
9631 3
9632 1
9633 2
9634 5
9635 4
9636 2
9637 1
9638 2
9639 3
9640 1
9641 4
9642 3
9643 3
9644 3
9645 3
9646 1
9647 2
9648 4
9649 3
9650 3
9651 2
9652 1
9653 4
9654 2
9655 4
9656 2
9657 2
9658 1
9659 2
9660 5
9661 6
9662 6
9663 8
9664 9
9665 9
9666 6
9667 7
9668 5
9669 3
9670 1
9671 3
9672 2
9673 2
9674 1
9675 1
9676 2
9677 0
9678 3
9679 1
9680 0
9681 2
9682 2
9683 5
9684 4
9685 2
9686 2
9687 2
9688 1
9689 3
9690 4
9691 2
9692 2
9693 2
9694 5
9695 5
9696 5
9697 5
9698 6
9699 6
9700 7
9701 5
9702 5
9703 6
9704 4
9705 4
9706 3
9707 3
9708 5
9709 2
9710 5
9711 5
9712 5
9713 7
9714 8
9715 6
9716 8
9717 9
9718 10
9719 9
9720 8
9721 8
9722 8
9723 11
9724 12
9725 10
9726 15
9727 12
9728 12
9729 12
9730 13
9731 13
9732 15
9733 12
9734 10
9735 8
9736 11
9737 11
9738 11
9739 11
9740 13
9741 10
9742 10
9743 9
9744 7
9745 5
9746 5
9747 6
9748 5
9749 4
9750 6
9751 6
9752 9
9753 7
9754 6
9755 6
9756 5
9757 5
9758 7
9759 5
9760 3
9761 3
9762 2
9763 3
9764 2
9765 2
9766 2
9767 5
9768 5
9769 5
9770 6
9771 6
9772 7
9773 9
9774 8
9775 8
9776 7
9777 10
9778 9
9779 10
9780 10
9781 10
9782 12
9783 13
9784 13
9785 13
9786 13
9787 12
9788 11
9789 13
9790 14
9791 12
9792 10
9793 10
9794 10
9795 9
9796 9
9797 10
9798 11
9799 9
9800 6
9801 8
9802 9
9803 9
9804 10
9805 11
9806 11
9807 14
9808 12
9809 10
9810 12
9811 11
9812 9
9813 10
9814 12
9815 11
9816 11
9817 11
9818 9
9819 9
9820 6
9821 4
9822 4
9823 1
9824 1
9825 3
9826 1
9827 4
9828 3
9829 3
9830 4
9831 2
9832 3
9833 3
9834 1
9835 5
9836 3
9837 5
9838 4
9839 7
9840 8
9841 10
9842 8
9843 8
9844 7
9845 6
9846 7
9847 8
9848 5
9849 4
9850 2
9851 2
9852 4
9853 3
9854 4
9855 4
9856 4
9857 4
9858 4
9859 3
9860 4
9861 3
9862 3
9863 4
9864 5
9865 3
9866 2
9867 2
9868 5
9869 6
9870 5
9871 6
9872 5
9873 6
9874 3
9875 3
9876 3
9877 3
9878 1
9879 2
9880 4
9881 3
9882 1
9883 2
9884 3
9885 4
9886 5
9887 6
9888 7
9889 5
9890 5
9891 5
9892 4
9893 5
9894 2
9895 3
9896 3
9897 3
9898 1
9899 3
9900 2
9901 2
9902 2
9903 1
9904 3
9905 3
9906 2
9907 1
9908 3
9909 0
9910 3
9911 2
9912 4
9913 4
9914 4
9915 3
9916 4
9917 5
9918 3
9919 3
9920 1
9921 2
9922 2
9923 4
9924 3
9925 3
9926 4
9927 7
9928 5
9929 4
9930 5
9931 7
9932 7
9933 8
9934 7
9935 6
9936 4
9937 3
9938 3
9939 3
9940 4
9941 2
9942 0
9943 5
9944 5
9945 3
9946 2
9947 4
9948 2
9949 0
9950 3
9951 0
9952 2
9953 3
9954 5
9955 5
9956 4
9957 3
9958 4
9959 3
9960 6
9961 5
9962 4
9963 4
9964 4
9965 7
9966 5
9967 5
9968 3
9969 2
9970 2
9971 5
9972 5
9973 6
9974 6
9975 6
9976 8
9977 8
9978 5
9979 4
9980 4
9981 5
9982 4
9983 8
9984 8
9985 8
9986 8
9987 9
9988 10
9989 9
9990 9
9991 7
9992 8
9993 10
9994 10
9995 8
9996 6
9997 4
9998 4
9999 2
