0 7
1 6
2 4
3 5
4 4
5 4
6 5
7 5
8 6
9 5
10 4
11 1
12 1
13 4
14 2
15 3
16 2
17 4
18 5
19 4
20 3
21 2
22 3
23 3
24 1
25 3
26 2
27 3
28 2
29 4
30 3
31 3
32 1
33 2
34 3
35 1
36 4
37 1
38 1
39 2
40 0
41 4
42 4
43 3
44 3
45 3
46 2
47 4
48 6
49 4
50 2
51 1
52 0
53 3
54 0
55 2
56 4
57 3
58 0
59 2
60 1
61 2
62 2
63 3
64 2
65 1
66 3
67 1
68 2
69 4
70 1
71 0
72 5
73 3
74 0
75 1
76 1
77 0
78 6
79 6
80 5
81 3
82 0
83 2
84 1
85 1
86 2
87 3
88 4
89 2
90 2
91 2
92 0
93 3
94 4
95 3
96 4
97 3
98 1
99 2
100 1
101 2
102 2
103 1
104 2
105 3
106 4
107 4
108 4
109 3
110 3
111 3
112 2
113 1
114 2
115 1
116 1
117 1
118 3
119 1
120 3
121 1
122 4
123 5
124 5
125 5
126 5
127 4
128 2
129 1
130 2
131 3
132 1
133 2
134 4
135 4
136 3
137 1
138 2
139 1
140 2
141 4
142 2
143 0
144 3
145 1
146 2
147 0
148 5
149 2
150 3
151 1
152 3
153 3
154 4
155 2
156 3
157 5
158 4
159 3
160 2
161 2
162 3
163 0
164 3
165 0
166 4
167 4
168 1
169 2
170 1
171 1
172 3
173 3
174 0
175 0
176 4
177 1
178 2
179 2
180 2
181 3
182 3
183 3
184 5
185 5
186 3
187 3
188 2
189 4
190 1
191 1
192 1
193 3
194 2
195 2
196 1
197 0
198 0
199 3
200 2
201 3
202 1
203 3
204 3
205 3
206 3
207 2
208 3
209 1
210 4
211 5
212 4
213 3
214 3
215 0
216 3
217 2
218 5
219 4
220 5
221 3
222 2
223 2
224 1
225 1
226 2
227 3
228 2
229 3
230 2
231 1
232 1
233 0
234 4
235 2
236 2
237 3
238 0
239 3
240 3
241 1
242 3
243 4
244 3
245 1
246 2
247 0
248 0
249 1
250 2
251 4
252 2
253 2
254 2
255 2
256 1
257 2
258 6
259 4
260 5
261 5
262 4
263 3
264 5
265 4
266 2
267 0
268 1
269 3
270 4
271 3
272 4
273 3
274 2
275 1
276 3
277 0
278 2
279 4
280 1
281 3
282 1
283 1
284 0
285 1
286 2
287 2
288 2
289 1
290 4
291 3
292 2
293 4
294 3
295 1
296 3
297 1
298 2
299 2
300 4
301 2
302 2
303 1
304 2
305 3
306 2
307 3
308 3
309 1
310 3
311 3
312 3
313 3
314 3
315 1
316 2
317 2
318 1
319 2
320 2
321 1
322 2
323 3
324 1
325 3
326 2
327 2
328 2
329 1
330 1
331 3
332 3
333 0
334 3
335 1
336 1
337 1
338 2
339 0
340 1
341 2
342 1
343 0
344 2
345 3
346 1
347 2
348 1
349 3
350 1
351 3
352 2
353 1
354 2
355 3
356 2
357 6
358 4
359 4
360 3
361 1
362 1
363 1
364 3
365 1
366 0
367 4
368 2
369 1
370 2
371 3
372 3
373 4
374 5
375 3
376 2
377 2
378 1
379 1
380 3
381 1
382 1
383 1
384 2
385 1
386 4
387 3
388 2
389 1
390 1
391 2
392 2
393 2
394 1
395 4
396 2
397 0
398 0
399 2
400 3
401 2
402 2
403 2
404 2
405 3
406 2
407 1
408 2
409 1
410 2
411 1
412 0
413 1
414 1
415 1
416 1
417 3
418 0
419 4
420 3
421 1
422 2
423 5
424 4
425 2
426 0
427 4
428 5
429 4
430 3
431 2
432 1
433 1
434 2
435 2
436 4
437 3
438 1
439 3
440 3
441 1
442 1
443 1
444 1
445 3
446 4
447 3
448 3
449 1
450 1
451 0
452 1
453 0
454 0
455 3
456 2
457 3
458 1
459 2
460 1
461 1
462 3
463 3
464 2
465 1
466 2
467 2
468 1
469 1
470 3
471 3
472 1
473 1
474 1
475 2
476 1
477 2
478 0
479 3
480 2
481 0
482 2
483 2
484 1
485 4
486 3
487 2
488 2
489 3
490 2
491 3
492 0
493 3
494 2
495 2
496 3
497 2
498 1
499 3
500 1
501 1
502 0
503 3
504 4
505 3
506 3
507 0
508 3
509 1
510 1
511 4
512 2
513 3
514 1
515 1
516 2
517 1
518 2
519 1
520 2
521 1
522 1
523 3
524 1
525 4
526 3
527 2
528 2
529 1
530 4
531 5
532 5
533 2
534 0
535 0
536 1
537 1
538 3
539 4
540 4
541 4
542 3
543 1
544 3
545 2
546 1
547 2
548 4
549 4
550 5
551 3
552 0
553 2
554 1
555 3
556 2
557 3
558 1
559 2
560 2
561 2
562 2
563 2
564 2
565 3
566 1
567 2
568 1
569 4
570 1
571 3
572 2
573 4
574 4
575 2
576 2
577 4
578 4
579 3
580 3
581 2
582 1
583 1
584 1
585 3
586 4
587 5
588 7
589 6
590 5
591 3
592 4
593 1
594 3
595 2
596 2
597 4
598 3
599 3
600 2
601 1
602 3
603 1
604 1
605 2
606 4
607 3
608 2
609 3
610 1
611 1
612 1
613 1
614 0
615 0
616 2
617 2
618 2
619 2
620 3
621 5
622 3
623 3
624 3
625 2
626 1
627 4
628 3
629 4
630 3
631 1
632 2
633 4
634 2
635 2
636 0
637 3
638 3
639 3
640 3
641 2
642 3
643 4
644 1
645 1
646 1
647 3
648 1
649 2
650 3
651 3
652 2
653 3
654 2
655 3
656 1
657 2
658 1
659 3
660 5
661 4
662 2
663 0
664 1
665 3
666 4
667 5
668 3
669 3
670 3
671 4
672 3
673 1
674 2
675 2
676 2
677 3
678 2
679 1
680 3
681 3
682 3
683 1
684 3
685 2
686 4
687 1
688 1
689 4
690 2
691 2
692 1
693 3
694 2
695 4
696 2
697 0
698 5
699 7
700 7
701 6
702 7
703 7
704 7
705 5
706 5
707 3
708 1
709 4
710 3
711 2
712 3
713 3
714 2
715 3
716 3
717 4
718 3
719 5
720 3
721 1
722 2
723 2
724 1
725 0
726 1
727 1
728 0
729 0
730 1
731 0
732 2
733 4
734 4
735 2
736 4
737 5
738 5
739 5
740 5
741 3
742 2
743 3
744 4
745 4
746 4
747 4
748 4
749 3
750 3
751 1
752 3
753 4
754 3
755 2
756 3
757 2
758 1
759 1
760 1
761 3
762 0
763 1
764 4
765 3
766 3
767 3
768 3
769 4
770 3
771 1
772 3
773 2
774 2
775 0
776 3
777 3
778 1
779 1
780 0
781 2
782 2
783 0
784 3
785 1
786 2
787 0
788 3
789 2
790 2
791 2
792 0
793 3
794 3
795 1
796 0
797 3
798 1
799 1
800 2
801 0
802 5
803 4
804 5
805 4
806 3
807 3
808 1
809 4
810 4
811 4
812 4
813 4
814 2
815 4
816 4
817 4
818 3
819 1
820 1
821 1
822 3
823 2
824 2
825 3
826 2
827 3
828 2
829 1
830 1
831 0
832 2
833 2
834 1
835 1
836 2
837 1
838 3
839 1
840 1
841 4
842 3
843 2
844 2
845 5
846 3
847 1
848 0
849 2
850 3
851 0
852 0
853 2
854 1
855 1
856 2
857 2
858 3
859 2
860 4
861 3
862 3
863 2
864 1
865 1
866 2
867 1
868 2
869 1
870 3
871 3
872 2
873 0
874 2
875 1
876 1
877 2
878 1
879 1
880 2
881 2
882 2
883 0
884 1
885 2
886 3
887 3
888 1
889 2
890 0
891 1
892 1
893 1
894 3
895 2
896 1
897 3
898 3
899 3
900 4
901 2
902 2
903 1
904 4
905 5
906 6
907 5
908 3
909 2
910 1
911 2
912 2
913 0
914 4
915 4
916 2
917 2
918 1
919 1
920 0
921 0
922 3
923 2
924 1
925 4
926 5
927 5
928 5
929 4
930 3
931 0
932 3
933 3
934 0
935 1
936 3
937 1
938 4
939 2
940 1
941 0
942 2
943 3
944 0
945 3
946 1
947 2
948 3
949 3
950 1
951 2
952 4
953 4
954 3
955 3
956 2
957 4
958 3
959 4
960 2
961 2
962 2
963 2
964 2
965 2
966 2
967 2
968 2
969 3
970 5
971 4
972 2
973 2
974 1
975 2
976 3
977 4
978 4
979 2
980 1
981 3
982 5
983 6
984 6
985 5
986 7
987 7
988 7
989 9
990 9
991 8
992 8
993 7
994 7
995 5
996 5
997 4
998 3
999 1
1000 4
1001 4
1002 3
1003 2
1004 3
1005 4
1006 6
1007 6
1008 3
1009 0
1010 2
1011 1
1012 2
1013 2
1014 2
1015 2
1016 1
1017 1
1018 2
1019 2
1020 3
1021 1
1022 1
1023 0
1024 0
1025 1
1026 1
1027 3
1028 1
1029 0
1030 2
1031 2
1032 1
1033 2
1034 2
1035 3
1036 1
1037 2
1038 3
1039 1
1040 5
1041 4
1042 3
1043 3
1044 4
1045 1
1046 0
1047 3
1048 3
1049 1
1050 1
1051 3
1052 1
1053 1
1054 0
1055 0
1056 2
1057 2
1058 4
1059 3
1060 2
1061 1
1062 0
1063 1
1064 6
1065 4
1066 3
1067 2
1068 3
1069 3
1070 1
1071 3
1072 2
1073 2
1074 0
1075 0
1076 1
1077 6
1078 6
1079 5
1080 4
1081 3
1082 3
1083 2
1084 0
1085 1
1086 1
1087 4
1088 3
1089 1
1090 2
1091 1
1092 1
1093 1
1094 2
1095 1
1096 0
1097 4
1098 4
1099 2
1100 3
1101 3
1102 2
1103 1
1104 2
1105 4
1106 4
1107 2
1108 3
1109 3
1110 2
1111 4
1112 2
1113 3
1114 2
1115 3
1116 2
1117 2
1118 2
1119 2
1120 3
1121 3
1122 2
1123 1
1124 4
1125 3
1126 3
1127 3
1128 2
1129 2
1130 5
1131 4
1132 1
1133 1
1134 1
1135 0
1136 3
1137 3
1138 0
1139 2
1140 0
1141 2
1142 0
1143 1
1144 4
1145 3
1146 4
1147 5
1148 3
1149 3
1150 2
1151 2
1152 1
1153 1
1154 1
1155 5
1156 5
1157 4
1158 1
1159 3
1160 4
1161 4
1162 3
1163 3
1164 1
1165 2
1166 1
1167 3
1168 4
1169 3
1170 2
1171 2
1172 1
1173 3
1174 0
1175 4
1176 3
1177 1
1178 0
1179 1
1180 1
1181 3
1182 4
1183 5
1184 3
1185 1
1186 4
1187 3
1188 3
1189 1
1190 1
1191 0
1192 1
1193 6
1194 6
1195 4
1196 4
1197 4
1198 5
1199 5
1200 4
1201 3
1202 1
1203 3
1204 4
1205 4
1206 3
1207 1
1208 2
1209 1
1210 4
1211 4
1212 2
1213 1
1214 0
1215 2
1216 1
1217 4
1218 3
1219 2
1220 3
1221 0
1222 4
1223 5
1224 5
1225 4
1226 2
1227 4
1228 2
1229 2
1230 1
1231 4
1232 3
1233 3
1234 3
1235 4
1236 3
1237 1
1238 2
1239 1
1240 4
1241 3
1242 0
1243 1
1244 2
1245 2
1246 2
1247 2
1248 1
1249 0
1250 0
1251 2
1252 0
1253 3
1254 2
1255 3
1256 3
1257 2
1258 2
1259 2
1260 5
1261 4
1262 5
1263 4
1264 3
1265 1
1266 1
1267 2
1268 2
1269 2
1270 3
1271 2
1272 3
1273 3
1274 2
1275 5
1276 2
1277 2
1278 2
1279 2
1280 2
1281 3
1282 1
1283 0
1284 3
1285 1
1286 3
1287 3
1288 3
1289 3
1290 2
1291 2
1292 3
1293 0
1294 4
1295 3
1296 2
1297 1
1298 3
1299 1
1300 0
1301 2
1302 1
1303 0
1304 2
1305 2
1306 0
1307 4
1308 2
1309 4
1310 2
1311 4
1312 3
1313 1
1314 3
1315 4
1316 2
1317 1
1318 1
1319 1
1320 0
1321 1
1322 2
1323 2
1324 2
1325 2
1326 1
1327 2
1328 2
1329 1
1330 1
1331 4
1332 1
1333 2
1334 3
1335 2
1336 3
1337 0
1338 2
1339 1
1340 0
1341 2
1342 2
1343 4
1344 3
1345 1
1346 0
1347 2
1348 2
1349 1
1350 2
1351 2
1352 2
1353 2
1354 1
1355 1
1356 2
1357 1
1358 1
1359 3
1360 3
1361 1
1362 0
1363 4
1364 5
1365 4
1366 4
1367 2
1368 2
1369 2
1370 3
1371 1
1372 0
1373 4
1374 5
1375 4
1376 3
1377 1
1378 1
1379 1
1380 1
1381 2
1382 2
1383 1
1384 2
1385 2
1386 1
1387 1
1388 2
1389 2
1390 2
1391 3
1392 4
1393 3
1394 1
1395 2
1396 2
1397 3
1398 0
1399 1
1400 2
1401 2
1402 1
1403 2
1404 3
1405 3
1406 2
1407 1
1408 6
1409 4
1410 2
1411 2
1412 0
1413 3
1414 3
1415 3
1416 1
1417 3
1418 2
1419 2
1420 0
1421 1
1422 2
1423 2
1424 3
1425 2
1426 3
1427 0
1428 2
1429 1
1430 1
1431 0
1432 3
1433 2
1434 2
1435 2
1436 2
1437 0
1438 3
1439 1
1440 1
1441 0
1442 2
1443 3
1444 2
1445 3
1446 2
1447 2
1448 4
1449 3
1450 2
1451 2
1452 0
1453 3
1454 3
1455 2
1456 4
1457 3
1458 1
1459 1
1460 3
1461 2
1462 1
1463 1
1464 3
1465 5
1466 5
1467 2
1468 3
1469 1
1470 1
1471 1
1472 2
1473 3
1474 2
1475 3
1476 2
1477 0
1478 2
1479 4
1480 3
1481 2
1482 2
1483 3
1484 1
1485 2
1486 1
1487 2
1488 0
1489 2
1490 2
1491 3
1492 4
1493 4
1494 4
1495 5
1496 2
1497 3
1498 2
1499 4
1500 5
1501 7
1502 6
1503 5
1504 3
1505 1
1506 1
1507 1
1508 2
1509 0
1510 0
1511 2
1512 2
1513 2
1514 2
1515 3
1516 1
1517 4
1518 1
1519 2
1520 3
1521 0
1522 3
1523 2
1524 1
1525 1
1526 1
1527 1
1528 0
1529 1
1530 3
1531 2
1532 1
1533 1
1534 3
1535 3
1536 2
1537 3
1538 4
1539 3
1540 2
1541 1
1542 2
1543 1
1544 2
1545 2
1546 1
1547 2
1548 3
1549 4
1550 5
1551 2
1552 3
1553 1
1554 0
1555 3
1556 2
1557 4
1558 1
1559 1
1560 0
1561 1
1562 3
1563 4
1564 3
1565 0
1566 3
1567 2
1568 0
1569 3
1570 1
1571 0
1572 4
1573 2
1574 1
1575 0
1576 4
1577 5
1578 4
1579 3
1580 2
1581 3
1582 2
1583 3
1584 2
1585 3
1586 6
1587 4
1588 2
1589 3
1590 2
1591 3
1592 2
1593 1
1594 1
1595 4
1596 3
1597 1
1598 2
1599 4
1600 5
1601 3
1602 2
1603 3
1604 1
1605 1
1606 1
1607 0
1608 3
1609 0
1610 1
1611 0
1612 1
1613 2
1614 2
1615 2
1616 3
1617 2
1618 1
1619 1
1620 0
1621 4
1622 5
1623 4
1624 3
1625 3
1626 1
1627 4
1628 5
1629 3
1630 4
1631 3
1632 4
1633 1
1634 3
1635 1
1636 2
1637 1
1638 1
1639 3
1640 4
1641 1
1642 2
1643 2
1644 1
1645 1
1646 0
1647 2
1648 4
1649 2
1650 2
1651 2
1652 2
1653 0
1654 0
1655 3
1656 1
1657 2
1658 4
1659 5
1660 4
1661 2
1662 4
1663 3
1664 0
1665 2
1666 2
1667 1
1668 2
1669 3
1670 1
1671 1
1672 3
1673 1
1674 3
1675 2
1676 4
1677 2
1678 3
1679 3
1680 2
1681 0
1682 1
1683 3
1684 2
1685 2
1686 1
1687 1
1688 1
1689 5
1690 5
1691 4
1692 2
1693 2
1694 3
1695 3
1696 4
1697 2
1698 5
1699 3
1700 1
1701 1
1702 1
1703 2
1704 1
1705 2
1706 1
1707 1
1708 2
1709 2
1710 2
1711 4
1712 2
1713 0
1714 1
1715 3
1716 1
1717 2
1718 2
1719 1
1720 0
1721 1
1722 3
1723 3
1724 1
1725 3
1726 1
1727 3
1728 4
1729 3
1730 2
1731 1
1732 2
1733 1
1734 2
1735 1
1736 4
1737 3
1738 2
1739 4
1740 1
1741 2
1742 2
1743 1
1744 1
1745 3
1746 1
1747 3
1748 1
1749 2
1750 2
1751 4
1752 3
1753 3
1754 0
1755 2
1756 3
1757 3
1758 3
1759 2
1760 3
1761 2
1762 2
1763 2
1764 0
1765 5
1766 4
1767 2
1768 1
1769 4
1770 4
1771 2
1772 2
1773 0
1774 3
1775 0
1776 4
1777 5
1778 4
1779 2
1780 1
1781 1
1782 1
1783 1
1784 2
1785 3
1786 3
1787 2
1788 3
1789 1
1790 1
1791 2
1792 1
1793 0
1794 2
1795 1
1796 0
1797 0
1798 1
1799 2
1800 3
1801 3
1802 0
1803 3
1804 1
1805 3
1806 3
1807 2
1808 1
1809 0
1810 2
1811 2
1812 3
1813 1
1814 0
1815 1
1816 1
1817 2
1818 1
1819 2
1820 3
1821 4
1822 5
1823 3
1824 1
1825 0
1826 3
1827 0
1828 5
1829 3
1830 3
1831 3
1832 2
1833 1
1834 2
1835 0
1836 2
1837 2
1838 5
1839 3
1840 3
1841 2
1842 0
1843 0
1844 2
1845 1
1846 1
1847 0
1848 4
1849 2
1850 3
1851 3
1852 2
1853 1
1854 1
1855 1
1856 3
1857 1
1858 2
1859 2
1860 1
1861 1
1862 3
1863 4
1864 3
1865 2
1866 2
1867 1
1868 2
1869 1
1870 1
1871 4
1872 6
1873 5
1874 6
1875 5
1876 2
1877 4
1878 2
1879 3
1880 4
1881 1
1882 3
1883 3
1884 0
1885 2
1886 3
1887 1
1888 2
1889 1
1890 3
1891 0
1892 3
1893 2
1894 6
1895 7
1896 6
1897 5
1898 4
1899 3
1900 0
1901 0
1902 3
1903 1
1904 2
1905 2
1906 2
1907 2
1908 2
1909 1
1910 1
1911 3
1912 3
1913 4
1914 4
1915 4
1916 2
1917 2
1918 3
1919 2
1920 2
1921 2
1922 4
1923 6
1924 4
1925 3
1926 2
1927 1
1928 2
1929 2
1930 3
1931 1
1932 2
1933 2
1934 2
1935 1
1936 3
1937 2
1938 2
1939 0
1940 1
1941 0
1942 1
1943 1
1944 3
1945 0
1946 1
1947 1
1948 1
1949 4
1950 1
1951 1
1952 2
1953 1
1954 2
1955 3
1956 3
1957 3
1958 4
1959 3
1960 2
1961 4
1962 2
1963 0
1964 1
1965 2
1966 0
1967 0
1968 1
1969 3
1970 2
1971 1
1972 2
1973 0
1974 2
1975 2
1976 3
1977 0
1978 1
1979 4
1980 3
1981 1
1982 0
1983 3
1984 1
1985 2
1986 1
1987 0
1988 0
1989 2
1990 1
1991 1
1992 4
1993 4
1994 1
1995 5
1996 2
1997 1
1998 2
1999 3
2000 4
2001 4
2002 2
2003 1
2004 4
2005 2
2006 2
2007 1
2008 1
2009 3
2010 2
2011 2
2012 1
2013 3
2014 3
2015 3
2016 2
2017 3
2018 3
2019 2
2020 2
2021 1
2022 3
2023 4
2024 4
2025 4
2026 4
2027 2
2028 2
2029 2
2030 3
2031 1
2032 2
2033 2
2034 0
2035 2
2036 1
2037 4
2038 3
2039 1
2040 4
2041 4
2042 1
2043 3
2044 3
2045 2
2046 3
2047 1
2048 2
2049 3
2050 1
2051 2
2052 0
2053 2
2054 0
2055 2
2056 1
2057 4
2058 2
2059 3
2060 3
2061 0
2062 2
2063 1
2064 2
2065 1
2066 1
2067 0
2068 3
2069 1
2070 4
2071 3
2072 3
2073 1
2074 2
2075 2
2076 2
2077 2
2078 1
2079 1
2080 2
2081 3
2082 4
2083 2
2084 0
2085 2
2086 3
2087 2
2088 1
2089 3
2090 3
2091 2
2092 2
2093 2
2094 2
2095 2
2096 1
2097 3
2098 1
2099 1
2100 1
2101 2
2102 2
2103 2
2104 2
2105 1
2106 2
2107 0
2108 0
2109 3
2110 4
2111 4
2112 2
2113 1
2114 3
2115 0
2116 1
2117 1
2118 0
2119 2
2120 2
2121 1
2122 2
2123 2
2124 0
2125 2
2126 1
2127 4
2128 3
2129 3
2130 2
2131 3
2132 3
2133 2
2134 2
2135 2
2136 2
2137 2
2138 3
2139 0
2140 3
2141 3
2142 3
2143 1
2144 1
2145 1
2146 2
2147 1
2148 2
2149 1
2150 1
2151 3
2152 2
2153 5
2154 3
2155 2
2156 1
2157 4
2158 4
2159 3
2160 2
2161 1
2162 1
2163 1
2164 2
2165 5
2166 4
2167 4
2168 4
2169 3
2170 3
2171 3
2172 2
2173 4
2174 3
2175 2
2176 1
2177 2
2178 2
2179 0
2180 2
2181 3
2182 2
2183 1
2184 1
2185 3
2186 2
2187 2
2188 2
2189 1
2190 1
2191 2
2192 2
2193 3
2194 3
2195 2
2196 1
2197 2
2198 2
2199 4
2200 4
2201 3
2202 2
2203 3
2204 4
2205 5
2206 3
2207 1
2208 3
2209 2
2210 2
2211 4
2212 3
2213 2
2214 1
2215 1
2216 0
2217 2
2218 1
2219 3
2220 2
2221 3
2222 2
2223 3
2224 2
2225 3
2226 1
2227 5
2228 3
2229 0
2230 4
2231 4
2232 3
2233 4
2234 3
2235 4
2236 3
2237 1
2238 2
2239 1
2240 0
2241 4
2242 4
2243 3
2244 2
2245 4
2246 2
2247 0
2248 1
2249 1
2250 1
2251 1
2252 1
2253 1
2254 3
2255 4
2256 3
2257 2
2258 1
2259 2
2260 1
2261 1
2262 1
2263 2
2264 3
2265 1
2266 0
2267 1
2268 3
2269 3
2270 0
2271 4
2272 3
2273 2
2274 2
2275 3
2276 3
2277 3
2278 3
2279 4
2280 1
2281 4
2282 4
2283 3
2284 1
2285 0
2286 4
2287 1
2288 2
2289 2
2290 1
2291 2
2292 0
2293 2
2294 1
2295 2
2296 1
2297 4
2298 6
2299 5
2300 4
2301 3
2302 3
2303 4
2304 3
2305 3
2306 3
2307 1
2308 2
2309 2
2310 1
2311 1
2312 3
2313 2
2314 4
2315 4
2316 2
2317 5
2318 3
2319 1
2320 0
2321 1
2322 2
2323 2
2324 1
2325 1
2326 2
2327 2
2328 1
2329 1
2330 3
2331 2
2332 4
2333 2
2334 1
2335 0
2336 4
2337 2
2338 0
2339 1
2340 2
2341 3
2342 3
2343 1
2344 1
2345 1
2346 2
2347 2
2348 4
2349 2
2350 2
2351 2
2352 4
2353 3
2354 1
2355 1
2356 1
2357 4
2358 3
2359 4
2360 2
2361 2
2362 1
2363 1
2364 0
2365 1
2366 2
2367 1
2368 1
2369 2
2370 2
2371 3
2372 1
2373 2
2374 2
2375 4
2376 3
2377 4
2378 4
2379 3
2380 1
2381 5
2382 4
2383 3
2384 3
2385 2
2386 2
2387 2
2388 1
2389 2
2390 2
2391 2
2392 3
2393 2
2394 2
2395 1
2396 1
2397 1
2398 2
2399 1
2400 4
2401 3
2402 2
2403 3
2404 1
2405 3
2406 2
2407 0
2408 2
2409 1
2410 2
2411 3
2412 1
2413 3
2414 3
2415 1
2416 2
2417 2
2418 2
2419 2
2420 2
2421 1
2422 3
2423 3
2424 1
2425 1
2426 4
2427 3
2428 0
2429 2
2430 1
2431 2
2432 0
2433 2
2434 4
2435 2
2436 2
2437 0
2438 3
2439 2
2440 1
2441 5
2442 4
2443 3
2444 5
2445 3
2446 1
2447 0
2448 3
2449 2
2450 0
2451 1
2452 3
2453 2
2454 1
2455 3
2456 2
2457 4
2458 3
2459 3
2460 4
2461 3
2462 4
2463 2
2464 3
2465 1
2466 3
2467 4
2468 2
2469 3
2470 2
2471 0
2472 5
2473 4
2474 2
2475 2
2476 4
2477 4
2478 4
2479 5
2480 4
2481 2
2482 0
2483 1
2484 2
2485 3
2486 4
2487 4
2488 2
2489 0
2490 1
2491 3
2492 3
2493 2
2494 2
2495 1
2496 4
2497 5
2498 5
2499 5
2500 5
2501 4
2502 2
2503 4
2504 1
2505 2
2506 2
2507 2
2508 2
2509 0
2510 1
2511 3
2512 1
2513 4
2514 4
2515 2
2516 3
2517 1
2518 2
2519 2
2520 2
2521 2
2522 2
2523 2
2524 3
2525 3
2526 1
2527 3
2528 0
2529 2
2530 2
2531 1
2532 2
2533 3
2534 3
2535 1
2536 3
2537 3
2538 3
2539 2
2540 3
2541 4
2542 2
2543 1
2544 4
2545 2
2546 2
2547 3
2548 1
2549 2
2550 2
2551 1
2552 5
2553 2
2554 2
2555 1
2556 0
2557 3
2558 3
2559 3
2560 2
2561 1
2562 2
2563 1
2564 1
2565 4
2566 4
2567 4
2568 2
2569 1
2570 2
2571 1
2572 2
2573 2
2574 1
2575 2
2576 3
2577 2
2578 3
2579 3
2580 0
2581 1
2582 1
2583 1
2584 3
2585 3
2586 1
2587 4
2588 4
2589 2
2590 2
2591 4
2592 5
2593 4
2594 1
2595 2
2596 1
2597 2
2598 1
2599 3
2600 2
2601 2
2602 1
2603 2
2604 4
2605 3
2606 1
2607 3
2608 0
2609 2
2610 3
2611 2
2612 1
2613 3
2614 2
2615 3
2616 3
2617 3
2618 3
2619 2
2620 2
2621 1
2622 3
2623 2
2624 2
2625 3
2626 3
2627 2
2628 2
2629 1
2630 2
2631 3
2632 0
2633 3
2634 1
2635 1
2636 2
2637 2
2638 3
2639 2
2640 2
2641 2
2642 2
2643 1
2644 2
2645 1
2646 3
2647 2
2648 1
2649 2
2650 3
2651 2
2652 3
2653 2
2654 4
2655 4
2656 1
2657 2
2658 3
2659 3
2660 2
2661 1
2662 1
2663 1
2664 0
2665 3
2666 3
2667 3
2668 1
2669 4
2670 4
2671 5
2672 4
2673 3
2674 3
2675 2
2676 2
2677 1
2678 2
2679 3
2680 3
2681 1
2682 0
2683 0
2684 0
2685 2
2686 1
2687 3
2688 2
2689 2
2690 1
2691 1
2692 1
2693 2
2694 5
2695 5
2696 6
2697 7
2698 5
2699 5
2700 2
2701 4
2702 4
2703 3
2704 1
2705 1
2706 4
2707 2
2708 3
2709 3
2710 2
2711 2
2712 3
2713 0
2714 4
2715 5
2716 3
2717 1
2718 3
2719 3
2720 2
2721 2
2722 1
2723 2
2724 2
2725 4
2726 2
2727 4
2728 2
2729 0
2730 3
2731 5
2732 5
2733 5
2734 4
2735 3
2736 1
2737 2
2738 3
2739 1
2740 2
2741 3
2742 3
2743 1
2744 0
2745 3
2746 2
2747 5
2748 2
2749 3
2750 2
2751 1
2752 3
2753 3
2754 4
2755 5
2756 5
2757 6
2758 5
2759 5
2760 6
2761 6
2762 5
2763 4
2764 3
2765 3
2766 1
2767 1
2768 2
2769 5
2770 3
2771 2
2772 2
2773 4
2774 3
2775 2
2776 4
2777 3
2778 3
2779 2
2780 4
2781 4
2782 3
2783 3
2784 2
2785 3
2786 1
2787 0
2788 2
2789 1
2790 4
2791 4
2792 5
2793 4
2794 4
2795 2
2796 0
2797 2
2798 0
2799 2
2800 2
2801 2
2802 3
2803 2
2804 1
2805 3
2806 2
2807 1
2808 1
2809 2
2810 3
2811 5
2812 5
2813 4
2814 4
2815 4
2816 3
2817 4
2818 5
2819 3
2820 2
2821 1
2822 3
2823 4
2824 5
2825 4
2826 3
2827 3
2828 0
2829 2
2830 1
2831 3
2832 3
2833 2
2834 4
2835 4
2836 5
2837 4
2838 3
2839 2
2840 2
2841 3
2842 3
2843 3
2844 2
2845 3
2846 1
2847 1
2848 0
2849 1
2850 2
2851 1
2852 1
2853 3
2854 2
2855 3
2856 3
2857 2
2858 5
2859 4
2860 3
2861 1
2862 1
2863 1
2864 1
2865 2
2866 1
2867 2
2868 1
2869 2
2870 1
2871 2
2872 0
2873 2
2874 5
2875 4
2876 3
2877 1
2878 4
2879 3
2880 1
2881 5
2882 5
2883 6
2884 8
2885 7
2886 8
2887 7
2888 4
2889 1
2890 1
2891 1
2892 1
2893 2
2894 2
2895 1
2896 6
2897 5
2898 5
2899 4
2900 3
2901 0
2902 3
2903 2
2904 3
2905 0
2906 1
2907 4
2908 2
2909 2
2910 4
2911 6
2912 5
2913 3
2914 2
2915 2
2916 1
2917 2
2918 2
2919 2
2920 1
2921 1
2922 2
2923 2
2924 0
2925 1
2926 2
2927 3
2928 4
2929 3
2930 1
2931 2
2932 0
2933 2
2934 2
2935 0
2936 2
2937 1
2938 4
2939 1
2940 4
2941 3
2942 1
2943 0
2944 2
2945 2
2946 2
2947 2
2948 0
2949 1
2950 3
2951 1
2952 1
2953 1
2954 1
2955 2
2956 0
2957 1
2958 0
2959 0
2960 2
2961 3
2962 1
2963 0
2964 2
2965 5
2966 2
2967 2
2968 0
2969 1
2970 2
2971 1
2972 2
2973 3
2974 3
2975 1
2976 2
2977 1
2978 5
2979 4
2980 3
2981 2
2982 1
2983 0
2984 2
2985 3
2986 1
2987 3
2988 3
2989 3
2990 2
2991 3
2992 1
2993 3
2994 2
2995 2
2996 1
2997 2
2998 3
2999 0
3000 3
3001 5
3002 5
3003 5
3004 4
3005 4
3006 3
3007 4
3008 3
3009 2
3010 2
3011 1
3012 3
3013 2
3014 3
3015 3
3016 1
3017 0
3018 3
3019 1
3020 1
3021 2
3022 1
3023 4
3024 4
3025 2
3026 1
3027 4
3028 3
3029 1
3030 3
3031 1
3032 2
3033 3
3034 2
3035 4
3036 4
3037 3
3038 2
3039 1
3040 1
3041 2
3042 0
3043 2
3044 0
3045 3
3046 5
3047 5
3048 2
3049 4
3050 5
3051 6
3052 5
3053 3
3054 2
3055 3
3056 3
3057 1
3058 2
3059 3
3060 3
3061 2
3062 1
3063 0
3064 1
3065 2
3066 4
3067 3
3068 2
3069 2
3070 3
3071 2
3072 3
3073 2
3074 1
3075 2
3076 1
3077 0
3078 0
3079 2
3080 3
3081 2
3082 1
3083 1
3084 2
3085 5
3086 3
3087 3
3088 2
3089 3
3090 0
3091 1
3092 0
3093 2
3094 2
3095 2
3096 1
3097 2
3098 2
3099 1
3100 3
3101 2
3102 2
3103 3
3104 2
3105 4
3106 3
3107 4
3108 3
3109 2
3110 2
3111 4
3112 1
3113 3
3114 2
3115 1
3116 1
3117 2
3118 2
3119 3
3120 2
3121 1
3122 3
3123 2
3124 3
3125 2
3126 1
3127 2
3128 5
3129 7
3130 7
3131 6
3132 6
3133 5
3134 6
3135 4
3136 3
3137 0
3138 3
3139 3
3140 3
3141 1
3142 2
3143 4
3144 3
3145 1
3146 4
3147 3
3148 0
3149 0
3150 3
3151 2
3152 2
3153 1
3154 3
3155 2
3156 0
3157 1
3158 2
3159 3
3160 5
3161 5
3162 4
3163 3
3164 1
3165 0
3166 0
3167 4
3168 4
3169 4
3170 3
3171 3
3172 1
3173 2
3174 2
3175 3
3176 3
3177 1
3178 2
3179 2
3180 2
3181 3
3182 4
3183 2
3184 1
3185 2
3186 1
3187 4
3188 3
3189 3
3190 2
3191 0
3192 2
3193 2
3194 5
3195 3
3196 3
3197 2
3198 0
3199 1
3200 1
3201 2
3202 2
3203 2
3204 2
3205 2
3206 4
3207 2
3208 4
3209 2
3210 2
3211 4
3212 3
3213 2
3214 2
3215 3
3216 3
3217 2
3218 1
3219 1
3220 2
3221 4
3222 2
3223 2
3224 3
3225 1
3226 2
3227 5
3228 5
3229 5
3230 5
3231 3
3232 3
3233 2
3234 3
3235 2
3236 5
3237 3
3238 1
3239 3
3240 0
3241 1
3242 2
3243 1
3244 2
3245 2
3246 2
3247 1
3248 0
3249 1
3250 1
3251 1
3252 2
3253 0
3254 2
3255 3
3256 2
3257 2
3258 3
3259 2
3260 0
3261 0
3262 3
3263 0
3264 1
3265 3
3266 1
3267 1
3268 1
3269 2
3270 2
3271 4
3272 1
3273 1
3274 3
3275 2
3276 1
3277 1
3278 0
3279 1
3280 0
3281 3
3282 4
3283 2
3284 0
3285 1
3286 1
3287 1
3288 4
3289 3
3290 2
3291 4
3292 5
3293 4
3294 5
3295 4
3296 2
3297 3
3298 1
3299 2
3300 1
3301 5
3302 3
3303 3
3304 3
3305 3
3306 4
3307 3
3308 3
3309 2
3310 3
3311 2
3312 4
3313 4
3314 2
3315 1
3316 1
3317 1
3318 4
3319 4
3320 2
3321 1
3322 2
3323 2
3324 3
3325 2
3326 2
3327 1
3328 1
3329 0
3330 0
3331 3
3332 1
3333 2
3334 1
3335 1
3336 1
3337 0
3338 2
3339 3
3340 2
3341 0
3342 1
3343 1
3344 1
3345 3
3346 3
3347 1
3348 1
3349 1
3350 1
3351 1
3352 0
3353 2
3354 2
3355 3
3356 1
3357 3
3358 2
3359 2
3360 1
3361 2
3362 0
3363 3
3364 1
3365 1
3366 0
3367 2
3368 4
3369 2
3370 2
3371 1
3372 3
3373 1
3374 3
3375 1
3376 2
3377 4
3378 1
3379 2
3380 1
3381 4
3382 3
3383 3
3384 1
3385 1
3386 1
3387 1
3388 3
3389 2
3390 2
3391 3
3392 2
3393 1
3394 4
3395 3
3396 0
3397 2
3398 1
3399 1
3400 5
3401 4
3402 2
3403 2
3404 1
3405 2
3406 4
3407 3
3408 2
3409 2
3410 1
3411 1
3412 2
3413 1
3414 1
3415 1
3416 2
3417 4
3418 3
3419 2
3420 2
3421 1
3422 3
3423 2
3424 2
3425 2
3426 2
3427 3
3428 1
3429 1
3430 2
3431 0
3432 1
3433 2
3434 2
3435 0
3436 1
3437 1
3438 0
3439 4
3440 2
3441 0
3442 1
3443 3
3444 3
3445 0
3446 1
3447 1
3448 2
3449 2
3450 1
3451 2
3452 5
3453 4
3454 2
3455 1
3456 1
3457 2
3458 1
3459 0
3460 4
3461 2
3462 1
3463 1
3464 3
3465 1
3466 2
3467 0
3468 1
3469 4
3470 5
3471 7
3472 7
3473 5
3474 5
3475 3
3476 2
3477 1
3478 3
3479 1
3480 5
3481 3
3482 2
3483 2
3484 3
3485 4
3486 2
3487 3
3488 3
3489 2
3490 3
3491 3
3492 1
3493 1
3494 0
3495 1
3496 4
3497 2
3498 2
3499 2
3500 2
3501 1
3502 3
3503 1
3504 4
3505 4
3506 3
3507 3
3508 2
3509 4
3510 1
3511 1
3512 3
3513 4
3514 3
3515 3
3516 3
3517 0
3518 2
3519 3
3520 2
3521 3
3522 2
3523 1
3524 0
3525 4
3526 2
3527 3
3528 2
3529 1
3530 0
3531 3
3532 2
3533 2
3534 1
3535 2
3536 2
3537 6
3538 5
3539 5
3540 3
3541 2
3542 2
3543 2
3544 2
3545 1
3546 0
3547 2
3548 1
3549 3
3550 2
3551 3
3552 2
3553 4
3554 1
3555 3
3556 1
3557 3
3558 2
3559 4
3560 3
3561 4
3562 2
3563 1
3564 4
3565 5
3566 4
3567 3
3568 1
3569 1
3570 2
3571 1
3572 2
3573 3
3574 1
3575 3
3576 2
3577 1
3578 1
3579 1
3580 2
3581 3
3582 1
3583 3
3584 2
3585 5
3586 4
3587 2
3588 2
3589 1
3590 3
3591 1
3592 2
3593 3
3594 3
3595 5
3596 3
3597 1
3598 2
3599 2
3600 2
3601 1
3602 0
3603 3
3604 3
3605 4
3606 2
3607 2
3608 4
3609 5
3610 4
3611 4
3612 4
3613 2
3614 0
3615 2
3616 3
3617 1
3618 3
3619 1
3620 1
3621 4
3622 6
3623 6
3624 7
3625 8
3626 6
3627 6
3628 6
3629 6
3630 4
3631 4
3632 2
3633 3
3634 2
3635 1
3636 2
3637 3
3638 2
3639 1
3640 2
3641 2
3642 2
3643 1
3644 0
3645 0
3646 0
3647 3
3648 1
3649 1
3650 2
3651 2
3652 2
3653 0
3654 2
3655 3
3656 3
3657 3
3658 0
3659 2
3660 4
3661 3
3662 2
3663 3
3664 1
3665 5
3666 4
3667 3
3668 2
3669 1
3670 3
3671 2
3672 3
3673 2
3674 1
3675 3
3676 1
3677 6
3678 4
3679 2
3680 3
3681 1
3682 0
3683 2
3684 2
3685 3
3686 3
3687 3
3688 2
3689 2
3690 3
3691 3
3692 1
3693 0
3694 3
3695 0
3696 2
3697 1
3698 2
3699 3
3700 1
3701 2
3702 0
3703 3
3704 2
3705 5
3706 4
3707 4
3708 4
3709 2
3710 2
3711 0
3712 0
3713 2
3714 4
3715 1
3716 1
3717 2
3718 2
3719 2
3720 3
3721 2
3722 1
3723 2
3724 3
3725 1
3726 0
3727 2
3728 4
3729 2
3730 2
3731 0
3732 2
3733 2
3734 4
3735 4
3736 4
3737 2
3738 1
3739 2
3740 3
3741 0
3742 1
3743 3
3744 2
3745 1
3746 1
3747 2
3748 5
3749 5
3750 5
3751 4
3752 3
3753 2
3754 0
3755 1
3756 4
3757 2
3758 1
3759 0
3760 1
3761 2
3762 2
3763 1
3764 2
3765 3
3766 5
3767 5
3768 4
3769 3
3770 3
3771 1
3772 3
3773 5
3774 3
3775 2
3776 2
3777 3
3778 2
3779 1
3780 4
3781 5
3782 5
3783 4
3784 5
3785 4
3786 4
3787 2
3788 1
3789 2
3790 2
3791 1
3792 1
3793 1
3794 2
3795 1
3796 2
3797 0
3798 1
3799 4
3800 3
3801 2
3802 1
3803 3
3804 3
3805 2
3806 1
3807 3
3808 1
3809 2
3810 2
3811 3
3812 2
3813 4
3814 2
3815 0
3816 3
3817 1
3818 3
3819 0
3820 3
3821 2
3822 1
3823 3
3824 1
3825 0
3826 2
3827 3
3828 2
3829 0
3830 0
3831 1
3832 1
3833 1
3834 1
3835 0
3836 2
3837 1
3838 4
3839 2
3840 2
3841 2
3842 0
3843 2
3844 1
3845 1
3846 0
3847 0
3848 3
3849 0
3850 3
3851 4
3852 2
3853 4
3854 1
3855 4
3856 2
3857 2
3858 1
3859 2
3860 0
3861 1
3862 1
3863 4
3864 3
3865 4
3866 3
3867 2
3868 1
3869 3
3870 3
3871 1
3872 2
3873 3
3874 1
3875 3
3876 3
3877 2
3878 2
3879 2
3880 4
3881 3
3882 2
3883 1
3884 0
3885 4
3886 5
3887 4
3888 3
3889 2
3890 3
3891 3
3892 3
3893 2
3894 3
3895 2
3896 2
3897 3
3898 2
3899 3
3900 2
3901 2
3902 0
3903 1
3904 2
3905 5
3906 3
3907 2
3908 1
3909 0
3910 3
3911 2
3912 2
3913 1
3914 3
3915 1
3916 3
3917 1
3918 0
3919 1
3920 0
3921 3
3922 4
3923 3
3924 3
3925 1
3926 1
3927 1
3928 1
3929 3
3930 3
3931 3
3932 0
3933 5
3934 5
3935 4
3936 4
3937 3
3938 3
3939 2
3940 2
3941 2
3942 1
3943 2
3944 3
3945 2
3946 2
3947 3
3948 2
3949 3
3950 3
3951 2
3952 3
3953 1
3954 2
3955 4
3956 5
3957 3
3958 1
3959 4
3960 1
3961 1
3962 2
3963 2
3964 0
3965 2
3966 2
3967 3
3968 3
3969 2
3970 1
3971 4
3972 2
3973 2
3974 0
3975 1
3976 2
3977 3
3978 2
3979 2
3980 1
3981 2
3982 2
3983 1
3984 1
3985 2
3986 2
3987 2
3988 3
3989 0
3990 2
3991 3
3992 2
3993 0
3994 3
3995 0
3996 2
3997 2
3998 3
3999 3
4000 2
4001 1
4002 1
4003 0
4004 2
4005 2
4006 6
4007 5
4008 7
4009 5
4010 4
4011 3
4012 4
4013 4
4014 2
4015 2
4016 2
4017 1
4018 3
4019 4
4020 4
4021 3
4022 2
4023 3
4024 1
4025 1
4026 4
4027 4
4028 4
4029 2
4030 0
4031 4
4032 3
4033 2
4034 2
4035 2
4036 1
4037 0
4038 3
4039 0
4040 2
4041 3
4042 2
4043 0
4044 3
4045 3
4046 1
4047 1
4048 2
4049 2
4050 5
4051 3
4052 0
4053 2
4054 3
4055 1
4056 3
4057 1
4058 2
4059 0
4060 2
4061 2
4062 1
4063 2
4064 2
4065 1
4066 2
4067 1
4068 1
4069 3
4070 2
4071 3
4072 1
4073 2
4074 1
4075 2
4076 0
4077 1
4078 3
4079 2
4080 2
4081 2
4082 1
4083 1
4084 2
4085 5
4086 5
4087 6
4088 5
4089 5
4090 3
4091 0
4092 3
4093 1
4094 1
4095 3
4096 2
4097 3
4098 2
4099 1
4100 2
4101 2
4102 1
4103 0
4104 3
4105 0
4106 4
4107 2
4108 3
4109 2
4110 3
4111 3
4112 2
4113 1
4114 4
4115 2
4116 2
4117 3
4118 3
4119 2
4120 3
4121 1
4122 1
4123 3
4124 1
4125 2
4126 1
4127 3
4128 2
4129 2
4130 3
4131 2
4132 1
4133 0
4134 2
4135 1
4136 1
4137 1
4138 5
4139 6
4140 5
4141 5
4142 3
4143 2
4144 2
4145 0
4146 0
4147 2
4148 3
4149 2
4150 1
4151 2
4152 2
4153 1
4154 0
4155 1
4156 2
4157 5
4158 7
4159 6
4160 7
4161 7
4162 5
4163 5
4164 3
4165 0
4166 1
4167 4
4168 2
4169 2
4170 3
4171 3
4172 3
4173 1
4174 1
4175 1
4176 2
4177 4
4178 2
4179 1
4180 1
4181 3
4182 1
4183 2
4184 6
4185 5
4186 4
4187 1
4188 2
4189 3
4190 3
4191 4
4192 1
4193 2
4194 1
4195 2
4196 0
4197 2
4198 0
4199 1
4200 4
4201 4
4202 4
4203 3
4204 4
4205 3
4206 3
4207 2
4208 2
4209 1
4210 2
4211 3
4212 2
4213 1
4214 2
4215 3
4216 1
4217 2
4218 0
4219 2
4220 2
4221 2
4222 2
4223 4
4224 2
4225 1
4226 2
4227 2
4228 1
4229 2
4230 2
4231 2
4232 3
4233 2
4234 2
4235 4
4236 2
4237 0
4238 1
4239 2
4240 1
4241 2
4242 1
4243 3
4244 3
4245 1
4246 2
4247 1
4248 1
4249 0
4250 2
4251 2
4252 2
4253 1
4254 1
4255 1
4256 1
4257 1
4258 4
4259 3
4260 4
4261 3
4262 1
4263 1
4264 2
4265 2
4266 3
4267 1
4268 2
4269 2
4270 5
4271 4
4272 2
4273 1
4274 0
4275 3
4276 2
4277 0
4278 3
4279 2
4280 1
4281 3
4282 2
4283 3
4284 1
4285 0
4286 3
4287 3
4288 2
4289 3
4290 4
4291 4
4292 3
4293 4
4294 4
4295 2
4296 2
4297 2
4298 1
4299 1
4300 4
4301 4
4302 4
4303 3
4304 3
4305 2
4306 3
4307 0
4308 1
4309 2
4310 1
4311 3
4312 3
4313 1
4314 2
4315 1
4316 4
4317 3
4318 1
4319 2
4320 2
4321 4
4322 4
4323 1
4324 1
4325 4
4326 2
4327 1
4328 0
4329 1
4330 0
4331 0
4332 0
4333 3
4334 1
4335 0
4336 1
4337 1
4338 3
4339 4
4340 4
4341 2
4342 1
4343 0
4344 1
4345 1
4346 3
4347 3
4348 2
4349 1
4350 2
4351 3
4352 4
4353 3
4354 2
4355 1
4356 2
4357 0
4358 3
4359 3
4360 3
4361 3
4362 3
4363 3
4364 2
4365 1
4366 0
4367 1
4368 2
4369 3
4370 1
4371 3
4372 2
4373 3
4374 4
4375 2
4376 1
4377 2
4378 3
4379 2
4380 2
4381 1
4382 1
4383 2
4384 3
4385 2
4386 2
4387 2
4388 1
4389 0
4390 1
4391 1
4392 2
4393 1
4394 1
4395 1
4396 2
4397 2
4398 2
4399 1
4400 3
4401 2
4402 0
4403 3
4404 5
4405 7
4406 6
4407 4
4408 4
4409 5
4410 5
4411 4
4412 5
4413 8
4414 10
4415 8
4416 5
4417 5
4418 3
4419 3
4420 4
4421 3
4422 3
4423 2
4424 2
4425 2
4426 3
4427 0
4428 4
4429 2
4430 2
4431 1
4432 2
4433 6
4434 4
4435 2
4436 2
4437 1
4438 4
4439 3
4440 1
4441 2
4442 3
4443 4
4444 3
4445 0
4446 2
4447 0
4448 2
4449 2
4450 0
4451 2
4452 1
4453 0
4454 2
4455 1
4456 1
4457 1
4458 1
4459 2
4460 0
4461 4
4462 4
4463 2
4464 1
4465 3
4466 2
4467 5
4468 3
4469 3
4470 4
4471 2
4472 2
4473 0
4474 1
4475 2
4476 0
4477 2
4478 3
4479 3
4480 0
4481 1
4482 2
4483 2
4484 0
4485 1
4486 1
4487 2
4488 3
4489 3
4490 2
4491 1
4492 3
4493 0
4494 3
4495 0
4496 2
4497 3
4498 2
4499 2
4500 3
4501 0
4502 2
4503 2
4504 1
4505 5
4506 5
4507 4
4508 3
4509 4
4510 3
4511 3
4512 1
4513 0
4514 1
4515 1
4516 1
4517 4
4518 3
4519 0
4520 1
4521 3
4522 1
4523 2
4524 3
4525 1
4526 2
4527 1
4528 0
4529 3
4530 2
4531 4
4532 1
4533 1
4534 2
4535 4
4536 4
4537 3
4538 2
4539 3
4540 1
4541 4
4542 3
4543 2
4544 0
4545 4
4546 2
4547 1
4548 4
4549 3
4550 3
4551 3
4552 4
4553 3
4554 2
4555 3
4556 1
4557 2
4558 1
4559 0
4560 3
4561 0
4562 2
4563 2
4564 1
4565 2
4566 2
4567 0
4568 2
4569 1
4570 0
4571 0
4572 2
4573 2
4574 1
4575 3
4576 1
4577 2
4578 4
4579 3
4580 1
4581 2
4582 2
4583 0
4584 2
4585 2
4586 4
4587 4
4588 1
4589 0
4590 2
4591 1
4592 2
4593 3
4594 4
4595 5
4596 2
4597 0
4598 2
4599 1
4600 2
4601 2
4602 2
4603 0
4604 0
4605 2
4606 2
4607 2
4608 2
4609 2
4610 2
4611 1
4612 2
4613 3
4614 1
4615 2
4616 4
4617 5
4618 2
4619 1
4620 2
4621 2
4622 0
4623 4
4624 2
4625 1
4626 2
4627 4
4628 2
4629 2
4630 1
4631 4
4632 3
4633 4
4634 5
4635 4
4636 2
4637 1
4638 2
4639 3
4640 1
4641 2
4642 1
4643 2
4644 3
4645 2
4646 1
4647 1
4648 1
4649 4
4650 4
4651 5
4652 2
4653 1
4654 1
4655 1
4656 3
4657 3
4658 3
4659 2
4660 1
4661 2
4662 3
4663 2
4664 2
4665 1
4666 0
4667 1
4668 1
4669 1
4670 3
4671 2
4672 2
4673 2
4674 2
4675 1
4676 3
4677 1
4678 2
4679 2
4680 1
4681 1
4682 1
4683 1
4684 4
4685 2
4686 2
4687 2
4688 1
4689 0
4690 0
4691 0
4692 1
4693 0
4694 1
4695 2
4696 2
4697 2
4698 2
4699 5
4700 4
4701 2
4702 2
4703 3
4704 1
4705 2
4706 2
4707 1
4708 3
4709 2
4710 3
4711 0
4712 2
4713 0
4714 2
4715 1
4716 1
4717 2
4718 3
4719 3
4720 1
4721 2
4722 3
4723 0
4724 1
4725 2
4726 4
4727 3
4728 0
4729 3
4730 4
4731 3
4732 2
4733 3
4734 2
4735 1
4736 1
4737 0
4738 5
4739 4
4740 4
4741 3
4742 2
4743 5
4744 4
4745 2
4746 3
4747 1
4748 3
4749 1
4750 3
4751 1
4752 0
4753 0
4754 3
4755 2
4756 3
4757 2
4758 1
4759 1
4760 0
4761 2
4762 0
4763 3
4764 4
4765 3
4766 3
4767 2
4768 1
4769 4
4770 3
4771 2
4772 2
4773 0
4774 2
4775 2
4776 4
4777 4
4778 2
4779 3
4780 4
4781 3
4782 3
4783 0
4784 2
4785 0
4786 3
4787 1
4788 2
4789 4
4790 2
4791 1
4792 1
4793 2
4794 3
4795 2
4796 2
4797 3
4798 3
4799 4
4800 6
4801 7
4802 4
4803 4
4804 4
4805 4
4806 6
4807 4
4808 2
4809 1
4810 3
4811 3
4812 2
4813 0
4814 1
4815 3
4816 3
4817 3
4818 2
4819 1
4820 3
4821 2
4822 5
4823 3
4824 2
4825 3
4826 1
4827 1
4828 1
4829 3
4830 1
4831 2
4832 1
4833 0
4834 2
4835 3
4836 1
4837 0
4838 2
4839 2
4840 6
4841 6
4842 5
4843 4
4844 4
4845 3
4846 4
4847 4
4848 3
4849 6
4850 5
4851 4
4852 2
4853 1
4854 2
4855 1
4856 0
4857 1
4858 2
4859 2
4860 1
4861 1
4862 3
4863 2
4864 3
4865 2
4866 1
4867 4
4868 3
4869 2
4870 2
4871 3
4872 1
4873 2
4874 3
4875 3
4876 3
4877 1
4878 3
4879 1
4880 4
4881 2
4882 4
4883 4
4884 7
4885 6
4886 6
4887 6
4888 7
4889 7
4890 6
4891 5
4892 4
4893 5
4894 3
4895 0
4896 1
4897 0
4898 1
4899 2
4900 0
4901 1
4902 2
4903 2
4904 3
4905 3
4906 2
4907 3
4908 1
4909 1
4910 1
4911 2
4912 2
4913 1
4914 2
4915 2
4916 1
4917 2
4918 1
4919 2
4920 0
4921 3
4922 1
4923 1
4924 1
4925 2
4926 1
4927 1
4928 1
4929 3
4930 1
4931 1
4932 0
4933 3
4934 0
4935 0
4936 4
4937 4
4938 4
4939 2
4940 1
4941 0
4942 2
4943 1
4944 2
4945 2
4946 2
4947 2
4948 2
4949 0
4950 0
4951 2
4952 3
4953 2
4954 2
4955 1
4956 3
4957 4
4958 5
4959 3
4960 0
4961 1
4962 1
4963 1
4964 2
4965 1
4966 2
4967 1
4968 1
4969 4
4970 4
4971 3
4972 2
4973 2
4974 1
4975 2
4976 2
4977 3
4978 3
4979 2
4980 2
4981 4
4982 6
4983 3
4984 4
4985 5
4986 5
4987 4
4988 1
4989 4
4990 3
4991 3
4992 2
4993 4
4994 3
4995 2
4996 5
4997 4
4998 4
4999 3
5000 2
5001 4
5002 3
5003 1
5004 2
5005 3
5006 2
5007 5
5008 5
5009 4
5010 2
5011 2
5012 4
5013 4
5014 3
5015 2
5016 1
5017 3
5018 5
5019 5
5020 5
5021 7
5022 6
5023 5
5024 3
5025 4
5026 1
5027 3
5028 2
5029 2
5030 2
5031 1
5032 4
5033 3
5034 1
5035 4
5036 2
5037 2
5038 4
5039 1
5040 2
5041 1
5042 2
5043 2
5044 3
5045 2
5046 2
5047 5
5048 5
5049 4
5050 1
5051 3
5052 1
5053 0
5054 4
5055 2
5056 3
5057 2
5058 2
5059 4
5060 2
5061 4
5062 2
5063 2
5064 0
5065 1
5066 2
5067 2
5068 4
5069 3
5070 0
5071 1
5072 3
5073 2
5074 2
5075 3
5076 3
5077 2
5078 1
5079 1
5080 3
5081 2
5082 3
5083 3
5084 0
5085 2
5086 2
5087 2
5088 2
5089 2
5090 3
5091 0
5092 4
5093 1
5094 2
5095 2
5096 2
5097 1
5098 2
5099 1
5100 1
5101 2
5102 1
5103 2
5104 2
5105 1
5106 2
5107 2
5108 2
5109 1
5110 1
5111 2
5112 3
5113 1
5114 0
5115 3
5116 3
5117 3
5118 2
5119 2
5120 1
5121 1
5122 2
5123 4
5124 3
5125 3
5126 2
5127 2
5128 2
5129 1
5130 3
5131 2
5132 1
5133 2
5134 6
5135 6
5136 6
5137 5
5138 4
5139 2
5140 1
5141 1
5142 3
5143 2
5144 1
5145 0
5146 4
5147 2
5148 1
5149 4
5150 2
5151 3
5152 1
5153 1
5154 1
5155 2
5156 0
5157 1
5158 2
5159 3
5160 3
5161 1
5162 0
5163 1
5164 1
5165 5
5166 5
5167 3
5168 2
5169 0
5170 5
5171 5
5172 4
5173 2
5174 3
5175 1
5176 1
5177 3
5178 5
5179 5
5180 4
5181 3
5182 1
5183 1
5184 3
5185 1
5186 1
5187 0
5188 2
5189 2
5190 2
5191 1
5192 2
5193 2
5194 4
5195 5
5196 3
5197 3
5198 2
5199 0
5200 1
5201 5
5202 4
5203 3
5204 2
5205 2
5206 6
5207 5
5208 2
5209 3
5210 2
5211 2
5212 2
5213 1
5214 2
5215 3
5216 3
5217 1
5218 2
5219 1
5220 3
5221 1
5222 2
5223 3
5224 2
5225 2
5226 0
5227 2
5228 1
5229 2
5230 3
5231 1
5232 1
5233 2
5234 3
5235 2
5236 1
5237 2
5238 3
5239 1
5240 5
5241 6
5242 6
5243 6
5244 7
5245 7
5246 10
5247 9
5248 7
5249 6
5250 6
5251 5
5252 3
5253 2
5254 0
5255 1
5256 1
5257 2
5258 5
5259 3
5260 4
5261 3
5262 2
5263 3
5264 1
5265 3
5266 0
5267 2
5268 3
5269 0
5270 2
5271 4
5272 4
5273 3
5274 3
5275 1
5276 2
5277 2
5278 1
5279 3
5280 5
5281 4
5282 3
5283 1
5284 3
5285 2
5286 3
5287 1
5288 1
5289 2
5290 4
5291 5
5292 7
5293 5
5294 2
5295 2
5296 1
5297 4
5298 3
5299 2
5300 2
5301 2
5302 2
5303 2
5304 4
5305 2
5306 0
5307 2
5308 2
5309 1
5310 2
5311 3
5312 1
5313 2
5314 2
5315 4
5316 5
5317 6
5318 4
5319 2
5320 2
5321 2
5322 4
5323 1
5324 2
5325 4
5326 5
5327 3
5328 3
5329 2
5330 1
5331 1
5332 5
5333 5
5334 4
5335 4
5336 4
5337 3
5338 2
5339 0
5340 2
5341 3
5342 2
5343 2
5344 2
5345 2
5346 5
5347 5
5348 3
5349 1
5350 2
5351 2
5352 2
5353 3
5354 1
5355 0
5356 2
5357 0
5358 1
5359 1
5360 1
5361 1
5362 3
5363 2
5364 0
5365 3
5366 0
5367 2
5368 2
5369 1
5370 1
5371 2
5372 4
5373 4
5374 4
5375 1
5376 2
5377 1
5378 3
5379 0
5380 1
5381 2
5382 1
5383 1
5384 2
5385 1
5386 2
5387 3
5388 1
5389 2
5390 1
5391 2
5392 3
5393 3
5394 1
5395 1
5396 2
5397 4
5398 2
5399 2
5400 3
5401 2
5402 1
5403 1
5404 1
5405 1
5406 1
5407 4
5408 4
5409 2
5410 3
5411 1
5412 3
5413 4
5414 2
5415 1
5416 3
5417 2
5418 2
5419 2
5420 4
5421 2
5422 5
5423 5
5424 5
5425 4
5426 3
5427 3
5428 2
5429 2
5430 0
5431 2
5432 1
5433 2
5434 1
5435 1
5436 0
5437 1
5438 2
5439 1
5440 2
5441 2
5442 0
5443 3
5444 2
5445 1
5446 2
5447 2
5448 3
5449 1
5450 2
5451 2
5452 2
5453 2
5454 2
5455 2
5456 2
5457 1
5458 2
5459 1
5460 0
5461 2
5462 3
5463 1
5464 1
5465 2
5466 2
5467 1
5468 2
5469 2
5470 3
5471 2
5472 0
5473 1
5474 0
5475 0
5476 3
5477 1
5478 1
5479 2
5480 2
5481 2
5482 1
5483 2
5484 4
5485 5
5486 3
5487 3
5488 4
5489 3
5490 2
5491 2
5492 2
5493 2
5494 2
5495 0
5496 4
5497 3
5498 0
5499 1
5500 1
5501 3
5502 1
5503 0
5504 2
5505 2
5506 1
5507 2
5508 1
5509 0
5510 1
5511 3
5512 3
5513 3
5514 1
5515 4
5516 2
5517 1
5518 3
5519 2
5520 2
5521 2
5522 1
5523 2
5524 3
5525 0
5526 1
5527 2
5528 1
5529 2
5530 1
5531 3
5532 2
5533 3
5534 0
5535 5
5536 2
5537 2
5538 1
5539 3
5540 0
5541 4
5542 4
5543 4
5544 4
5545 2
5546 2
5547 1
5548 2
5549 2
5550 1
5551 3
5552 3
5553 2
5554 3
5555 2
5556 1
5557 1
5558 1
5559 1
5560 1
5561 3
5562 2
5563 2
5564 2
5565 1
5566 3
5567 1
5568 4
5569 4
5570 5
5571 6
5572 7
5573 7
5574 5
5575 6
5576 4
5577 3
5578 1
5579 2
5580 0
5581 3
5582 2
5583 4
5584 3
5585 2
5586 2
5587 1
5588 2
5589 0
5590 3
5591 0
5592 2
5593 2
5594 2
5595 2
5596 2
5597 1
5598 2
5599 4
5600 4
5601 5
5602 5
5603 4
5604 3
5605 1
5606 5
5607 5
5608 5
5609 3
5610 2
5611 2
5612 3
5613 2
5614 2
5615 3
5616 2
5617 5
5618 5
5619 5
5620 5
5621 3
5622 2
5623 0
5624 2
5625 0
5626 1
5627 4
5628 4
5629 2
5630 1
5631 2
5632 4
5633 4
5634 3
5635 2
5636 2
5637 1
5638 1
5639 1
5640 1
5641 1
5642 0
5643 4
5644 2
5645 3
5646 2
5647 2
5648 2
5649 3
5650 0
5651 0
5652 1
5653 1
5654 2
5655 5
5656 6
5657 4
5658 3
5659 3
5660 2
5661 1
5662 2
5663 2
5664 2
5665 0
5666 0
5667 1
5668 0
5669 3
5670 1
5671 2
5672 1
5673 1
5674 0
5675 5
5676 5
5677 5
5678 5
5679 3
5680 1
5681 1
5682 2
5683 1
5684 3
5685 0
5686 3
5687 4
5688 1
5689 0
5690 2
5691 1
5692 4
5693 3
5694 1
5695 1
5696 0
5697 1
5698 2
5699 1
5700 2
5701 1
5702 2
5703 1
5704 2
5705 3
5706 2
5707 3
5708 2
5709 2
5710 3
5711 3
5712 0
5713 2
5714 2
5715 2
5716 3
5717 5
5718 4
5719 3
5720 1
5721 2
5722 0
5723 4
5724 4
5725 5
5726 5
5727 4
5728 4
5729 2
5730 3
5731 1
5732 2
5733 3
5734 2
5735 3
5736 2
5737 0
5738 1
5739 2
5740 0
5741 1
5742 1
5743 3
5744 2
5745 3
5746 2
5747 1
5748 3
5749 2
5750 2
5751 1
5752 2
5753 2
5754 0
5755 1
5756 0
5757 2
5758 2
5759 3
5760 3
5761 2
5762 3
5763 3
5764 1
5765 0
5766 1
5767 1
5768 0
5769 1
5770 0
5771 2
5772 3
5773 4
5774 3
5775 3
5776 1
5777 1
5778 1
5779 2
5780 3
5781 2
5782 3
5783 0
5784 4
5785 3
5786 0
5787 1
5788 4
5789 1
5790 1
5791 3
5792 4
5793 3
5794 2
5795 5
5796 4
5797 5
5798 4
5799 4
5800 2
5801 0
5802 1
5803 1
5804 1
5805 1
5806 1
5807 2
5808 1
5809 1
5810 3
5811 1
5812 1
5813 3
5814 2
5815 1
5816 4
5817 1
5818 3
5819 2
5820 1
5821 1
5822 2
5823 0
5824 1
5825 4
5826 1
5827 1
5828 2
5829 1
5830 5
5831 3
5832 2
5833 3
5834 3
5835 4
5836 3
5837 2
5838 1
5839 3
5840 3
5841 2
5842 1
5843 3
5844 4
5845 4
5846 4
5847 2
5848 3
5849 2
5850 3
5851 4
5852 5
5853 5
5854 4
5855 3
5856 1
5857 3
5858 2
5859 4
5860 4
5861 2
5862 1
5863 3
5864 0
5865 5
5866 5
5867 6
5868 6
5869 6
5870 3
5871 2
5872 2
5873 1
5874 1
5875 3
5876 1
5877 3
5878 2
5879 3
5880 0
5881 1
5882 2
5883 2
5884 4
5885 2
5886 1
5887 6
5888 5
5889 2
5890 3
5891 3
5892 2
5893 3
5894 1
5895 1
5896 1
5897 2
5898 1
5899 2
5900 4
5901 5
5902 5
5903 4
5904 1
5905 0
5906 1
5907 1
5908 1
5909 0
5910 2
5911 3
5912 2
5913 3
5914 2
5915 1
5916 2
5917 1
5918 1
5919 0
5920 2
5921 1
5922 2
5923 0
5924 2
5925 1
5926 2
5927 3
5928 3
5929 3
5930 2
5931 3
5932 0
5933 4
5934 3
5935 2
5936 2
5937 2
5938 3
5939 2
5940 2
5941 2
5942 2
5943 1
5944 1
5945 3
5946 2
5947 2
5948 1
5949 1
5950 1
5951 1
5952 3
5953 2
5954 3
5955 2
5956 2
5957 3
5958 1
5959 2
5960 2
5961 3
5962 2
5963 0
5964 2
5965 4
5966 5
5967 4
5968 2
5969 2
5970 3
5971 1
5972 4
5973 5
5974 5
5975 4
5976 5
5977 6
5978 4
5979 3
5980 3
5981 3
5982 1
5983 1
5984 3
5985 1
5986 2
5987 3
5988 3
5989 2
5990 3
5991 2
5992 3
5993 2
5994 1
5995 1
5996 2
5997 2
5998 2
5999 2
6000 1
6001 3
6002 1
6003 2
6004 1
6005 1
6006 3
6007 1
6008 4
6009 2
6010 3
6011 4
6012 1
6013 1
6014 2
6015 2
6016 3
6017 2
6018 2
6019 1
6020 1
6021 2
6022 2
6023 1
6024 2
6025 2
6026 1
6027 2
6028 0
6029 2
6030 0
6031 4
6032 4
6033 1
6034 1
6035 2
6036 1
6037 2
6038 0
6039 3
6040 1
6041 2
6042 2
6043 1
6044 4
6045 3
6046 1
6047 4
6048 1
6049 5
6050 4
6051 4
6052 4
6053 4
6054 1
6055 0
6056 1
6057 4
6058 3
6059 3
6060 1
6061 0
6062 2
6063 4
6064 3
6065 3
6066 2
6067 2
6068 0
6069 0
6070 3
6071 1
6072 2
6073 2
6074 3
6075 2
6076 3
6077 1
6078 0
6079 0
6080 1
6081 3
6082 1
6083 2
6084 3
6085 2
6086 3
6087 2
6088 2
6089 1
6090 2
6091 2
6092 3
6093 2
6094 1
6095 2
6096 3
6097 1
6098 2
6099 2
6100 3
6101 3
6102 1
6103 2
6104 3
6105 2
6106 1
6107 1
6108 1
6109 3
6110 4
6111 3
6112 3
6113 1
6114 2
6115 3
6116 2
6117 3
6118 3
6119 1
6120 0
6121 0
6122 4
6123 3
6124 3
6125 1
6126 0
6127 0
6128 1
6129 1
6130 1
6131 1
6132 0
6133 1
6134 3
6135 1
6136 2
6137 0
6138 0
6139 1
6140 2
6141 4
6142 3
6143 2
6144 1
6145 2
6146 0
6147 1
6148 0
6149 2
6150 1
6151 1
6152 1
6153 3
6154 2
6155 2
6156 3
6157 3
6158 2
6159 4
6160 2
6161 3
6162 1
6163 1
6164 3
6165 4
6166 2
6167 3
6168 0
6169 0
6170 2
6171 3
6172 2
6173 0
6174 1
6175 0
6176 2
6177 2
6178 3
6179 2
6180 1
6181 2
6182 3
6183 1
6184 1
6185 3
6186 1
6187 1
6188 1
6189 3
6190 2
6191 2
6192 4
6193 2
6194 2
6195 1
6196 1
6197 0
6198 0
6199 1
6200 3
6201 1
6202 3
6203 2
6204 1
6205 2
6206 3
6207 1
6208 0
6209 4
6210 4
6211 3
6212 1
6213 3
6214 3
6215 1
6216 3
6217 0
6218 4
6219 2
6220 2
6221 1
6222 3
6223 1
6224 4
6225 1
6226 3
6227 2
6228 0
6229 3
6230 1
6231 3
6232 3
6233 1
6234 2
6235 2
6236 2
6237 3
6238 1
6239 2
6240 2
6241 3
6242 2
6243 2
6244 2
6245 1
6246 3
6247 2
6248 3
6249 2
6250 2
6251 2
6252 2
6253 3
6254 2
6255 4
6256 4
6257 6
6258 7
6259 5
6260 3
6261 4
6262 1
6263 1
6264 0
6265 3
6266 3
6267 1
6268 3
6269 4
6270 4
6271 3
6272 2
6273 1
6274 0
6275 1
6276 1
6277 1
6278 2
6279 0
6280 2
6281 1
6282 4
6283 2
6284 1
6285 3
6286 1
6287 1
6288 0
6289 2
6290 3
6291 1
6292 0
6293 0
6294 0
6295 3
6296 1
6297 3
6298 3
6299 2
6300 1
6301 3
6302 3
6303 0
6304 3
6305 2
6306 3
6307 1
6308 3
6309 3
6310 2
6311 1
6312 0
6313 3
6314 2
6315 1
6316 2
6317 0
6318 3
6319 4
6320 2
6321 2
6322 1
6323 3
6324 1
6325 2
6326 1
6327 3
6328 3
6329 2
6330 0
6331 4
6332 3
6333 1
6334 4
6335 3
6336 2
6337 2
6338 2
6339 3
6340 2
6341 1
6342 1
6343 2
6344 2
6345 0
6346 2
6347 3
6348 3
6349 2
6350 3
6351 0
6352 0
6353 2
6354 2
6355 1
6356 1
6357 3
6358 2
6359 2
6360 2
6361 1
6362 1
6363 3
6364 1
6365 2
6366 0
6367 1
6368 2
6369 1
6370 3
6371 0
6372 3
6373 0
6374 2
6375 2
6376 2
6377 2
6378 3
6379 3
6380 4
6381 2
6382 3
6383 1
6384 0
6385 1
6386 4
6387 4
6388 3
6389 0
6390 2
6391 1
6392 1
6393 3
6394 3
6395 4
6396 3
6397 1
6398 2
6399 2
6400 4
6401 5
6402 6
6403 4
6404 5
6405 3
6406 2
6407 2
6408 2
6409 2
6410 3
6411 3
6412 3
6413 1
6414 1
6415 3
6416 1
6417 2
6418 4
6419 4
6420 3
6421 2
6422 1
6423 2
6424 4
6425 3
6426 0
6427 3
6428 3
6429 2
6430 2
6431 2
6432 2
6433 1
6434 2
6435 4
6436 3
6437 1
6438 2
6439 1
6440 2
6441 1
6442 2
6443 1
6444 2
6445 2
6446 3
6447 4
6448 5
6449 5
6450 3
6451 4
6452 2
6453 4
6454 3
6455 1
6456 2
6457 2
6458 1
6459 5
6460 4
6461 4
6462 5
6463 4
6464 3
6465 2
6466 2
6467 0
6468 0
6469 2
6470 2
6471 1
6472 1
6473 3
6474 4
6475 3
6476 4
6477 3
6478 3
6479 3
6480 2
6481 3
6482 1
6483 2
6484 1
6485 2
6486 4
6487 3
6488 0
6489 3
6490 1
6491 2
6492 2
6493 0
6494 2
6495 0
6496 1
6497 3
6498 2
6499 2
6500 0
6501 0
6502 4
6503 1
6504 2
6505 2
6506 3
6507 2
6508 2
6509 3
6510 2
6511 2
6512 3
6513 1
6514 1
6515 0
6516 1
6517 3
6518 2
6519 1
6520 2
6521 2
6522 0
6523 2
6524 1
6525 2
6526 2
6527 0
6528 1
6529 2
6530 3
6531 2
6532 3
6533 1
6534 1
6535 0
6536 3
6537 2
6538 3
6539 2
6540 2
6541 1
6542 2
6543 1
6544 2
6545 4
6546 4
6547 2
6548 2
6549 3
6550 1
6551 2
6552 2
6553 2
6554 1
6555 2
6556 4
6557 3
6558 3
6559 2
6560 4
6561 3
6562 3
6563 3
6564 1
6565 2
6566 1
6567 2
6568 3
6569 3
6570 2
6571 5
6572 6
6573 5
6574 5
6575 2
6576 4
6577 4
6578 3
6579 3
6580 2
6581 1
6582 4
6583 4
6584 4
6585 1
6586 0
6587 2
6588 1
6589 5
6590 3
6591 2
6592 2
6593 2
6594 4
6595 2
6596 3
6597 3
6598 3
6599 2
6600 2
6601 0
6602 3
6603 4
6604 4
6605 2
6606 0
6607 0
6608 3
6609 2
6610 1
6611 1
6612 4
6613 3
6614 3
6615 3
6616 0
6617 2
6618 1
6619 0
6620 1
6621 4
6622 6
6623 4
6624 2
6625 5
6626 3
6627 3
6628 2
6629 0
6630 1
6631 2
6632 0
6633 3
6634 1
6635 2
6636 2
6637 2
6638 1
6639 2
6640 2
6641 3
6642 1
6643 2
6644 4
6645 1
6646 2
6647 4
6648 2
6649 2
6650 3
6651 3
6652 2
6653 1
6654 2
6655 3
6656 2
6657 2
6658 1
6659 0
6660 3
6661 1
6662 1
6663 2
6664 2
6665 3
6666 1
6667 3
6668 2
6669 4
6670 7
6671 6
6672 5
6673 3
6674 1
6675 1
6676 2
6677 4
6678 4
6679 3
6680 3
6681 1
6682 1
6683 2
6684 0
6685 2
6686 3
6687 2
6688 3
6689 7
6690 5
6691 4
6692 3
6693 1
6694 1
6695 3
6696 2
6697 3
6698 2
6699 3
6700 1
6701 2
6702 2
6703 1
6704 0
6705 0
6706 1
6707 1
6708 2
6709 2
6710 3
6711 1
6712 2
6713 1
6714 2
6715 3
6716 2
6717 3
6718 2
6719 2
6720 0
6721 2
6722 2
6723 0
6724 0
6725 1
6726 2
6727 4
6728 2
6729 2
6730 2
6731 2
6732 1
6733 1
6734 3
6735 3
6736 3
6737 3
6738 2
6739 0
6740 1
6741 1
6742 0
6743 2
6744 2
6745 2
6746 1
6747 1
6748 1
6749 1
6750 2
6751 3
6752 2
6753 0
6754 1
6755 1
6756 1
6757 3
6758 2
6759 1
6760 3
6761 2
6762 3
6763 4
6764 1
6765 1
6766 3
6767 3
6768 3
6769 2
6770 0
6771 1
6772 1
6773 0
6774 2
6775 1
6776 1
6777 1
6778 2
6779 0
6780 3
6781 2
6782 2
6783 0
6784 3
6785 0
6786 4
6787 4
6788 5
6789 6
6790 4
6791 3
6792 1
6793 2
6794 1
6795 4
6796 4
6797 2
6798 1
6799 0
6800 3
6801 2
6802 0
6803 3
6804 4
6805 3
6806 4
6807 3
6808 1
6809 0
6810 0
6811 2
6812 0
6813 1
6814 1
6815 2
6816 2
6817 2
6818 3
6819 1
6820 3
6821 1
6822 4
6823 4
6824 2
6825 2
6826 1
6827 3
6828 1
6829 4
6830 3
6831 1
6832 1
6833 2
6834 3
6835 1
6836 5
6837 4
6838 2
6839 2
6840 3
6841 2
6842 4
6843 5
6844 3
6845 4
6846 2
6847 0
6848 2
6849 1
6850 1
6851 2
6852 2
6853 2
6854 3
6855 3
6856 3
6857 4
6858 2
6859 1
6860 2
6861 0
6862 1
6863 0
6864 2
6865 2
6866 2
6867 4
6868 2
6869 3
6870 1
6871 4
6872 3
6873 3
6874 3
6875 2
6876 0
6877 2
6878 1
6879 3
6880 1
6881 2
6882 1
6883 0
6884 0
6885 2
6886 1
6887 1
6888 2
6889 1
6890 3
6891 1
6892 2
6893 1
6894 2
6895 1
6896 4
6897 2
6898 4
6899 2
6900 1
6901 3
6902 4
6903 2
6904 0
6905 2
6906 1
6907 1
6908 2
6909 1
6910 2
6911 3
6912 3
6913 2
6914 0
6915 3
6916 5
6917 5
6918 3
6919 1
6920 1
6921 3
6922 1
6923 5
6924 2
6925 2
6926 2
6927 4
6928 5
6929 4
6930 4
6931 3
6932 1
6933 2
6934 3
6935 3
6936 1
6937 3
6938 3
6939 3
6940 3
6941 2
6942 1
6943 2
6944 2
6945 2
6946 2
6947 2
6948 4
6949 4
6950 2
6951 1
6952 2
6953 2
6954 5
6955 3
6956 3
6957 4
6958 2
6959 2
6960 1
6961 0
6962 2
6963 2
6964 3
6965 0
6966 1
6967 3
6968 1
6969 0
6970 2
6971 1
6972 2
6973 2
6974 2
6975 4
6976 3
6977 2
6978 0
6979 1
6980 4
6981 3
6982 0
6983 1
6984 0
6985 2
6986 1
6987 4
6988 1
6989 1
6990 2
6991 0
6992 0
6993 4
6994 2
6995 2
6996 3
6997 2
6998 1
6999 2
7000 2
7001 1
7002 2
7003 3
7004 3
7005 2
7006 1
7007 1
7008 6
7009 4
7010 3
7011 2
7012 3
7013 2
7014 0
7015 2
7016 1
7017 3
7018 1
7019 3
7020 3
7021 2
7022 1
7023 0
7024 1
7025 1
7026 4
7027 4
7028 3
7029 1
7030 0
7031 2
7032 0
7033 1
7034 3
7035 3
7036 5
7037 4
7038 4
7039 3
7040 1
7041 0
7042 1
7043 0
7044 4
7045 4
7046 1
7047 1
7048 3
7049 1
7050 4
7051 3
7052 1
7053 1
7054 1
7055 3
7056 1
7057 0
7058 1
7059 1
7060 2
7061 1
7062 2
7063 0
7064 3
7065 4
7066 1
7067 2
7068 0
7069 2
7070 0
7071 1
7072 1
7073 2
7074 1
7075 2
7076 4
7077 4
7078 3
7079 3
7080 2
7081 3
7082 2
7083 4
7084 3
7085 2
7086 2
7087 1
7088 1
7089 3
7090 2
7091 3
7092 1
7093 1
7094 2
7095 1
7096 2
7097 1
7098 3
7099 2
7100 1
7101 2
7102 3
7103 3
7104 3
7105 1
7106 0
7107 1
7108 2
7109 3
7110 3
7111 1
7112 4
7113 3
7114 5
7115 3
7116 2
7117 3
7118 2
7119 1
7120 3
7121 2
7122 1
7123 3
7124 3
7125 1
7126 1
7127 5
7128 6
7129 4
7130 5
7131 4
7132 3
7133 2
7134 3
7135 0
7136 2
7137 1
7138 0
7139 2
7140 1
7141 6
7142 4
7143 2
7144 3
7145 2
7146 3
7147 2
7148 2
7149 2
7150 1
7151 3
7152 2
7153 1
7154 1
7155 3
7156 3
7157 2
7158 4
7159 3
7160 2
7161 2
7162 1
7163 5
7164 3
7165 3
7166 3
7167 2
7168 1
7169 4
7170 4
7171 3
7172 5
7173 6
7174 6
7175 4
7176 4
7177 2
7178 3
7179 2
7180 2
7181 3
7182 2
7183 0
7184 2
7185 1
7186 2
7187 1
7188 3
7189 2
7190 0
7191 4
7192 1
7193 1
7194 0
7195 1
7196 1
7197 1
7198 2
7199 3
7200 3
7201 2
7202 2
7203 3
7204 2
7205 3
7206 2
7207 2
7208 1
7209 3
7210 2
7211 1
7212 0
7213 1
7214 1
7215 0
7216 1
7217 2
7218 1
7219 2
7220 0
7221 1
7222 3
7223 4
7224 5
7225 3
7226 2
7227 2
7228 1
7229 0
7230 0
7231 1
7232 0
7233 1
7234 2
7235 2
7236 3
7237 4
7238 1
7239 2
7240 3
7241 4
7242 3
7243 3
7244 1
7245 0
7246 4
7247 4
7248 2
7249 4
7250 3
7251 2
7252 1
7253 2
7254 1
7255 3
7256 4
7257 2
7258 1
7259 2
7260 2
7261 4
7262 3
7263 1
7264 2
7265 2
7266 3
7267 2
7268 1
7269 1
7270 1
7271 2
7272 1
7273 1
7274 2
7275 4
7276 3
7277 1
7278 1
7279 3
7280 2
7281 2
7282 1
7283 1
7284 5
7285 4
7286 3
7287 4
7288 4
7289 3
7290 4
7291 3
7292 1
7293 2
7294 1
7295 2
7296 2
7297 2
7298 7
7299 6
7300 5
7301 5
7302 4
7303 5
7304 6
7305 4
7306 1
7307 3
7308 1
7309 2
7310 4
7311 4
7312 2
7313 4
7314 5
7315 4
7316 4
7317 5
7318 7
7319 7
7320 5
7321 4
7322 2
7323 4
7324 3
7325 1
7326 1
7327 2
7328 3
7329 2
7330 2
7331 1
7332 4
7333 2
7334 2
7335 0
7336 2
7337 0
7338 0
7339 1
7340 2
7341 1
7342 2
7343 3
7344 1
7345 1
7346 1
7347 3
7348 5
7349 3
7350 2
7351 2
7352 2
7353 4
7354 4
7355 3
7356 2
7357 1
7358 3
7359 2
7360 2
7361 3
7362 2
7363 2
7364 3
7365 2
7366 3
7367 2
7368 4
7369 4
7370 1
7371 1
7372 2
7373 4
7374 3
7375 1
7376 3
7377 4
7378 2
7379 2
7380 3
7381 3
7382 1
7383 2
7384 0
7385 1
7386 2
7387 1
7388 3
7389 1
7390 3
7391 6
7392 4
7393 3
7394 4
7395 5
7396 2
7397 1
7398 3
7399 1
7400 2
7401 3
7402 1
7403 3
7404 3
7405 2
7406 4
7407 3
7408 2
7409 3
7410 1
7411 1
7412 3
7413 1
7414 5
7415 5
7416 4
7417 4
7418 3
7419 1
7420 2
7421 1
7422 2
7423 2
7424 4
7425 3
7426 2
7427 3
7428 2
7429 3
7430 2
7431 2
7432 2
7433 3
7434 2
7435 2
7436 4
7437 2
7438 2
7439 1
7440 2
7441 3
7442 2
7443 4
7444 1
7445 3
7446 2
7447 2
7448 2
7449 2
7450 1
7451 3
7452 1
7453 1
7454 2
7455 2
7456 3
7457 2
7458 2
7459 2
7460 2
7461 5
7462 3
7463 4
7464 5
7465 2
7466 1
7467 2
7468 1
7469 2
7470 0
7471 2
7472 3
7473 3
7474 3
7475 2
7476 2
7477 2
7478 1
7479 1
7480 3
7481 3
7482 1
7483 2
7484 3
7485 2
7486 2
7487 2
7488 4
7489 4
7490 2
7491 3
7492 4
7493 3
7494 0
7495 0
7496 1
7497 2
7498 3
7499 4
7500 4
7501 2
7502 1
7503 3
7504 1
7505 2
7506 0
7507 3
7508 0
7509 3
7510 3
7511 2
7512 2
7513 2
7514 0
7515 1
7516 1
7517 2
7518 3
7519 2
7520 0
7521 1
7522 2
7523 3
7524 2
7525 0
7526 3
7527 4
7528 3
7529 3
7530 2
7531 3
7532 4
7533 1
7534 2
7535 2
7536 1
7537 0
7538 2
7539 0
7540 0
7541 3
7542 0
7543 2
7544 2
7545 4
7546 4
7547 3
7548 4
7549 3
7550 1
7551 6
7552 6
7553 5
7554 4
7555 1
7556 1
7557 2
7558 5
7559 2
7560 3
7561 2
7562 1
7563 1
7564 1
7565 2
7566 1
7567 2
7568 4
7569 2
7570 1
7571 1
7572 1
7573 4
7574 2
7575 1
7576 4
7577 2
7578 3
7579 1
7580 0
7581 2
7582 1
7583 3
7584 1
7585 2
7586 3
7587 3
7588 2
7589 3
7590 2
7591 1
7592 0
7593 2
7594 2
7595 3
7596 2
7597 2
7598 2
7599 1
7600 3
7601 1
7602 2
7603 3
7604 2
7605 0
7606 2
7607 1
7608 2
7609 3
7610 3
7611 1
7612 4
7613 5
7614 4
7615 5
7616 4
7617 3
7618 1
7619 1
7620 2
7621 2
7622 1
7623 4
7624 2
7625 3
7626 1
7627 3
7628 0
7629 4
7630 4
7631 1
7632 2
7633 4
7634 4
7635 3
7636 3
7637 2
7638 3
7639 1
7640 1
7641 1
7642 1
7643 0
7644 1
7645 5
7646 6
7647 5
7648 4
7649 4
7650 5
7651 4
7652 2
7653 0
7654 2
7655 2
7656 0
7657 2
7658 0
7659 1
7660 0
7661 2
7662 1
7663 3
7664 1
7665 1
7666 2
7667 0
7668 1
7669 2
7670 0
7671 3
7672 1
7673 3
7674 2
7675 1
7676 1
7677 3
7678 1
7679 2
7680 2
7681 1
7682 1
7683 1
7684 1
7685 2
7686 2
7687 3
7688 1
7689 4
7690 5
7691 3
7692 4
7693 4
7694 1
7695 1
7696 2
7697 0
7698 5
7699 5
7700 4
7701 3
7702 1
7703 2
7704 2
7705 2
7706 1
7707 0
7708 3
7709 2
7710 2
7711 2
7712 0
7713 1
7714 1
7715 0
7716 1
7717 2
7718 0
7719 2
7720 1
7721 1
7722 1
7723 1
7724 3
7725 3
7726 0
7727 3
7728 5
7729 4
7730 4
7731 3
7732 2
7733 2
7734 2
7735 1
7736 0
7737 1
7738 1
7739 1
7740 2
7741 0
7742 2
7743 1
7744 2
7745 2
7746 3
7747 1
7748 3
7749 3
7750 1
7751 2
7752 1
7753 4
7754 2
7755 1
7756 2
7757 1
7758 3
7759 5
7760 3
7761 1
7762 3
7763 2
7764 3
7765 2
7766 2
7767 1
7768 0
7769 1
7770 3
7771 2
7772 2
7773 3
7774 2
7775 0
7776 3
7777 1
7778 4
7779 3
7780 1
7781 2
7782 0
7783 0
7784 2
7785 1
7786 3
7787 2
7788 2
7789 1
7790 0
7791 1
7792 4
7793 5
7794 3
7795 0
7796 2
7797 1
7798 3
7799 1
7800 2
7801 4
7802 3
7803 1
7804 0
7805 0
7806 0
7807 3
7808 2
7809 3
7810 2
7811 1
7812 3
7813 3
7814 1
7815 2
7816 4
7817 2
7818 1
7819 1
7820 2
7821 2
7822 1
7823 0
7824 1
7825 2
7826 2
7827 1
7828 2
7829 2
7830 0
7831 1
7832 1
7833 2
7834 3
7835 3
7836 2
7837 2
7838 4
7839 4
7840 3
7841 1
7842 2
7843 2
7844 0
7845 3
7846 4
7847 3
7848 0
7849 5
7850 4
7851 7
7852 7
7853 8
7854 8
7855 5
7856 7
7857 7
7858 4
7859 1
7860 2
7861 5
7862 4
7863 1
7864 2
7865 3
7866 0
7867 2
7868 1
7869 1
7870 3
7871 4
7872 4
7873 3
7874 2
7875 2
7876 3
7877 2
7878 2
7879 2
7880 3
7881 3
7882 2
7883 1
7884 2
7885 1
7886 1
7887 3
7888 2
7889 2
7890 3
7891 1
7892 0
7893 3
7894 2
7895 1
7896 0
7897 1
7898 2
7899 1
7900 4
7901 3
7902 0
7903 3
7904 3
7905 1
7906 3
7907 3
7908 1
7909 0
7910 2
7911 1
7912 1
7913 1
7914 1
7915 3
7916 1
7917 1
7918 2
7919 0
7920 0
7921 2
7922 0
7923 6
7924 6
7925 6
7926 5
7927 4
7928 3
7929 3
7930 4
7931 1
7932 3
7933 2
7934 2
7935 2
7936 1
7937 0
7938 3
7939 2
7940 2
7941 3
7942 2
7943 3
7944 1
7945 2
7946 1
7947 2
7948 2
7949 0
7950 3
7951 1
7952 2
7953 2
7954 2
7955 1
7956 1
7957 2
7958 5
7959 4
7960 3
7961 2
7962 2
7963 0
7964 1
7965 1
7966 2
7967 2
7968 3
7969 2
7970 4
7971 1
7972 2
7973 4
7974 4
7975 1
7976 1
7977 2
7978 3
7979 2
7980 4
7981 4
7982 2
7983 2
7984 1
7985 3
7986 2
7987 6
7988 3
7989 1
7990 3
7991 1
7992 4
7993 2
7994 0
7995 4
7996 2
7997 3
7998 1
7999 4
8000 1
8001 1
8002 4
8003 2
8004 3
8005 2
8006 0
8007 2
8008 2
8009 1
8010 3
8011 3
8012 2
8013 3
8014 0
8015 3
8016 1
8017 3
8018 1
8019 5
8020 4
8021 3
8022 0
8023 1
8024 3
8025 0
8026 1
8027 1
8028 4
8029 3
8030 1
8031 3
8032 1
8033 3
8034 2
8035 2
8036 3
8037 2
8038 0
8039 1
8040 1
8041 1
8042 2
8043 2
8044 1
8045 5
8046 5
8047 3
8048 3
8049 2
8050 2
8051 3
8052 4
8053 3
8054 3
8055 2
8056 1
8057 3
8058 3
8059 1
8060 3
8061 1
8062 1
8063 3
8064 2
8065 1
8066 1
8067 3
8068 3
8069 0
8070 4
8071 3
8072 1
8073 3
8074 0
8075 1
8076 3
8077 3
8078 2
8079 2
8080 4
8081 4
8082 3
8083 3
8084 0
8085 0
8086 1
8087 1
8088 1
8089 1
8090 2
8091 2
8092 2
8093 2
8094 3
8095 2
8096 2
8097 1
8098 0
8099 1
8100 0
8101 2
8102 4
8103 5
8104 4
8105 2
8106 1
8107 2
8108 2
8109 0
8110 2
8111 1
8112 3
8113 3
8114 2
8115 3
8116 2
8117 1
8118 1
8119 1
8120 0
8121 1
8122 2
8123 2
8124 2
8125 1
8126 2
8127 2
8128 3
8129 2
8130 0
8131 2
8132 2
8133 0
8134 1
8135 1
8136 3
8137 3
8138 2
8139 0
8140 2
8141 4
8142 2
8143 3
8144 3
8145 1
8146 1
8147 4
8148 1
8149 1
8150 2
8151 3
8152 4
8153 5
8154 5
8155 5
8156 3
8157 2
8158 0
8159 3
8160 3
8161 2
8162 0
8163 2
8164 3
8165 2
8166 3
8167 1
8168 3
8169 2
8170 2
8171 1
8172 4
8173 4
8174 2
8175 1
8176 2
8177 1
8178 1
8179 0
8180 3
8181 3
8182 1
8183 3
8184 2
8185 4
8186 3
8187 6
8188 5
8189 5
8190 6
8191 5
8192 2
8193 0
8194 0
8195 2
8196 2
8197 5
8198 2
8199 2
8200 2
8201 1
8202 3
8203 3
8204 2
8205 1
8206 5
8207 2
8208 1
8209 3
8210 2
8211 0
8212 3
8213 3
8214 1
8215 4
8216 1
8217 2
8218 2
8219 3
8220 2
8221 1
8222 1
8223 2
8224 2
8225 2
8226 1
8227 2
8228 2
8229 4
8230 4
8231 5
8232 2
8233 1
8234 2
8235 2
8236 4
8237 3
8238 1
8239 2
8240 2
8241 1
8242 3
8243 4
8244 4
8245 4
8246 5
8247 6
8248 5
8249 4
8250 4
8251 1
8252 3
8253 2
8254 1
8255 2
8256 0
8257 3
8258 1
8259 1
8260 4
8261 4
8262 4
8263 3
8264 4
8265 5
8266 6
8267 5
8268 2
8269 3
8270 1
8271 2
8272 1
8273 1
8274 0
8275 2
8276 1
8277 2
8278 1
8279 3
8280 3
8281 1
8282 1
8283 2
8284 2
8285 0
8286 2
8287 2
8288 3
8289 4
8290 2
8291 2
8292 2
8293 1
8294 3
8295 2
8296 0
8297 0
8298 3
8299 0
8300 1
8301 3
8302 2
8303 2
8304 3
8305 2
8306 2
8307 3
8308 3
8309 4
8310 4
8311 4
8312 2
8313 2
8314 1
8315 2
8316 3
8317 4
8318 5
8319 5
8320 4
8321 4
8322 2
8323 3
8324 4
8325 4
8326 3
8327 2
8328 1
8329 3
8330 1
8331 1
8332 2
8333 1
8334 1
8335 3
8336 3
8337 3
8338 4
8339 3
8340 1
8341 3
8342 3
8343 3
8344 2
8345 1
8346 0
8347 0
8348 4
8349 5
8350 6
8351 6
8352 6
8353 6
8354 4
8355 4
8356 5
8357 6
8358 5
8359 3
8360 3
8361 4
8362 5
8363 2
8364 1
8365 3
8366 0
8367 2
8368 2
8369 1
8370 3
8371 3
8372 3
8373 3
8374 0
8375 0
8376 4
8377 3
8378 4
8379 6
8380 5
8381 4
8382 6
8383 5
8384 3
8385 1
8386 2
8387 5
8388 4
8389 2
8390 3
8391 0
8392 3
8393 2
8394 1
8395 0
8396 1
8397 0
8398 2
8399 2
8400 3
8401 1
8402 1
8403 2
8404 3
8405 3
8406 2
8407 1
8408 1
8409 0
8410 3
8411 3
8412 5
8413 5
8414 4
8415 4
8416 2
8417 4
8418 4
8419 4
8420 3
8421 2
8422 3
8423 3
8424 3
8425 3
8426 3
8427 4
8428 2
8429 1
8430 4
8431 5
8432 4
8433 4
8434 2
8435 0
8436 2
8437 1
8438 6
8439 4
8440 4
8441 2
8442 6
8443 6
8444 5
8445 4
8446 3
8447 2
8448 2
8449 2
8450 3
8451 3
8452 1
8453 4
8454 2
8455 0
8456 1
8457 1
8458 2
8459 1
8460 1
8461 1
8462 0
8463 1
8464 3
8465 0
8466 2
8467 3
8468 0
8469 3
8470 3
8471 0
8472 2
8473 3
8474 5
8475 5
8476 4
8477 4
8478 2
8479 1
8480 2
8481 2
8482 2
8483 3
8484 3
8485 2
8486 3
8487 3
8488 2
8489 2
8490 2
8491 1
8492 2
8493 3
8494 1
8495 2
8496 1
8497 2
8498 3
8499 1
8500 1
8501 0
8502 4
8503 5
8504 3
8505 2
8506 2
8507 3
8508 1
8509 1
8510 3
8511 3
8512 1
8513 0
8514 1
8515 2
8516 3
8517 2
8518 4
8519 5
8520 5
8521 3
8522 1
8523 3
8524 0
8525 2
8526 4
8527 4
8528 3
8529 2
8530 3
8531 2
8532 1
8533 3
8534 0
8535 2
8536 1
8537 2
8538 2
8539 1
8540 0
8541 1
8542 1
8543 1
8544 1
8545 2
8546 2
8547 0
8548 2
8549 2
8550 0
8551 2
8552 1
8553 1
8554 2
8555 0
8556 0
8557 2
8558 3
8559 3
8560 1
8561 2
8562 2
8563 3
8564 0
8565 0
8566 0
8567 1
8568 0
8569 2
8570 1
8571 1
8572 1
8573 3
8574 3
8575 2
8576 3
8577 2
8578 1
8579 3
8580 2
8581 3
8582 2
8583 5
8584 5
8585 7
8586 5
8587 3
8588 3
8589 1
8590 4
8591 3
8592 2
8593 0
8594 1
8595 3
8596 2
8597 0
8598 2
8599 3
8600 2
8601 2
8602 2
8603 3
8604 2
8605 3
8606 2
8607 2
8608 2
8609 1
8610 1
8611 1
8612 2
8613 0
8614 3
8615 2
8616 2
8617 3
8618 2
8619 2
8620 1
8621 2
8622 4
8623 4
8624 4
8625 5
8626 4
8627 1
8628 4
8629 3
8630 1
8631 3
8632 1
8633 0
8634 0
8635 3
8636 3
8637 2
8638 2
8639 0
8640 1
8641 2
8642 3
8643 0
8644 1
8645 2
8646 2
8647 1
8648 2
8649 0
8650 1
8651 0
8652 4
8653 1
8654 0
8655 0
8656 3
8657 3
8658 6
8659 4
8660 2
8661 4
8662 5
8663 6
8664 5
8665 5
8666 4
8667 3
8668 1
8669 3
8670 2
8671 4
8672 3
8673 3
8674 4
8675 3
8676 3
8677 2
8678 3
8679 3
8680 3
8681 2
8682 1
8683 1
8684 3
8685 3
8686 0
8687 1
8688 4
8689 4
8690 3
8691 1
8692 1
8693 2
8694 1
8695 3
8696 2
8697 1
8698 3
8699 2
8700 5
8701 6
8702 9
8703 9
8704 10
8705 10
8706 10
8707 9
8708 11
8709 10
8710 9
8711 6
8712 6
8713 4
8714 1
8715 2
8716 3
8717 2
8718 4
8719 2
8720 1
8721 2
8722 2
8723 1
8724 2
8725 3
8726 1
8727 2
8728 3
8729 4
8730 4
8731 5
8732 4
8733 2
8734 1
8735 3
8736 2
8737 1
8738 1
8739 5
8740 4
8741 2
8742 4
8743 2
8744 1
8745 1
8746 1
8747 3
8748 4
8749 1
8750 3
8751 1
8752 1
8753 1
8754 2
8755 2
8756 1
8757 2
8758 4
8759 2
8760 1
8761 2
8762 2
8763 2
8764 3
8765 1
8766 3
8767 0
8768 2
8769 3
8770 3
8771 0
8772 5
8773 5
8774 4
8775 3
8776 1
8777 1
8778 1
8779 2
8780 1
8781 1
8782 2
8783 3
8784 2
8785 1
8786 0
8787 4
8788 3
8789 0
8790 1
8791 2
8792 2
8793 0
8794 1
8795 2
8796 3
8797 2
8798 0
8799 2
8800 3
8801 0
8802 2
8803 3
8804 1
8805 2
8806 1
8807 2
8808 2
8809 2
8810 1
8811 3
8812 3
8813 2
8814 2
8815 3
8816 4
8817 4
8818 3
8819 3
8820 4
8821 3
8822 2
8823 1
8824 5
8825 3
8826 2
8827 1
8828 4
8829 2
8830 3
8831 1
8832 3
8833 0
8834 4
8835 4
8836 2
8837 4
8838 5
8839 5
8840 3
8841 3
8842 0
8843 3
8844 2
8845 4
8846 5
8847 4
8848 5
8849 5
8850 4
8851 4
8852 2
8853 3
8854 0
8855 1
8856 5
8857 3
8858 1
8859 2
8860 4
8861 2
8862 3
8863 4
8864 4
8865 2
8866 2
8867 1
8868 1
8869 1
8870 3
8871 0
8872 4
8873 3
8874 2
8875 2
8876 0
8877 2
8878 1
8879 2
8880 1
8881 2
8882 2
8883 4
8884 3
8885 1
8886 3
8887 2
8888 3
8889 0
8890 1
8891 1
8892 1
8893 3
8894 2
8895 3
8896 1
8897 0
8898 2
8899 1
8900 3
8901 0
8902 2
8903 2
8904 1
8905 1
8906 2
8907 1
8908 3
8909 2
8910 1
8911 4
8912 3
8913 1
8914 4
8915 3
8916 1
8917 1
8918 4
8919 2
8920 0
8921 2
8922 4
8923 5
8924 6
8925 4
8926 4
8927 2
8928 1
8929 1
8930 2
8931 0
8932 2
8933 2
8934 1
8935 0
8936 2
8937 1
8938 5
8939 5
8940 3
8941 2
8942 1
8943 4
8944 2
8945 5
8946 2
8947 1
8948 2
8949 2
8950 3
8951 1
8952 2
8953 0
8954 2
8955 3
8956 1
8957 1
8958 3
8959 4
8960 2
8961 0
8962 2
8963 2
8964 4
8965 2
8966 2
8967 3
8968 1
8969 3
8970 3
8971 4
8972 4
8973 3
8974 3
8975 2
8976 1
8977 0
8978 2
8979 3
8980 3
8981 1
8982 3
8983 4
8984 4
8985 4
8986 2
8987 0
8988 0
8989 4
8990 2
8991 1
8992 1
8993 4
8994 5
8995 5
8996 5
8997 4
8998 3
8999 2
9000 2
9001 3
9002 2
9003 4
9004 3
9005 3
9006 2
9007 2
9008 2
9009 3
9010 2
9011 3
9012 1
9013 2
9014 1
9015 2
9016 1
9017 1
9018 1
9019 1
9020 1
9021 0
9022 5
9023 4
9024 3
9025 3
9026 2
9027 2
9028 2
9029 3
9030 1
9031 1
9032 0
9033 4
9034 3
9035 2
9036 2
9037 1
9038 1
9039 1
9040 2
9041 1
9042 3
9043 3
9044 2
9045 1
9046 2
9047 1
9048 2
9049 3
9050 2
9051 2
9052 3
9053 2
9054 1
9055 1
9056 3
9057 2
9058 2
9059 0
9060 1
9061 2
9062 2
9063 5
9064 4
9065 5
9066 5
9067 5
9068 3
9069 3
9070 2
9071 2
9072 1
9073 1
9074 2
9075 1
9076 1
9077 4
9078 3
9079 4
9080 3
9081 1
9082 3
9083 1
9084 2
9085 1
9086 1
9087 3
9088 4
9089 3
9090 2
9091 0
9092 1
9093 0
9094 1
9095 2
9096 2
9097 1
9098 3
9099 2
9100 4
9101 3
9102 3
9103 5
9104 5
9105 4
9106 2
9107 2
9108 2
9109 1
9110 3
9111 1
9112 2
9113 3
9114 3
9115 2
9116 2
9117 2
9118 2
9119 2
9120 2
9121 4
9122 3
9123 3
9124 1
9125 3
9126 3
9127 4
9128 3
9129 1
9130 1
9131 4
9132 3
9133 2
9134 3
9135 4
9136 3
9137 1
9138 5
9139 6
9140 4
9141 3
9142 2
9143 5
9144 3
9145 1
9146 4
9147 2
9148 2
9149 1
9150 3
9151 1
9152 1
9153 1
9154 0
9155 2
9156 3
9157 2
9158 3
9159 0
9160 0
9161 2
9162 1
9163 2
9164 2
9165 2
9166 2
9167 2
9168 1
9169 1
9170 3
9171 1
9172 0
9173 2
9174 0
9175 3
9176 2
9177 1
9178 3
9179 2
9180 2
9181 2
9182 1
9183 3
9184 4
9185 2
9186 0
9187 0
9188 1
9189 3
9190 0
9191 2
9192 2
9193 1
9194 0
9195 0
9196 2
9197 3
9198 4
9199 3
9200 2
9201 4
9202 2
9203 2
9204 2
9205 3
9206 2
9207 3
9208 2
9209 1
9210 3
9211 1
9212 5
9213 4
9214 4
9215 3
9216 1
9217 2
9218 2
9219 1
9220 2
9221 4
9222 3
9223 2
9224 3
9225 2
9226 0
9227 0
9228 1
9229 2
9230 1
9231 2
9232 0
9233 1
9234 4
9235 3
9236 2
9237 1
9238 3
9239 4
9240 7
9241 4
9242 2
9243 4
9244 3
9245 1
9246 3
9247 2
9248 2
9249 1
9250 3
9251 0
9252 2
9253 1
9254 1
9255 2
9256 1
9257 2
9258 3
9259 0
9260 0
9261 1
9262 1
9263 4
9264 2
9265 0
9266 3
9267 2
9268 2
9269 1
9270 1
9271 2
9272 3
9273 2
9274 1
9275 1
9276 2
9277 3
9278 3
9279 2
9280 2
9281 2
9282 5
9283 4
9284 3
9285 3
9286 1
9287 2
9288 2
9289 1
9290 3
9291 1
9292 1
9293 0
9294 1
9295 1
9296 3
9297 2
9298 2
9299 1
9300 2
9301 2
9302 2
9303 2
9304 3
9305 1
9306 0
9307 0
9308 2
9309 2
9310 2
9311 1
9312 1
9313 2
9314 1
9315 1
9316 1
9317 2
9318 1
9319 3
9320 2
9321 1
9322 4
9323 2
9324 2
9325 3
9326 3
9327 2
9328 0
9329 1
9330 1
9331 1
9332 2
9333 3
9334 2
9335 1
9336 1
9337 1
9338 1
9339 2
9340 3
9341 1
9342 1
9343 3
9344 1
9345 2
9346 2
9347 2
9348 4
9349 6
9350 4
9351 2
9352 0
9353 3
9354 2
9355 1
9356 0
9357 2
9358 2
9359 1
9360 3
9361 0
9362 2
9363 2
9364 2
9365 3
9366 2
9367 5
9368 2
9369 1
9370 0
9371 1
9372 1
9373 3
9374 4
9375 1
9376 1
9377 2
9378 2
9379 2
9380 2
9381 4
9382 4
9383 3
9384 1
9385 0
9386 1
9387 2
9388 3
9389 1
9390 1
9391 0
9392 3
9393 1
9394 4
9395 4
9396 3
9397 2
9398 1
9399 1
9400 3
9401 4
9402 3
9403 4
9404 2
9405 2
9406 3
9407 2
9408 3
9409 4
9410 5
9411 7
9412 7
9413 4
9414 3
9415 3
9416 2
9417 1
9418 1
9419 3
9420 2
9421 2
9422 2
9423 3
9424 5
9425 3
9426 1
9427 2
9428 2
9429 4
9430 3
9431 2
9432 2
9433 1
9434 1
9435 2
9436 1
9437 2
9438 2
9439 1
9440 2
9441 0
9442 2
9443 3
9444 4
9445 2
9446 2
9447 1
9448 3
9449 3
9450 1
9451 2
9452 1
9453 2
9454 2
9455 2
9456 2
9457 2
9458 0
9459 3
9460 3
9461 4
9462 3
9463 1
9464 2
9465 3
9466 2
9467 1
9468 1
9469 4
9470 4
9471 2
9472 3
9473 2
9474 4
9475 3
9476 3
9477 2
9478 1
9479 4
9480 5
9481 2
9482 2
9483 1
9484 4
9485 1
9486 2
9487 4
9488 4
9489 2
9490 2
9491 2
9492 0
9493 3
9494 2
9495 1
9496 2
9497 1
9498 2
9499 3
9500 1
9501 3
9502 2
9503 2
9504 1
9505 2
9506 1
9507 0
9508 2
9509 1
9510 3
9511 2
9512 3
9513 2
9514 3
9515 1
9516 2
9517 3
9518 1
9519 3
9520 3
9521 4
9522 3
9523 4
9524 6
9525 5
9526 2
9527 2
9528 4
9529 3
9530 2
9531 3
9532 3
9533 1
9534 1
9535 3
9536 1
9537 3
9538 4
9539 4
9540 2
9541 2
9542 3
9543 0
9544 1
9545 2
9546 3
9547 3
9548 2
9549 1
9550 0
9551 2
9552 2
9553 3
9554 4
9555 3
9556 3
9557 2
9558 3
9559 1
9560 1
9561 4
9562 2
9563 1
9564 2
9565 4
9566 3
9567 2
9568 2
9569 3
9570 3
9571 2
9572 3
9573 2
9574 2
9575 1
9576 1
9577 3
9578 1
9579 0
9580 1
9581 3
9582 1
9583 5
9584 4
9585 4
9586 5
9587 4
9588 4
9589 3
9590 2
9591 3
9592 1
9593 2
9594 2
9595 2
9596 3
9597 1
9598 2
9599 0
9600 1
9601 0
9602 2
9603 3
9604 2
9605 1
9606 0
9607 4
9608 2
9609 2
9610 1
9611 2
9612 2
9613 2
9614 0
9615 2
9616 1
9617 2
9618 2
9619 0
9620 1
9621 2
9622 0
9623 1
9624 1
9625 3
9626 1
9627 2
9628 2
9629 0
9630 1
9631 0
9632 2
9633 1
9634 2
9635 3
9636 4
9637 3
9638 0
9639 2
9640 4
9641 5
9642 4
9643 2
9644 1
9645 1
9646 2
9647 3
9648 1
9649 2
9650 1
9651 3
9652 2
9653 2
9654 3
9655 4
9656 2
9657 4
9658 2
9659 1
9660 4
9661 3
9662 2
9663 2
9664 3
9665 2
9666 3
9667 1
9668 4
9669 4
9670 3
9671 1
9672 3
9673 1
9674 0
9675 3
9676 3
9677 3
9678 2
9679 1
9680 3
9681 4
9682 2
9683 2
9684 2
9685 3
9686 2
9687 1
9688 2
9689 1
9690 2
9691 0
9692 2
9693 2
9694 1
9695 6
9696 5
9697 3
9698 3
9699 2
9700 1
9701 0
9702 0
9703 1
9704 4
9705 2
9706 2
9707 2
9708 2
9709 4
9710 3
9711 1
9712 3
9713 0
9714 2
9715 0
9716 1
9717 4
9718 7
9719 6
9720 6
9721 5
9722 4
9723 1
9724 2
9725 4
9726 2
9727 4
9728 3
9729 3
9730 3
9731 3
9732 1
9733 3
9734 2
9735 3
9736 0
9737 4
9738 4
9739 4
9740 3
9741 1
9742 1
9743 0
9744 4
9745 1
9746 1
9747 3
9748 1
9749 1
9750 2
9751 2
9752 1
9753 1
9754 3
9755 0
9756 2
9757 3
9758 2
9759 3
9760 2
9761 0
9762 1
9763 3
9764 2
9765 2
9766 0
9767 2
9768 2
9769 3
9770 4
9771 3
9772 3
9773 1
9774 0
9775 2
9776 2
9777 3
9778 1
9779 2
9780 0
9781 1
9782 3
9783 1
9784 0
9785 2
9786 2
9787 1
9788 1
9789 1
9790 3
9791 2
9792 2
9793 4
9794 4
9795 3
9796 3
9797 2
9798 0
9799 1
9800 3
9801 1
9802 1
9803 2
9804 3
9805 2
9806 2
9807 2
9808 1
9809 0
9810 3
9811 2
9812 2
9813 3
9814 2
9815 2
9816 1
9817 3
9818 1
9819 4
9820 3
9821 1
9822 1
9823 2
9824 2
9825 0
9826 1
9827 2
9828 0
9829 1
9830 0
9831 1
9832 2
9833 3
9834 2
9835 2
9836 2
9837 0
9838 0
9839 0
9840 1
9841 4
9842 5
9843 3
9844 4
9845 1
9846 0
9847 4
9848 4
9849 3
9850 2
9851 3
9852 4
9853 3
9854 3
9855 2
9856 1
9857 1
9858 2
9859 0
9860 2
9861 0
9862 1
9863 1
9864 2
9865 4
9866 2
9867 2
9868 4
9869 3
9870 2
9871 1
9872 3
9873 2
9874 4
9875 2
9876 3
9877 2
9878 2
9879 1
9880 1
9881 2
9882 1
9883 5
9884 5
9885 3
9886 2
9887 2
9888 3
9889 2
9890 4
9891 2
9892 0
9893 2
9894 2
9895 0
9896 2
9897 2
9898 1
9899 3
9900 1
9901 3
9902 2
9903 3
9904 1
9905 1
9906 3
9907 5
9908 4
9909 3
9910 2
9911 0
9912 2
9913 0
9914 1
9915 3
9916 0
9917 3
9918 1
9919 4
9920 3
9921 0
9922 1
9923 1
9924 3
9925 1
9926 0
9927 1
9928 3
9929 1
9930 2
9931 1
9932 1
9933 2
9934 2
9935 1
9936 1
9937 0
9938 2
9939 1
9940 1
9941 2
9942 2
9943 1
9944 3
9945 2
9946 2
9947 1
9948 2
9949 3
9950 4
9951 3
9952 4
9953 2
9954 1
9955 2
9956 2
9957 2
9958 1
9959 3
9960 2
9961 2
9962 1
9963 2
9964 1
9965 2
9966 4
9967 3
9968 1
9969 0
9970 1
9971 2
9972 1
9973 6
9974 3
9975 2
9976 3
9977 1
9978 1
9979 2
9980 2
9981 1
9982 2
9983 1
9984 0
9985 4
9986 2
9987 2
9988 4
9989 3
9990 3
9991 4
9992 4
9993 3
9994 3
9995 1
9996 1
9997 1
9998 2
9999 2
