2 297
2.2 287
2.4 276
2.6 264
2.8 255
3 243
3.2 229
3.4 227
3.6 218
3.8 209
4 200
4.2 183
4.4 171
4.6 168
4.8 153
5 141
5.2 130
5.4 116
5.6 102
5.8 86
6 75
6.2 56
6.4 39
6.6 31
6.8 27
7 22
7.2 19
7.4 18
7.6 15
7.8 8
1 338
1.2 330
1.4 317
1.6 311
1.8 298
2 286
2.2 275
2.4 263
2.6 250
2.8 235
3 227
3.2 220
3.4 209
3.6 193
3.8 181
4 172
4.2 166
4.4 151
4.6 136
4.8 131
5 125
5.2 109
5.4 99
5.6 80
5.8 70
6 53
6.2 39
6.4 29
6.6 28
6.8 20
7 17
7.2 14
7.4 9
7.6 7
7.8 5
5 230
5.2 220
5.4 213
5.6 206
5.8 202
6 191
6.2 181
6.4 161
6.6 149
6.8 135
7 115
7.2 104
7.4 81
7.6 67
7.8 57
8 40
8.2 32
8.4 23
8.6 23
8.8 16
9 13
9.2 11
9.4 10
9.6 6
9.8 3
10 2
10.2 1
10.4 1
10.6 0
10.8 0
11 0
11.2 0
11.4 0
11.6 0
11.8 0
12 0
12.2 0
12.4 0
12.6 0
12.8 0
13 0
13.2 0
13.4 0
13.6 0
13.8 0
14 0
14.2 0
14.4 0
14.6 0
14.8 0
15 0
5 230
5.2 221
5.4 213
5.6 207
5.8 202
6 192
6.2 179
6.4 170
6.6 147
6.8 135
7 118
7.2 103
7.4 91
7.6 69
7.8 56
8 44
8.2 29
8.4 26
8.6 21
8.8 18
9 15
9.2 12
9.4 8
9.6 7
9.8 6
10 3
10.2 2
10.4 1
10.6 0
10.8 0
11 0
11.2 0
11.4 0
11.6 0
11.8 0
12 0
12.2 0
12.4 0
12.6 0
12.8 0
13 0
13.2 0
13.4 0
13.6 0
13.8 0
14 0
14.2 0
14.4 0
14.6 0
14.8 0
15 0
5 228
5.2 221
5.4 212
5.6 208
5.8 202
6 196
6.2 177
6.4 161
6.6 148
6.8 139
7 125
7.2 105
7.4 90
7.6 71
7.8 57
8 42
8.2 34
8.4 22
8.6 17
8.8 16
9 12
9.2 12
9.4 9
9.6 9
9.8 8
10 2
10.2 3
10.4 2
10.6 0
10.8 0
11 0
11.2 0
11.4 0
11.6 0
11.8 0
12 0
12.2 0
12.4 0
12.6 0
12.8 0
13 0
13.2 0
13.4 0
13.6 0
13.8 0
14 0
14.2 0
14.4 0
14.6 0
14.8 0
15 0
5 227
5.2 222
5.4 210
5.6 206
5.8 197
6 197
6.2 180
6.4 166
6.6 151
6.8 136
7 125
7.2 105
7.4 93
7.6 66
7.8 52
8 42
8.2 31
8.4 26
8.6 22
8.8 13
9 13
9.2 13
9.4 5
5 236
5.2 229
5.4 225
5.6 219
5.8 211
6 204
6.2 201
6.4 195
6.6 175
6.8 155
7 143
7.2 136
7.4 123
7.6 106
7.8 87
8 73
8.2 53
8.4 37
8.6 30
8.8 27
9 21
9.2 18
9.4 14
800 0
800 0
800 0
800 0
800 0
800 0
800 0
800 0
800 0
800 0
8 46
8 35
