243
243
234
244
246
238
254
252
230
235
240
248
238
240
235
238
245
240
241
250
236
244
235
236
237
237
240
236
236
237
236
257
240
253
231
227
259
254
252
247
264
242
241
233
245
240
241
249
229
240
232
253
235
239
246
253
247
239
232
248
241
246
248
238
219
242
241
236
241
251
247
248
237
247
253
240
243
226
239
237
247
240
253
236
249
236
249
233
238
247
238
246
241
248
257
244
243
233
237
237
251
245
251
249
247
235
238
247
244
235
250
247
243
245
234
238
233
239
248
239
243
240
229
240
250
236
245
237
240
242
252
234
256
242
242
252
244
254
243
247
240
243
241
245
255
232
249
252
236
247
246
250
242
243
242
246
236
245
257
247
259
247
246
245
251
232
242
244
245
251
248
239
244
245
239
220
232
251
246
243
228
246
244
245
243
234
254
240
244
238
252
249
253
245
243
237
250
234
236
256
241
228
241
248
254
250
243
236
234
246
246
251
245
