482
767
938
1340
2004
1765
2780
3363
742
1775
4559
1046
2953
5222
965
1105
9856
8318
1123
7519
3726
4118
5326
4709
5423
619
1272
1132
6498
6106
6262
2835
3076
1976
3237
8554
5564
5213
2790
1697
9218
984
3071
4343
6959
724
9896
2736
4778
5057
3073
516
772
8801
9195
1148
8462
3897
6203
2969
437
2099
2202
2594
739
4273
1938
2001
4221
6690
2308
4532
1068
4594
713
7623
9636
3175
8861
3074
1520
2789
1317
2513
8552
399
1422
3146
3962
5034
2897
5877
1932
7437
5116
1974
2933
1809
1451
5857
4323
439
7177
6184
5139
544
8809
5207
4802
5277
2324
3214
4101
2246
4970
1253
9132
9855
6718
1278
1349
2698
6747
1823
9295
527
9326
421
3379
1810
3672
3351
621
5126
1590
6935
4608
2497
4064
308
733
713
1969
4414
8722
3548
5965
1704
5538
5407
9322
5544
3268
9469
6876
2291
1985
378
1877
5689
1501
459
6334
4229
815
4370
7648
1536
344
6129
3311
2074
5969
425
3768
1026
2222
2354
8399
6629
9650
9808
9446
4619
5999
4281
2977
1082
8348
3723
3265
1436
1219
1294
6176
1769
2671
8757
9777
1843
4020
3660
2836
5750
6435
8454
598
5547
2973
4214
8290
1687
3461
2339
5423
6579
6722
1865
431
4260
789
310
7801
2193
2587
2236
2934
5159
1072
5226
865
1450
7921
298
6064
679
1317
5197
4052
1994
2431
7431
4636
1767
5888
1217
4834
920
3532
2867
7297
333
7823
3001
4982
6021
8802
718
993
565
257
2426
1954
1340
3775
9238
3675
2237
781
6344
1704
5450
4209
5397
3667
3667
2784
613
1779
1787
234
2340
2375
1045
1109
4284
2785
7298
5218
8181
2480
5271
8016
2180
416
5469
7608
8067
8989
1143
505
3148
611
287
4630
2735
3750
3023
6897
6811
2400
1724
4125
692
972
1034
9063
1920
1403
3604
3544
2826
5312
5628
646
9636
5219
9017
1318
1298
4159
4525
7484
792
4562
3693
9465
3331
2902
846
4278
2240
5191
849
5514
4544
5222
1415
7962
5501
5285
5240
6712
2757
7845
1372
1356
1168
3834
3972
640
5259
3603
5992
912
596
405
3419
3957
4059
7982
9246
2918
4976
5748
4437
3264
363
2608
2192
2786
490
3684
8799
4167
4897
892
4934
9436
1359
922
8808
9911
6920
494
3507
6275
6034
5051
5127
1320
3950
8245
718
9920
770
2816
2942
4215
7303
750
1931
1301
1895
1156
2494
2682
496
5598
7106
7716
7905
1909
3382
960
1122
2066
1480
2705
2633
402
4051
4392
1173
468
5617
1942
3450
1122
6203
6492
4296
5136
702
3180
8680
6000
1848
1031
3614
2561
889
1652
5263
6761
4173
347
3486
1579
5174
4358
748
4090
5144
6723
2586
3316
1998
3036
2235
2121
6454
4472
3035
1140
7072
1678
829
5887
2311
5036
8814
5752
7225
2907
6735
2433
5892
7894
5751
9287
2666
1129
1326
7540
784
1925
7695
9077
3163
